[[1, 0], [0, 1], [-1211, -172]]
[[1, 0], [0, 1], [-1247, -28]]
[[1, 0], [0, 1], [-129, -14]]
[[1, 0], [0, 1], [-129, -35]]
[[1, 0], [0, 1], [-13287, -308]]
[[1, 0], [0, 1], [-1358, -387]]
[[1, 0], [0, 1], [-1376, -63]]
[[1, 0], [0, 1], [-15351, -101]]
[[1, 0], [0, 1], [-15351, -152]]
[[1, 0], [0, 1], [-154, -43]]
[[1, 0], [0, 1], [-172, -7]]
[[1, 0], [0, 1], [-182, -129]]
[[1, 0], [0, 1], [-203, -86]]
[[1, 0], [0, 1], [-2107, -34]]
[[1, 0], [0, 1], [-2107, -62]]
[[1, 0], [0, 1], [-215, -14]]
[[1, 0], [0, 1], [-215, -189]]
[[1, 0], [0, 1], [-215, -84]]
[[1, 0], [0, 1], [-2279, -105]]
[[1, 0], [0, 1], [-2322, -161]]
[[1, 0], [0, 1], [-2415, -344]]
[[1, 0], [0, 1], [-301, -151]]
[[1, 0], [0, 1], [-301, -1]]
[[1, 0], [0, 1], [-301, -2]]
[[1, 0], [0, 1], [-302, -301]]
[[1, 0], [0, 1], [-308, -43]]
[[1, 0], [0, 1], [-3354, -77]]
[[1, 0], [0, 1], [-344, -7]]
[[1, 0], [0, 1], [-3913, -103]]
[[1, 0], [0, 1], [-3913, -38]]
[[1, 0], [0, 1], [-43, -14]]
[[1, 0], [0, 1], [-43, -28]]
[[1, 0], [0, 1], [-43, -7]]
[[1, 0], [0, 1], [-455, -129]]
[[1, 0], [0, 1], [-45752, -151]]
[[1, 0], [0, 1], [-45752, -303]]
[[1, 0], [0, 1], [-473, -21]]
[[1, 0], [0, 1], [-504, -215]]
[[1, 0], [0, 1], [-602, -1]]
[[1, 0], [0, 1], [-602, -201]]
[[1, 0], [0, 1], [-602, -3]]
[[1, 0], [0, 1], [-602, -67]]
[[1, 0], [0, 1], [-602, -9]]
[[1, 0], [0, 1], [-603, -602]]
[[1, 0], [0, 1], [-609, -86]]
[[1, 0], [0, 1], [-645, -119]]
[[1, 0], [0, 1], [-645, -14]]
[[1, 0], [0, 1], [-6665, -154]]
[[1, 0], [0, 1], [-6794, -315]]
[[1, 0], [0, 1], [-731, -84]]
[[1, 0], [0, 1], [-77, -43]]
[[1, 0], [0, 1], [-774, -35]]
[[1, 0], [0, 1], [-86, -21]]
[[1, 0], [0, 1], [-86, -7]]
[[1, 0], [0, 1], [-903, -113]]
[[1, 0], [0, 1], [-903, -2]]
[[1, 0], [0, 1], [-903, -452]]
[[1, 0], [0, 1], [-903, -8]]
[[1, 0], [0, 1], [-91203, -302]]
[[1, 0], [1, 101], [-302, -101]]
[[1, 0], [1, 101], [-605, -303]]
[[1, 0], [1, 102], [-152, -153]]
[[1, 0], [1, 105], [-44, -105]]
[[1, 0], [1, 105], [-89, -315]]
[[1, 0], [1, 10], [-247, -62]]
[[1, 0], [1, 10], [-27, -98]]
[[1, 0], [1, 10], [-31, -86]]
[[1, 0], [1, 10], [-67, -68]]
[[1, 0], [1, 10], [-74, -215]]
[[1, 0], [1, 112], [-23, -168]]
[[1, 0], [1, 11], [-120, -473]]
[[1, 0], [1, 11], [-1275, -308]]
[[1, 0], [1, 11], [-155, -28]]
[[1, 0], [1, 11], [-164, -385]]
[[1, 0], [1, 11], [-351, -77]]
[[1, 0], [1, 11], [-659, -154]]
[[1, 0], [1, 11], [-99, -14]]
[[1, 0], [1, 129], [-11, -516]]
[[1, 0], [1, 129], [-17, -387]]
[[1, 0], [1, 129], [-4, -215]]
[[1, 0], [1, 129], [-8, -129]]
[[1, 0], [1, 12], [-10, -43]]
[[1, 0], [1, 12], [-143, -168]]
[[1, 0], [1, 12], [-31, -28]]
[[1, 0], [1, 12], [-53, -258]]
[[1, 0], [1, 13], [-11, -14]]
[[1, 0], [1, 14], [-1011, -308]]
[[1, 0], [1, 14], [-115, -406]]
[[1, 0], [1, 14], [-131, -28]]
[[1, 0], [1, 14], [-155, -364]]
[[1, 0], [1, 14], [-23, -21]]
[[1, 0], [1, 14], [-239, -336]]
[[1, 0], [1, 14], [-24, -35]]
[[1, 0], [1, 14], [-26, -63]]
[[1, 0], [1, 14], [-285, -77]]
[[1, 0], [1, 14], [-29, -105]]
[[1, 0], [1, 14], [-367, -322]]
[[1, 0], [1, 14], [-44, -301]]
[[1, 0], [1, 14], [-47, -56]]
[[1, 0], [1, 14], [-527, -154]]
[[1, 0], [1, 14], [-87, -14]]
[[1, 0], [1, 14], [-87, -602]]
[[1, 0], [1, 151], [-603, -151]]
[[1, 0], [1, 151], [-905, -302]]
[[1, 0], [1, 152], [-303, -304]]
[[1, 0], [1, 154], [-131, -308]]
[[1, 0], [1, 154], [-87, -154]]
[[1, 0], [1, 15], [-116, -63]]
[[1, 0], [1, 15], [-17, -126]]
[[1, 0], [1, 15], [-179, -105]]
[[1, 0], [1, 15], [-19, -70]]
[[1, 0], [1, 15], [-494, -315]]
[[1, 0], [1, 15], [-53, -21]]
[[1, 0], [1, 15], [-74, -35]]
[[1, 0], [1, 161], [-45, -322]]
[[1, 0], [1, 16], [-1063, -152]]
[[1, 0], [1, 16], [-341, -38]]
[[1, 0], [1, 16], [-39, -280]]
[[1, 0], [1, 16], [-59, -84]]
[[1, 0], [1, 172], [-15, -172]]
[[1, 0], [1, 172], [-23, -344]]
[[1, 0], [1, 172], [-5, -258]]
[[1, 0], [1, 17], [-125, -18]]
[[1, 0], [1, 17], [-5, -42]]
[[1, 0], [1, 17], [-50, -119]]
[[1, 0], [1, 17], [-611, -153]]
[[1, 0], [1, 18], [-107, -378]]
[[1, 0], [1, 18], [-407, -102]]
[[1, 0], [1, 18], [-71, -504]]
[[1, 0], [1, 19], [-303, -38]]
[[1, 0], [1, 19], [-911, -152]]
[[1, 0], [1, 215], [-9, -430]]
[[1, 0], [1, 21], [-134, -105]]
[[1, 0], [1, 21], [-22, -161]]
[[1, 0], [1, 21], [-359, -315]]
[[1, 0], [1, 21], [-44, -21]]
[[1, 0], [1, 21], [-47, -84]]
[[1, 0], [1, 21], [-59, -35]]
[[1, 0], [1, 21], [-65, -462]]
[[1, 0], [1, 21], [-89, -63]]
[[1, 0], [1, 22], [-197, -77]]
[[1, 0], [1, 22], [-32, -231]]
[[1, 0], [1, 22], [-351, -154]]
[[1, 0], [1, 22], [-659, -308]]
[[1, 0], [1, 22], [-99, -28]]
[[1, 0], [1, 23], [-229, -322]]
[[1, 0], [1, 24], [-143, -336]]
[[1, 0], [1, 24], [-31, -56]]
[[1, 0], [1, 24], [-8, -63]]
[[1, 0], [1, 26], [-11, -28]]
[[1, 0], [1, 26], [-25, -91]]
[[1, 0], [1, 28], [-164, -77]]
[[1, 0], [1, 28], [-23, -42]]
[[1, 0], [1, 28], [-285, -154]]
[[1, 0], [1, 28], [-29, -210]]
[[1, 0], [1, 28], [-47, -112]]
[[1, 0], [1, 28], [-527, -308]]
[[1, 0], [1, 28], [-87, -28]]
[[1, 0], [1, 29], [-57, -406]]
[[1, 0], [1, 2], [-1063, -19]]
[[1, 0], [1, 2], [-107, -42]]
[[1, 0], [1, 2], [-1383, -344]]
[[1, 0], [1, 2], [-143, -28]]
[[1, 0], [1, 2], [-152, -3]]
[[1, 0], [1, 2], [-15503, -304]]
[[1, 0], [1, 2], [-1737, -77]]
[[1, 0], [1, 2], [-179, -43]]
[[1, 0], [1, 2], [-197, -7]]
[[1, 0], [1, 2], [-201, -101]]
[[1, 0], [1, 2], [-23102, -151]]
[[1, 0], [1, 2], [-2483, -322]]
[[1, 0], [1, 2], [-25, -7]]
[[1, 0], [1, 2], [-302, -301]]
[[1, 0], [1, 2], [-303, -4]]
[[1, 0], [1, 2], [-311, -258]]
[[1, 0], [1, 2], [-32, -21]]
[[1, 0], [1, 2], [-3431, -154]]
[[1, 0], [1, 2], [-351, -14]]
[[1, 0], [1, 2], [-351, -86]]
[[1, 0], [1, 2], [-39, -35]]
[[1, 0], [1, 2], [-3951, -76]]
[[1, 0], [1, 2], [-45903, -302]]
[[1, 0], [1, 2], [-4742, -153]]
[[1, 0], [1, 2], [-53, -43]]
[[1, 0], [1, 2], [-542, -181]]
[[1, 0], [1, 2], [-603, -2]]
[[1, 0], [1, 2], [-603, -602]]
[[1, 0], [1, 2], [-611, -18]]
[[1, 0], [1, 2], [-659, -28]]
[[1, 0], [1, 2], [-68, -7]]
[[1, 0], [1, 2], [-6819, -308]]
[[1, 0], [1, 2], [-695, -172]]
[[1, 0], [1, 2], [-71, -56]]
[[1, 0], [1, 2], [-719, -430]]
[[1, 0], [1, 2], [-74, -43]]
[[1, 0], [1, 2], [-803, -402]]
[[1, 0], [1, 2], [-815, -168]]
[[1, 0], [1, 2], [-911, -16]]
[[1, 0], [1, 301], [-2, -301]]
[[1, 0], [1, 301], [-3, -301]]
[[1, 0], [1, 301], [-5, -602]]
[[1, 0], [1, 302], [-603, -302]]
[[1, 0], [1, 303], [-302, -303]]
[[1, 0], [1, 308], [-87, -308]]
[[1, 0], [1, 30], [-19, -140]]
[[1, 0], [1, 315], [-44, -315]]
[[1, 0], [1, 344], [-15, -344]]
[[1, 0], [1, 34], [-152, -51]]
[[1, 0], [1, 34], [-611, -306]]
[[1, 0], [1, 35], [-11, -84]]
[[1, 0], [1, 35], [-44, -35]]
[[1, 0], [1, 35], [-54, -385]]
[[1, 0], [1, 35], [-62, -63]]
[[1, 0], [1, 35], [-89, -105]]
[[1, 0], [1, 387], [-8, -387]]
[[1, 0], [1, 38], [-303, -76]]
[[1, 0], [1, 38], [-911, -304]]
[[1, 0], [1, 39], [-103, -104]]
[[1, 0], [1, 3], [-1016, -339]]
[[1, 0], [1, 3], [-103, -8]]
[[1, 0], [1, 3], [-107, -63]]
[[1, 0], [1, 3], [-113, -38]]
[[1, 0], [1, 3], [-139, -172]]
[[1, 0], [1, 3], [-143, -42]]
[[1, 0], [1, 3], [-151, -152]]
[[1, 0], [1, 3], [-15452, -303]]
[[1, 0], [1, 3], [-179, -21]]
[[1, 0], [1, 3], [-19, -14]]
[[1, 0], [1, 3], [-197, -129]]
[[1, 0], [1, 3], [-2141, -102]]
[[1, 0], [1, 3], [-219, -55]]
[[1, 0], [1, 3], [-2384, -315]]
[[1, 0], [1, 3], [-241, -121]]
[[1, 0], [1, 3], [-284, -35]]
[[1, 0], [1, 3], [-302, -3]]
[[1, 0], [1, 3], [-31, -7]]
[[1, 0], [1, 3], [-367, -112]]
[[1, 0], [1, 3], [-4016, -309]]
[[1, 0], [1, 3], [-404, -567]]
[[1, 0], [1, 3], [-407, -17]]
[[1, 0], [1, 3], [-452, -453]]
[[1, 0], [1, 3], [-494, -63]]
[[1, 0], [1, 3], [-50, -21]]
[[1, 0], [1, 3], [-519, -52]]
[[1, 0], [1, 3], [-5251, -101]]
[[1, 0], [1, 3], [-584, -387]]
[[1, 0], [1, 3], [-68, -43]]
[[1, 0], [1, 3], [-71, -84]]
[[1, 0], [1, 3], [-74, -7]]
[[1, 0], [1, 3], [-764, -357]]
[[1, 0], [1, 3], [-809, -105]]
[[1, 0], [1, 42], [-26, -189]]
[[1, 0], [1, 42], [-47, -168]]
[[1, 0], [1, 43], [-11, -172]]
[[1, 0], [1, 43], [-15, -301]]
[[1, 0], [1, 43], [-15, -43]]
[[1, 0], [1, 43], [-17, -129]]
[[1, 0], [1, 43], [-19, -215]]
[[1, 0], [1, 43], [-23, -86]]
[[1, 0], [1, 43], [-29, -602]]
[[1, 0], [1, 43], [-32, -473]]
[[1, 0], [1, 43], [-39, -172]]
[[1, 0], [1, 43], [-44, -387]]
[[1, 0], [1, 43], [-71, -344]]
[[1, 0], [1, 43], [-8, -43]]
[[1, 0], [1, 43], [-9, -86]]
[[1, 0], [1, 44], [-120, -77]]
[[1, 0], [1, 44], [-197, -154]]
[[1, 0], [1, 44], [-351, -308]]
[[1, 0], [1, 45], [-179, -315]]
[[1, 0], [1, 45], [-53, -63]]
[[1, 0], [1, 45], [-74, -105]]
[[1, 0], [1, 46], [-68, -161]]
[[1, 0], [1, 47], [-93, -329]]
[[1, 0], [1, 48], [-31, -112]]
[[1, 0], [1, 4], [-1063, -38]]
[[1, 0], [1, 4], [-120, -7]]
[[1, 0], [1, 4], [-143, -56]]
[[1, 0], [1, 4], [-1737, -154]]
[[1, 0], [1, 4], [-179, -86]]
[[1, 0], [1, 4], [-197, -14]]
[[1, 0], [1, 4], [-201, -202]]
[[1, 0], [1, 4], [-25, -14]]
[[1, 0], [1, 4], [-303, -8]]
[[1, 0], [1, 4], [-311, -516]]
[[1, 0], [1, 4], [-3431, -308]]
[[1, 0], [1, 4], [-351, -172]]
[[1, 0], [1, 4], [-351, -28]]
[[1, 0], [1, 4], [-39, -70]]
[[1, 0], [1, 4], [-3951, -152]]
[[1, 0], [1, 4], [-53, -86]]
[[1, 0], [1, 4], [-59, -21]]
[[1, 0], [1, 4], [-695, -344]]
[[1, 0], [1, 4], [-815, -336]]
[[1, 0], [1, 4], [-890, -77]]
[[1, 0], [1, 4], [-93, -43]]
[[1, 0], [1, 51], [-50, -357]]
[[1, 0], [1, 52], [-25, -182]]
[[1, 0], [1, 55], [-10, -77]]
[[1, 0], [1, 56], [-23, -84]]
[[1, 0], [1, 5], [-10, -7]]
[[1, 0], [1, 5], [-116, -21]]
[[1, 0], [1, 5], [-1439, -315]]
[[1, 0], [1, 5], [-17, -42]]
[[1, 0], [1, 5], [-179, -35]]
[[1, 0], [1, 5], [-2169, -310]]
[[1, 0], [1, 5], [-247, -31]]
[[1, 0], [1, 5], [-27, -49]]
[[1, 0], [1, 5], [-289, -430]]
[[1, 0], [1, 5], [-299, -420]]
[[1, 0], [1, 5], [-305, -63]]
[[1, 0], [1, 5], [-31, -43]]
[[1, 0], [1, 5], [-494, -105]]
[[1, 0], [1, 5], [-53, -7]]
[[1, 0], [1, 5], [-669, -335]]
[[1, 0], [1, 5], [-67, -34]]
[[1, 0], [1, 602], [-3, -602]]
[[1, 0], [1, 63], [-134, -315]]
[[1, 0], [1, 63], [-44, -63]]
[[1, 0], [1, 63], [-59, -105]]
[[1, 0], [1, 6], [-107, -126]]
[[1, 0], [1, 6], [-143, -84]]
[[1, 0], [1, 6], [-152, -9]]
[[1, 0], [1, 6], [-19, -28]]
[[1, 0], [1, 6], [-219, -110]]
[[1, 0], [1, 6], [-31, -14]]
[[1, 0], [1, 6], [-407, -34]]
[[1, 0], [1, 6], [-519, -104]]
[[1, 0], [1, 6], [-53, -129]]
[[1, 0], [1, 6], [-71, -168]]
[[1, 0], [1, 70], [-24, -175]]
[[1, 0], [1, 76], [-303, -152]]
[[1, 0], [1, 77], [-131, -154]]
[[1, 0], [1, 77], [-219, -308]]
[[1, 0], [1, 77], [-87, -77]]
[[1, 0], [1, 7], [-1011, -154]]
[[1, 0], [1, 7], [-1034, -315]]
[[1, 0], [1, 7], [-115, -203]]
[[1, 0], [1, 7], [-131, -14]]
[[1, 0], [1, 7], [-134, -35]]
[[1, 0], [1, 7], [-155, -182]]
[[1, 0], [1, 7], [-173, -602]]
[[1, 0], [1, 7], [-194, -455]]
[[1, 0], [1, 7], [-1979, -308]]
[[1, 0], [1, 7], [-219, -28]]
[[1, 0], [1, 7], [-239, -168]]
[[1, 0], [1, 7], [-269, -378]]
[[1, 0], [1, 7], [-359, -105]]
[[1, 0], [1, 7], [-367, -161]]
[[1, 0], [1, 7], [-44, -7]]
[[1, 0], [1, 7], [-45, -14]]
[[1, 0], [1, 7], [-47, -28]]
[[1, 0], [1, 7], [-527, -77]]
[[1, 0], [1, 7], [-54, -77]]
[[1, 0], [1, 7], [-563, -329]]
[[1, 0], [1, 7], [-65, -154]]
[[1, 0], [1, 7], [-87, -301]]
[[1, 0], [1, 7], [-87, -7]]
[[1, 0], [1, 7], [-89, -21]]
[[1, 0], [1, 84], [-47, -336]]
[[1, 0], [1, 86], [-15, -602]]
[[1, 0], [1, 86], [-15, -86]]
[[1, 0], [1, 86], [-19, -430]]
[[1, 0], [1, 86], [-23, -172]]
[[1, 0], [1, 86], [-39, -344]]
[[1, 0], [1, 86], [-5, -129]]
[[1, 0], [1, 86], [-8, -301]]
[[1, 0], [1, 8], [-1063, -76]]
[[1, 0], [1, 8], [-143, -112]]
[[1, 0], [1, 8], [-179, -172]]
[[1, 0], [1, 8], [-303, -16]]
[[1, 0], [1, 8], [-341, -19]]
[[1, 0], [1, 8], [-351, -344]]
[[1, 0], [1, 8], [-39, -140]]
[[1, 0], [1, 8], [-3951, -304]]
[[1, 0], [1, 8], [-50, -43]]
[[1, 0], [1, 8], [-59, -42]]
[[1, 0], [1, 8], [-8, -21]]
[[1, 0], [1, 8], [-93, -86]]
[[1, 0], [1, 903], [-2, -903]]
[[1, 0], [1, 9], [-107, -189]]
[[1, 0], [1, 9], [-109, -35]]
[[1, 0], [1, 9], [-113, -114]]
[[1, 0], [1, 9], [-179, -63]]
[[1, 0], [1, 9], [-197, -387]]
[[1, 0], [1, 9], [-2141, -306]]
[[1, 0], [1, 9], [-25, -43]]
[[1, 0], [1, 9], [-284, -105]]
[[1, 0], [1, 9], [-407, -51]]
[[1, 0], [1, 9], [-68, -129]]
[[1, 0], [1, 9], [-71, -252]]
[[1, 0], [1, 9], [-74, -21]]
[[1, 0], [1, 9], [-809, -315]]
[[1, 0], [10, 129], [-19, -215]]
[[1, 0], [10, 129], [-44, -387]]
[[1, 0], [10, 129], [-47, -516]]
[[1, 0], [10, 21], [-116, -63]]
[[1, 0], [10, 21], [-179, -105]]
[[1, 0], [10, 21], [-263, -462]]
[[1, 0], [10, 21], [-494, -315]]
[[1, 0], [10, 21], [-53, -21]]
[[1, 0], [10, 21], [-74, -35]]
[[1, 0], [10, 21], [-83, -84]]
[[1, 0], [10, 21], [-89, -45]]
[[1, 0], [10, 301], [-11, -301]]
[[1, 0], [10, 301], [-12, -301]]
[[1, 0], [10, 301], [-23, -602]]
[[1, 0], [10, 43], [-125, -387]]
[[1, 0], [10, 43], [-131, -473]]
[[1, 0], [10, 43], [-143, -344]]
[[1, 0], [10, 43], [-155, -602]]
[[1, 0], [10, 43], [-24, -43]]
[[1, 0], [10, 43], [-27, -86]]
[[1, 0], [10, 43], [-41, -86]]
[[1, 0], [10, 43], [-44, -129]]
[[1, 0], [10, 43], [-47, -172]]
[[1, 0], [10, 43], [-64, -215]]
[[1, 0], [10, 43], [-75, -172]]
[[1, 0], [10, 43], [-78, -301]]
[[1, 0], [10, 63], [-179, -315]]
[[1, 0], [10, 63], [-53, -63]]
[[1, 0], [10, 63], [-74, -105]]
[[1, 0], [10, 903], [-11, -903]]
[[1, 0], [100, 129], [-169, -215]]
[[1, 0], [100, 129], [-314, -387]]
[[1, 0], [100, 129], [-407, -516]]
[[1, 0], [100, 301], [-102, -301]]
[[1, 0], [100, 387], [-107, -387]]
[[1, 0], [101, 172], [-155, -258]]
[[1, 0], [101, 172], [-223, -344]]
[[1, 0], [101, 215], [-209, -430]]
[[1, 0], [101, 301], [-102, -301]]
[[1, 0], [101, 301], [-103, -301]]
[[1, 0], [101, 301], [-205, -602]]
[[1, 0], [101, 602], [-103, -602]]
[[1, 0], [102, 301], [-103, -301]]
[[1, 0], [102, 301], [-104, -301]]
[[1, 0], [102, 301], [-207, -602]]
[[1, 0], [103, 129], [-174, -215]]
[[1, 0], [103, 129], [-323, -387]]
[[1, 0], [103, 129], [-419, -516]]
[[1, 0], [103, 301], [-209, -602]]
[[1, 0], [103, 903], [-104, -903]]
[[1, 0], [104, 301], [-106, -301]]
[[1, 0], [104, 301], [-211, -602]]
[[1, 0], [105, 172], [-161, -258]]
[[1, 0], [105, 172], [-231, -344]]
[[1, 0], [105, 344], [-119, -344]]
[[1, 0], [106, 129], [-179, -215]]
[[1, 0], [106, 129], [-332, -387]]
[[1, 0], [106, 129], [-431, -516]]
[[1, 0], [106, 215], [-219, -430]]
[[1, 0], [106, 301], [-108, -301]]
[[1, 0], [106, 903], [-107, -903]]
[[1, 0], [107, 301], [-109, -301]]
[[1, 0], [107, 602], [-109, -602]]
[[1, 0], [108, 301], [-110, -301]]
[[1, 0], [108, 301], [-219, -602]]
[[1, 0], [109, 129], [-184, -215]]
[[1, 0], [109, 129], [-341, -387]]
[[1, 0], [109, 129], [-443, -516]]
[[1, 0], [109, 172], [-167, -258]]
[[1, 0], [109, 172], [-239, -344]]
[[1, 0], [109, 301], [-111, -301]]
[[1, 0], [109, 301], [-221, -602]]
[[1, 0], [109, 387], [-116, -387]]
[[1, 0], [109, 602], [-111, -602]]
[[1, 0], [11, 14], [-104, -105]]
[[1, 0], [11, 14], [-1231, -308]]
[[1, 0], [11, 14], [-151, -28]]
[[1, 0], [11, 14], [-18, -19]]
[[1, 0], [11, 14], [-31, -16]]
[[1, 0], [11, 14], [-340, -77]]
[[1, 0], [11, 14], [-38, -21]]
[[1, 0], [11, 14], [-405, -406]]
[[1, 0], [11, 14], [-415, -364]]
[[1, 0], [11, 14], [-479, -336]]
[[1, 0], [11, 14], [-517, -602]]
[[1, 0], [11, 14], [-597, -322]]
[[1, 0], [11, 14], [-61, -62]]
[[1, 0], [11, 14], [-71, -63]]
[[1, 0], [11, 14], [-87, -56]]
[[1, 0], [11, 215], [-29, -430]]
[[1, 0], [11, 301], [-13, -301]]
[[1, 0], [11, 301], [-25, -602]]
[[1, 0], [11, 35], [-164, -385]]
[[1, 0], [11, 35], [-314, -315]]
[[1, 0], [11, 35], [-80, -63]]
[[1, 0], [11, 43], [-134, -387]]
[[1, 0], [11, 43], [-142, -473]]
[[1, 0], [11, 43], [-151, -344]]
[[1, 0], [11, 43], [-169, -602]]
[[1, 0], [11, 43], [-18, -43]]
[[1, 0], [11, 43], [-25, -43]]
[[1, 0], [11, 43], [-29, -86]]
[[1, 0], [11, 43], [-47, -129]]
[[1, 0], [11, 43], [-51, -172]]
[[1, 0], [11, 43], [-69, -215]]
[[1, 0], [11, 43], [-79, -172]]
[[1, 0], [11, 43], [-85, -301]]
[[1, 0], [11, 602], [-13, -602]]
[[1, 0], [11, 86], [-20, -129]]
[[1, 0], [11, 86], [-25, -86]]
[[1, 0], [11, 86], [-69, -430]]
[[1, 0], [11, 86], [-79, -344]]
[[1, 0], [11, 86], [-85, -602]]
[[1, 0], [110, 301], [-223, -602]]
[[1, 0], [111, 154], [-197, -154]]
[[1, 0], [111, 154], [-351, -308]]
[[1, 0], [111, 215], [-229, -430]]
[[1, 0], [111, 301], [-113, -301]]
[[1, 0], [111, 301], [-225, -602]]
[[1, 0], [111, 602], [-113, -602]]
[[1, 0], [112, 129], [-119, -129]]
[[1, 0], [112, 129], [-189, -215]]
[[1, 0], [112, 129], [-350, -387]]
[[1, 0], [112, 129], [-455, -516]]
[[1, 0], [113, 172], [-173, -258]]
[[1, 0], [113, 172], [-247, -344]]
[[1, 0], [113, 301], [-115, -301]]
[[1, 0], [113, 301], [-229, -602]]
[[1, 0], [113, 344], [-127, -344]]
[[1, 0], [113, 602], [-115, -602]]
[[1, 0], [114, 301], [-116, -301]]
[[1, 0], [115, 129], [-194, -215]]
[[1, 0], [115, 129], [-359, -387]]
[[1, 0], [115, 129], [-467, -516]]
[[1, 0], [115, 301], [-117, -301]]
[[1, 0], [115, 301], [-233, -602]]
[[1, 0], [115, 602], [-117, -602]]
[[1, 0], [115, 903], [-116, -903]]
[[1, 0], [116, 161], [-275, -322]]
[[1, 0], [116, 215], [-239, -430]]
[[1, 0], [116, 301], [-118, -301]]
[[1, 0], [116, 301], [-235, -602]]
[[1, 0], [117, 172], [-179, -258]]
[[1, 0], [117, 172], [-255, -344]]
[[1, 0], [117, 301], [-237, -602]]
[[1, 0], [118, 129], [-199, -215]]
[[1, 0], [118, 129], [-368, -387]]
[[1, 0], [118, 129], [-479, -516]]
[[1, 0], [118, 301], [-120, -301]]
[[1, 0], [118, 301], [-239, -602]]
[[1, 0], [118, 387], [-125, -387]]
[[1, 0], [12, 301], [-13, -301]]
[[1, 0], [12, 301], [-27, -602]]
[[1, 0], [12, 43], [-143, -387]]
[[1, 0], [12, 43], [-153, -473]]
[[1, 0], [12, 43], [-159, -344]]
[[1, 0], [12, 43], [-183, -602]]
[[1, 0], [12, 43], [-19, -43]]
[[1, 0], [12, 43], [-26, -43]]
[[1, 0], [12, 43], [-31, -86]]
[[1, 0], [12, 43], [-45, -86]]
[[1, 0], [12, 43], [-50, -129]]
[[1, 0], [12, 43], [-55, -172]]
[[1, 0], [12, 43], [-74, -215]]
[[1, 0], [12, 43], [-83, -172]]
[[1, 0], [12, 43], [-92, -301]]
[[1, 0], [12, 77], [-153, -154]]
[[1, 0], [12, 77], [-263, -308]]
[[1, 0], [120, 301], [-122, -301]]
[[1, 0], [120, 301], [-243, -602]]
[[1, 0], [121, 129], [-204, -215]]
[[1, 0], [121, 129], [-377, -387]]
[[1, 0], [121, 129], [-491, -516]]
[[1, 0], [121, 172], [-185, -258]]
[[1, 0], [121, 172], [-263, -344]]
[[1, 0], [121, 215], [-249, -430]]
[[1, 0], [121, 301], [-123, -301]]
[[1, 0], [121, 344], [-135, -344]]
[[1, 0], [121, 602], [-123, -602]]
[[1, 0], [121, 903], [-122, -903]]
[[1, 0], [122, 301], [-124, -301]]
[[1, 0], [122, 301], [-247, -602]]
[[1, 0], [123, 301], [-125, -301]]
[[1, 0], [123, 301], [-249, -602]]
[[1, 0], [123, 602], [-125, -602]]
[[1, 0], [124, 129], [-131, -129]]
[[1, 0], [124, 129], [-209, -215]]
[[1, 0], [124, 129], [-386, -387]]
[[1, 0], [124, 129], [-503, -516]]
[[1, 0], [124, 301], [-251, -602]]
[[1, 0], [124, 903], [-125, -903]]
[[1, 0], [125, 172], [-191, -258]]
[[1, 0], [125, 172], [-271, -344]]
[[1, 0], [125, 301], [-127, -301]]
[[1, 0], [125, 301], [-253, -602]]
[[1, 0], [125, 602], [-127, -602]]
[[1, 0], [126, 215], [-259, -430]]
[[1, 0], [127, 129], [-214, -215]]
[[1, 0], [127, 129], [-395, -387]]
[[1, 0], [127, 129], [-515, -516]]
[[1, 0], [127, 301], [-257, -602]]
[[1, 0], [127, 387], [-134, -387]]
[[1, 0], [128, 301], [-130, -301]]
[[1, 0], [13, 129], [-20, -129]]
[[1, 0], [13, 129], [-24, -215]]
[[1, 0], [13, 129], [-53, -387]]
[[1, 0], [13, 129], [-59, -516]]
[[1, 0], [13, 14], [-1275, -308]]
[[1, 0], [13, 14], [-131, -22]]
[[1, 0], [13, 14], [-155, -28]]
[[1, 0], [13, 14], [-219, -44]]
[[1, 0], [13, 14], [-302, -301]]
[[1, 0], [13, 14], [-351, -77]]
[[1, 0], [13, 14], [-41, -21]]
[[1, 0], [13, 14], [-44, -43]]
[[1, 0], [13, 14], [-463, -406]]
[[1, 0], [13, 14], [-467, -364]]
[[1, 0], [13, 14], [-527, -336]]
[[1, 0], [13, 14], [-54, -35]]
[[1, 0], [13, 14], [-603, -602]]
[[1, 0], [13, 14], [-643, -322]]
[[1, 0], [13, 14], [-659, -154]]
[[1, 0], [13, 14], [-80, -63]]
[[1, 0], [13, 14], [-87, -86]]
[[1, 0], [13, 14], [-95, -56]]
[[1, 0], [13, 14], [-99, -14]]
[[1, 0], [13, 172], [-23, -258]]
[[1, 0], [13, 172], [-27, -172]]
[[1, 0], [13, 172], [-47, -344]]
[[1, 0], [13, 21], [-114, -161]]
[[1, 0], [13, 21], [-125, -63]]
[[1, 0], [13, 21], [-194, -105]]
[[1, 0], [13, 21], [-50, -51]]
[[1, 0], [13, 21], [-79, -35]]
[[1, 0], [13, 21], [-95, -84]]
[[1, 0], [13, 28], [-131, -44]]
[[1, 0], [13, 28], [-197, -77]]
[[1, 0], [13, 28], [-351, -154]]
[[1, 0], [13, 28], [-41, -42]]
[[1, 0], [13, 28], [-659, -308]]
[[1, 0], [13, 28], [-95, -112]]
[[1, 0], [13, 28], [-99, -28]]
[[1, 0], [13, 301], [-15, -301]]
[[1, 0], [13, 301], [-29, -602]]
[[1, 0], [13, 42], [-80, -189]]
[[1, 0], [13, 42], [-95, -168]]
[[1, 0], [13, 43], [-152, -387]]
[[1, 0], [13, 43], [-164, -473]]
[[1, 0], [13, 43], [-167, -344]]
[[1, 0], [13, 43], [-197, -602]]
[[1, 0], [13, 43], [-20, -43]]
[[1, 0], [13, 43], [-27, -43]]
[[1, 0], [13, 43], [-33, -86]]
[[1, 0], [13, 43], [-47, -86]]
[[1, 0], [13, 43], [-53, -129]]
[[1, 0], [13, 43], [-59, -172]]
[[1, 0], [13, 43], [-79, -215]]
[[1, 0], [13, 43], [-87, -172]]
[[1, 0], [13, 43], [-99, -301]]
[[1, 0], [13, 602], [-15, -602]]
[[1, 0], [13, 84], [-95, -336]]
[[1, 0], [13, 86], [-23, -129]]
[[1, 0], [13, 86], [-27, -86]]
[[1, 0], [13, 86], [-47, -172]]
[[1, 0], [13, 86], [-50, -301]]
[[1, 0], [13, 86], [-79, -430]]
[[1, 0], [13, 86], [-87, -344]]
[[1, 0], [13, 86], [-99, -602]]
[[1, 0], [130, 301], [-263, -602]]
[[1, 0], [131, 215], [-269, -430]]
[[1, 0], [131, 301], [-265, -602]]
[[1, 0], [132, 301], [-134, -301]]
[[1, 0], [132, 301], [-267, -602]]
[[1, 0], [133, 172], [-203, -258]]
[[1, 0], [133, 172], [-287, -344]]
[[1, 0], [134, 301], [-135, -301]]
[[1, 0], [134, 301], [-136, -301]]
[[1, 0], [134, 301], [-271, -602]]
[[1, 0], [135, 301], [-136, -301]]
[[1, 0], [135, 301], [-137, -301]]
[[1, 0], [135, 602], [-137, -602]]
[[1, 0], [136, 215], [-279, -430]]
[[1, 0], [136, 301], [-138, -301]]
[[1, 0], [136, 301], [-275, -602]]
[[1, 0], [136, 315], [-179, -315]]
[[1, 0], [136, 387], [-143, -387]]
[[1, 0], [136, 903], [-137, -903]]
[[1, 0], [137, 172], [-209, -258]]
[[1, 0], [137, 172], [-295, -344]]
[[1, 0], [137, 301], [-138, -301]]
[[1, 0], [137, 301], [-139, -301]]
[[1, 0], [137, 301], [-277, -602]]
[[1, 0], [137, 344], [-151, -344]]
[[1, 0], [137, 602], [-139, -602]]
[[1, 0], [138, 301], [-279, -602]]
[[1, 0], [139, 161], [-321, -322]]
[[1, 0], [139, 301], [-141, -301]]
[[1, 0], [139, 301], [-281, -602]]
[[1, 0], [139, 602], [-141, -602]]
[[1, 0], [14, 43], [-106, -301]]
[[1, 0], [14, 43], [-161, -387]]
[[1, 0], [14, 43], [-175, -344]]
[[1, 0], [14, 43], [-175, -473]]
[[1, 0], [14, 43], [-21, -43]]
[[1, 0], [14, 43], [-211, -602]]
[[1, 0], [14, 43], [-28, -43]]
[[1, 0], [14, 43], [-35, -86]]
[[1, 0], [14, 43], [-49, -86]]
[[1, 0], [14, 43], [-56, -129]]
[[1, 0], [14, 43], [-63, -172]]
[[1, 0], [14, 43], [-84, -215]]
[[1, 0], [14, 43], [-91, -172]]
[[1, 0], [141, 172], [-155, -172]]
[[1, 0], [141, 172], [-303, -344]]
[[1, 0], [141, 215], [-289, -430]]
[[1, 0], [141, 301], [-143, -301]]
[[1, 0], [141, 301], [-285, -602]]
[[1, 0], [141, 602], [-143, -602]]
[[1, 0], [142, 301], [-144, -301]]
[[1, 0], [143, 301], [-145, -301]]
[[1, 0], [143, 301], [-289, -602]]
[[1, 0], [143, 602], [-145, -602]]
[[1, 0], [144, 301], [-146, -301]]
[[1, 0], [144, 301], [-291, -602]]
[[1, 0], [145, 172], [-221, -258]]
[[1, 0], [145, 172], [-311, -344]]
[[1, 0], [145, 301], [-293, -602]]
[[1, 0], [145, 344], [-159, -344]]
[[1, 0], [145, 387], [-152, -387]]
[[1, 0], [146, 215], [-299, -430]]
[[1, 0], [146, 301], [-148, -301]]
[[1, 0], [146, 301], [-295, -602]]
[[1, 0], [148, 301], [-150, -301]]
[[1, 0], [148, 301], [-299, -602]]
[[1, 0], [148, 903], [-149, -903]]
[[1, 0], [149, 172], [-227, -258]]
[[1, 0], [149, 172], [-319, -344]]
[[1, 0], [149, 301], [-150, -301]]
[[1, 0], [149, 301], [-151, -301]]
[[1, 0], [149, 602], [-151, -602]]
[[1, 0], [15, 301], [-16, -301]]
[[1, 0], [15, 301], [-17, -301]]
[[1, 0], [15, 301], [-33, -602]]
[[1, 0], [15, 43], [-113, -301]]
[[1, 0], [15, 43], [-170, -387]]
[[1, 0], [15, 43], [-183, -344]]
[[1, 0], [15, 43], [-186, -473]]
[[1, 0], [15, 43], [-22, -43]]
[[1, 0], [15, 43], [-225, -602]]
[[1, 0], [15, 43], [-37, -86]]
[[1, 0], [15, 43], [-51, -86]]
[[1, 0], [15, 43], [-59, -129]]
[[1, 0], [15, 43], [-67, -172]]
[[1, 0], [15, 43], [-89, -215]]
[[1, 0], [15, 43], [-95, -172]]
[[1, 0], [15, 602], [-17, -602]]
[[1, 0], [15, 86], [-113, -602]]
[[1, 0], [15, 86], [-26, -129]]
[[1, 0], [15, 86], [-29, -86]]
[[1, 0], [15, 86], [-51, -172]]
[[1, 0], [15, 86], [-57, -301]]
[[1, 0], [15, 86], [-89, -430]]
[[1, 0], [15, 86], [-95, -344]]
[[1, 0], [150, 301], [-303, -602]]
[[1, 0], [151, 215], [-309, -430]]
[[1, 0], [151, 301], [-305, -602]]
[[1, 0], [151, 602], [-153, -602]]
[[1, 0], [151, 903], [-152, -903]]
[[1, 0], [152, 301], [-307, -602]]
[[1, 0], [153, 172], [-233, -258]]
[[1, 0], [153, 172], [-327, -344]]
[[1, 0], [153, 301], [-309, -602]]
[[1, 0], [153, 344], [-167, -344]]
[[1, 0], [153, 602], [-155, -602]]
[[1, 0], [154, 387], [-161, -387]]
[[1, 0], [155, 301], [-313, -602]]
[[1, 0], [155, 602], [-157, -602]]
[[1, 0], [156, 215], [-319, -430]]
[[1, 0], [157, 172], [-239, -258]]
[[1, 0], [157, 172], [-335, -344]]
[[1, 0], [157, 301], [-317, -602]]
[[1, 0], [157, 602], [-159, -602]]
[[1, 0], [158, 301], [-159, -301]]
[[1, 0], [158, 301], [-319, -602]]
[[1, 0], [159, 301], [-321, -602]]
[[1, 0], [16, 105], [-134, -315]]
[[1, 0], [16, 105], [-59, -105]]
[[1, 0], [16, 129], [-23, -129]]
[[1, 0], [16, 129], [-29, -215]]
[[1, 0], [16, 129], [-62, -387]]
[[1, 0], [16, 129], [-71, -516]]
[[1, 0], [16, 215], [-39, -430]]
[[1, 0], [16, 21], [-107, -84]]
[[1, 0], [16, 21], [-134, -63]]
[[1, 0], [16, 21], [-137, -161]]
[[1, 0], [16, 21], [-209, -105]]
[[1, 0], [16, 21], [-29, -30]]
[[1, 0], [16, 21], [-395, -462]]
[[1, 0], [16, 21], [-584, -315]]
[[1, 0], [16, 21], [-59, -21]]
[[1, 0], [16, 301], [-18, -301]]
[[1, 0], [16, 35], [-134, -105]]
[[1, 0], [16, 35], [-219, -385]]
[[1, 0], [16, 35], [-359, -315]]
[[1, 0], [16, 35], [-47, -84]]
[[1, 0], [16, 35], [-59, -35]]
[[1, 0], [16, 35], [-89, -63]]
[[1, 0], [16, 43], [-120, -301]]
[[1, 0], [16, 43], [-179, -387]]
[[1, 0], [16, 43], [-191, -344]]
[[1, 0], [16, 43], [-197, -473]]
[[1, 0], [16, 43], [-23, -43]]
[[1, 0], [16, 43], [-239, -602]]
[[1, 0], [16, 43], [-39, -86]]
[[1, 0], [16, 43], [-53, -86]]
[[1, 0], [16, 43], [-62, -129]]
[[1, 0], [16, 43], [-71, -172]]
[[1, 0], [16, 43], [-94, -215]]
[[1, 0], [16, 43], [-99, -172]]
[[1, 0], [160, 301], [-323, -602]]
[[1, 0], [161, 172], [-175, -172]]
[[1, 0], [161, 172], [-245, -258]]
[[1, 0], [161, 172], [-343, -344]]
[[1, 0], [161, 215], [-329, -430]]
[[1, 0], [161, 344], [-175, -344]]
[[1, 0], [162, 301], [-327, -602]]
[[1, 0], [163, 387], [-170, -387]]
[[1, 0], [163, 602], [-165, -602]]
[[1, 0], [164, 301], [-331, -602]]
[[1, 0], [165, 172], [-179, -172]]
[[1, 0], [165, 172], [-251, -258]]
[[1, 0], [165, 172], [-351, -344]]
[[1, 0], [165, 301], [-333, -602]]
[[1, 0], [165, 602], [-167, -602]]
[[1, 0], [166, 215], [-339, -430]]
[[1, 0], [166, 301], [-335, -602]]
[[1, 0], [167, 301], [-337, -602]]
[[1, 0], [167, 602], [-169, -602]]
[[1, 0], [169, 172], [-257, -258]]
[[1, 0], [169, 172], [-359, -344]]
[[1, 0], [169, 301], [-171, -301]]
[[1, 0], [169, 301], [-341, -602]]
[[1, 0], [169, 602], [-171, -602]]
[[1, 0], [169, 903], [-170, -903]]
[[1, 0], [17, 112], [-47, -168]]
[[1, 0], [17, 172], [-29, -258]]
[[1, 0], [17, 172], [-55, -344]]
[[1, 0], [17, 28], [-111, -112]]
[[1, 0], [17, 28], [-149, -210]]
[[1, 0], [17, 28], [-208, -77]]
[[1, 0], [17, 28], [-373, -154]]
[[1, 0], [17, 28], [-47, -42]]
[[1, 0], [17, 28], [-703, -308]]
[[1, 0], [17, 301], [-18, -301]]
[[1, 0], [17, 301], [-19, -301]]
[[1, 0], [17, 301], [-37, -602]]
[[1, 0], [17, 43], [-103, -172]]
[[1, 0], [17, 43], [-127, -301]]
[[1, 0], [17, 43], [-188, -387]]
[[1, 0], [17, 43], [-199, -344]]
[[1, 0], [17, 43], [-208, -473]]
[[1, 0], [17, 43], [-24, -43]]
[[1, 0], [17, 43], [-253, -602]]
[[1, 0], [17, 43], [-41, -86]]
[[1, 0], [17, 43], [-55, -86]]
[[1, 0], [17, 43], [-65, -129]]
[[1, 0], [17, 43], [-75, -172]]
[[1, 0], [17, 43], [-99, -215]]
[[1, 0], [17, 56], [-47, -84]]
[[1, 0], [17, 602], [-19, -602]]
[[1, 0], [17, 86], [-103, -344]]
[[1, 0], [17, 86], [-127, -602]]
[[1, 0], [17, 86], [-29, -129]]
[[1, 0], [17, 86], [-55, -172]]
[[1, 0], [17, 86], [-64, -301]]
[[1, 0], [17, 86], [-99, -430]]
[[1, 0], [171, 215], [-349, -430]]
[[1, 0], [171, 301], [-345, -602]]
[[1, 0], [171, 602], [-173, -602]]
[[1, 0], [173, 301], [-349, -602]]
[[1, 0], [174, 301], [-351, -602]]
[[1, 0], [176, 215], [-359, -430]]
[[1, 0], [176, 301], [-355, -602]]
[[1, 0], [178, 301], [-359, -602]]
[[1, 0], [178, 903], [-179, -903]]
[[1, 0], [179, 301], [-361, -602]]
[[1, 0], [179, 602], [-181, -602]]
[[1, 0], [18, 301], [-20, -301]]
[[1, 0], [18, 301], [-39, -602]]
[[1, 0], [18, 43], [-104, -215]]
[[1, 0], [18, 43], [-107, -172]]
[[1, 0], [18, 43], [-134, -301]]
[[1, 0], [18, 43], [-197, -387]]
[[1, 0], [18, 43], [-207, -344]]
[[1, 0], [18, 43], [-219, -473]]
[[1, 0], [18, 43], [-25, -43]]
[[1, 0], [18, 43], [-267, -602]]
[[1, 0], [18, 43], [-57, -86]]
[[1, 0], [18, 43], [-68, -129]]
[[1, 0], [18, 43], [-79, -172]]
[[1, 0], [180, 301], [-363, -602]]
[[1, 0], [181, 215], [-369, -430]]
[[1, 0], [181, 301], [-365, -602]]
[[1, 0], [181, 387], [-188, -387]]
[[1, 0], [181, 602], [-183, -602]]
[[1, 0], [183, 301], [-369, -602]]
[[1, 0], [183, 602], [-185, -602]]
[[1, 0], [185, 301], [-373, -602]]
[[1, 0], [185, 602], [-187, -602]]
[[1, 0], [186, 215], [-379, -430]]
[[1, 0], [186, 301], [-187, -301]]
[[1, 0], [186, 301], [-375, -602]]
[[1, 0], [187, 301], [-377, -602]]
[[1, 0], [187, 903], [-188, -903]]
[[1, 0], [188, 301], [-379, -602]]
[[1, 0], [19, 129], [-26, -129]]
[[1, 0], [19, 129], [-34, -215]]
[[1, 0], [19, 129], [-71, -387]]
[[1, 0], [19, 129], [-83, -516]]
[[1, 0], [19, 21], [-143, -63]]
[[1, 0], [19, 21], [-160, -161]]
[[1, 0], [19, 21], [-31, -32]]
[[1, 0], [19, 21], [-461, -462]]
[[1, 0], [19, 21], [-629, -315]]
[[1, 0], [19, 21], [-74, -75]]
[[1, 0], [19, 21], [-89, -35]]
[[1, 0], [19, 301], [-41, -602]]
[[1, 0], [19, 387], [-26, -387]]
[[1, 0], [19, 42], [-107, -189]]
[[1, 0], [19, 43], [-109, -215]]
[[1, 0], [19, 43], [-111, -172]]
[[1, 0], [19, 43], [-141, -301]]
[[1, 0], [19, 43], [-206, -387]]
[[1, 0], [19, 43], [-230, -473]]
[[1, 0], [19, 43], [-281, -602]]
[[1, 0], [19, 43], [-45, -86]]
[[1, 0], [19, 43], [-59, -86]]
[[1, 0], [19, 43], [-71, -129]]
[[1, 0], [19, 43], [-83, -172]]
[[1, 0], [19, 63], [-89, -105]]
[[1, 0], [19, 86], [-109, -430]]
[[1, 0], [19, 86], [-111, -344]]
[[1, 0], [19, 86], [-141, -602]]
[[1, 0], [19, 86], [-32, -129]]
[[1, 0], [19, 86], [-33, -86]]
[[1, 0], [19, 86], [-59, -172]]
[[1, 0], [19, 86], [-71, -301]]
[[1, 0], [19, 903], [-20, -903]]
[[1, 0], [190, 301], [-383, -602]]
[[1, 0], [190, 387], [-197, -387]]
[[1, 0], [191, 215], [-389, -430]]
[[1, 0], [191, 602], [-193, -602]]
[[1, 0], [193, 301], [-389, -602]]
[[1, 0], [193, 602], [-195, -602]]
[[1, 0], [194, 301], [-391, -602]]
[[1, 0], [195, 301], [-393, -602]]
[[1, 0], [195, 602], [-197, -602]]
[[1, 0], [196, 215], [-399, -430]]
[[1, 0], [197, 301], [-397, -602]]
[[1, 0], [197, 602], [-199, -602]]
[[1, 0], [199, 301], [-401, -602]]
[[1, 0], [199, 602], [-201, -602]]
[[1, 0], [2, 301], [-4, -301]]
[[1, 0], [2, 43], [-11, -86]]
[[1, 0], [2, 43], [-15, -172]]
[[1, 0], [2, 43], [-16, -43]]
[[1, 0], [2, 43], [-20, -129]]
[[1, 0], [2, 43], [-22, -301]]
[[1, 0], [2, 43], [-24, -215]]
[[1, 0], [2, 43], [-25, -86]]
[[1, 0], [2, 43], [-53, -387]]
[[1, 0], [2, 43], [-79, -344]]
[[1, 0], [2, 43], [-9, -43]]
[[1, 0], [2, 7], [-1033, -154]]
[[1, 0], [2, 7], [-1079, -315]]
[[1, 0], [2, 7], [-130, -301]]
[[1, 0], [2, 7], [-139, -35]]
[[1, 0], [2, 7], [-144, -203]]
[[1, 0], [2, 7], [-181, -182]]
[[1, 0], [2, 7], [-223, -28]]
[[1, 0], [2, 7], [-233, -63]]
[[1, 0], [2, 7], [-263, -168]]
[[1, 0], [2, 7], [-323, -378]]
[[1, 0], [2, 7], [-374, -105]]
[[1, 0], [2, 7], [-390, -161]]
[[1, 0], [2, 7], [-45, -7]]
[[1, 0], [2, 7], [-47, -14]]
[[1, 0], [2, 7], [-51, -28]]
[[1, 0], [2, 7], [-52, -53]]
[[1, 0], [2, 7], [-538, -77]]
[[1, 0], [2, 7], [-610, -329]]
[[1, 0], [2, 7], [-65, -77]]
[[1, 0], [2, 7], [-68, -23]]
[[1, 0], [2, 7], [-87, -154]]
[[1, 0], [2, 7], [-88, -7]]
[[1, 0], [2, 7], [-9, -10]]
[[1, 0], [2, 7], [-92, -21]]
[[1, 0], [20, 301], [-22, -301]]
[[1, 0], [20, 43], [-114, -215]]
[[1, 0], [20, 43], [-115, -172]]
[[1, 0], [20, 43], [-148, -301]]
[[1, 0], [20, 43], [-223, -344]]
[[1, 0], [20, 43], [-241, -473]]
[[1, 0], [20, 43], [-295, -602]]
[[1, 0], [20, 43], [-47, -86]]
[[1, 0], [20, 43], [-61, -86]]
[[1, 0], [20, 43], [-74, -129]]
[[1, 0], [20, 43], [-87, -172]]
[[1, 0], [200, 301], [-403, -602]]
[[1, 0], [201, 215], [-409, -430]]
[[1, 0], [201, 301], [-405, -602]]
[[1, 0], [202, 301], [-407, -602]]
[[1, 0], [204, 301], [-411, -602]]
[[1, 0], [205, 602], [-207, -602]]
[[1, 0], [206, 215], [-419, -430]]
[[1, 0], [206, 301], [-415, -602]]
[[1, 0], [207, 301], [-417, -602]]
[[1, 0], [207, 602], [-209, -602]]
[[1, 0], [208, 301], [-419, -602]]
[[1, 0], [209, 301], [-421, -602]]
[[1, 0], [209, 602], [-211, -602]]
[[1, 0], [21, 172], [-35, -172]]
[[1, 0], [21, 172], [-35, -258]]
[[1, 0], [21, 172], [-63, -344]]
[[1, 0], [21, 215], [-49, -430]]
[[1, 0], [21, 43], [-119, -172]]
[[1, 0], [21, 43], [-119, -215]]
[[1, 0], [21, 43], [-155, -301]]
[[1, 0], [21, 43], [-224, -387]]
[[1, 0], [21, 43], [-231, -344]]
[[1, 0], [21, 43], [-252, -473]]
[[1, 0], [21, 43], [-309, -602]]
[[1, 0], [21, 43], [-49, -86]]
[[1, 0], [21, 43], [-63, -86]]
[[1, 0], [21, 43], [-77, -129]]
[[1, 0], [21, 43], [-91, -172]]
[[1, 0], [21, 86], [-119, -344]]
[[1, 0], [21, 86], [-119, -430]]
[[1, 0], [21, 86], [-155, -602]]
[[1, 0], [21, 86], [-35, -129]]
[[1, 0], [21, 86], [-35, -86]]
[[1, 0], [21, 86], [-63, -172]]
[[1, 0], [21, 86], [-78, -301]]
[[1, 0], [211, 215], [-429, -430]]
[[1, 0], [211, 301], [-425, -602]]
[[1, 0], [211, 602], [-213, -602]]
[[1, 0], [213, 301], [-429, -602]]
[[1, 0], [214, 301], [-431, -602]]
[[1, 0], [216, 301], [-435, -602]]
[[1, 0], [218, 301], [-439, -602]]
[[1, 0], [219, 602], [-221, -602]]
[[1, 0], [22, 129], [-29, -129]]
[[1, 0], [22, 129], [-39, -215]]
[[1, 0], [22, 129], [-80, -387]]
[[1, 0], [22, 129], [-95, -516]]
[[1, 0], [22, 301], [-23, -301]]
[[1, 0], [22, 301], [-24, -301]]
[[1, 0], [22, 301], [-47, -602]]
[[1, 0], [22, 43], [-123, -172]]
[[1, 0], [22, 43], [-124, -215]]
[[1, 0], [22, 43], [-162, -301]]
[[1, 0], [22, 43], [-233, -387]]
[[1, 0], [22, 43], [-239, -344]]
[[1, 0], [22, 43], [-263, -473]]
[[1, 0], [22, 43], [-323, -602]]
[[1, 0], [22, 43], [-51, -86]]
[[1, 0], [22, 43], [-65, -86]]
[[1, 0], [22, 43], [-80, -129]]
[[1, 0], [22, 43], [-95, -172]]
[[1, 0], [22, 903], [-23, -903]]
[[1, 0], [220, 301], [-443, -602]]
[[1, 0], [220, 903], [-221, -903]]
[[1, 0], [221, 301], [-445, -602]]
[[1, 0], [221, 602], [-223, -602]]
[[1, 0], [222, 301], [-447, -602]]
[[1, 0], [223, 301], [-449, -602]]
[[1, 0], [223, 602], [-225, -602]]
[[1, 0], [225, 301], [-453, -602]]
[[1, 0], [225, 602], [-227, -602]]
[[1, 0], [226, 315], [-269, -315]]
[[1, 0], [227, 301], [-457, -602]]
[[1, 0], [227, 602], [-229, -602]]
[[1, 0], [228, 301], [-229, -301]]
[[1, 0], [228, 301], [-459, -602]]
[[1, 0], [229, 301], [-461, -602]]
[[1, 0], [23, 154], [-109, -154]]
[[1, 0], [23, 301], [-25, -301]]
[[1, 0], [23, 43], [-127, -172]]
[[1, 0], [23, 43], [-169, -301]]
[[1, 0], [23, 43], [-242, -387]]
[[1, 0], [23, 43], [-247, -344]]
[[1, 0], [23, 43], [-274, -473]]
[[1, 0], [23, 43], [-337, -602]]
[[1, 0], [23, 43], [-53, -86]]
[[1, 0], [23, 43], [-67, -86]]
[[1, 0], [23, 43], [-83, -129]]
[[1, 0], [23, 43], [-99, -172]]
[[1, 0], [23, 602], [-25, -602]]
[[1, 0], [23, 77], [-109, -77]]
[[1, 0], [23, 77], [-307, -308]]
[[1, 0], [23, 86], [-127, -344]]
[[1, 0], [23, 86], [-169, -602]]
[[1, 0], [23, 86], [-37, -86]]
[[1, 0], [23, 86], [-38, -129]]
[[1, 0], [23, 86], [-67, -172]]
[[1, 0], [23, 86], [-85, -301]]
[[1, 0], [230, 301], [-463, -602]]
[[1, 0], [232, 301], [-467, -602]]
[[1, 0], [233, 301], [-234, -301]]
[[1, 0], [233, 602], [-235, -602]]
[[1, 0], [234, 301], [-471, -602]]
[[1, 0], [235, 602], [-237, -602]]
[[1, 0], [236, 301], [-475, -602]]
[[1, 0], [237, 301], [-477, -602]]
[[1, 0], [237, 602], [-239, -602]]
[[1, 0], [239, 301], [-481, -602]]
[[1, 0], [239, 602], [-241, -602]]
[[1, 0], [24, 301], [-26, -301]]
[[1, 0], [24, 301], [-51, -602]]
[[1, 0], [24, 43], [-103, -172]]
[[1, 0], [24, 43], [-131, -172]]
[[1, 0], [24, 43], [-134, -215]]
[[1, 0], [24, 43], [-176, -301]]
[[1, 0], [24, 43], [-251, -387]]
[[1, 0], [24, 43], [-255, -344]]
[[1, 0], [24, 43], [-285, -473]]
[[1, 0], [24, 43], [-351, -602]]
[[1, 0], [24, 43], [-55, -86]]
[[1, 0], [24, 43], [-69, -86]]
[[1, 0], [241, 301], [-485, -602]]
[[1, 0], [241, 602], [-243, -602]]
[[1, 0], [241, 903], [-242, -903]]
[[1, 0], [242, 301], [-487, -602]]
[[1, 0], [243, 301], [-489, -602]]
[[1, 0], [244, 301], [-491, -602]]
[[1, 0], [246, 301], [-495, -602]]
[[1, 0], [247, 602], [-249, -602]]
[[1, 0], [247, 903], [-248, -903]]
[[1, 0], [248, 301], [-499, -602]]
[[1, 0], [249, 301], [-501, -602]]
[[1, 0], [249, 602], [-251, -602]]
[[1, 0], [25, 129], [-107, -516]]
[[1, 0], [25, 129], [-32, -129]]
[[1, 0], [25, 129], [-44, -215]]
[[1, 0], [25, 129], [-89, -387]]
[[1, 0], [25, 172], [-39, -172]]
[[1, 0], [25, 172], [-41, -258]]
[[1, 0], [25, 172], [-71, -344]]
[[1, 0], [25, 28], [-143, -112]]
[[1, 0], [25, 28], [-209, -210]]
[[1, 0], [25, 28], [-230, -77]]
[[1, 0], [25, 28], [-37, -38]]
[[1, 0], [25, 28], [-417, -154]]
[[1, 0], [25, 28], [-59, -42]]
[[1, 0], [25, 301], [-27, -301]]
[[1, 0], [25, 301], [-53, -602]]
[[1, 0], [25, 344], [-39, -344]]
[[1, 0], [25, 42], [-134, -189]]
[[1, 0], [25, 42], [-143, -168]]
[[1, 0], [25, 42], [-47, -48]]
[[1, 0], [25, 43], [-107, -172]]
[[1, 0], [25, 43], [-135, -172]]
[[1, 0], [25, 43], [-139, -215]]
[[1, 0], [25, 43], [-183, -301]]
[[1, 0], [25, 43], [-260, -387]]
[[1, 0], [25, 43], [-263, -344]]
[[1, 0], [25, 43], [-296, -473]]
[[1, 0], [25, 43], [-365, -602]]
[[1, 0], [25, 43], [-57, -86]]
[[1, 0], [25, 43], [-71, -86]]
[[1, 0], [25, 43], [-89, -129]]
[[1, 0], [25, 56], [-59, -84]]
[[1, 0], [25, 602], [-27, -602]]
[[1, 0], [25, 84], [-143, -336]]
[[1, 0], [25, 86], [-135, -344]]
[[1, 0], [25, 86], [-139, -430]]
[[1, 0], [25, 86], [-183, -602]]
[[1, 0], [25, 86], [-39, -86]]
[[1, 0], [25, 86], [-41, -129]]
[[1, 0], [25, 86], [-71, -172]]
[[1, 0], [25, 86], [-92, -301]]
[[1, 0], [250, 301], [-503, -602]]
[[1, 0], [251, 301], [-253, -301]]
[[1, 0], [251, 301], [-505, -602]]
[[1, 0], [251, 602], [-253, -602]]
[[1, 0], [253, 301], [-509, -602]]
[[1, 0], [253, 602], [-255, -602]]
[[1, 0], [255, 301], [-513, -602]]
[[1, 0], [255, 602], [-257, -602]]
[[1, 0], [256, 301], [-515, -602]]
[[1, 0], [256, 903], [-257, -903]]
[[1, 0], [257, 301], [-517, -602]]
[[1, 0], [26, 215], [-59, -430]]
[[1, 0], [26, 301], [-27, -301]]
[[1, 0], [26, 301], [-55, -602]]
[[1, 0], [26, 35], [-107, -63]]
[[1, 0], [26, 35], [-164, -105]]
[[1, 0], [26, 35], [-449, -315]]
[[1, 0], [26, 35], [-71, -84]]
[[1, 0], [26, 43], [-111, -172]]
[[1, 0], [26, 43], [-139, -172]]
[[1, 0], [26, 43], [-144, -215]]
[[1, 0], [26, 43], [-190, -301]]
[[1, 0], [26, 43], [-269, -387]]
[[1, 0], [26, 43], [-271, -344]]
[[1, 0], [26, 43], [-307, -473]]
[[1, 0], [26, 43], [-33, -43]]
[[1, 0], [26, 43], [-379, -602]]
[[1, 0], [26, 43], [-59, -86]]
[[1, 0], [26, 43], [-73, -86]]
[[1, 0], [26, 43], [-92, -129]]
[[1, 0], [260, 301], [-523, -602]]
[[1, 0], [261, 602], [-263, -602]]
[[1, 0], [262, 301], [-527, -602]]
[[1, 0], [263, 301], [-529, -602]]
[[1, 0], [264, 301], [-531, -602]]
[[1, 0], [265, 301], [-533, -602]]
[[1, 0], [265, 308], [-351, -308]]
[[1, 0], [265, 602], [-267, -602]]
[[1, 0], [267, 301], [-537, -602]]
[[1, 0], [267, 602], [-269, -602]]
[[1, 0], [269, 301], [-541, -602]]
[[1, 0], [269, 602], [-271, -602]]
[[1, 0], [27, 301], [-29, -301]]
[[1, 0], [27, 301], [-57, -602]]
[[1, 0], [27, 43], [-115, -172]]
[[1, 0], [27, 43], [-143, -172]]
[[1, 0], [27, 43], [-149, -215]]
[[1, 0], [27, 43], [-197, -301]]
[[1, 0], [27, 43], [-278, -387]]
[[1, 0], [27, 43], [-279, -344]]
[[1, 0], [27, 43], [-318, -473]]
[[1, 0], [27, 43], [-393, -602]]
[[1, 0], [27, 43], [-61, -86]]
[[1, 0], [27, 43], [-75, -86]]
[[1, 0], [27, 43], [-95, -129]]
[[1, 0], [27, 602], [-29, -602]]
[[1, 0], [27, 86], [-143, -344]]
[[1, 0], [27, 86], [-149, -430]]
[[1, 0], [27, 86], [-197, -602]]
[[1, 0], [27, 86], [-41, -86]]
[[1, 0], [27, 86], [-44, -129]]
[[1, 0], [27, 86], [-75, -172]]
[[1, 0], [27, 86], [-99, -301]]
[[1, 0], [270, 301], [-543, -602]]
[[1, 0], [271, 301], [-545, -602]]
[[1, 0], [272, 301], [-547, -602]]
[[1, 0], [274, 301], [-551, -602]]
[[1, 0], [275, 301], [-276, -301]]
[[1, 0], [275, 602], [-277, -602]]
[[1, 0], [276, 301], [-555, -602]]
[[1, 0], [277, 301], [-557, -602]]
[[1, 0], [277, 602], [-279, -602]]
[[1, 0], [279, 301], [-561, -602]]
[[1, 0], [279, 602], [-281, -602]]
[[1, 0], [28, 129], [-119, -516]]
[[1, 0], [28, 129], [-35, -129]]
[[1, 0], [28, 129], [-49, -215]]
[[1, 0], [28, 129], [-98, -387]]
[[1, 0], [28, 387], [-35, -387]]
[[1, 0], [28, 43], [-119, -172]]
[[1, 0], [28, 43], [-147, -172]]
[[1, 0], [28, 43], [-154, -215]]
[[1, 0], [28, 43], [-204, -301]]
[[1, 0], [28, 43], [-287, -344]]
[[1, 0], [28, 43], [-287, -387]]
[[1, 0], [28, 43], [-329, -473]]
[[1, 0], [28, 43], [-407, -602]]
[[1, 0], [28, 43], [-63, -86]]
[[1, 0], [28, 43], [-77, -86]]
[[1, 0], [28, 43], [-98, -129]]
[[1, 0], [281, 301], [-565, -602]]
[[1, 0], [281, 602], [-283, -602]]
[[1, 0], [283, 301], [-569, -602]]
[[1, 0], [283, 602], [-285, -602]]
[[1, 0], [284, 301], [-571, -602]]
[[1, 0], [285, 301], [-573, -602]]
[[1, 0], [286, 301], [-575, -602]]
[[1, 0], [288, 301], [-579, -602]]
[[1, 0], [289, 602], [-291, -602]]
[[1, 0], [29, 172], [-47, -258]]
[[1, 0], [29, 172], [-79, -344]]
[[1, 0], [29, 301], [-31, -301]]
[[1, 0], [29, 301], [-61, -602]]
[[1, 0], [29, 43], [-101, -129]]
[[1, 0], [29, 43], [-123, -172]]
[[1, 0], [29, 43], [-151, -172]]
[[1, 0], [29, 43], [-159, -215]]
[[1, 0], [29, 43], [-211, -301]]
[[1, 0], [29, 43], [-295, -344]]
[[1, 0], [29, 43], [-296, -387]]
[[1, 0], [29, 43], [-340, -473]]
[[1, 0], [29, 43], [-421, -602]]
[[1, 0], [29, 43], [-65, -86]]
[[1, 0], [29, 43], [-79, -86]]
[[1, 0], [29, 602], [-31, -602]]
[[1, 0], [29, 86], [-106, -301]]
[[1, 0], [29, 86], [-151, -344]]
[[1, 0], [29, 86], [-159, -430]]
[[1, 0], [29, 86], [-211, -602]]
[[1, 0], [29, 86], [-47, -129]]
[[1, 0], [29, 86], [-79, -172]]
[[1, 0], [290, 301], [-583, -602]]
[[1, 0], [291, 301], [-585, -602]]
[[1, 0], [291, 602], [-293, -602]]
[[1, 0], [292, 301], [-587, -602]]
[[1, 0], [293, 301], [-589, -602]]
[[1, 0], [293, 602], [-295, -602]]
[[1, 0], [295, 301], [-593, -602]]
[[1, 0], [295, 602], [-297, -602]]
[[1, 0], [297, 301], [-597, -602]]
[[1, 0], [297, 602], [-299, -602]]
[[1, 0], [298, 301], [-599, -602]]
[[1, 0], [299, 301], [-601, -602]]
[[1, 0], [3, 14], [-1055, -308]]
[[1, 0], [3, 14], [-135, -28]]
[[1, 0], [3, 14], [-173, -406]]
[[1, 0], [3, 14], [-173, -602]]
[[1, 0], [3, 14], [-207, -364]]
[[1, 0], [3, 14], [-26, -21]]
[[1, 0], [3, 14], [-29, -35]]
[[1, 0], [3, 14], [-296, -77]]
[[1, 0], [3, 14], [-44, -105]]
[[1, 0], [3, 14], [-549, -154]]
[[1, 0], [3, 14], [-55, -56]]
[[1, 0], [3, 14], [-87, -301]]
[[1, 0], [3, 14], [-89, -14]]
[[1, 0], [3, 301], [-4, -301]]
[[1, 0], [3, 301], [-5, -301]]
[[1, 0], [3, 301], [-9, -602]]
[[1, 0], [3, 43], [-10, -43]]
[[1, 0], [3, 43], [-13, -86]]
[[1, 0], [3, 43], [-17, -43]]
[[1, 0], [3, 43], [-19, -172]]
[[1, 0], [3, 43], [-23, -129]]
[[1, 0], [3, 43], [-27, -86]]
[[1, 0], [3, 43], [-29, -215]]
[[1, 0], [3, 43], [-29, -301]]
[[1, 0], [3, 43], [-47, -172]]
[[1, 0], [3, 43], [-54, -473]]
[[1, 0], [3, 43], [-57, -602]]
[[1, 0], [3, 43], [-62, -387]]
[[1, 0], [3, 43], [-87, -344]]
[[1, 0], [3, 602], [-5, -602]]
[[1, 0], [3, 7], [-1055, -154]]
[[1, 0], [3, 7], [-109, -154]]
[[1, 0], [3, 7], [-1124, -315]]
[[1, 0], [3, 7], [-135, -14]]
[[1, 0], [3, 7], [-144, -35]]
[[1, 0], [3, 7], [-173, -203]]
[[1, 0], [3, 7], [-173, -301]]
[[1, 0], [3, 7], [-179, -45]]
[[1, 0], [3, 7], [-2067, -308]]
[[1, 0], [3, 7], [-207, -182]]
[[1, 0], [3, 7], [-227, -28]]
[[1, 0], [3, 7], [-242, -63]]
[[1, 0], [3, 7], [-324, -455]]
[[1, 0], [3, 7], [-345, -602]]
[[1, 0], [3, 7], [-377, -378]]
[[1, 0], [3, 7], [-389, -105]]
[[1, 0], [3, 7], [-46, -7]]
[[1, 0], [3, 7], [-53, -9]]
[[1, 0], [3, 7], [-549, -77]]
[[1, 0], [3, 7], [-55, -28]]
[[1, 0], [3, 7], [-657, -329]]
[[1, 0], [3, 7], [-74, -15]]
[[1, 0], [3, 7], [-76, -77]]
[[1, 0], [3, 7], [-95, -21]]
[[1, 0], [3, 86], [-15, -301]]
[[1, 0], [3, 86], [-17, -86]]
[[1, 0], [3, 86], [-27, -172]]
[[1, 0], [3, 86], [-29, -430]]
[[1, 0], [3, 86], [-29, -602]]
[[1, 0], [3, 86], [-47, -344]]
[[1, 0], [3, 86], [-8, -129]]
[[1, 0], [30, 301], [-32, -301]]
[[1, 0], [30, 43], [-104, -129]]
[[1, 0], [30, 43], [-127, -172]]
[[1, 0], [30, 43], [-155, -172]]
[[1, 0], [30, 43], [-164, -215]]
[[1, 0], [30, 43], [-218, -301]]
[[1, 0], [30, 43], [-303, -344]]
[[1, 0], [30, 43], [-305, -387]]
[[1, 0], [30, 43], [-351, -473]]
[[1, 0], [30, 43], [-435, -602]]
[[1, 0], [30, 43], [-44, -43]]
[[1, 0], [30, 43], [-67, -86]]
[[1, 0], [30, 43], [-81, -86]]
[[1, 0], [300, 301], [-302, -301]]
[[1, 0], [300, 301], [-603, -602]]
[[1, 0], [304, 903], [-305, -903]]
[[1, 0], [31, 105], [-179, -315]]
[[1, 0], [31, 105], [-74, -105]]
[[1, 0], [31, 129], [-107, -387]]
[[1, 0], [31, 129], [-131, -516]]
[[1, 0], [31, 129], [-38, -129]]
[[1, 0], [31, 129], [-54, -215]]
[[1, 0], [31, 215], [-69, -430]]
[[1, 0], [31, 301], [-32, -301]]
[[1, 0], [31, 301], [-33, -301]]
[[1, 0], [31, 301], [-65, -602]]
[[1, 0], [31, 35], [-116, -63]]
[[1, 0], [31, 35], [-179, -105]]
[[1, 0], [31, 35], [-384, -385]]
[[1, 0], [31, 35], [-494, -315]]
[[1, 0], [31, 35], [-74, -35]]
[[1, 0], [31, 35], [-83, -84]]
[[1, 0], [31, 35], [-89, -45]]
[[1, 0], [31, 42], [-167, -168]]
[[1, 0], [31, 43], [-107, -129]]
[[1, 0], [31, 43], [-131, -172]]
[[1, 0], [31, 43], [-159, -172]]
[[1, 0], [31, 43], [-169, -215]]
[[1, 0], [31, 43], [-225, -301]]
[[1, 0], [31, 43], [-311, -344]]
[[1, 0], [31, 43], [-314, -387]]
[[1, 0], [31, 43], [-362, -473]]
[[1, 0], [31, 43], [-449, -602]]
[[1, 0], [31, 43], [-45, -43]]
[[1, 0], [31, 43], [-69, -86]]
[[1, 0], [31, 43], [-83, -86]]
[[1, 0], [31, 602], [-33, -602]]
[[1, 0], [31, 70], [-99, -175]]
[[1, 0], [31, 86], [-113, -301]]
[[1, 0], [31, 86], [-159, -344]]
[[1, 0], [31, 86], [-169, -430]]
[[1, 0], [31, 86], [-225, -602]]
[[1, 0], [31, 86], [-45, -86]]
[[1, 0], [31, 86], [-50, -129]]
[[1, 0], [31, 86], [-83, -172]]
[[1, 0], [31, 903], [-32, -903]]
[[1, 0], [313, 344], [-327, -344]]
[[1, 0], [313, 903], [-314, -903]]
[[1, 0], [32, 301], [-34, -301]]
[[1, 0], [32, 301], [-67, -602]]
[[1, 0], [32, 43], [-110, -129]]
[[1, 0], [32, 43], [-135, -172]]
[[1, 0], [32, 43], [-163, -172]]
[[1, 0], [32, 43], [-174, -215]]
[[1, 0], [32, 43], [-232, -301]]
[[1, 0], [32, 43], [-319, -344]]
[[1, 0], [32, 43], [-323, -387]]
[[1, 0], [32, 43], [-373, -473]]
[[1, 0], [32, 43], [-46, -43]]
[[1, 0], [32, 43], [-463, -602]]
[[1, 0], [32, 43], [-71, -86]]
[[1, 0], [32, 43], [-85, -86]]
[[1, 0], [33, 112], [-71, -168]]
[[1, 0], [33, 172], [-47, -172]]
[[1, 0], [33, 172], [-53, -258]]
[[1, 0], [33, 172], [-87, -344]]
[[1, 0], [33, 301], [-34, -301]]
[[1, 0], [33, 301], [-69, -602]]
[[1, 0], [33, 344], [-47, -344]]
[[1, 0], [33, 43], [-113, -129]]
[[1, 0], [33, 43], [-139, -172]]
[[1, 0], [33, 43], [-167, -172]]
[[1, 0], [33, 43], [-179, -215]]
[[1, 0], [33, 43], [-239, -301]]
[[1, 0], [33, 43], [-327, -344]]
[[1, 0], [33, 43], [-332, -387]]
[[1, 0], [33, 43], [-384, -473]]
[[1, 0], [33, 43], [-47, -43]]
[[1, 0], [33, 43], [-477, -602]]
[[1, 0], [33, 43], [-73, -86]]
[[1, 0], [33, 43], [-87, -86]]
[[1, 0], [33, 56], [-71, -84]]
[[1, 0], [33, 86], [-120, -301]]
[[1, 0], [33, 86], [-167, -344]]
[[1, 0], [33, 86], [-179, -430]]
[[1, 0], [33, 86], [-239, -602]]
[[1, 0], [33, 86], [-47, -86]]
[[1, 0], [33, 86], [-53, -129]]
[[1, 0], [33, 86], [-87, -172]]
[[1, 0], [337, 344], [-351, -344]]
[[1, 0], [337, 602], [-339, -602]]
[[1, 0], [34, 129], [-116, -387]]
[[1, 0], [34, 129], [-143, -516]]
[[1, 0], [34, 129], [-41, -129]]
[[1, 0], [34, 129], [-59, -215]]
[[1, 0], [34, 301], [-36, -301]]
[[1, 0], [34, 301], [-71, -602]]
[[1, 0], [34, 43], [-116, -129]]
[[1, 0], [34, 43], [-143, -172]]
[[1, 0], [34, 43], [-171, -172]]
[[1, 0], [34, 43], [-184, -215]]
[[1, 0], [34, 43], [-246, -301]]
[[1, 0], [34, 43], [-335, -344]]
[[1, 0], [34, 43], [-341, -387]]
[[1, 0], [34, 43], [-395, -473]]
[[1, 0], [34, 43], [-48, -43]]
[[1, 0], [34, 43], [-491, -602]]
[[1, 0], [34, 43], [-75, -86]]
[[1, 0], [34, 43], [-89, -86]]
[[1, 0], [34, 77], [-120, -77]]
[[1, 0], [34, 77], [-197, -154]]
[[1, 0], [34, 77], [-351, -308]]
[[1, 0], [35, 43], [-119, -129]]
[[1, 0], [35, 43], [-147, -172]]
[[1, 0], [35, 43], [-175, -172]]
[[1, 0], [35, 43], [-189, -215]]
[[1, 0], [35, 43], [-253, -301]]
[[1, 0], [35, 43], [-343, -344]]
[[1, 0], [35, 43], [-350, -387]]
[[1, 0], [35, 43], [-406, -473]]
[[1, 0], [35, 43], [-49, -43]]
[[1, 0], [35, 43], [-505, -602]]
[[1, 0], [35, 43], [-77, -86]]
[[1, 0], [35, 43], [-91, -86]]
[[1, 0], [35, 86], [-127, -301]]
[[1, 0], [35, 86], [-175, -344]]
[[1, 0], [35, 86], [-189, -430]]
[[1, 0], [35, 86], [-253, -602]]
[[1, 0], [35, 86], [-49, -86]]
[[1, 0], [35, 86], [-56, -129]]
[[1, 0], [35, 86], [-91, -172]]
[[1, 0], [36, 215], [-79, -430]]
[[1, 0], [36, 301], [-37, -301]]
[[1, 0], [36, 301], [-38, -301]]
[[1, 0], [36, 301], [-75, -602]]
[[1, 0], [36, 43], [-122, -129]]
[[1, 0], [36, 43], [-151, -172]]
[[1, 0], [36, 43], [-179, -172]]
[[1, 0], [36, 43], [-194, -215]]
[[1, 0], [36, 43], [-260, -301]]
[[1, 0], [36, 43], [-351, -344]]
[[1, 0], [36, 43], [-359, -387]]
[[1, 0], [36, 43], [-417, -473]]
[[1, 0], [36, 43], [-50, -43]]
[[1, 0], [36, 43], [-519, -602]]
[[1, 0], [36, 43], [-79, -86]]
[[1, 0], [36, 43], [-93, -86]]
[[1, 0], [361, 903], [-362, -903]]
[[1, 0], [37, 129], [-125, -387]]
[[1, 0], [37, 129], [-155, -516]]
[[1, 0], [37, 129], [-44, -129]]
[[1, 0], [37, 129], [-64, -215]]
[[1, 0], [37, 172], [-51, -172]]
[[1, 0], [37, 172], [-59, -258]]
[[1, 0], [37, 172], [-95, -344]]
[[1, 0], [37, 301], [-39, -301]]
[[1, 0], [37, 387], [-44, -387]]
[[1, 0], [37, 42], [-188, -189]]
[[1, 0], [37, 42], [-191, -168]]
[[1, 0], [37, 42], [-59, -60]]
[[1, 0], [37, 43], [-125, -129]]
[[1, 0], [37, 43], [-155, -172]]
[[1, 0], [37, 43], [-183, -172]]
[[1, 0], [37, 43], [-199, -215]]
[[1, 0], [37, 43], [-267, -301]]
[[1, 0], [37, 43], [-359, -344]]
[[1, 0], [37, 43], [-368, -387]]
[[1, 0], [37, 43], [-428, -473]]
[[1, 0], [37, 43], [-44, -43]]
[[1, 0], [37, 43], [-533, -602]]
[[1, 0], [37, 43], [-81, -86]]
[[1, 0], [37, 43], [-95, -86]]
[[1, 0], [37, 602], [-39, -602]]
[[1, 0], [37, 63], [-314, -315]]
[[1, 0], [37, 63], [-80, -63]]
[[1, 0], [37, 84], [-191, -336]]
[[1, 0], [37, 86], [-134, -301]]
[[1, 0], [37, 86], [-183, -344]]
[[1, 0], [37, 86], [-199, -430]]
[[1, 0], [37, 86], [-267, -602]]
[[1, 0], [37, 86], [-59, -129]]
[[1, 0], [37, 86], [-95, -172]]
[[1, 0], [370, 387], [-377, -387]]
[[1, 0], [38, 301], [-39, -301]]
[[1, 0], [38, 301], [-40, -301]]
[[1, 0], [38, 301], [-79, -602]]
[[1, 0], [38, 43], [-128, -129]]
[[1, 0], [38, 43], [-159, -172]]
[[1, 0], [38, 43], [-187, -172]]
[[1, 0], [38, 43], [-204, -215]]
[[1, 0], [38, 43], [-274, -301]]
[[1, 0], [38, 43], [-367, -344]]
[[1, 0], [38, 43], [-377, -387]]
[[1, 0], [38, 43], [-439, -473]]
[[1, 0], [38, 43], [-45, -43]]
[[1, 0], [38, 43], [-547, -602]]
[[1, 0], [38, 43], [-83, -86]]
[[1, 0], [38, 43], [-97, -86]]
[[1, 0], [382, 903], [-383, -903]]
[[1, 0], [39, 301], [-41, -301]]
[[1, 0], [39, 301], [-81, -602]]
[[1, 0], [39, 43], [-131, -129]]
[[1, 0], [39, 43], [-163, -172]]
[[1, 0], [39, 43], [-191, -172]]
[[1, 0], [39, 43], [-209, -215]]
[[1, 0], [39, 43], [-281, -301]]
[[1, 0], [39, 43], [-375, -344]]
[[1, 0], [39, 43], [-386, -387]]
[[1, 0], [39, 43], [-450, -473]]
[[1, 0], [39, 43], [-46, -43]]
[[1, 0], [39, 43], [-561, -602]]
[[1, 0], [39, 43], [-85, -86]]
[[1, 0], [39, 43], [-99, -86]]
[[1, 0], [39, 602], [-41, -602]]
[[1, 0], [39, 86], [-141, -301]]
[[1, 0], [39, 86], [-191, -344]]
[[1, 0], [39, 86], [-209, -430]]
[[1, 0], [39, 86], [-281, -602]]
[[1, 0], [39, 86], [-62, -129]]
[[1, 0], [39, 86], [-99, -172]]
[[1, 0], [394, 903], [-395, -903]]
[[1, 0], [4, 129], [-11, -129]]
[[1, 0], [4, 129], [-23, -516]]
[[1, 0], [4, 129], [-26, -387]]
[[1, 0], [4, 129], [-9, -215]]
[[1, 0], [4, 21], [-131, -462]]
[[1, 0], [4, 21], [-149, -105]]
[[1, 0], [4, 21], [-23, -24]]
[[1, 0], [4, 21], [-404, -315]]
[[1, 0], [4, 21], [-45, -161]]
[[1, 0], [4, 21], [-59, -84]]
[[1, 0], [4, 21], [-64, -35]]
[[1, 0], [4, 301], [-11, -602]]
[[1, 0], [4, 301], [-6, -301]]
[[1, 0], [4, 43], [-11, -43]]
[[1, 0], [4, 43], [-15, -86]]
[[1, 0], [4, 43], [-18, -43]]
[[1, 0], [4, 43], [-23, -172]]
[[1, 0], [4, 43], [-26, -129]]
[[1, 0], [4, 43], [-29, -86]]
[[1, 0], [4, 43], [-34, -215]]
[[1, 0], [4, 43], [-36, -301]]
[[1, 0], [4, 43], [-51, -172]]
[[1, 0], [4, 43], [-65, -473]]
[[1, 0], [4, 43], [-71, -387]]
[[1, 0], [4, 43], [-71, -602]]
[[1, 0], [4, 43], [-95, -344]]
[[1, 0], [4, 7], [-1077, -154]]
[[1, 0], [4, 7], [-131, -154]]
[[1, 0], [4, 7], [-137, -14]]
[[1, 0], [4, 7], [-149, -35]]
[[1, 0], [4, 7], [-202, -203]]
[[1, 0], [4, 7], [-2111, -308]]
[[1, 0], [4, 7], [-216, -301]]
[[1, 0], [4, 7], [-23, -8]]
[[1, 0], [4, 7], [-233, -182]]
[[1, 0], [4, 7], [-251, -63]]
[[1, 0], [4, 7], [-30, -31]]
[[1, 0], [4, 7], [-311, -168]]
[[1, 0], [4, 7], [-389, -455]]
[[1, 0], [4, 7], [-404, -105]]
[[1, 0], [4, 7], [-431, -378]]
[[1, 0], [4, 7], [-431, -602]]
[[1, 0], [4, 7], [-436, -161]]
[[1, 0], [4, 7], [-51, -14]]
[[1, 0], [4, 7], [-59, -28]]
[[1, 0], [4, 7], [-704, -329]]
[[1, 0], [4, 7], [-87, -77]]
[[1, 0], [4, 7], [-95, -48]]
[[1, 0], [40, 129], [-134, -387]]
[[1, 0], [40, 129], [-167, -516]]
[[1, 0], [40, 129], [-47, -129]]
[[1, 0], [40, 129], [-69, -215]]
[[1, 0], [40, 301], [-83, -602]]
[[1, 0], [40, 43], [-101, -86]]
[[1, 0], [40, 43], [-134, -129]]
[[1, 0], [40, 43], [-167, -172]]
[[1, 0], [40, 43], [-195, -172]]
[[1, 0], [40, 43], [-214, -215]]
[[1, 0], [40, 43], [-288, -301]]
[[1, 0], [40, 43], [-383, -344]]
[[1, 0], [40, 43], [-395, -387]]
[[1, 0], [40, 43], [-461, -473]]
[[1, 0], [40, 43], [-575, -602]]
[[1, 0], [40, 43], [-87, -86]]
[[1, 0], [41, 172], [-103, -344]]
[[1, 0], [41, 172], [-55, -172]]
[[1, 0], [41, 172], [-65, -258]]
[[1, 0], [41, 215], [-89, -430]]
[[1, 0], [41, 301], [-85, -602]]
[[1, 0], [41, 344], [-55, -344]]
[[1, 0], [41, 43], [-103, -86]]
[[1, 0], [41, 43], [-137, -129]]
[[1, 0], [41, 43], [-171, -172]]
[[1, 0], [41, 43], [-199, -172]]
[[1, 0], [41, 43], [-219, -215]]
[[1, 0], [41, 43], [-295, -301]]
[[1, 0], [41, 43], [-391, -344]]
[[1, 0], [41, 43], [-404, -387]]
[[1, 0], [41, 43], [-472, -473]]
[[1, 0], [41, 43], [-589, -602]]
[[1, 0], [41, 43], [-89, -86]]
[[1, 0], [41, 56], [-83, -84]]
[[1, 0], [41, 70], [-124, -175]]
[[1, 0], [41, 86], [-103, -172]]
[[1, 0], [41, 86], [-148, -301]]
[[1, 0], [41, 86], [-199, -344]]
[[1, 0], [41, 86], [-219, -430]]
[[1, 0], [41, 86], [-295, -602]]
[[1, 0], [41, 86], [-65, -129]]
[[1, 0], [42, 43], [-105, -86]]
[[1, 0], [42, 43], [-140, -129]]
[[1, 0], [42, 43], [-175, -172]]
[[1, 0], [42, 43], [-203, -172]]
[[1, 0], [42, 43], [-224, -215]]
[[1, 0], [42, 43], [-302, -301]]
[[1, 0], [42, 43], [-399, -344]]
[[1, 0], [42, 43], [-413, -387]]
[[1, 0], [42, 43], [-483, -473]]
[[1, 0], [42, 43], [-603, -602]]
[[1, 0], [42, 43], [-91, -86]]
[[1, 0], [423, 602], [-425, -602]]
[[1, 0], [436, 903], [-437, -903]]
[[1, 0], [44, 301], [-45, -301]]
[[1, 0], [44, 301], [-46, -301]]
[[1, 0], [445, 903], [-446, -903]]
[[1, 0], [45, 154], [-219, -308]]
[[1, 0], [45, 172], [-111, -344]]
[[1, 0], [45, 172], [-59, -172]]
[[1, 0], [45, 172], [-71, -258]]
[[1, 0], [45, 301], [-46, -301]]
[[1, 0], [45, 301], [-47, -301]]
[[1, 0], [45, 301], [-93, -602]]
[[1, 0], [45, 308], [-131, -308]]
[[1, 0], [45, 602], [-47, -602]]
[[1, 0], [45, 77], [-219, -154]]
[[1, 0], [45, 77], [-395, -308]]
[[1, 0], [45, 86], [-111, -172]]
[[1, 0], [45, 86], [-162, -301]]
[[1, 0], [45, 86], [-239, -430]]
[[1, 0], [45, 86], [-323, -602]]
[[1, 0], [45, 86], [-71, -129]]
[[1, 0], [46, 129], [-152, -387]]
[[1, 0], [46, 129], [-191, -516]]
[[1, 0], [46, 129], [-53, -129]]
[[1, 0], [46, 129], [-79, -215]]
[[1, 0], [46, 215], [-99, -430]]
[[1, 0], [46, 301], [-48, -301]]
[[1, 0], [46, 301], [-95, -602]]
[[1, 0], [46, 387], [-53, -387]]
[[1, 0], [46, 63], [-134, -105]]
[[1, 0], [46, 63], [-359, -315]]
[[1, 0], [47, 161], [-137, -322]]
[[1, 0], [47, 301], [-97, -602]]
[[1, 0], [47, 86], [-115, -172]]
[[1, 0], [47, 86], [-169, -301]]
[[1, 0], [47, 86], [-223, -344]]
[[1, 0], [47, 86], [-249, -430]]
[[1, 0], [47, 86], [-337, -602]]
[[1, 0], [47, 86], [-74, -129]]
[[1, 0], [48, 301], [-99, -602]]
[[1, 0], [487, 903], [-488, -903]]
[[1, 0], [49, 129], [-161, -387]]
[[1, 0], [49, 129], [-203, -516]]
[[1, 0], [49, 129], [-56, -129]]
[[1, 0], [49, 129], [-84, -215]]
[[1, 0], [49, 172], [-119, -344]]
[[1, 0], [49, 172], [-63, -172]]
[[1, 0], [49, 172], [-77, -258]]
[[1, 0], [49, 344], [-63, -344]]
[[1, 0], [49, 86], [-119, -172]]
[[1, 0], [49, 86], [-176, -301]]
[[1, 0], [49, 86], [-231, -344]]
[[1, 0], [49, 86], [-259, -430]]
[[1, 0], [49, 86], [-351, -602]]
[[1, 0], [49, 86], [-77, -129]]
[[1, 0], [5, 14], [-130, -301]]
[[1, 0], [5, 14], [-139, -28]]
[[1, 0], [5, 14], [-29, -21]]
[[1, 0], [5, 14], [-307, -77]]
[[1, 0], [5, 14], [-335, -336]]
[[1, 0], [5, 14], [-34, -35]]
[[1, 0], [5, 14], [-44, -63]]
[[1, 0], [5, 14], [-459, -322]]
[[1, 0], [5, 14], [-571, -154]]
[[1, 0], [5, 14], [-59, -105]]
[[1, 0], [5, 172], [-11, -258]]
[[1, 0], [5, 172], [-19, -172]]
[[1, 0], [5, 172], [-31, -344]]
[[1, 0], [5, 28], [-29, -42]]
[[1, 0], [5, 28], [-307, -154]]
[[1, 0], [5, 28], [-571, -308]]
[[1, 0], [5, 28], [-59, -210]]
[[1, 0], [5, 301], [-13, -602]]
[[1, 0], [5, 301], [-6, -301]]
[[1, 0], [5, 43], [-103, -344]]
[[1, 0], [5, 43], [-12, -43]]
[[1, 0], [5, 43], [-17, -86]]
[[1, 0], [5, 43], [-19, -43]]
[[1, 0], [5, 43], [-27, -172]]
[[1, 0], [5, 43], [-29, -129]]
[[1, 0], [5, 43], [-31, -86]]
[[1, 0], [5, 43], [-39, -215]]
[[1, 0], [5, 43], [-55, -172]]
[[1, 0], [5, 43], [-76, -473]]
[[1, 0], [5, 43], [-80, -387]]
[[1, 0], [5, 43], [-85, -602]]
[[1, 0], [5, 7], [-101, -21]]
[[1, 0], [5, 7], [-1214, -315]]
[[1, 0], [5, 7], [-139, -14]]
[[1, 0], [5, 7], [-153, -154]]
[[1, 0], [5, 7], [-2155, -308]]
[[1, 0], [5, 7], [-235, -28]]
[[1, 0], [5, 7], [-24, -25]]
[[1, 0], [5, 7], [-260, -63]]
[[1, 0], [5, 7], [-335, -168]]
[[1, 0], [5, 7], [-419, -105]]
[[1, 0], [5, 7], [-454, -455]]
[[1, 0], [5, 7], [-459, -161]]
[[1, 0], [5, 7], [-485, -378]]
[[1, 0], [5, 7], [-517, -602]]
[[1, 0], [5, 7], [-53, -14]]
[[1, 0], [5, 7], [-571, -77]]
[[1, 0], [5, 7], [-67, -68]]
[[1, 0], [5, 7], [-751, -329]]
[[1, 0], [5, 86], [-11, -129]]
[[1, 0], [5, 86], [-19, -86]]
[[1, 0], [5, 86], [-22, -301]]
[[1, 0], [5, 86], [-31, -172]]
[[1, 0], [5, 86], [-39, -430]]
[[1, 0], [5, 86], [-55, -344]]
[[1, 0], [50, 301], [-103, -602]]
[[1, 0], [50, 301], [-52, -301]]
[[1, 0], [51, 215], [-109, -430]]
[[1, 0], [51, 301], [-53, -301]]
[[1, 0], [51, 602], [-53, -602]]
[[1, 0], [51, 70], [-149, -175]]
[[1, 0], [51, 86], [-123, -172]]
[[1, 0], [51, 86], [-183, -301]]
[[1, 0], [51, 86], [-239, -344]]
[[1, 0], [51, 86], [-269, -430]]
[[1, 0], [51, 86], [-365, -602]]
[[1, 0], [51, 86], [-80, -129]]
[[1, 0], [52, 129], [-170, -387]]
[[1, 0], [52, 129], [-59, -129]]
[[1, 0], [52, 129], [-89, -215]]
[[1, 0], [52, 301], [-107, -602]]
[[1, 0], [52, 301], [-53, -301]]
[[1, 0], [52, 301], [-54, -301]]
[[1, 0], [52, 903], [-53, -903]]
[[1, 0], [53, 172], [-127, -344]]
[[1, 0], [53, 172], [-67, -172]]
[[1, 0], [53, 172], [-83, -258]]
[[1, 0], [53, 301], [-109, -602]]
[[1, 0], [53, 301], [-55, -301]]
[[1, 0], [53, 602], [-55, -602]]
[[1, 0], [53, 86], [-127, -172]]
[[1, 0], [53, 86], [-190, -301]]
[[1, 0], [53, 86], [-247, -344]]
[[1, 0], [53, 86], [-279, -430]]
[[1, 0], [53, 86], [-379, -602]]
[[1, 0], [53, 86], [-83, -129]]
[[1, 0], [54, 301], [-111, -602]]
[[1, 0], [55, 129], [-179, -387]]
[[1, 0], [55, 129], [-227, -516]]
[[1, 0], [55, 129], [-62, -129]]
[[1, 0], [55, 129], [-94, -215]]
[[1, 0], [55, 301], [-113, -602]]
[[1, 0], [55, 301], [-57, -301]]
[[1, 0], [55, 387], [-62, -387]]
[[1, 0], [55, 602], [-57, -602]]
[[1, 0], [55, 63], [-149, -105]]
[[1, 0], [55, 63], [-404, -315]]
[[1, 0], [55, 86], [-131, -172]]
[[1, 0], [55, 86], [-197, -301]]
[[1, 0], [55, 86], [-255, -344]]
[[1, 0], [55, 86], [-289, -430]]
[[1, 0], [55, 86], [-393, -602]]
[[1, 0], [55, 86], [-69, -86]]
[[1, 0], [550, 903], [-551, -903]]
[[1, 0], [56, 215], [-119, -430]]
[[1, 0], [57, 172], [-135, -344]]
[[1, 0], [57, 172], [-71, -172]]
[[1, 0], [57, 172], [-89, -258]]
[[1, 0], [57, 301], [-117, -602]]
[[1, 0], [57, 301], [-58, -301]]
[[1, 0], [57, 301], [-59, -301]]
[[1, 0], [57, 344], [-71, -344]]
[[1, 0], [57, 602], [-59, -602]]
[[1, 0], [57, 86], [-135, -172]]
[[1, 0], [57, 86], [-204, -301]]
[[1, 0], [57, 86], [-263, -344]]
[[1, 0], [57, 86], [-299, -430]]
[[1, 0], [57, 86], [-407, -602]]
[[1, 0], [57, 86], [-89, -129]]
[[1, 0], [571, 903], [-572, -903]]
[[1, 0], [58, 129], [-188, -387]]
[[1, 0], [58, 129], [-239, -516]]
[[1, 0], [58, 129], [-65, -129]]
[[1, 0], [58, 129], [-99, -215]]
[[1, 0], [58, 301], [-59, -301]]
[[1, 0], [58, 301], [-60, -301]]
[[1, 0], [583, 903], [-584, -903]]
[[1, 0], [59, 301], [-121, -602]]
[[1, 0], [59, 301], [-61, -301]]
[[1, 0], [59, 602], [-61, -602]]
[[1, 0], [59, 86], [-139, -172]]
[[1, 0], [59, 86], [-211, -301]]
[[1, 0], [59, 86], [-271, -344]]
[[1, 0], [59, 86], [-309, -430]]
[[1, 0], [59, 86], [-421, -602]]
[[1, 0], [59, 86], [-92, -129]]
[[1, 0], [6, 215], [-19, -430]]
[[1, 0], [6, 301], [-15, -602]]
[[1, 0], [6, 301], [-8, -301]]
[[1, 0], [6, 35], [-104, -105]]
[[1, 0], [6, 35], [-109, -385]]
[[1, 0], [6, 35], [-23, -84]]
[[1, 0], [6, 35], [-269, -315]]
[[1, 0], [6, 35], [-71, -63]]
[[1, 0], [6, 43], [-111, -344]]
[[1, 0], [6, 43], [-13, -43]]
[[1, 0], [6, 43], [-19, -86]]
[[1, 0], [6, 43], [-20, -43]]
[[1, 0], [6, 43], [-31, -172]]
[[1, 0], [6, 43], [-32, -129]]
[[1, 0], [6, 43], [-33, -86]]
[[1, 0], [6, 43], [-44, -215]]
[[1, 0], [6, 43], [-50, -301]]
[[1, 0], [6, 43], [-59, -172]]
[[1, 0], [6, 43], [-87, -473]]
[[1, 0], [6, 43], [-89, -387]]
[[1, 0], [6, 43], [-99, -602]]
[[1, 0], [6, 7], [-104, -21]]
[[1, 0], [6, 7], [-109, -77]]
[[1, 0], [6, 7], [-1121, -154]]
[[1, 0], [6, 7], [-120, -11]]
[[1, 0], [6, 7], [-1259, -315]]
[[1, 0], [6, 7], [-141, -14]]
[[1, 0], [6, 7], [-159, -35]]
[[1, 0], [6, 7], [-197, -22]]
[[1, 0], [6, 7], [-2199, -308]]
[[1, 0], [6, 7], [-239, -28]]
[[1, 0], [6, 7], [-260, -203]]
[[1, 0], [6, 7], [-269, -63]]
[[1, 0], [6, 7], [-285, -182]]
[[1, 0], [6, 7], [-302, -301]]
[[1, 0], [6, 7], [-33, -17]]
[[1, 0], [6, 7], [-351, -44]]
[[1, 0], [6, 7], [-359, -168]]
[[1, 0], [6, 7], [-44, -43]]
[[1, 0], [6, 7], [-482, -161]]
[[1, 0], [6, 7], [-519, -455]]
[[1, 0], [6, 7], [-55, -14]]
[[1, 0], [6, 7], [-582, -77]]
[[1, 0], [6, 7], [-603, -602]]
[[1, 0], [6, 7], [-67, -28]]
[[1, 0], [6, 7], [-87, -86]]
[[1, 0], [6, 7], [-92, -7]]
[[1, 0], [60, 301], [-123, -602]]
[[1, 0], [60, 301], [-61, -301]]
[[1, 0], [60, 301], [-62, -301]]
[[1, 0], [601, 602], [-603, -602]]
[[1, 0], [61, 105], [-269, -315]]
[[1, 0], [61, 129], [-104, -215]]
[[1, 0], [61, 129], [-197, -387]]
[[1, 0], [61, 129], [-251, -516]]
[[1, 0], [61, 129], [-68, -129]]
[[1, 0], [61, 172], [-143, -344]]
[[1, 0], [61, 172], [-75, -172]]
[[1, 0], [61, 172], [-95, -258]]
[[1, 0], [61, 301], [-125, -602]]
[[1, 0], [61, 70], [-174, -175]]
[[1, 0], [61, 86], [-143, -172]]
[[1, 0], [61, 86], [-218, -301]]
[[1, 0], [61, 86], [-279, -344]]
[[1, 0], [61, 86], [-319, -430]]
[[1, 0], [61, 86], [-435, -602]]
[[1, 0], [61, 86], [-95, -129]]
[[1, 0], [61, 903], [-62, -903]]
[[1, 0], [62, 301], [-127, -602]]
[[1, 0], [62, 301], [-64, -301]]
[[1, 0], [63, 86], [-147, -172]]
[[1, 0], [63, 86], [-225, -301]]
[[1, 0], [63, 86], [-287, -344]]
[[1, 0], [63, 86], [-329, -430]]
[[1, 0], [63, 86], [-449, -602]]
[[1, 0], [63, 86], [-98, -129]]
[[1, 0], [634, 903], [-635, -903]]
[[1, 0], [64, 129], [-109, -215]]
[[1, 0], [64, 129], [-206, -387]]
[[1, 0], [64, 129], [-263, -516]]
[[1, 0], [64, 301], [-131, -602]]
[[1, 0], [64, 301], [-65, -301]]
[[1, 0], [64, 301], [-66, -301]]
[[1, 0], [64, 387], [-71, -387]]
[[1, 0], [64, 903], [-65, -903]]
[[1, 0], [65, 172], [-101, -258]]
[[1, 0], [65, 172], [-151, -344]]
[[1, 0], [65, 172], [-79, -172]]
[[1, 0], [65, 301], [-67, -301]]
[[1, 0], [65, 344], [-79, -344]]
[[1, 0], [65, 602], [-67, -602]]
[[1, 0], [65, 86], [-101, -129]]
[[1, 0], [65, 86], [-151, -172]]
[[1, 0], [65, 86], [-232, -301]]
[[1, 0], [65, 86], [-295, -344]]
[[1, 0], [65, 86], [-339, -430]]
[[1, 0], [65, 86], [-463, -602]]
[[1, 0], [66, 215], [-139, -430]]
[[1, 0], [66, 301], [-135, -602]]
[[1, 0], [66, 301], [-68, -301]]
[[1, 0], [67, 129], [-114, -215]]
[[1, 0], [67, 129], [-275, -516]]
[[1, 0], [67, 154], [-263, -308]]
[[1, 0], [67, 301], [-137, -602]]
[[1, 0], [67, 301], [-69, -301]]
[[1, 0], [67, 602], [-69, -602]]
[[1, 0], [67, 77], [-263, -154]]
[[1, 0], [67, 86], [-104, -129]]
[[1, 0], [67, 86], [-155, -172]]
[[1, 0], [67, 86], [-239, -301]]
[[1, 0], [67, 86], [-303, -344]]
[[1, 0], [67, 86], [-349, -430]]
[[1, 0], [67, 86], [-477, -602]]
[[1, 0], [68, 301], [-139, -602]]
[[1, 0], [69, 172], [-107, -258]]
[[1, 0], [69, 172], [-159, -344]]
[[1, 0], [69, 172], [-83, -172]]
[[1, 0], [69, 301], [-141, -602]]
[[1, 0], [69, 301], [-71, -301]]
[[1, 0], [69, 602], [-71, -602]]
[[1, 0], [69, 86], [-107, -129]]
[[1, 0], [69, 86], [-159, -172]]
[[1, 0], [69, 86], [-246, -301]]
[[1, 0], [69, 86], [-311, -344]]
[[1, 0], [69, 86], [-359, -430]]
[[1, 0], [69, 86], [-491, -602]]
[[1, 0], [7, 129], [-14, -129]]
[[1, 0], [7, 129], [-14, -215]]
[[1, 0], [7, 129], [-35, -387]]
[[1, 0], [7, 129], [-35, -516]]
[[1, 0], [7, 43], [-113, -602]]
[[1, 0], [7, 43], [-119, -344]]
[[1, 0], [7, 43], [-14, -43]]
[[1, 0], [7, 43], [-21, -43]]
[[1, 0], [7, 43], [-21, -86]]
[[1, 0], [7, 43], [-35, -129]]
[[1, 0], [7, 43], [-35, -172]]
[[1, 0], [7, 43], [-35, -86]]
[[1, 0], [7, 43], [-49, -215]]
[[1, 0], [7, 43], [-57, -301]]
[[1, 0], [7, 43], [-63, -172]]
[[1, 0], [7, 43], [-98, -387]]
[[1, 0], [7, 43], [-98, -473]]
[[1, 0], [7, 86], [-14, -129]]
[[1, 0], [7, 86], [-21, -86]]
[[1, 0], [7, 86], [-29, -301]]
[[1, 0], [7, 86], [-35, -172]]
[[1, 0], [7, 86], [-49, -430]]
[[1, 0], [7, 86], [-57, -602]]
[[1, 0], [7, 86], [-63, -344]]
[[1, 0], [70, 129], [-119, -215]]
[[1, 0], [70, 129], [-224, -387]]
[[1, 0], [70, 129], [-287, -516]]
[[1, 0], [71, 215], [-149, -430]]
[[1, 0], [71, 301], [-145, -602]]
[[1, 0], [71, 301], [-73, -301]]
[[1, 0], [71, 602], [-73, -602]]
[[1, 0], [71, 86], [-110, -129]]
[[1, 0], [71, 86], [-163, -172]]
[[1, 0], [71, 86], [-253, -301]]
[[1, 0], [71, 86], [-319, -344]]
[[1, 0], [71, 86], [-369, -430]]
[[1, 0], [71, 86], [-505, -602]]
[[1, 0], [72, 301], [-74, -301]]
[[1, 0], [73, 129], [-124, -215]]
[[1, 0], [73, 129], [-233, -387]]
[[1, 0], [73, 129], [-299, -516]]
[[1, 0], [73, 172], [-113, -258]]
[[1, 0], [73, 172], [-167, -344]]
[[1, 0], [73, 172], [-87, -172]]
[[1, 0], [73, 301], [-149, -602]]
[[1, 0], [73, 301], [-75, -301]]
[[1, 0], [73, 344], [-87, -344]]
[[1, 0], [73, 387], [-80, -387]]
[[1, 0], [73, 602], [-75, -602]]
[[1, 0], [73, 84], [-335, -336]]
[[1, 0], [73, 86], [-113, -129]]
[[1, 0], [73, 86], [-167, -172]]
[[1, 0], [73, 86], [-260, -301]]
[[1, 0], [73, 86], [-327, -344]]
[[1, 0], [73, 86], [-379, -430]]
[[1, 0], [73, 86], [-519, -602]]
[[1, 0], [73, 86], [-87, -86]]
[[1, 0], [74, 301], [-151, -602]]
[[1, 0], [74, 301], [-76, -301]]
[[1, 0], [75, 301], [-153, -602]]
[[1, 0], [75, 86], [-116, -129]]
[[1, 0], [75, 86], [-171, -172]]
[[1, 0], [75, 86], [-267, -301]]
[[1, 0], [75, 86], [-335, -344]]
[[1, 0], [75, 86], [-389, -430]]
[[1, 0], [75, 86], [-533, -602]]
[[1, 0], [75, 86], [-89, -86]]
[[1, 0], [76, 105], [-314, -315]]
[[1, 0], [76, 129], [-242, -387]]
[[1, 0], [76, 129], [-311, -516]]
[[1, 0], [76, 215], [-159, -430]]
[[1, 0], [76, 301], [-155, -602]]
[[1, 0], [76, 301], [-78, -301]]
[[1, 0], [77, 172], [-119, -258]]
[[1, 0], [77, 172], [-175, -344]]
[[1, 0], [77, 172], [-91, -172]]
[[1, 0], [77, 86], [-119, -129]]
[[1, 0], [77, 86], [-175, -172]]
[[1, 0], [77, 86], [-274, -301]]
[[1, 0], [77, 86], [-343, -344]]
[[1, 0], [77, 86], [-399, -430]]
[[1, 0], [77, 86], [-547, -602]]
[[1, 0], [77, 86], [-91, -86]]
[[1, 0], [78, 301], [-159, -602]]
[[1, 0], [78, 301], [-80, -301]]
[[1, 0], [79, 129], [-134, -215]]
[[1, 0], [79, 129], [-251, -387]]
[[1, 0], [79, 129], [-323, -516]]
[[1, 0], [79, 301], [-80, -301]]
[[1, 0], [79, 301], [-81, -301]]
[[1, 0], [79, 602], [-81, -602]]
[[1, 0], [79, 86], [-122, -129]]
[[1, 0], [79, 86], [-179, -172]]
[[1, 0], [79, 86], [-281, -301]]
[[1, 0], [79, 86], [-351, -344]]
[[1, 0], [79, 86], [-409, -430]]
[[1, 0], [79, 86], [-561, -602]]
[[1, 0], [79, 86], [-93, -86]]
[[1, 0], [79, 903], [-80, -903]]
[[1, 0], [8, 301], [-10, -301]]
[[1, 0], [8, 301], [-19, -602]]
[[1, 0], [8, 301], [-9, -301]]
[[1, 0], [8, 43], [-107, -387]]
[[1, 0], [8, 43], [-109, -473]]
[[1, 0], [8, 43], [-127, -344]]
[[1, 0], [8, 43], [-127, -602]]
[[1, 0], [8, 43], [-15, -43]]
[[1, 0], [8, 43], [-22, -43]]
[[1, 0], [8, 43], [-23, -86]]
[[1, 0], [8, 43], [-37, -86]]
[[1, 0], [8, 43], [-38, -129]]
[[1, 0], [8, 43], [-39, -172]]
[[1, 0], [8, 43], [-54, -215]]
[[1, 0], [8, 43], [-64, -301]]
[[1, 0], [8, 43], [-67, -172]]
[[1, 0], [80, 301], [-163, -602]]
[[1, 0], [80, 301], [-82, -301]]
[[1, 0], [81, 112], [-143, -168]]
[[1, 0], [81, 172], [-125, -258]]
[[1, 0], [81, 172], [-183, -344]]
[[1, 0], [81, 215], [-169, -430]]
[[1, 0], [81, 301], [-165, -602]]
[[1, 0], [81, 301], [-83, -301]]
[[1, 0], [81, 344], [-95, -344]]
[[1, 0], [81, 602], [-83, -602]]
[[1, 0], [81, 86], [-125, -129]]
[[1, 0], [81, 86], [-183, -172]]
[[1, 0], [81, 86], [-288, -301]]
[[1, 0], [81, 86], [-359, -344]]
[[1, 0], [81, 86], [-419, -430]]
[[1, 0], [81, 86], [-575, -602]]
[[1, 0], [82, 129], [-139, -215]]
[[1, 0], [82, 129], [-260, -387]]
[[1, 0], [82, 129], [-335, -516]]
[[1, 0], [82, 301], [-167, -602]]
[[1, 0], [82, 387], [-89, -387]]
[[1, 0], [83, 301], [-169, -602]]
[[1, 0], [83, 301], [-85, -301]]
[[1, 0], [83, 602], [-85, -602]]
[[1, 0], [83, 86], [-128, -129]]
[[1, 0], [83, 86], [-187, -172]]
[[1, 0], [83, 86], [-295, -301]]
[[1, 0], [83, 86], [-367, -344]]
[[1, 0], [83, 86], [-429, -430]]
[[1, 0], [83, 86], [-589, -602]]
[[1, 0], [85, 129], [-144, -215]]
[[1, 0], [85, 129], [-269, -387]]
[[1, 0], [85, 129], [-347, -516]]
[[1, 0], [85, 172], [-131, -258]]
[[1, 0], [85, 172], [-191, -344]]
[[1, 0], [85, 301], [-173, -602]]
[[1, 0], [85, 301], [-87, -301]]
[[1, 0], [85, 602], [-87, -602]]
[[1, 0], [85, 86], [-131, -129]]
[[1, 0], [85, 86], [-191, -172]]
[[1, 0], [85, 86], [-302, -301]]
[[1, 0], [85, 86], [-375, -344]]
[[1, 0], [85, 86], [-439, -430]]
[[1, 0], [85, 86], [-603, -602]]
[[1, 0], [87, 301], [-177, -602]]
[[1, 0], [87, 301], [-89, -301]]
[[1, 0], [87, 602], [-89, -602]]
[[1, 0], [88, 129], [-149, -215]]
[[1, 0], [88, 129], [-278, -387]]
[[1, 0], [88, 129], [-359, -516]]
[[1, 0], [88, 301], [-179, -602]]
[[1, 0], [88, 301], [-90, -301]]
[[1, 0], [89, 154], [-307, -308]]
[[1, 0], [89, 172], [-137, -258]]
[[1, 0], [89, 172], [-199, -344]]
[[1, 0], [89, 301], [-181, -602]]
[[1, 0], [89, 301], [-90, -301]]
[[1, 0], [89, 344], [-103, -344]]
[[1, 0], [9, 14], [-1187, -308]]
[[1, 0], [9, 14], [-19, -20]]
[[1, 0], [9, 14], [-216, -301]]
[[1, 0], [9, 14], [-347, -406]]
[[1, 0], [9, 14], [-363, -364]]
[[1, 0], [9, 14], [-431, -336]]
[[1, 0], [9, 14], [-431, -602]]
[[1, 0], [9, 14], [-44, -35]]
[[1, 0], [9, 14], [-551, -322]]
[[1, 0], [9, 14], [-615, -154]]
[[1, 0], [9, 14], [-62, -63]]
[[1, 0], [9, 14], [-79, -56]]
[[1, 0], [9, 14], [-89, -105]]
[[1, 0], [9, 14], [-91, -46]]
[[1, 0], [9, 172], [-17, -258]]
[[1, 0], [9, 172], [-23, -172]]
[[1, 0], [9, 172], [-39, -344]]
[[1, 0], [9, 28], [-186, -77]]
[[1, 0], [9, 28], [-615, -308]]
[[1, 0], [9, 28], [-79, -112]]
[[1, 0], [9, 28], [-89, -210]]
[[1, 0], [9, 28], [-95, -28]]
[[1, 0], [9, 301], [-11, -301]]
[[1, 0], [9, 344], [-23, -344]]
[[1, 0], [9, 43], [-116, -387]]
[[1, 0], [9, 43], [-120, -473]]
[[1, 0], [9, 43], [-135, -344]]
[[1, 0], [9, 43], [-141, -602]]
[[1, 0], [9, 43], [-16, -43]]
[[1, 0], [9, 43], [-23, -43]]
[[1, 0], [9, 43], [-25, -86]]
[[1, 0], [9, 43], [-39, -86]]
[[1, 0], [9, 43], [-41, -129]]
[[1, 0], [9, 43], [-59, -215]]
[[1, 0], [9, 43], [-71, -172]]
[[1, 0], [9, 43], [-71, -301]]
[[1, 0], [9, 602], [-11, -602]]
[[1, 0], [9, 86], [-17, -129]]
[[1, 0], [9, 86], [-23, -86]]
[[1, 0], [9, 86], [-36, -301]]
[[1, 0], [9, 86], [-39, -172]]
[[1, 0], [9, 86], [-59, -430]]
[[1, 0], [9, 86], [-71, -344]]
[[1, 0], [9, 86], [-71, -602]]
[[1, 0], [90, 301], [-183, -602]]
[[1, 0], [90, 301], [-92, -301]]
[[1, 0], [91, 129], [-154, -215]]
[[1, 0], [91, 129], [-287, -387]]
[[1, 0], [91, 129], [-371, -516]]
[[1, 0], [91, 215], [-189, -430]]
[[1, 0], [91, 387], [-98, -387]]
[[1, 0], [92, 301], [-187, -602]]
[[1, 0], [92, 301], [-94, -301]]
[[1, 0], [93, 161], [-229, -322]]
[[1, 0], [93, 172], [-143, -258]]
[[1, 0], [93, 172], [-207, -344]]
[[1, 0], [93, 301], [-94, -301]]
[[1, 0], [93, 301], [-95, -301]]
[[1, 0], [93, 602], [-95, -602]]
[[1, 0], [94, 129], [-159, -215]]
[[1, 0], [94, 129], [-296, -387]]
[[1, 0], [94, 129], [-383, -516]]
[[1, 0], [94, 301], [-191, -602]]
[[1, 0], [94, 301], [-96, -301]]
[[1, 0], [95, 301], [-193, -602]]
[[1, 0], [95, 301], [-96, -301]]
[[1, 0], [95, 301], [-97, -301]]
[[1, 0], [95, 602], [-97, -602]]
[[1, 0], [96, 215], [-199, -430]]
[[1, 0], [96, 301], [-195, -602]]
[[1, 0], [97, 112], [-167, -168]]
[[1, 0], [97, 129], [-164, -215]]
[[1, 0], [97, 129], [-305, -387]]
[[1, 0], [97, 129], [-395, -516]]
[[1, 0], [97, 172], [-149, -258]]
[[1, 0], [97, 301], [-197, -602]]
[[1, 0], [97, 301], [-99, -301]]
[[1, 0], [97, 344], [-111, -344]]
[[1, 0], [97, 602], [-99, -602]]
[[1, 0], [99, 301], [-101, -301]]
[[1, 0], [99, 301], [-201, -602]]
[[1, 0], [99, 602], [-101, -602]]
