[[1, 0], [0, 1], [-123696, -287]]
[[1, 0], [0, 1], [-123696, -431]]
[[1, 0], [0, 1], [-148607, -172]]
[[1, 0], [0, 1], [-148607, -864]]
[[1, 0], [0, 1], [-1718, -191]]
[[1, 0], [0, 1], [-1718, -1]]
[[1, 0], [0, 1], [-1718, -3]]
[[1, 0], [0, 1], [-1718, -573]]
[[1, 0], [0, 1], [-1718, -9]]
[[1, 0], [0, 1], [-1719, -1718]]
[[1, 0], [0, 1], [-18039, -20]]
[[1, 0], [0, 1], [-18039, -41]]
[[1, 0], [0, 1], [-18039, -440]]
[[1, 0], [0, 1], [-18039, -902]]
[[1, 0], [0, 1], [-185544, -215]]
[[1, 0], [0, 1], [-185544, -863]]
[[1, 0], [0, 1], [-24911, -144]]
[[1, 0], [0, 1], [-24911, -173]]
[[1, 0], [0, 1], [-2577, -1289]]
[[1, 0], [0, 1], [-2577, -2]]
[[1, 0], [0, 1], [-3436, -491]]
[[1, 0], [0, 1], [-3436, -7]]
[[1, 0], [0, 1], [-370229, -430]]
[[1, 0], [0, 1], [-370229, -861]]
[[1, 0], [0, 1], [-37796, -43]]
[[1, 0], [0, 1], [-37796, -879]]
[[1, 0], [0, 1], [-4295, -1074]]
[[1, 0], [0, 1], [-4295, -179]]
[[1, 0], [0, 1], [-4295, -24]]
[[1, 0], [0, 1], [-4295, -4]]
[[1, 0], [0, 1], [-5154, -1031]]
[[1, 0], [0, 1], [-5154, -5]]
[[1, 0], [0, 1], [-53258, -123]]
[[1, 0], [0, 1], [-53258, -433]]
[[1, 0], [0, 1], [-6013, -62]]
[[1, 0], [0, 1], [-6013, -97]]
[[1, 0], [0, 1], [-6872, -79]]
[[1, 0], [0, 1], [-6872, -87]]
[[1, 0], [0, 1], [-739599, -860]]
[[1, 0], [0, 1], [-74733, -869]]
[[1, 0], [0, 1], [-74733, -86]]
[[1, 0], [0, 1], [-859, -10]]
[[1, 0], [0, 1], [-859, -172]]
[[1, 0], [0, 1], [-859, -1]]
[[1, 0], [0, 1], [-859, -20]]
[[1, 0], [0, 1], [-859, -215]]
[[1, 0], [0, 1], [-859, -2]]
[[1, 0], [0, 1], [-859, -430]]
[[1, 0], [0, 1], [-859, -43]]
[[1, 0], [0, 1], [-859, -4]]
[[1, 0], [0, 1], [-859, -5]]
[[1, 0], [0, 1], [-859, -86]]
[[1, 0], [0, 1], [-860, -859]]
[[1, 0], [0, 1], [-9449, -10]]
[[1, 0], [0, 1], [-9449, -175]]
[[1, 0], [0, 1], [-9449, -21]]
[[1, 0], [0, 1], [-9449, -450]]
[[1, 0], [0, 1], [-9449, -54]]
[[1, 0], [0, 1], [-9449, -945]]
[[1, 0], [1, 108], [-863, -432]]
[[1, 0], [1, 10], [-15651, -172]]
[[1, 0], [1, 10], [-1719, -10]]
[[1, 0], [1, 10], [-191, -192]]
[[1, 0], [1, 10], [-19349, -215]]
[[1, 0], [1, 10], [-2579, -20]]
[[1, 0], [1, 10], [-37839, -430]]
[[1, 0], [1, 10], [-4557, -43]]
[[1, 0], [1, 10], [-6959, -870]]
[[1, 0], [1, 10], [-74819, -860]]
[[1, 0], [1, 10], [-8255, -86]]
[[1, 0], [1, 10], [-87, -11]]
[[1, 0], [1, 11], [-6951, -869]]
[[1, 0], [1, 11], [-710, -79]]
[[1, 0], [1, 11], [-86, -87]]
[[1, 0], [1, 11], [-879, -220]]
[[1, 0], [1, 11], [-945, -946]]
[[1, 0], [1, 123], [-1434, -287]]
[[1, 0], [1, 123], [-3443, -861]]
[[1, 0], [1, 123], [-860, -123]]
[[1, 0], [1, 124], [-433, -434]]
[[1, 0], [1, 12], [-1727, -108]]
[[1, 0], [1, 12], [-364, -73]]
[[1, 0], [1, 12], [-431, -18]]
[[1, 0], [1, 12], [-4319, -288]]
[[1, 0], [1, 12], [-863, -48]]
[[1, 0], [1, 144], [-431, -216]]
[[1, 0], [1, 145], [-173, -174]]
[[1, 0], [1, 14], [-309, -31]]
[[1, 0], [1, 14], [-440, -147]]
[[1, 0], [1, 14], [-6075, -868]]
[[1, 0], [1, 15], [-231, -29]]
[[1, 0], [1, 16], [-1727, -144]]
[[1, 0], [1, 16], [-329, -110]]
[[1, 0], [1, 16], [-431, -24]]
[[1, 0], [1, 16], [-755, -54]]
[[1, 0], [1, 16], [-9503, -864]]
[[1, 0], [1, 1718], [-3, -1718]]
[[1, 0], [1, 172], [-1719, -172]]
[[1, 0], [1, 172], [-1934, -215]]
[[1, 0], [1, 172], [-3009, -430]]
[[1, 0], [1, 172], [-5159, -860]]
[[1, 0], [1, 173], [-864, -865]]
[[1, 0], [1, 18], [-431, -27]]
[[1, 0], [1, 18], [-4319, -432]]
[[1, 0], [1, 18], [-479, -32]]
[[1, 0], [1, 18], [-863, -72]]
[[1, 0], [1, 20], [-10104, -215]]
[[1, 0], [1, 20], [-1719, -20]]
[[1, 0], [1, 20], [-19349, -430]]
[[1, 0], [1, 20], [-2708, -43]]
[[1, 0], [1, 20], [-37839, -860]]
[[1, 0], [1, 20], [-4557, -86]]
[[1, 0], [1, 20], [-8255, -172]]
[[1, 0], [1, 20], [-87, -22]]
[[1, 0], [1, 215], [-1719, -215]]
[[1, 0], [1, 215], [-2579, -430]]
[[1, 0], [1, 215], [-4299, -860]]
[[1, 0], [1, 216], [-863, -864]]
[[1, 0], [1, 21], [-1270, -41]]
[[1, 0], [1, 21], [-18080, -861]]
[[1, 0], [1, 21], [-2951, -123]]
[[1, 0], [1, 21], [-43, -44]]
[[1, 0], [1, 21], [-6313, -287]]
[[1, 0], [1, 21], [-860, -21]]
[[1, 0], [1, 21], [-902, -903]]
[[1, 0], [1, 22], [-450, -451]]
[[1, 0], [1, 22], [-879, -440]]
[[1, 0], [1, 24], [-1727, -216]]
[[1, 0], [1, 24], [-431, -36]]
[[1, 0], [1, 24], [-863, -96]]
[[1, 0], [1, 2577], [-2, -2577]]
[[1, 0], [1, 25], [-179, -180]]
[[1, 0], [1, 27], [-2015, -288]]
[[1, 0], [1, 27], [-479, -48]]
[[1, 0], [1, 27], [-863, -108]]
[[1, 0], [1, 287], [-1721, -861]]
[[1, 0], [1, 287], [-860, -287]]
[[1, 0], [1, 288], [-431, -432]]
[[1, 0], [1, 28], [-309, -62]]
[[1, 0], [1, 29], [-869, -290]]
[[1, 0], [1, 2], [-1031, -344]]
[[1, 0], [1, 2], [-124127, -862]]
[[1, 0], [1, 2], [-1719, -1718]]
[[1, 0], [1, 2], [-1719, -2]]
[[1, 0], [1, 2], [-1727, -18]]
[[1, 0], [1, 2], [-18479, -880]]
[[1, 0], [1, 2], [-185759, -430]]
[[1, 0], [1, 2], [-19349, -43]]
[[1, 0], [1, 2], [-2291, -1146]]
[[1, 0], [1, 2], [-25055, -288]]
[[1, 0], [1, 2], [-2579, -4]]
[[1, 0], [1, 2], [-3009, -5]]
[[1, 0], [1, 2], [-370659, -860]]
[[1, 0], [1, 2], [-37839, -86]]
[[1, 0], [1, 2], [-3927, -982]]
[[1, 0], [1, 2], [-431, -3]]
[[1, 0], [1, 2], [-4319, -48]]
[[1, 0], [1, 2], [-433, -7]]
[[1, 0], [1, 2], [-440, -21]]
[[1, 0], [1, 2], [-450, -41]]
[[1, 0], [1, 2], [-491, -123]]
[[1, 0], [1, 2], [-5159, -10]]
[[1, 0], [1, 2], [-53691, -866]]
[[1, 0], [1, 2], [-5693, -219]]
[[1, 0], [1, 2], [-573, -287]]
[[1, 0], [1, 2], [-6075, -124]]
[[1, 0], [1, 2], [-6959, -174]]
[[1, 0], [1, 2], [-74819, -172]]
[[1, 0], [1, 2], [-860, -859]]
[[1, 0], [1, 2], [-863, -8]]
[[1, 0], [1, 2], [-879, -40]]
[[1, 0], [1, 2], [-93309, -215]]
[[1, 0], [1, 2], [-9459, -20]]
[[1, 0], [1, 2], [-9503, -108]]
[[1, 0], [1, 2], [-9899, -900]]
[[1, 0], [1, 30], [-231, -58]]
[[1, 0], [1, 32], [-1727, -288]]
[[1, 0], [1, 32], [-431, -48]]
[[1, 0], [1, 32], [-755, -108]]
[[1, 0], [1, 35], [-249, -125]]
[[1, 0], [1, 36], [-431, -54]]
[[1, 0], [1, 36], [-4319, -864]]
[[1, 0], [1, 36], [-863, -144]]
[[1, 0], [1, 3], [-1031, -516]]
[[1, 0], [1, 3], [-123983, -861]]
[[1, 0], [1, 3], [-1289, -1290]]
[[1, 0], [1, 3], [-1434, -7]]
[[1, 0], [1, 3], [-1534, -307]]
[[1, 0], [1, 3], [-1727, -27]]
[[1, 0], [1, 3], [-18080, -123]]
[[1, 0], [1, 3], [-2015, -32]]
[[1, 0], [1, 3], [-25055, -432]]
[[1, 0], [1, 3], [-3443, -21]]
[[1, 0], [1, 3], [-41614, -287]]
[[1, 0], [1, 3], [-430, -431]]
[[1, 0], [1, 3], [-4319, -72]]
[[1, 0], [1, 3], [-6110, -291]]
[[1, 0], [1, 3], [-6313, -41]]
[[1, 0], [1, 3], [-860, -3]]
[[1, 0], [1, 3], [-863, -12]]
[[1, 0], [1, 3], [-869, -30]]
[[1, 0], [1, 3], [-902, -129]]
[[1, 0], [1, 40], [-87, -44]]
[[1, 0], [1, 41], [-1721, -123]]
[[1, 0], [1, 41], [-3443, -287]]
[[1, 0], [1, 41], [-860, -41]]
[[1, 0], [1, 41], [-9470, -861]]
[[1, 0], [1, 42], [-440, -441]]
[[1, 0], [1, 430], [-1719, -430]]
[[1, 0], [1, 430], [-2579, -860]]
[[1, 0], [1, 431], [-861, -862]]
[[1, 0], [1, 43], [-1719, -43]]
[[1, 0], [1, 43], [-18059, -860]]
[[1, 0], [1, 43], [-2579, -86]]
[[1, 0], [1, 43], [-4299, -172]]
[[1, 0], [1, 43], [-5159, -215]]
[[1, 0], [1, 43], [-9459, -430]]
[[1, 0], [1, 44], [-879, -880]]
[[1, 0], [1, 48], [-1727, -432]]
[[1, 0], [1, 48], [-431, -72]]
[[1, 0], [1, 4], [-10104, -43]]
[[1, 0], [1, 4], [-1719, -4]]
[[1, 0], [1, 4], [-1727, -36]]
[[1, 0], [1, 4], [-185759, -860]]
[[1, 0], [1, 4], [-1934, -5]]
[[1, 0], [1, 4], [-19349, -86]]
[[1, 0], [1, 4], [-1988, -221]]
[[1, 0], [1, 4], [-3009, -10]]
[[1, 0], [1, 4], [-37839, -172]]
[[1, 0], [1, 4], [-431, -6]]
[[1, 0], [1, 4], [-4319, -96]]
[[1, 0], [1, 4], [-433, -14]]
[[1, 0], [1, 4], [-47084, -215]]
[[1, 0], [1, 4], [-491, -246]]
[[1, 0], [1, 4], [-5159, -20]]
[[1, 0], [1, 4], [-5693, -438]]
[[1, 0], [1, 4], [-573, -574]]
[[1, 0], [1, 4], [-863, -16]]
[[1, 0], [1, 4], [-879, -80]]
[[1, 0], [1, 4], [-93309, -430]]
[[1, 0], [1, 4], [-9503, -216]]
[[1, 0], [1, 54], [-479, -96]]
[[1, 0], [1, 54], [-863, -216]]
[[1, 0], [1, 55], [-175, -176]]
[[1, 0], [1, 5], [-1074, -1075]]
[[1, 0], [1, 5], [-1238, -177]]
[[1, 0], [1, 5], [-148779, -860]]
[[1, 0], [1, 5], [-15651, -86]]
[[1, 0], [1, 5], [-1719, -5]]
[[1, 0], [1, 5], [-173, -6]]
[[1, 0], [1, 5], [-175, -16]]
[[1, 0], [1, 5], [-179, -36]]
[[1, 0], [1, 5], [-1909, -955]]
[[1, 0], [1, 5], [-191, -96]]
[[1, 0], [1, 5], [-215, -216]]
[[1, 0], [1, 5], [-25084, -865]]
[[1, 0], [1, 5], [-2579, -10]]
[[1, 0], [1, 5], [-30443, -172]]
[[1, 0], [1, 5], [-37839, -215]]
[[1, 0], [1, 5], [-4299, -20]]
[[1, 0], [1, 5], [-4474, -895]]
[[1, 0], [1, 5], [-6959, -435]]
[[1, 0], [1, 5], [-74819, -430]]
[[1, 0], [1, 5], [-8255, -43]]
[[1, 0], [1, 5], [-9624, -875]]
[[1, 0], [1, 62], [-433, -217]]
[[1, 0], [1, 63], [-97, -98]]
[[1, 0], [1, 6], [-1031, -1032]]
[[1, 0], [1, 6], [-172, -173]]
[[1, 0], [1, 6], [-1727, -54]]
[[1, 0], [1, 6], [-25055, -864]]
[[1, 0], [1, 6], [-431, -9]]
[[1, 0], [1, 6], [-4319, -144]]
[[1, 0], [1, 6], [-440, -63]]
[[1, 0], [1, 6], [-863, -24]]
[[1, 0], [1, 72], [-431, -108]]
[[1, 0], [1, 72], [-863, -288]]
[[1, 0], [1, 7], [-1721, -21]]
[[1, 0], [1, 7], [-18080, -287]]
[[1, 0], [1, 7], [-249, -25]]
[[1, 0], [1, 7], [-2951, -41]]
[[1, 0], [1, 7], [-53381, -861]]
[[1, 0], [1, 7], [-6075, -434]]
[[1, 0], [1, 7], [-7994, -123]]
[[1, 0], [1, 7], [-860, -7]]
[[1, 0], [1, 7], [-902, -301]]
[[1, 0], [1, 80], [-87, -88]]
[[1, 0], [1, 859], [-2, -859]]
[[1, 0], [1, 859], [-3, -859]]
[[1, 0], [1, 859], [-5, -1718]]
[[1, 0], [1, 860], [-1719, -860]]
[[1, 0], [1, 861], [-860, -861]]
[[1, 0], [1, 86], [-1719, -86]]
[[1, 0], [1, 86], [-2579, -172]]
[[1, 0], [1, 86], [-3009, -215]]
[[1, 0], [1, 86], [-5159, -430]]
[[1, 0], [1, 86], [-9459, -860]]
[[1, 0], [1, 87], [-869, -870]]
[[1, 0], [1, 8], [-1727, -72]]
[[1, 0], [1, 8], [-329, -55]]
[[1, 0], [1, 8], [-431, -12]]
[[1, 0], [1, 8], [-491, -492]]
[[1, 0], [1, 8], [-755, -27]]
[[1, 0], [1, 8], [-863, -32]]
[[1, 0], [1, 8], [-9503, -432]]
[[1, 0], [1, 8], [-980, -109]]
[[1, 0], [1, 96], [-1727, -864]]
[[1, 0], [1, 96], [-431, -144]]
[[1, 0], [1, 9], [-2015, -96]]
[[1, 0], [1, 9], [-4319, -216]]
[[1, 0], [1, 9], [-479, -16]]
[[1, 0], [1, 9], [-6110, -873]]
[[1, 0], [1, 9], [-863, -36]]
[[1, 0], [1, 9], [-97, -14]]
[[1, 0], [10, 2577], [-11, -2577]]
[[1, 0], [10, 859], [-11, -859]]
[[1, 0], [10, 859], [-12, -859]]
[[1, 0], [10, 859], [-23, -1718]]
[[1, 0], [100, 2577], [-101, -2577]]
[[1, 0], [100, 859], [-102, -859]]
[[1, 0], [100, 859], [-203, -1718]]
[[1, 0], [1000, 2577], [-1001, -2577]]
[[1, 0], [101, 1718], [-103, -1718]]
[[1, 0], [101, 859], [-103, -859]]
[[1, 0], [101, 859], [-205, -1718]]
[[1, 0], [102, 859], [-103, -859]]
[[1, 0], [102, 859], [-104, -859]]
[[1, 0], [102, 859], [-207, -1718]]
[[1, 0], [103, 1718], [-105, -1718]]
[[1, 0], [103, 2577], [-104, -2577]]
[[1, 0], [103, 859], [-104, -859]]
[[1, 0], [103, 859], [-105, -859]]
[[1, 0], [103, 859], [-209, -1718]]
[[1, 0], [104, 859], [-106, -859]]
[[1, 0], [104, 859], [-211, -1718]]
[[1, 0], [105, 1718], [-107, -1718]]
[[1, 0], [105, 859], [-107, -859]]
[[1, 0], [105, 859], [-213, -1718]]
[[1, 0], [1057, 2577], [-1058, -2577]]
[[1, 0], [106, 2577], [-107, -2577]]
[[1, 0], [106, 859], [-107, -859]]
[[1, 0], [106, 859], [-108, -859]]
[[1, 0], [106, 859], [-215, -1718]]
[[1, 0], [107, 1718], [-109, -1718]]
[[1, 0], [107, 859], [-108, -859]]
[[1, 0], [107, 859], [-109, -859]]
[[1, 0], [107, 859], [-217, -1718]]
[[1, 0], [108, 859], [-109, -859]]
[[1, 0], [108, 859], [-110, -859]]
[[1, 0], [108, 859], [-219, -1718]]
[[1, 0], [109, 1718], [-111, -1718]]
[[1, 0], [109, 2577], [-110, -2577]]
[[1, 0], [109, 859], [-110, -859]]
[[1, 0], [109, 859], [-111, -859]]
[[1, 0], [109, 859], [-221, -1718]]
[[1, 0], [11, 1718], [-13, -1718]]
[[1, 0], [11, 859], [-12, -859]]
[[1, 0], [11, 859], [-13, -859]]
[[1, 0], [11, 859], [-25, -1718]]
[[1, 0], [110, 859], [-111, -859]]
[[1, 0], [110, 859], [-112, -859]]
[[1, 0], [110, 859], [-223, -1718]]
[[1, 0], [111, 1718], [-113, -1718]]
[[1, 0], [111, 859], [-113, -859]]
[[1, 0], [111, 859], [-225, -1718]]
[[1, 0], [112, 859], [-114, -859]]
[[1, 0], [112, 859], [-227, -1718]]
[[1, 0], [113, 1718], [-115, -1718]]
[[1, 0], [113, 859], [-115, -859]]
[[1, 0], [113, 859], [-229, -1718]]
[[1, 0], [114, 859], [-115, -859]]
[[1, 0], [114, 859], [-116, -859]]
[[1, 0], [114, 859], [-231, -1718]]
[[1, 0], [115, 1718], [-117, -1718]]
[[1, 0], [115, 2577], [-116, -2577]]
[[1, 0], [115, 859], [-116, -859]]
[[1, 0], [115, 859], [-117, -859]]
[[1, 0], [115, 859], [-233, -1718]]
[[1, 0], [116, 859], [-117, -859]]
[[1, 0], [116, 859], [-118, -859]]
[[1, 0], [116, 859], [-235, -1718]]
[[1, 0], [117, 1718], [-119, -1718]]
[[1, 0], [117, 859], [-118, -859]]
[[1, 0], [117, 859], [-119, -859]]
[[1, 0], [117, 859], [-237, -1718]]
[[1, 0], [118, 2577], [-119, -2577]]
[[1, 0], [118, 859], [-119, -859]]
[[1, 0], [118, 859], [-120, -859]]
[[1, 0], [118, 859], [-239, -1718]]
[[1, 0], [119, 1718], [-121, -1718]]
[[1, 0], [119, 859], [-120, -859]]
[[1, 0], [119, 859], [-121, -859]]
[[1, 0], [119, 859], [-241, -1718]]
[[1, 0], [12, 859], [-13, -859]]
[[1, 0], [12, 859], [-14, -859]]
[[1, 0], [12, 859], [-27, -1718]]
[[1, 0], [120, 859], [-122, -859]]
[[1, 0], [120, 859], [-243, -1718]]
[[1, 0], [121, 1718], [-123, -1718]]
[[1, 0], [121, 2577], [-122, -2577]]
[[1, 0], [121, 859], [-123, -859]]
[[1, 0], [121, 859], [-245, -1718]]
[[1, 0], [122, 859], [-123, -859]]
[[1, 0], [122, 859], [-124, -859]]
[[1, 0], [122, 859], [-247, -1718]]
[[1, 0], [123, 1718], [-125, -1718]]
[[1, 0], [123, 859], [-124, -859]]
[[1, 0], [123, 859], [-125, -859]]
[[1, 0], [123, 859], [-249, -1718]]
[[1, 0], [124, 2577], [-125, -2577]]
[[1, 0], [124, 859], [-125, -859]]
[[1, 0], [124, 859], [-126, -859]]
[[1, 0], [124, 859], [-251, -1718]]
[[1, 0], [1243, 2577], [-1244, -2577]]
[[1, 0], [125, 1718], [-127, -1718]]
[[1, 0], [125, 859], [-127, -859]]
[[1, 0], [125, 859], [-253, -1718]]
[[1, 0], [126, 859], [-128, -859]]
[[1, 0], [126, 859], [-255, -1718]]
[[1, 0], [127, 1718], [-129, -1718]]
[[1, 0], [127, 2577], [-128, -2577]]
[[1, 0], [127, 859], [-128, -859]]
[[1, 0], [127, 859], [-129, -859]]
[[1, 0], [127, 859], [-257, -1718]]
[[1, 0], [128, 859], [-129, -859]]
[[1, 0], [128, 859], [-130, -859]]
[[1, 0], [128, 859], [-259, -1718]]
[[1, 0], [129, 1718], [-131, -1718]]
[[1, 0], [129, 859], [-130, -859]]
[[1, 0], [129, 859], [-131, -859]]
[[1, 0], [129, 859], [-261, -1718]]
[[1, 0], [13, 1718], [-15, -1718]]
[[1, 0], [13, 2577], [-14, -2577]]
[[1, 0], [13, 859], [-14, -859]]
[[1, 0], [13, 859], [-15, -859]]
[[1, 0], [13, 859], [-29, -1718]]
[[1, 0], [130, 2577], [-131, -2577]]
[[1, 0], [130, 859], [-131, -859]]
[[1, 0], [130, 859], [-132, -859]]
[[1, 0], [130, 859], [-263, -1718]]
[[1, 0], [131, 1718], [-133, -1718]]
[[1, 0], [131, 859], [-132, -859]]
[[1, 0], [131, 859], [-133, -859]]
[[1, 0], [131, 859], [-265, -1718]]
[[1, 0], [132, 859], [-133, -859]]
[[1, 0], [132, 859], [-134, -859]]
[[1, 0], [132, 859], [-267, -1718]]
[[1, 0], [133, 1718], [-135, -1718]]
[[1, 0], [133, 2577], [-134, -2577]]
[[1, 0], [133, 859], [-134, -859]]
[[1, 0], [133, 859], [-135, -859]]
[[1, 0], [133, 859], [-269, -1718]]
[[1, 0], [134, 859], [-136, -859]]
[[1, 0], [134, 859], [-271, -1718]]
[[1, 0], [135, 1718], [-137, -1718]]
[[1, 0], [135, 859], [-137, -859]]
[[1, 0], [135, 859], [-273, -1718]]
[[1, 0], [136, 2577], [-137, -2577]]
[[1, 0], [136, 859], [-138, -859]]
[[1, 0], [136, 859], [-275, -1718]]
[[1, 0], [137, 1718], [-139, -1718]]
[[1, 0], [137, 859], [-138, -859]]
[[1, 0], [137, 859], [-139, -859]]
[[1, 0], [137, 859], [-277, -1718]]
[[1, 0], [138, 859], [-139, -859]]
[[1, 0], [138, 859], [-140, -859]]
[[1, 0], [138, 859], [-279, -1718]]
[[1, 0], [139, 1718], [-141, -1718]]
[[1, 0], [139, 2577], [-140, -2577]]
[[1, 0], [139, 859], [-140, -859]]
[[1, 0], [139, 859], [-141, -859]]
[[1, 0], [139, 859], [-281, -1718]]
[[1, 0], [14, 859], [-15, -859]]
[[1, 0], [14, 859], [-16, -859]]
[[1, 0], [14, 859], [-31, -1718]]
[[1, 0], [140, 859], [-141, -859]]
[[1, 0], [140, 859], [-142, -859]]
[[1, 0], [140, 859], [-283, -1718]]
[[1, 0], [141, 1718], [-143, -1718]]
[[1, 0], [141, 859], [-142, -859]]
[[1, 0], [141, 859], [-143, -859]]
[[1, 0], [141, 859], [-285, -1718]]
[[1, 0], [142, 2577], [-143, -2577]]
[[1, 0], [142, 859], [-144, -859]]
[[1, 0], [142, 859], [-287, -1718]]
[[1, 0], [143, 1718], [-145, -1718]]
[[1, 0], [143, 859], [-145, -859]]
[[1, 0], [143, 859], [-289, -1718]]
[[1, 0], [144, 859], [-145, -859]]
[[1, 0], [144, 859], [-146, -859]]
[[1, 0], [144, 859], [-291, -1718]]
[[1, 0], [145, 1718], [-147, -1718]]
[[1, 0], [145, 2577], [-146, -2577]]
[[1, 0], [145, 859], [-146, -859]]
[[1, 0], [145, 859], [-147, -859]]
[[1, 0], [145, 859], [-293, -1718]]
[[1, 0], [146, 859], [-147, -859]]
[[1, 0], [146, 859], [-148, -859]]
[[1, 0], [146, 859], [-295, -1718]]
[[1, 0], [147, 1718], [-149, -1718]]
[[1, 0], [147, 859], [-148, -859]]
[[1, 0], [147, 859], [-149, -859]]
[[1, 0], [147, 859], [-297, -1718]]
[[1, 0], [148, 2577], [-149, -2577]]
[[1, 0], [148, 859], [-150, -859]]
[[1, 0], [148, 859], [-299, -1718]]
[[1, 0], [149, 1718], [-151, -1718]]
[[1, 0], [149, 859], [-151, -859]]
[[1, 0], [149, 859], [-301, -1718]]
[[1, 0], [15, 1718], [-17, -1718]]
[[1, 0], [15, 859], [-16, -859]]
[[1, 0], [15, 859], [-17, -859]]
[[1, 0], [15, 859], [-33, -1718]]
[[1, 0], [150, 859], [-152, -859]]
[[1, 0], [150, 859], [-303, -1718]]
[[1, 0], [151, 1718], [-153, -1718]]
[[1, 0], [151, 2577], [-152, -2577]]
[[1, 0], [151, 859], [-152, -859]]
[[1, 0], [151, 859], [-153, -859]]
[[1, 0], [151, 859], [-305, -1718]]
[[1, 0], [152, 859], [-153, -859]]
[[1, 0], [152, 859], [-154, -859]]
[[1, 0], [152, 859], [-307, -1718]]
[[1, 0], [153, 1718], [-155, -1718]]
[[1, 0], [153, 859], [-154, -859]]
[[1, 0], [153, 859], [-155, -859]]
[[1, 0], [153, 859], [-309, -1718]]
[[1, 0], [154, 859], [-156, -859]]
[[1, 0], [154, 859], [-311, -1718]]
[[1, 0], [1546, 2577], [-1547, -2577]]
[[1, 0], [155, 1718], [-157, -1718]]
[[1, 0], [155, 859], [-157, -859]]
[[1, 0], [155, 859], [-313, -1718]]
[[1, 0], [156, 859], [-157, -859]]
[[1, 0], [156, 859], [-158, -859]]
[[1, 0], [156, 859], [-315, -1718]]
[[1, 0], [157, 1718], [-159, -1718]]
[[1, 0], [157, 2577], [-158, -2577]]
[[1, 0], [157, 859], [-158, -859]]
[[1, 0], [157, 859], [-159, -859]]
[[1, 0], [157, 859], [-317, -1718]]
[[1, 0], [158, 859], [-159, -859]]
[[1, 0], [158, 859], [-160, -859]]
[[1, 0], [158, 859], [-319, -1718]]
[[1, 0], [159, 1718], [-161, -1718]]
[[1, 0], [159, 859], [-161, -859]]
[[1, 0], [159, 859], [-321, -1718]]
[[1, 0], [16, 2577], [-17, -2577]]
[[1, 0], [16, 859], [-17, -859]]
[[1, 0], [16, 859], [-18, -859]]
[[1, 0], [16, 859], [-35, -1718]]
[[1, 0], [160, 859], [-162, -859]]
[[1, 0], [160, 859], [-323, -1718]]
[[1, 0], [161, 1718], [-163, -1718]]
[[1, 0], [161, 859], [-163, -859]]
[[1, 0], [161, 859], [-325, -1718]]
[[1, 0], [162, 859], [-163, -859]]
[[1, 0], [162, 859], [-164, -859]]
[[1, 0], [162, 859], [-327, -1718]]
[[1, 0], [163, 1718], [-165, -1718]]
[[1, 0], [163, 859], [-165, -859]]
[[1, 0], [163, 859], [-329, -1718]]
[[1, 0], [164, 859], [-166, -859]]
[[1, 0], [164, 859], [-331, -1718]]
[[1, 0], [165, 1718], [-167, -1718]]
[[1, 0], [165, 859], [-166, -859]]
[[1, 0], [165, 859], [-167, -859]]
[[1, 0], [165, 859], [-333, -1718]]
[[1, 0], [166, 2577], [-167, -2577]]
[[1, 0], [166, 859], [-168, -859]]
[[1, 0], [166, 859], [-335, -1718]]
[[1, 0], [167, 1718], [-169, -1718]]
[[1, 0], [167, 859], [-169, -859]]
[[1, 0], [167, 859], [-337, -1718]]
[[1, 0], [168, 859], [-170, -859]]
[[1, 0], [168, 859], [-339, -1718]]
[[1, 0], [169, 1718], [-171, -1718]]
[[1, 0], [169, 859], [-171, -859]]
[[1, 0], [169, 859], [-341, -1718]]
[[1, 0], [17, 1718], [-19, -1718]]
[[1, 0], [17, 859], [-18, -859]]
[[1, 0], [17, 859], [-19, -859]]
[[1, 0], [17, 859], [-37, -1718]]
[[1, 0], [170, 859], [-172, -859]]
[[1, 0], [170, 859], [-343, -1718]]
[[1, 0], [171, 1718], [-173, -1718]]
[[1, 0], [171, 859], [-173, -859]]
[[1, 0], [171, 859], [-345, -1718]]
[[1, 0], [1711, 1718], [-1713, -1718]]
[[1, 0], [1717, 1718], [-1719, -1718]]
[[1, 0], [172, 2577], [-173, -2577]]
[[1, 0], [172, 859], [-174, -859]]
[[1, 0], [172, 859], [-347, -1718]]
[[1, 0], [173, 1718], [-175, -1718]]
[[1, 0], [173, 859], [-175, -859]]
[[1, 0], [173, 859], [-349, -1718]]
[[1, 0], [174, 859], [-176, -859]]
[[1, 0], [174, 859], [-351, -1718]]
[[1, 0], [175, 1718], [-177, -1718]]
[[1, 0], [175, 2577], [-176, -2577]]
[[1, 0], [175, 859], [-177, -859]]
[[1, 0], [175, 859], [-353, -1718]]
[[1, 0], [176, 859], [-178, -859]]
[[1, 0], [176, 859], [-355, -1718]]
[[1, 0], [177, 1718], [-179, -1718]]
[[1, 0], [177, 859], [-179, -859]]
[[1, 0], [177, 859], [-357, -1718]]
[[1, 0], [178, 2577], [-179, -2577]]
[[1, 0], [178, 859], [-180, -859]]
[[1, 0], [178, 859], [-359, -1718]]
[[1, 0], [179, 1718], [-181, -1718]]
[[1, 0], [179, 859], [-181, -859]]
[[1, 0], [179, 859], [-361, -1718]]
[[1, 0], [18, 859], [-19, -859]]
[[1, 0], [18, 859], [-20, -859]]
[[1, 0], [18, 859], [-39, -1718]]
[[1, 0], [180, 859], [-181, -859]]
[[1, 0], [180, 859], [-182, -859]]
[[1, 0], [180, 859], [-363, -1718]]
[[1, 0], [181, 1718], [-183, -1718]]
[[1, 0], [181, 2577], [-182, -2577]]
[[1, 0], [181, 859], [-183, -859]]
[[1, 0], [181, 859], [-365, -1718]]
[[1, 0], [182, 859], [-184, -859]]
[[1, 0], [182, 859], [-367, -1718]]
[[1, 0], [183, 1718], [-185, -1718]]
[[1, 0], [183, 859], [-185, -859]]
[[1, 0], [183, 859], [-369, -1718]]
[[1, 0], [184, 859], [-186, -859]]
[[1, 0], [184, 859], [-371, -1718]]
[[1, 0], [185, 1718], [-187, -1718]]
[[1, 0], [185, 859], [-187, -859]]
[[1, 0], [185, 859], [-373, -1718]]
[[1, 0], [186, 859], [-188, -859]]
[[1, 0], [186, 859], [-375, -1718]]
[[1, 0], [187, 1718], [-189, -1718]]
[[1, 0], [187, 2577], [-188, -2577]]
[[1, 0], [187, 859], [-189, -859]]
[[1, 0], [187, 859], [-377, -1718]]
[[1, 0], [188, 859], [-190, -859]]
[[1, 0], [188, 859], [-379, -1718]]
[[1, 0], [189, 1718], [-191, -1718]]
[[1, 0], [189, 859], [-191, -859]]
[[1, 0], [189, 859], [-381, -1718]]
[[1, 0], [19, 1718], [-21, -1718]]
[[1, 0], [19, 2577], [-20, -2577]]
[[1, 0], [19, 859], [-20, -859]]
[[1, 0], [19, 859], [-21, -859]]
[[1, 0], [19, 859], [-41, -1718]]
[[1, 0], [190, 2577], [-191, -2577]]
[[1, 0], [190, 859], [-192, -859]]
[[1, 0], [190, 859], [-383, -1718]]
[[1, 0], [191, 1718], [-193, -1718]]
[[1, 0], [191, 859], [-193, -859]]
[[1, 0], [191, 859], [-385, -1718]]
[[1, 0], [192, 859], [-194, -859]]
[[1, 0], [192, 859], [-387, -1718]]
[[1, 0], [193, 1718], [-195, -1718]]
[[1, 0], [193, 2577], [-194, -2577]]
[[1, 0], [193, 859], [-195, -859]]
[[1, 0], [193, 859], [-389, -1718]]
[[1, 0], [194, 859], [-196, -859]]
[[1, 0], [194, 859], [-391, -1718]]
[[1, 0], [195, 1718], [-197, -1718]]
[[1, 0], [195, 859], [-196, -859]]
[[1, 0], [195, 859], [-197, -859]]
[[1, 0], [195, 859], [-393, -1718]]
[[1, 0], [196, 2577], [-197, -2577]]
[[1, 0], [196, 859], [-197, -859]]
[[1, 0], [196, 859], [-198, -859]]
[[1, 0], [196, 859], [-395, -1718]]
[[1, 0], [197, 1718], [-199, -1718]]
[[1, 0], [197, 859], [-198, -859]]
[[1, 0], [197, 859], [-199, -859]]
[[1, 0], [197, 859], [-397, -1718]]
[[1, 0], [198, 859], [-199, -859]]
[[1, 0], [198, 859], [-200, -859]]
[[1, 0], [198, 859], [-399, -1718]]
[[1, 0], [199, 1718], [-201, -1718]]
[[1, 0], [199, 2577], [-200, -2577]]
[[1, 0], [199, 859], [-200, -859]]
[[1, 0], [199, 859], [-201, -859]]
[[1, 0], [199, 859], [-401, -1718]]
[[1, 0], [2, 859], [-3, -859]]
[[1, 0], [2, 859], [-4, -859]]
[[1, 0], [2, 859], [-7, -1718]]
[[1, 0], [20, 859], [-21, -859]]
[[1, 0], [20, 859], [-22, -859]]
[[1, 0], [20, 859], [-43, -1718]]
[[1, 0], [200, 859], [-201, -859]]
[[1, 0], [200, 859], [-202, -859]]
[[1, 0], [200, 859], [-403, -1718]]
[[1, 0], [201, 1718], [-203, -1718]]
[[1, 0], [201, 859], [-202, -859]]
[[1, 0], [201, 859], [-203, -859]]
[[1, 0], [201, 859], [-405, -1718]]
[[1, 0], [202, 2577], [-203, -2577]]
[[1, 0], [202, 859], [-203, -859]]
[[1, 0], [202, 859], [-204, -859]]
[[1, 0], [202, 859], [-407, -1718]]
[[1, 0], [203, 1718], [-205, -1718]]
[[1, 0], [203, 859], [-205, -859]]
[[1, 0], [203, 859], [-409, -1718]]
[[1, 0], [204, 859], [-206, -859]]
[[1, 0], [204, 859], [-411, -1718]]
[[1, 0], [205, 1718], [-207, -1718]]
[[1, 0], [205, 859], [-207, -859]]
[[1, 0], [205, 859], [-413, -1718]]
[[1, 0], [206, 859], [-208, -859]]
[[1, 0], [206, 859], [-415, -1718]]
[[1, 0], [207, 1718], [-209, -1718]]
[[1, 0], [207, 859], [-209, -859]]
[[1, 0], [207, 859], [-417, -1718]]
[[1, 0], [208, 2577], [-209, -2577]]
[[1, 0], [208, 859], [-209, -859]]
[[1, 0], [208, 859], [-210, -859]]
[[1, 0], [208, 859], [-419, -1718]]
[[1, 0], [209, 1718], [-211, -1718]]
[[1, 0], [209, 859], [-211, -859]]
[[1, 0], [209, 859], [-421, -1718]]
[[1, 0], [21, 1718], [-23, -1718]]
[[1, 0], [21, 859], [-22, -859]]
[[1, 0], [21, 859], [-23, -859]]
[[1, 0], [21, 859], [-45, -1718]]
[[1, 0], [210, 859], [-212, -859]]
[[1, 0], [210, 859], [-423, -1718]]
[[1, 0], [211, 1718], [-213, -1718]]
[[1, 0], [211, 2577], [-212, -2577]]
[[1, 0], [211, 859], [-213, -859]]
[[1, 0], [211, 859], [-425, -1718]]
[[1, 0], [212, 859], [-213, -859]]
[[1, 0], [212, 859], [-214, -859]]
[[1, 0], [212, 859], [-427, -1718]]
[[1, 0], [213, 1718], [-215, -1718]]
[[1, 0], [213, 859], [-214, -859]]
[[1, 0], [213, 859], [-215, -859]]
[[1, 0], [213, 859], [-429, -1718]]
[[1, 0], [214, 2577], [-215, -2577]]
[[1, 0], [214, 859], [-216, -859]]
[[1, 0], [214, 859], [-431, -1718]]
[[1, 0], [215, 1718], [-217, -1718]]
[[1, 0], [215, 859], [-217, -859]]
[[1, 0], [215, 859], [-433, -1718]]
[[1, 0], [216, 859], [-218, -859]]
[[1, 0], [216, 859], [-435, -1718]]
[[1, 0], [217, 1718], [-219, -1718]]
[[1, 0], [217, 859], [-219, -859]]
[[1, 0], [217, 859], [-437, -1718]]
[[1, 0], [218, 859], [-219, -859]]
[[1, 0], [218, 859], [-220, -859]]
[[1, 0], [218, 859], [-439, -1718]]
[[1, 0], [219, 1718], [-221, -1718]]
[[1, 0], [219, 859], [-221, -859]]
[[1, 0], [219, 859], [-441, -1718]]
[[1, 0], [22, 2577], [-23, -2577]]
[[1, 0], [22, 859], [-23, -859]]
[[1, 0], [22, 859], [-24, -859]]
[[1, 0], [22, 859], [-47, -1718]]
[[1, 0], [220, 859], [-222, -859]]
[[1, 0], [220, 859], [-443, -1718]]
[[1, 0], [221, 1718], [-223, -1718]]
[[1, 0], [221, 859], [-223, -859]]
[[1, 0], [221, 859], [-445, -1718]]
[[1, 0], [222, 859], [-224, -859]]
[[1, 0], [222, 859], [-447, -1718]]
[[1, 0], [223, 1718], [-225, -1718]]
[[1, 0], [223, 859], [-225, -859]]
[[1, 0], [223, 859], [-449, -1718]]
[[1, 0], [224, 859], [-226, -859]]
[[1, 0], [224, 859], [-451, -1718]]
[[1, 0], [225, 1718], [-227, -1718]]
[[1, 0], [225, 859], [-227, -859]]
[[1, 0], [225, 859], [-453, -1718]]
[[1, 0], [226, 2577], [-227, -2577]]
[[1, 0], [226, 859], [-228, -859]]
[[1, 0], [226, 859], [-455, -1718]]
[[1, 0], [227, 1718], [-229, -1718]]
[[1, 0], [227, 859], [-229, -859]]
[[1, 0], [227, 859], [-457, -1718]]
[[1, 0], [228, 859], [-230, -859]]
[[1, 0], [228, 859], [-459, -1718]]
[[1, 0], [229, 1718], [-231, -1718]]
[[1, 0], [229, 2577], [-230, -2577]]
[[1, 0], [229, 859], [-231, -859]]
[[1, 0], [229, 859], [-461, -1718]]
[[1, 0], [23, 1718], [-25, -1718]]
[[1, 0], [23, 859], [-24, -859]]
[[1, 0], [23, 859], [-25, -859]]
[[1, 0], [23, 859], [-49, -1718]]
[[1, 0], [230, 859], [-232, -859]]
[[1, 0], [230, 859], [-463, -1718]]
[[1, 0], [231, 1718], [-233, -1718]]
[[1, 0], [231, 859], [-233, -859]]
[[1, 0], [231, 859], [-465, -1718]]
[[1, 0], [232, 2577], [-233, -2577]]
[[1, 0], [232, 859], [-234, -859]]
[[1, 0], [232, 859], [-467, -1718]]
[[1, 0], [233, 1718], [-235, -1718]]
[[1, 0], [233, 859], [-234, -859]]
[[1, 0], [233, 859], [-235, -859]]
[[1, 0], [233, 859], [-469, -1718]]
[[1, 0], [234, 859], [-236, -859]]
[[1, 0], [234, 859], [-471, -1718]]
[[1, 0], [235, 1718], [-237, -1718]]
[[1, 0], [235, 2577], [-236, -2577]]
[[1, 0], [235, 859], [-237, -859]]
[[1, 0], [235, 859], [-473, -1718]]
[[1, 0], [236, 859], [-238, -859]]
[[1, 0], [236, 859], [-475, -1718]]
[[1, 0], [237, 1718], [-239, -1718]]
[[1, 0], [237, 859], [-239, -859]]
[[1, 0], [237, 859], [-477, -1718]]
[[1, 0], [238, 2577], [-239, -2577]]
[[1, 0], [238, 859], [-239, -859]]
[[1, 0], [238, 859], [-240, -859]]
[[1, 0], [238, 859], [-479, -1718]]
[[1, 0], [239, 1718], [-241, -1718]]
[[1, 0], [239, 859], [-241, -859]]
[[1, 0], [239, 859], [-481, -1718]]
[[1, 0], [24, 859], [-25, -859]]
[[1, 0], [24, 859], [-26, -859]]
[[1, 0], [24, 859], [-51, -1718]]
[[1, 0], [240, 859], [-242, -859]]
[[1, 0], [240, 859], [-483, -1718]]
[[1, 0], [241, 1718], [-243, -1718]]
[[1, 0], [241, 2577], [-242, -2577]]
[[1, 0], [241, 859], [-242, -859]]
[[1, 0], [241, 859], [-243, -859]]
[[1, 0], [241, 859], [-485, -1718]]
[[1, 0], [242, 859], [-244, -859]]
[[1, 0], [242, 859], [-487, -1718]]
[[1, 0], [243, 1718], [-245, -1718]]
[[1, 0], [243, 859], [-245, -859]]
[[1, 0], [243, 859], [-489, -1718]]
[[1, 0], [244, 2577], [-245, -2577]]
[[1, 0], [244, 859], [-245, -859]]
[[1, 0], [244, 859], [-246, -859]]
[[1, 0], [244, 859], [-491, -1718]]
[[1, 0], [245, 1718], [-247, -1718]]
[[1, 0], [245, 859], [-247, -859]]
[[1, 0], [245, 859], [-493, -1718]]
[[1, 0], [246, 859], [-248, -859]]
[[1, 0], [246, 859], [-495, -1718]]
[[1, 0], [247, 1718], [-249, -1718]]
[[1, 0], [247, 859], [-249, -859]]
[[1, 0], [247, 859], [-497, -1718]]
[[1, 0], [248, 859], [-250, -859]]
[[1, 0], [248, 859], [-499, -1718]]
[[1, 0], [249, 1718], [-251, -1718]]
[[1, 0], [249, 859], [-251, -859]]
[[1, 0], [249, 859], [-501, -1718]]
[[1, 0], [25, 1718], [-27, -1718]]
[[1, 0], [25, 2577], [-26, -2577]]
[[1, 0], [25, 859], [-26, -859]]
[[1, 0], [25, 859], [-27, -859]]
[[1, 0], [25, 859], [-53, -1718]]
[[1, 0], [250, 859], [-252, -859]]
[[1, 0], [250, 859], [-503, -1718]]
[[1, 0], [251, 1718], [-253, -1718]]
[[1, 0], [251, 859], [-253, -859]]
[[1, 0], [251, 859], [-505, -1718]]
[[1, 0], [252, 859], [-254, -859]]
[[1, 0], [252, 859], [-507, -1718]]
[[1, 0], [253, 1718], [-255, -1718]]
[[1, 0], [253, 2577], [-254, -2577]]
[[1, 0], [253, 859], [-255, -859]]
[[1, 0], [253, 859], [-509, -1718]]
[[1, 0], [254, 859], [-256, -859]]
[[1, 0], [254, 859], [-511, -1718]]
[[1, 0], [255, 1718], [-257, -1718]]
[[1, 0], [255, 859], [-257, -859]]
[[1, 0], [255, 859], [-513, -1718]]
[[1, 0], [256, 859], [-258, -859]]
[[1, 0], [256, 859], [-515, -1718]]
[[1, 0], [257, 1718], [-259, -1718]]
[[1, 0], [257, 859], [-259, -859]]
[[1, 0], [257, 859], [-517, -1718]]
[[1, 0], [258, 859], [-260, -859]]
[[1, 0], [258, 859], [-519, -1718]]
[[1, 0], [259, 1718], [-261, -1718]]
[[1, 0], [259, 859], [-261, -859]]
[[1, 0], [259, 859], [-521, -1718]]
[[1, 0], [26, 859], [-27, -859]]
[[1, 0], [26, 859], [-28, -859]]
[[1, 0], [26, 859], [-55, -1718]]
[[1, 0], [260, 859], [-261, -859]]
[[1, 0], [260, 859], [-262, -859]]
[[1, 0], [260, 859], [-523, -1718]]
[[1, 0], [261, 1718], [-263, -1718]]
[[1, 0], [261, 859], [-263, -859]]
[[1, 0], [261, 859], [-525, -1718]]
[[1, 0], [262, 2577], [-263, -2577]]
[[1, 0], [262, 859], [-264, -859]]
[[1, 0], [262, 859], [-527, -1718]]
[[1, 0], [263, 1718], [-265, -1718]]
[[1, 0], [263, 859], [-265, -859]]
[[1, 0], [263, 859], [-529, -1718]]
[[1, 0], [264, 859], [-266, -859]]
[[1, 0], [264, 859], [-531, -1718]]
[[1, 0], [265, 1718], [-267, -1718]]
[[1, 0], [265, 2577], [-266, -2577]]
[[1, 0], [265, 859], [-267, -859]]
[[1, 0], [265, 859], [-533, -1718]]
[[1, 0], [266, 859], [-268, -859]]
[[1, 0], [266, 859], [-535, -1718]]
[[1, 0], [267, 1718], [-269, -1718]]
[[1, 0], [267, 859], [-269, -859]]
[[1, 0], [267, 859], [-537, -1718]]
[[1, 0], [268, 859], [-270, -859]]
[[1, 0], [268, 859], [-539, -1718]]
[[1, 0], [269, 1718], [-271, -1718]]
[[1, 0], [269, 859], [-271, -859]]
[[1, 0], [269, 859], [-541, -1718]]
[[1, 0], [27, 1718], [-29, -1718]]
[[1, 0], [27, 859], [-28, -859]]
[[1, 0], [27, 859], [-29, -859]]
[[1, 0], [27, 859], [-57, -1718]]
[[1, 0], [270, 859], [-272, -859]]
[[1, 0], [270, 859], [-543, -1718]]
[[1, 0], [271, 1718], [-273, -1718]]
[[1, 0], [271, 2577], [-272, -2577]]
[[1, 0], [271, 859], [-273, -859]]
[[1, 0], [271, 859], [-545, -1718]]
[[1, 0], [272, 859], [-274, -859]]
[[1, 0], [272, 859], [-547, -1718]]
[[1, 0], [273, 1718], [-275, -1718]]
[[1, 0], [273, 859], [-275, -859]]
[[1, 0], [273, 859], [-549, -1718]]
[[1, 0], [274, 2577], [-275, -2577]]
[[1, 0], [274, 859], [-276, -859]]
[[1, 0], [274, 859], [-551, -1718]]
[[1, 0], [275, 1718], [-277, -1718]]
[[1, 0], [275, 859], [-276, -859]]
[[1, 0], [275, 859], [-277, -859]]
[[1, 0], [275, 859], [-553, -1718]]
[[1, 0], [276, 859], [-278, -859]]
[[1, 0], [276, 859], [-555, -1718]]
[[1, 0], [277, 1718], [-279, -1718]]
[[1, 0], [277, 2577], [-278, -2577]]
[[1, 0], [277, 859], [-279, -859]]
[[1, 0], [277, 859], [-557, -1718]]
[[1, 0], [278, 859], [-280, -859]]
[[1, 0], [278, 859], [-559, -1718]]
[[1, 0], [279, 1718], [-281, -1718]]
[[1, 0], [279, 859], [-281, -859]]
[[1, 0], [279, 859], [-561, -1718]]
[[1, 0], [28, 2577], [-29, -2577]]
[[1, 0], [28, 859], [-29, -859]]
[[1, 0], [28, 859], [-30, -859]]
[[1, 0], [28, 859], [-59, -1718]]
[[1, 0], [280, 2577], [-281, -2577]]
[[1, 0], [280, 859], [-282, -859]]
[[1, 0], [280, 859], [-563, -1718]]
[[1, 0], [281, 1718], [-283, -1718]]
[[1, 0], [281, 859], [-283, -859]]
[[1, 0], [281, 859], [-565, -1718]]
[[1, 0], [282, 859], [-284, -859]]
[[1, 0], [282, 859], [-567, -1718]]
[[1, 0], [283, 1718], [-285, -1718]]
[[1, 0], [283, 859], [-285, -859]]
[[1, 0], [283, 859], [-569, -1718]]
[[1, 0], [284, 859], [-286, -859]]
[[1, 0], [284, 859], [-571, -1718]]
[[1, 0], [285, 1718], [-287, -1718]]
[[1, 0], [285, 859], [-287, -859]]
[[1, 0], [285, 859], [-573, -1718]]
[[1, 0], [286, 2577], [-287, -2577]]
[[1, 0], [286, 859], [-288, -859]]
[[1, 0], [286, 859], [-575, -1718]]
[[1, 0], [287, 1718], [-289, -1718]]
[[1, 0], [287, 859], [-288, -859]]
[[1, 0], [287, 859], [-289, -859]]
[[1, 0], [287, 859], [-577, -1718]]
[[1, 0], [288, 859], [-290, -859]]
[[1, 0], [288, 859], [-579, -1718]]
[[1, 0], [289, 1718], [-291, -1718]]
[[1, 0], [289, 859], [-291, -859]]
[[1, 0], [289, 859], [-581, -1718]]
[[1, 0], [29, 1718], [-31, -1718]]
[[1, 0], [29, 859], [-30, -859]]
[[1, 0], [29, 859], [-31, -859]]
[[1, 0], [29, 859], [-61, -1718]]
[[1, 0], [290, 859], [-292, -859]]
[[1, 0], [290, 859], [-583, -1718]]
[[1, 0], [291, 1718], [-293, -1718]]
[[1, 0], [291, 859], [-292, -859]]
[[1, 0], [291, 859], [-293, -859]]
[[1, 0], [291, 859], [-585, -1718]]
[[1, 0], [292, 2577], [-293, -2577]]
[[1, 0], [292, 859], [-294, -859]]
[[1, 0], [292, 859], [-587, -1718]]
[[1, 0], [293, 1718], [-295, -1718]]
[[1, 0], [293, 859], [-295, -859]]
[[1, 0], [293, 859], [-589, -1718]]
[[1, 0], [294, 859], [-296, -859]]
[[1, 0], [294, 859], [-591, -1718]]
[[1, 0], [295, 1718], [-297, -1718]]
[[1, 0], [295, 859], [-297, -859]]
[[1, 0], [295, 859], [-593, -1718]]
[[1, 0], [296, 859], [-298, -859]]
[[1, 0], [296, 859], [-595, -1718]]
[[1, 0], [297, 1718], [-299, -1718]]
[[1, 0], [297, 859], [-299, -859]]
[[1, 0], [297, 859], [-597, -1718]]
[[1, 0], [298, 2577], [-299, -2577]]
[[1, 0], [298, 859], [-300, -859]]
[[1, 0], [298, 859], [-599, -1718]]
[[1, 0], [299, 1718], [-301, -1718]]
[[1, 0], [299, 859], [-300, -859]]
[[1, 0], [299, 859], [-301, -859]]
[[1, 0], [299, 859], [-601, -1718]]
[[1, 0], [3, 1718], [-5, -1718]]
[[1, 0], [3, 859], [-4, -859]]
[[1, 0], [3, 859], [-5, -859]]
[[1, 0], [3, 859], [-9, -1718]]
[[1, 0], [30, 859], [-31, -859]]
[[1, 0], [30, 859], [-32, -859]]
[[1, 0], [30, 859], [-63, -1718]]
[[1, 0], [300, 859], [-301, -859]]
[[1, 0], [300, 859], [-302, -859]]
[[1, 0], [300, 859], [-603, -1718]]
[[1, 0], [301, 1718], [-303, -1718]]
[[1, 0], [301, 859], [-303, -859]]
[[1, 0], [301, 859], [-605, -1718]]
[[1, 0], [302, 859], [-304, -859]]
[[1, 0], [302, 859], [-607, -1718]]
[[1, 0], [303, 1718], [-305, -1718]]
[[1, 0], [303, 859], [-305, -859]]
[[1, 0], [303, 859], [-609, -1718]]
[[1, 0], [304, 2577], [-305, -2577]]
[[1, 0], [304, 859], [-306, -859]]
[[1, 0], [304, 859], [-611, -1718]]
[[1, 0], [305, 1718], [-307, -1718]]
[[1, 0], [305, 859], [-307, -859]]
[[1, 0], [305, 859], [-613, -1718]]
[[1, 0], [306, 859], [-308, -859]]
[[1, 0], [306, 859], [-615, -1718]]
[[1, 0], [307, 1718], [-309, -1718]]
[[1, 0], [307, 2577], [-308, -2577]]
[[1, 0], [307, 859], [-309, -859]]
[[1, 0], [307, 859], [-617, -1718]]
[[1, 0], [308, 859], [-310, -859]]
[[1, 0], [308, 859], [-619, -1718]]
[[1, 0], [309, 1718], [-311, -1718]]
[[1, 0], [309, 859], [-311, -859]]
[[1, 0], [309, 859], [-621, -1718]]
[[1, 0], [31, 1718], [-33, -1718]]
[[1, 0], [31, 2577], [-32, -2577]]
[[1, 0], [31, 859], [-32, -859]]
[[1, 0], [31, 859], [-33, -859]]
[[1, 0], [31, 859], [-65, -1718]]
[[1, 0], [310, 859], [-312, -859]]
[[1, 0], [310, 859], [-623, -1718]]
[[1, 0], [311, 1718], [-313, -1718]]
[[1, 0], [311, 859], [-313, -859]]
[[1, 0], [311, 859], [-625, -1718]]
[[1, 0], [312, 859], [-314, -859]]
[[1, 0], [312, 859], [-627, -1718]]
[[1, 0], [313, 1718], [-315, -1718]]
[[1, 0], [313, 859], [-315, -859]]
[[1, 0], [313, 859], [-629, -1718]]
[[1, 0], [314, 859], [-316, -859]]
[[1, 0], [314, 859], [-631, -1718]]
[[1, 0], [315, 1718], [-317, -1718]]
[[1, 0], [315, 859], [-317, -859]]
[[1, 0], [315, 859], [-633, -1718]]
[[1, 0], [316, 2577], [-317, -2577]]
[[1, 0], [316, 859], [-318, -859]]
[[1, 0], [316, 859], [-635, -1718]]
[[1, 0], [317, 1718], [-319, -1718]]
[[1, 0], [317, 859], [-319, -859]]
[[1, 0], [317, 859], [-637, -1718]]
[[1, 0], [318, 859], [-320, -859]]
[[1, 0], [318, 859], [-639, -1718]]
[[1, 0], [319, 1718], [-321, -1718]]
[[1, 0], [319, 2577], [-320, -2577]]
[[1, 0], [319, 859], [-321, -859]]
[[1, 0], [319, 859], [-641, -1718]]
[[1, 0], [32, 859], [-34, -859]]
[[1, 0], [32, 859], [-67, -1718]]
[[1, 0], [320, 859], [-322, -859]]
[[1, 0], [320, 859], [-643, -1718]]
[[1, 0], [321, 1718], [-323, -1718]]
[[1, 0], [321, 859], [-323, -859]]
[[1, 0], [321, 859], [-645, -1718]]
[[1, 0], [322, 859], [-324, -859]]
[[1, 0], [322, 859], [-647, -1718]]
[[1, 0], [323, 1718], [-325, -1718]]
[[1, 0], [323, 859], [-325, -859]]
[[1, 0], [323, 859], [-649, -1718]]
[[1, 0], [324, 859], [-326, -859]]
[[1, 0], [324, 859], [-651, -1718]]
[[1, 0], [325, 1718], [-327, -1718]]
[[1, 0], [325, 859], [-327, -859]]
[[1, 0], [325, 859], [-653, -1718]]
[[1, 0], [326, 859], [-328, -859]]
[[1, 0], [326, 859], [-655, -1718]]
[[1, 0], [327, 1718], [-329, -1718]]
[[1, 0], [327, 859], [-329, -859]]
[[1, 0], [327, 859], [-657, -1718]]
[[1, 0], [328, 859], [-330, -859]]
[[1, 0], [328, 859], [-659, -1718]]
[[1, 0], [329, 1718], [-331, -1718]]
[[1, 0], [329, 859], [-331, -859]]
[[1, 0], [329, 859], [-661, -1718]]
[[1, 0], [33, 1718], [-35, -1718]]
[[1, 0], [33, 859], [-35, -859]]
[[1, 0], [33, 859], [-69, -1718]]
[[1, 0], [330, 859], [-332, -859]]
[[1, 0], [330, 859], [-663, -1718]]
[[1, 0], [331, 1718], [-333, -1718]]
[[1, 0], [331, 859], [-333, -859]]
[[1, 0], [331, 859], [-665, -1718]]
[[1, 0], [332, 859], [-334, -859]]
[[1, 0], [332, 859], [-667, -1718]]
[[1, 0], [333, 1718], [-335, -1718]]
[[1, 0], [333, 859], [-335, -859]]
[[1, 0], [333, 859], [-669, -1718]]
[[1, 0], [334, 859], [-336, -859]]
[[1, 0], [334, 859], [-671, -1718]]
[[1, 0], [335, 1718], [-337, -1718]]
[[1, 0], [335, 859], [-337, -859]]
[[1, 0], [335, 859], [-673, -1718]]
[[1, 0], [336, 859], [-338, -859]]
[[1, 0], [336, 859], [-675, -1718]]
[[1, 0], [337, 1718], [-339, -1718]]
[[1, 0], [337, 859], [-339, -859]]
[[1, 0], [337, 859], [-677, -1718]]
[[1, 0], [338, 859], [-340, -859]]
[[1, 0], [338, 859], [-679, -1718]]
[[1, 0], [339, 1718], [-341, -1718]]
[[1, 0], [339, 859], [-341, -859]]
[[1, 0], [339, 859], [-681, -1718]]
[[1, 0], [34, 2577], [-35, -2577]]
[[1, 0], [34, 859], [-35, -859]]
[[1, 0], [34, 859], [-36, -859]]
[[1, 0], [34, 859], [-71, -1718]]
[[1, 0], [340, 2577], [-341, -2577]]
[[1, 0], [340, 859], [-342, -859]]
[[1, 0], [340, 859], [-683, -1718]]
[[1, 0], [341, 1718], [-343, -1718]]
[[1, 0], [341, 859], [-343, -859]]
[[1, 0], [341, 859], [-685, -1718]]
[[1, 0], [342, 859], [-344, -859]]
[[1, 0], [342, 859], [-687, -1718]]
[[1, 0], [343, 1718], [-345, -1718]]
[[1, 0], [343, 2577], [-344, -2577]]
[[1, 0], [343, 859], [-345, -859]]
[[1, 0], [343, 859], [-689, -1718]]
[[1, 0], [344, 859], [-346, -859]]
[[1, 0], [344, 859], [-691, -1718]]
[[1, 0], [345, 1718], [-347, -1718]]
[[1, 0], [345, 859], [-347, -859]]
[[1, 0], [345, 859], [-693, -1718]]
[[1, 0], [346, 2577], [-347, -2577]]
[[1, 0], [346, 859], [-348, -859]]
[[1, 0], [346, 859], [-695, -1718]]
[[1, 0], [347, 1718], [-349, -1718]]
[[1, 0], [347, 859], [-349, -859]]
[[1, 0], [347, 859], [-697, -1718]]
[[1, 0], [348, 859], [-350, -859]]
[[1, 0], [348, 859], [-699, -1718]]
[[1, 0], [349, 1718], [-351, -1718]]
[[1, 0], [349, 2577], [-350, -2577]]
[[1, 0], [349, 859], [-351, -859]]
[[1, 0], [349, 859], [-701, -1718]]
[[1, 0], [35, 1718], [-37, -1718]]
[[1, 0], [35, 859], [-36, -859]]
[[1, 0], [35, 859], [-37, -859]]
[[1, 0], [35, 859], [-73, -1718]]
[[1, 0], [350, 859], [-352, -859]]
[[1, 0], [350, 859], [-703, -1718]]
[[1, 0], [351, 1718], [-353, -1718]]
[[1, 0], [351, 859], [-353, -859]]
[[1, 0], [351, 859], [-705, -1718]]
[[1, 0], [352, 859], [-354, -859]]
[[1, 0], [352, 859], [-707, -1718]]
[[1, 0], [353, 1718], [-355, -1718]]
[[1, 0], [353, 859], [-355, -859]]
[[1, 0], [353, 859], [-709, -1718]]
[[1, 0], [354, 859], [-356, -859]]
[[1, 0], [354, 859], [-711, -1718]]
[[1, 0], [355, 1718], [-357, -1718]]
[[1, 0], [355, 859], [-357, -859]]
[[1, 0], [355, 859], [-713, -1718]]
[[1, 0], [356, 859], [-358, -859]]
[[1, 0], [356, 859], [-715, -1718]]
[[1, 0], [357, 1718], [-359, -1718]]
[[1, 0], [357, 859], [-359, -859]]
[[1, 0], [357, 859], [-717, -1718]]
[[1, 0], [358, 2577], [-359, -2577]]
[[1, 0], [358, 859], [-360, -859]]
[[1, 0], [358, 859], [-719, -1718]]
[[1, 0], [359, 1718], [-361, -1718]]
[[1, 0], [359, 859], [-361, -859]]
[[1, 0], [359, 859], [-721, -1718]]
[[1, 0], [36, 859], [-37, -859]]
[[1, 0], [36, 859], [-38, -859]]
[[1, 0], [36, 859], [-75, -1718]]
[[1, 0], [360, 859], [-362, -859]]
[[1, 0], [360, 859], [-723, -1718]]
[[1, 0], [361, 1718], [-363, -1718]]
[[1, 0], [361, 2577], [-362, -2577]]
[[1, 0], [361, 859], [-363, -859]]
[[1, 0], [361, 859], [-725, -1718]]
[[1, 0], [362, 859], [-364, -859]]
[[1, 0], [362, 859], [-727, -1718]]
[[1, 0], [363, 1718], [-365, -1718]]
[[1, 0], [363, 859], [-365, -859]]
[[1, 0], [363, 859], [-729, -1718]]
[[1, 0], [364, 2577], [-365, -2577]]
[[1, 0], [364, 859], [-366, -859]]
[[1, 0], [364, 859], [-731, -1718]]
[[1, 0], [365, 1718], [-367, -1718]]
[[1, 0], [365, 859], [-367, -859]]
[[1, 0], [365, 859], [-733, -1718]]
[[1, 0], [366, 859], [-368, -859]]
[[1, 0], [366, 859], [-735, -1718]]
[[1, 0], [367, 1718], [-369, -1718]]
[[1, 0], [367, 859], [-369, -859]]
[[1, 0], [367, 859], [-737, -1718]]
[[1, 0], [368, 859], [-370, -859]]
[[1, 0], [368, 859], [-739, -1718]]
[[1, 0], [369, 1718], [-371, -1718]]
[[1, 0], [369, 859], [-371, -859]]
[[1, 0], [369, 859], [-741, -1718]]
[[1, 0], [37, 1718], [-39, -1718]]
[[1, 0], [37, 2577], [-38, -2577]]
[[1, 0], [37, 859], [-38, -859]]
[[1, 0], [37, 859], [-39, -859]]
[[1, 0], [37, 859], [-77, -1718]]
[[1, 0], [370, 2577], [-371, -2577]]
[[1, 0], [370, 859], [-372, -859]]
[[1, 0], [370, 859], [-743, -1718]]
[[1, 0], [371, 1718], [-373, -1718]]
[[1, 0], [371, 859], [-373, -859]]
[[1, 0], [371, 859], [-745, -1718]]
[[1, 0], [372, 859], [-374, -859]]
[[1, 0], [372, 859], [-747, -1718]]
[[1, 0], [373, 1718], [-375, -1718]]
[[1, 0], [373, 859], [-375, -859]]
[[1, 0], [373, 859], [-749, -1718]]
[[1, 0], [374, 859], [-376, -859]]
[[1, 0], [374, 859], [-751, -1718]]
[[1, 0], [375, 1718], [-377, -1718]]
[[1, 0], [375, 859], [-377, -859]]
[[1, 0], [375, 859], [-753, -1718]]
[[1, 0], [376, 859], [-378, -859]]
[[1, 0], [376, 859], [-755, -1718]]
[[1, 0], [377, 1718], [-379, -1718]]
[[1, 0], [377, 859], [-379, -859]]
[[1, 0], [377, 859], [-757, -1718]]
[[1, 0], [378, 859], [-380, -859]]
[[1, 0], [378, 859], [-759, -1718]]
[[1, 0], [379, 1718], [-381, -1718]]
[[1, 0], [379, 859], [-381, -859]]
[[1, 0], [379, 859], [-761, -1718]]
[[1, 0], [38, 859], [-40, -859]]
[[1, 0], [38, 859], [-79, -1718]]
[[1, 0], [380, 859], [-382, -859]]
[[1, 0], [380, 859], [-763, -1718]]
[[1, 0], [381, 1718], [-383, -1718]]
[[1, 0], [381, 859], [-383, -859]]
[[1, 0], [381, 859], [-765, -1718]]
[[1, 0], [382, 2577], [-383, -2577]]
[[1, 0], [382, 859], [-384, -859]]
[[1, 0], [382, 859], [-767, -1718]]
[[1, 0], [383, 1718], [-385, -1718]]
[[1, 0], [383, 859], [-385, -859]]
[[1, 0], [383, 859], [-769, -1718]]
[[1, 0], [384, 859], [-385, -859]]
[[1, 0], [384, 859], [-386, -859]]
[[1, 0], [384, 859], [-771, -1718]]
[[1, 0], [385, 1718], [-387, -1718]]
[[1, 0], [385, 2577], [-386, -2577]]
[[1, 0], [385, 859], [-387, -859]]
[[1, 0], [385, 859], [-773, -1718]]
[[1, 0], [386, 859], [-388, -859]]
[[1, 0], [386, 859], [-775, -1718]]
[[1, 0], [387, 1718], [-389, -1718]]
[[1, 0], [387, 859], [-389, -859]]
[[1, 0], [387, 859], [-777, -1718]]
[[1, 0], [388, 859], [-390, -859]]
[[1, 0], [388, 859], [-779, -1718]]
[[1, 0], [389, 1718], [-391, -1718]]
[[1, 0], [389, 859], [-391, -859]]
[[1, 0], [389, 859], [-781, -1718]]
[[1, 0], [39, 1718], [-41, -1718]]
[[1, 0], [39, 859], [-41, -859]]
[[1, 0], [39, 859], [-81, -1718]]
[[1, 0], [390, 859], [-392, -859]]
[[1, 0], [390, 859], [-783, -1718]]
[[1, 0], [391, 1718], [-393, -1718]]
[[1, 0], [391, 859], [-393, -859]]
[[1, 0], [391, 859], [-785, -1718]]
[[1, 0], [392, 859], [-394, -859]]
[[1, 0], [392, 859], [-787, -1718]]
[[1, 0], [393, 1718], [-395, -1718]]
[[1, 0], [393, 859], [-395, -859]]
[[1, 0], [393, 859], [-789, -1718]]
[[1, 0], [394, 859], [-396, -859]]
[[1, 0], [394, 859], [-791, -1718]]
[[1, 0], [395, 1718], [-397, -1718]]
[[1, 0], [395, 859], [-397, -859]]
[[1, 0], [395, 859], [-793, -1718]]
[[1, 0], [396, 859], [-398, -859]]
[[1, 0], [396, 859], [-795, -1718]]
[[1, 0], [397, 1718], [-399, -1718]]
[[1, 0], [397, 859], [-399, -859]]
[[1, 0], [397, 859], [-797, -1718]]
[[1, 0], [398, 859], [-400, -859]]
[[1, 0], [398, 859], [-799, -1718]]
[[1, 0], [399, 1718], [-401, -1718]]
[[1, 0], [399, 859], [-401, -859]]
[[1, 0], [399, 859], [-801, -1718]]
[[1, 0], [4, 859], [-11, -1718]]
[[1, 0], [4, 859], [-6, -859]]
[[1, 0], [40, 2577], [-41, -2577]]
[[1, 0], [40, 859], [-41, -859]]
[[1, 0], [40, 859], [-42, -859]]
[[1, 0], [40, 859], [-83, -1718]]
[[1, 0], [400, 2577], [-401, -2577]]
[[1, 0], [400, 859], [-402, -859]]
[[1, 0], [400, 859], [-803, -1718]]
[[1, 0], [401, 1718], [-403, -1718]]
[[1, 0], [401, 859], [-403, -859]]
[[1, 0], [401, 859], [-805, -1718]]
[[1, 0], [402, 859], [-404, -859]]
[[1, 0], [402, 859], [-807, -1718]]
[[1, 0], [403, 1718], [-405, -1718]]
[[1, 0], [403, 2577], [-404, -2577]]
[[1, 0], [403, 859], [-405, -859]]
[[1, 0], [403, 859], [-809, -1718]]
[[1, 0], [404, 859], [-406, -859]]
[[1, 0], [404, 859], [-811, -1718]]
[[1, 0], [405, 1718], [-407, -1718]]
[[1, 0], [405, 859], [-407, -859]]
[[1, 0], [405, 859], [-813, -1718]]
[[1, 0], [406, 2577], [-407, -2577]]
[[1, 0], [406, 859], [-408, -859]]
[[1, 0], [406, 859], [-815, -1718]]
[[1, 0], [407, 1718], [-409, -1718]]
[[1, 0], [407, 859], [-409, -859]]
[[1, 0], [407, 859], [-817, -1718]]
[[1, 0], [408, 859], [-410, -859]]
[[1, 0], [408, 859], [-819, -1718]]
[[1, 0], [409, 1718], [-411, -1718]]
[[1, 0], [409, 859], [-411, -859]]
[[1, 0], [409, 859], [-821, -1718]]
[[1, 0], [41, 1718], [-43, -1718]]
[[1, 0], [41, 859], [-42, -859]]
[[1, 0], [41, 859], [-43, -859]]
[[1, 0], [41, 859], [-85, -1718]]
[[1, 0], [410, 859], [-412, -859]]
[[1, 0], [410, 859], [-823, -1718]]
[[1, 0], [411, 1718], [-413, -1718]]
[[1, 0], [411, 859], [-413, -859]]
[[1, 0], [411, 859], [-825, -1718]]
[[1, 0], [412, 859], [-414, -859]]
[[1, 0], [412, 859], [-827, -1718]]
[[1, 0], [413, 1718], [-415, -1718]]
[[1, 0], [413, 859], [-415, -859]]
[[1, 0], [413, 859], [-829, -1718]]
[[1, 0], [414, 859], [-416, -859]]
[[1, 0], [414, 859], [-831, -1718]]
[[1, 0], [415, 1718], [-417, -1718]]
[[1, 0], [415, 859], [-417, -859]]
[[1, 0], [415, 859], [-833, -1718]]
[[1, 0], [416, 859], [-418, -859]]
[[1, 0], [416, 859], [-835, -1718]]
[[1, 0], [417, 1718], [-419, -1718]]
[[1, 0], [417, 859], [-419, -859]]
[[1, 0], [417, 859], [-837, -1718]]
[[1, 0], [418, 2577], [-419, -2577]]
[[1, 0], [418, 859], [-420, -859]]
[[1, 0], [418, 859], [-839, -1718]]
[[1, 0], [419, 1718], [-421, -1718]]
[[1, 0], [419, 859], [-421, -859]]
[[1, 0], [419, 859], [-841, -1718]]
[[1, 0], [42, 859], [-44, -859]]
[[1, 0], [42, 859], [-87, -1718]]
[[1, 0], [420, 859], [-422, -859]]
[[1, 0], [420, 859], [-843, -1718]]
[[1, 0], [421, 1718], [-423, -1718]]
[[1, 0], [421, 859], [-423, -859]]
[[1, 0], [421, 859], [-845, -1718]]
[[1, 0], [422, 859], [-424, -859]]
[[1, 0], [422, 859], [-847, -1718]]
[[1, 0], [423, 1718], [-425, -1718]]
[[1, 0], [423, 859], [-425, -859]]
[[1, 0], [423, 859], [-849, -1718]]
[[1, 0], [424, 859], [-426, -859]]
[[1, 0], [424, 859], [-851, -1718]]
[[1, 0], [425, 1718], [-427, -1718]]
[[1, 0], [425, 859], [-427, -859]]
[[1, 0], [425, 859], [-853, -1718]]
[[1, 0], [426, 859], [-428, -859]]
[[1, 0], [426, 859], [-855, -1718]]
[[1, 0], [427, 1718], [-429, -1718]]
[[1, 0], [427, 859], [-429, -859]]
[[1, 0], [427, 859], [-857, -1718]]
[[1, 0], [428, 859], [-430, -859]]
[[1, 0], [429, 1718], [-431, -1718]]
[[1, 0], [429, 859], [-861, -1718]]
[[1, 0], [43, 1718], [-45, -1718]]
[[1, 0], [43, 2577], [-44, -2577]]
[[1, 0], [43, 859], [-45, -859]]
[[1, 0], [43, 859], [-89, -1718]]
[[1, 0], [430, 859], [-863, -1718]]
[[1, 0], [431, 1718], [-433, -1718]]
[[1, 0], [431, 859], [-865, -1718]]
[[1, 0], [432, 859], [-867, -1718]]
[[1, 0], [433, 1718], [-435, -1718]]
[[1, 0], [433, 2577], [-434, -2577]]
[[1, 0], [433, 859], [-869, -1718]]
[[1, 0], [434, 859], [-871, -1718]]
[[1, 0], [435, 1718], [-437, -1718]]
[[1, 0], [435, 859], [-873, -1718]]
[[1, 0], [436, 859], [-875, -1718]]
[[1, 0], [437, 1718], [-439, -1718]]
[[1, 0], [437, 859], [-877, -1718]]
[[1, 0], [438, 859], [-879, -1718]]
[[1, 0], [439, 1718], [-441, -1718]]
[[1, 0], [439, 859], [-881, -1718]]
[[1, 0], [44, 859], [-45, -859]]
[[1, 0], [44, 859], [-46, -859]]
[[1, 0], [44, 859], [-91, -1718]]
[[1, 0], [440, 859], [-883, -1718]]
[[1, 0], [441, 1718], [-443, -1718]]
[[1, 0], [441, 859], [-885, -1718]]
[[1, 0], [442, 2577], [-443, -2577]]
[[1, 0], [442, 859], [-887, -1718]]
[[1, 0], [443, 1718], [-445, -1718]]
[[1, 0], [443, 859], [-889, -1718]]
[[1, 0], [444, 859], [-891, -1718]]
[[1, 0], [445, 1718], [-447, -1718]]
[[1, 0], [445, 859], [-893, -1718]]
[[1, 0], [446, 859], [-895, -1718]]
[[1, 0], [447, 1718], [-449, -1718]]
[[1, 0], [447, 859], [-897, -1718]]
[[1, 0], [448, 2577], [-449, -2577]]
[[1, 0], [448, 859], [-899, -1718]]
[[1, 0], [449, 1718], [-451, -1718]]
[[1, 0], [449, 859], [-901, -1718]]
[[1, 0], [45, 1718], [-47, -1718]]
[[1, 0], [45, 859], [-46, -859]]
[[1, 0], [45, 859], [-47, -859]]
[[1, 0], [45, 859], [-93, -1718]]
[[1, 0], [450, 859], [-903, -1718]]
[[1, 0], [451, 1718], [-453, -1718]]
[[1, 0], [451, 859], [-905, -1718]]
[[1, 0], [452, 859], [-907, -1718]]
[[1, 0], [453, 1718], [-455, -1718]]
[[1, 0], [453, 859], [-909, -1718]]
[[1, 0], [454, 2577], [-455, -2577]]
[[1, 0], [454, 859], [-911, -1718]]
[[1, 0], [455, 1718], [-457, -1718]]
[[1, 0], [455, 859], [-913, -1718]]
[[1, 0], [456, 859], [-915, -1718]]
[[1, 0], [457, 1718], [-459, -1718]]
[[1, 0], [457, 859], [-917, -1718]]
[[1, 0], [458, 859], [-919, -1718]]
[[1, 0], [459, 1718], [-461, -1718]]
[[1, 0], [459, 859], [-921, -1718]]
[[1, 0], [46, 2577], [-47, -2577]]
[[1, 0], [46, 859], [-47, -859]]
[[1, 0], [46, 859], [-48, -859]]
[[1, 0], [46, 859], [-95, -1718]]
[[1, 0], [460, 2577], [-461, -2577]]
[[1, 0], [460, 859], [-923, -1718]]
[[1, 0], [461, 1718], [-463, -1718]]
[[1, 0], [461, 859], [-925, -1718]]
[[1, 0], [462, 859], [-927, -1718]]
[[1, 0], [463, 1718], [-465, -1718]]
[[1, 0], [463, 859], [-929, -1718]]
[[1, 0], [464, 859], [-931, -1718]]
[[1, 0], [465, 1718], [-467, -1718]]
[[1, 0], [465, 859], [-933, -1718]]
[[1, 0], [466, 2577], [-467, -2577]]
[[1, 0], [466, 859], [-935, -1718]]
[[1, 0], [467, 1718], [-469, -1718]]
[[1, 0], [467, 859], [-937, -1718]]
[[1, 0], [468, 859], [-939, -1718]]
[[1, 0], [469, 1718], [-471, -1718]]
[[1, 0], [469, 2577], [-470, -2577]]
[[1, 0], [469, 859], [-941, -1718]]
[[1, 0], [47, 1718], [-49, -1718]]
[[1, 0], [47, 859], [-48, -859]]
[[1, 0], [47, 859], [-49, -859]]
[[1, 0], [47, 859], [-97, -1718]]
[[1, 0], [470, 859], [-943, -1718]]
[[1, 0], [471, 1718], [-473, -1718]]
[[1, 0], [471, 859], [-945, -1718]]
[[1, 0], [472, 859], [-947, -1718]]
[[1, 0], [473, 1718], [-475, -1718]]
[[1, 0], [473, 859], [-949, -1718]]
[[1, 0], [474, 859], [-951, -1718]]
[[1, 0], [475, 1718], [-477, -1718]]
[[1, 0], [475, 859], [-953, -1718]]
[[1, 0], [476, 859], [-955, -1718]]
[[1, 0], [477, 1718], [-479, -1718]]
[[1, 0], [477, 859], [-957, -1718]]
[[1, 0], [478, 859], [-959, -1718]]
[[1, 0], [479, 1718], [-481, -1718]]
[[1, 0], [479, 859], [-961, -1718]]
[[1, 0], [48, 859], [-49, -859]]
[[1, 0], [48, 859], [-50, -859]]
[[1, 0], [48, 859], [-99, -1718]]
[[1, 0], [480, 859], [-963, -1718]]
[[1, 0], [481, 1718], [-483, -1718]]
[[1, 0], [481, 2577], [-482, -2577]]
[[1, 0], [481, 859], [-965, -1718]]
[[1, 0], [482, 859], [-967, -1718]]
[[1, 0], [483, 1718], [-485, -1718]]
[[1, 0], [483, 859], [-969, -1718]]
[[1, 0], [484, 859], [-971, -1718]]
[[1, 0], [485, 1718], [-487, -1718]]
[[1, 0], [485, 859], [-973, -1718]]
[[1, 0], [486, 859], [-975, -1718]]
[[1, 0], [487, 1718], [-489, -1718]]
[[1, 0], [487, 859], [-977, -1718]]
[[1, 0], [488, 859], [-979, -1718]]
[[1, 0], [489, 1718], [-491, -1718]]
[[1, 0], [489, 859], [-981, -1718]]
[[1, 0], [49, 1718], [-51, -1718]]
[[1, 0], [49, 2577], [-50, -2577]]
[[1, 0], [49, 859], [-101, -1718]]
[[1, 0], [49, 859], [-50, -859]]
[[1, 0], [49, 859], [-51, -859]]
[[1, 0], [490, 859], [-983, -1718]]
[[1, 0], [491, 1718], [-493, -1718]]
[[1, 0], [491, 859], [-985, -1718]]
[[1, 0], [492, 859], [-987, -1718]]
[[1, 0], [493, 1718], [-495, -1718]]
[[1, 0], [493, 859], [-989, -1718]]
[[1, 0], [494, 859], [-991, -1718]]
[[1, 0], [495, 1718], [-497, -1718]]
[[1, 0], [495, 859], [-993, -1718]]
[[1, 0], [496, 859], [-995, -1718]]
[[1, 0], [497, 1718], [-499, -1718]]
[[1, 0], [497, 859], [-997, -1718]]
[[1, 0], [498, 859], [-999, -1718]]
[[1, 0], [499, 1718], [-501, -1718]]
[[1, 0], [499, 859], [-1001, -1718]]
[[1, 0], [5, 859], [-13, -1718]]
[[1, 0], [5, 859], [-6, -859]]
[[1, 0], [50, 859], [-103, -1718]]
[[1, 0], [50, 859], [-51, -859]]
[[1, 0], [50, 859], [-52, -859]]
[[1, 0], [500, 859], [-1003, -1718]]
[[1, 0], [501, 1718], [-503, -1718]]
[[1, 0], [501, 859], [-1005, -1718]]
[[1, 0], [502, 859], [-1007, -1718]]
[[1, 0], [503, 1718], [-505, -1718]]
[[1, 0], [503, 859], [-1009, -1718]]
[[1, 0], [504, 859], [-1011, -1718]]
[[1, 0], [505, 1718], [-507, -1718]]
[[1, 0], [505, 859], [-1013, -1718]]
[[1, 0], [506, 859], [-1015, -1718]]
[[1, 0], [507, 1718], [-509, -1718]]
[[1, 0], [507, 859], [-1017, -1718]]
[[1, 0], [508, 2577], [-509, -2577]]
[[1, 0], [508, 859], [-1019, -1718]]
[[1, 0], [509, 1718], [-511, -1718]]
[[1, 0], [509, 859], [-1021, -1718]]
[[1, 0], [51, 1718], [-53, -1718]]
[[1, 0], [51, 859], [-105, -1718]]
[[1, 0], [51, 859], [-52, -859]]
[[1, 0], [51, 859], [-53, -859]]
[[1, 0], [510, 859], [-1023, -1718]]
[[1, 0], [511, 1718], [-513, -1718]]
[[1, 0], [511, 2577], [-512, -2577]]
[[1, 0], [511, 859], [-1025, -1718]]
[[1, 0], [512, 859], [-1027, -1718]]
[[1, 0], [513, 1718], [-515, -1718]]
[[1, 0], [513, 859], [-1029, -1718]]
[[1, 0], [514, 2577], [-515, -2577]]
[[1, 0], [514, 859], [-1031, -1718]]
[[1, 0], [515, 1718], [-517, -1718]]
[[1, 0], [515, 859], [-1033, -1718]]
[[1, 0], [516, 859], [-1035, -1718]]
[[1, 0], [517, 1718], [-519, -1718]]
[[1, 0], [517, 2577], [-518, -2577]]
[[1, 0], [517, 859], [-1037, -1718]]
[[1, 0], [518, 859], [-1039, -1718]]
[[1, 0], [519, 1718], [-521, -1718]]
[[1, 0], [519, 859], [-1041, -1718]]
[[1, 0], [52, 2577], [-53, -2577]]
[[1, 0], [52, 859], [-107, -1718]]
[[1, 0], [52, 859], [-53, -859]]
[[1, 0], [52, 859], [-54, -859]]
[[1, 0], [520, 859], [-1043, -1718]]
[[1, 0], [521, 1718], [-523, -1718]]
[[1, 0], [521, 859], [-1045, -1718]]
[[1, 0], [522, 859], [-1047, -1718]]
[[1, 0], [523, 1718], [-525, -1718]]
[[1, 0], [523, 2577], [-524, -2577]]
[[1, 0], [523, 859], [-1049, -1718]]
[[1, 0], [524, 859], [-1051, -1718]]
[[1, 0], [525, 1718], [-527, -1718]]
[[1, 0], [525, 859], [-1053, -1718]]
[[1, 0], [526, 2577], [-527, -2577]]
[[1, 0], [526, 859], [-1055, -1718]]
[[1, 0], [527, 1718], [-529, -1718]]
[[1, 0], [527, 859], [-1057, -1718]]
[[1, 0], [528, 859], [-1059, -1718]]
[[1, 0], [529, 1718], [-531, -1718]]
[[1, 0], [529, 859], [-1061, -1718]]
[[1, 0], [53, 1718], [-55, -1718]]
[[1, 0], [53, 859], [-109, -1718]]
[[1, 0], [53, 859], [-54, -859]]
[[1, 0], [53, 859], [-55, -859]]
[[1, 0], [530, 859], [-1063, -1718]]
[[1, 0], [531, 1718], [-533, -1718]]
[[1, 0], [531, 859], [-1065, -1718]]
[[1, 0], [532, 2577], [-533, -2577]]
[[1, 0], [532, 859], [-1067, -1718]]
[[1, 0], [533, 1718], [-535, -1718]]
[[1, 0], [533, 859], [-1069, -1718]]
[[1, 0], [534, 859], [-1071, -1718]]
[[1, 0], [535, 1718], [-537, -1718]]
[[1, 0], [535, 2577], [-536, -2577]]
[[1, 0], [535, 859], [-1073, -1718]]
[[1, 0], [536, 859], [-1075, -1718]]
[[1, 0], [537, 1718], [-539, -1718]]
[[1, 0], [537, 859], [-1077, -1718]]
[[1, 0], [538, 2577], [-539, -2577]]
[[1, 0], [538, 859], [-1079, -1718]]
[[1, 0], [539, 1718], [-541, -1718]]
[[1, 0], [539, 859], [-1081, -1718]]
[[1, 0], [54, 859], [-111, -1718]]
[[1, 0], [54, 859], [-55, -859]]
[[1, 0], [54, 859], [-56, -859]]
[[1, 0], [540, 859], [-1083, -1718]]
[[1, 0], [541, 1718], [-543, -1718]]
[[1, 0], [541, 2577], [-542, -2577]]
[[1, 0], [541, 859], [-1085, -1718]]
[[1, 0], [542, 859], [-1087, -1718]]
[[1, 0], [543, 1718], [-545, -1718]]
[[1, 0], [543, 859], [-1089, -1718]]
[[1, 0], [544, 2577], [-545, -2577]]
[[1, 0], [544, 859], [-1091, -1718]]
[[1, 0], [545, 1718], [-547, -1718]]
[[1, 0], [545, 859], [-1093, -1718]]
[[1, 0], [546, 859], [-1095, -1718]]
[[1, 0], [547, 1718], [-549, -1718]]
[[1, 0], [547, 859], [-1097, -1718]]
[[1, 0], [548, 859], [-1099, -1718]]
[[1, 0], [549, 1718], [-551, -1718]]
[[1, 0], [549, 859], [-1101, -1718]]
[[1, 0], [55, 1718], [-57, -1718]]
[[1, 0], [55, 859], [-113, -1718]]
[[1, 0], [55, 859], [-57, -859]]
[[1, 0], [550, 859], [-1103, -1718]]
[[1, 0], [551, 1718], [-553, -1718]]
[[1, 0], [551, 859], [-1105, -1718]]
[[1, 0], [552, 859], [-1107, -1718]]
[[1, 0], [553, 1718], [-555, -1718]]
[[1, 0], [553, 859], [-1109, -1718]]
[[1, 0], [554, 859], [-1111, -1718]]
[[1, 0], [555, 1718], [-557, -1718]]
[[1, 0], [555, 859], [-1113, -1718]]
[[1, 0], [556, 859], [-1115, -1718]]
[[1, 0], [557, 1718], [-559, -1718]]
[[1, 0], [557, 859], [-1117, -1718]]
[[1, 0], [558, 859], [-1119, -1718]]
[[1, 0], [559, 1718], [-561, -1718]]
[[1, 0], [559, 859], [-1121, -1718]]
[[1, 0], [56, 859], [-115, -1718]]
[[1, 0], [56, 859], [-58, -859]]
[[1, 0], [560, 859], [-1123, -1718]]
[[1, 0], [561, 1718], [-563, -1718]]
[[1, 0], [561, 859], [-1125, -1718]]
[[1, 0], [562, 859], [-1127, -1718]]
[[1, 0], [563, 1718], [-565, -1718]]
[[1, 0], [563, 859], [-1129, -1718]]
[[1, 0], [564, 859], [-1131, -1718]]
[[1, 0], [565, 1718], [-567, -1718]]
[[1, 0], [565, 2577], [-566, -2577]]
[[1, 0], [565, 859], [-1133, -1718]]
[[1, 0], [566, 859], [-1135, -1718]]
[[1, 0], [567, 1718], [-569, -1718]]
[[1, 0], [567, 859], [-1137, -1718]]
[[1, 0], [568, 2577], [-569, -2577]]
[[1, 0], [568, 859], [-1139, -1718]]
[[1, 0], [569, 1718], [-571, -1718]]
[[1, 0], [569, 859], [-1141, -1718]]
[[1, 0], [57, 1718], [-59, -1718]]
[[1, 0], [57, 859], [-117, -1718]]
[[1, 0], [57, 859], [-58, -859]]
[[1, 0], [57, 859], [-59, -859]]
[[1, 0], [570, 859], [-1143, -1718]]
[[1, 0], [571, 1718], [-573, -1718]]
[[1, 0], [571, 859], [-1145, -1718]]
[[1, 0], [572, 859], [-1147, -1718]]
[[1, 0], [573, 1718], [-575, -1718]]
[[1, 0], [573, 859], [-1149, -1718]]
[[1, 0], [574, 2577], [-575, -2577]]
[[1, 0], [574, 859], [-1151, -1718]]
[[1, 0], [575, 1718], [-577, -1718]]
[[1, 0], [575, 859], [-1153, -1718]]
[[1, 0], [576, 859], [-1155, -1718]]
[[1, 0], [577, 1718], [-579, -1718]]
[[1, 0], [577, 2577], [-578, -2577]]
[[1, 0], [577, 859], [-1157, -1718]]
[[1, 0], [578, 859], [-1159, -1718]]
[[1, 0], [579, 1718], [-581, -1718]]
[[1, 0], [579, 859], [-1161, -1718]]
[[1, 0], [58, 2577], [-59, -2577]]
[[1, 0], [58, 859], [-119, -1718]]
[[1, 0], [58, 859], [-59, -859]]
[[1, 0], [58, 859], [-60, -859]]
[[1, 0], [580, 859], [-1163, -1718]]
[[1, 0], [581, 1718], [-583, -1718]]
[[1, 0], [581, 859], [-1165, -1718]]
[[1, 0], [582, 859], [-1167, -1718]]
[[1, 0], [583, 1718], [-585, -1718]]
[[1, 0], [583, 859], [-1169, -1718]]
[[1, 0], [584, 859], [-1171, -1718]]
[[1, 0], [585, 1718], [-587, -1718]]
[[1, 0], [585, 859], [-1173, -1718]]
[[1, 0], [586, 859], [-1175, -1718]]
[[1, 0], [587, 1718], [-589, -1718]]
[[1, 0], [587, 859], [-1177, -1718]]
[[1, 0], [588, 859], [-1179, -1718]]
[[1, 0], [589, 1718], [-591, -1718]]
[[1, 0], [589, 859], [-1181, -1718]]
[[1, 0], [59, 1718], [-61, -1718]]
[[1, 0], [59, 859], [-121, -1718]]
[[1, 0], [59, 859], [-60, -859]]
[[1, 0], [59, 859], [-61, -859]]
[[1, 0], [590, 859], [-1183, -1718]]
[[1, 0], [591, 1718], [-593, -1718]]
[[1, 0], [591, 859], [-1185, -1718]]
[[1, 0], [592, 859], [-1187, -1718]]
[[1, 0], [593, 1718], [-595, -1718]]
[[1, 0], [593, 859], [-1189, -1718]]
[[1, 0], [594, 859], [-1191, -1718]]
[[1, 0], [595, 1718], [-597, -1718]]
[[1, 0], [595, 859], [-1193, -1718]]
[[1, 0], [596, 859], [-1195, -1718]]
[[1, 0], [597, 1718], [-599, -1718]]
[[1, 0], [597, 859], [-1197, -1718]]
[[1, 0], [598, 2577], [-599, -2577]]
[[1, 0], [598, 859], [-1199, -1718]]
[[1, 0], [599, 1718], [-601, -1718]]
[[1, 0], [599, 859], [-1201, -1718]]
[[1, 0], [6, 859], [-15, -1718]]
[[1, 0], [6, 859], [-7, -859]]
[[1, 0], [6, 859], [-8, -859]]
[[1, 0], [60, 859], [-123, -1718]]
[[1, 0], [60, 859], [-61, -859]]
[[1, 0], [60, 859], [-62, -859]]
[[1, 0], [600, 859], [-1203, -1718]]
[[1, 0], [601, 1718], [-603, -1718]]
[[1, 0], [601, 859], [-1205, -1718]]
[[1, 0], [602, 859], [-1207, -1718]]
[[1, 0], [603, 1718], [-605, -1718]]
[[1, 0], [603, 859], [-1209, -1718]]
[[1, 0], [604, 859], [-1211, -1718]]
[[1, 0], [605, 1718], [-607, -1718]]
[[1, 0], [605, 859], [-1213, -1718]]
[[1, 0], [606, 859], [-1215, -1718]]
[[1, 0], [607, 1718], [-609, -1718]]
[[1, 0], [607, 859], [-1217, -1718]]
[[1, 0], [608, 859], [-1219, -1718]]
[[1, 0], [609, 1718], [-611, -1718]]
[[1, 0], [609, 859], [-1221, -1718]]
[[1, 0], [61, 1718], [-63, -1718]]
[[1, 0], [61, 2577], [-62, -2577]]
[[1, 0], [61, 859], [-125, -1718]]
[[1, 0], [61, 859], [-62, -859]]
[[1, 0], [61, 859], [-63, -859]]
[[1, 0], [610, 2577], [-611, -2577]]
[[1, 0], [610, 859], [-1223, -1718]]
[[1, 0], [611, 1718], [-613, -1718]]
[[1, 0], [611, 859], [-1225, -1718]]
[[1, 0], [612, 859], [-1227, -1718]]
[[1, 0], [613, 1718], [-615, -1718]]
[[1, 0], [613, 859], [-1229, -1718]]
[[1, 0], [614, 859], [-1231, -1718]]
[[1, 0], [615, 1718], [-617, -1718]]
[[1, 0], [615, 859], [-1233, -1718]]
[[1, 0], [616, 2577], [-617, -2577]]
[[1, 0], [616, 859], [-1235, -1718]]
[[1, 0], [617, 1718], [-619, -1718]]
[[1, 0], [617, 859], [-1237, -1718]]
[[1, 0], [618, 859], [-1239, -1718]]
[[1, 0], [619, 1718], [-621, -1718]]
[[1, 0], [619, 859], [-1241, -1718]]
[[1, 0], [62, 859], [-127, -1718]]
[[1, 0], [62, 859], [-63, -859]]
[[1, 0], [62, 859], [-64, -859]]
[[1, 0], [620, 859], [-1243, -1718]]
[[1, 0], [621, 1718], [-623, -1718]]
[[1, 0], [621, 859], [-1245, -1718]]
[[1, 0], [622, 859], [-1247, -1718]]
[[1, 0], [623, 1718], [-625, -1718]]
[[1, 0], [623, 859], [-1249, -1718]]
[[1, 0], [624, 859], [-1251, -1718]]
[[1, 0], [625, 1718], [-627, -1718]]
[[1, 0], [625, 859], [-1253, -1718]]
[[1, 0], [626, 859], [-1255, -1718]]
[[1, 0], [627, 1718], [-629, -1718]]
[[1, 0], [627, 859], [-1257, -1718]]
[[1, 0], [628, 859], [-1259, -1718]]
[[1, 0], [629, 1718], [-631, -1718]]
[[1, 0], [629, 859], [-1261, -1718]]
[[1, 0], [63, 1718], [-65, -1718]]
[[1, 0], [63, 859], [-129, -1718]]
[[1, 0], [63, 859], [-64, -859]]
[[1, 0], [63, 859], [-65, -859]]
[[1, 0], [630, 859], [-1263, -1718]]
[[1, 0], [631, 1718], [-633, -1718]]
[[1, 0], [631, 859], [-1265, -1718]]
[[1, 0], [632, 859], [-1267, -1718]]
[[1, 0], [633, 1718], [-635, -1718]]
[[1, 0], [633, 859], [-1269, -1718]]
[[1, 0], [634, 859], [-1271, -1718]]
[[1, 0], [635, 1718], [-637, -1718]]
[[1, 0], [635, 859], [-1273, -1718]]
[[1, 0], [636, 859], [-1275, -1718]]
[[1, 0], [637, 1718], [-639, -1718]]
[[1, 0], [637, 859], [-1277, -1718]]
[[1, 0], [638, 859], [-1279, -1718]]
[[1, 0], [639, 1718], [-641, -1718]]
[[1, 0], [639, 859], [-1281, -1718]]
[[1, 0], [64, 2577], [-65, -2577]]
[[1, 0], [64, 859], [-131, -1718]]
[[1, 0], [64, 859], [-65, -859]]
[[1, 0], [64, 859], [-66, -859]]
[[1, 0], [640, 859], [-1283, -1718]]
[[1, 0], [641, 1718], [-643, -1718]]
[[1, 0], [641, 859], [-1285, -1718]]
[[1, 0], [642, 859], [-1287, -1718]]
[[1, 0], [643, 1718], [-645, -1718]]
[[1, 0], [643, 859], [-1289, -1718]]
[[1, 0], [644, 859], [-1291, -1718]]
[[1, 0], [645, 1718], [-647, -1718]]
[[1, 0], [645, 859], [-1293, -1718]]
[[1, 0], [646, 2577], [-647, -2577]]
[[1, 0], [646, 859], [-1295, -1718]]
[[1, 0], [647, 1718], [-649, -1718]]
[[1, 0], [647, 859], [-1297, -1718]]
[[1, 0], [648, 859], [-1299, -1718]]
[[1, 0], [649, 1718], [-651, -1718]]
[[1, 0], [649, 859], [-1301, -1718]]
[[1, 0], [65, 1718], [-67, -1718]]
[[1, 0], [65, 859], [-133, -1718]]
[[1, 0], [65, 859], [-67, -859]]
[[1, 0], [650, 859], [-1303, -1718]]
[[1, 0], [651, 1718], [-653, -1718]]
[[1, 0], [651, 859], [-1305, -1718]]
[[1, 0], [652, 859], [-1307, -1718]]
[[1, 0], [653, 1718], [-655, -1718]]
[[1, 0], [653, 859], [-1309, -1718]]
[[1, 0], [654, 859], [-1311, -1718]]
[[1, 0], [655, 1718], [-657, -1718]]
[[1, 0], [655, 2577], [-656, -2577]]
[[1, 0], [655, 859], [-1313, -1718]]
[[1, 0], [656, 859], [-1315, -1718]]
[[1, 0], [657, 1718], [-659, -1718]]
[[1, 0], [657, 859], [-1317, -1718]]
[[1, 0], [658, 859], [-1319, -1718]]
[[1, 0], [659, 1718], [-661, -1718]]
[[1, 0], [659, 859], [-1321, -1718]]
[[1, 0], [66, 859], [-135, -1718]]
[[1, 0], [66, 859], [-68, -859]]
[[1, 0], [660, 859], [-1323, -1718]]
[[1, 0], [661, 1718], [-663, -1718]]
[[1, 0], [661, 859], [-1325, -1718]]
[[1, 0], [662, 859], [-1327, -1718]]
[[1, 0], [663, 1718], [-665, -1718]]
[[1, 0], [663, 859], [-1329, -1718]]
[[1, 0], [664, 859], [-1331, -1718]]
[[1, 0], [665, 1718], [-667, -1718]]
[[1, 0], [665, 859], [-1333, -1718]]
[[1, 0], [666, 859], [-1335, -1718]]
[[1, 0], [667, 1718], [-669, -1718]]
[[1, 0], [667, 859], [-1337, -1718]]
[[1, 0], [668, 859], [-1339, -1718]]
[[1, 0], [669, 1718], [-671, -1718]]
[[1, 0], [669, 859], [-1341, -1718]]
[[1, 0], [67, 1718], [-69, -1718]]
[[1, 0], [67, 2577], [-68, -2577]]
[[1, 0], [67, 859], [-137, -1718]]
[[1, 0], [67, 859], [-68, -859]]
[[1, 0], [67, 859], [-69, -859]]
[[1, 0], [670, 859], [-1343, -1718]]
[[1, 0], [671, 1718], [-673, -1718]]
[[1, 0], [671, 859], [-1345, -1718]]
[[1, 0], [672, 859], [-1347, -1718]]
[[1, 0], [673, 1718], [-675, -1718]]
[[1, 0], [673, 859], [-1349, -1718]]
[[1, 0], [674, 859], [-1351, -1718]]
[[1, 0], [675, 1718], [-677, -1718]]
[[1, 0], [675, 859], [-1353, -1718]]
[[1, 0], [676, 859], [-1355, -1718]]
[[1, 0], [677, 1718], [-679, -1718]]
[[1, 0], [677, 859], [-1357, -1718]]
[[1, 0], [678, 859], [-1359, -1718]]
[[1, 0], [679, 1718], [-681, -1718]]
[[1, 0], [679, 859], [-1361, -1718]]
[[1, 0], [68, 859], [-139, -1718]]
[[1, 0], [68, 859], [-69, -859]]
[[1, 0], [68, 859], [-70, -859]]
[[1, 0], [680, 859], [-1363, -1718]]
[[1, 0], [681, 1718], [-683, -1718]]
[[1, 0], [681, 859], [-1365, -1718]]
[[1, 0], [682, 859], [-1367, -1718]]
[[1, 0], [683, 1718], [-685, -1718]]
[[1, 0], [683, 859], [-1369, -1718]]
[[1, 0], [684, 859], [-1371, -1718]]
[[1, 0], [685, 1718], [-687, -1718]]
[[1, 0], [685, 2577], [-686, -2577]]
[[1, 0], [685, 859], [-1373, -1718]]
[[1, 0], [686, 859], [-1375, -1718]]
[[1, 0], [687, 1718], [-689, -1718]]
[[1, 0], [687, 859], [-1377, -1718]]
[[1, 0], [687, 859], [-688, -859]]
[[1, 0], [688, 2577], [-689, -2577]]
[[1, 0], [688, 859], [-1379, -1718]]
[[1, 0], [689, 1718], [-691, -1718]]
[[1, 0], [689, 859], [-1381, -1718]]
[[1, 0], [69, 1718], [-71, -1718]]
[[1, 0], [69, 859], [-141, -1718]]
[[1, 0], [69, 859], [-70, -859]]
[[1, 0], [69, 859], [-71, -859]]
[[1, 0], [690, 859], [-1383, -1718]]
[[1, 0], [691, 1718], [-693, -1718]]
[[1, 0], [691, 2577], [-692, -2577]]
[[1, 0], [691, 859], [-1385, -1718]]
[[1, 0], [692, 859], [-1387, -1718]]
[[1, 0], [693, 1718], [-695, -1718]]
[[1, 0], [693, 859], [-1389, -1718]]
[[1, 0], [694, 2577], [-695, -2577]]
[[1, 0], [694, 859], [-1391, -1718]]
[[1, 0], [695, 1718], [-697, -1718]]
[[1, 0], [695, 859], [-1393, -1718]]
[[1, 0], [696, 859], [-1395, -1718]]
[[1, 0], [697, 1718], [-699, -1718]]
[[1, 0], [697, 2577], [-698, -2577]]
[[1, 0], [697, 859], [-1397, -1718]]
[[1, 0], [698, 859], [-1399, -1718]]
[[1, 0], [699, 1718], [-701, -1718]]
[[1, 0], [699, 859], [-1401, -1718]]
[[1, 0], [7, 1718], [-9, -1718]]
[[1, 0], [7, 2577], [-8, -2577]]
[[1, 0], [7, 859], [-17, -1718]]
[[1, 0], [7, 859], [-8, -859]]
[[1, 0], [7, 859], [-9, -859]]
[[1, 0], [70, 2577], [-71, -2577]]
[[1, 0], [70, 859], [-143, -1718]]
[[1, 0], [70, 859], [-71, -859]]
[[1, 0], [70, 859], [-72, -859]]
[[1, 0], [700, 859], [-1403, -1718]]
[[1, 0], [701, 1718], [-703, -1718]]
[[1, 0], [701, 859], [-1405, -1718]]
[[1, 0], [702, 859], [-1407, -1718]]
[[1, 0], [703, 1718], [-705, -1718]]
[[1, 0], [703, 2577], [-704, -2577]]
[[1, 0], [703, 859], [-1409, -1718]]
[[1, 0], [704, 859], [-1411, -1718]]
[[1, 0], [705, 1718], [-707, -1718]]
[[1, 0], [705, 859], [-1413, -1718]]
[[1, 0], [706, 859], [-1415, -1718]]
[[1, 0], [707, 1718], [-709, -1718]]
[[1, 0], [707, 859], [-1417, -1718]]
[[1, 0], [708, 859], [-1419, -1718]]
[[1, 0], [709, 1718], [-711, -1718]]
[[1, 0], [709, 859], [-1421, -1718]]
[[1, 0], [71, 1718], [-73, -1718]]
[[1, 0], [71, 859], [-145, -1718]]
[[1, 0], [71, 859], [-72, -859]]
[[1, 0], [71, 859], [-73, -859]]
[[1, 0], [710, 859], [-1423, -1718]]
[[1, 0], [711, 1718], [-713, -1718]]
[[1, 0], [711, 859], [-1425, -1718]]
[[1, 0], [712, 859], [-1427, -1718]]
[[1, 0], [713, 1718], [-715, -1718]]
[[1, 0], [713, 859], [-1429, -1718]]
[[1, 0], [714, 859], [-1431, -1718]]
[[1, 0], [715, 1718], [-717, -1718]]
[[1, 0], [715, 859], [-1433, -1718]]
[[1, 0], [716, 859], [-1435, -1718]]
[[1, 0], [717, 1718], [-719, -1718]]
[[1, 0], [717, 859], [-1437, -1718]]
[[1, 0], [718, 859], [-1439, -1718]]
[[1, 0], [719, 1718], [-721, -1718]]
[[1, 0], [719, 859], [-1441, -1718]]
[[1, 0], [72, 859], [-147, -1718]]
[[1, 0], [72, 859], [-73, -859]]
[[1, 0], [72, 859], [-74, -859]]
[[1, 0], [720, 859], [-1443, -1718]]
[[1, 0], [721, 1718], [-723, -1718]]
[[1, 0], [721, 859], [-1445, -1718]]
[[1, 0], [722, 859], [-1447, -1718]]
[[1, 0], [723, 1718], [-725, -1718]]
[[1, 0], [723, 859], [-1449, -1718]]
[[1, 0], [724, 2577], [-725, -2577]]
[[1, 0], [724, 859], [-1451, -1718]]
[[1, 0], [725, 1718], [-727, -1718]]
[[1, 0], [725, 859], [-1453, -1718]]
[[1, 0], [726, 859], [-1455, -1718]]
[[1, 0], [727, 1718], [-729, -1718]]
[[1, 0], [727, 859], [-1457, -1718]]
[[1, 0], [728, 859], [-1459, -1718]]
[[1, 0], [729, 1718], [-731, -1718]]
[[1, 0], [729, 859], [-1461, -1718]]
[[1, 0], [73, 1718], [-75, -1718]]
[[1, 0], [73, 2577], [-74, -2577]]
[[1, 0], [73, 859], [-149, -1718]]
[[1, 0], [73, 859], [-74, -859]]
[[1, 0], [73, 859], [-75, -859]]
[[1, 0], [730, 859], [-1463, -1718]]
[[1, 0], [731, 1718], [-733, -1718]]
[[1, 0], [731, 859], [-1465, -1718]]
[[1, 0], [732, 859], [-1467, -1718]]
[[1, 0], [733, 1718], [-735, -1718]]
[[1, 0], [733, 2577], [-734, -2577]]
[[1, 0], [733, 859], [-1469, -1718]]
[[1, 0], [734, 859], [-1471, -1718]]
[[1, 0], [735, 1718], [-737, -1718]]
[[1, 0], [735, 859], [-1473, -1718]]
[[1, 0], [736, 859], [-1475, -1718]]
[[1, 0], [737, 1718], [-739, -1718]]
[[1, 0], [737, 859], [-1477, -1718]]
[[1, 0], [738, 859], [-1479, -1718]]
[[1, 0], [739, 1718], [-741, -1718]]
[[1, 0], [739, 859], [-1481, -1718]]
[[1, 0], [74, 859], [-151, -1718]]
[[1, 0], [74, 859], [-75, -859]]
[[1, 0], [74, 859], [-76, -859]]
[[1, 0], [740, 859], [-1483, -1718]]
[[1, 0], [741, 1718], [-743, -1718]]
[[1, 0], [741, 859], [-1485, -1718]]
[[1, 0], [742, 859], [-1487, -1718]]
[[1, 0], [743, 1718], [-745, -1718]]
[[1, 0], [743, 859], [-1489, -1718]]
[[1, 0], [744, 859], [-1491, -1718]]
[[1, 0], [745, 1718], [-747, -1718]]
[[1, 0], [745, 859], [-1493, -1718]]
[[1, 0], [746, 859], [-1495, -1718]]
[[1, 0], [747, 1718], [-749, -1718]]
[[1, 0], [747, 859], [-1497, -1718]]
[[1, 0], [748, 859], [-1499, -1718]]
[[1, 0], [749, 1718], [-751, -1718]]
[[1, 0], [749, 859], [-1501, -1718]]
[[1, 0], [75, 1718], [-77, -1718]]
[[1, 0], [75, 859], [-153, -1718]]
[[1, 0], [75, 859], [-76, -859]]
[[1, 0], [75, 859], [-77, -859]]
[[1, 0], [750, 859], [-1503, -1718]]
[[1, 0], [751, 1718], [-753, -1718]]
[[1, 0], [751, 2577], [-752, -2577]]
[[1, 0], [751, 859], [-1505, -1718]]
[[1, 0], [752, 859], [-1507, -1718]]
[[1, 0], [753, 1718], [-755, -1718]]
[[1, 0], [753, 859], [-1509, -1718]]
[[1, 0], [754, 2577], [-755, -2577]]
[[1, 0], [754, 859], [-1511, -1718]]
[[1, 0], [755, 1718], [-757, -1718]]
[[1, 0], [755, 859], [-1513, -1718]]
[[1, 0], [756, 859], [-1515, -1718]]
[[1, 0], [757, 1718], [-759, -1718]]
[[1, 0], [757, 859], [-1517, -1718]]
[[1, 0], [758, 859], [-1519, -1718]]
[[1, 0], [759, 1718], [-761, -1718]]
[[1, 0], [759, 859], [-1521, -1718]]
[[1, 0], [76, 2577], [-77, -2577]]
[[1, 0], [76, 859], [-155, -1718]]
[[1, 0], [76, 859], [-77, -859]]
[[1, 0], [76, 859], [-78, -859]]
[[1, 0], [760, 859], [-1523, -1718]]
[[1, 0], [761, 1718], [-763, -1718]]
[[1, 0], [761, 859], [-1525, -1718]]
[[1, 0], [762, 859], [-1527, -1718]]
[[1, 0], [763, 1718], [-765, -1718]]
[[1, 0], [763, 859], [-1529, -1718]]
[[1, 0], [764, 859], [-1531, -1718]]
[[1, 0], [765, 1718], [-767, -1718]]
[[1, 0], [765, 859], [-1533, -1718]]
[[1, 0], [766, 859], [-1535, -1718]]
[[1, 0], [767, 1718], [-769, -1718]]
[[1, 0], [767, 859], [-1537, -1718]]
[[1, 0], [768, 859], [-1539, -1718]]
[[1, 0], [769, 1718], [-771, -1718]]
[[1, 0], [769, 859], [-1541, -1718]]
[[1, 0], [77, 1718], [-79, -1718]]
[[1, 0], [77, 859], [-157, -1718]]
[[1, 0], [77, 859], [-79, -859]]
[[1, 0], [770, 859], [-1543, -1718]]
[[1, 0], [771, 1718], [-773, -1718]]
[[1, 0], [771, 859], [-1545, -1718]]
[[1, 0], [772, 859], [-1547, -1718]]
[[1, 0], [773, 1718], [-775, -1718]]
[[1, 0], [773, 859], [-1549, -1718]]
[[1, 0], [774, 859], [-1551, -1718]]
[[1, 0], [775, 1718], [-777, -1718]]
[[1, 0], [775, 859], [-1553, -1718]]
[[1, 0], [776, 859], [-1555, -1718]]
[[1, 0], [777, 1718], [-779, -1718]]
[[1, 0], [777, 859], [-1557, -1718]]
[[1, 0], [778, 859], [-1559, -1718]]
[[1, 0], [779, 1718], [-781, -1718]]
[[1, 0], [779, 859], [-1561, -1718]]
[[1, 0], [78, 859], [-159, -1718]]
[[1, 0], [78, 859], [-80, -859]]
[[1, 0], [780, 859], [-1563, -1718]]
[[1, 0], [781, 1718], [-783, -1718]]
[[1, 0], [781, 2577], [-782, -2577]]
[[1, 0], [781, 859], [-1565, -1718]]
[[1, 0], [782, 859], [-1567, -1718]]
[[1, 0], [783, 1718], [-785, -1718]]
[[1, 0], [783, 859], [-1569, -1718]]
[[1, 0], [784, 859], [-1571, -1718]]
[[1, 0], [785, 1718], [-787, -1718]]
[[1, 0], [785, 859], [-1573, -1718]]
[[1, 0], [786, 859], [-1575, -1718]]
[[1, 0], [787, 1718], [-789, -1718]]
[[1, 0], [787, 859], [-1577, -1718]]
[[1, 0], [788, 859], [-1579, -1718]]
[[1, 0], [789, 1718], [-791, -1718]]
[[1, 0], [789, 859], [-1581, -1718]]
[[1, 0], [79, 1718], [-81, -1718]]
[[1, 0], [79, 2577], [-80, -2577]]
[[1, 0], [79, 859], [-161, -1718]]
[[1, 0], [79, 859], [-80, -859]]
[[1, 0], [79, 859], [-81, -859]]
[[1, 0], [790, 859], [-1583, -1718]]
[[1, 0], [791, 1718], [-793, -1718]]
[[1, 0], [791, 859], [-1585, -1718]]
[[1, 0], [792, 859], [-1587, -1718]]
[[1, 0], [793, 1718], [-795, -1718]]
[[1, 0], [793, 859], [-1589, -1718]]
[[1, 0], [794, 859], [-1591, -1718]]
[[1, 0], [795, 1718], [-797, -1718]]
[[1, 0], [795, 859], [-1593, -1718]]
[[1, 0], [796, 859], [-1595, -1718]]
[[1, 0], [797, 1718], [-799, -1718]]
[[1, 0], [797, 859], [-1597, -1718]]
[[1, 0], [798, 859], [-1599, -1718]]
[[1, 0], [799, 1718], [-801, -1718]]
[[1, 0], [799, 859], [-1601, -1718]]
[[1, 0], [8, 859], [-10, -859]]
[[1, 0], [8, 859], [-19, -1718]]
[[1, 0], [8, 859], [-9, -859]]
[[1, 0], [80, 859], [-163, -1718]]
[[1, 0], [80, 859], [-81, -859]]
[[1, 0], [80, 859], [-82, -859]]
[[1, 0], [800, 859], [-1603, -1718]]
[[1, 0], [801, 1718], [-803, -1718]]
[[1, 0], [801, 859], [-1605, -1718]]
[[1, 0], [802, 2577], [-803, -2577]]
[[1, 0], [802, 859], [-1607, -1718]]
[[1, 0], [803, 1718], [-805, -1718]]
[[1, 0], [803, 859], [-1609, -1718]]
[[1, 0], [804, 859], [-1611, -1718]]
[[1, 0], [805, 1718], [-807, -1718]]
[[1, 0], [805, 859], [-1613, -1718]]
[[1, 0], [806, 859], [-1615, -1718]]
[[1, 0], [807, 1718], [-809, -1718]]
[[1, 0], [807, 859], [-1617, -1718]]
[[1, 0], [808, 859], [-1619, -1718]]
[[1, 0], [809, 1718], [-811, -1718]]
[[1, 0], [809, 859], [-1621, -1718]]
[[1, 0], [81, 1718], [-83, -1718]]
[[1, 0], [81, 859], [-165, -1718]]
[[1, 0], [81, 859], [-82, -859]]
[[1, 0], [81, 859], [-83, -859]]
[[1, 0], [810, 859], [-1623, -1718]]
[[1, 0], [811, 1718], [-813, -1718]]
[[1, 0], [811, 859], [-1625, -1718]]
[[1, 0], [812, 859], [-1627, -1718]]
[[1, 0], [813, 1718], [-815, -1718]]
[[1, 0], [813, 859], [-1629, -1718]]
[[1, 0], [814, 859], [-1631, -1718]]
[[1, 0], [815, 1718], [-817, -1718]]
[[1, 0], [815, 859], [-1633, -1718]]
[[1, 0], [816, 859], [-1635, -1718]]
[[1, 0], [817, 1718], [-819, -1718]]
[[1, 0], [817, 859], [-1637, -1718]]
[[1, 0], [818, 859], [-1639, -1718]]
[[1, 0], [819, 1718], [-821, -1718]]
[[1, 0], [819, 859], [-1641, -1718]]
[[1, 0], [82, 2577], [-83, -2577]]
[[1, 0], [82, 859], [-167, -1718]]
[[1, 0], [82, 859], [-83, -859]]
[[1, 0], [82, 859], [-84, -859]]
[[1, 0], [820, 859], [-1643, -1718]]
[[1, 0], [821, 1718], [-823, -1718]]
[[1, 0], [821, 859], [-1645, -1718]]
[[1, 0], [822, 859], [-1647, -1718]]
[[1, 0], [823, 1718], [-825, -1718]]
[[1, 0], [823, 859], [-1649, -1718]]
[[1, 0], [824, 859], [-1651, -1718]]
[[1, 0], [825, 1718], [-827, -1718]]
[[1, 0], [825, 859], [-1653, -1718]]
[[1, 0], [826, 859], [-1655, -1718]]
[[1, 0], [827, 1718], [-829, -1718]]
[[1, 0], [827, 859], [-1657, -1718]]
[[1, 0], [828, 859], [-1659, -1718]]
[[1, 0], [829, 1718], [-831, -1718]]
[[1, 0], [829, 859], [-1661, -1718]]
[[1, 0], [83, 1718], [-85, -1718]]
[[1, 0], [83, 859], [-169, -1718]]
[[1, 0], [83, 859], [-84, -859]]
[[1, 0], [83, 859], [-85, -859]]
[[1, 0], [830, 859], [-1663, -1718]]
[[1, 0], [831, 1718], [-833, -1718]]
[[1, 0], [831, 859], [-1665, -1718]]
[[1, 0], [832, 859], [-1667, -1718]]
[[1, 0], [833, 1718], [-835, -1718]]
[[1, 0], [833, 859], [-1669, -1718]]
[[1, 0], [834, 859], [-1671, -1718]]
[[1, 0], [835, 1718], [-837, -1718]]
[[1, 0], [835, 859], [-1673, -1718]]
[[1, 0], [836, 859], [-1675, -1718]]
[[1, 0], [837, 1718], [-839, -1718]]
[[1, 0], [837, 859], [-1677, -1718]]
[[1, 0], [838, 859], [-1679, -1718]]
[[1, 0], [839, 1718], [-841, -1718]]
[[1, 0], [839, 859], [-1681, -1718]]
[[1, 0], [84, 859], [-171, -1718]]
[[1, 0], [84, 859], [-85, -859]]
[[1, 0], [84, 859], [-86, -859]]
[[1, 0], [840, 859], [-1683, -1718]]
[[1, 0], [841, 1718], [-843, -1718]]
[[1, 0], [841, 859], [-1685, -1718]]
[[1, 0], [842, 859], [-1687, -1718]]
[[1, 0], [843, 1718], [-845, -1718]]
[[1, 0], [843, 859], [-1689, -1718]]
[[1, 0], [844, 859], [-1691, -1718]]
[[1, 0], [845, 1718], [-847, -1718]]
[[1, 0], [845, 859], [-1693, -1718]]
[[1, 0], [846, 859], [-1695, -1718]]
[[1, 0], [847, 1718], [-849, -1718]]
[[1, 0], [847, 859], [-1697, -1718]]
[[1, 0], [848, 859], [-1699, -1718]]
[[1, 0], [849, 1718], [-851, -1718]]
[[1, 0], [849, 859], [-1701, -1718]]
[[1, 0], [85, 1718], [-87, -1718]]
[[1, 0], [85, 2577], [-86, -2577]]
[[1, 0], [85, 859], [-173, -1718]]
[[1, 0], [85, 859], [-87, -859]]
[[1, 0], [850, 859], [-1703, -1718]]
[[1, 0], [851, 1718], [-853, -1718]]
[[1, 0], [851, 859], [-1705, -1718]]
[[1, 0], [852, 859], [-1707, -1718]]
[[1, 0], [852, 859], [-854, -859]]
[[1, 0], [853, 1718], [-855, -1718]]
[[1, 0], [853, 859], [-1709, -1718]]
[[1, 0], [854, 859], [-1711, -1718]]
[[1, 0], [855, 1718], [-857, -1718]]
[[1, 0], [855, 859], [-1713, -1718]]
[[1, 0], [856, 859], [-1715, -1718]]
[[1, 0], [857, 859], [-1717, -1718]]
[[1, 0], [858, 859], [-1719, -1718]]
[[1, 0], [858, 859], [-860, -859]]
[[1, 0], [86, 859], [-175, -1718]]
[[1, 0], [86, 859], [-88, -859]]
[[1, 0], [87, 1718], [-89, -1718]]
[[1, 0], [87, 859], [-177, -1718]]
[[1, 0], [87, 859], [-89, -859]]
[[1, 0], [88, 2577], [-89, -2577]]
[[1, 0], [88, 859], [-179, -1718]]
[[1, 0], [88, 859], [-89, -859]]
[[1, 0], [88, 859], [-90, -859]]
[[1, 0], [880, 2577], [-881, -2577]]
[[1, 0], [89, 1718], [-91, -1718]]
[[1, 0], [89, 859], [-181, -1718]]
[[1, 0], [89, 859], [-90, -859]]
[[1, 0], [89, 859], [-91, -859]]
[[1, 0], [9, 1718], [-11, -1718]]
[[1, 0], [9, 859], [-10, -859]]
[[1, 0], [9, 859], [-11, -859]]
[[1, 0], [9, 859], [-21, -1718]]
[[1, 0], [90, 859], [-183, -1718]]
[[1, 0], [90, 859], [-91, -859]]
[[1, 0], [90, 859], [-92, -859]]
[[1, 0], [91, 1718], [-93, -1718]]
[[1, 0], [91, 859], [-185, -1718]]
[[1, 0], [91, 859], [-93, -859]]
[[1, 0], [92, 859], [-187, -1718]]
[[1, 0], [92, 859], [-94, -859]]
[[1, 0], [922, 2577], [-923, -2577]]
[[1, 0], [93, 1718], [-95, -1718]]
[[1, 0], [93, 859], [-189, -1718]]
[[1, 0], [93, 859], [-94, -859]]
[[1, 0], [93, 859], [-95, -859]]
[[1, 0], [934, 2577], [-935, -2577]]
[[1, 0], [94, 2577], [-95, -2577]]
[[1, 0], [94, 859], [-191, -1718]]
[[1, 0], [94, 859], [-95, -859]]
[[1, 0], [94, 859], [-96, -859]]
[[1, 0], [95, 1718], [-97, -1718]]
[[1, 0], [95, 859], [-193, -1718]]
[[1, 0], [95, 859], [-96, -859]]
[[1, 0], [95, 859], [-97, -859]]
[[1, 0], [96, 859], [-195, -1718]]
[[1, 0], [96, 859], [-98, -859]]
[[1, 0], [97, 1718], [-99, -1718]]
[[1, 0], [97, 2577], [-98, -2577]]
[[1, 0], [97, 859], [-197, -1718]]
[[1, 0], [97, 859], [-99, -859]]
[[1, 0], [98, 859], [-100, -859]]
[[1, 0], [98, 859], [-199, -1718]]
[[1, 0], [98, 859], [-99, -859]]
[[1, 0], [99, 1718], [-101, -1718]]
[[1, 0], [99, 859], [-100, -859]]
[[1, 0], [99, 859], [-101, -859]]
[[1, 0], [99, 859], [-201, -1718]]
