[[1, 0], [0, 1], [-1065, -26]]
[[1, 0], [0, 1], [-1065, -2]]
[[1, 0], [0, 1], [-1065, -41]]
[[1, 0], [0, 1], [-1065, -533]]
[[1, 0], [0, 1], [-1070, -213]]
[[1, 0], [0, 1], [-1136, -15]]
[[1, 0], [0, 1], [-120, -71]]
[[1, 0], [0, 1], [-1245, -497]]
[[1, 0], [0, 1], [-126735, -356]]
[[1, 0], [0, 1], [-12851, -180]]
[[1, 0], [0, 1], [-12993, -365]]
[[1, 0], [0, 1], [-142, -55]]
[[1, 0], [0, 1], [-142, -5]]
[[1, 0], [0, 1], [-142, -65]]
[[1, 0], [0, 1], [-1420, -203]]
[[1, 0], [0, 1], [-1420, -7]]
[[1, 0], [0, 1], [-1491, -20]]
[[1, 0], [0, 1], [-1775, -444]]
[[1, 0], [0, 1], [-1775, -4]]
[[1, 0], [0, 1], [-180, -71]]
[[1, 0], [0, 1], [-1988, -195]]
[[1, 0], [0, 1], [-213, -5]]
[[1, 0], [0, 1], [-21300, -119]]
[[1, 0], [0, 1], [-21300, -179]]
[[1, 0], [0, 1], [-2135, -426]]
[[1, 0], [0, 1], [-2201, -30]]
[[1, 0], [0, 1], [-25631, -360]]
[[1, 0], [0, 1], [-284, -75]]
[[1, 0], [0, 1], [-2911, -40]]
[[1, 0], [0, 1], [-3195, -17]]
[[1, 0], [0, 1], [-3195, -188]]
[[1, 0], [0, 1], [-31950, -359]]
[[1, 0], [0, 1], [-31950, -89]]
[[1, 0], [0, 1], [-3266, -45]]
[[1, 0], [0, 1], [-355, -178]]
[[1, 0], [0, 1], [-355, -1]]
[[1, 0], [0, 1], [-355, -2]]
[[1, 0], [0, 1], [-356, -355]]
[[1, 0], [0, 1], [-360, -71]]
[[1, 0], [0, 1], [-3905, -186]]
[[1, 0], [0, 1], [-3905, -21]]
[[1, 0], [0, 1], [-426, -305]]
[[1, 0], [0, 1], [-426, -35]]
[[1, 0], [0, 1], [-426, -5]]
[[1, 0], [0, 1], [-4331, -60]]
[[1, 0], [0, 1], [-4402, -185]]
[[1, 0], [0, 1], [-475, -284]]
[[1, 0], [0, 1], [-63545, -178]]
[[1, 0], [0, 1], [-63545, -357]]
[[1, 0], [0, 1], [-6461, -90]]
[[1, 0], [0, 1], [-6674, -375]]
[[1, 0], [0, 1], [-71, -10]]
[[1, 0], [0, 1], [-71, -15]]
[[1, 0], [0, 1], [-71, -20]]
[[1, 0], [0, 1], [-71, -30]]
[[1, 0], [0, 1], [-71, -40]]
[[1, 0], [0, 1], [-71, -45]]
[[1, 0], [0, 1], [-71, -5]]
[[1, 0], [0, 1], [-71, -60]]
[[1, 0], [0, 1], [-710, -1]]
[[1, 0], [0, 1], [-710, -237]]
[[1, 0], [0, 1], [-710, -3]]
[[1, 0], [0, 1], [-711, -710]]
[[1, 0], [0, 1], [-715, -142]]
[[1, 0], [0, 1], [-781, -10]]
[[1, 0], [0, 1], [-781, -230]]
[[1, 0], [0, 1], [-800, -639]]
[[1, 0], [0, 1], [-8591, -120]]
[[1, 0], [0, 1], [-90, -71]]
[[1, 0], [0, 1], [-923, -220]]
[[1, 0], [0, 1], [-9230, -181]]
[[1, 0], [0, 1], [-9230, -51]]
[[1, 0], [1, 1065], [-2, -1065]]
[[1, 0], [1, 10], [-128, -215]]
[[1, 0], [1, 10], [-1367, -180]]
[[1, 0], [1, 10], [-143, -10]]
[[1, 0], [1, 10], [-143, -710]]
[[1, 0], [1, 10], [-179, -15]]
[[1, 0], [1, 10], [-2663, -360]]
[[1, 0], [1, 10], [-287, -30]]
[[1, 0], [1, 10], [-303, -190]]
[[1, 0], [1, 10], [-359, -40]]
[[1, 0], [1, 10], [-503, -60]]
[[1, 0], [1, 10], [-719, -90]]
[[1, 0], [1, 10], [-72, -355]]
[[1, 0], [1, 119], [-356, -119]]
[[1, 0], [1, 119], [-713, -357]]
[[1, 0], [1, 11], [-131, -660]]
[[1, 0], [1, 11], [-17, -45]]
[[1, 0], [1, 11], [-23, -40]]
[[1, 0], [1, 11], [-461, -385]]
[[1, 0], [1, 11], [-76, -55]]
[[1, 0], [1, 120], [-143, -120]]
[[1, 0], [1, 120], [-179, -180]]
[[1, 0], [1, 120], [-287, -360]]
[[1, 0], [1, 125], [-74, -375]]
[[1, 0], [1, 12], [-1151, -180]]
[[1, 0], [1, 12], [-161, -15]]
[[1, 0], [1, 12], [-191, -20]]
[[1, 0], [1, 12], [-21, -110]]
[[1, 0], [1, 12], [-2231, -360]]
[[1, 0], [1, 12], [-247, -124]]
[[1, 0], [1, 12], [-251, -30]]
[[1, 0], [1, 12], [-311, -40]]
[[1, 0], [1, 12], [-341, -45]]
[[1, 0], [1, 12], [-431, -60]]
[[1, 0], [1, 12], [-611, -90]]
[[1, 0], [1, 12], [-62, -105]]
[[1, 0], [1, 12], [-791, -120]]
[[1, 0], [1, 13], [-116, -585]]
[[1, 0], [1, 13], [-23, -15]]
[[1, 0], [1, 13], [-7, -20]]
[[1, 0], [1, 13], [-83, -14]]
[[1, 0], [1, 142], [-11, -142]]
[[1, 0], [1, 142], [-11, -710]]
[[1, 0], [1, 142], [-14, -213]]
[[1, 0], [1, 142], [-23, -426]]
[[1, 0], [1, 142], [-6, -355]]
[[1, 0], [1, 142], [-7, -284]]
[[1, 0], [1, 14], [-1091, -364]]
[[1, 0], [1, 14], [-111, -560]]
[[1, 0], [1, 15], [-107, -540]]
[[1, 0], [1, 15], [-143, -15]]
[[1, 0], [1, 15], [-167, -20]]
[[1, 0], [1, 15], [-174, -125]]
[[1, 0], [1, 15], [-1799, -360]]
[[1, 0], [1, 15], [-263, -40]]
[[1, 0], [1, 15], [-287, -45]]
[[1, 0], [1, 15], [-359, -60]]
[[1, 0], [1, 15], [-36, -185]]
[[1, 0], [1, 15], [-503, -90]]
[[1, 0], [1, 15], [-57, -145]]
[[1, 0], [1, 15], [-647, -120]]
[[1, 0], [1, 16], [-119, -200]]
[[1, 0], [1, 16], [-68, -23]]
[[1, 0], [1, 178], [-1067, -356]]
[[1, 0], [1, 178], [-711, -178]]
[[1, 0], [1, 179], [-357, -358]]
[[1, 0], [1, 17], [-101, -510]]
[[1, 0], [1, 17], [-14, -25]]
[[1, 0], [1, 17], [-1427, -119]]
[[1, 0], [1, 17], [-356, -17]]
[[1, 0], [1, 17], [-3926, -357]]
[[1, 0], [1, 17], [-398, -21]]
[[1, 0], [1, 17], [-713, -51]]
[[1, 0], [1, 180], [-143, -180]]
[[1, 0], [1, 185], [-73, -370]]
[[1, 0], [1, 18], [-151, -20]]
[[1, 0], [1, 18], [-1511, -360]]
[[1, 0], [1, 18], [-188, -189]]
[[1, 0], [1, 18], [-191, -30]]
[[1, 0], [1, 18], [-231, -40]]
[[1, 0], [1, 18], [-251, -45]]
[[1, 0], [1, 18], [-311, -60]]
[[1, 0], [1, 18], [-431, -90]]
[[1, 0], [1, 18], [-551, -120]]
[[1, 0], [1, 18], [-791, -180]]
[[1, 0], [1, 20], [-1367, -360]]
[[1, 0], [1, 20], [-143, -20]]
[[1, 0], [1, 20], [-179, -30]]
[[1, 0], [1, 20], [-19, -25]]
[[1, 0], [1, 20], [-233, -45]]
[[1, 0], [1, 20], [-24, -125]]
[[1, 0], [1, 20], [-287, -60]]
[[1, 0], [1, 20], [-303, -380]]
[[1, 0], [1, 20], [-503, -120]]
[[1, 0], [1, 20], [-719, -180]]
[[1, 0], [1, 213], [-11, -213]]
[[1, 0], [1, 213], [-17, -426]]
[[1, 0], [1, 213], [-3, -284]]
[[1, 0], [1, 213], [-8, -639]]
[[1, 0], [1, 21], [-1189, -119]]
[[1, 0], [1, 21], [-27, -70]]
[[1, 0], [1, 21], [-3212, -357]]
[[1, 0], [1, 21], [-356, -21]]
[[1, 0], [1, 21], [-611, -51]]
[[1, 0], [1, 22], [-186, -187]]
[[1, 0], [1, 23], [-91, -460]]
[[1, 0], [1, 24], [-1151, -360]]
[[1, 0], [1, 24], [-161, -30]]
[[1, 0], [1, 24], [-191, -40]]
[[1, 0], [1, 24], [-206, -45]]
[[1, 0], [1, 24], [-251, -60]]
[[1, 0], [1, 24], [-341, -90]]
[[1, 0], [1, 24], [-4, -25]]
[[1, 0], [1, 24], [-431, -120]]
[[1, 0], [1, 24], [-611, -180]]
[[1, 0], [1, 25], [-18, -95]]
[[1, 0], [1, 25], [-299, -375]]
[[1, 0], [1, 25], [-79, -200]]
[[1, 0], [1, 25], [-89, -450]]
[[1, 0], [1, 26], [-181, -91]]
[[1, 0], [1, 26], [-23, -30]]
[[1, 0], [1, 26], [-38, -65]]
[[1, 0], [1, 26], [-7, -40]]
[[1, 0], [1, 26], [-83, -28]]
[[1, 0], [1, 27], [-41, -42]]
[[1, 0], [1, 284], [-7, -568]]
[[1, 0], [1, 29], [-86, -435]]
[[1, 0], [1, 2], [-1011, -460]]
[[1, 0], [1, 2], [-1067, -4]]
[[1, 0], [1, 2], [-1091, -52]]
[[1, 0], [1, 2], [-111, -80]]
[[1, 0], [1, 2], [-1143, -440]]
[[1, 0], [1, 2], [-1151, -30]]
[[1, 0], [1, 2], [-119, -25]]
[[1, 0], [1, 2], [-1283, -426]]
[[1, 0], [1, 2], [-13031, -360]]
[[1, 0], [1, 2], [-147, -10]]
[[1, 0], [1, 2], [-1511, -40]]
[[1, 0], [1, 2], [-16197, -89]]
[[1, 0], [1, 2], [-1623, -406]]
[[1, 0], [1, 2], [-1691, -45]]
[[1, 0], [1, 2], [-181, -7]]
[[1, 0], [1, 2], [-186, -17]]
[[1, 0], [1, 2], [-188, -21]]
[[1, 0], [1, 2], [-191, -142]]
[[1, 0], [1, 2], [-203, -51]]
[[1, 0], [1, 2], [-207, -130]]
[[1, 0], [1, 2], [-21479, -358]]
[[1, 0], [1, 2], [-218, -71]]
[[1, 0], [1, 2], [-2183, -390]]
[[1, 0], [1, 2], [-2231, -60]]
[[1, 0], [1, 2], [-237, -119]]
[[1, 0], [1, 2], [-251, -5]]
[[1, 0], [1, 2], [-32039, -178]]
[[1, 0], [1, 2], [-3311, -90]]
[[1, 0], [1, 2], [-3383, -376]]
[[1, 0], [1, 2], [-356, -355]]
[[1, 0], [1, 2], [-359, -150]]
[[1, 0], [1, 2], [-38, -5]]
[[1, 0], [1, 2], [-4091, -372]]
[[1, 0], [1, 2], [-431, -10]]
[[1, 0], [1, 2], [-431, -142]]
[[1, 0], [1, 2], [-4391, -120]]
[[1, 0], [1, 2], [-4587, -370]]
[[1, 0], [1, 2], [-581, -97]]
[[1, 0], [1, 2], [-611, -15]]
[[1, 0], [1, 2], [-63723, -356]]
[[1, 0], [1, 2], [-644, -213]]
[[1, 0], [1, 2], [-6551, -180]]
[[1, 0], [1, 2], [-711, -2]]
[[1, 0], [1, 2], [-711, -710]]
[[1, 0], [1, 2], [-731, -610]]
[[1, 0], [1, 2], [-759, -568]]
[[1, 0], [1, 2], [-791, -20]]
[[1, 0], [1, 2], [-9411, -362]]
[[1, 0], [1, 2], [-947, -474]]
[[1, 0], [1, 30], [-13, -35]]
[[1, 0], [1, 30], [-143, -30]]
[[1, 0], [1, 30], [-167, -40]]
[[1, 0], [1, 30], [-179, -45]]
[[1, 0], [1, 30], [-287, -90]]
[[1, 0], [1, 30], [-359, -120]]
[[1, 0], [1, 30], [-503, -180]]
[[1, 0], [1, 355], [-2, -355]]
[[1, 0], [1, 355], [-3, -355]]
[[1, 0], [1, 356], [-711, -356]]
[[1, 0], [1, 357], [-356, -357]]
[[1, 0], [1, 35], [-12, -65]]
[[1, 0], [1, 35], [-153, -385]]
[[1, 0], [1, 35], [-32, -55]]
[[1, 0], [1, 35], [-83, -420]]
[[1, 0], [1, 360], [-143, -360]]
[[1, 0], [1, 365], [-72, -365]]
[[1, 0], [1, 36], [-151, -40]]
[[1, 0], [1, 36], [-161, -45]]
[[1, 0], [1, 36], [-191, -60]]
[[1, 0], [1, 36], [-251, -90]]
[[1, 0], [1, 36], [-311, -120]]
[[1, 0], [1, 36], [-431, -180]]
[[1, 0], [1, 36], [-791, -360]]
[[1, 0], [1, 37], [-147, -185]]
[[1, 0], [1, 3], [-1031, -40]]
[[1, 0], [1, 3], [-1106, -123]]
[[1, 0], [1, 3], [-1151, -45]]
[[1, 0], [1, 3], [-1189, -17]]
[[1, 0], [1, 3], [-1427, -21]]
[[1, 0], [1, 3], [-147, -71]]
[[1, 0], [1, 3], [-1511, -60]]
[[1, 0], [1, 3], [-161, -213]]
[[1, 0], [1, 3], [-163, -205]]
[[1, 0], [1, 3], [-178, -179]]
[[1, 0], [1, 3], [-191, -5]]
[[1, 0], [1, 3], [-197, -165]]
[[1, 0], [1, 3], [-21419, -357]]
[[1, 0], [1, 3], [-2231, -90]]
[[1, 0], [1, 3], [-247, -31]]
[[1, 0], [1, 3], [-27, -10]]
[[1, 0], [1, 3], [-289, -142]]
[[1, 0], [1, 3], [-2951, -120]]
[[1, 0], [1, 3], [-307, -140]]
[[1, 0], [1, 3], [-311, -10]]
[[1, 0], [1, 3], [-3212, -51]]
[[1, 0], [1, 3], [-356, -3]]
[[1, 0], [1, 3], [-359, -225]]
[[1, 0], [1, 3], [-431, -15]]
[[1, 0], [1, 3], [-431, -213]]
[[1, 0], [1, 3], [-4391, -180]]
[[1, 0], [1, 3], [-493, -130]]
[[1, 0], [1, 3], [-533, -534]]
[[1, 0], [1, 3], [-551, -20]]
[[1, 0], [1, 3], [-594, -7]]
[[1, 0], [1, 3], [-634, -127]]
[[1, 0], [1, 3], [-7258, -119]]
[[1, 0], [1, 3], [-791, -30]]
[[1, 0], [1, 3], [-799, -125]]
[[1, 0], [1, 3], [-857, -426]]
[[1, 0], [1, 3], [-8711, -360]]
[[1, 0], [1, 40], [-143, -40]]
[[1, 0], [1, 40], [-152, -45]]
[[1, 0], [1, 40], [-179, -60]]
[[1, 0], [1, 40], [-19, -50]]
[[1, 0], [1, 40], [-233, -90]]
[[1, 0], [1, 40], [-287, -120]]
[[1, 0], [1, 40], [-719, -360]]
[[1, 0], [1, 41], [-81, -410]]
[[1, 0], [1, 426], [-11, -426]]
[[1, 0], [1, 42], [-27, -140]]
[[1, 0], [1, 45], [-143, -45]]
[[1, 0], [1, 45], [-167, -60]]
[[1, 0], [1, 45], [-263, -120]]
[[1, 0], [1, 45], [-359, -180]]
[[1, 0], [1, 45], [-647, -360]]
[[1, 0], [1, 45], [-9, -50]]
[[1, 0], [1, 497], [-6, -497]]
[[1, 0], [1, 4], [-1151, -60]]
[[1, 0], [1, 4], [-119, -50]]
[[1, 0], [1, 4], [-161, -5]]
[[1, 0], [1, 4], [-16197, -178]]
[[1, 0], [1, 4], [-1691, -90]]
[[1, 0], [1, 4], [-181, -14]]
[[1, 0], [1, 4], [-191, -284]]
[[1, 0], [1, 4], [-203, -102]]
[[1, 0], [1, 4], [-207, -260]]
[[1, 0], [1, 4], [-2231, -120]]
[[1, 0], [1, 4], [-237, -238]]
[[1, 0], [1, 4], [-251, -10]]
[[1, 0], [1, 4], [-32039, -356]]
[[1, 0], [1, 4], [-3311, -180]]
[[1, 0], [1, 4], [-341, -15]]
[[1, 0], [1, 4], [-431, -20]]
[[1, 0], [1, 4], [-49, -71]]
[[1, 0], [1, 4], [-581, -194]]
[[1, 0], [1, 4], [-611, -30]]
[[1, 0], [1, 4], [-62, -35]]
[[1, 0], [1, 4], [-6551, -360]]
[[1, 0], [1, 4], [-711, -4]]
[[1, 0], [1, 4], [-791, -40]]
[[1, 0], [1, 4], [-8276, -89]]
[[1, 0], [1, 4], [-881, -45]]
[[1, 0], [1, 4], [-92, -155]]
[[1, 0], [1, 50], [-79, -400]]
[[1, 0], [1, 51], [-1427, -357]]
[[1, 0], [1, 51], [-356, -51]]
[[1, 0], [1, 51], [-594, -119]]
[[1, 0], [1, 52], [-181, -182]]
[[1, 0], [1, 5], [-107, -180]]
[[1, 0], [1, 5], [-1367, -90]]
[[1, 0], [1, 5], [-1424, -375]]
[[1, 0], [1, 5], [-143, -355]]
[[1, 0], [1, 5], [-143, -5]]
[[1, 0], [1, 5], [-153, -55]]
[[1, 0], [1, 5], [-1799, -120]]
[[1, 0], [1, 5], [-1849, -370]]
[[1, 0], [1, 5], [-2663, -180]]
[[1, 0], [1, 5], [-287, -15]]
[[1, 0], [1, 5], [-303, -95]]
[[1, 0], [1, 5], [-359, -20]]
[[1, 0], [1, 5], [-379, -475]]
[[1, 0], [1, 5], [-444, -445]]
[[1, 0], [1, 5], [-503, -30]]
[[1, 0], [1, 5], [-647, -40]]
[[1, 0], [1, 5], [-719, -400]]
[[1, 0], [1, 5], [-719, -45]]
[[1, 0], [1, 5], [-72, -5]]
[[1, 0], [1, 5], [-73, -10]]
[[1, 0], [1, 5], [-77, -30]]
[[1, 0], [1, 5], [-789, -395]]
[[1, 0], [1, 5], [-83, -60]]
[[1, 0], [1, 60], [-13, -70]]
[[1, 0], [1, 60], [-143, -60]]
[[1, 0], [1, 60], [-179, -90]]
[[1, 0], [1, 60], [-287, -180]]
[[1, 0], [1, 60], [-503, -360]]
[[1, 0], [1, 65], [-77, -390]]
[[1, 0], [1, 6], [-1151, -90]]
[[1, 0], [1, 6], [-147, -142]]
[[1, 0], [1, 6], [-1511, -120]]
[[1, 0], [1, 6], [-188, -63]]
[[1, 0], [1, 6], [-191, -10]]
[[1, 0], [1, 6], [-21, -55]]
[[1, 0], [1, 6], [-218, -213]]
[[1, 0], [1, 6], [-2231, -180]]
[[1, 0], [1, 6], [-247, -62]]
[[1, 0], [1, 6], [-251, -15]]
[[1, 0], [1, 6], [-27, -20]]
[[1, 0], [1, 6], [-311, -20]]
[[1, 0], [1, 6], [-359, -450]]
[[1, 0], [1, 6], [-38, -15]]
[[1, 0], [1, 6], [-431, -30]]
[[1, 0], [1, 6], [-431, -426]]
[[1, 0], [1, 6], [-4391, -360]]
[[1, 0], [1, 6], [-551, -40]]
[[1, 0], [1, 6], [-611, -45]]
[[1, 0], [1, 6], [-76, -71]]
[[1, 0], [1, 6], [-791, -60]]
[[1, 0], [1, 710], [-3, -710]]
[[1, 0], [1, 71], [-11, -355]]
[[1, 0], [1, 71], [-11, -71]]
[[1, 0], [1, 71], [-17, -142]]
[[1, 0], [1, 71], [-21, -710]]
[[1, 0], [1, 71], [-23, -213]]
[[1, 0], [1, 71], [-23, -568]]
[[1, 0], [1, 71], [-27, -497]]
[[1, 0], [1, 71], [-41, -426]]
[[1, 0], [1, 71], [-6, -71]]
[[1, 0], [1, 71], [-7, -142]]
[[1, 0], [1, 71], [-8, -213]]
[[1, 0], [1, 72], [-161, -90]]
[[1, 0], [1, 72], [-191, -120]]
[[1, 0], [1, 72], [-251, -180]]
[[1, 0], [1, 72], [-431, -360]]
[[1, 0], [1, 73], [-218, -365]]
[[1, 0], [1, 74], [-147, -370]]
[[1, 0], [1, 75], [-49, -125]]
[[1, 0], [1, 77], [-76, -385]]
[[1, 0], [1, 78], [-38, -195]]
[[1, 0], [1, 7], [-1091, -182]]
[[1, 0], [1, 7], [-111, -280]]
[[1, 0], [1, 7], [-1478, -51]]
[[1, 0], [1, 7], [-251, -497]]
[[1, 0], [1, 7], [-3212, -119]]
[[1, 0], [1, 7], [-356, -7]]
[[1, 0], [1, 7], [-38, -71]]
[[1, 0], [1, 7], [-611, -17]]
[[1, 0], [1, 7], [-713, -21]]
[[1, 0], [1, 7], [-76, -35]]
[[1, 0], [1, 7], [-9281, -357]]
[[1, 0], [1, 80], [-19, -100]]
[[1, 0], [1, 89], [-1067, -178]]
[[1, 0], [1, 89], [-1779, -356]]
[[1, 0], [1, 89], [-711, -89]]
[[1, 0], [1, 8], [-1151, -120]]
[[1, 0], [1, 8], [-119, -100]]
[[1, 0], [1, 8], [-161, -10]]
[[1, 0], [1, 8], [-1691, -180]]
[[1, 0], [1, 8], [-191, -568]]
[[1, 0], [1, 8], [-203, -204]]
[[1, 0], [1, 8], [-206, -15]]
[[1, 0], [1, 8], [-207, -520]]
[[1, 0], [1, 8], [-251, -20]]
[[1, 0], [1, 8], [-3311, -360]]
[[1, 0], [1, 8], [-341, -30]]
[[1, 0], [1, 8], [-431, -40]]
[[1, 0], [1, 8], [-476, -45]]
[[1, 0], [1, 8], [-49, -142]]
[[1, 0], [1, 8], [-611, -60]]
[[1, 0], [1, 8], [-881, -90]]
[[1, 0], [1, 90], [-143, -90]]
[[1, 0], [1, 90], [-167, -120]]
[[1, 0], [1, 90], [-359, -360]]
[[1, 0], [1, 9], [-1031, -120]]
[[1, 0], [1, 9], [-1106, -369]]
[[1, 0], [1, 9], [-151, -10]]
[[1, 0], [1, 9], [-1511, -180]]
[[1, 0], [1, 9], [-161, -639]]
[[1, 0], [1, 9], [-19, -71]]
[[1, 0], [1, 9], [-191, -15]]
[[1, 0], [1, 9], [-197, -495]]
[[1, 0], [1, 9], [-231, -20]]
[[1, 0], [1, 9], [-2951, -360]]
[[1, 0], [1, 9], [-311, -30]]
[[1, 0], [1, 9], [-391, -40]]
[[1, 0], [1, 9], [-41, -14]]
[[1, 0], [1, 9], [-431, -45]]
[[1, 0], [1, 9], [-551, -60]]
[[1, 0], [1, 9], [-791, -90]]
[[1, 0], [10, 213], [-15, -284]]
[[1, 0], [10, 213], [-20, -213]]
[[1, 0], [10, 213], [-35, -426]]
[[1, 0], [10, 213], [-35, -639]]
[[1, 0], [10, 71], [-111, -710]]
[[1, 0], [10, 71], [-15, -71]]
[[1, 0], [10, 71], [-20, -71]]
[[1, 0], [10, 71], [-25, -142]]
[[1, 0], [10, 71], [-35, -142]]
[[1, 0], [10, 71], [-35, -213]]
[[1, 0], [10, 71], [-50, -213]]
[[1, 0], [10, 71], [-56, -355]]
[[1, 0], [10, 71], [-90, -497]]
[[1, 0], [10, 71], [-95, -426]]
[[1, 0], [10, 71], [-95, -568]]
[[1, 0], [100, 213], [-110, -213]]
[[1, 0], [100, 213], [-135, -284]]
[[1, 0], [100, 213], [-215, -426]]
[[1, 0], [100, 213], [-305, -639]]
[[1, 0], [101, 125], [-374, -375]]
[[1, 0], [101, 142], [-164, -213]]
[[1, 0], [101, 142], [-207, -284]]
[[1, 0], [101, 142], [-256, -355]]
[[1, 0], [101, 142], [-323, -426]]
[[1, 0], [101, 142], [-511, -710]]
[[1, 0], [101, 284], [-207, -568]]
[[1, 0], [101, 355], [-103, -355]]
[[1, 0], [101, 710], [-103, -710]]
[[1, 0], [102, 355], [-104, -355]]
[[1, 0], [102, 355], [-207, -710]]
[[1, 0], [103, 1065], [-104, -1065]]
[[1, 0], [103, 142], [-167, -213]]
[[1, 0], [103, 142], [-211, -284]]
[[1, 0], [103, 142], [-261, -355]]
[[1, 0], [103, 142], [-329, -426]]
[[1, 0], [103, 142], [-521, -710]]
[[1, 0], [103, 213], [-139, -284]]
[[1, 0], [103, 213], [-221, -426]]
[[1, 0], [103, 213], [-314, -639]]
[[1, 0], [103, 355], [-209, -710]]
[[1, 0], [103, 426], [-113, -426]]
[[1, 0], [104, 355], [-106, -355]]
[[1, 0], [104, 355], [-211, -710]]
[[1, 0], [105, 142], [-170, -213]]
[[1, 0], [105, 142], [-215, -284]]
[[1, 0], [105, 142], [-266, -355]]
[[1, 0], [105, 142], [-335, -426]]
[[1, 0], [105, 142], [-531, -710]]
[[1, 0], [105, 284], [-215, -568]]
[[1, 0], [106, 1065], [-107, -1065]]
[[1, 0], [106, 213], [-143, -284]]
[[1, 0], [106, 213], [-227, -426]]
[[1, 0], [106, 213], [-323, -639]]
[[1, 0], [106, 355], [-108, -355]]
[[1, 0], [106, 497], [-111, -497]]
[[1, 0], [107, 142], [-173, -213]]
[[1, 0], [107, 142], [-219, -284]]
[[1, 0], [107, 142], [-271, -355]]
[[1, 0], [107, 142], [-341, -426]]
[[1, 0], [107, 142], [-541, -710]]
[[1, 0], [107, 355], [-109, -355]]
[[1, 0], [107, 355], [-217, -710]]
[[1, 0], [107, 710], [-109, -710]]
[[1, 0], [108, 355], [-219, -710]]
[[1, 0], [109, 142], [-176, -213]]
[[1, 0], [109, 142], [-223, -284]]
[[1, 0], [109, 142], [-276, -355]]
[[1, 0], [109, 142], [-347, -426]]
[[1, 0], [109, 142], [-551, -710]]
[[1, 0], [109, 180], [-251, -180]]
[[1, 0], [109, 180], [-431, -360]]
[[1, 0], [109, 213], [-147, -284]]
[[1, 0], [109, 213], [-233, -426]]
[[1, 0], [109, 213], [-332, -639]]
[[1, 0], [109, 284], [-223, -568]]
[[1, 0], [109, 355], [-111, -355]]
[[1, 0], [109, 355], [-221, -710]]
[[1, 0], [109, 426], [-119, -426]]
[[1, 0], [109, 710], [-111, -710]]
[[1, 0], [11, 142], [-21, -142]]
[[1, 0], [11, 142], [-27, -284]]
[[1, 0], [11, 142], [-29, -213]]
[[1, 0], [11, 142], [-31, -355]]
[[1, 0], [11, 142], [-53, -426]]
[[1, 0], [11, 142], [-61, -710]]
[[1, 0], [11, 25], [-104, -75]]
[[1, 0], [11, 25], [-159, -200]]
[[1, 0], [11, 25], [-269, -450]]
[[1, 0], [11, 25], [-449, -375]]
[[1, 0], [11, 25], [-56, -95]]
[[1, 0], [11, 355], [-12, -355]]
[[1, 0], [11, 355], [-13, -355]]
[[1, 0], [11, 50], [-159, -400]]
[[1, 0], [11, 710], [-13, -710]]
[[1, 0], [11, 71], [-101, -426]]
[[1, 0], [11, 71], [-103, -568]]
[[1, 0], [11, 71], [-121, -710]]
[[1, 0], [11, 71], [-16, -71]]
[[1, 0], [11, 71], [-21, -71]]
[[1, 0], [11, 71], [-27, -142]]
[[1, 0], [11, 71], [-37, -142]]
[[1, 0], [11, 71], [-38, -213]]
[[1, 0], [11, 71], [-53, -213]]
[[1, 0], [11, 71], [-61, -355]]
[[1, 0], [11, 71], [-97, -497]]
[[1, 0], [111, 142], [-179, -213]]
[[1, 0], [111, 142], [-227, -284]]
[[1, 0], [111, 142], [-281, -355]]
[[1, 0], [111, 142], [-353, -426]]
[[1, 0], [111, 142], [-561, -710]]
[[1, 0], [111, 355], [-113, -355]]
[[1, 0], [111, 710], [-113, -710]]
[[1, 0], [112, 1065], [-113, -1065]]
[[1, 0], [112, 213], [-151, -284]]
[[1, 0], [112, 213], [-239, -426]]
[[1, 0], [112, 213], [-341, -639]]
[[1, 0], [112, 355], [-114, -355]]
[[1, 0], [112, 355], [-227, -710]]
[[1, 0], [113, 142], [-182, -213]]
[[1, 0], [113, 142], [-231, -284]]
[[1, 0], [113, 142], [-286, -355]]
[[1, 0], [113, 142], [-359, -426]]
[[1, 0], [113, 142], [-571, -710]]
[[1, 0], [113, 284], [-231, -568]]
[[1, 0], [113, 355], [-229, -710]]
[[1, 0], [113, 497], [-118, -497]]
[[1, 0], [114, 355], [-116, -355]]
[[1, 0], [114, 355], [-231, -710]]
[[1, 0], [115, 142], [-185, -213]]
[[1, 0], [115, 142], [-235, -284]]
[[1, 0], [115, 142], [-291, -355]]
[[1, 0], [115, 142], [-365, -426]]
[[1, 0], [115, 142], [-581, -710]]
[[1, 0], [115, 213], [-155, -284]]
[[1, 0], [115, 213], [-245, -426]]
[[1, 0], [115, 213], [-350, -639]]
[[1, 0], [115, 426], [-125, -426]]
[[1, 0], [116, 355], [-118, -355]]
[[1, 0], [117, 142], [-188, -213]]
[[1, 0], [117, 142], [-239, -284]]
[[1, 0], [117, 142], [-296, -355]]
[[1, 0], [117, 142], [-371, -426]]
[[1, 0], [117, 142], [-591, -710]]
[[1, 0], [117, 284], [-239, -568]]
[[1, 0], [117, 355], [-119, -355]]
[[1, 0], [117, 355], [-237, -710]]
[[1, 0], [117, 710], [-119, -710]]
[[1, 0], [118, 1065], [-119, -1065]]
[[1, 0], [118, 213], [-159, -284]]
[[1, 0], [118, 213], [-251, -426]]
[[1, 0], [118, 213], [-359, -639]]
[[1, 0], [118, 355], [-239, -710]]
[[1, 0], [119, 142], [-129, -142]]
[[1, 0], [119, 142], [-191, -213]]
[[1, 0], [119, 142], [-243, -284]]
[[1, 0], [119, 142], [-301, -355]]
[[1, 0], [119, 142], [-377, -426]]
[[1, 0], [119, 142], [-601, -710]]
[[1, 0], [119, 355], [-121, -355]]
[[1, 0], [119, 355], [-241, -710]]
[[1, 0], [119, 710], [-121, -710]]
[[1, 0], [12, 355], [-13, -355]]
[[1, 0], [12, 355], [-14, -355]]
[[1, 0], [12, 355], [-27, -710]]
[[1, 0], [12, 71], [-104, -497]]
[[1, 0], [12, 71], [-107, -426]]
[[1, 0], [12, 71], [-111, -568]]
[[1, 0], [12, 71], [-131, -710]]
[[1, 0], [12, 71], [-17, -71]]
[[1, 0], [12, 71], [-22, -71]]
[[1, 0], [12, 71], [-29, -142]]
[[1, 0], [12, 71], [-39, -142]]
[[1, 0], [12, 71], [-41, -213]]
[[1, 0], [12, 71], [-56, -213]]
[[1, 0], [12, 71], [-66, -355]]
[[1, 0], [120, 497], [-125, -497]]
[[1, 0], [121, 142], [-194, -213]]
[[1, 0], [121, 142], [-247, -284]]
[[1, 0], [121, 142], [-306, -355]]
[[1, 0], [121, 142], [-383, -426]]
[[1, 0], [121, 142], [-611, -710]]
[[1, 0], [121, 213], [-163, -284]]
[[1, 0], [121, 213], [-257, -426]]
[[1, 0], [121, 213], [-368, -639]]
[[1, 0], [121, 284], [-247, -568]]
[[1, 0], [121, 355], [-123, -355]]
[[1, 0], [121, 426], [-131, -426]]
[[1, 0], [121, 710], [-123, -710]]
[[1, 0], [122, 355], [-124, -355]]
[[1, 0], [122, 355], [-247, -710]]
[[1, 0], [123, 142], [-197, -213]]
[[1, 0], [123, 142], [-251, -284]]
[[1, 0], [123, 142], [-311, -355]]
[[1, 0], [123, 142], [-389, -426]]
[[1, 0], [123, 142], [-621, -710]]
[[1, 0], [123, 355], [-124, -355]]
[[1, 0], [123, 355], [-249, -710]]
[[1, 0], [124, 213], [-167, -284]]
[[1, 0], [124, 213], [-263, -426]]
[[1, 0], [124, 213], [-377, -639]]
[[1, 0], [124, 355], [-126, -355]]
[[1, 0], [124, 355], [-251, -710]]
[[1, 0], [125, 142], [-200, -213]]
[[1, 0], [125, 142], [-255, -284]]
[[1, 0], [125, 142], [-316, -355]]
[[1, 0], [125, 142], [-395, -426]]
[[1, 0], [125, 142], [-631, -710]]
[[1, 0], [125, 284], [-255, -568]]
[[1, 0], [126, 355], [-128, -355]]
[[1, 0], [127, 1065], [-128, -1065]]
[[1, 0], [127, 142], [-203, -213]]
[[1, 0], [127, 142], [-259, -284]]
[[1, 0], [127, 142], [-321, -355]]
[[1, 0], [127, 142], [-401, -426]]
[[1, 0], [127, 142], [-641, -710]]
[[1, 0], [127, 213], [-171, -284]]
[[1, 0], [127, 213], [-269, -426]]
[[1, 0], [127, 213], [-386, -639]]
[[1, 0], [127, 355], [-129, -355]]
[[1, 0], [127, 355], [-257, -710]]
[[1, 0], [127, 426], [-137, -426]]
[[1, 0], [127, 497], [-132, -497]]
[[1, 0], [127, 710], [-129, -710]]
[[1, 0], [128, 355], [-259, -710]]
[[1, 0], [129, 142], [-206, -213]]
[[1, 0], [129, 142], [-263, -284]]
[[1, 0], [129, 142], [-326, -355]]
[[1, 0], [129, 142], [-407, -426]]
[[1, 0], [129, 142], [-651, -710]]
[[1, 0], [129, 284], [-263, -568]]
[[1, 0], [129, 355], [-131, -355]]
[[1, 0], [129, 355], [-261, -710]]
[[1, 0], [129, 710], [-131, -710]]
[[1, 0], [13, 1065], [-14, -1065]]
[[1, 0], [13, 142], [-31, -284]]
[[1, 0], [13, 142], [-32, -213]]
[[1, 0], [13, 142], [-36, -355]]
[[1, 0], [13, 142], [-59, -426]]
[[1, 0], [13, 15], [-1079, -180]]
[[1, 0], [13, 15], [-113, -114]]
[[1, 0], [13, 15], [-173, -145]]
[[1, 0], [13, 15], [-183, -20]]
[[1, 0], [13, 15], [-184, -185]]
[[1, 0], [13, 15], [-188, -135]]
[[1, 0], [13, 15], [-2087, -360]]
[[1, 0], [13, 15], [-239, -30]]
[[1, 0], [13, 15], [-274, -125]]
[[1, 0], [13, 15], [-311, -195]]
[[1, 0], [13, 15], [-323, -45]]
[[1, 0], [13, 15], [-407, -60]]
[[1, 0], [13, 15], [-42, -43]]
[[1, 0], [13, 15], [-539, -540]]
[[1, 0], [13, 15], [-69, -25]]
[[1, 0], [13, 15], [-743, -120]]
[[1, 0], [13, 20], [-1583, -360]]
[[1, 0], [13, 20], [-197, -30]]
[[1, 0], [13, 20], [-239, -40]]
[[1, 0], [13, 20], [-323, -60]]
[[1, 0], [13, 20], [-34, -25]]
[[1, 0], [13, 20], [-383, -480]]
[[1, 0], [13, 20], [-449, -90]]
[[1, 0], [13, 20], [-531, -380]]
[[1, 0], [13, 20], [-827, -180]]
[[1, 0], [13, 20], [-83, -84]]
[[1, 0], [13, 20], [-99, -125]]
[[1, 0], [13, 213], [-19, -284]]
[[1, 0], [13, 213], [-41, -426]]
[[1, 0], [13, 213], [-44, -639]]
[[1, 0], [13, 284], [-31, -568]]
[[1, 0], [13, 30], [-1079, -360]]
[[1, 0], [13, 30], [-183, -40]]
[[1, 0], [13, 30], [-197, -45]]
[[1, 0], [13, 30], [-239, -60]]
[[1, 0], [13, 30], [-27, -35]]
[[1, 0], [13, 30], [-311, -390]]
[[1, 0], [13, 30], [-323, -90]]
[[1, 0], [13, 30], [-407, -120]]
[[1, 0], [13, 355], [-14, -355]]
[[1, 0], [13, 355], [-29, -710]]
[[1, 0], [13, 60], [-197, -90]]
[[1, 0], [13, 60], [-239, -120]]
[[1, 0], [13, 60], [-27, -70]]
[[1, 0], [13, 60], [-323, -180]]
[[1, 0], [13, 71], [-111, -497]]
[[1, 0], [13, 71], [-113, -426]]
[[1, 0], [13, 71], [-119, -568]]
[[1, 0], [13, 71], [-141, -710]]
[[1, 0], [13, 71], [-18, -71]]
[[1, 0], [13, 71], [-31, -142]]
[[1, 0], [13, 71], [-41, -142]]
[[1, 0], [13, 71], [-44, -213]]
[[1, 0], [13, 71], [-59, -213]]
[[1, 0], [130, 213], [-175, -284]]
[[1, 0], [130, 213], [-275, -426]]
[[1, 0], [130, 213], [-395, -639]]
[[1, 0], [131, 142], [-209, -213]]
[[1, 0], [131, 142], [-267, -284]]
[[1, 0], [131, 142], [-331, -355]]
[[1, 0], [131, 142], [-413, -426]]
[[1, 0], [131, 142], [-661, -710]]
[[1, 0], [131, 355], [-133, -355]]
[[1, 0], [131, 710], [-133, -710]]
[[1, 0], [132, 355], [-134, -355]]
[[1, 0], [132, 355], [-267, -710]]
[[1, 0], [133, 142], [-143, -142]]
[[1, 0], [133, 142], [-212, -213]]
[[1, 0], [133, 142], [-271, -284]]
[[1, 0], [133, 142], [-336, -355]]
[[1, 0], [133, 142], [-419, -426]]
[[1, 0], [133, 142], [-671, -710]]
[[1, 0], [133, 213], [-179, -284]]
[[1, 0], [133, 213], [-281, -426]]
[[1, 0], [133, 213], [-404, -639]]
[[1, 0], [133, 284], [-271, -568]]
[[1, 0], [133, 355], [-269, -710]]
[[1, 0], [133, 426], [-143, -426]]
[[1, 0], [134, 355], [-136, -355]]
[[1, 0], [134, 355], [-271, -710]]
[[1, 0], [134, 497], [-139, -497]]
[[1, 0], [135, 142], [-145, -142]]
[[1, 0], [135, 142], [-215, -213]]
[[1, 0], [135, 142], [-275, -284]]
[[1, 0], [135, 142], [-341, -355]]
[[1, 0], [135, 142], [-425, -426]]
[[1, 0], [135, 142], [-681, -710]]
[[1, 0], [136, 1065], [-137, -1065]]
[[1, 0], [136, 213], [-183, -284]]
[[1, 0], [136, 213], [-287, -426]]
[[1, 0], [136, 213], [-413, -639]]
[[1, 0], [136, 355], [-138, -355]]
[[1, 0], [137, 142], [-147, -142]]
[[1, 0], [137, 142], [-218, -213]]
[[1, 0], [137, 142], [-279, -284]]
[[1, 0], [137, 142], [-346, -355]]
[[1, 0], [137, 142], [-431, -426]]
[[1, 0], [137, 142], [-691, -710]]
[[1, 0], [137, 284], [-279, -568]]
[[1, 0], [137, 355], [-139, -355]]
[[1, 0], [137, 355], [-277, -710]]
[[1, 0], [137, 710], [-139, -710]]
[[1, 0], [138, 355], [-279, -710]]
[[1, 0], [139, 142], [-221, -213]]
[[1, 0], [139, 142], [-283, -284]]
[[1, 0], [139, 142], [-351, -355]]
[[1, 0], [139, 142], [-437, -426]]
[[1, 0], [139, 142], [-701, -710]]
[[1, 0], [139, 213], [-187, -284]]
[[1, 0], [139, 213], [-293, -426]]
[[1, 0], [139, 213], [-422, -639]]
[[1, 0], [139, 355], [-141, -355]]
[[1, 0], [139, 355], [-281, -710]]
[[1, 0], [139, 426], [-149, -426]]
[[1, 0], [139, 710], [-141, -710]]
[[1, 0], [14, 355], [-16, -355]]
[[1, 0], [14, 355], [-31, -710]]
[[1, 0], [14, 71], [-118, -497]]
[[1, 0], [14, 71], [-119, -426]]
[[1, 0], [14, 71], [-127, -568]]
[[1, 0], [14, 71], [-151, -710]]
[[1, 0], [14, 71], [-19, -71]]
[[1, 0], [14, 71], [-24, -71]]
[[1, 0], [14, 71], [-33, -142]]
[[1, 0], [14, 71], [-43, -142]]
[[1, 0], [14, 71], [-47, -213]]
[[1, 0], [14, 71], [-62, -213]]
[[1, 0], [14, 71], [-76, -355]]
[[1, 0], [141, 142], [-224, -213]]
[[1, 0], [141, 142], [-287, -284]]
[[1, 0], [141, 142], [-356, -355]]
[[1, 0], [141, 142], [-443, -426]]
[[1, 0], [141, 142], [-711, -710]]
[[1, 0], [141, 284], [-287, -568]]
[[1, 0], [141, 355], [-143, -355]]
[[1, 0], [141, 497], [-146, -497]]
[[1, 0], [141, 710], [-143, -710]]
[[1, 0], [143, 355], [-289, -710]]
[[1, 0], [144, 355], [-146, -355]]
[[1, 0], [144, 355], [-291, -710]]
[[1, 0], [145, 213], [-195, -284]]
[[1, 0], [145, 213], [-305, -426]]
[[1, 0], [145, 213], [-440, -639]]
[[1, 0], [145, 284], [-295, -568]]
[[1, 0], [145, 426], [-155, -426]]
[[1, 0], [146, 355], [-148, -355]]
[[1, 0], [147, 355], [-297, -710]]
[[1, 0], [147, 365], [-218, -365]]
[[1, 0], [148, 1065], [-149, -1065]]
[[1, 0], [148, 213], [-199, -284]]
[[1, 0], [148, 213], [-311, -426]]
[[1, 0], [148, 213], [-449, -639]]
[[1, 0], [148, 355], [-299, -710]]
[[1, 0], [148, 497], [-153, -497]]
[[1, 0], [149, 185], [-369, -370]]
[[1, 0], [149, 284], [-303, -568]]
[[1, 0], [149, 355], [-151, -355]]
[[1, 0], [149, 355], [-301, -710]]
[[1, 0], [149, 710], [-151, -710]]
[[1, 0], [15, 142], [-25, -142]]
[[1, 0], [15, 142], [-35, -213]]
[[1, 0], [15, 142], [-35, -284]]
[[1, 0], [15, 142], [-41, -355]]
[[1, 0], [15, 142], [-65, -426]]
[[1, 0], [15, 142], [-81, -710]]
[[1, 0], [15, 497], [-20, -497]]
[[1, 0], [15, 71], [-125, -426]]
[[1, 0], [15, 71], [-125, -497]]
[[1, 0], [15, 71], [-135, -568]]
[[1, 0], [15, 71], [-161, -710]]
[[1, 0], [15, 71], [-20, -71]]
[[1, 0], [15, 71], [-25, -71]]
[[1, 0], [15, 71], [-35, -142]]
[[1, 0], [15, 71], [-45, -142]]
[[1, 0], [15, 71], [-50, -213]]
[[1, 0], [15, 71], [-65, -213]]
[[1, 0], [15, 71], [-81, -355]]
[[1, 0], [151, 213], [-203, -284]]
[[1, 0], [151, 213], [-317, -426]]
[[1, 0], [151, 213], [-458, -639]]
[[1, 0], [151, 355], [-153, -355]]
[[1, 0], [151, 426], [-161, -426]]
[[1, 0], [151, 710], [-153, -710]]
[[1, 0], [152, 355], [-154, -355]]
[[1, 0], [152, 355], [-307, -710]]
[[1, 0], [153, 284], [-311, -568]]
[[1, 0], [153, 355], [-309, -710]]
[[1, 0], [154, 213], [-207, -284]]
[[1, 0], [154, 213], [-323, -426]]
[[1, 0], [154, 213], [-467, -639]]
[[1, 0], [154, 355], [-156, -355]]
[[1, 0], [154, 355], [-311, -710]]
[[1, 0], [155, 497], [-160, -497]]
[[1, 0], [156, 355], [-158, -355]]
[[1, 0], [157, 1065], [-158, -1065]]
[[1, 0], [157, 213], [-211, -284]]
[[1, 0], [157, 213], [-329, -426]]
[[1, 0], [157, 213], [-476, -639]]
[[1, 0], [157, 284], [-319, -568]]
[[1, 0], [157, 355], [-159, -355]]
[[1, 0], [157, 355], [-317, -710]]
[[1, 0], [157, 426], [-167, -426]]
[[1, 0], [157, 710], [-159, -710]]
[[1, 0], [158, 355], [-319, -710]]
[[1, 0], [159, 355], [-161, -355]]
[[1, 0], [159, 355], [-321, -710]]
[[1, 0], [159, 710], [-161, -710]]
[[1, 0], [16, 1065], [-17, -1065]]
[[1, 0], [16, 213], [-23, -284]]
[[1, 0], [16, 213], [-26, -213]]
[[1, 0], [16, 213], [-47, -426]]
[[1, 0], [16, 213], [-53, -639]]
[[1, 0], [16, 25], [-119, -75]]
[[1, 0], [16, 25], [-199, -200]]
[[1, 0], [16, 25], [-359, -450]]
[[1, 0], [16, 25], [-524, -375]]
[[1, 0], [16, 355], [-17, -355]]
[[1, 0], [16, 355], [-18, -355]]
[[1, 0], [16, 71], [-131, -426]]
[[1, 0], [16, 71], [-132, -497]]
[[1, 0], [16, 71], [-143, -568]]
[[1, 0], [16, 71], [-171, -710]]
[[1, 0], [16, 71], [-21, -71]]
[[1, 0], [16, 71], [-26, -71]]
[[1, 0], [16, 71], [-37, -142]]
[[1, 0], [16, 71], [-47, -142]]
[[1, 0], [16, 71], [-53, -213]]
[[1, 0], [16, 71], [-68, -213]]
[[1, 0], [16, 71], [-86, -355]]
[[1, 0], [16, 75], [-74, -125]]
[[1, 0], [160, 213], [-215, -284]]
[[1, 0], [160, 213], [-335, -426]]
[[1, 0], [160, 213], [-485, -639]]
[[1, 0], [161, 284], [-327, -568]]
[[1, 0], [161, 355], [-163, -355]]
[[1, 0], [161, 710], [-163, -710]]
[[1, 0], [162, 355], [-164, -355]]
[[1, 0], [162, 355], [-327, -710]]
[[1, 0], [162, 497], [-167, -497]]
[[1, 0], [163, 213], [-219, -284]]
[[1, 0], [163, 213], [-341, -426]]
[[1, 0], [163, 213], [-494, -639]]
[[1, 0], [163, 355], [-329, -710]]
[[1, 0], [163, 426], [-173, -426]]
[[1, 0], [164, 355], [-166, -355]]
[[1, 0], [164, 355], [-331, -710]]
[[1, 0], [165, 284], [-335, -568]]
[[1, 0], [166, 1065], [-167, -1065]]
[[1, 0], [166, 213], [-223, -284]]
[[1, 0], [166, 213], [-347, -426]]
[[1, 0], [166, 213], [-503, -639]]
[[1, 0], [166, 355], [-168, -355]]
[[1, 0], [167, 355], [-169, -355]]
[[1, 0], [167, 355], [-337, -710]]
[[1, 0], [167, 710], [-169, -710]]
[[1, 0], [168, 355], [-339, -710]]
[[1, 0], [169, 213], [-227, -284]]
[[1, 0], [169, 213], [-353, -426]]
[[1, 0], [169, 213], [-512, -639]]
[[1, 0], [169, 284], [-343, -568]]
[[1, 0], [169, 355], [-171, -355]]
[[1, 0], [169, 355], [-341, -710]]
[[1, 0], [169, 426], [-179, -426]]
[[1, 0], [169, 497], [-174, -497]]
[[1, 0], [169, 710], [-171, -710]]
[[1, 0], [17, 142], [-27, -142]]
[[1, 0], [17, 142], [-38, -213]]
[[1, 0], [17, 142], [-39, -284]]
[[1, 0], [17, 142], [-46, -355]]
[[1, 0], [17, 142], [-91, -710]]
[[1, 0], [17, 20], [-124, -125]]
[[1, 0], [17, 20], [-203, -30]]
[[1, 0], [17, 20], [-247, -40]]
[[1, 0], [17, 20], [-269, -45]]
[[1, 0], [17, 20], [-39, -25]]
[[1, 0], [17, 20], [-467, -90]]
[[1, 0], [17, 20], [-479, -480]]
[[1, 0], [17, 20], [-53, -54]]
[[1, 0], [17, 20], [-599, -120]]
[[1, 0], [17, 20], [-607, -380]]
[[1, 0], [17, 20], [-863, -180]]
[[1, 0], [17, 284], [-39, -568]]
[[1, 0], [17, 355], [-18, -355]]
[[1, 0], [17, 355], [-19, -355]]
[[1, 0], [17, 355], [-37, -710]]
[[1, 0], [17, 40], [-203, -60]]
[[1, 0], [17, 40], [-269, -90]]
[[1, 0], [17, 40], [-39, -50]]
[[1, 0], [17, 40], [-467, -180]]
[[1, 0], [17, 40], [-863, -360]]
[[1, 0], [17, 710], [-19, -710]]
[[1, 0], [17, 71], [-137, -426]]
[[1, 0], [17, 71], [-139, -497]]
[[1, 0], [17, 71], [-151, -568]]
[[1, 0], [17, 71], [-181, -710]]
[[1, 0], [17, 71], [-22, -71]]
[[1, 0], [17, 71], [-27, -71]]
[[1, 0], [17, 71], [-39, -142]]
[[1, 0], [17, 71], [-49, -142]]
[[1, 0], [17, 71], [-56, -213]]
[[1, 0], [17, 71], [-91, -355]]
[[1, 0], [17, 80], [-39, -100]]
[[1, 0], [171, 355], [-173, -355]]
[[1, 0], [171, 710], [-173, -710]]
[[1, 0], [172, 1065], [-173, -1065]]
[[1, 0], [172, 213], [-231, -284]]
[[1, 0], [172, 213], [-359, -426]]
[[1, 0], [172, 213], [-521, -639]]
[[1, 0], [172, 355], [-174, -355]]
[[1, 0], [172, 355], [-347, -710]]
[[1, 0], [173, 284], [-351, -568]]
[[1, 0], [173, 355], [-349, -710]]
[[1, 0], [174, 355], [-176, -355]]
[[1, 0], [174, 355], [-351, -710]]
[[1, 0], [175, 213], [-235, -284]]
[[1, 0], [175, 213], [-365, -426]]
[[1, 0], [175, 213], [-530, -639]]
[[1, 0], [175, 426], [-185, -426]]
[[1, 0], [176, 355], [-178, -355]]
[[1, 0], [176, 497], [-181, -497]]
[[1, 0], [177, 284], [-359, -568]]
[[1, 0], [177, 355], [-357, -710]]
[[1, 0], [177, 710], [-179, -710]]
[[1, 0], [178, 213], [-239, -284]]
[[1, 0], [178, 213], [-371, -426]]
[[1, 0], [178, 213], [-539, -639]]
[[1, 0], [178, 355], [-359, -710]]
[[1, 0], [179, 355], [-361, -710]]
[[1, 0], [179, 710], [-181, -710]]
[[1, 0], [18, 355], [-19, -355]]
[[1, 0], [18, 355], [-39, -710]]
[[1, 0], [18, 71], [-143, -426]]
[[1, 0], [18, 71], [-146, -497]]
[[1, 0], [18, 71], [-159, -568]]
[[1, 0], [18, 71], [-191, -710]]
[[1, 0], [18, 71], [-23, -71]]
[[1, 0], [18, 71], [-28, -71]]
[[1, 0], [18, 71], [-41, -142]]
[[1, 0], [18, 71], [-51, -142]]
[[1, 0], [18, 71], [-59, -213]]
[[1, 0], [18, 71], [-74, -213]]
[[1, 0], [18, 71], [-96, -355]]
[[1, 0], [181, 213], [-243, -284]]
[[1, 0], [181, 213], [-377, -426]]
[[1, 0], [181, 213], [-548, -639]]
[[1, 0], [181, 284], [-367, -568]]
[[1, 0], [181, 426], [-191, -426]]
[[1, 0], [181, 710], [-183, -710]]
[[1, 0], [182, 355], [-367, -710]]
[[1, 0], [183, 355], [-369, -710]]
[[1, 0], [183, 497], [-188, -497]]
[[1, 0], [184, 213], [-247, -284]]
[[1, 0], [184, 213], [-383, -426]]
[[1, 0], [184, 213], [-557, -639]]
[[1, 0], [184, 355], [-371, -710]]
[[1, 0], [185, 284], [-375, -568]]
[[1, 0], [187, 213], [-251, -284]]
[[1, 0], [187, 213], [-389, -426]]
[[1, 0], [187, 213], [-566, -639]]
[[1, 0], [187, 355], [-377, -710]]
[[1, 0], [187, 426], [-197, -426]]
[[1, 0], [187, 710], [-189, -710]]
[[1, 0], [188, 355], [-379, -710]]
[[1, 0], [189, 284], [-383, -568]]
[[1, 0], [189, 355], [-381, -710]]
[[1, 0], [189, 710], [-191, -710]]
[[1, 0], [19, 142], [-101, -710]]
[[1, 0], [19, 142], [-29, -142]]
[[1, 0], [19, 142], [-41, -213]]
[[1, 0], [19, 142], [-43, -284]]
[[1, 0], [19, 142], [-51, -355]]
[[1, 0], [19, 142], [-77, -426]]
[[1, 0], [19, 213], [-27, -284]]
[[1, 0], [19, 213], [-29, -213]]
[[1, 0], [19, 213], [-53, -426]]
[[1, 0], [19, 213], [-62, -639]]
[[1, 0], [19, 30], [-1151, -360]]
[[1, 0], [19, 30], [-161, -30]]
[[1, 0], [19, 30], [-179, -36]]
[[1, 0], [19, 30], [-191, -40]]
[[1, 0], [19, 30], [-206, -45]]
[[1, 0], [19, 30], [-251, -60]]
[[1, 0], [19, 30], [-287, -72]]
[[1, 0], [19, 30], [-34, -35]]
[[1, 0], [19, 30], [-341, -90]]
[[1, 0], [19, 30], [-389, -390]]
[[1, 0], [19, 30], [-431, -120]]
[[1, 0], [19, 30], [-611, -180]]
[[1, 0], [19, 355], [-21, -355]]
[[1, 0], [19, 355], [-41, -710]]
[[1, 0], [19, 426], [-29, -426]]
[[1, 0], [19, 45], [-161, -45]]
[[1, 0], [19, 45], [-191, -60]]
[[1, 0], [19, 45], [-215, -72]]
[[1, 0], [19, 45], [-242, -405]]
[[1, 0], [19, 45], [-251, -90]]
[[1, 0], [19, 45], [-29, -50]]
[[1, 0], [19, 45], [-311, -120]]
[[1, 0], [19, 45], [-431, -180]]
[[1, 0], [19, 45], [-791, -360]]
[[1, 0], [19, 710], [-21, -710]]
[[1, 0], [19, 71], [-101, -355]]
[[1, 0], [19, 71], [-149, -426]]
[[1, 0], [19, 71], [-153, -497]]
[[1, 0], [19, 71], [-167, -568]]
[[1, 0], [19, 71], [-201, -710]]
[[1, 0], [19, 71], [-24, -71]]
[[1, 0], [19, 71], [-29, -71]]
[[1, 0], [19, 71], [-43, -142]]
[[1, 0], [19, 71], [-53, -142]]
[[1, 0], [19, 71], [-62, -213]]
[[1, 0], [19, 71], [-77, -213]]
[[1, 0], [19, 90], [-161, -90]]
[[1, 0], [19, 90], [-191, -120]]
[[1, 0], [19, 90], [-251, -180]]
[[1, 0], [19, 90], [-431, -360]]
[[1, 0], [190, 213], [-200, -213]]
[[1, 0], [190, 213], [-255, -284]]
[[1, 0], [190, 213], [-395, -426]]
[[1, 0], [190, 213], [-575, -639]]
[[1, 0], [190, 497], [-195, -497]]
[[1, 0], [191, 710], [-193, -710]]
[[1, 0], [192, 355], [-387, -710]]
[[1, 0], [193, 1065], [-194, -1065]]
[[1, 0], [193, 213], [-259, -284]]
[[1, 0], [193, 213], [-401, -426]]
[[1, 0], [193, 213], [-584, -639]]
[[1, 0], [193, 284], [-391, -568]]
[[1, 0], [193, 355], [-389, -710]]
[[1, 0], [193, 426], [-203, -426]]
[[1, 0], [194, 355], [-391, -710]]
[[1, 0], [196, 213], [-263, -284]]
[[1, 0], [196, 213], [-407, -426]]
[[1, 0], [196, 213], [-593, -639]]
[[1, 0], [197, 284], [-399, -568]]
[[1, 0], [197, 355], [-397, -710]]
[[1, 0], [197, 497], [-202, -497]]
[[1, 0], [197, 710], [-199, -710]]
[[1, 0], [198, 355], [-399, -710]]
[[1, 0], [199, 213], [-267, -284]]
[[1, 0], [199, 213], [-413, -426]]
[[1, 0], [199, 213], [-602, -639]]
[[1, 0], [199, 355], [-401, -710]]
[[1, 0], [199, 426], [-209, -426]]
[[1, 0], [199, 710], [-201, -710]]
[[1, 0], [2, 355], [-3, -355]]
[[1, 0], [2, 355], [-4, -355]]
[[1, 0], [2, 355], [-7, -710]]
[[1, 0], [2, 5], [-107, -90]]
[[1, 0], [2, 5], [-1077, -385]]
[[1, 0], [2, 5], [-119, -120]]
[[1, 0], [2, 5], [-143, -180]]
[[1, 0], [2, 5], [-1499, -375]]
[[1, 0], [2, 5], [-164, -55]]
[[1, 0], [2, 5], [-168, -65]]
[[1, 0], [2, 5], [-1823, -120]]
[[1, 0], [2, 5], [-1923, -370]]
[[1, 0], [2, 5], [-214, -355]]
[[1, 0], [2, 5], [-217, -10]]
[[1, 0], [2, 5], [-2699, -180]]
[[1, 0], [2, 5], [-2773, -365]]
[[1, 0], [2, 5], [-314, -75]]
[[1, 0], [2, 5], [-322, -95]]
[[1, 0], [2, 5], [-363, -20]]
[[1, 0], [2, 5], [-427, -535]]
[[1, 0], [2, 5], [-427, -710]]
[[1, 0], [2, 5], [-474, -475]]
[[1, 0], [2, 5], [-48, -49]]
[[1, 0], [2, 5], [-509, -30]]
[[1, 0], [2, 5], [-5327, -360]]
[[1, 0], [2, 5], [-533, -445]]
[[1, 0], [2, 5], [-583, -73]]
[[1, 0], [2, 5], [-663, -415]]
[[1, 0], [2, 5], [-728, -45]]
[[1, 0], [2, 5], [-73, -5]]
[[1, 0], [2, 5], [-77, -15]]
[[1, 0], [2, 5], [-79, -20]]
[[1, 0], [2, 5], [-799, -400]]
[[1, 0], [2, 5], [-83, -30]]
[[1, 0], [2, 5], [-868, -395]]
[[1, 0], [2, 5], [-87, -40]]
[[1, 0], [2, 5], [-89, -45]]
[[1, 0], [2, 5], [-947, -60]]
[[1, 0], [2, 71], [-11, -213]]
[[1, 0], [2, 71], [-12, -71]]
[[1, 0], [2, 71], [-16, -355]]
[[1, 0], [2, 71], [-19, -142]]
[[1, 0], [2, 71], [-26, -213]]
[[1, 0], [2, 71], [-31, -568]]
[[1, 0], [2, 71], [-31, -710]]
[[1, 0], [2, 71], [-34, -497]]
[[1, 0], [2, 71], [-47, -426]]
[[1, 0], [2, 71], [-7, -71]]
[[1, 0], [2, 71], [-9, -142]]
[[1, 0], [20, 71], [-106, -355]]
[[1, 0], [20, 71], [-155, -426]]
[[1, 0], [20, 71], [-160, -497]]
[[1, 0], [20, 71], [-175, -568]]
[[1, 0], [20, 71], [-211, -710]]
[[1, 0], [20, 71], [-25, -71]]
[[1, 0], [20, 71], [-30, -71]]
[[1, 0], [20, 71], [-45, -142]]
[[1, 0], [20, 71], [-55, -142]]
[[1, 0], [20, 71], [-65, -213]]
[[1, 0], [20, 71], [-80, -213]]
[[1, 0], [201, 284], [-407, -568]]
[[1, 0], [201, 710], [-203, -710]]
[[1, 0], [202, 213], [-271, -284]]
[[1, 0], [202, 213], [-419, -426]]
[[1, 0], [202, 213], [-611, -639]]
[[1, 0], [202, 355], [-407, -710]]
[[1, 0], [203, 355], [-409, -710]]
[[1, 0], [204, 355], [-411, -710]]
[[1, 0], [204, 497], [-209, -497]]
[[1, 0], [205, 213], [-215, -213]]
[[1, 0], [205, 213], [-275, -284]]
[[1, 0], [205, 213], [-425, -426]]
[[1, 0], [205, 213], [-620, -639]]
[[1, 0], [205, 284], [-415, -568]]
[[1, 0], [205, 426], [-215, -426]]
[[1, 0], [206, 355], [-208, -355]]
[[1, 0], [207, 355], [-417, -710]]
[[1, 0], [207, 710], [-209, -710]]
[[1, 0], [208, 213], [-218, -213]]
[[1, 0], [208, 213], [-279, -284]]
[[1, 0], [208, 213], [-431, -426]]
[[1, 0], [208, 213], [-629, -639]]
[[1, 0], [208, 355], [-419, -710]]
[[1, 0], [209, 284], [-423, -568]]
[[1, 0], [209, 355], [-421, -710]]
[[1, 0], [209, 710], [-211, -710]]
[[1, 0], [21, 142], [-111, -710]]
[[1, 0], [21, 142], [-31, -142]]
[[1, 0], [21, 142], [-44, -213]]
[[1, 0], [21, 142], [-47, -284]]
[[1, 0], [21, 142], [-56, -355]]
[[1, 0], [21, 142], [-83, -426]]
[[1, 0], [21, 25], [-134, -75]]
[[1, 0], [21, 25], [-239, -200]]
[[1, 0], [21, 25], [-449, -450]]
[[1, 0], [21, 25], [-599, -375]]
[[1, 0], [21, 25], [-94, -95]]
[[1, 0], [21, 284], [-47, -568]]
[[1, 0], [21, 355], [-22, -355]]
[[1, 0], [21, 355], [-23, -355]]
[[1, 0], [21, 50], [-239, -400]]
[[1, 0], [21, 710], [-23, -710]]
[[1, 0], [21, 71], [-111, -355]]
[[1, 0], [21, 71], [-161, -426]]
[[1, 0], [21, 71], [-167, -497]]
[[1, 0], [21, 71], [-183, -568]]
[[1, 0], [21, 71], [-221, -710]]
[[1, 0], [21, 71], [-26, -71]]
[[1, 0], [21, 71], [-31, -71]]
[[1, 0], [21, 71], [-47, -142]]
[[1, 0], [21, 71], [-57, -142]]
[[1, 0], [21, 71], [-68, -213]]
[[1, 0], [21, 71], [-83, -213]]
[[1, 0], [211, 213], [-283, -284]]
[[1, 0], [211, 213], [-437, -426]]
[[1, 0], [211, 213], [-638, -639]]
[[1, 0], [211, 497], [-216, -497]]
[[1, 0], [212, 355], [-427, -710]]
[[1, 0], [214, 355], [-431, -710]]
[[1, 0], [217, 284], [-439, -568]]
[[1, 0], [217, 355], [-437, -710]]
[[1, 0], [217, 710], [-219, -710]]
[[1, 0], [218, 355], [-439, -710]]
[[1, 0], [218, 497], [-223, -497]]
[[1, 0], [219, 355], [-441, -710]]
[[1, 0], [219, 710], [-221, -710]]
[[1, 0], [22, 1065], [-23, -1065]]
[[1, 0], [22, 213], [-31, -284]]
[[1, 0], [22, 213], [-32, -213]]
[[1, 0], [22, 213], [-59, -426]]
[[1, 0], [22, 355], [-23, -355]]
[[1, 0], [22, 355], [-24, -355]]
[[1, 0], [22, 355], [-47, -710]]
[[1, 0], [22, 35], [-384, -385]]
[[1, 0], [22, 35], [-51, -65]]
[[1, 0], [22, 497], [-27, -497]]
[[1, 0], [22, 71], [-116, -355]]
[[1, 0], [22, 71], [-167, -426]]
[[1, 0], [22, 71], [-174, -497]]
[[1, 0], [22, 71], [-191, -568]]
[[1, 0], [22, 71], [-231, -710]]
[[1, 0], [22, 71], [-27, -71]]
[[1, 0], [22, 71], [-32, -71]]
[[1, 0], [22, 71], [-49, -142]]
[[1, 0], [22, 71], [-59, -142]]
[[1, 0], [22, 71], [-86, -213]]
[[1, 0], [221, 284], [-447, -568]]
[[1, 0], [221, 710], [-223, -710]]
[[1, 0], [222, 355], [-447, -710]]
[[1, 0], [223, 1065], [-224, -1065]]
[[1, 0], [223, 355], [-449, -710]]
[[1, 0], [224, 355], [-451, -710]]
[[1, 0], [225, 284], [-455, -568]]
[[1, 0], [225, 497], [-230, -497]]
[[1, 0], [226, 1065], [-227, -1065]]
[[1, 0], [227, 355], [-457, -710]]
[[1, 0], [227, 710], [-229, -710]]
[[1, 0], [228, 355], [-459, -710]]
[[1, 0], [229, 284], [-463, -568]]
[[1, 0], [229, 355], [-461, -710]]
[[1, 0], [229, 710], [-231, -710]]
[[1, 0], [23, 142], [-121, -710]]
[[1, 0], [23, 142], [-33, -142]]
[[1, 0], [23, 142], [-47, -213]]
[[1, 0], [23, 142], [-51, -284]]
[[1, 0], [23, 142], [-61, -355]]
[[1, 0], [23, 142], [-89, -426]]
[[1, 0], [23, 355], [-24, -355]]
[[1, 0], [23, 355], [-49, -710]]
[[1, 0], [23, 71], [-121, -355]]
[[1, 0], [23, 71], [-173, -426]]
[[1, 0], [23, 71], [-181, -497]]
[[1, 0], [23, 71], [-199, -568]]
[[1, 0], [23, 71], [-241, -710]]
[[1, 0], [23, 71], [-28, -71]]
[[1, 0], [23, 71], [-33, -71]]
[[1, 0], [23, 71], [-51, -142]]
[[1, 0], [23, 71], [-61, -142]]
[[1, 0], [23, 71], [-74, -213]]
[[1, 0], [23, 71], [-89, -213]]
[[1, 0], [231, 710], [-233, -710]]
[[1, 0], [232, 355], [-467, -710]]
[[1, 0], [232, 497], [-237, -497]]
[[1, 0], [233, 284], [-471, -568]]
[[1, 0], [233, 355], [-469, -710]]
[[1, 0], [234, 355], [-471, -710]]
[[1, 0], [237, 284], [-479, -568]]
[[1, 0], [237, 355], [-477, -710]]
[[1, 0], [237, 710], [-239, -710]]
[[1, 0], [238, 1065], [-239, -1065]]
[[1, 0], [238, 355], [-479, -710]]
[[1, 0], [239, 355], [-481, -710]]
[[1, 0], [239, 497], [-244, -497]]
[[1, 0], [239, 710], [-241, -710]]
[[1, 0], [24, 355], [-26, -355]]
[[1, 0], [24, 355], [-51, -710]]
[[1, 0], [24, 71], [-126, -355]]
[[1, 0], [24, 71], [-179, -426]]
[[1, 0], [24, 71], [-188, -497]]
[[1, 0], [24, 71], [-207, -568]]
[[1, 0], [24, 71], [-251, -710]]
[[1, 0], [24, 71], [-29, -71]]
[[1, 0], [24, 71], [-34, -71]]
[[1, 0], [24, 71], [-53, -142]]
[[1, 0], [24, 71], [-63, -142]]
[[1, 0], [24, 71], [-77, -213]]
[[1, 0], [24, 71], [-92, -213]]
[[1, 0], [241, 284], [-487, -568]]
[[1, 0], [241, 710], [-243, -710]]
[[1, 0], [242, 355], [-487, -710]]
[[1, 0], [243, 355], [-489, -710]]
[[1, 0], [244, 355], [-491, -710]]
[[1, 0], [245, 284], [-495, -568]]
[[1, 0], [246, 497], [-251, -497]]
[[1, 0], [247, 710], [-249, -710]]
[[1, 0], [248, 355], [-499, -710]]
[[1, 0], [249, 284], [-503, -568]]
[[1, 0], [249, 355], [-501, -710]]
[[1, 0], [249, 710], [-251, -710]]
[[1, 0], [25, 142], [-131, -710]]
[[1, 0], [25, 142], [-35, -142]]
[[1, 0], [25, 142], [-50, -213]]
[[1, 0], [25, 142], [-55, -284]]
[[1, 0], [25, 142], [-66, -355]]
[[1, 0], [25, 142], [-95, -426]]
[[1, 0], [25, 213], [-35, -213]]
[[1, 0], [25, 213], [-35, -284]]
[[1, 0], [25, 213], [-65, -426]]
[[1, 0], [25, 213], [-80, -639]]
[[1, 0], [25, 284], [-55, -568]]
[[1, 0], [25, 426], [-35, -426]]
[[1, 0], [25, 71], [-131, -355]]
[[1, 0], [25, 71], [-185, -426]]
[[1, 0], [25, 71], [-195, -497]]
[[1, 0], [25, 71], [-215, -568]]
[[1, 0], [25, 71], [-261, -710]]
[[1, 0], [25, 71], [-30, -71]]
[[1, 0], [25, 71], [-35, -71]]
[[1, 0], [25, 71], [-55, -142]]
[[1, 0], [25, 71], [-65, -142]]
[[1, 0], [25, 71], [-80, -213]]
[[1, 0], [25, 71], [-95, -213]]
[[1, 0], [251, 710], [-253, -710]]
[[1, 0], [252, 355], [-507, -710]]
[[1, 0], [253, 284], [-511, -568]]
[[1, 0], [253, 355], [-509, -710]]
[[1, 0], [254, 355], [-511, -710]]
[[1, 0], [257, 284], [-519, -568]]
[[1, 0], [257, 355], [-517, -710]]
[[1, 0], [257, 710], [-259, -710]]
[[1, 0], [258, 355], [-519, -710]]
[[1, 0], [259, 355], [-521, -710]]
[[1, 0], [259, 710], [-261, -710]]
[[1, 0], [26, 125], [-149, -375]]
[[1, 0], [26, 355], [-27, -355]]
[[1, 0], [26, 355], [-28, -355]]
[[1, 0], [26, 71], [-136, -355]]
[[1, 0], [26, 71], [-191, -426]]
[[1, 0], [26, 71], [-202, -497]]
[[1, 0], [26, 71], [-223, -568]]
[[1, 0], [26, 71], [-271, -710]]
[[1, 0], [26, 71], [-31, -71]]
[[1, 0], [26, 71], [-36, -71]]
[[1, 0], [26, 71], [-57, -142]]
[[1, 0], [26, 71], [-67, -142]]
[[1, 0], [26, 71], [-83, -213]]
[[1, 0], [26, 71], [-98, -213]]
[[1, 0], [261, 284], [-527, -568]]
[[1, 0], [261, 710], [-263, -710]]
[[1, 0], [262, 1065], [-263, -1065]]
[[1, 0], [262, 355], [-527, -710]]
[[1, 0], [263, 355], [-529, -710]]
[[1, 0], [264, 355], [-531, -710]]
[[1, 0], [265, 284], [-535, -568]]
[[1, 0], [267, 355], [-537, -710]]
[[1, 0], [267, 710], [-269, -710]]
[[1, 0], [268, 355], [-539, -710]]
[[1, 0], [269, 284], [-543, -568]]
[[1, 0], [269, 355], [-541, -710]]
[[1, 0], [269, 710], [-271, -710]]
[[1, 0], [27, 142], [-101, -426]]
[[1, 0], [27, 142], [-141, -710]]
[[1, 0], [27, 142], [-37, -142]]
[[1, 0], [27, 142], [-53, -213]]
[[1, 0], [27, 142], [-59, -284]]
[[1, 0], [27, 355], [-28, -355]]
[[1, 0], [27, 355], [-29, -355]]
[[1, 0], [27, 355], [-57, -710]]
[[1, 0], [27, 65], [-233, -390]]
[[1, 0], [27, 710], [-29, -710]]
[[1, 0], [27, 71], [-101, -213]]
[[1, 0], [27, 71], [-141, -355]]
[[1, 0], [27, 71], [-197, -426]]
[[1, 0], [27, 71], [-209, -497]]
[[1, 0], [27, 71], [-231, -568]]
[[1, 0], [27, 71], [-281, -710]]
[[1, 0], [27, 71], [-32, -71]]
[[1, 0], [27, 71], [-37, -71]]
[[1, 0], [27, 71], [-59, -142]]
[[1, 0], [27, 71], [-69, -142]]
[[1, 0], [27, 71], [-86, -213]]
[[1, 0], [271, 710], [-273, -710]]
[[1, 0], [272, 355], [-547, -710]]
[[1, 0], [273, 284], [-551, -568]]
[[1, 0], [273, 355], [-549, -710]]
[[1, 0], [274, 355], [-551, -710]]
[[1, 0], [277, 284], [-559, -568]]
[[1, 0], [277, 355], [-557, -710]]
[[1, 0], [277, 710], [-279, -710]]
[[1, 0], [278, 355], [-559, -710]]
[[1, 0], [279, 355], [-561, -710]]
[[1, 0], [279, 710], [-281, -710]]
[[1, 0], [28, 1065], [-29, -1065]]
[[1, 0], [28, 213], [-38, -213]]
[[1, 0], [28, 213], [-39, -284]]
[[1, 0], [28, 213], [-89, -639]]
[[1, 0], [28, 355], [-29, -355]]
[[1, 0], [28, 355], [-59, -710]]
[[1, 0], [28, 45], [-203, -60]]
[[1, 0], [28, 45], [-269, -90]]
[[1, 0], [28, 45], [-323, -405]]
[[1, 0], [28, 45], [-39, -50]]
[[1, 0], [28, 45], [-467, -180]]
[[1, 0], [28, 45], [-863, -360]]
[[1, 0], [28, 71], [-104, -213]]
[[1, 0], [28, 71], [-146, -355]]
[[1, 0], [28, 71], [-203, -426]]
[[1, 0], [28, 71], [-216, -497]]
[[1, 0], [28, 71], [-239, -568]]
[[1, 0], [28, 71], [-291, -710]]
[[1, 0], [28, 71], [-33, -71]]
[[1, 0], [28, 71], [-38, -71]]
[[1, 0], [28, 71], [-61, -142]]
[[1, 0], [28, 71], [-89, -213]]
[[1, 0], [281, 284], [-567, -568]]
[[1, 0], [281, 355], [-283, -355]]
[[1, 0], [281, 710], [-283, -710]]
[[1, 0], [282, 355], [-567, -710]]
[[1, 0], [283, 355], [-569, -710]]
[[1, 0], [286, 1065], [-287, -1065]]
[[1, 0], [287, 355], [-577, -710]]
[[1, 0], [287, 710], [-289, -710]]
[[1, 0], [288, 355], [-579, -710]]
[[1, 0], [289, 355], [-581, -710]]
[[1, 0], [289, 360], [-431, -360]]
[[1, 0], [29, 142], [-107, -426]]
[[1, 0], [29, 142], [-151, -710]]
[[1, 0], [29, 142], [-39, -142]]
[[1, 0], [29, 142], [-56, -213]]
[[1, 0], [29, 142], [-63, -284]]
[[1, 0], [29, 142], [-76, -355]]
[[1, 0], [29, 284], [-63, -568]]
[[1, 0], [29, 355], [-31, -355]]
[[1, 0], [29, 355], [-61, -710]]
[[1, 0], [29, 35], [-419, -420]]
[[1, 0], [29, 35], [-461, -385]]
[[1, 0], [29, 35], [-64, -65]]
[[1, 0], [29, 35], [-76, -55]]
[[1, 0], [29, 497], [-34, -497]]
[[1, 0], [29, 710], [-31, -710]]
[[1, 0], [29, 71], [-107, -213]]
[[1, 0], [29, 71], [-151, -355]]
[[1, 0], [29, 71], [-209, -426]]
[[1, 0], [29, 71], [-223, -497]]
[[1, 0], [29, 71], [-247, -568]]
[[1, 0], [29, 71], [-301, -710]]
[[1, 0], [29, 71], [-34, -71]]
[[1, 0], [29, 71], [-39, -71]]
[[1, 0], [29, 71], [-63, -142]]
[[1, 0], [29, 71], [-73, -142]]
[[1, 0], [29, 71], [-92, -213]]
[[1, 0], [291, 710], [-293, -710]]
[[1, 0], [292, 355], [-587, -710]]
[[1, 0], [293, 355], [-589, -710]]
[[1, 0], [294, 355], [-591, -710]]
[[1, 0], [297, 355], [-597, -710]]
[[1, 0], [297, 710], [-299, -710]]
[[1, 0], [298, 1065], [-299, -1065]]
[[1, 0], [298, 355], [-599, -710]]
[[1, 0], [299, 355], [-601, -710]]
[[1, 0], [299, 710], [-301, -710]]
[[1, 0], [3, 10], [-1403, -180]]
[[1, 0], [3, 10], [-143, -240]]
[[1, 0], [3, 10], [-143, -355]]
[[1, 0], [3, 10], [-171, -215]]
[[1, 0], [3, 10], [-181, -130]]
[[1, 0], [3, 10], [-182, -15]]
[[1, 0], [3, 10], [-219, -20]]
[[1, 0], [3, 10], [-221, -74]]
[[1, 0], [3, 10], [-293, -30]]
[[1, 0], [3, 10], [-341, -190]]
[[1, 0], [3, 10], [-367, -40]]
[[1, 0], [3, 10], [-404, -45]]
[[1, 0], [3, 10], [-41, -42]]
[[1, 0], [3, 10], [-517, -185]]
[[1, 0], [3, 10], [-737, -90]]
[[1, 0], [3, 10], [-959, -120]]
[[1, 0], [3, 142], [-11, -284]]
[[1, 0], [3, 142], [-11, -355]]
[[1, 0], [3, 142], [-13, -142]]
[[1, 0], [3, 142], [-17, -213]]
[[1, 0], [3, 142], [-21, -710]]
[[1, 0], [3, 142], [-29, -426]]
[[1, 0], [3, 355], [-4, -355]]
[[1, 0], [3, 355], [-9, -710]]
[[1, 0], [3, 5], [-107, -60]]
[[1, 0], [3, 5], [-108, -109]]
[[1, 0], [3, 5], [-1154, -385]]
[[1, 0], [3, 5], [-1403, -90]]
[[1, 0], [3, 5], [-143, -120]]
[[1, 0], [3, 5], [-1574, -375]]
[[1, 0], [3, 5], [-179, -180]]
[[1, 0], [3, 5], [-181, -65]]
[[1, 0], [3, 5], [-1847, -120]]
[[1, 0], [3, 5], [-1997, -370]]
[[1, 0], [3, 5], [-219, -10]]
[[1, 0], [3, 5], [-221, -37]]
[[1, 0], [3, 5], [-2846, -365]]
[[1, 0], [3, 5], [-293, -15]]
[[1, 0], [3, 5], [-329, -75]]
[[1, 0], [3, 5], [-341, -95]]
[[1, 0], [3, 5], [-367, -20]]
[[1, 0], [3, 5], [-37, -38]]
[[1, 0], [3, 5], [-41, -21]]
[[1, 0], [3, 5], [-534, -535]]
[[1, 0], [3, 5], [-5399, -360]]
[[1, 0], [3, 5], [-569, -475]]
[[1, 0], [3, 5], [-569, -710]]
[[1, 0], [3, 5], [-622, -445]]
[[1, 0], [3, 5], [-663, -40]]
[[1, 0], [3, 5], [-737, -45]]
[[1, 0], [3, 5], [-746, -415]]
[[1, 0], [3, 5], [-77, -10]]
[[1, 0], [3, 5], [-83, -20]]
[[1, 0], [3, 5], [-879, -400]]
[[1, 0], [3, 5], [-89, -30]]
[[1, 0], [3, 5], [-947, -395]]
[[1, 0], [3, 5], [-959, -60]]
[[1, 0], [3, 5], [-98, -45]]
[[1, 0], [3, 71], [-11, -142]]
[[1, 0], [3, 71], [-13, -71]]
[[1, 0], [3, 71], [-14, -213]]
[[1, 0], [3, 71], [-21, -142]]
[[1, 0], [3, 71], [-21, -355]]
[[1, 0], [3, 71], [-29, -213]]
[[1, 0], [3, 71], [-39, -568]]
[[1, 0], [3, 71], [-41, -497]]
[[1, 0], [3, 71], [-41, -710]]
[[1, 0], [3, 71], [-53, -426]]
[[1, 0], [3, 71], [-8, -71]]
[[1, 0], [30, 71], [-110, -213]]
[[1, 0], [30, 71], [-156, -355]]
[[1, 0], [30, 71], [-215, -426]]
[[1, 0], [30, 71], [-230, -497]]
[[1, 0], [30, 71], [-255, -568]]
[[1, 0], [30, 71], [-311, -710]]
[[1, 0], [30, 71], [-35, -71]]
[[1, 0], [30, 71], [-40, -71]]
[[1, 0], [30, 71], [-65, -142]]
[[1, 0], [30, 71], [-75, -142]]
[[1, 0], [30, 71], [-95, -213]]
[[1, 0], [301, 710], [-303, -710]]
[[1, 0], [302, 355], [-607, -710]]
[[1, 0], [303, 355], [-609, -710]]
[[1, 0], [304, 355], [-611, -710]]
[[1, 0], [307, 355], [-617, -710]]
[[1, 0], [307, 710], [-309, -710]]
[[1, 0], [308, 355], [-619, -710]]
[[1, 0], [309, 355], [-621, -710]]
[[1, 0], [309, 710], [-311, -710]]
[[1, 0], [31, 1065], [-32, -1065]]
[[1, 0], [31, 142], [-113, -426]]
[[1, 0], [31, 142], [-161, -710]]
[[1, 0], [31, 142], [-41, -142]]
[[1, 0], [31, 142], [-59, -213]]
[[1, 0], [31, 142], [-67, -284]]
[[1, 0], [31, 142], [-81, -355]]
[[1, 0], [31, 213], [-41, -213]]
[[1, 0], [31, 213], [-43, -284]]
[[1, 0], [31, 213], [-77, -426]]
[[1, 0], [31, 213], [-98, -639]]
[[1, 0], [31, 355], [-32, -355]]
[[1, 0], [31, 355], [-33, -355]]
[[1, 0], [31, 426], [-41, -426]]
[[1, 0], [31, 50], [-319, -400]]
[[1, 0], [31, 710], [-33, -710]]
[[1, 0], [31, 71], [-113, -213]]
[[1, 0], [31, 71], [-161, -355]]
[[1, 0], [31, 71], [-221, -426]]
[[1, 0], [31, 71], [-237, -497]]
[[1, 0], [31, 71], [-263, -568]]
[[1, 0], [31, 71], [-321, -710]]
[[1, 0], [31, 71], [-36, -71]]
[[1, 0], [31, 71], [-67, -142]]
[[1, 0], [31, 71], [-77, -142]]
[[1, 0], [31, 71], [-98, -213]]
[[1, 0], [31, 75], [-99, -125]]
[[1, 0], [311, 710], [-313, -710]]
[[1, 0], [312, 355], [-627, -710]]
[[1, 0], [313, 355], [-629, -710]]
[[1, 0], [314, 355], [-631, -710]]
[[1, 0], [317, 355], [-637, -710]]
[[1, 0], [317, 710], [-319, -710]]
[[1, 0], [319, 355], [-641, -710]]
[[1, 0], [319, 710], [-321, -710]]
[[1, 0], [32, 355], [-33, -355]]
[[1, 0], [32, 355], [-34, -355]]
[[1, 0], [32, 355], [-67, -710]]
[[1, 0], [32, 71], [-101, -213]]
[[1, 0], [32, 71], [-116, -213]]
[[1, 0], [32, 71], [-166, -355]]
[[1, 0], [32, 71], [-227, -426]]
[[1, 0], [32, 71], [-244, -497]]
[[1, 0], [32, 71], [-271, -568]]
[[1, 0], [32, 71], [-331, -710]]
[[1, 0], [32, 71], [-37, -71]]
[[1, 0], [32, 71], [-69, -142]]
[[1, 0], [32, 71], [-79, -142]]
[[1, 0], [321, 710], [-323, -710]]
[[1, 0], [322, 355], [-647, -710]]
[[1, 0], [323, 355], [-649, -710]]
[[1, 0], [324, 355], [-651, -710]]
[[1, 0], [327, 355], [-657, -710]]
[[1, 0], [327, 710], [-329, -710]]
[[1, 0], [328, 355], [-659, -710]]
[[1, 0], [329, 355], [-661, -710]]
[[1, 0], [329, 710], [-331, -710]]
[[1, 0], [33, 142], [-119, -426]]
[[1, 0], [33, 142], [-171, -710]]
[[1, 0], [33, 142], [-43, -142]]
[[1, 0], [33, 142], [-62, -213]]
[[1, 0], [33, 142], [-86, -355]]
[[1, 0], [33, 355], [-34, -355]]
[[1, 0], [33, 355], [-69, -710]]
[[1, 0], [33, 40], [-1007, -360]]
[[1, 0], [33, 40], [-188, -45]]
[[1, 0], [33, 40], [-227, -60]]
[[1, 0], [33, 40], [-383, -120]]
[[1, 0], [33, 40], [-539, -180]]
[[1, 0], [33, 40], [-59, -50]]
[[1, 0], [33, 71], [-104, -213]]
[[1, 0], [33, 71], [-119, -213]]
[[1, 0], [33, 71], [-171, -355]]
[[1, 0], [33, 71], [-233, -426]]
[[1, 0], [33, 71], [-251, -497]]
[[1, 0], [33, 71], [-279, -568]]
[[1, 0], [33, 71], [-341, -710]]
[[1, 0], [33, 71], [-38, -71]]
[[1, 0], [33, 71], [-81, -142]]
[[1, 0], [33, 80], [-59, -100]]
[[1, 0], [331, 710], [-333, -710]]
[[1, 0], [332, 355], [-667, -710]]
[[1, 0], [333, 355], [-669, -710]]
[[1, 0], [334, 355], [-671, -710]]
[[1, 0], [337, 355], [-677, -710]]
[[1, 0], [337, 710], [-339, -710]]
[[1, 0], [338, 355], [-679, -710]]
[[1, 0], [339, 355], [-681, -710]]
[[1, 0], [339, 710], [-341, -710]]
[[1, 0], [34, 213], [-107, -639]]
[[1, 0], [34, 213], [-44, -213]]
[[1, 0], [34, 213], [-47, -284]]
[[1, 0], [34, 213], [-83, -426]]
[[1, 0], [34, 355], [-36, -355]]
[[1, 0], [34, 55], [-76, -77]]
[[1, 0], [34, 71], [-107, -213]]
[[1, 0], [34, 71], [-122, -213]]
[[1, 0], [34, 71], [-176, -355]]
[[1, 0], [34, 71], [-239, -426]]
[[1, 0], [34, 71], [-258, -497]]
[[1, 0], [34, 71], [-287, -568]]
[[1, 0], [34, 71], [-351, -710]]
[[1, 0], [34, 71], [-73, -142]]
[[1, 0], [34, 71], [-83, -142]]
[[1, 0], [341, 710], [-343, -710]]
[[1, 0], [342, 355], [-687, -710]]
[[1, 0], [343, 355], [-689, -710]]
[[1, 0], [344, 355], [-691, -710]]
[[1, 0], [346, 1065], [-347, -1065]]
[[1, 0], [347, 355], [-697, -710]]
[[1, 0], [347, 710], [-349, -710]]
[[1, 0], [348, 355], [-699, -710]]
[[1, 0], [349, 355], [-701, -710]]
[[1, 0], [349, 710], [-351, -710]]
[[1, 0], [35, 142], [-125, -426]]
[[1, 0], [35, 142], [-181, -710]]
[[1, 0], [35, 142], [-45, -142]]
[[1, 0], [35, 142], [-65, -213]]
[[1, 0], [35, 142], [-75, -284]]
[[1, 0], [35, 142], [-91, -355]]
[[1, 0], [35, 71], [-110, -213]]
[[1, 0], [35, 71], [-125, -213]]
[[1, 0], [35, 71], [-181, -355]]
[[1, 0], [35, 71], [-245, -426]]
[[1, 0], [35, 71], [-265, -497]]
[[1, 0], [35, 71], [-295, -568]]
[[1, 0], [35, 71], [-361, -710]]
[[1, 0], [35, 71], [-75, -142]]
[[1, 0], [35, 71], [-85, -142]]
[[1, 0], [351, 710], [-353, -710]]
[[1, 0], [352, 355], [-707, -710]]
[[1, 0], [353, 355], [-709, -710]]
[[1, 0], [354, 355], [-356, -355]]
[[1, 0], [354, 355], [-711, -710]]
[[1, 0], [36, 355], [-37, -355]]
[[1, 0], [36, 355], [-38, -355]]
[[1, 0], [36, 497], [-41, -497]]
[[1, 0], [36, 71], [-113, -213]]
[[1, 0], [36, 71], [-128, -213]]
[[1, 0], [36, 71], [-186, -355]]
[[1, 0], [36, 71], [-251, -426]]
[[1, 0], [36, 71], [-272, -497]]
[[1, 0], [36, 71], [-303, -568]]
[[1, 0], [36, 71], [-371, -710]]
[[1, 0], [36, 71], [-77, -142]]
[[1, 0], [36, 71], [-87, -142]]
[[1, 0], [37, 142], [-131, -426]]
[[1, 0], [37, 142], [-191, -710]]
[[1, 0], [37, 142], [-47, -142]]
[[1, 0], [37, 142], [-68, -213]]
[[1, 0], [37, 142], [-79, -284]]
[[1, 0], [37, 142], [-96, -355]]
[[1, 0], [37, 180], [-287, -360]]
[[1, 0], [37, 213], [-116, -639]]
[[1, 0], [37, 213], [-47, -213]]
[[1, 0], [37, 213], [-51, -284]]
[[1, 0], [37, 213], [-89, -426]]
[[1, 0], [37, 284], [-79, -568]]
[[1, 0], [37, 355], [-39, -355]]
[[1, 0], [37, 355], [-77, -710]]
[[1, 0], [37, 426], [-47, -426]]
[[1, 0], [37, 45], [-287, -90]]
[[1, 0], [37, 45], [-359, -120]]
[[1, 0], [37, 45], [-404, -405]]
[[1, 0], [37, 45], [-49, -50]]
[[1, 0], [37, 45], [-503, -180]]
[[1, 0], [37, 60], [-233, -90]]
[[1, 0], [37, 60], [-287, -120]]
[[1, 0], [37, 60], [-719, -360]]
[[1, 0], [37, 710], [-39, -710]]
[[1, 0], [37, 71], [-116, -213]]
[[1, 0], [37, 71], [-131, -213]]
[[1, 0], [37, 71], [-191, -355]]
[[1, 0], [37, 71], [-257, -426]]
[[1, 0], [37, 71], [-279, -497]]
[[1, 0], [37, 71], [-311, -568]]
[[1, 0], [37, 71], [-381, -710]]
[[1, 0], [37, 71], [-79, -142]]
[[1, 0], [37, 71], [-89, -142]]
[[1, 0], [37, 90], [-287, -180]]
[[1, 0], [37, 90], [-503, -360]]
[[1, 0], [38, 185], [-147, -370]]
[[1, 0], [38, 355], [-79, -710]]
[[1, 0], [38, 71], [-119, -213]]
[[1, 0], [38, 71], [-134, -213]]
[[1, 0], [38, 71], [-196, -355]]
[[1, 0], [38, 71], [-263, -426]]
[[1, 0], [38, 71], [-286, -497]]
[[1, 0], [38, 71], [-319, -568]]
[[1, 0], [38, 71], [-391, -710]]
[[1, 0], [38, 71], [-81, -142]]
[[1, 0], [38, 71], [-91, -142]]
[[1, 0], [388, 1065], [-389, -1065]]
[[1, 0], [39, 142], [-101, -355]]
[[1, 0], [39, 142], [-137, -426]]
[[1, 0], [39, 142], [-201, -710]]
[[1, 0], [39, 142], [-49, -142]]
[[1, 0], [39, 142], [-83, -284]]
[[1, 0], [39, 355], [-41, -355]]
[[1, 0], [39, 355], [-81, -710]]
[[1, 0], [39, 710], [-41, -710]]
[[1, 0], [39, 71], [-122, -213]]
[[1, 0], [39, 71], [-137, -213]]
[[1, 0], [39, 71], [-201, -355]]
[[1, 0], [39, 71], [-269, -426]]
[[1, 0], [39, 71], [-293, -497]]
[[1, 0], [39, 71], [-327, -568]]
[[1, 0], [39, 71], [-401, -710]]
[[1, 0], [39, 71], [-83, -142]]
[[1, 0], [39, 71], [-93, -142]]
[[1, 0], [39, 95], [-227, -380]]
[[1, 0], [4, 15], [-107, -135]]
[[1, 0], [4, 15], [-146, -15]]
[[1, 0], [4, 15], [-161, -18]]
[[1, 0], [4, 15], [-171, -20]]
[[1, 0], [4, 15], [-1871, -360]]
[[1, 0], [4, 15], [-191, -24]]
[[1, 0], [4, 15], [-194, -195]]
[[1, 0], [4, 15], [-199, -125]]
[[1, 0], [4, 15], [-221, -30]]
[[1, 0], [4, 15], [-251, -36]]
[[1, 0], [4, 15], [-271, -40]]
[[1, 0], [4, 15], [-296, -45]]
[[1, 0], [4, 15], [-371, -60]]
[[1, 0], [4, 15], [-431, -72]]
[[1, 0], [4, 15], [-521, -90]]
[[1, 0], [4, 15], [-54, -25]]
[[1, 0], [4, 15], [-671, -120]]
[[1, 0], [4, 15], [-73, -185]]
[[1, 0], [4, 15], [-86, -145]]
[[1, 0], [4, 15], [-971, -180]]
[[1, 0], [4, 213], [-14, -213]]
[[1, 0], [4, 213], [-17, -639]]
[[1, 0], [4, 213], [-23, -426]]
[[1, 0], [4, 213], [-7, -284]]
[[1, 0], [4, 355], [-11, -710]]
[[1, 0], [4, 355], [-6, -355]]
[[1, 0], [4, 5], [-1026, -395]]
[[1, 0], [4, 5], [-103, -40]]
[[1, 0], [4, 5], [-107, -45]]
[[1, 0], [4, 5], [-1151, -72]]
[[1, 0], [4, 5], [-119, -60]]
[[1, 0], [4, 5], [-1231, -385]]
[[1, 0], [4, 5], [-1421, -90]]
[[1, 0], [4, 5], [-143, -142]]
[[1, 0], [4, 5], [-143, -90]]
[[1, 0], [4, 5], [-146, -5]]
[[1, 0], [4, 5], [-161, -6]]
[[1, 0], [4, 5], [-1649, -375]]
[[1, 0], [4, 5], [-167, -120]]
[[1, 0], [4, 5], [-186, -55]]
[[1, 0], [4, 5], [-1871, -120]]
[[1, 0], [4, 5], [-191, -8]]
[[1, 0], [4, 5], [-194, -65]]
[[1, 0], [4, 5], [-206, -9]]
[[1, 0], [4, 5], [-2071, -370]]
[[1, 0], [4, 5], [-221, -10]]
[[1, 0], [4, 5], [-251, -12]]
[[1, 0], [4, 5], [-2771, -180]]
[[1, 0], [4, 5], [-2919, -365]]
[[1, 0], [4, 5], [-296, -15]]
[[1, 0], [4, 5], [-34, -7]]
[[1, 0], [4, 5], [-341, -18]]
[[1, 0], [4, 5], [-344, -75]]
[[1, 0], [4, 5], [-356, -355]]
[[1, 0], [4, 5], [-371, -20]]
[[1, 0], [4, 5], [-431, -24]]
[[1, 0], [4, 5], [-521, -30]]
[[1, 0], [4, 5], [-5471, -360]]
[[1, 0], [4, 5], [-611, -36]]
[[1, 0], [4, 5], [-641, -535]]
[[1, 0], [4, 5], [-664, -475]]
[[1, 0], [4, 5], [-671, -40]]
[[1, 0], [4, 5], [-711, -445]]
[[1, 0], [4, 5], [-711, -710]]
[[1, 0], [4, 5], [-72, -71]]
[[1, 0], [4, 5], [-746, -45]]
[[1, 0], [4, 5], [-79, -10]]
[[1, 0], [4, 5], [-829, -415]]
[[1, 0], [4, 5], [-83, -15]]
[[1, 0], [4, 5], [-87, -20]]
[[1, 0], [4, 5], [-959, -400]]
[[1, 0], [4, 5], [-971, -60]]
[[1, 0], [4, 71], [-13, -142]]
[[1, 0], [4, 71], [-14, -71]]
[[1, 0], [4, 71], [-17, -213]]
[[1, 0], [4, 71], [-23, -142]]
[[1, 0], [4, 71], [-26, -355]]
[[1, 0], [4, 71], [-32, -213]]
[[1, 0], [4, 71], [-47, -568]]
[[1, 0], [4, 71], [-48, -497]]
[[1, 0], [4, 71], [-51, -710]]
[[1, 0], [4, 71], [-59, -426]]
[[1, 0], [4, 71], [-9, -71]]
[[1, 0], [40, 213], [-125, -639]]
[[1, 0], [40, 213], [-50, -213]]
[[1, 0], [40, 213], [-55, -284]]
[[1, 0], [40, 213], [-95, -426]]
[[1, 0], [40, 71], [-125, -213]]
[[1, 0], [40, 71], [-140, -213]]
[[1, 0], [40, 71], [-206, -355]]
[[1, 0], [40, 71], [-275, -426]]
[[1, 0], [40, 71], [-300, -497]]
[[1, 0], [40, 71], [-335, -568]]
[[1, 0], [40, 71], [-411, -710]]
[[1, 0], [40, 71], [-85, -142]]
[[1, 0], [40, 71], [-95, -142]]
[[1, 0], [403, 426], [-413, -426]]
[[1, 0], [41, 142], [-106, -355]]
[[1, 0], [41, 142], [-143, -426]]
[[1, 0], [41, 142], [-211, -710]]
[[1, 0], [41, 142], [-51, -142]]
[[1, 0], [41, 142], [-74, -213]]
[[1, 0], [41, 142], [-87, -284]]
[[1, 0], [41, 284], [-87, -568]]
[[1, 0], [41, 355], [-43, -355]]
[[1, 0], [41, 50], [-399, -400]]
[[1, 0], [41, 710], [-43, -710]]
[[1, 0], [41, 71], [-128, -213]]
[[1, 0], [41, 71], [-143, -213]]
[[1, 0], [41, 71], [-211, -355]]
[[1, 0], [41, 71], [-281, -426]]
[[1, 0], [41, 71], [-307, -497]]
[[1, 0], [41, 71], [-343, -568]]
[[1, 0], [41, 71], [-421, -710]]
[[1, 0], [41, 71], [-87, -142]]
[[1, 0], [41, 71], [-97, -142]]
[[1, 0], [419, 710], [-421, -710]]
[[1, 0], [42, 355], [-44, -355]]
[[1, 0], [42, 355], [-87, -710]]
[[1, 0], [42, 71], [-131, -213]]
[[1, 0], [42, 71], [-146, -213]]
[[1, 0], [42, 71], [-216, -355]]
[[1, 0], [42, 71], [-287, -426]]
[[1, 0], [42, 71], [-314, -497]]
[[1, 0], [42, 71], [-351, -568]]
[[1, 0], [42, 71], [-431, -710]]
[[1, 0], [42, 71], [-89, -142]]
[[1, 0], [42, 71], [-99, -142]]
[[1, 0], [421, 426], [-431, -426]]
[[1, 0], [43, 1065], [-44, -1065]]
[[1, 0], [43, 142], [-111, -355]]
[[1, 0], [43, 142], [-149, -426]]
[[1, 0], [43, 142], [-221, -710]]
[[1, 0], [43, 142], [-53, -142]]
[[1, 0], [43, 142], [-77, -213]]
[[1, 0], [43, 142], [-91, -284]]
[[1, 0], [43, 213], [-101, -426]]
[[1, 0], [43, 213], [-134, -639]]
[[1, 0], [43, 213], [-53, -213]]
[[1, 0], [43, 213], [-59, -284]]
[[1, 0], [43, 355], [-89, -710]]
[[1, 0], [43, 426], [-53, -426]]
[[1, 0], [43, 497], [-48, -497]]
[[1, 0], [43, 71], [-101, -142]]
[[1, 0], [43, 71], [-134, -213]]
[[1, 0], [43, 71], [-149, -213]]
[[1, 0], [43, 71], [-221, -355]]
[[1, 0], [43, 71], [-293, -426]]
[[1, 0], [43, 71], [-321, -497]]
[[1, 0], [43, 71], [-359, -568]]
[[1, 0], [43, 71], [-441, -710]]
[[1, 0], [43, 71], [-91, -142]]
[[1, 0], [44, 355], [-46, -355]]
[[1, 0], [44, 355], [-91, -710]]
[[1, 0], [44, 71], [-103, -142]]
[[1, 0], [44, 71], [-137, -213]]
[[1, 0], [44, 71], [-152, -213]]
[[1, 0], [44, 71], [-226, -355]]
[[1, 0], [44, 71], [-299, -426]]
[[1, 0], [44, 71], [-328, -497]]
[[1, 0], [44, 71], [-367, -568]]
[[1, 0], [44, 71], [-451, -710]]
[[1, 0], [44, 71], [-93, -142]]
[[1, 0], [45, 142], [-116, -355]]
[[1, 0], [45, 142], [-155, -426]]
[[1, 0], [45, 142], [-231, -710]]
[[1, 0], [45, 142], [-55, -142]]
[[1, 0], [45, 142], [-80, -213]]
[[1, 0], [45, 142], [-95, -284]]
[[1, 0], [45, 284], [-95, -568]]
[[1, 0], [45, 71], [-105, -142]]
[[1, 0], [45, 71], [-140, -213]]
[[1, 0], [45, 71], [-155, -213]]
[[1, 0], [45, 71], [-231, -355]]
[[1, 0], [45, 71], [-305, -426]]
[[1, 0], [45, 71], [-335, -497]]
[[1, 0], [45, 71], [-375, -568]]
[[1, 0], [45, 71], [-461, -710]]
[[1, 0], [45, 71], [-95, -142]]
[[1, 0], [46, 1065], [-47, -1065]]
[[1, 0], [46, 213], [-107, -426]]
[[1, 0], [46, 213], [-143, -639]]
[[1, 0], [46, 213], [-56, -213]]
[[1, 0], [46, 213], [-63, -284]]
[[1, 0], [46, 355], [-47, -355]]
[[1, 0], [46, 355], [-48, -355]]
[[1, 0], [46, 71], [-107, -142]]
[[1, 0], [46, 71], [-143, -213]]
[[1, 0], [46, 71], [-158, -213]]
[[1, 0], [46, 71], [-236, -355]]
[[1, 0], [46, 71], [-311, -426]]
[[1, 0], [46, 71], [-342, -497]]
[[1, 0], [46, 71], [-383, -568]]
[[1, 0], [46, 71], [-471, -710]]
[[1, 0], [46, 71], [-97, -142]]
[[1, 0], [46, 75], [-124, -125]]
[[1, 0], [47, 142], [-121, -355]]
[[1, 0], [47, 142], [-161, -426]]
[[1, 0], [47, 142], [-241, -710]]
[[1, 0], [47, 142], [-57, -142]]
[[1, 0], [47, 142], [-83, -213]]
[[1, 0], [47, 142], [-99, -284]]
[[1, 0], [47, 355], [-49, -355]]
[[1, 0], [47, 355], [-97, -710]]
[[1, 0], [47, 710], [-49, -710]]
[[1, 0], [47, 71], [-109, -142]]
[[1, 0], [47, 71], [-146, -213]]
[[1, 0], [47, 71], [-161, -213]]
[[1, 0], [47, 71], [-241, -355]]
[[1, 0], [47, 71], [-317, -426]]
[[1, 0], [47, 71], [-349, -497]]
[[1, 0], [47, 71], [-391, -568]]
[[1, 0], [47, 71], [-481, -710]]
[[1, 0], [47, 71], [-99, -142]]
[[1, 0], [48, 355], [-99, -710]]
[[1, 0], [48, 71], [-101, -142]]
[[1, 0], [48, 71], [-111, -142]]
[[1, 0], [48, 71], [-149, -213]]
[[1, 0], [48, 71], [-164, -213]]
[[1, 0], [48, 71], [-246, -355]]
[[1, 0], [48, 71], [-323, -426]]
[[1, 0], [48, 71], [-356, -497]]
[[1, 0], [48, 71], [-399, -568]]
[[1, 0], [48, 71], [-491, -710]]
[[1, 0], [48, 71], [-58, -71]]
[[1, 0], [484, 497], [-489, -497]]
[[1, 0], [49, 120], [-191, -120]]
[[1, 0], [49, 120], [-251, -180]]
[[1, 0], [49, 120], [-431, -360]]
[[1, 0], [49, 142], [-103, -284]]
[[1, 0], [49, 142], [-126, -355]]
[[1, 0], [49, 142], [-167, -426]]
[[1, 0], [49, 142], [-251, -710]]
[[1, 0], [49, 142], [-59, -142]]
[[1, 0], [49, 142], [-86, -213]]
[[1, 0], [49, 213], [-113, -426]]
[[1, 0], [49, 213], [-152, -639]]
[[1, 0], [49, 213], [-59, -213]]
[[1, 0], [49, 213], [-67, -284]]
[[1, 0], [49, 284], [-103, -568]]
[[1, 0], [49, 355], [-101, -710]]
[[1, 0], [49, 355], [-51, -355]]
[[1, 0], [49, 426], [-59, -426]]
[[1, 0], [49, 60], [-191, -60]]
[[1, 0], [49, 60], [-215, -72]]
[[1, 0], [49, 60], [-251, -90]]
[[1, 0], [49, 60], [-311, -120]]
[[1, 0], [49, 60], [-431, -180]]
[[1, 0], [49, 60], [-69, -70]]
[[1, 0], [49, 60], [-791, -360]]
[[1, 0], [49, 710], [-51, -710]]
[[1, 0], [49, 71], [-103, -142]]
[[1, 0], [49, 71], [-113, -142]]
[[1, 0], [49, 71], [-152, -213]]
[[1, 0], [49, 71], [-167, -213]]
[[1, 0], [49, 71], [-251, -355]]
[[1, 0], [49, 71], [-329, -426]]
[[1, 0], [49, 71], [-363, -497]]
[[1, 0], [49, 71], [-407, -568]]
[[1, 0], [49, 71], [-501, -710]]
[[1, 0], [49, 80], [-79, -100]]
[[1, 0], [5, 142], [-15, -142]]
[[1, 0], [5, 142], [-15, -284]]
[[1, 0], [5, 142], [-16, -355]]
[[1, 0], [5, 142], [-20, -213]]
[[1, 0], [5, 142], [-31, -710]]
[[1, 0], [5, 142], [-35, -426]]
[[1, 0], [5, 284], [-15, -568]]
[[1, 0], [5, 71], [-10, -71]]
[[1, 0], [5, 71], [-15, -142]]
[[1, 0], [5, 71], [-15, -71]]
[[1, 0], [5, 71], [-20, -213]]
[[1, 0], [5, 71], [-25, -142]]
[[1, 0], [5, 71], [-31, -355]]
[[1, 0], [5, 71], [-35, -213]]
[[1, 0], [5, 71], [-55, -497]]
[[1, 0], [5, 71], [-55, -568]]
[[1, 0], [5, 71], [-61, -710]]
[[1, 0], [5, 71], [-65, -426]]
[[1, 0], [50, 497], [-55, -497]]
[[1, 0], [50, 71], [-105, -142]]
[[1, 0], [50, 71], [-115, -142]]
[[1, 0], [50, 71], [-155, -213]]
[[1, 0], [50, 71], [-170, -213]]
[[1, 0], [50, 71], [-256, -355]]
[[1, 0], [50, 71], [-335, -426]]
[[1, 0], [50, 71], [-370, -497]]
[[1, 0], [50, 71], [-415, -568]]
[[1, 0], [50, 71], [-511, -710]]
[[1, 0], [51, 125], [-224, -375]]
[[1, 0], [51, 142], [-107, -284]]
[[1, 0], [51, 142], [-131, -355]]
[[1, 0], [51, 142], [-173, -426]]
[[1, 0], [51, 142], [-261, -710]]
[[1, 0], [51, 142], [-61, -142]]
[[1, 0], [51, 142], [-89, -213]]
[[1, 0], [51, 355], [-52, -355]]
[[1, 0], [51, 355], [-53, -355]]
[[1, 0], [51, 710], [-53, -710]]
[[1, 0], [51, 71], [-107, -142]]
[[1, 0], [51, 71], [-117, -142]]
[[1, 0], [51, 71], [-158, -213]]
[[1, 0], [51, 71], [-173, -213]]
[[1, 0], [51, 71], [-261, -355]]
[[1, 0], [51, 71], [-341, -426]]
[[1, 0], [51, 71], [-377, -497]]
[[1, 0], [51, 71], [-423, -568]]
[[1, 0], [51, 71], [-521, -710]]
[[1, 0], [52, 1065], [-53, -1065]]
[[1, 0], [52, 213], [-119, -426]]
[[1, 0], [52, 213], [-161, -639]]
[[1, 0], [52, 213], [-62, -213]]
[[1, 0], [52, 355], [-107, -710]]
[[1, 0], [52, 355], [-53, -355]]
[[1, 0], [52, 355], [-54, -355]]
[[1, 0], [52, 71], [-109, -142]]
[[1, 0], [52, 71], [-119, -142]]
[[1, 0], [52, 71], [-161, -213]]
[[1, 0], [52, 71], [-176, -213]]
[[1, 0], [52, 71], [-266, -355]]
[[1, 0], [52, 71], [-347, -426]]
[[1, 0], [52, 71], [-384, -497]]
[[1, 0], [52, 71], [-431, -568]]
[[1, 0], [52, 71], [-531, -710]]
[[1, 0], [53, 142], [-111, -284]]
[[1, 0], [53, 142], [-136, -355]]
[[1, 0], [53, 142], [-179, -426]]
[[1, 0], [53, 142], [-271, -710]]
[[1, 0], [53, 142], [-63, -142]]
[[1, 0], [53, 142], [-92, -213]]
[[1, 0], [53, 284], [-111, -568]]
[[1, 0], [53, 355], [-109, -710]]
[[1, 0], [53, 65], [-389, -390]]
[[1, 0], [53, 71], [-111, -142]]
[[1, 0], [53, 71], [-121, -142]]
[[1, 0], [53, 71], [-164, -213]]
[[1, 0], [53, 71], [-179, -213]]
[[1, 0], [53, 71], [-271, -355]]
[[1, 0], [53, 71], [-353, -426]]
[[1, 0], [53, 71], [-391, -497]]
[[1, 0], [53, 71], [-439, -568]]
[[1, 0], [53, 71], [-541, -710]]
[[1, 0], [54, 355], [-111, -710]]
[[1, 0], [54, 355], [-56, -355]]
[[1, 0], [54, 71], [-113, -142]]
[[1, 0], [54, 71], [-123, -142]]
[[1, 0], [54, 71], [-167, -213]]
[[1, 0], [54, 71], [-182, -213]]
[[1, 0], [54, 71], [-276, -355]]
[[1, 0], [54, 71], [-359, -426]]
[[1, 0], [54, 71], [-398, -497]]
[[1, 0], [54, 71], [-447, -568]]
[[1, 0], [54, 71], [-551, -710]]
[[1, 0], [55, 142], [-115, -284]]
[[1, 0], [55, 142], [-141, -355]]
[[1, 0], [55, 142], [-185, -426]]
[[1, 0], [55, 142], [-281, -710]]
[[1, 0], [55, 142], [-65, -142]]
[[1, 0], [55, 142], [-95, -213]]
[[1, 0], [55, 213], [-125, -426]]
[[1, 0], [55, 213], [-170, -639]]
[[1, 0], [55, 213], [-65, -213]]
[[1, 0], [55, 213], [-75, -284]]
[[1, 0], [55, 426], [-65, -426]]
[[1, 0], [55, 71], [-115, -142]]
[[1, 0], [55, 71], [-125, -142]]
[[1, 0], [55, 71], [-170, -213]]
[[1, 0], [55, 71], [-185, -213]]
[[1, 0], [55, 71], [-281, -355]]
[[1, 0], [55, 71], [-365, -426]]
[[1, 0], [55, 71], [-405, -497]]
[[1, 0], [55, 71], [-455, -568]]
[[1, 0], [55, 71], [-561, -710]]
[[1, 0], [56, 355], [-58, -355]]
[[1, 0], [56, 71], [-117, -142]]
[[1, 0], [56, 71], [-127, -142]]
[[1, 0], [56, 71], [-173, -213]]
[[1, 0], [56, 71], [-188, -213]]
[[1, 0], [56, 71], [-286, -355]]
[[1, 0], [56, 71], [-371, -426]]
[[1, 0], [56, 71], [-412, -497]]
[[1, 0], [56, 71], [-463, -568]]
[[1, 0], [56, 71], [-571, -710]]
[[1, 0], [561, 710], [-563, -710]]
[[1, 0], [57, 142], [-119, -284]]
[[1, 0], [57, 142], [-146, -355]]
[[1, 0], [57, 142], [-191, -426]]
[[1, 0], [57, 142], [-291, -710]]
[[1, 0], [57, 142], [-67, -142]]
[[1, 0], [57, 142], [-98, -213]]
[[1, 0], [57, 284], [-119, -568]]
[[1, 0], [57, 355], [-117, -710]]
[[1, 0], [57, 355], [-58, -355]]
[[1, 0], [57, 355], [-59, -355]]
[[1, 0], [57, 497], [-62, -497]]
[[1, 0], [57, 710], [-59, -710]]
[[1, 0], [57, 71], [-119, -142]]
[[1, 0], [57, 71], [-129, -142]]
[[1, 0], [57, 71], [-176, -213]]
[[1, 0], [57, 71], [-191, -213]]
[[1, 0], [57, 71], [-291, -355]]
[[1, 0], [57, 71], [-377, -426]]
[[1, 0], [57, 71], [-419, -497]]
[[1, 0], [57, 71], [-471, -568]]
[[1, 0], [57, 71], [-581, -710]]
[[1, 0], [58, 1065], [-59, -1065]]
[[1, 0], [58, 213], [-131, -426]]
[[1, 0], [58, 213], [-179, -639]]
[[1, 0], [58, 213], [-68, -213]]
[[1, 0], [58, 213], [-79, -284]]
[[1, 0], [58, 355], [-119, -710]]
[[1, 0], [58, 71], [-121, -142]]
[[1, 0], [58, 71], [-131, -142]]
[[1, 0], [58, 71], [-179, -213]]
[[1, 0], [58, 71], [-194, -213]]
[[1, 0], [58, 71], [-296, -355]]
[[1, 0], [58, 71], [-383, -426]]
[[1, 0], [58, 71], [-479, -568]]
[[1, 0], [58, 71], [-591, -710]]
[[1, 0], [58, 71], [-63, -71]]
[[1, 0], [58, 95], [-303, -380]]
[[1, 0], [59, 142], [-101, -213]]
[[1, 0], [59, 142], [-123, -284]]
[[1, 0], [59, 142], [-151, -355]]
[[1, 0], [59, 142], [-197, -426]]
[[1, 0], [59, 142], [-301, -710]]
[[1, 0], [59, 142], [-69, -142]]
[[1, 0], [59, 355], [-121, -710]]
[[1, 0], [59, 355], [-61, -355]]
[[1, 0], [59, 710], [-61, -710]]
[[1, 0], [59, 71], [-123, -142]]
[[1, 0], [59, 71], [-133, -142]]
[[1, 0], [59, 71], [-182, -213]]
[[1, 0], [59, 71], [-197, -213]]
[[1, 0], [59, 71], [-301, -355]]
[[1, 0], [59, 71], [-389, -426]]
[[1, 0], [59, 71], [-433, -497]]
[[1, 0], [59, 71], [-487, -568]]
[[1, 0], [59, 71], [-601, -710]]
[[1, 0], [6, 25], [-119, -200]]
[[1, 0], [6, 25], [-179, -450]]
[[1, 0], [6, 25], [-37, -95]]
[[1, 0], [6, 25], [-374, -375]]
[[1, 0], [6, 25], [-89, -75]]
[[1, 0], [6, 355], [-7, -355]]
[[1, 0], [6, 355], [-8, -355]]
[[1, 0], [6, 71], [-11, -71]]
[[1, 0], [6, 71], [-16, -71]]
[[1, 0], [6, 71], [-17, -142]]
[[1, 0], [6, 71], [-23, -213]]
[[1, 0], [6, 71], [-27, -142]]
[[1, 0], [6, 71], [-36, -355]]
[[1, 0], [6, 71], [-38, -213]]
[[1, 0], [6, 71], [-62, -497]]
[[1, 0], [6, 71], [-63, -568]]
[[1, 0], [60, 71], [-125, -142]]
[[1, 0], [60, 71], [-135, -142]]
[[1, 0], [60, 71], [-185, -213]]
[[1, 0], [60, 71], [-200, -213]]
[[1, 0], [60, 71], [-306, -355]]
[[1, 0], [60, 71], [-395, -426]]
[[1, 0], [60, 71], [-440, -497]]
[[1, 0], [60, 71], [-495, -568]]
[[1, 0], [60, 71], [-611, -710]]
[[1, 0], [61, 1065], [-62, -1065]]
[[1, 0], [61, 142], [-104, -213]]
[[1, 0], [61, 142], [-127, -284]]
[[1, 0], [61, 142], [-156, -355]]
[[1, 0], [61, 142], [-203, -426]]
[[1, 0], [61, 142], [-311, -710]]
[[1, 0], [61, 213], [-137, -426]]
[[1, 0], [61, 213], [-188, -639]]
[[1, 0], [61, 213], [-83, -284]]
[[1, 0], [61, 284], [-127, -568]]
[[1, 0], [61, 355], [-62, -355]]
[[1, 0], [61, 355], [-63, -355]]
[[1, 0], [61, 710], [-63, -710]]
[[1, 0], [61, 71], [-127, -142]]
[[1, 0], [61, 71], [-137, -142]]
[[1, 0], [61, 71], [-188, -213]]
[[1, 0], [61, 71], [-203, -213]]
[[1, 0], [61, 71], [-311, -355]]
[[1, 0], [61, 71], [-401, -426]]
[[1, 0], [61, 71], [-447, -497]]
[[1, 0], [61, 71], [-503, -568]]
[[1, 0], [61, 71], [-621, -710]]
[[1, 0], [61, 75], [-149, -125]]
[[1, 0], [62, 355], [-127, -710]]
[[1, 0], [62, 355], [-64, -355]]
[[1, 0], [62, 71], [-129, -142]]
[[1, 0], [62, 71], [-139, -142]]
[[1, 0], [62, 71], [-191, -213]]
[[1, 0], [62, 71], [-206, -213]]
[[1, 0], [62, 71], [-316, -355]]
[[1, 0], [62, 71], [-407, -426]]
[[1, 0], [62, 71], [-454, -497]]
[[1, 0], [62, 71], [-511, -568]]
[[1, 0], [62, 71], [-631, -710]]
[[1, 0], [62, 71], [-72, -71]]
[[1, 0], [63, 142], [-107, -213]]
[[1, 0], [63, 142], [-131, -284]]
[[1, 0], [63, 142], [-161, -355]]
[[1, 0], [63, 142], [-209, -426]]
[[1, 0], [63, 142], [-321, -710]]
[[1, 0], [63, 142], [-73, -142]]
[[1, 0], [63, 355], [-129, -710]]
[[1, 0], [63, 71], [-131, -142]]
[[1, 0], [63, 71], [-141, -142]]
[[1, 0], [63, 71], [-194, -213]]
[[1, 0], [63, 71], [-209, -213]]
[[1, 0], [63, 71], [-321, -355]]
[[1, 0], [63, 71], [-413, -426]]
[[1, 0], [63, 71], [-461, -497]]
[[1, 0], [63, 71], [-519, -568]]
[[1, 0], [63, 71], [-641, -710]]
[[1, 0], [63, 71], [-73, -71]]
[[1, 0], [64, 213], [-143, -426]]
[[1, 0], [64, 213], [-197, -639]]
[[1, 0], [64, 213], [-74, -213]]
[[1, 0], [64, 213], [-87, -284]]
[[1, 0], [64, 355], [-131, -710]]
[[1, 0], [64, 355], [-66, -355]]
[[1, 0], [64, 497], [-69, -497]]
[[1, 0], [64, 71], [-133, -142]]
[[1, 0], [64, 71], [-143, -142]]
[[1, 0], [64, 71], [-197, -213]]
[[1, 0], [64, 71], [-212, -213]]
[[1, 0], [64, 71], [-326, -355]]
[[1, 0], [64, 71], [-419, -426]]
[[1, 0], [64, 71], [-468, -497]]
[[1, 0], [64, 71], [-527, -568]]
[[1, 0], [64, 71], [-651, -710]]
[[1, 0], [64, 71], [-74, -71]]
[[1, 0], [65, 142], [-110, -213]]
[[1, 0], [65, 142], [-135, -284]]
[[1, 0], [65, 142], [-166, -355]]
[[1, 0], [65, 142], [-215, -426]]
[[1, 0], [65, 142], [-331, -710]]
[[1, 0], [65, 142], [-75, -142]]
[[1, 0], [65, 284], [-135, -568]]
[[1, 0], [65, 71], [-135, -142]]
[[1, 0], [65, 71], [-145, -142]]
[[1, 0], [65, 71], [-200, -213]]
[[1, 0], [65, 71], [-215, -213]]
[[1, 0], [65, 71], [-331, -355]]
[[1, 0], [65, 71], [-425, -426]]
[[1, 0], [65, 71], [-475, -497]]
[[1, 0], [65, 71], [-535, -568]]
[[1, 0], [65, 71], [-661, -710]]
[[1, 0], [65, 71], [-75, -71]]
[[1, 0], [66, 355], [-68, -355]]
[[1, 0], [66, 71], [-137, -142]]
[[1, 0], [66, 71], [-147, -142]]
[[1, 0], [66, 71], [-203, -213]]
[[1, 0], [66, 71], [-218, -213]]
[[1, 0], [66, 71], [-336, -355]]
[[1, 0], [66, 71], [-431, -426]]
[[1, 0], [66, 71], [-482, -497]]
[[1, 0], [66, 71], [-543, -568]]
[[1, 0], [66, 71], [-671, -710]]
[[1, 0], [66, 71], [-76, -71]]
[[1, 0], [67, 142], [-113, -213]]
[[1, 0], [67, 142], [-139, -284]]
[[1, 0], [67, 142], [-171, -355]]
[[1, 0], [67, 142], [-221, -426]]
[[1, 0], [67, 142], [-341, -710]]
[[1, 0], [67, 213], [-149, -426]]
[[1, 0], [67, 213], [-206, -639]]
[[1, 0], [67, 213], [-77, -213]]
[[1, 0], [67, 213], [-91, -284]]
[[1, 0], [67, 355], [-137, -710]]
[[1, 0], [67, 355], [-69, -355]]
[[1, 0], [67, 426], [-77, -426]]
[[1, 0], [67, 710], [-69, -710]]
[[1, 0], [67, 71], [-139, -142]]
[[1, 0], [67, 71], [-149, -142]]
[[1, 0], [67, 71], [-206, -213]]
[[1, 0], [67, 71], [-221, -213]]
[[1, 0], [67, 71], [-341, -355]]
[[1, 0], [67, 71], [-437, -426]]
[[1, 0], [67, 71], [-489, -497]]
[[1, 0], [67, 71], [-551, -568]]
[[1, 0], [67, 71], [-681, -710]]
[[1, 0], [67, 71], [-72, -71]]
[[1, 0], [68, 355], [-139, -710]]
[[1, 0], [68, 71], [-141, -142]]
[[1, 0], [68, 71], [-151, -142]]
[[1, 0], [68, 71], [-209, -213]]
[[1, 0], [68, 71], [-224, -213]]
[[1, 0], [68, 71], [-346, -355]]
[[1, 0], [68, 71], [-443, -426]]
[[1, 0], [68, 71], [-496, -497]]
[[1, 0], [68, 71], [-559, -568]]
[[1, 0], [68, 71], [-691, -710]]
[[1, 0], [68, 71], [-73, -71]]
[[1, 0], [69, 142], [-116, -213]]
[[1, 0], [69, 142], [-143, -284]]
[[1, 0], [69, 142], [-176, -355]]
[[1, 0], [69, 142], [-227, -426]]
[[1, 0], [69, 142], [-351, -710]]
[[1, 0], [69, 284], [-143, -568]]
[[1, 0], [69, 355], [-141, -710]]
[[1, 0], [69, 71], [-143, -142]]
[[1, 0], [69, 71], [-153, -142]]
[[1, 0], [69, 71], [-212, -213]]
[[1, 0], [69, 71], [-227, -213]]
[[1, 0], [69, 71], [-351, -355]]
[[1, 0], [69, 71], [-449, -426]]
[[1, 0], [69, 71], [-503, -497]]
[[1, 0], [69, 71], [-567, -568]]
[[1, 0], [69, 71], [-701, -710]]
[[1, 0], [7, 1065], [-8, -1065]]
[[1, 0], [7, 10], [-1007, -120]]
[[1, 0], [7, 10], [-127, -80]]
[[1, 0], [7, 10], [-188, -15]]
[[1, 0], [7, 10], [-227, -20]]
[[1, 0], [7, 10], [-233, -130]]
[[1, 0], [7, 10], [-239, -240]]
[[1, 0], [7, 10], [-257, -215]]
[[1, 0], [7, 10], [-26, -27]]
[[1, 0], [7, 10], [-2879, -360]]
[[1, 0], [7, 10], [-383, -40]]
[[1, 0], [7, 10], [-417, -190]]
[[1, 0], [7, 10], [-422, -45]]
[[1, 0], [7, 10], [-539, -60]]
[[1, 0], [7, 10], [-569, -710]]
[[1, 0], [7, 10], [-591, -185]]
[[1, 0], [7, 10], [-77, -39]]
[[1, 0], [7, 10], [-773, -90]]
[[1, 0], [7, 10], [-97, -98]]
[[1, 0], [7, 142], [-17, -142]]
[[1, 0], [7, 142], [-19, -284]]
[[1, 0], [7, 142], [-21, -355]]
[[1, 0], [7, 142], [-23, -213]]
[[1, 0], [7, 142], [-41, -426]]
[[1, 0], [7, 142], [-41, -710]]
[[1, 0], [7, 15], [-1007, -180]]
[[1, 0], [7, 15], [-134, -135]]
[[1, 0], [7, 15], [-1943, -360]]
[[1, 0], [7, 15], [-224, -125]]
[[1, 0], [7, 15], [-227, -30]]
[[1, 0], [7, 15], [-233, -195]]
[[1, 0], [7, 15], [-279, -40]]
[[1, 0], [7, 15], [-323, -540]]
[[1, 0], [7, 15], [-383, -60]]
[[1, 0], [7, 15], [-539, -90]]
[[1, 0], [7, 15], [-59, -25]]
[[1, 0], [7, 213], [-11, -284]]
[[1, 0], [7, 213], [-17, -213]]
[[1, 0], [7, 213], [-26, -639]]
[[1, 0], [7, 213], [-29, -426]]
[[1, 0], [7, 30], [-1007, -360]]
[[1, 0], [7, 30], [-188, -45]]
[[1, 0], [7, 30], [-227, -60]]
[[1, 0], [7, 30], [-233, -390]]
[[1, 0], [7, 30], [-383, -120]]
[[1, 0], [7, 30], [-539, -180]]
[[1, 0], [7, 355], [-17, -710]]
[[1, 0], [7, 355], [-8, -355]]
[[1, 0], [7, 355], [-9, -355]]
[[1, 0], [7, 426], [-17, -426]]
[[1, 0], [7, 710], [-9, -710]]
[[1, 0], [7, 71], [-12, -71]]
[[1, 0], [7, 71], [-17, -71]]
[[1, 0], [7, 71], [-19, -142]]
[[1, 0], [7, 71], [-26, -213]]
[[1, 0], [7, 71], [-29, -142]]
[[1, 0], [7, 71], [-41, -213]]
[[1, 0], [7, 71], [-41, -355]]
[[1, 0], [7, 71], [-69, -497]]
[[1, 0], [7, 71], [-77, -426]]
[[1, 0], [7, 71], [-81, -710]]
[[1, 0], [70, 213], [-155, -426]]
[[1, 0], [70, 213], [-215, -639]]
[[1, 0], [70, 213], [-80, -213]]
[[1, 0], [70, 213], [-95, -284]]
[[1, 0], [70, 71], [-145, -142]]
[[1, 0], [70, 71], [-155, -142]]
[[1, 0], [70, 71], [-215, -213]]
[[1, 0], [70, 71], [-230, -213]]
[[1, 0], [70, 71], [-356, -355]]
[[1, 0], [70, 71], [-455, -426]]
[[1, 0], [70, 71], [-510, -497]]
[[1, 0], [70, 71], [-575, -568]]
[[1, 0], [70, 71], [-711, -710]]
[[1, 0], [709, 710], [-711, -710]]
[[1, 0], [72, 355], [-147, -710]]
[[1, 0], [72, 355], [-73, -355]]
[[1, 0], [73, 1065], [-74, -1065]]
[[1, 0], [73, 120], [-287, -180]]
[[1, 0], [73, 120], [-503, -360]]
[[1, 0], [73, 142], [-122, -213]]
[[1, 0], [73, 142], [-151, -284]]
[[1, 0], [73, 142], [-186, -355]]
[[1, 0], [73, 142], [-239, -426]]
[[1, 0], [73, 142], [-371, -710]]
[[1, 0], [73, 180], [-359, -360]]
[[1, 0], [73, 213], [-161, -426]]
[[1, 0], [73, 213], [-224, -639]]
[[1, 0], [73, 213], [-83, -213]]
[[1, 0], [73, 213], [-99, -284]]
[[1, 0], [73, 284], [-151, -568]]
[[1, 0], [73, 355], [-149, -710]]
[[1, 0], [73, 426], [-83, -426]]
[[1, 0], [73, 90], [-263, -120]]
[[1, 0], [73, 90], [-359, -180]]
[[1, 0], [73, 90], [-647, -360]]
[[1, 0], [74, 355], [-151, -710]]
[[1, 0], [74, 355], [-76, -355]]
[[1, 0], [75, 142], [-125, -213]]
[[1, 0], [75, 142], [-155, -284]]
[[1, 0], [75, 142], [-191, -355]]
[[1, 0], [75, 142], [-245, -426]]
[[1, 0], [75, 142], [-381, -710]]
[[1, 0], [76, 125], [-299, -375]]
[[1, 0], [76, 213], [-103, -284]]
[[1, 0], [76, 213], [-167, -426]]
[[1, 0], [76, 213], [-233, -639]]
[[1, 0], [76, 213], [-86, -213]]
[[1, 0], [76, 355], [-78, -355]]
[[1, 0], [77, 142], [-128, -213]]
[[1, 0], [77, 142], [-159, -284]]
[[1, 0], [77, 142], [-196, -355]]
[[1, 0], [77, 142], [-251, -426]]
[[1, 0], [77, 142], [-391, -710]]
[[1, 0], [77, 284], [-159, -568]]
[[1, 0], [77, 355], [-157, -710]]
[[1, 0], [77, 355], [-78, -355]]
[[1, 0], [77, 355], [-79, -355]]
[[1, 0], [77, 710], [-79, -710]]
[[1, 0], [77, 95], [-379, -380]]
[[1, 0], [78, 355], [-159, -710]]
[[1, 0], [78, 497], [-83, -497]]
[[1, 0], [79, 142], [-131, -213]]
[[1, 0], [79, 142], [-163, -284]]
[[1, 0], [79, 142], [-201, -355]]
[[1, 0], [79, 142], [-257, -426]]
[[1, 0], [79, 142], [-401, -710]]
[[1, 0], [79, 213], [-107, -284]]
[[1, 0], [79, 213], [-173, -426]]
[[1, 0], [79, 213], [-242, -639]]
[[1, 0], [79, 213], [-89, -213]]
[[1, 0], [79, 355], [-161, -710]]
[[1, 0], [79, 355], [-81, -355]]
[[1, 0], [79, 426], [-89, -426]]
[[1, 0], [79, 710], [-81, -710]]
[[1, 0], [8, 355], [-19, -710]]
[[1, 0], [8, 355], [-9, -355]]
[[1, 0], [8, 35], [-167, -420]]
[[1, 0], [8, 35], [-43, -55]]
[[1, 0], [8, 71], [-18, -71]]
[[1, 0], [8, 71], [-21, -142]]
[[1, 0], [8, 71], [-29, -213]]
[[1, 0], [8, 71], [-31, -142]]
[[1, 0], [8, 71], [-44, -213]]
[[1, 0], [8, 71], [-46, -355]]
[[1, 0], [8, 71], [-76, -497]]
[[1, 0], [8, 71], [-79, -568]]
[[1, 0], [8, 71], [-83, -426]]
[[1, 0], [8, 71], [-91, -710]]
[[1, 0], [81, 142], [-134, -213]]
[[1, 0], [81, 142], [-167, -284]]
[[1, 0], [81, 142], [-206, -355]]
[[1, 0], [81, 142], [-263, -426]]
[[1, 0], [81, 142], [-411, -710]]
[[1, 0], [81, 284], [-167, -568]]
[[1, 0], [81, 355], [-83, -355]]
[[1, 0], [81, 710], [-83, -710]]
[[1, 0], [82, 213], [-111, -284]]
[[1, 0], [82, 213], [-179, -426]]
[[1, 0], [82, 213], [-251, -639]]
[[1, 0], [82, 213], [-92, -213]]
[[1, 0], [82, 355], [-167, -710]]
[[1, 0], [82, 355], [-84, -355]]
[[1, 0], [83, 142], [-137, -213]]
[[1, 0], [83, 142], [-171, -284]]
[[1, 0], [83, 142], [-211, -355]]
[[1, 0], [83, 142], [-269, -426]]
[[1, 0], [83, 142], [-421, -710]]
[[1, 0], [83, 355], [-169, -710]]
[[1, 0], [84, 355], [-171, -710]]
[[1, 0], [84, 355], [-86, -355]]
[[1, 0], [85, 142], [-140, -213]]
[[1, 0], [85, 142], [-175, -284]]
[[1, 0], [85, 142], [-216, -355]]
[[1, 0], [85, 142], [-275, -426]]
[[1, 0], [85, 142], [-431, -710]]
[[1, 0], [85, 213], [-115, -284]]
[[1, 0], [85, 213], [-185, -426]]
[[1, 0], [85, 213], [-260, -639]]
[[1, 0], [85, 213], [-95, -213]]
[[1, 0], [85, 284], [-175, -568]]
[[1, 0], [85, 426], [-95, -426]]
[[1, 0], [85, 497], [-90, -497]]
[[1, 0], [86, 355], [-87, -355]]
[[1, 0], [86, 355], [-88, -355]]
[[1, 0], [87, 142], [-143, -213]]
[[1, 0], [87, 142], [-179, -284]]
[[1, 0], [87, 142], [-221, -355]]
[[1, 0], [87, 142], [-281, -426]]
[[1, 0], [87, 142], [-441, -710]]
[[1, 0], [87, 355], [-177, -710]]
[[1, 0], [87, 355], [-88, -355]]
[[1, 0], [87, 355], [-89, -355]]
[[1, 0], [87, 710], [-89, -710]]
[[1, 0], [88, 1065], [-89, -1065]]
[[1, 0], [88, 213], [-119, -284]]
[[1, 0], [88, 213], [-191, -426]]
[[1, 0], [88, 213], [-269, -639]]
[[1, 0], [88, 213], [-98, -213]]
[[1, 0], [88, 355], [-179, -710]]
[[1, 0], [89, 142], [-146, -213]]
[[1, 0], [89, 142], [-183, -284]]
[[1, 0], [89, 142], [-226, -355]]
[[1, 0], [89, 142], [-287, -426]]
[[1, 0], [89, 142], [-451, -710]]
[[1, 0], [89, 284], [-183, -568]]
[[1, 0], [89, 355], [-181, -710]]
[[1, 0], [89, 355], [-91, -355]]
[[1, 0], [89, 710], [-91, -710]]
[[1, 0], [9, 10], [-1031, -120]]
[[1, 0], [9, 10], [-143, -142]]
[[1, 0], [9, 10], [-143, -80]]
[[1, 0], [9, 10], [-151, -10]]
[[1, 0], [9, 10], [-1511, -180]]
[[1, 0], [9, 10], [-167, -12]]
[[1, 0], [9, 10], [-191, -15]]
[[1, 0], [9, 10], [-215, -18]]
[[1, 0], [9, 10], [-231, -20]]
[[1, 0], [9, 10], [-259, -130]]
[[1, 0], [9, 10], [-263, -24]]
[[1, 0], [9, 10], [-287, -240]]
[[1, 0], [9, 10], [-2951, -360]]
[[1, 0], [9, 10], [-311, -30]]
[[1, 0], [9, 10], [-356, -355]]
[[1, 0], [9, 10], [-359, -36]]
[[1, 0], [9, 10], [-391, -40]]
[[1, 0], [9, 10], [-431, -45]]
[[1, 0], [9, 10], [-551, -60]]
[[1, 0], [9, 10], [-628, -185]]
[[1, 0], [9, 10], [-647, -72]]
[[1, 0], [9, 10], [-711, -710]]
[[1, 0], [9, 10], [-72, -71]]
[[1, 0], [9, 10], [-791, -90]]
[[1, 0], [9, 142], [-19, -142]]
[[1, 0], [9, 142], [-23, -284]]
[[1, 0], [9, 142], [-26, -213]]
[[1, 0], [9, 142], [-26, -355]]
[[1, 0], [9, 142], [-47, -426]]
[[1, 0], [9, 142], [-51, -710]]
[[1, 0], [9, 20], [-151, -20]]
[[1, 0], [9, 20], [-1511, -360]]
[[1, 0], [9, 20], [-167, -24]]
[[1, 0], [9, 20], [-191, -30]]
[[1, 0], [9, 20], [-215, -36]]
[[1, 0], [9, 20], [-231, -40]]
[[1, 0], [9, 20], [-251, -45]]
[[1, 0], [9, 20], [-287, -480]]
[[1, 0], [9, 20], [-29, -25]]
[[1, 0], [9, 20], [-311, -60]]
[[1, 0], [9, 20], [-359, -72]]
[[1, 0], [9, 20], [-431, -90]]
[[1, 0], [9, 20], [-551, -120]]
[[1, 0], [9, 20], [-74, -125]]
[[1, 0], [9, 20], [-791, -180]]
[[1, 0], [9, 284], [-23, -568]]
[[1, 0], [9, 355], [-11, -355]]
[[1, 0], [9, 355], [-21, -710]]
[[1, 0], [9, 40], [-151, -40]]
[[1, 0], [9, 40], [-161, -45]]
[[1, 0], [9, 40], [-191, -60]]
[[1, 0], [9, 40], [-215, -72]]
[[1, 0], [9, 40], [-251, -90]]
[[1, 0], [9, 40], [-29, -50]]
[[1, 0], [9, 40], [-311, -120]]
[[1, 0], [9, 40], [-431, -180]]
[[1, 0], [9, 40], [-791, -360]]
[[1, 0], [9, 710], [-11, -710]]
[[1, 0], [9, 71], [-101, -710]]
[[1, 0], [9, 71], [-14, -71]]
[[1, 0], [9, 71], [-19, -71]]
[[1, 0], [9, 71], [-23, -142]]
[[1, 0], [9, 71], [-32, -213]]
[[1, 0], [9, 71], [-33, -142]]
[[1, 0], [9, 71], [-47, -213]]
[[1, 0], [9, 71], [-51, -355]]
[[1, 0], [9, 71], [-83, -497]]
[[1, 0], [9, 71], [-87, -568]]
[[1, 0], [9, 71], [-89, -426]]
[[1, 0], [91, 1065], [-92, -1065]]
[[1, 0], [91, 142], [-149, -213]]
[[1, 0], [91, 142], [-187, -284]]
[[1, 0], [91, 142], [-231, -355]]
[[1, 0], [91, 142], [-293, -426]]
[[1, 0], [91, 142], [-461, -710]]
[[1, 0], [91, 213], [-101, -213]]
[[1, 0], [91, 213], [-123, -284]]
[[1, 0], [91, 213], [-197, -426]]
[[1, 0], [91, 213], [-278, -639]]
[[1, 0], [91, 355], [-93, -355]]
[[1, 0], [91, 426], [-101, -426]]
[[1, 0], [91, 710], [-93, -710]]
[[1, 0], [92, 355], [-187, -710]]
[[1, 0], [92, 355], [-94, -355]]
[[1, 0], [92, 497], [-97, -497]]
[[1, 0], [93, 142], [-152, -213]]
[[1, 0], [93, 142], [-191, -284]]
[[1, 0], [93, 142], [-236, -355]]
[[1, 0], [93, 142], [-299, -426]]
[[1, 0], [93, 142], [-471, -710]]
[[1, 0], [93, 284], [-191, -568]]
[[1, 0], [93, 355], [-189, -710]]
[[1, 0], [94, 213], [-104, -213]]
[[1, 0], [94, 213], [-127, -284]]
[[1, 0], [94, 213], [-203, -426]]
[[1, 0], [94, 213], [-287, -639]]
[[1, 0], [94, 355], [-191, -710]]
[[1, 0], [94, 355], [-96, -355]]
[[1, 0], [95, 142], [-155, -213]]
[[1, 0], [95, 142], [-195, -284]]
[[1, 0], [95, 142], [-241, -355]]
[[1, 0], [95, 142], [-305, -426]]
[[1, 0], [95, 142], [-481, -710]]
[[1, 0], [96, 355], [-97, -355]]
[[1, 0], [96, 355], [-98, -355]]
[[1, 0], [97, 1065], [-98, -1065]]
[[1, 0], [97, 120], [-323, -180]]
[[1, 0], [97, 142], [-158, -213]]
[[1, 0], [97, 142], [-199, -284]]
[[1, 0], [97, 142], [-246, -355]]
[[1, 0], [97, 142], [-311, -426]]
[[1, 0], [97, 142], [-491, -710]]
[[1, 0], [97, 213], [-107, -213]]
[[1, 0], [97, 213], [-131, -284]]
[[1, 0], [97, 213], [-209, -426]]
[[1, 0], [97, 213], [-296, -639]]
[[1, 0], [97, 284], [-199, -568]]
[[1, 0], [97, 355], [-197, -710]]
[[1, 0], [97, 355], [-98, -355]]
[[1, 0], [97, 355], [-99, -355]]
[[1, 0], [97, 426], [-107, -426]]
[[1, 0], [97, 710], [-99, -710]]
[[1, 0], [98, 355], [-199, -710]]
[[1, 0], [98, 355], [-99, -355]]
[[1, 0], [99, 142], [-161, -213]]
[[1, 0], [99, 142], [-203, -284]]
[[1, 0], [99, 142], [-251, -355]]
[[1, 0], [99, 142], [-317, -426]]
[[1, 0], [99, 142], [-501, -710]]
[[1, 0], [99, 355], [-101, -355]]
[[1, 0], [99, 355], [-201, -710]]
[[1, 0], [99, 497], [-104, -497]]
[[1, 0], [99, 710], [-101, -710]]
