[[1, 0], [0, 1], [-107583, -328]]
[[1, 0], [0, 1], [-109, -15]]
[[1, 0], [0, 1], [-109, -30]]
[[1, 0], [0, 1], [-109, -33]]
[[1, 0], [0, 1], [-109, -3]]
[[1, 0], [0, 1], [-109, -66]]
[[1, 0], [0, 1], [-109, -6]]
[[1, 0], [0, 1], [-1199, -450]]
[[1, 0], [0, 1], [-1308, -187]]
[[1, 0], [0, 1], [-1308, -7]]
[[1, 0], [0, 1], [-1311, -436]]
[[1, 0], [0, 1], [-13734, -335]]
[[1, 0], [0, 1], [-13734, -41]]
[[1, 0], [0, 1], [-1635, -409]]
[[1, 0], [0, 1], [-1635, -4]]
[[1, 0], [0, 1], [-165, -109]]
[[1, 0], [0, 1], [-1744, -15]]
[[1, 0], [0, 1], [-18094, -165]]
[[1, 0], [0, 1], [-18203, -333]]
[[1, 0], [0, 1], [-218, -9]]
[[1, 0], [0, 1], [-27141, -331]]
[[1, 0], [0, 1], [-27141, -82]]
[[1, 0], [0, 1], [-2725, -174]]
[[1, 0], [0, 1], [-2943, -368]]
[[1, 0], [0, 1], [-2943, -8]]
[[1, 0], [0, 1], [-327, -1]]
[[1, 0], [0, 1], [-327, -4]]
[[1, 0], [0, 1], [-327, -82]]
[[1, 0], [0, 1], [-328, -327]]
[[1, 0], [0, 1], [-330, -109]]
[[1, 0], [0, 1], [-3379, -30]]
[[1, 0], [0, 1], [-36079, -330]]
[[1, 0], [0, 1], [-3706, -33]]
[[1, 0], [0, 1], [-436, -3]]
[[1, 0], [0, 1], [-4796, -351]]
[[1, 0], [0, 1], [-53955, -164]]
[[1, 0], [0, 1], [-53955, -329]]
[[1, 0], [0, 1], [-545, -234]]
[[1, 0], [0, 1], [-545, -9]]
[[1, 0], [0, 1], [-654, -1]]
[[1, 0], [0, 1], [-655, -654]]
[[1, 0], [0, 1], [-657, -218]]
[[1, 0], [0, 1], [-7303, -66]]
[[1, 0], [0, 1], [-763, -573]]
[[1, 0], [0, 1], [-763, -6]]
[[1, 0], [0, 1], [-7848, -167]]
[[1, 0], [0, 1], [-7848, -47]]
[[1, 0], [0, 1], [-819, -545]]
[[1, 0], [0, 1], [-9265, -339]]
[[1, 0], [0, 1], [-981, -2]]
[[1, 0], [0, 1], [-981, -491]]
[[1, 0], [1, 109], [-11, -218]]
[[1, 0], [1, 109], [-13, -654]]
[[1, 0], [1, 109], [-14, -545]]
[[1, 0], [1, 109], [-19, -436]]
[[1, 0], [1, 109], [-4, -109]]
[[1, 0], [1, 109], [-7, -109]]
[[1, 0], [1, 109], [-7, -327]]
[[1, 0], [1, 10], [-13, -21]]
[[1, 0], [1, 10], [-16, -51]]
[[1, 0], [1, 10], [-1924, -165]]
[[1, 0], [1, 10], [-203, -68]]
[[1, 0], [1, 10], [-274, -15]]
[[1, 0], [1, 10], [-3739, -330]]
[[1, 0], [1, 10], [-439, -30]]
[[1, 0], [1, 10], [-472, -33]]
[[1, 0], [1, 10], [-59, -45]]
[[1, 0], [1, 10], [-835, -66]]
[[1, 0], [1, 110], [-274, -165]]
[[1, 0], [1, 110], [-439, -330]]
[[1, 0], [1, 111], [-221, -333]]
[[1, 0], [1, 113], [-112, -339]]
[[1, 0], [1, 114], [-56, -171]]
[[1, 0], [1, 11], [-14, -45]]
[[1, 0], [1, 11], [-1759, -165]]
[[1, 0], [1, 11], [-259, -15]]
[[1, 0], [1, 11], [-3409, -330]]
[[1, 0], [1, 11], [-409, -30]]
[[1, 0], [1, 11], [-439, -33]]
[[1, 0], [1, 11], [-769, -66]]
[[1, 0], [1, 11], [-92, -31]]
[[1, 0], [1, 12], [-167, -42]]
[[1, 0], [1, 12], [-559, -168]]
[[1, 0], [1, 12], [-73, -222]]
[[1, 0], [1, 13], [-142, -429]]
[[1, 0], [1, 13], [-44, -27]]
[[1, 0], [1, 14], [-139, -420]]
[[1, 0], [1, 14], [-35, -54]]
[[1, 0], [1, 15], [-1319, -165]]
[[1, 0], [1, 15], [-23, -18]]
[[1, 0], [1, 15], [-329, -30]]
[[1, 0], [1, 15], [-593, -66]]
[[1, 0], [1, 164], [-655, -164]]
[[1, 0], [1, 164], [-983, -328]]
[[1, 0], [1, 165], [-329, -330]]
[[1, 0], [1, 16], [-17, -54]]
[[1, 0], [1, 17], [-8, -27]]
[[1, 0], [1, 18], [-119, -180]]
[[1, 0], [1, 18], [-131, -396]]
[[1, 0], [1, 18], [-22, -69]]
[[1, 0], [1, 18], [-455, -342]]
[[1, 0], [1, 18], [-94, -57]]
[[1, 0], [1, 19], [-227, -171]]
[[1, 0], [1, 19], [-7, -24]]
[[1, 0], [1, 20], [-13, -42]]
[[1, 0], [1, 20], [-59, -90]]
[[1, 0], [1, 218], [-11, -436]]
[[1, 0], [1, 218], [-4, -327]]
[[1, 0], [1, 218], [-7, -218]]
[[1, 0], [1, 218], [-7, -654]]
[[1, 0], [1, 21], [-335, -168]]
[[1, 0], [1, 21], [-79, -24]]
[[1, 0], [1, 22], [-1759, -330]]
[[1, 0], [1, 22], [-259, -30]]
[[1, 0], [1, 22], [-274, -33]]
[[1, 0], [1, 22], [-439, -66]]
[[1, 0], [1, 22], [-934, -165]]
[[1, 0], [1, 24], [-167, -84]]
[[1, 0], [1, 24], [-559, -336]]
[[1, 0], [1, 25], [-124, -375]]
[[1, 0], [1, 27], [-41, -126]]
[[1, 0], [1, 27], [-77, -117]]
[[1, 0], [1, 29], [-115, -174]]
[[1, 0], [1, 2], [-115, -12]]
[[1, 0], [1, 2], [-13775, -82]]
[[1, 0], [1, 2], [-139, -60]]
[[1, 0], [1, 2], [-1495, -374]]
[[1, 0], [1, 2], [-1639, -8]]
[[1, 0], [1, 2], [-175, -132]]
[[1, 0], [1, 2], [-1759, -30]]
[[1, 0], [1, 2], [-18259, -330]]
[[1, 0], [1, 2], [-187, -47]]
[[1, 0], [1, 2], [-1924, -33]]
[[1, 0], [1, 2], [-221, -109]]
[[1, 0], [1, 2], [-227, -18]]
[[1, 0], [1, 2], [-27223, -164]]
[[1, 0], [1, 2], [-274, -3]]
[[1, 0], [1, 2], [-2821, -83]]
[[1, 0], [1, 2], [-2899, -348]]
[[1, 0], [1, 2], [-328, -327]]
[[1, 0], [1, 2], [-3739, -66]]
[[1, 0], [1, 2], [-439, -218]]
[[1, 0], [1, 2], [-439, -6]]
[[1, 0], [1, 2], [-54119, -328]]
[[1, 0], [1, 2], [-59, -9]]
[[1, 0], [1, 2], [-655, -2]]
[[1, 0], [1, 2], [-655, -654]]
[[1, 0], [1, 2], [-7051, -41]]
[[1, 0], [1, 2], [-779, -468]]
[[1, 0], [1, 2], [-8015, -334]]
[[1, 0], [1, 2], [-875, -436]]
[[1, 0], [1, 2], [-9184, -165]]
[[1, 0], [1, 2], [-934, -15]]
[[1, 0], [1, 2], [-983, -4]]
[[1, 0], [1, 30], [-1319, -330]]
[[1, 0], [1, 30], [-23, -36]]
[[1, 0], [1, 30], [-230, -33]]
[[1, 0], [1, 327], [-5, -654]]
[[1, 0], [1, 328], [-655, -328]]
[[1, 0], [1, 329], [-328, -329]]
[[1, 0], [1, 333], [-110, -333]]
[[1, 0], [1, 33], [-11, -36]]
[[1, 0], [1, 33], [-329, -66]]
[[1, 0], [1, 33], [-659, -165]]
[[1, 0], [1, 36], [-119, -360]]
[[1, 0], [1, 37], [-554, -333]]
[[1, 0], [1, 38], [-227, -342]]
[[1, 0], [1, 3], [-12209, -330]]
[[1, 0], [1, 3], [-1319, -33]]
[[1, 0], [1, 3], [-1319, -360]]
[[1, 0], [1, 3], [-1427, -357]]
[[1, 0], [1, 3], [-221, -9]]
[[1, 0], [1, 3], [-2621, -342]]
[[1, 0], [1, 3], [-329, -6]]
[[1, 0], [1, 3], [-335, -24]]
[[1, 0], [1, 3], [-437, -654]]
[[1, 0], [1, 3], [-491, -492]]
[[1, 0], [1, 3], [-559, -42]]
[[1, 0], [1, 3], [-6215, -333]]
[[1, 0], [1, 3], [-659, -15]]
[[1, 0], [1, 3], [-785, -393]]
[[1, 0], [1, 40], [-59, -180]]
[[1, 0], [1, 41], [-1639, -164]]
[[1, 0], [1, 41], [-2951, -328]]
[[1, 0], [1, 41], [-655, -41]]
[[1, 0], [1, 41], [-983, -82]]
[[1, 0], [1, 42], [-335, -336]]
[[1, 0], [1, 42], [-79, -48]]
[[1, 0], [1, 436], [-7, -436]]
[[1, 0], [1, 47], [-1315, -329]]
[[1, 0], [1, 47], [-328, -47]]
[[1, 0], [1, 48], [-167, -168]]
[[1, 0], [1, 4], [-112, -109]]
[[1, 0], [1, 4], [-13775, -164]]
[[1, 0], [1, 4], [-175, -264]]
[[1, 0], [1, 4], [-187, -94]]
[[1, 0], [1, 4], [-221, -218]]
[[1, 0], [1, 4], [-27223, -328]]
[[1, 0], [1, 4], [-2821, -166]]
[[1, 0], [1, 4], [-3689, -41]]
[[1, 0], [1, 4], [-376, -87]]
[[1, 0], [1, 4], [-439, -436]]
[[1, 0], [1, 4], [-59, -18]]
[[1, 0], [1, 4], [-655, -4]]
[[1, 0], [1, 4], [-7051, -82]]
[[1, 0], [1, 4], [-983, -8]]
[[1, 0], [1, 545], [-4, -545]]
[[1, 0], [1, 55], [-241, -66]]
[[1, 0], [1, 55], [-439, -165]]
[[1, 0], [1, 55], [-769, -330]]
[[1, 0], [1, 58], [-115, -348]]
[[1, 0], [1, 5], [-124, -75]]
[[1, 0], [1, 5], [-1561, -66]]
[[1, 0], [1, 5], [-167, -72]]
[[1, 0], [1, 5], [-203, -34]]
[[1, 0], [1, 5], [-241, -6]]
[[1, 0], [1, 5], [-274, -545]]
[[1, 0], [1, 5], [-3739, -165]]
[[1, 0], [1, 5], [-409, -410]]
[[1, 0], [1, 5], [-439, -15]]
[[1, 0], [1, 5], [-56, -109]]
[[1, 0], [1, 5], [-602, -67]]
[[1, 0], [1, 5], [-7369, -330]]
[[1, 0], [1, 5], [-769, -30]]
[[1, 0], [1, 5], [-82, -83]]
[[1, 0], [1, 5], [-835, -33]]
[[1, 0], [1, 60], [-23, -72]]
[[1, 0], [1, 66], [-659, -330]]
[[1, 0], [1, 6], [-110, -327]]
[[1, 0], [1, 6], [-1319, -66]]
[[1, 0], [1, 6], [-167, -21]]
[[1, 0], [1, 6], [-3134, -165]]
[[1, 0], [1, 6], [-335, -48]]
[[1, 0], [1, 6], [-559, -84]]
[[1, 0], [1, 6], [-56, -9]]
[[1, 0], [1, 6], [-659, -30]]
[[1, 0], [1, 6], [-73, -111]]
[[1, 0], [1, 7], [-1268, -47]]
[[1, 0], [1, 7], [-139, -210]]
[[1, 0], [1, 7], [-28, -87]]
[[1, 0], [1, 7], [-328, -7]]
[[1, 0], [1, 7], [-35, -27]]
[[1, 0], [1, 7], [-7895, -329]]
[[1, 0], [1, 82], [-1639, -328]]
[[1, 0], [1, 82], [-655, -82]]
[[1, 0], [1, 82], [-983, -164]]
[[1, 0], [1, 83], [-331, -332]]
[[1, 0], [1, 8], [-128, -43]]
[[1, 0], [1, 8], [-13775, -328]]
[[1, 0], [1, 8], [-17, -27]]
[[1, 0], [1, 8], [-175, -528]]
[[1, 0], [1, 8], [-187, -188]]
[[1, 0], [1, 8], [-2008, -41]]
[[1, 0], [1, 8], [-3689, -82]]
[[1, 0], [1, 8], [-59, -36]]
[[1, 0], [1, 8], [-655, -8]]
[[1, 0], [1, 8], [-7051, -164]]
[[1, 0], [1, 9], [-110, -9]]
[[1, 0], [1, 9], [-119, -90]]
[[1, 0], [1, 9], [-131, -198]]
[[1, 0], [1, 9], [-164, -495]]
[[1, 0], [1, 9], [-2108, -333]]
[[1, 0], [1, 9], [-368, -369]]
[[1, 0], [1, 9], [-455, -171]]
[[1, 0], [1, 9], [-55, -168]]
[[1, 0], [1, 9], [-584, -351]]
[[1, 0], [1, 9], [-739, -111]]
[[1, 0], [10, 109], [-13, -109]]
[[1, 0], [10, 109], [-16, -109]]
[[1, 0], [10, 109], [-29, -218]]
[[1, 0], [10, 109], [-34, -327]]
[[1, 0], [10, 109], [-55, -436]]
[[1, 0], [10, 109], [-59, -545]]
[[1, 0], [10, 109], [-67, -654]]
[[1, 0], [10, 27], [-116, -117]]
[[1, 0], [10, 27], [-83, -126]]
[[1, 0], [10, 327], [-23, -654]]
[[1, 0], [100, 109], [-103, -109]]
[[1, 0], [100, 109], [-209, -218]]
[[1, 0], [100, 109], [-304, -327]]
[[1, 0], [100, 109], [-415, -436]]
[[1, 0], [100, 109], [-509, -545]]
[[1, 0], [100, 109], [-607, -654]]
[[1, 0], [100, 327], [-203, -654]]
[[1, 0], [101, 109], [-211, -218]]
[[1, 0], [101, 109], [-307, -327]]
[[1, 0], [101, 109], [-419, -436]]
[[1, 0], [101, 109], [-514, -545]]
[[1, 0], [101, 109], [-613, -654]]
[[1, 0], [101, 218], [-107, -218]]
[[1, 0], [101, 218], [-154, -327]]
[[1, 0], [101, 218], [-211, -436]]
[[1, 0], [101, 218], [-307, -654]]
[[1, 0], [101, 327], [-205, -654]]
[[1, 0], [101, 436], [-107, -436]]
[[1, 0], [101, 545], [-104, -545]]
[[1, 0], [102, 109], [-213, -218]]
[[1, 0], [102, 109], [-310, -327]]
[[1, 0], [102, 109], [-423, -436]]
[[1, 0], [102, 109], [-519, -545]]
[[1, 0], [102, 109], [-619, -654]]
[[1, 0], [103, 109], [-215, -218]]
[[1, 0], [103, 109], [-313, -327]]
[[1, 0], [103, 109], [-427, -436]]
[[1, 0], [103, 109], [-524, -545]]
[[1, 0], [103, 109], [-625, -654]]
[[1, 0], [103, 218], [-157, -327]]
[[1, 0], [103, 218], [-215, -436]]
[[1, 0], [103, 218], [-313, -654]]
[[1, 0], [103, 327], [-209, -654]]
[[1, 0], [104, 109], [-110, -109]]
[[1, 0], [104, 109], [-217, -218]]
[[1, 0], [104, 109], [-316, -327]]
[[1, 0], [104, 109], [-431, -436]]
[[1, 0], [104, 109], [-529, -545]]
[[1, 0], [104, 109], [-631, -654]]
[[1, 0], [104, 327], [-211, -654]]
[[1, 0], [105, 109], [-111, -109]]
[[1, 0], [105, 109], [-219, -218]]
[[1, 0], [105, 109], [-319, -327]]
[[1, 0], [105, 109], [-435, -436]]
[[1, 0], [105, 109], [-534, -545]]
[[1, 0], [105, 109], [-637, -654]]
[[1, 0], [105, 218], [-111, -218]]
[[1, 0], [105, 218], [-160, -327]]
[[1, 0], [105, 218], [-219, -436]]
[[1, 0], [105, 218], [-319, -654]]
[[1, 0], [105, 436], [-111, -436]]
[[1, 0], [106, 109], [-112, -109]]
[[1, 0], [106, 109], [-221, -218]]
[[1, 0], [106, 109], [-322, -327]]
[[1, 0], [106, 109], [-439, -436]]
[[1, 0], [106, 109], [-539, -545]]
[[1, 0], [106, 109], [-643, -654]]
[[1, 0], [106, 327], [-215, -654]]
[[1, 0], [107, 109], [-110, -109]]
[[1, 0], [107, 109], [-223, -218]]
[[1, 0], [107, 109], [-325, -327]]
[[1, 0], [107, 109], [-443, -436]]
[[1, 0], [107, 109], [-544, -545]]
[[1, 0], [107, 109], [-649, -654]]
[[1, 0], [107, 218], [-163, -327]]
[[1, 0], [107, 218], [-223, -436]]
[[1, 0], [107, 218], [-325, -654]]
[[1, 0], [107, 327], [-217, -654]]
[[1, 0], [108, 109], [-225, -218]]
[[1, 0], [108, 109], [-328, -327]]
[[1, 0], [108, 109], [-447, -436]]
[[1, 0], [108, 109], [-549, -545]]
[[1, 0], [108, 109], [-655, -654]]
[[1, 0], [11, 109], [-14, -109]]
[[1, 0], [11, 109], [-17, -109]]
[[1, 0], [11, 109], [-31, -218]]
[[1, 0], [11, 109], [-37, -327]]
[[1, 0], [11, 109], [-59, -436]]
[[1, 0], [11, 109], [-64, -545]]
[[1, 0], [11, 109], [-73, -654]]
[[1, 0], [11, 15], [-139, -140]]
[[1, 0], [11, 15], [-1429, -165]]
[[1, 0], [11, 15], [-229, -15]]
[[1, 0], [11, 15], [-2749, -330]]
[[1, 0], [11, 15], [-285, -22]]
[[1, 0], [11, 15], [-30, -31]]
[[1, 0], [11, 15], [-349, -30]]
[[1, 0], [11, 15], [-35, -18]]
[[1, 0], [11, 15], [-373, -33]]
[[1, 0], [11, 15], [-549, -55]]
[[1, 0], [11, 15], [-637, -66]]
[[1, 0], [11, 15], [-689, -345]]
[[1, 0], [11, 15], [-989, -110]]
[[1, 0], [11, 218], [-17, -218]]
[[1, 0], [11, 218], [-19, -327]]
[[1, 0], [11, 218], [-31, -436]]
[[1, 0], [11, 218], [-37, -654]]
[[1, 0], [11, 30], [-1429, -330]]
[[1, 0], [11, 30], [-229, -30]]
[[1, 0], [11, 30], [-241, -33]]
[[1, 0], [11, 30], [-329, -55]]
[[1, 0], [11, 30], [-35, -36]]
[[1, 0], [11, 30], [-373, -66]]
[[1, 0], [11, 30], [-549, -110]]
[[1, 0], [11, 30], [-769, -165]]
[[1, 0], [11, 327], [-25, -654]]
[[1, 0], [11, 545], [-14, -545]]
[[1, 0], [110, 327], [-112, -327]]
[[1, 0], [110, 327], [-223, -654]]
[[1, 0], [111, 218], [-169, -327]]
[[1, 0], [111, 218], [-231, -436]]
[[1, 0], [111, 218], [-337, -654]]
[[1, 0], [111, 545], [-114, -545]]
[[1, 0], [112, 327], [-227, -654]]
[[1, 0], [112, 333], [-221, -333]]
[[1, 0], [113, 168], [-335, -336]]
[[1, 0], [113, 218], [-172, -327]]
[[1, 0], [113, 218], [-235, -436]]
[[1, 0], [113, 218], [-343, -654]]
[[1, 0], [113, 327], [-229, -654]]
[[1, 0], [113, 436], [-119, -436]]
[[1, 0], [115, 218], [-175, -327]]
[[1, 0], [115, 218], [-239, -436]]
[[1, 0], [115, 218], [-349, -654]]
[[1, 0], [115, 327], [-233, -654]]
[[1, 0], [116, 327], [-235, -654]]
[[1, 0], [116, 545], [-119, -545]]
[[1, 0], [117, 218], [-178, -327]]
[[1, 0], [117, 218], [-243, -436]]
[[1, 0], [117, 218], [-355, -654]]
[[1, 0], [117, 436], [-123, -436]]
[[1, 0], [118, 327], [-239, -654]]
[[1, 0], [119, 218], [-181, -327]]
[[1, 0], [119, 218], [-247, -436]]
[[1, 0], [119, 218], [-361, -654]]
[[1, 0], [119, 327], [-241, -654]]
[[1, 0], [12, 109], [-15, -109]]
[[1, 0], [12, 109], [-18, -109]]
[[1, 0], [12, 109], [-33, -218]]
[[1, 0], [12, 109], [-40, -327]]
[[1, 0], [12, 109], [-63, -436]]
[[1, 0], [12, 109], [-69, -545]]
[[1, 0], [12, 109], [-79, -654]]
[[1, 0], [121, 218], [-184, -327]]
[[1, 0], [121, 218], [-251, -436]]
[[1, 0], [121, 218], [-367, -654]]
[[1, 0], [121, 327], [-245, -654]]
[[1, 0], [121, 436], [-127, -436]]
[[1, 0], [121, 545], [-124, -545]]
[[1, 0], [122, 327], [-247, -654]]
[[1, 0], [123, 218], [-187, -327]]
[[1, 0], [123, 218], [-255, -436]]
[[1, 0], [123, 218], [-373, -654]]
[[1, 0], [124, 327], [-251, -654]]
[[1, 0], [124, 981], [-125, -981]]
[[1, 0], [125, 218], [-190, -327]]
[[1, 0], [125, 218], [-259, -436]]
[[1, 0], [125, 218], [-379, -654]]
[[1, 0], [125, 327], [-253, -654]]
[[1, 0], [125, 436], [-131, -436]]
[[1, 0], [126, 545], [-129, -545]]
[[1, 0], [127, 218], [-193, -327]]
[[1, 0], [127, 218], [-263, -436]]
[[1, 0], [127, 218], [-385, -654]]
[[1, 0], [127, 327], [-257, -654]]
[[1, 0], [128, 327], [-259, -654]]
[[1, 0], [129, 218], [-196, -327]]
[[1, 0], [129, 218], [-267, -436]]
[[1, 0], [129, 218], [-391, -654]]
[[1, 0], [129, 436], [-135, -436]]
[[1, 0], [13, 109], [-16, -109]]
[[1, 0], [13, 109], [-19, -109]]
[[1, 0], [13, 109], [-35, -218]]
[[1, 0], [13, 109], [-43, -327]]
[[1, 0], [13, 109], [-67, -436]]
[[1, 0], [13, 109], [-74, -545]]
[[1, 0], [13, 109], [-85, -654]]
[[1, 0], [13, 18], [-239, -180]]
[[1, 0], [13, 18], [-395, -396]]
[[1, 0], [13, 18], [-68, -69]]
[[1, 0], [13, 18], [-683, -342]]
[[1, 0], [13, 218], [-19, -218]]
[[1, 0], [13, 218], [-22, -327]]
[[1, 0], [13, 218], [-35, -436]]
[[1, 0], [13, 218], [-43, -654]]
[[1, 0], [13, 327], [-29, -654]]
[[1, 0], [13, 36], [-239, -360]]
[[1, 0], [13, 436], [-19, -436]]
[[1, 0], [130, 327], [-263, -654]]
[[1, 0], [131, 218], [-199, -327]]
[[1, 0], [131, 218], [-271, -436]]
[[1, 0], [131, 218], [-397, -654]]
[[1, 0], [131, 327], [-265, -654]]
[[1, 0], [131, 545], [-134, -545]]
[[1, 0], [133, 218], [-202, -327]]
[[1, 0], [133, 218], [-275, -436]]
[[1, 0], [133, 218], [-403, -654]]
[[1, 0], [133, 327], [-269, -654]]
[[1, 0], [133, 436], [-139, -436]]
[[1, 0], [133, 981], [-134, -981]]
[[1, 0], [134, 327], [-271, -654]]
[[1, 0], [135, 218], [-205, -327]]
[[1, 0], [135, 218], [-279, -436]]
[[1, 0], [135, 218], [-409, -654]]
[[1, 0], [136, 327], [-275, -654]]
[[1, 0], [136, 545], [-139, -545]]
[[1, 0], [137, 218], [-208, -327]]
[[1, 0], [137, 218], [-283, -436]]
[[1, 0], [137, 218], [-415, -654]]
[[1, 0], [137, 327], [-277, -654]]
[[1, 0], [137, 436], [-143, -436]]
[[1, 0], [139, 218], [-211, -327]]
[[1, 0], [139, 218], [-287, -436]]
[[1, 0], [139, 218], [-421, -654]]
[[1, 0], [139, 327], [-281, -654]]
[[1, 0], [14, 109], [-17, -109]]
[[1, 0], [14, 109], [-20, -109]]
[[1, 0], [14, 109], [-37, -218]]
[[1, 0], [14, 109], [-46, -327]]
[[1, 0], [14, 109], [-71, -436]]
[[1, 0], [14, 109], [-79, -545]]
[[1, 0], [14, 109], [-91, -654]]
[[1, 0], [14, 327], [-31, -654]]
[[1, 0], [140, 327], [-283, -654]]
[[1, 0], [141, 218], [-214, -327]]
[[1, 0], [141, 218], [-291, -436]]
[[1, 0], [141, 218], [-427, -654]]
[[1, 0], [141, 436], [-147, -436]]
[[1, 0], [141, 545], [-144, -545]]
[[1, 0], [142, 327], [-287, -654]]
[[1, 0], [143, 218], [-217, -327]]
[[1, 0], [143, 218], [-295, -436]]
[[1, 0], [143, 218], [-433, -654]]
[[1, 0], [143, 327], [-289, -654]]
[[1, 0], [145, 218], [-220, -327]]
[[1, 0], [145, 218], [-299, -436]]
[[1, 0], [145, 218], [-439, -654]]
[[1, 0], [145, 327], [-293, -654]]
[[1, 0], [145, 436], [-151, -436]]
[[1, 0], [146, 327], [-295, -654]]
[[1, 0], [146, 545], [-149, -545]]
[[1, 0], [147, 218], [-223, -327]]
[[1, 0], [147, 218], [-303, -436]]
[[1, 0], [147, 218], [-445, -654]]
[[1, 0], [148, 327], [-299, -654]]
[[1, 0], [149, 218], [-226, -327]]
[[1, 0], [149, 218], [-307, -436]]
[[1, 0], [149, 218], [-451, -654]]
[[1, 0], [149, 327], [-301, -654]]
[[1, 0], [149, 436], [-155, -436]]
[[1, 0], [15, 109], [-18, -109]]
[[1, 0], [15, 109], [-21, -109]]
[[1, 0], [15, 109], [-39, -218]]
[[1, 0], [15, 109], [-49, -327]]
[[1, 0], [15, 109], [-75, -436]]
[[1, 0], [15, 109], [-84, -545]]
[[1, 0], [15, 109], [-97, -654]]
[[1, 0], [15, 218], [-21, -218]]
[[1, 0], [15, 218], [-25, -327]]
[[1, 0], [15, 218], [-39, -436]]
[[1, 0], [15, 218], [-49, -654]]
[[1, 0], [151, 218], [-229, -327]]
[[1, 0], [151, 218], [-311, -436]]
[[1, 0], [151, 218], [-457, -654]]
[[1, 0], [151, 327], [-305, -654]]
[[1, 0], [151, 545], [-154, -545]]
[[1, 0], [152, 327], [-307, -654]]
[[1, 0], [153, 218], [-232, -327]]
[[1, 0], [153, 218], [-315, -436]]
[[1, 0], [153, 218], [-463, -654]]
[[1, 0], [153, 436], [-159, -436]]
[[1, 0], [154, 327], [-311, -654]]
[[1, 0], [155, 218], [-235, -327]]
[[1, 0], [155, 218], [-319, -436]]
[[1, 0], [155, 218], [-469, -654]]
[[1, 0], [155, 327], [-313, -654]]
[[1, 0], [156, 545], [-159, -545]]
[[1, 0], [157, 218], [-238, -327]]
[[1, 0], [157, 218], [-323, -436]]
[[1, 0], [157, 218], [-475, -654]]
[[1, 0], [157, 327], [-317, -654]]
[[1, 0], [157, 436], [-163, -436]]
[[1, 0], [158, 327], [-319, -654]]
[[1, 0], [159, 218], [-241, -327]]
[[1, 0], [159, 218], [-481, -654]]
[[1, 0], [16, 109], [-103, -654]]
[[1, 0], [16, 109], [-19, -109]]
[[1, 0], [16, 109], [-22, -109]]
[[1, 0], [16, 109], [-41, -218]]
[[1, 0], [16, 109], [-52, -327]]
[[1, 0], [16, 109], [-79, -436]]
[[1, 0], [16, 109], [-89, -545]]
[[1, 0], [16, 327], [-35, -654]]
[[1, 0], [16, 45], [-79, -120]]
[[1, 0], [16, 545], [-19, -545]]
[[1, 0], [160, 327], [-323, -654]]
[[1, 0], [160, 981], [-161, -981]]
[[1, 0], [161, 218], [-244, -327]]
[[1, 0], [161, 218], [-331, -436]]
[[1, 0], [161, 218], [-487, -654]]
[[1, 0], [161, 327], [-325, -654]]
[[1, 0], [161, 436], [-167, -436]]
[[1, 0], [161, 545], [-164, -545]]
[[1, 0], [163, 218], [-247, -327]]
[[1, 0], [163, 218], [-335, -436]]
[[1, 0], [163, 218], [-493, -654]]
[[1, 0], [163, 327], [-329, -654]]
[[1, 0], [164, 327], [-166, -327]]
[[1, 0], [164, 327], [-331, -654]]
[[1, 0], [165, 218], [-250, -327]]
[[1, 0], [165, 218], [-339, -436]]
[[1, 0], [165, 218], [-499, -654]]
[[1, 0], [165, 436], [-171, -436]]
[[1, 0], [166, 327], [-335, -654]]
[[1, 0], [166, 545], [-169, -545]]
[[1, 0], [167, 218], [-253, -327]]
[[1, 0], [167, 218], [-343, -436]]
[[1, 0], [167, 218], [-505, -654]]
[[1, 0], [167, 327], [-169, -327]]
[[1, 0], [167, 327], [-337, -654]]
[[1, 0], [169, 218], [-256, -327]]
[[1, 0], [169, 218], [-347, -436]]
[[1, 0], [169, 218], [-511, -654]]
[[1, 0], [169, 327], [-341, -654]]
[[1, 0], [169, 436], [-175, -436]]
[[1, 0], [17, 109], [-20, -109]]
[[1, 0], [17, 109], [-23, -109]]
[[1, 0], [17, 109], [-43, -218]]
[[1, 0], [17, 109], [-55, -327]]
[[1, 0], [17, 109], [-83, -436]]
[[1, 0], [17, 109], [-94, -545]]
[[1, 0], [17, 218], [-23, -218]]
[[1, 0], [17, 218], [-28, -327]]
[[1, 0], [17, 218], [-43, -436]]
[[1, 0], [17, 218], [-55, -654]]
[[1, 0], [17, 24], [-127, -128]]
[[1, 0], [17, 24], [-143, -48]]
[[1, 0], [17, 24], [-223, -84]]
[[1, 0], [17, 327], [-37, -654]]
[[1, 0], [17, 436], [-23, -436]]
[[1, 0], [17, 48], [-223, -168]]
[[1, 0], [170, 327], [-172, -327]]
[[1, 0], [170, 327], [-343, -654]]
[[1, 0], [171, 218], [-259, -327]]
[[1, 0], [171, 218], [-351, -436]]
[[1, 0], [171, 218], [-517, -654]]
[[1, 0], [171, 545], [-174, -545]]
[[1, 0], [172, 327], [-347, -654]]
[[1, 0], [173, 218], [-262, -327]]
[[1, 0], [173, 218], [-355, -436]]
[[1, 0], [173, 218], [-523, -654]]
[[1, 0], [173, 327], [-175, -327]]
[[1, 0], [173, 327], [-349, -654]]
[[1, 0], [173, 436], [-179, -436]]
[[1, 0], [175, 218], [-265, -327]]
[[1, 0], [175, 218], [-359, -436]]
[[1, 0], [175, 218], [-529, -654]]
[[1, 0], [175, 327], [-353, -654]]
[[1, 0], [176, 327], [-178, -327]]
[[1, 0], [176, 327], [-355, -654]]
[[1, 0], [176, 545], [-179, -545]]
[[1, 0], [177, 218], [-268, -327]]
[[1, 0], [177, 218], [-363, -436]]
[[1, 0], [177, 218], [-535, -654]]
[[1, 0], [177, 436], [-183, -436]]
[[1, 0], [178, 327], [-359, -654]]
[[1, 0], [178, 981], [-179, -981]]
[[1, 0], [179, 218], [-271, -327]]
[[1, 0], [179, 218], [-367, -436]]
[[1, 0], [179, 218], [-541, -654]]
[[1, 0], [179, 327], [-181, -327]]
[[1, 0], [179, 327], [-361, -654]]
[[1, 0], [18, 109], [-115, -654]]
[[1, 0], [18, 109], [-21, -109]]
[[1, 0], [18, 109], [-24, -109]]
[[1, 0], [18, 109], [-45, -218]]
[[1, 0], [18, 109], [-58, -327]]
[[1, 0], [18, 109], [-87, -436]]
[[1, 0], [18, 109], [-99, -545]]
[[1, 0], [181, 218], [-274, -327]]
[[1, 0], [181, 218], [-371, -436]]
[[1, 0], [181, 218], [-547, -654]]
[[1, 0], [181, 327], [-365, -654]]
[[1, 0], [181, 436], [-187, -436]]
[[1, 0], [181, 545], [-184, -545]]
[[1, 0], [182, 327], [-184, -327]]
[[1, 0], [182, 327], [-367, -654]]
[[1, 0], [183, 218], [-277, -327]]
[[1, 0], [183, 218], [-375, -436]]
[[1, 0], [183, 218], [-553, -654]]
[[1, 0], [184, 327], [-371, -654]]
[[1, 0], [185, 218], [-280, -327]]
[[1, 0], [185, 218], [-379, -436]]
[[1, 0], [185, 218], [-559, -654]]
[[1, 0], [185, 327], [-187, -327]]
[[1, 0], [185, 327], [-373, -654]]
[[1, 0], [185, 436], [-191, -436]]
[[1, 0], [186, 545], [-189, -545]]
[[1, 0], [187, 218], [-283, -327]]
[[1, 0], [187, 218], [-383, -436]]
[[1, 0], [187, 218], [-565, -654]]
[[1, 0], [187, 327], [-377, -654]]
[[1, 0], [187, 981], [-188, -981]]
[[1, 0], [188, 327], [-190, -327]]
[[1, 0], [188, 327], [-379, -654]]
[[1, 0], [189, 218], [-286, -327]]
[[1, 0], [189, 218], [-387, -436]]
[[1, 0], [189, 218], [-571, -654]]
[[1, 0], [189, 436], [-195, -436]]
[[1, 0], [19, 109], [-104, -545]]
[[1, 0], [19, 109], [-121, -654]]
[[1, 0], [19, 109], [-22, -109]]
[[1, 0], [19, 109], [-25, -109]]
[[1, 0], [19, 109], [-47, -218]]
[[1, 0], [19, 109], [-61, -327]]
[[1, 0], [19, 109], [-91, -436]]
[[1, 0], [19, 218], [-25, -218]]
[[1, 0], [19, 218], [-31, -327]]
[[1, 0], [19, 218], [-47, -436]]
[[1, 0], [19, 218], [-61, -654]]
[[1, 0], [19, 27], [-125, -126]]
[[1, 0], [19, 27], [-155, -117]]
[[1, 0], [19, 327], [-41, -654]]
[[1, 0], [190, 327], [-383, -654]]
[[1, 0], [191, 218], [-289, -327]]
[[1, 0], [191, 218], [-391, -436]]
[[1, 0], [191, 218], [-577, -654]]
[[1, 0], [191, 327], [-193, -327]]
[[1, 0], [191, 327], [-385, -654]]
[[1, 0], [191, 545], [-194, -545]]
[[1, 0], [193, 218], [-292, -327]]
[[1, 0], [193, 218], [-395, -436]]
[[1, 0], [193, 218], [-583, -654]]
[[1, 0], [193, 327], [-389, -654]]
[[1, 0], [193, 436], [-199, -436]]
[[1, 0], [194, 327], [-196, -327]]
[[1, 0], [194, 327], [-391, -654]]
[[1, 0], [195, 218], [-295, -327]]
[[1, 0], [195, 218], [-399, -436]]
[[1, 0], [195, 218], [-589, -654]]
[[1, 0], [196, 327], [-395, -654]]
[[1, 0], [196, 545], [-199, -545]]
[[1, 0], [196, 981], [-197, -981]]
[[1, 0], [197, 218], [-298, -327]]
[[1, 0], [197, 218], [-403, -436]]
[[1, 0], [197, 218], [-595, -654]]
[[1, 0], [197, 327], [-199, -327]]
[[1, 0], [197, 327], [-397, -654]]
[[1, 0], [197, 436], [-203, -436]]
[[1, 0], [199, 218], [-301, -327]]
[[1, 0], [199, 218], [-407, -436]]
[[1, 0], [199, 218], [-601, -654]]
[[1, 0], [199, 327], [-401, -654]]
[[1, 0], [2, 109], [-10, -327]]
[[1, 0], [2, 109], [-13, -218]]
[[1, 0], [2, 109], [-19, -545]]
[[1, 0], [2, 109], [-19, -654]]
[[1, 0], [2, 109], [-23, -436]]
[[1, 0], [2, 109], [-5, -109]]
[[1, 0], [2, 109], [-8, -109]]
[[1, 0], [2, 327], [-7, -654]]
[[1, 0], [2, 3], [-110, -109]]
[[1, 0], [2, 3], [-1129, -113]]
[[1, 0], [2, 3], [-113, -6]]
[[1, 0], [2, 3], [-119, -15]]
[[1, 0], [2, 3], [-1219, -30]]
[[1, 0], [2, 3], [-12319, -330]]
[[1, 0], [2, 3], [-131, -33]]
[[1, 0], [2, 3], [-1330, -33]]
[[1, 0], [2, 3], [-1439, -360]]
[[1, 0], [2, 3], [-1546, -357]]
[[1, 0], [2, 3], [-2144, -55]]
[[1, 0], [2, 3], [-2183, -168]]
[[1, 0], [2, 3], [-219, -218]]
[[1, 0], [2, 3], [-220, -3]]
[[1, 0], [2, 3], [-224, -9]]
[[1, 0], [2, 3], [-2551, -66]]
[[1, 0], [2, 3], [-273, -137]]
[[1, 0], [2, 3], [-2735, -342]]
[[1, 0], [2, 3], [-294, -5]]
[[1, 0], [2, 3], [-328, -327]]
[[1, 0], [2, 3], [-331, -6]]
[[1, 0], [2, 3], [-343, -24]]
[[1, 0], [2, 3], [-364, -219]]
[[1, 0], [2, 3], [-374, -125]]
[[1, 0], [2, 3], [-39, -4]]
[[1, 0], [2, 3], [-409, -123]]
[[1, 0], [2, 3], [-41, -7]]
[[1, 0], [2, 3], [-4179, -110]]
[[1, 0], [2, 3], [-47, -16]]
[[1, 0], [2, 3], [-479, -10]]
[[1, 0], [2, 3], [-482, -69]]
[[1, 0], [2, 3], [-516, -11]]
[[1, 0], [2, 3], [-55, -28]]
[[1, 0], [2, 3], [-6214, -165]]
[[1, 0], [2, 3], [-623, -117]]
[[1, 0], [2, 3], [-6326, -333]]
[[1, 0], [2, 3], [-655, -492]]
[[1, 0], [2, 3], [-655, -654]]
[[1, 0], [2, 3], [-664, -15]]
[[1, 0], [2, 3], [-695, -116]]
[[1, 0], [2, 3], [-84, -17]]
[[1, 0], [2, 3], [-916, -393]]
[[1, 0], [2, 3], [-923, -22]]
[[1, 0], [20, 109], [-127, -654]]
[[1, 0], [20, 109], [-23, -109]]
[[1, 0], [20, 109], [-26, -109]]
[[1, 0], [20, 109], [-49, -218]]
[[1, 0], [20, 109], [-64, -327]]
[[1, 0], [20, 109], [-95, -436]]
[[1, 0], [20, 327], [-43, -654]]
[[1, 0], [200, 327], [-202, -327]]
[[1, 0], [200, 327], [-403, -654]]
[[1, 0], [201, 218], [-304, -327]]
[[1, 0], [201, 218], [-411, -436]]
[[1, 0], [201, 218], [-607, -654]]
[[1, 0], [201, 436], [-207, -436]]
[[1, 0], [201, 545], [-204, -545]]
[[1, 0], [202, 327], [-407, -654]]
[[1, 0], [203, 218], [-209, -218]]
[[1, 0], [203, 218], [-307, -327]]
[[1, 0], [203, 218], [-415, -436]]
[[1, 0], [203, 218], [-613, -654]]
[[1, 0], [203, 327], [-205, -327]]
[[1, 0], [203, 327], [-409, -654]]
[[1, 0], [205, 218], [-310, -327]]
[[1, 0], [205, 218], [-419, -436]]
[[1, 0], [205, 218], [-619, -654]]
[[1, 0], [205, 327], [-413, -654]]
[[1, 0], [205, 436], [-211, -436]]
[[1, 0], [206, 327], [-208, -327]]
[[1, 0], [206, 327], [-415, -654]]
[[1, 0], [206, 545], [-209, -545]]
[[1, 0], [207, 218], [-313, -327]]
[[1, 0], [207, 218], [-423, -436]]
[[1, 0], [207, 218], [-625, -654]]
[[1, 0], [208, 327], [-419, -654]]
[[1, 0], [209, 218], [-316, -327]]
[[1, 0], [209, 218], [-427, -436]]
[[1, 0], [209, 218], [-631, -654]]
[[1, 0], [209, 327], [-211, -327]]
[[1, 0], [209, 327], [-421, -654]]
[[1, 0], [209, 436], [-215, -436]]
[[1, 0], [21, 109], [-114, -545]]
[[1, 0], [21, 109], [-133, -654]]
[[1, 0], [21, 109], [-24, -109]]
[[1, 0], [21, 109], [-27, -109]]
[[1, 0], [21, 109], [-51, -218]]
[[1, 0], [21, 109], [-67, -327]]
[[1, 0], [21, 109], [-99, -436]]
[[1, 0], [21, 218], [-27, -218]]
[[1, 0], [21, 218], [-34, -327]]
[[1, 0], [21, 218], [-51, -436]]
[[1, 0], [21, 218], [-67, -654]]
[[1, 0], [21, 436], [-27, -436]]
[[1, 0], [21, 545], [-24, -545]]
[[1, 0], [211, 218], [-319, -327]]
[[1, 0], [211, 218], [-431, -436]]
[[1, 0], [211, 218], [-637, -654]]
[[1, 0], [211, 327], [-425, -654]]
[[1, 0], [211, 545], [-214, -545]]
[[1, 0], [212, 327], [-214, -327]]
[[1, 0], [212, 327], [-427, -654]]
[[1, 0], [213, 218], [-219, -218]]
[[1, 0], [213, 218], [-322, -327]]
[[1, 0], [213, 218], [-435, -436]]
[[1, 0], [213, 218], [-643, -654]]
[[1, 0], [213, 436], [-219, -436]]
[[1, 0], [214, 327], [-431, -654]]
[[1, 0], [215, 218], [-221, -218]]
[[1, 0], [215, 218], [-325, -327]]
[[1, 0], [215, 218], [-439, -436]]
[[1, 0], [215, 218], [-649, -654]]
[[1, 0], [215, 327], [-433, -654]]
[[1, 0], [216, 545], [-219, -545]]
[[1, 0], [217, 218], [-328, -327]]
[[1, 0], [217, 218], [-443, -436]]
[[1, 0], [217, 218], [-655, -654]]
[[1, 0], [217, 327], [-437, -654]]
[[1, 0], [22, 109], [-103, -436]]
[[1, 0], [22, 109], [-119, -545]]
[[1, 0], [22, 109], [-139, -654]]
[[1, 0], [22, 109], [-25, -109]]
[[1, 0], [22, 109], [-28, -109]]
[[1, 0], [22, 109], [-53, -218]]
[[1, 0], [22, 109], [-70, -327]]
[[1, 0], [22, 327], [-47, -654]]
[[1, 0], [220, 327], [-443, -654]]
[[1, 0], [221, 327], [-223, -327]]
[[1, 0], [221, 327], [-445, -654]]
[[1, 0], [221, 330], [-439, -330]]
[[1, 0], [221, 545], [-224, -545]]
[[1, 0], [223, 327], [-449, -654]]
[[1, 0], [224, 327], [-226, -327]]
[[1, 0], [224, 327], [-451, -654]]
[[1, 0], [226, 327], [-455, -654]]
[[1, 0], [226, 545], [-229, -545]]
[[1, 0], [227, 327], [-229, -327]]
[[1, 0], [227, 327], [-457, -654]]
[[1, 0], [229, 327], [-461, -654]]
[[1, 0], [23, 109], [-107, -436]]
[[1, 0], [23, 109], [-124, -545]]
[[1, 0], [23, 109], [-145, -654]]
[[1, 0], [23, 109], [-26, -109]]
[[1, 0], [23, 109], [-29, -109]]
[[1, 0], [23, 109], [-55, -218]]
[[1, 0], [23, 109], [-73, -327]]
[[1, 0], [23, 218], [-29, -218]]
[[1, 0], [23, 218], [-37, -327]]
[[1, 0], [23, 218], [-55, -436]]
[[1, 0], [23, 218], [-73, -654]]
[[1, 0], [23, 327], [-49, -654]]
[[1, 0], [23, 33], [-1429, -330]]
[[1, 0], [23, 33], [-241, -33]]
[[1, 0], [23, 33], [-329, -55]]
[[1, 0], [23, 33], [-35, -36]]
[[1, 0], [23, 33], [-362, -363]]
[[1, 0], [23, 33], [-373, -66]]
[[1, 0], [23, 33], [-549, -110]]
[[1, 0], [23, 33], [-769, -165]]
[[1, 0], [23, 66], [-241, -66]]
[[1, 0], [23, 66], [-329, -110]]
[[1, 0], [23, 66], [-439, -165]]
[[1, 0], [23, 66], [-769, -330]]
[[1, 0], [230, 327], [-232, -327]]
[[1, 0], [230, 327], [-463, -654]]
[[1, 0], [231, 545], [-234, -545]]
[[1, 0], [232, 327], [-467, -654]]
[[1, 0], [233, 327], [-235, -327]]
[[1, 0], [233, 327], [-469, -654]]
[[1, 0], [235, 327], [-473, -654]]
[[1, 0], [236, 327], [-238, -327]]
[[1, 0], [236, 327], [-475, -654]]
[[1, 0], [236, 545], [-239, -545]]
[[1, 0], [238, 327], [-479, -654]]
[[1, 0], [239, 327], [-241, -327]]
[[1, 0], [239, 327], [-481, -654]]
[[1, 0], [24, 109], [-111, -436]]
[[1, 0], [24, 109], [-129, -545]]
[[1, 0], [24, 109], [-151, -654]]
[[1, 0], [24, 109], [-27, -109]]
[[1, 0], [24, 109], [-30, -109]]
[[1, 0], [24, 109], [-57, -218]]
[[1, 0], [24, 109], [-76, -327]]
[[1, 0], [241, 327], [-485, -654]]
[[1, 0], [241, 545], [-244, -545]]
[[1, 0], [242, 327], [-244, -327]]
[[1, 0], [242, 327], [-487, -654]]
[[1, 0], [244, 327], [-491, -654]]
[[1, 0], [245, 327], [-247, -327]]
[[1, 0], [245, 327], [-493, -654]]
[[1, 0], [246, 545], [-249, -545]]
[[1, 0], [247, 327], [-497, -654]]
[[1, 0], [248, 327], [-250, -327]]
[[1, 0], [248, 327], [-499, -654]]
[[1, 0], [25, 109], [-115, -436]]
[[1, 0], [25, 109], [-134, -545]]
[[1, 0], [25, 109], [-157, -654]]
[[1, 0], [25, 109], [-28, -109]]
[[1, 0], [25, 109], [-31, -109]]
[[1, 0], [25, 109], [-59, -218]]
[[1, 0], [25, 109], [-79, -327]]
[[1, 0], [25, 218], [-31, -218]]
[[1, 0], [25, 218], [-40, -327]]
[[1, 0], [25, 218], [-59, -436]]
[[1, 0], [25, 218], [-79, -654]]
[[1, 0], [25, 327], [-53, -654]]
[[1, 0], [25, 36], [-359, -360]]
[[1, 0], [25, 436], [-31, -436]]
[[1, 0], [250, 327], [-503, -654]]
[[1, 0], [251, 327], [-253, -327]]
[[1, 0], [251, 327], [-505, -654]]
[[1, 0], [251, 545], [-254, -545]]
[[1, 0], [253, 327], [-509, -654]]
[[1, 0], [254, 327], [-256, -327]]
[[1, 0], [254, 327], [-511, -654]]
[[1, 0], [256, 327], [-515, -654]]
[[1, 0], [256, 545], [-259, -545]]
[[1, 0], [257, 327], [-259, -327]]
[[1, 0], [257, 327], [-517, -654]]
[[1, 0], [259, 327], [-521, -654]]
[[1, 0], [259, 981], [-260, -981]]
[[1, 0], [26, 109], [-119, -436]]
[[1, 0], [26, 109], [-139, -545]]
[[1, 0], [26, 109], [-163, -654]]
[[1, 0], [26, 109], [-29, -109]]
[[1, 0], [26, 109], [-32, -109]]
[[1, 0], [26, 109], [-61, -218]]
[[1, 0], [26, 109], [-82, -327]]
[[1, 0], [26, 327], [-55, -654]]
[[1, 0], [26, 545], [-29, -545]]
[[1, 0], [260, 327], [-262, -327]]
[[1, 0], [260, 327], [-523, -654]]
[[1, 0], [261, 545], [-264, -545]]
[[1, 0], [262, 327], [-527, -654]]
[[1, 0], [263, 327], [-265, -327]]
[[1, 0], [263, 327], [-529, -654]]
[[1, 0], [265, 327], [-533, -654]]
[[1, 0], [266, 327], [-268, -327]]
[[1, 0], [266, 327], [-535, -654]]
[[1, 0], [266, 545], [-269, -545]]
[[1, 0], [268, 327], [-539, -654]]
[[1, 0], [268, 981], [-269, -981]]
[[1, 0], [269, 327], [-271, -327]]
[[1, 0], [269, 327], [-541, -654]]
[[1, 0], [27, 109], [-123, -436]]
[[1, 0], [27, 109], [-144, -545]]
[[1, 0], [27, 109], [-169, -654]]
[[1, 0], [27, 109], [-30, -109]]
[[1, 0], [27, 109], [-33, -109]]
[[1, 0], [27, 109], [-63, -218]]
[[1, 0], [27, 109], [-85, -327]]
[[1, 0], [27, 218], [-33, -218]]
[[1, 0], [27, 218], [-43, -327]]
[[1, 0], [27, 218], [-63, -436]]
[[1, 0], [27, 218], [-85, -654]]
[[1, 0], [271, 545], [-274, -545]]
[[1, 0], [272, 327], [-274, -327]]
[[1, 0], [272, 327], [-547, -654]]
[[1, 0], [274, 327], [-551, -654]]
[[1, 0], [275, 327], [-277, -327]]
[[1, 0], [275, 327], [-553, -654]]
[[1, 0], [277, 327], [-557, -654]]
[[1, 0], [278, 327], [-280, -327]]
[[1, 0], [278, 327], [-559, -654]]
[[1, 0], [28, 109], [-127, -436]]
[[1, 0], [28, 109], [-149, -545]]
[[1, 0], [28, 109], [-175, -654]]
[[1, 0], [28, 109], [-31, -109]]
[[1, 0], [28, 109], [-34, -109]]
[[1, 0], [28, 109], [-65, -218]]
[[1, 0], [28, 109], [-88, -327]]
[[1, 0], [28, 327], [-59, -654]]
[[1, 0], [280, 327], [-563, -654]]
[[1, 0], [281, 327], [-283, -327]]
[[1, 0], [281, 327], [-565, -654]]
[[1, 0], [283, 327], [-569, -654]]
[[1, 0], [284, 327], [-286, -327]]
[[1, 0], [284, 327], [-571, -654]]
[[1, 0], [286, 327], [-575, -654]]
[[1, 0], [287, 327], [-289, -327]]
[[1, 0], [287, 327], [-577, -654]]
[[1, 0], [289, 327], [-581, -654]]
[[1, 0], [29, 109], [-131, -436]]
[[1, 0], [29, 109], [-154, -545]]
[[1, 0], [29, 109], [-181, -654]]
[[1, 0], [29, 109], [-32, -109]]
[[1, 0], [29, 109], [-35, -109]]
[[1, 0], [29, 109], [-67, -218]]
[[1, 0], [29, 109], [-91, -327]]
[[1, 0], [29, 218], [-35, -218]]
[[1, 0], [29, 218], [-46, -327]]
[[1, 0], [29, 218], [-67, -436]]
[[1, 0], [29, 218], [-91, -654]]
[[1, 0], [29, 327], [-61, -654]]
[[1, 0], [29, 42], [-167, -84]]
[[1, 0], [29, 42], [-559, -336]]
[[1, 0], [29, 436], [-35, -436]]
[[1, 0], [29, 84], [-167, -168]]
[[1, 0], [290, 327], [-292, -327]]
[[1, 0], [290, 327], [-583, -654]]
[[1, 0], [292, 327], [-587, -654]]
[[1, 0], [293, 327], [-295, -327]]
[[1, 0], [293, 327], [-589, -654]]
[[1, 0], [295, 327], [-593, -654]]
[[1, 0], [295, 981], [-296, -981]]
[[1, 0], [296, 327], [-298, -327]]
[[1, 0], [296, 327], [-595, -654]]
[[1, 0], [298, 327], [-599, -654]]
[[1, 0], [299, 327], [-301, -327]]
[[1, 0], [299, 327], [-601, -654]]
[[1, 0], [3, 109], [-13, -327]]
[[1, 0], [3, 109], [-15, -218]]
[[1, 0], [3, 109], [-24, -545]]
[[1, 0], [3, 109], [-25, -654]]
[[1, 0], [3, 109], [-27, -436]]
[[1, 0], [3, 109], [-6, -109]]
[[1, 0], [3, 109], [-9, -109]]
[[1, 0], [3, 218], [-13, -654]]
[[1, 0], [3, 218], [-15, -436]]
[[1, 0], [3, 218], [-7, -327]]
[[1, 0], [3, 218], [-9, -218]]
[[1, 0], [30, 109], [-135, -436]]
[[1, 0], [30, 109], [-159, -545]]
[[1, 0], [30, 109], [-187, -654]]
[[1, 0], [30, 109], [-33, -109]]
[[1, 0], [30, 109], [-36, -109]]
[[1, 0], [30, 109], [-69, -218]]
[[1, 0], [30, 109], [-94, -327]]
[[1, 0], [301, 327], [-605, -654]]
[[1, 0], [302, 327], [-304, -327]]
[[1, 0], [302, 327], [-607, -654]]
[[1, 0], [304, 327], [-611, -654]]
[[1, 0], [304, 981], [-305, -981]]
[[1, 0], [305, 327], [-307, -327]]
[[1, 0], [305, 327], [-613, -654]]
[[1, 0], [307, 327], [-617, -654]]
[[1, 0], [308, 327], [-310, -327]]
[[1, 0], [308, 327], [-619, -654]]
[[1, 0], [31, 109], [-139, -436]]
[[1, 0], [31, 109], [-164, -545]]
[[1, 0], [31, 109], [-193, -654]]
[[1, 0], [31, 109], [-34, -109]]
[[1, 0], [31, 109], [-37, -109]]
[[1, 0], [31, 109], [-71, -218]]
[[1, 0], [31, 109], [-97, -327]]
[[1, 0], [31, 218], [-37, -218]]
[[1, 0], [31, 218], [-49, -327]]
[[1, 0], [31, 218], [-71, -436]]
[[1, 0], [31, 218], [-97, -654]]
[[1, 0], [31, 327], [-65, -654]]
[[1, 0], [31, 45], [-119, -120]]
[[1, 0], [31, 545], [-34, -545]]
[[1, 0], [310, 327], [-623, -654]]
[[1, 0], [311, 327], [-313, -327]]
[[1, 0], [311, 327], [-625, -654]]
[[1, 0], [313, 327], [-629, -654]]
[[1, 0], [313, 981], [-314, -981]]
[[1, 0], [314, 327], [-316, -327]]
[[1, 0], [314, 327], [-631, -654]]
[[1, 0], [316, 327], [-635, -654]]
[[1, 0], [317, 327], [-319, -327]]
[[1, 0], [317, 327], [-637, -654]]
[[1, 0], [319, 327], [-641, -654]]
[[1, 0], [32, 109], [-100, -327]]
[[1, 0], [32, 109], [-143, -436]]
[[1, 0], [32, 109], [-169, -545]]
[[1, 0], [32, 109], [-199, -654]]
[[1, 0], [32, 109], [-35, -109]]
[[1, 0], [32, 109], [-38, -109]]
[[1, 0], [32, 109], [-73, -218]]
[[1, 0], [32, 327], [-67, -654]]
[[1, 0], [320, 327], [-322, -327]]
[[1, 0], [320, 327], [-643, -654]]
[[1, 0], [322, 327], [-647, -654]]
[[1, 0], [322, 981], [-323, -981]]
[[1, 0], [323, 327], [-325, -327]]
[[1, 0], [323, 327], [-649, -654]]
[[1, 0], [325, 327], [-653, -654]]
[[1, 0], [326, 327], [-328, -327]]
[[1, 0], [326, 327], [-655, -654]]
[[1, 0], [328, 981], [-329, -981]]
[[1, 0], [329, 654], [-331, -654]]
[[1, 0], [33, 109], [-103, -327]]
[[1, 0], [33, 109], [-147, -436]]
[[1, 0], [33, 109], [-174, -545]]
[[1, 0], [33, 109], [-205, -654]]
[[1, 0], [33, 109], [-36, -109]]
[[1, 0], [33, 109], [-39, -109]]
[[1, 0], [33, 109], [-75, -218]]
[[1, 0], [33, 218], [-103, -654]]
[[1, 0], [33, 218], [-39, -218]]
[[1, 0], [33, 218], [-52, -327]]
[[1, 0], [33, 218], [-75, -436]]
[[1, 0], [33, 436], [-39, -436]]
[[1, 0], [335, 654], [-337, -654]]
[[1, 0], [34, 109], [-106, -327]]
[[1, 0], [34, 109], [-151, -436]]
[[1, 0], [34, 109], [-179, -545]]
[[1, 0], [34, 109], [-211, -654]]
[[1, 0], [34, 109], [-37, -109]]
[[1, 0], [34, 109], [-40, -109]]
[[1, 0], [34, 109], [-77, -218]]
[[1, 0], [34, 327], [-71, -654]]
[[1, 0], [340, 981], [-341, -981]]
[[1, 0], [341, 654], [-343, -654]]
[[1, 0], [347, 654], [-349, -654]]
[[1, 0], [349, 981], [-350, -981]]
[[1, 0], [35, 109], [-155, -436]]
[[1, 0], [35, 109], [-184, -545]]
[[1, 0], [35, 109], [-217, -654]]
[[1, 0], [35, 109], [-38, -109]]
[[1, 0], [35, 109], [-41, -109]]
[[1, 0], [35, 109], [-79, -218]]
[[1, 0], [35, 218], [-41, -218]]
[[1, 0], [35, 218], [-55, -327]]
[[1, 0], [35, 218], [-79, -436]]
[[1, 0], [35, 327], [-73, -654]]
[[1, 0], [35, 51], [-118, -119]]
[[1, 0], [353, 654], [-355, -654]]
[[1, 0], [359, 654], [-361, -654]]
[[1, 0], [36, 109], [-112, -327]]
[[1, 0], [36, 109], [-159, -436]]
[[1, 0], [36, 109], [-189, -545]]
[[1, 0], [36, 109], [-223, -654]]
[[1, 0], [36, 109], [-39, -109]]
[[1, 0], [36, 109], [-42, -109]]
[[1, 0], [36, 109], [-81, -218]]
[[1, 0], [36, 545], [-39, -545]]
[[1, 0], [365, 654], [-367, -654]]
[[1, 0], [37, 109], [-115, -327]]
[[1, 0], [37, 109], [-163, -436]]
[[1, 0], [37, 109], [-194, -545]]
[[1, 0], [37, 109], [-229, -654]]
[[1, 0], [37, 109], [-40, -109]]
[[1, 0], [37, 109], [-43, -109]]
[[1, 0], [37, 109], [-83, -218]]
[[1, 0], [37, 218], [-115, -654]]
[[1, 0], [37, 218], [-43, -218]]
[[1, 0], [37, 218], [-58, -327]]
[[1, 0], [37, 218], [-83, -436]]
[[1, 0], [37, 327], [-77, -654]]
[[1, 0], [37, 436], [-43, -436]]
[[1, 0], [371, 654], [-373, -654]]
[[1, 0], [376, 981], [-377, -981]]
[[1, 0], [377, 654], [-379, -654]]
[[1, 0], [38, 109], [-118, -327]]
[[1, 0], [38, 109], [-167, -436]]
[[1, 0], [38, 109], [-199, -545]]
[[1, 0], [38, 109], [-235, -654]]
[[1, 0], [38, 109], [-41, -109]]
[[1, 0], [38, 109], [-44, -109]]
[[1, 0], [38, 109], [-85, -218]]
[[1, 0], [38, 111], [-332, -333]]
[[1, 0], [38, 327], [-79, -654]]
[[1, 0], [383, 654], [-385, -654]]
[[1, 0], [389, 654], [-391, -654]]
[[1, 0], [39, 109], [-121, -327]]
[[1, 0], [39, 109], [-171, -436]]
[[1, 0], [39, 109], [-204, -545]]
[[1, 0], [39, 109], [-241, -654]]
[[1, 0], [39, 109], [-42, -109]]
[[1, 0], [39, 109], [-45, -109]]
[[1, 0], [39, 109], [-87, -218]]
[[1, 0], [39, 218], [-121, -654]]
[[1, 0], [39, 218], [-45, -218]]
[[1, 0], [39, 218], [-61, -327]]
[[1, 0], [39, 218], [-87, -436]]
[[1, 0], [394, 981], [-395, -981]]
[[1, 0], [395, 654], [-397, -654]]
[[1, 0], [4, 109], [-10, -109]]
[[1, 0], [4, 109], [-16, -327]]
[[1, 0], [4, 109], [-17, -218]]
[[1, 0], [4, 109], [-29, -545]]
[[1, 0], [4, 109], [-31, -436]]
[[1, 0], [4, 109], [-31, -654]]
[[1, 0], [4, 109], [-7, -109]]
[[1, 0], [4, 327], [-11, -654]]
[[1, 0], [4, 9], [-113, -9]]
[[1, 0], [4, 9], [-149, -90]]
[[1, 0], [4, 9], [-197, -198]]
[[1, 0], [4, 9], [-2219, -333]]
[[1, 0], [4, 9], [-295, -37]]
[[1, 0], [4, 9], [-329, -495]]
[[1, 0], [4, 9], [-47, -24]]
[[1, 0], [4, 9], [-491, -369]]
[[1, 0], [4, 9], [-512, -171]]
[[1, 0], [4, 9], [-55, -42]]
[[1, 0], [4, 9], [-701, -351]]
[[1, 0], [4, 9], [-776, -111]]
[[1, 0], [40, 109], [-124, -327]]
[[1, 0], [40, 109], [-175, -436]]
[[1, 0], [40, 109], [-209, -545]]
[[1, 0], [40, 109], [-247, -654]]
[[1, 0], [40, 109], [-43, -109]]
[[1, 0], [40, 109], [-46, -109]]
[[1, 0], [40, 109], [-89, -218]]
[[1, 0], [40, 327], [-83, -654]]
[[1, 0], [401, 654], [-403, -654]]
[[1, 0], [403, 981], [-404, -981]]
[[1, 0], [407, 654], [-409, -654]]
[[1, 0], [41, 109], [-127, -327]]
[[1, 0], [41, 109], [-179, -436]]
[[1, 0], [41, 109], [-214, -545]]
[[1, 0], [41, 109], [-253, -654]]
[[1, 0], [41, 109], [-44, -109]]
[[1, 0], [41, 109], [-47, -109]]
[[1, 0], [41, 109], [-91, -218]]
[[1, 0], [41, 218], [-127, -654]]
[[1, 0], [41, 218], [-47, -218]]
[[1, 0], [41, 218], [-64, -327]]
[[1, 0], [41, 218], [-91, -436]]
[[1, 0], [41, 327], [-85, -654]]
[[1, 0], [41, 436], [-47, -436]]
[[1, 0], [41, 545], [-44, -545]]
[[1, 0], [41, 60], [-71, -72]]
[[1, 0], [412, 981], [-413, -981]]
[[1, 0], [413, 654], [-415, -654]]
[[1, 0], [419, 654], [-421, -654]]
[[1, 0], [42, 109], [-130, -327]]
[[1, 0], [42, 109], [-183, -436]]
[[1, 0], [42, 109], [-219, -545]]
[[1, 0], [42, 109], [-259, -654]]
[[1, 0], [42, 109], [-45, -109]]
[[1, 0], [42, 109], [-48, -109]]
[[1, 0], [42, 109], [-93, -218]]
[[1, 0], [421, 436], [-427, -436]]
[[1, 0], [425, 654], [-427, -654]]
[[1, 0], [43, 109], [-133, -327]]
[[1, 0], [43, 109], [-187, -436]]
[[1, 0], [43, 109], [-224, -545]]
[[1, 0], [43, 109], [-265, -654]]
[[1, 0], [43, 109], [-46, -109]]
[[1, 0], [43, 109], [-49, -109]]
[[1, 0], [43, 109], [-95, -218]]
[[1, 0], [43, 218], [-133, -654]]
[[1, 0], [43, 218], [-49, -218]]
[[1, 0], [43, 218], [-67, -327]]
[[1, 0], [43, 218], [-95, -436]]
[[1, 0], [43, 327], [-89, -654]]
[[1, 0], [43, 981], [-44, -981]]
[[1, 0], [431, 654], [-433, -654]]
[[1, 0], [433, 436], [-439, -436]]
[[1, 0], [437, 654], [-439, -654]]
[[1, 0], [44, 109], [-136, -327]]
[[1, 0], [44, 109], [-191, -436]]
[[1, 0], [44, 109], [-229, -545]]
[[1, 0], [44, 109], [-271, -654]]
[[1, 0], [44, 109], [-47, -109]]
[[1, 0], [44, 109], [-50, -109]]
[[1, 0], [44, 109], [-97, -218]]
[[1, 0], [44, 327], [-91, -654]]
[[1, 0], [443, 654], [-445, -654]]
[[1, 0], [449, 654], [-451, -654]]
[[1, 0], [45, 109], [-139, -327]]
[[1, 0], [45, 109], [-195, -436]]
[[1, 0], [45, 109], [-234, -545]]
[[1, 0], [45, 109], [-277, -654]]
[[1, 0], [45, 109], [-48, -109]]
[[1, 0], [45, 109], [-51, -109]]
[[1, 0], [45, 109], [-99, -218]]
[[1, 0], [45, 218], [-139, -654]]
[[1, 0], [45, 218], [-51, -218]]
[[1, 0], [45, 218], [-70, -327]]
[[1, 0], [45, 218], [-99, -436]]
[[1, 0], [45, 436], [-51, -436]]
[[1, 0], [455, 654], [-457, -654]]
[[1, 0], [46, 109], [-101, -218]]
[[1, 0], [46, 109], [-142, -327]]
[[1, 0], [46, 109], [-199, -436]]
[[1, 0], [46, 109], [-239, -545]]
[[1, 0], [46, 109], [-283, -654]]
[[1, 0], [46, 109], [-49, -109]]
[[1, 0], [46, 109], [-52, -109]]
[[1, 0], [46, 327], [-95, -654]]
[[1, 0], [46, 545], [-49, -545]]
[[1, 0], [461, 654], [-463, -654]]
[[1, 0], [467, 654], [-469, -654]]
[[1, 0], [47, 109], [-103, -218]]
[[1, 0], [47, 109], [-145, -327]]
[[1, 0], [47, 109], [-203, -436]]
[[1, 0], [47, 109], [-244, -545]]
[[1, 0], [47, 109], [-289, -654]]
[[1, 0], [47, 109], [-50, -109]]
[[1, 0], [47, 109], [-53, -109]]
[[1, 0], [47, 218], [-103, -436]]
[[1, 0], [47, 218], [-145, -654]]
[[1, 0], [47, 218], [-53, -218]]
[[1, 0], [47, 218], [-73, -327]]
[[1, 0], [47, 327], [-97, -654]]
[[1, 0], [47, 69], [-344, -345]]
[[1, 0], [473, 654], [-475, -654]]
[[1, 0], [475, 981], [-476, -981]]
[[1, 0], [479, 654], [-481, -654]]
[[1, 0], [48, 109], [-105, -218]]
[[1, 0], [48, 109], [-148, -327]]
[[1, 0], [48, 109], [-207, -436]]
[[1, 0], [48, 109], [-249, -545]]
[[1, 0], [48, 109], [-295, -654]]
[[1, 0], [48, 109], [-51, -109]]
[[1, 0], [48, 109], [-54, -109]]
[[1, 0], [484, 981], [-485, -981]]
[[1, 0], [485, 654], [-487, -654]]
[[1, 0], [49, 109], [-107, -218]]
[[1, 0], [49, 109], [-151, -327]]
[[1, 0], [49, 109], [-211, -436]]
[[1, 0], [49, 109], [-254, -545]]
[[1, 0], [49, 109], [-301, -654]]
[[1, 0], [49, 109], [-52, -109]]
[[1, 0], [49, 109], [-55, -109]]
[[1, 0], [49, 218], [-107, -436]]
[[1, 0], [49, 218], [-151, -654]]
[[1, 0], [49, 218], [-55, -218]]
[[1, 0], [49, 218], [-76, -327]]
[[1, 0], [49, 327], [-101, -654]]
[[1, 0], [49, 436], [-55, -436]]
[[1, 0], [490, 981], [-491, -981]]
[[1, 0], [491, 654], [-493, -654]]
[[1, 0], [493, 981], [-494, -981]]
[[1, 0], [497, 654], [-499, -654]]
[[1, 0], [499, 981], [-500, -981]]
[[1, 0], [5, 109], [-11, -109]]
[[1, 0], [5, 109], [-19, -218]]
[[1, 0], [5, 109], [-19, -327]]
[[1, 0], [5, 109], [-34, -545]]
[[1, 0], [5, 109], [-35, -436]]
[[1, 0], [5, 109], [-37, -654]]
[[1, 0], [5, 109], [-8, -109]]
[[1, 0], [5, 12], [-115, -58]]
[[1, 0], [5, 12], [-119, -24]]
[[1, 0], [5, 12], [-181, -42]]
[[1, 0], [5, 12], [-63, -64]]
[[1, 0], [5, 218], [-10, -327]]
[[1, 0], [5, 218], [-11, -218]]
[[1, 0], [5, 218], [-19, -436]]
[[1, 0], [5, 218], [-19, -654]]
[[1, 0], [5, 327], [-13, -654]]
[[1, 0], [5, 436], [-11, -436]]
[[1, 0], [5, 6], [-110, -109]]
[[1, 0], [5, 6], [-115, -29]]
[[1, 0], [5, 6], [-1154, -55]]
[[1, 0], [5, 6], [-119, -12]]
[[1, 0], [5, 6], [-1363, -66]]
[[1, 0], [5, 6], [-181, -21]]
[[1, 0], [5, 6], [-219, -218]]
[[1, 0], [5, 6], [-2199, -110]]
[[1, 0], [5, 6], [-223, -6]]
[[1, 0], [5, 6], [-2351, -336]]
[[1, 0], [5, 6], [-299, -10]]
[[1, 0], [5, 6], [-318, -11]]
[[1, 0], [5, 6], [-3244, -165]]
[[1, 0], [5, 6], [-328, -327]]
[[1, 0], [5, 6], [-367, -48]]
[[1, 0], [5, 6], [-394, -15]]
[[1, 0], [5, 6], [-527, -22]]
[[1, 0], [5, 6], [-583, -438]]
[[1, 0], [5, 6], [-62, -9]]
[[1, 0], [5, 6], [-63, -32]]
[[1, 0], [5, 6], [-6379, -330]]
[[1, 0], [5, 6], [-655, -654]]
[[1, 0], [5, 6], [-679, -30]]
[[1, 0], [5, 6], [-736, -33]]
[[1, 0], [50, 109], [-154, -327]]
[[1, 0], [50, 109], [-215, -436]]
[[1, 0], [50, 109], [-259, -545]]
[[1, 0], [50, 109], [-307, -654]]
[[1, 0], [50, 109], [-53, -109]]
[[1, 0], [50, 109], [-56, -109]]
[[1, 0], [50, 327], [-103, -654]]
[[1, 0], [503, 654], [-505, -654]]
[[1, 0], [508, 981], [-509, -981]]
[[1, 0], [509, 654], [-511, -654]]
[[1, 0], [51, 109], [-111, -218]]
[[1, 0], [51, 109], [-157, -327]]
[[1, 0], [51, 109], [-219, -436]]
[[1, 0], [51, 109], [-264, -545]]
[[1, 0], [51, 109], [-313, -654]]
[[1, 0], [51, 109], [-54, -109]]
[[1, 0], [51, 109], [-57, -109]]
[[1, 0], [51, 218], [-111, -436]]
[[1, 0], [51, 218], [-157, -654]]
[[1, 0], [51, 218], [-57, -218]]
[[1, 0], [51, 218], [-79, -327]]
[[1, 0], [51, 545], [-54, -545]]
[[1, 0], [511, 981], [-512, -981]]
[[1, 0], [515, 654], [-517, -654]]
[[1, 0], [517, 981], [-518, -981]]
[[1, 0], [52, 109], [-113, -218]]
[[1, 0], [52, 109], [-160, -327]]
[[1, 0], [52, 109], [-223, -436]]
[[1, 0], [52, 109], [-269, -545]]
[[1, 0], [52, 109], [-319, -654]]
[[1, 0], [52, 109], [-55, -109]]
[[1, 0], [52, 327], [-107, -654]]
[[1, 0], [520, 981], [-521, -981]]
[[1, 0], [521, 654], [-523, -654]]
[[1, 0], [523, 981], [-524, -981]]
[[1, 0], [527, 654], [-529, -654]]
[[1, 0], [529, 981], [-530, -981]]
[[1, 0], [53, 109], [-115, -218]]
[[1, 0], [53, 109], [-163, -327]]
[[1, 0], [53, 109], [-227, -436]]
[[1, 0], [53, 109], [-274, -545]]
[[1, 0], [53, 109], [-325, -654]]
[[1, 0], [53, 109], [-56, -109]]
[[1, 0], [53, 218], [-115, -436]]
[[1, 0], [53, 218], [-163, -654]]
[[1, 0], [53, 218], [-59, -218]]
[[1, 0], [53, 218], [-82, -327]]
[[1, 0], [53, 436], [-59, -436]]
[[1, 0], [533, 654], [-535, -654]]
[[1, 0], [535, 981], [-536, -981]]
[[1, 0], [536, 545], [-539, -545]]
[[1, 0], [539, 654], [-541, -654]]
[[1, 0], [54, 109], [-117, -218]]
[[1, 0], [54, 109], [-166, -327]]
[[1, 0], [54, 109], [-231, -436]]
[[1, 0], [54, 109], [-279, -545]]
[[1, 0], [54, 109], [-331, -654]]
[[1, 0], [55, 109], [-119, -218]]
[[1, 0], [55, 109], [-169, -327]]
[[1, 0], [55, 109], [-235, -436]]
[[1, 0], [55, 109], [-284, -545]]
[[1, 0], [55, 109], [-337, -654]]
[[1, 0], [55, 218], [-119, -436]]
[[1, 0], [55, 218], [-169, -654]]
[[1, 0], [55, 218], [-61, -218]]
[[1, 0], [55, 218], [-85, -327]]
[[1, 0], [55, 327], [-113, -654]]
[[1, 0], [551, 654], [-553, -654]]
[[1, 0], [557, 654], [-559, -654]]
[[1, 0], [56, 109], [-121, -218]]
[[1, 0], [56, 109], [-172, -327]]
[[1, 0], [56, 109], [-239, -436]]
[[1, 0], [56, 109], [-289, -545]]
[[1, 0], [56, 109], [-343, -654]]
[[1, 0], [56, 165], [-274, -165]]
[[1, 0], [56, 165], [-439, -330]]
[[1, 0], [56, 327], [-115, -654]]
[[1, 0], [56, 545], [-59, -545]]
[[1, 0], [563, 654], [-565, -654]]
[[1, 0], [565, 981], [-566, -981]]
[[1, 0], [569, 654], [-571, -654]]
[[1, 0], [57, 109], [-123, -218]]
[[1, 0], [57, 109], [-175, -327]]
[[1, 0], [57, 109], [-243, -436]]
[[1, 0], [57, 109], [-294, -545]]
[[1, 0], [57, 109], [-349, -654]]
[[1, 0], [57, 218], [-123, -436]]
[[1, 0], [57, 218], [-175, -654]]
[[1, 0], [57, 218], [-63, -218]]
[[1, 0], [57, 218], [-88, -327]]
[[1, 0], [57, 436], [-63, -436]]
[[1, 0], [575, 654], [-577, -654]]
[[1, 0], [58, 109], [-125, -218]]
[[1, 0], [58, 109], [-178, -327]]
[[1, 0], [58, 109], [-247, -436]]
[[1, 0], [58, 109], [-299, -545]]
[[1, 0], [58, 109], [-355, -654]]
[[1, 0], [58, 327], [-119, -654]]
[[1, 0], [580, 981], [-581, -981]]
[[1, 0], [581, 654], [-583, -654]]
[[1, 0], [587, 654], [-589, -654]]
[[1, 0], [59, 109], [-127, -218]]
[[1, 0], [59, 109], [-181, -327]]
[[1, 0], [59, 109], [-251, -436]]
[[1, 0], [59, 109], [-304, -545]]
[[1, 0], [59, 109], [-361, -654]]
[[1, 0], [59, 218], [-127, -436]]
[[1, 0], [59, 218], [-181, -654]]
[[1, 0], [59, 218], [-65, -218]]
[[1, 0], [59, 218], [-91, -327]]
[[1, 0], [59, 327], [-121, -654]]
[[1, 0], [59, 87], [-115, -116]]
[[1, 0], [593, 654], [-595, -654]]
[[1, 0], [598, 981], [-599, -981]]
[[1, 0], [599, 654], [-601, -654]]
[[1, 0], [6, 109], [-12, -109]]
[[1, 0], [6, 109], [-21, -218]]
[[1, 0], [6, 109], [-22, -327]]
[[1, 0], [6, 109], [-39, -436]]
[[1, 0], [6, 109], [-39, -545]]
[[1, 0], [6, 109], [-43, -654]]
[[1, 0], [60, 109], [-129, -218]]
[[1, 0], [60, 109], [-184, -327]]
[[1, 0], [60, 109], [-255, -436]]
[[1, 0], [60, 109], [-309, -545]]
[[1, 0], [60, 109], [-367, -654]]
[[1, 0], [605, 654], [-607, -654]]
[[1, 0], [61, 109], [-131, -218]]
[[1, 0], [61, 109], [-187, -327]]
[[1, 0], [61, 109], [-259, -436]]
[[1, 0], [61, 109], [-314, -545]]
[[1, 0], [61, 109], [-373, -654]]
[[1, 0], [61, 218], [-131, -436]]
[[1, 0], [61, 218], [-187, -654]]
[[1, 0], [61, 218], [-67, -218]]
[[1, 0], [61, 218], [-94, -327]]
[[1, 0], [61, 327], [-125, -654]]
[[1, 0], [61, 436], [-67, -436]]
[[1, 0], [61, 545], [-64, -545]]
[[1, 0], [610, 981], [-611, -981]]
[[1, 0], [611, 654], [-613, -654]]
[[1, 0], [617, 654], [-619, -654]]
[[1, 0], [62, 109], [-133, -218]]
[[1, 0], [62, 109], [-190, -327]]
[[1, 0], [62, 109], [-263, -436]]
[[1, 0], [62, 109], [-319, -545]]
[[1, 0], [62, 109], [-379, -654]]
[[1, 0], [62, 327], [-127, -654]]
[[1, 0], [623, 654], [-625, -654]]
[[1, 0], [628, 981], [-629, -981]]
[[1, 0], [629, 654], [-631, -654]]
[[1, 0], [63, 109], [-135, -218]]
[[1, 0], [63, 109], [-193, -327]]
[[1, 0], [63, 109], [-267, -436]]
[[1, 0], [63, 109], [-324, -545]]
[[1, 0], [63, 109], [-385, -654]]
[[1, 0], [63, 218], [-135, -436]]
[[1, 0], [63, 218], [-193, -654]]
[[1, 0], [63, 218], [-69, -218]]
[[1, 0], [63, 218], [-97, -327]]
[[1, 0], [635, 654], [-637, -654]]
[[1, 0], [637, 981], [-638, -981]]
[[1, 0], [64, 109], [-137, -218]]
[[1, 0], [64, 109], [-196, -327]]
[[1, 0], [64, 109], [-271, -436]]
[[1, 0], [64, 109], [-329, -545]]
[[1, 0], [64, 109], [-391, -654]]
[[1, 0], [64, 327], [-131, -654]]
[[1, 0], [641, 654], [-643, -654]]
[[1, 0], [643, 981], [-644, -981]]
[[1, 0], [646, 981], [-647, -981]]
[[1, 0], [647, 654], [-649, -654]]
[[1, 0], [65, 109], [-139, -218]]
[[1, 0], [65, 109], [-199, -327]]
[[1, 0], [65, 109], [-275, -436]]
[[1, 0], [65, 109], [-334, -545]]
[[1, 0], [65, 109], [-397, -654]]
[[1, 0], [65, 218], [-100, -327]]
[[1, 0], [65, 218], [-139, -436]]
[[1, 0], [65, 218], [-199, -654]]
[[1, 0], [65, 218], [-71, -218]]
[[1, 0], [65, 327], [-133, -654]]
[[1, 0], [65, 436], [-71, -436]]
[[1, 0], [653, 654], [-655, -654]]
[[1, 0], [66, 109], [-141, -218]]
[[1, 0], [66, 109], [-202, -327]]
[[1, 0], [66, 109], [-279, -436]]
[[1, 0], [66, 109], [-339, -545]]
[[1, 0], [66, 109], [-403, -654]]
[[1, 0], [66, 545], [-69, -545]]
[[1, 0], [67, 109], [-143, -218]]
[[1, 0], [67, 109], [-205, -327]]
[[1, 0], [67, 109], [-283, -436]]
[[1, 0], [67, 109], [-344, -545]]
[[1, 0], [67, 109], [-409, -654]]
[[1, 0], [67, 218], [-103, -327]]
[[1, 0], [67, 218], [-143, -436]]
[[1, 0], [67, 218], [-205, -654]]
[[1, 0], [67, 218], [-73, -218]]
[[1, 0], [67, 327], [-137, -654]]
[[1, 0], [673, 981], [-674, -981]]
[[1, 0], [68, 109], [-145, -218]]
[[1, 0], [68, 109], [-208, -327]]
[[1, 0], [68, 109], [-287, -436]]
[[1, 0], [68, 109], [-349, -545]]
[[1, 0], [68, 109], [-415, -654]]
[[1, 0], [68, 327], [-139, -654]]
[[1, 0], [69, 109], [-147, -218]]
[[1, 0], [69, 109], [-211, -327]]
[[1, 0], [69, 109], [-291, -436]]
[[1, 0], [69, 109], [-354, -545]]
[[1, 0], [69, 109], [-421, -654]]
[[1, 0], [69, 218], [-106, -327]]
[[1, 0], [69, 218], [-147, -436]]
[[1, 0], [69, 218], [-211, -654]]
[[1, 0], [69, 218], [-75, -218]]
[[1, 0], [69, 436], [-75, -436]]
[[1, 0], [697, 981], [-698, -981]]
[[1, 0], [7, 109], [-10, -109]]
[[1, 0], [7, 109], [-13, -109]]
[[1, 0], [7, 109], [-23, -218]]
[[1, 0], [7, 109], [-25, -327]]
[[1, 0], [7, 109], [-43, -436]]
[[1, 0], [7, 109], [-44, -545]]
[[1, 0], [7, 109], [-49, -654]]
[[1, 0], [7, 18], [-113, -57]]
[[1, 0], [7, 18], [-179, -180]]
[[1, 0], [7, 18], [-263, -396]]
[[1, 0], [7, 18], [-569, -342]]
[[1, 0], [7, 218], [-13, -218]]
[[1, 0], [7, 218], [-13, -327]]
[[1, 0], [7, 218], [-23, -436]]
[[1, 0], [7, 218], [-25, -654]]
[[1, 0], [7, 327], [-17, -654]]
[[1, 0], [7, 981], [-8, -981]]
[[1, 0], [7, 9], [-103, -39]]
[[1, 0], [7, 9], [-167, -168]]
[[1, 0], [7, 9], [-179, -90]]
[[1, 0], [7, 9], [-2330, -333]]
[[1, 0], [7, 9], [-263, -198]]
[[1, 0], [7, 9], [-494, -495]]
[[1, 0], [7, 9], [-55, -24]]
[[1, 0], [7, 9], [-569, -171]]
[[1, 0], [7, 9], [-58, -59]]
[[1, 0], [7, 9], [-614, -369]]
[[1, 0], [7, 9], [-818, -351]]
[[1, 0], [70, 109], [-149, -218]]
[[1, 0], [70, 109], [-214, -327]]
[[1, 0], [70, 109], [-295, -436]]
[[1, 0], [70, 109], [-359, -545]]
[[1, 0], [70, 109], [-427, -654]]
[[1, 0], [70, 327], [-143, -654]]
[[1, 0], [70, 981], [-71, -981]]
[[1, 0], [71, 109], [-151, -218]]
[[1, 0], [71, 109], [-217, -327]]
[[1, 0], [71, 109], [-299, -436]]
[[1, 0], [71, 109], [-364, -545]]
[[1, 0], [71, 109], [-433, -654]]
[[1, 0], [71, 218], [-151, -436]]
[[1, 0], [71, 218], [-217, -654]]
[[1, 0], [71, 218], [-77, -218]]
[[1, 0], [71, 327], [-145, -654]]
[[1, 0], [71, 545], [-74, -545]]
[[1, 0], [72, 109], [-153, -218]]
[[1, 0], [72, 109], [-220, -327]]
[[1, 0], [72, 109], [-303, -436]]
[[1, 0], [72, 109], [-369, -545]]
[[1, 0], [72, 109], [-439, -654]]
[[1, 0], [73, 109], [-155, -218]]
[[1, 0], [73, 109], [-223, -327]]
[[1, 0], [73, 109], [-307, -436]]
[[1, 0], [73, 109], [-374, -545]]
[[1, 0], [73, 109], [-445, -654]]
[[1, 0], [73, 218], [-112, -327]]
[[1, 0], [73, 218], [-155, -436]]
[[1, 0], [73, 218], [-223, -654]]
[[1, 0], [73, 218], [-79, -218]]
[[1, 0], [73, 327], [-149, -654]]
[[1, 0], [73, 436], [-79, -436]]
[[1, 0], [74, 109], [-157, -218]]
[[1, 0], [74, 109], [-226, -327]]
[[1, 0], [74, 109], [-311, -436]]
[[1, 0], [74, 109], [-379, -545]]
[[1, 0], [74, 109], [-451, -654]]
[[1, 0], [74, 327], [-151, -654]]
[[1, 0], [745, 981], [-746, -981]]
[[1, 0], [75, 109], [-159, -218]]
[[1, 0], [75, 109], [-229, -327]]
[[1, 0], [75, 109], [-315, -436]]
[[1, 0], [75, 109], [-384, -545]]
[[1, 0], [75, 109], [-457, -654]]
[[1, 0], [75, 218], [-115, -327]]
[[1, 0], [75, 218], [-159, -436]]
[[1, 0], [75, 218], [-229, -654]]
[[1, 0], [75, 218], [-81, -218]]
[[1, 0], [751, 981], [-752, -981]]
[[1, 0], [76, 109], [-161, -218]]
[[1, 0], [76, 109], [-232, -327]]
[[1, 0], [76, 109], [-319, -436]]
[[1, 0], [76, 109], [-389, -545]]
[[1, 0], [76, 109], [-463, -654]]
[[1, 0], [76, 327], [-155, -654]]
[[1, 0], [76, 545], [-79, -545]]
[[1, 0], [760, 981], [-761, -981]]
[[1, 0], [77, 109], [-163, -218]]
[[1, 0], [77, 109], [-235, -327]]
[[1, 0], [77, 109], [-323, -436]]
[[1, 0], [77, 109], [-394, -545]]
[[1, 0], [77, 109], [-469, -654]]
[[1, 0], [77, 114], [-170, -171]]
[[1, 0], [77, 218], [-118, -327]]
[[1, 0], [77, 218], [-163, -436]]
[[1, 0], [77, 218], [-235, -654]]
[[1, 0], [77, 218], [-83, -218]]
[[1, 0], [77, 327], [-157, -654]]
[[1, 0], [77, 436], [-83, -436]]
[[1, 0], [778, 981], [-779, -981]]
[[1, 0], [78, 109], [-165, -218]]
[[1, 0], [78, 109], [-238, -327]]
[[1, 0], [78, 109], [-399, -545]]
[[1, 0], [78, 109], [-475, -654]]
[[1, 0], [79, 109], [-167, -218]]
[[1, 0], [79, 109], [-241, -327]]
[[1, 0], [79, 109], [-331, -436]]
[[1, 0], [79, 109], [-404, -545]]
[[1, 0], [79, 109], [-481, -654]]
[[1, 0], [79, 218], [-121, -327]]
[[1, 0], [79, 218], [-167, -436]]
[[1, 0], [79, 218], [-241, -654]]
[[1, 0], [79, 218], [-85, -218]]
[[1, 0], [79, 327], [-161, -654]]
[[1, 0], [79, 981], [-80, -981]]
[[1, 0], [790, 981], [-791, -981]]
[[1, 0], [8, 109], [-11, -109]]
[[1, 0], [8, 109], [-14, -109]]
[[1, 0], [8, 109], [-25, -218]]
[[1, 0], [8, 109], [-28, -327]]
[[1, 0], [8, 109], [-47, -436]]
[[1, 0], [8, 109], [-49, -545]]
[[1, 0], [8, 109], [-55, -654]]
[[1, 0], [8, 21], [-118, -119]]
[[1, 0], [8, 21], [-125, -42]]
[[1, 0], [8, 21], [-391, -168]]
[[1, 0], [8, 327], [-19, -654]]
[[1, 0], [80, 109], [-169, -218]]
[[1, 0], [80, 109], [-244, -327]]
[[1, 0], [80, 109], [-335, -436]]
[[1, 0], [80, 109], [-409, -545]]
[[1, 0], [80, 109], [-487, -654]]
[[1, 0], [80, 327], [-163, -654]]
[[1, 0], [81, 109], [-171, -218]]
[[1, 0], [81, 109], [-247, -327]]
[[1, 0], [81, 109], [-339, -436]]
[[1, 0], [81, 109], [-414, -545]]
[[1, 0], [81, 109], [-493, -654]]
[[1, 0], [81, 218], [-124, -327]]
[[1, 0], [81, 218], [-171, -436]]
[[1, 0], [81, 218], [-247, -654]]
[[1, 0], [81, 218], [-87, -218]]
[[1, 0], [81, 436], [-87, -436]]
[[1, 0], [81, 545], [-84, -545]]
[[1, 0], [814, 981], [-815, -981]]
[[1, 0], [82, 109], [-173, -218]]
[[1, 0], [82, 109], [-250, -327]]
[[1, 0], [82, 109], [-343, -436]]
[[1, 0], [82, 109], [-419, -545]]
[[1, 0], [82, 109], [-499, -654]]
[[1, 0], [82, 327], [-167, -654]]
[[1, 0], [83, 109], [-175, -218]]
[[1, 0], [83, 109], [-253, -327]]
[[1, 0], [83, 109], [-347, -436]]
[[1, 0], [83, 109], [-424, -545]]
[[1, 0], [83, 109], [-505, -654]]
[[1, 0], [83, 218], [-127, -327]]
[[1, 0], [83, 218], [-175, -436]]
[[1, 0], [83, 218], [-253, -654]]
[[1, 0], [83, 218], [-89, -218]]
[[1, 0], [83, 327], [-169, -654]]
[[1, 0], [84, 109], [-177, -218]]
[[1, 0], [84, 109], [-256, -327]]
[[1, 0], [84, 109], [-351, -436]]
[[1, 0], [84, 109], [-429, -545]]
[[1, 0], [84, 109], [-511, -654]]
[[1, 0], [85, 109], [-179, -218]]
[[1, 0], [85, 109], [-259, -327]]
[[1, 0], [85, 109], [-355, -436]]
[[1, 0], [85, 109], [-434, -545]]
[[1, 0], [85, 109], [-517, -654]]
[[1, 0], [85, 218], [-130, -327]]
[[1, 0], [85, 218], [-179, -436]]
[[1, 0], [85, 218], [-259, -654]]
[[1, 0], [85, 218], [-91, -218]]
[[1, 0], [85, 327], [-173, -654]]
[[1, 0], [85, 436], [-91, -436]]
[[1, 0], [853, 981], [-854, -981]]
[[1, 0], [86, 109], [-181, -218]]
[[1, 0], [86, 109], [-262, -327]]
[[1, 0], [86, 109], [-359, -436]]
[[1, 0], [86, 109], [-439, -545]]
[[1, 0], [86, 109], [-523, -654]]
[[1, 0], [86, 327], [-175, -654]]
[[1, 0], [86, 545], [-89, -545]]
[[1, 0], [87, 109], [-183, -218]]
[[1, 0], [87, 109], [-265, -327]]
[[1, 0], [87, 109], [-363, -436]]
[[1, 0], [87, 109], [-444, -545]]
[[1, 0], [87, 109], [-529, -654]]
[[1, 0], [87, 218], [-133, -327]]
[[1, 0], [87, 218], [-183, -436]]
[[1, 0], [87, 218], [-265, -654]]
[[1, 0], [87, 218], [-93, -218]]
[[1, 0], [88, 109], [-185, -218]]
[[1, 0], [88, 109], [-268, -327]]
[[1, 0], [88, 109], [-367, -436]]
[[1, 0], [88, 109], [-449, -545]]
[[1, 0], [88, 109], [-535, -654]]
[[1, 0], [88, 327], [-179, -654]]
[[1, 0], [880, 981], [-881, -981]]
[[1, 0], [889, 981], [-890, -981]]
[[1, 0], [89, 109], [-187, -218]]
[[1, 0], [89, 109], [-271, -327]]
[[1, 0], [89, 109], [-371, -436]]
[[1, 0], [89, 109], [-454, -545]]
[[1, 0], [89, 109], [-541, -654]]
[[1, 0], [89, 218], [-136, -327]]
[[1, 0], [89, 218], [-187, -436]]
[[1, 0], [89, 218], [-271, -654]]
[[1, 0], [89, 218], [-95, -218]]
[[1, 0], [89, 327], [-181, -654]]
[[1, 0], [89, 436], [-95, -436]]
[[1, 0], [9, 109], [-12, -109]]
[[1, 0], [9, 109], [-27, -218]]
[[1, 0], [9, 109], [-31, -327]]
[[1, 0], [9, 109], [-51, -436]]
[[1, 0], [9, 109], [-54, -545]]
[[1, 0], [9, 109], [-61, -654]]
[[1, 0], [9, 218], [-16, -327]]
[[1, 0], [9, 218], [-27, -436]]
[[1, 0], [9, 218], [-31, -654]]
[[1, 0], [90, 109], [-189, -218]]
[[1, 0], [90, 109], [-274, -327]]
[[1, 0], [90, 109], [-375, -436]]
[[1, 0], [90, 109], [-459, -545]]
[[1, 0], [90, 109], [-547, -654]]
[[1, 0], [91, 109], [-191, -218]]
[[1, 0], [91, 109], [-277, -327]]
[[1, 0], [91, 109], [-379, -436]]
[[1, 0], [91, 109], [-464, -545]]
[[1, 0], [91, 109], [-553, -654]]
[[1, 0], [91, 218], [-139, -327]]
[[1, 0], [91, 218], [-191, -436]]
[[1, 0], [91, 218], [-277, -654]]
[[1, 0], [91, 218], [-97, -218]]
[[1, 0], [91, 327], [-185, -654]]
[[1, 0], [91, 545], [-94, -545]]
[[1, 0], [92, 109], [-193, -218]]
[[1, 0], [92, 109], [-280, -327]]
[[1, 0], [92, 109], [-383, -436]]
[[1, 0], [92, 109], [-469, -545]]
[[1, 0], [92, 109], [-559, -654]]
[[1, 0], [92, 327], [-187, -654]]
[[1, 0], [93, 109], [-195, -218]]
[[1, 0], [93, 109], [-283, -327]]
[[1, 0], [93, 109], [-387, -436]]
[[1, 0], [93, 109], [-474, -545]]
[[1, 0], [93, 109], [-565, -654]]
[[1, 0], [93, 218], [-142, -327]]
[[1, 0], [93, 218], [-195, -436]]
[[1, 0], [93, 218], [-283, -654]]
[[1, 0], [93, 218], [-99, -218]]
[[1, 0], [93, 436], [-99, -436]]
[[1, 0], [94, 109], [-100, -109]]
[[1, 0], [94, 109], [-197, -218]]
[[1, 0], [94, 109], [-286, -327]]
[[1, 0], [94, 109], [-391, -436]]
[[1, 0], [94, 109], [-479, -545]]
[[1, 0], [94, 109], [-571, -654]]
[[1, 0], [94, 327], [-191, -654]]
[[1, 0], [95, 109], [-199, -218]]
[[1, 0], [95, 109], [-289, -327]]
[[1, 0], [95, 109], [-395, -436]]
[[1, 0], [95, 109], [-484, -545]]
[[1, 0], [95, 109], [-577, -654]]
[[1, 0], [95, 218], [-101, -218]]
[[1, 0], [95, 218], [-145, -327]]
[[1, 0], [95, 218], [-199, -436]]
[[1, 0], [95, 218], [-289, -654]]
[[1, 0], [95, 327], [-193, -654]]
[[1, 0], [96, 109], [-201, -218]]
[[1, 0], [96, 109], [-292, -327]]
[[1, 0], [96, 109], [-399, -436]]
[[1, 0], [96, 109], [-489, -545]]
[[1, 0], [96, 109], [-583, -654]]
[[1, 0], [96, 545], [-99, -545]]
[[1, 0], [97, 109], [-203, -218]]
[[1, 0], [97, 109], [-295, -327]]
[[1, 0], [97, 109], [-403, -436]]
[[1, 0], [97, 109], [-494, -545]]
[[1, 0], [97, 109], [-589, -654]]
[[1, 0], [97, 218], [-103, -218]]
[[1, 0], [97, 218], [-148, -327]]
[[1, 0], [97, 218], [-203, -436]]
[[1, 0], [97, 218], [-295, -654]]
[[1, 0], [97, 327], [-197, -654]]
[[1, 0], [97, 436], [-103, -436]]
[[1, 0], [98, 109], [-205, -218]]
[[1, 0], [98, 109], [-298, -327]]
[[1, 0], [98, 109], [-407, -436]]
[[1, 0], [98, 109], [-499, -545]]
[[1, 0], [98, 109], [-595, -654]]
[[1, 0], [98, 327], [-199, -654]]
[[1, 0], [99, 109], [-207, -218]]
[[1, 0], [99, 109], [-301, -327]]
[[1, 0], [99, 109], [-411, -436]]
[[1, 0], [99, 109], [-504, -545]]
[[1, 0], [99, 109], [-601, -654]]
[[1, 0], [99, 218], [-105, -218]]
[[1, 0], [99, 218], [-151, -327]]
[[1, 0], [99, 218], [-207, -436]]
[[1, 0], [99, 218], [-301, -654]]
