[[1, 0], [0, 1], [-1007, -52]]
[[1, 0], [0, 1], [-10374, -125]]
[[1, 0], [0, 1], [-10374, -83]]
[[1, 0], [0, 1], [-104, -95]]
[[1, 0], [0, 1], [-1053, -323]]
[[1, 0], [0, 1], [-114, -65]]
[[1, 0], [0, 1], [-1235, -309]]
[[1, 0], [0, 1], [-1235, -4]]
[[1, 0], [0, 1], [-1254, -65]]
[[1, 0], [0, 1], [-130, -19]]
[[1, 0], [0, 1], [-133, -13]]
[[1, 0], [0, 1], [-1425, -299]]
[[1, 0], [0, 1], [-143, -76]]
[[1, 0], [0, 1], [-152, -39]]
[[1, 0], [0, 1], [-15561, -251]]
[[1, 0], [0, 1], [-15561, -62]]
[[1, 0], [0, 1], [-169, -38]]
[[1, 0], [0, 1], [-171, -26]]
[[1, 0], [0, 1], [-1742, -133]]
[[1, 0], [0, 1], [-1859, -285]]
[[1, 0], [0, 1], [-19, -13]]
[[1, 0], [0, 1], [-209, -65]]
[[1, 0], [0, 1], [-2223, -278]]
[[1, 0], [0, 1], [-2223, -8]]
[[1, 0], [0, 1], [-247, -124]]
[[1, 0], [0, 1], [-247, -1]]
[[1, 0], [0, 1], [-247, -2]]
[[1, 0], [0, 1], [-247, -31]]
[[1, 0], [0, 1], [-247, -4]]
[[1, 0], [0, 1], [-247, -62]]
[[1, 0], [0, 1], [-247, -8]]
[[1, 0], [0, 1], [-248, -247]]
[[1, 0], [0, 1], [-2489, -130]]
[[1, 0], [0, 1], [-26, -19]]
[[1, 0], [0, 1], [-260, -19]]
[[1, 0], [0, 1], [-2603, -273]]
[[1, 0], [0, 1], [-266, -13]]
[[1, 0], [0, 1], [-299, -114]]
[[1, 0], [0, 1], [-30875, -124]]
[[1, 0], [0, 1], [-30875, -249]]
[[1, 0], [0, 1], [-3471, -266]]
[[1, 0], [0, 1], [-377, -57]]
[[1, 0], [0, 1], [-380, -39]]
[[1, 0], [0, 1], [-399, -104]]
[[1, 0], [0, 1], [-4199, -50]]
[[1, 0], [0, 1], [-4199, -84]]
[[1, 0], [0, 1], [-494, -11]]
[[1, 0], [0, 1], [-494, -15]]
[[1, 0], [0, 1], [-494, -165]]
[[1, 0], [0, 1], [-494, -1]]
[[1, 0], [0, 1], [-494, -33]]
[[1, 0], [0, 1], [-494, -3]]
[[1, 0], [0, 1], [-494, -45]]
[[1, 0], [0, 1], [-494, -55]]
[[1, 0], [0, 1], [-494, -5]]
[[1, 0], [0, 1], [-494, -99]]
[[1, 0], [0, 1], [-494, -9]]
[[1, 0], [0, 1], [-495, -494]]
[[1, 0], [0, 1], [-4959, -260]]
[[1, 0], [0, 1], [-507, -38]]
[[1, 0], [0, 1], [-513, -26]]
[[1, 0], [0, 1], [-52, -19]]
[[1, 0], [0, 1], [-57, -26]]
[[1, 0], [0, 1], [-61503, -248]]
[[1, 0], [0, 1], [-624, -95]]
[[1, 0], [0, 1], [-65, -19]]
[[1, 0], [0, 1], [-650, -399]]
[[1, 0], [0, 1], [-663, -152]]
[[1, 0], [0, 1], [-741, -14]]
[[1, 0], [0, 1], [-741, -2]]
[[1, 0], [0, 1], [-741, -371]]
[[1, 0], [0, 1], [-741, -53]]
[[1, 0], [0, 1], [-7904, -255]]
[[1, 0], [0, 1], [-7904, -31]]
[[1, 0], [0, 1], [-836, -351]]
[[1, 0], [0, 1], [-874, -91]]
[[1, 0], [0, 1], [-91, -76]]
[[1, 0], [0, 1], [-912, -143]]
[[1, 0], [0, 1], [-95, -39]]
[[1, 0], [0, 1], [-988, -23]]
[[1, 0], [0, 1], [-988, -43]]
[[1, 0], [1, 104], [-11, -156]]
[[1, 0], [1, 10], [-1124, -125]]
[[1, 0], [1, 10], [-123, -52]]
[[1, 0], [1, 10], [-149, -65]]
[[1, 0], [1, 10], [-23, -78]]
[[1, 0], [1, 10], [-279, -130]]
[[1, 0], [1, 10], [-29, -95]]
[[1, 0], [1, 10], [-45, -13]]
[[1, 0], [1, 10], [-499, -50]]
[[1, 0], [1, 10], [-539, -260]]
[[1, 0], [1, 10], [-55, -56]]
[[1, 0], [1, 10], [-71, -26]]
[[1, 0], [1, 114], [-8, -171]]
[[1, 0], [1, 11], [-1011, -253]]
[[1, 0], [1, 11], [-15, -13]]
[[1, 0], [1, 11], [-197, -286]]
[[1, 0], [1, 11], [-32, -143]]
[[1, 0], [1, 124], [-495, -124]]
[[1, 0], [1, 124], [-743, -248]]
[[1, 0], [1, 125], [-249, -250]]
[[1, 0], [1, 12], [-125, -18]]
[[1, 0], [1, 12], [-15, -76]]
[[1, 0], [1, 12], [-167, -28]]
[[1, 0], [1, 12], [-314, -63]]
[[1, 0], [1, 12], [-35, -78]]
[[1, 0], [1, 12], [-43, -22]]
[[1, 0], [1, 12], [-45, -46]]
[[1, 0], [1, 12], [-8, -39]]
[[1, 0], [1, 12], [-9, -13]]
[[1, 0], [1, 130], [-59, -260]]
[[1, 0], [1, 133], [-27, -133]]
[[1, 0], [1, 133], [-41, -266]]
[[1, 0], [1, 13], [-119, -312]]
[[1, 0], [1, 13], [-119, -65]]
[[1, 0], [1, 13], [-137, -299]]
[[1, 0], [1, 13], [-20, -13]]
[[1, 0], [1, 13], [-21, -26]]
[[1, 0], [1, 13], [-219, -130]]
[[1, 0], [1, 13], [-23, -52]]
[[1, 0], [1, 13], [-230, -273]]
[[1, 0], [1, 13], [-24, -65]]
[[1, 0], [1, 13], [-29, -130]]
[[1, 0], [1, 13], [-41, -39]]
[[1, 0], [1, 13], [-419, -260]]
[[1, 0], [1, 13], [-51, -169]]
[[1, 0], [1, 13], [-59, -26]]
[[1, 0], [1, 13], [-77, -494]]
[[1, 0], [1, 13], [-83, -91]]
[[1, 0], [1, 13], [-86, -377]]
[[1, 0], [1, 13], [-87, -143]]
[[1, 0], [1, 13], [-99, -52]]
[[1, 0], [1, 143], [-21, -286]]
[[1, 0], [1, 14], [-11, -76]]
[[1, 0], [1, 14], [-125, -21]]
[[1, 0], [1, 14], [-146, -133]]
[[1, 0], [1, 14], [-179, -36]]
[[1, 0], [1, 14], [-279, -266]]
[[1, 0], [1, 14], [-32, -19]]
[[1, 0], [1, 14], [-503, -126]]
[[1, 0], [1, 14], [-51, -38]]
[[1, 0], [1, 14], [-83, -364]]
[[1, 0], [1, 152], [-15, -304]]
[[1, 0], [1, 15], [-149, -285]]
[[1, 0], [1, 15], [-16, -19]]
[[1, 0], [1, 15], [-3, -19]]
[[1, 0], [1, 15], [-35, -57]]
[[1, 0], [1, 15], [-53, -54]]
[[1, 0], [1, 15], [-54, -95]]
[[1, 0], [1, 15], [-67, -17]]
[[1, 0], [1, 16], [-17, -38]]
[[1, 0], [1, 16], [-255, -128]]
[[1, 0], [1, 16], [-33, -34]]
[[1, 0], [1, 16], [-55, -152]]
[[1, 0], [1, 17], [-509, -255]]
[[1, 0], [1, 17], [-8, -19]]
[[1, 0], [1, 17], [-84, -323]]
[[1, 0], [1, 18], [-14, -57]]
[[1, 0], [1, 18], [-167, -42]]
[[1, 0], [1, 18], [-71, -342]]
[[1, 0], [1, 18], [-755, -252]]
[[1, 0], [1, 19], [-111, -133]]
[[1, 0], [1, 19], [-119, -285]]
[[1, 0], [1, 19], [-14, -19]]
[[1, 0], [1, 19], [-15, -38]]
[[1, 0], [1, 19], [-20, -133]]
[[1, 0], [1, 19], [-27, -19]]
[[1, 0], [1, 19], [-27, -247]]
[[1, 0], [1, 19], [-29, -57]]
[[1, 0], [1, 19], [-35, -171]]
[[1, 0], [1, 19], [-41, -38]]
[[1, 0], [1, 19], [-44, -95]]
[[1, 0], [1, 19], [-47, -152]]
[[1, 0], [1, 19], [-53, -494]]
[[1, 0], [1, 19], [-59, -380]]
[[1, 0], [1, 20], [-149, -130]]
[[1, 0], [1, 20], [-279, -260]]
[[1, 0], [1, 20], [-29, -190]]
[[1, 0], [1, 20], [-45, -26]]
[[1, 0], [1, 20], [-71, -52]]
[[1, 0], [1, 20], [-84, -65]]
[[1, 0], [1, 21], [-146, -273]]
[[1, 0], [1, 21], [-251, -84]]
[[1, 0], [1, 21], [-29, -39]]
[[1, 0], [1, 21], [-55, -91]]
[[1, 0], [1, 22], [-15, -26]]
[[1, 0], [1, 22], [-54, -143]]
[[1, 0], [1, 23], [-45, -437]]
[[1, 0], [1, 23], [-505, -253]]
[[1, 0], [1, 247], [-2, -247]]
[[1, 0], [1, 247], [-3, -247]]
[[1, 0], [1, 247], [-5, -494]]
[[1, 0], [1, 248], [-495, -248]]
[[1, 0], [1, 249], [-248, -249]]
[[1, 0], [1, 24], [-15, -152]]
[[1, 0], [1, 24], [-35, -156]]
[[1, 0], [1, 24], [-43, -44]]
[[1, 0], [1, 24], [-9, -26]]
[[1, 0], [1, 25], [-14, -65]]
[[1, 0], [1, 25], [-249, -50]]
[[1, 0], [1, 25], [-499, -125]]
[[1, 0], [1, 25], [-9, -95]]
[[1, 0], [1, 266], [-27, -266]]
[[1, 0], [1, 26], [-11, -39]]
[[1, 0], [1, 26], [-119, -130]]
[[1, 0], [1, 26], [-20, -247]]
[[1, 0], [1, 26], [-219, -260]]
[[1, 0], [1, 26], [-23, -104]]
[[1, 0], [1, 26], [-51, -338]]
[[1, 0], [1, 26], [-59, -52]]
[[1, 0], [1, 26], [-69, -65]]
[[1, 0], [1, 26], [-87, -286]]
[[1, 0], [1, 273], [-20, -273]]
[[1, 0], [1, 27], [-17, -117]]
[[1, 0], [1, 27], [-5, -57]]
[[1, 0], [1, 285], [-14, -285]]
[[1, 0], [1, 28], [-125, -42]]
[[1, 0], [1, 28], [-503, -252]]
[[1, 0], [1, 2], [-1031, -86]]
[[1, 0], [1, 2], [-10499, -250]]
[[1, 0], [1, 2], [-1055, -286]]
[[1, 0], [1, 2], [-1124, -25]]
[[1, 0], [1, 2], [-1239, -8]]
[[1, 0], [1, 2], [-125, -117]]
[[1, 0], [1, 2], [-125, -3]]
[[1, 0], [1, 2], [-1319, -130]]
[[1, 0], [1, 2], [-146, -19]]
[[1, 0], [1, 2], [-149, -13]]
[[1, 0], [1, 2], [-15623, -124]]
[[1, 0], [1, 2], [-16, -13]]
[[1, 0], [1, 2], [-1637, -63]]
[[1, 0], [1, 2], [-165, -83]]
[[1, 0], [1, 2], [-167, -152]]
[[1, 0], [1, 2], [-179, -130]]
[[1, 0], [1, 2], [-1875, -266]]
[[1, 0], [1, 2], [-191, -78]]
[[1, 0], [1, 2], [-207, -76]]
[[1, 0], [1, 2], [-248, -247]]
[[1, 0], [1, 2], [-255, -16]]
[[1, 0], [1, 2], [-2619, -260]]
[[1, 0], [1, 2], [-279, -26]]
[[1, 0], [1, 2], [-279, -38]]
[[1, 0], [1, 2], [-29, -19]]
[[1, 0], [1, 2], [-30999, -248]]
[[1, 0], [1, 2], [-35, -13]]
[[1, 0], [1, 2], [-4091, -31]]
[[1, 0], [1, 2], [-495, -2]]
[[1, 0], [1, 2], [-495, -494]]
[[1, 0], [1, 2], [-499, -10]]
[[1, 0], [1, 2], [-503, -18]]
[[1, 0], [1, 2], [-527, -66]]
[[1, 0], [1, 2], [-539, -52]]
[[1, 0], [1, 2], [-539, -90]]
[[1, 0], [1, 2], [-54, -13]]
[[1, 0], [1, 2], [-55, -19]]
[[1, 0], [1, 2], [-659, -330]]
[[1, 0], [1, 2], [-669, -65]]
[[1, 0], [1, 2], [-71, -38]]
[[1, 0], [1, 2], [-743, -4]]
[[1, 0], [1, 2], [-755, -28]]
[[1, 0], [1, 2], [-7935, -62]]
[[1, 0], [1, 2], [-815, -304]]
[[1, 0], [1, 2], [-83, -52]]
[[1, 0], [1, 2], [-944, -133]]
[[1, 0], [1, 30], [-3, -38]]
[[1, 0], [1, 31], [-1239, -124]]
[[1, 0], [1, 31], [-2231, -248]]
[[1, 0], [1, 31], [-495, -31]]
[[1, 0], [1, 31], [-743, -62]]
[[1, 0], [1, 32], [-255, -256]]
[[1, 0], [1, 33], [-32, -429]]
[[1, 0], [1, 34], [-16, -221]]
[[1, 0], [1, 36], [-167, -84]]
[[1, 0], [1, 36], [-8, -117]]
[[1, 0], [1, 38], [-111, -266]]
[[1, 0], [1, 38], [-14, -247]]
[[1, 0], [1, 38], [-15, -76]]
[[1, 0], [1, 38], [-27, -38]]
[[1, 0], [1, 38], [-27, -494]]
[[1, 0], [1, 38], [-35, -342]]
[[1, 0], [1, 38], [-47, -304]]
[[1, 0], [1, 38], [-62, -133]]
[[1, 0], [1, 38], [-8, -57]]
[[1, 0], [1, 38], [-9, -95]]
[[1, 0], [1, 39], [-10, -143]]
[[1, 0], [1, 39], [-20, -39]]
[[1, 0], [1, 39], [-23, -156]]
[[1, 0], [1, 39], [-29, -390]]
[[1, 0], [1, 39], [-34, -91]]
[[1, 0], [1, 39], [-83, -273]]
[[1, 0], [1, 3], [-1031, -129]]
[[1, 0], [1, 3], [-10457, -249]]
[[1, 0], [1, 3], [-118, -133]]
[[1, 0], [1, 3], [-124, -125]]
[[1, 0], [1, 3], [-134, -117]]
[[1, 0], [1, 3], [-146, -39]]
[[1, 0], [1, 3], [-149, -57]]
[[1, 0], [1, 3], [-15, -19]]
[[1, 0], [1, 3], [-167, -228]]
[[1, 0], [1, 3], [-167, -7]]
[[1, 0], [1, 3], [-17, -13]]
[[1, 0], [1, 3], [-179, -195]]
[[1, 0], [1, 3], [-244, -95]]
[[1, 0], [1, 3], [-248, -3]]
[[1, 0], [1, 3], [-251, -12]]
[[1, 0], [1, 3], [-278, -93]]
[[1, 0], [1, 3], [-32, -39]]
[[1, 0], [1, 3], [-328, -91]]
[[1, 0], [1, 3], [-3568, -83]]
[[1, 0], [1, 3], [-371, -372]]
[[1, 0], [1, 3], [-413, -342]]
[[1, 0], [1, 3], [-4283, -252]]
[[1, 0], [1, 3], [-503, -312]]
[[1, 0], [1, 3], [-539, -135]]
[[1, 0], [1, 3], [-54, -19]]
[[1, 0], [1, 3], [-55, -13]]
[[1, 0], [1, 3], [-593, -297]]
[[1, 0], [1, 3], [-71, -57]]
[[1, 0], [1, 3], [-719, -285]]
[[1, 0], [1, 3], [-755, -42]]
[[1, 0], [1, 3], [-84, -5]]
[[1, 0], [1, 3], [-87, -52]]
[[1, 0], [1, 3], [-934, -85]]
[[1, 0], [1, 3], [-965, -273]]
[[1, 0], [1, 3], [-99, -50]]
[[1, 0], [1, 40], [-4, -65]]
[[1, 0], [1, 42], [-125, -63]]
[[1, 0], [1, 494], [-3, -494]]
[[1, 0], [1, 4], [-125, -234]]
[[1, 0], [1, 4], [-125, -6]]
[[1, 0], [1, 4], [-1319, -260]]
[[1, 0], [1, 4], [-149, -26]]
[[1, 0], [1, 4], [-15623, -248]]
[[1, 0], [1, 4], [-1637, -126]]
[[1, 0], [1, 4], [-165, -166]]
[[1, 0], [1, 4], [-191, -156]]
[[1, 0], [1, 4], [-207, -152]]
[[1, 0], [1, 4], [-2169, -31]]
[[1, 0], [1, 4], [-255, -32]]
[[1, 0], [1, 4], [-279, -52]]
[[1, 0], [1, 4], [-29, -38]]
[[1, 0], [1, 4], [-314, -21]]
[[1, 0], [1, 4], [-344, -65]]
[[1, 0], [1, 4], [-35, -26]]
[[1, 0], [1, 4], [-4091, -62]]
[[1, 0], [1, 4], [-495, -4]]
[[1, 0], [1, 4], [-503, -36]]
[[1, 0], [1, 4], [-527, -132]]
[[1, 0], [1, 4], [-55, -38]]
[[1, 0], [1, 4], [-669, -130]]
[[1, 0], [1, 4], [-743, -8]]
[[1, 0], [1, 4], [-7935, -124]]
[[1, 0], [1, 4], [-8, -13]]
[[1, 0], [1, 4], [-84, -13]]
[[1, 0], [1, 50], [-499, -250]]
[[1, 0], [1, 51], [-84, -85]]
[[1, 0], [1, 52], [-11, -78]]
[[1, 0], [1, 52], [-119, -260]]
[[1, 0], [1, 52], [-44, -65]]
[[1, 0], [1, 52], [-69, -130]]
[[1, 0], [1, 57], [-14, -57]]
[[1, 0], [1, 57], [-20, -399]]
[[1, 0], [1, 57], [-44, -285]]
[[1, 0], [1, 57], [-7, -152]]
[[1, 0], [1, 5], [-1059, -260]]
[[1, 0], [1, 5], [-123, -26]]
[[1, 0], [1, 5], [-14, -13]]
[[1, 0], [1, 5], [-149, -95]]
[[1, 0], [1, 5], [-199, -475]]
[[1, 0], [1, 5], [-219, -380]]
[[1, 0], [1, 5], [-227, -52]]
[[1, 0], [1, 5], [-23, -39]]
[[1, 0], [1, 5], [-249, -10]]
[[1, 0], [1, 5], [-274, -325]]
[[1, 0], [1, 5], [-279, -65]]
[[1, 0], [1, 5], [-309, -310]]
[[1, 0], [1, 5], [-35, -19]]
[[1, 0], [1, 5], [-356, -51]]
[[1, 0], [1, 5], [-41, -91]]
[[1, 0], [1, 5], [-4249, -250]]
[[1, 0], [1, 5], [-434, -285]]
[[1, 0], [1, 5], [-499, -25]]
[[1, 0], [1, 5], [-53, -18]]
[[1, 0], [1, 5], [-539, -130]]
[[1, 0], [1, 5], [-549, -275]]
[[1, 0], [1, 5], [-55, -28]]
[[1, 0], [1, 5], [-62, -63]]
[[1, 0], [1, 5], [-71, -13]]
[[1, 0], [1, 5], [-794, -265]]
[[1, 0], [1, 5], [-9, -19]]
[[1, 0], [1, 5], [-92, -57]]
[[1, 0], [1, 62], [-1239, -248]]
[[1, 0], [1, 62], [-495, -62]]
[[1, 0], [1, 62], [-743, -124]]
[[1, 0], [1, 63], [-251, -252]]
[[1, 0], [1, 65], [-24, -325]]
[[1, 0], [1, 65], [-5, -78]]
[[1, 0], [1, 65], [-59, -130]]
[[1, 0], [1, 65], [-99, -260]]
[[1, 0], [1, 6], [-1031, -258]]
[[1, 0], [1, 6], [-125, -9]]
[[1, 0], [1, 6], [-14, -19]]
[[1, 0], [1, 6], [-15, -38]]
[[1, 0], [1, 6], [-167, -14]]
[[1, 0], [1, 6], [-167, -456]]
[[1, 0], [1, 6], [-179, -390]]
[[1, 0], [1, 6], [-35, -39]]
[[1, 0], [1, 6], [-43, -11]]
[[1, 0], [1, 6], [-45, -23]]
[[1, 0], [1, 6], [-539, -270]]
[[1, 0], [1, 6], [-71, -114]]
[[1, 0], [1, 6], [-755, -84]]
[[1, 0], [1, 6], [-87, -104]]
[[1, 0], [1, 6], [-99, -100]]
[[1, 0], [1, 741], [-2, -741]]
[[1, 0], [1, 76], [-15, -152]]
[[1, 0], [1, 76], [-9, -190]]
[[1, 0], [1, 78], [-23, -312]]
[[1, 0], [1, 7], [-11, -38]]
[[1, 0], [1, 7], [-146, -91]]
[[1, 0], [1, 7], [-179, -18]]
[[1, 0], [1, 7], [-23, -57]]
[[1, 0], [1, 7], [-251, -28]]
[[1, 0], [1, 7], [-279, -133]]
[[1, 0], [1, 7], [-29, -13]]
[[1, 0], [1, 7], [-419, -273]]
[[1, 0], [1, 7], [-503, -63]]
[[1, 0], [1, 7], [-51, -19]]
[[1, 0], [1, 7], [-545, -266]]
[[1, 0], [1, 7], [-68, -39]]
[[1, 0], [1, 7], [-83, -182]]
[[1, 0], [1, 7], [-89, -38]]
[[1, 0], [1, 83], [-248, -83]]
[[1, 0], [1, 83], [-497, -249]]
[[1, 0], [1, 84], [-125, -126]]
[[1, 0], [1, 8], [-1208, -31]]
[[1, 0], [1, 8], [-17, -19]]
[[1, 0], [1, 8], [-191, -312]]
[[1, 0], [1, 8], [-207, -304]]
[[1, 0], [1, 8], [-2169, -62]]
[[1, 0], [1, 8], [-255, -64]]
[[1, 0], [1, 8], [-33, -17]]
[[1, 0], [1, 8], [-35, -52]]
[[1, 0], [1, 8], [-4, -13]]
[[1, 0], [1, 8], [-4091, -124]]
[[1, 0], [1, 8], [-495, -8]]
[[1, 0], [1, 8], [-527, -264]]
[[1, 0], [1, 8], [-55, -76]]
[[1, 0], [1, 8], [-7935, -248]]
[[1, 0], [1, 91], [-20, -91]]
[[1, 0], [1, 91], [-41, -273]]
[[1, 0], [1, 95], [-14, -95]]
[[1, 0], [1, 95], [-29, -285]]
[[1, 0], [1, 9], [-134, -351]]
[[1, 0], [1, 9], [-167, -21]]
[[1, 0], [1, 9], [-17, -39]]
[[1, 0], [1, 9], [-251, -36]]
[[1, 0], [1, 9], [-278, -279]]
[[1, 0], [1, 9], [-31, -32]]
[[1, 0], [1, 9], [-5, -19]]
[[1, 0], [1, 9], [-71, -171]]
[[1, 0], [1, 9], [-755, -126]]
[[1, 0], [10, 13], [-119, -130]]
[[1, 0], [10, 13], [-135, -52]]
[[1, 0], [10, 13], [-146, -91]]
[[1, 0], [10, 13], [-16, -17]]
[[1, 0], [10, 13], [-164, -65]]
[[1, 0], [10, 13], [-168, -169]]
[[1, 0], [10, 13], [-186, -143]]
[[1, 0], [10, 13], [-210, -247]]
[[1, 0], [10, 13], [-29, -13]]
[[1, 0], [10, 13], [-309, -130]]
[[1, 0], [10, 13], [-335, -312]]
[[1, 0], [10, 13], [-344, -299]]
[[1, 0], [10, 13], [-347, -377]]
[[1, 0], [10, 13], [-41, -21]]
[[1, 0], [10, 13], [-419, -273]]
[[1, 0], [10, 13], [-419, -494]]
[[1, 0], [10, 13], [-59, -52]]
[[1, 0], [10, 13], [-599, -260]]
[[1, 0], [10, 13], [-68, -39]]
[[1, 0], [10, 13], [-69, -65]]
[[1, 0], [10, 13], [-77, -26]]
[[1, 0], [10, 19], [-116, -171]]
[[1, 0], [10, 19], [-119, -152]]
[[1, 0], [10, 19], [-144, -247]]
[[1, 0], [10, 19], [-174, -133]]
[[1, 0], [10, 19], [-23, -19]]
[[1, 0], [10, 19], [-239, -380]]
[[1, 0], [10, 19], [-254, -285]]
[[1, 0], [10, 19], [-287, -494]]
[[1, 0], [10, 19], [-33, -38]]
[[1, 0], [10, 19], [-335, -266]]
[[1, 0], [10, 19], [-56, -57]]
[[1, 0], [10, 19], [-59, -38]]
[[1, 0], [10, 19], [-83, -133]]
[[1, 0], [10, 19], [-89, -95]]
[[1, 0], [10, 247], [-12, -247]]
[[1, 0], [10, 247], [-23, -494]]
[[1, 0], [10, 39], [-119, -390]]
[[1, 0], [10, 39], [-146, -273]]
[[1, 0], [10, 39], [-29, -39]]
[[1, 0], [10, 39], [-43, -143]]
[[1, 0], [10, 39], [-55, -91]]
[[1, 0], [10, 39], [-59, -156]]
[[1, 0], [10, 57], [-23, -57]]
[[1, 0], [10, 57], [-31, -152]]
[[1, 0], [10, 57], [-34, -95]]
[[1, 0], [10, 57], [-83, -399]]
[[1, 0], [10, 57], [-89, -285]]
[[1, 0], [100, 143], [-219, -286]]
[[1, 0], [100, 247], [-203, -494]]
[[1, 0], [101, 130], [-139, -130]]
[[1, 0], [101, 130], [-259, -260]]
[[1, 0], [101, 247], [-103, -247]]
[[1, 0], [101, 247], [-205, -494]]
[[1, 0], [101, 260], [-139, -260]]
[[1, 0], [101, 494], [-103, -494]]
[[1, 0], [102, 247], [-207, -494]]
[[1, 0], [103, 114], [-161, -171]]
[[1, 0], [103, 247], [-105, -247]]
[[1, 0], [103, 494], [-105, -494]]
[[1, 0], [105, 152], [-223, -304]]
[[1, 0], [105, 247], [-107, -247]]
[[1, 0], [105, 247], [-213, -494]]
[[1, 0], [105, 494], [-107, -494]]
[[1, 0], [106, 133], [-251, -266]]
[[1, 0], [106, 247], [-108, -247]]
[[1, 0], [106, 247], [-215, -494]]
[[1, 0], [106, 273], [-125, -273]]
[[1, 0], [106, 285], [-119, -285]]
[[1, 0], [107, 247], [-109, -247]]
[[1, 0], [107, 247], [-217, -494]]
[[1, 0], [107, 494], [-109, -494]]
[[1, 0], [108, 247], [-110, -247]]
[[1, 0], [108, 247], [-219, -494]]
[[1, 0], [109, 114], [-170, -171]]
[[1, 0], [11, 130], [-49, -130]]
[[1, 0], [11, 130], [-79, -260]]
[[1, 0], [11, 13], [-129, -130]]
[[1, 0], [11, 13], [-139, -52]]
[[1, 0], [11, 13], [-15, -16]]
[[1, 0], [11, 13], [-153, -91]]
[[1, 0], [11, 13], [-181, -169]]
[[1, 0], [11, 13], [-197, -143]]
[[1, 0], [11, 13], [-229, -247]]
[[1, 0], [11, 13], [-30, -13]]
[[1, 0], [11, 13], [-319, -130]]
[[1, 0], [11, 13], [-34, -35]]
[[1, 0], [11, 13], [-359, -312]]
[[1, 0], [11, 13], [-367, -299]]
[[1, 0], [11, 13], [-376, -377]]
[[1, 0], [11, 13], [-41, -26]]
[[1, 0], [11, 13], [-440, -273]]
[[1, 0], [11, 13], [-457, -494]]
[[1, 0], [11, 13], [-619, -260]]
[[1, 0], [11, 13], [-63, -52]]
[[1, 0], [11, 13], [-71, -39]]
[[1, 0], [11, 13], [-74, -65]]
[[1, 0], [11, 13], [-79, -26]]
[[1, 0], [11, 19], [-125, -171]]
[[1, 0], [11, 19], [-127, -152]]
[[1, 0], [11, 19], [-157, -247]]
[[1, 0], [11, 19], [-181, -133]]
[[1, 0], [11, 19], [-24, -19]]
[[1, 0], [11, 19], [-259, -380]]
[[1, 0], [11, 19], [-269, -285]]
[[1, 0], [11, 19], [-313, -494]]
[[1, 0], [11, 19], [-349, -266]]
[[1, 0], [11, 19], [-35, -38]]
[[1, 0], [11, 19], [-59, -57]]
[[1, 0], [11, 19], [-61, -38]]
[[1, 0], [11, 19], [-90, -133]]
[[1, 0], [11, 19], [-94, -95]]
[[1, 0], [11, 247], [-12, -247]]
[[1, 0], [11, 247], [-25, -494]]
[[1, 0], [11, 26], [-115, -247]]
[[1, 0], [11, 26], [-181, -338]]
[[1, 0], [11, 26], [-197, -286]]
[[1, 0], [11, 26], [-229, -494]]
[[1, 0], [11, 26], [-319, -260]]
[[1, 0], [11, 26], [-48, -91]]
[[1, 0], [11, 26], [-63, -104]]
[[1, 0], [11, 26], [-79, -52]]
[[1, 0], [11, 26], [-94, -65]]
[[1, 0], [11, 38], [-125, -342]]
[[1, 0], [11, 38], [-127, -304]]
[[1, 0], [11, 38], [-157, -494]]
[[1, 0], [11, 38], [-181, -266]]
[[1, 0], [11, 38], [-23, -57]]
[[1, 0], [11, 38], [-34, -95]]
[[1, 0], [11, 38], [-35, -76]]
[[1, 0], [11, 38], [-79, -247]]
[[1, 0], [11, 38], [-97, -133]]
[[1, 0], [11, 65], [-139, -260]]
[[1, 0], [11, 65], [-17, -78]]
[[1, 0], [11, 65], [-49, -65]]
[[1, 0], [11, 65], [-74, -325]]
[[1, 0], [11, 65], [-79, -130]]
[[1, 0], [11, 95], [-24, -95]]
[[1, 0], [11, 95], [-59, -285]]
[[1, 0], [110, 247], [-112, -247]]
[[1, 0], [110, 247], [-223, -494]]
[[1, 0], [111, 130], [-149, -130]]
[[1, 0], [111, 130], [-279, -260]]
[[1, 0], [111, 143], [-241, -286]]
[[1, 0], [111, 247], [-113, -247]]
[[1, 0], [111, 247], [-225, -494]]
[[1, 0], [111, 494], [-113, -494]]
[[1, 0], [112, 247], [-227, -494]]
[[1, 0], [113, 133], [-139, -133]]
[[1, 0], [113, 133], [-265, -266]]
[[1, 0], [113, 152], [-239, -304]]
[[1, 0], [113, 247], [-115, -247]]
[[1, 0], [113, 247], [-229, -494]]
[[1, 0], [113, 266], [-139, -266]]
[[1, 0], [113, 494], [-115, -494]]
[[1, 0], [115, 247], [-233, -494]]
[[1, 0], [116, 247], [-118, -247]]
[[1, 0], [116, 247], [-235, -494]]
[[1, 0], [118, 247], [-120, -247]]
[[1, 0], [118, 247], [-239, -494]]
[[1, 0], [118, 741], [-119, -741]]
[[1, 0], [119, 247], [-241, -494]]
[[1, 0], [12, 13], [-139, -130]]
[[1, 0], [12, 13], [-160, -91]]
[[1, 0], [12, 13], [-174, -65]]
[[1, 0], [12, 13], [-194, -169]]
[[1, 0], [12, 13], [-20, -19]]
[[1, 0], [12, 13], [-248, -247]]
[[1, 0], [12, 13], [-329, -130]]
[[1, 0], [12, 13], [-383, -312]]
[[1, 0], [12, 13], [-39, -38]]
[[1, 0], [12, 13], [-405, -377]]
[[1, 0], [12, 13], [-43, -26]]
[[1, 0], [12, 13], [-461, -273]]
[[1, 0], [12, 13], [-495, -494]]
[[1, 0], [12, 13], [-50, -13]]
[[1, 0], [12, 13], [-639, -260]]
[[1, 0], [12, 13], [-67, -52]]
[[1, 0], [12, 13], [-74, -39]]
[[1, 0], [12, 13], [-79, -65]]
[[1, 0], [12, 13], [-81, -26]]
[[1, 0], [12, 143], [-43, -286]]
[[1, 0], [12, 19], [-134, -171]]
[[1, 0], [12, 19], [-135, -152]]
[[1, 0], [12, 19], [-170, -247]]
[[1, 0], [12, 19], [-188, -133]]
[[1, 0], [12, 19], [-25, -19]]
[[1, 0], [12, 19], [-279, -380]]
[[1, 0], [12, 19], [-284, -285]]
[[1, 0], [12, 19], [-339, -494]]
[[1, 0], [12, 19], [-363, -266]]
[[1, 0], [12, 19], [-37, -38]]
[[1, 0], [12, 19], [-62, -57]]
[[1, 0], [12, 19], [-63, -38]]
[[1, 0], [12, 19], [-97, -133]]
[[1, 0], [12, 19], [-99, -95]]
[[1, 0], [12, 247], [-14, -247]]
[[1, 0], [12, 247], [-27, -494]]
[[1, 0], [120, 133], [-146, -133]]
[[1, 0], [120, 133], [-279, -266]]
[[1, 0], [120, 247], [-122, -247]]
[[1, 0], [120, 247], [-243, -494]]
[[1, 0], [121, 152], [-255, -304]]
[[1, 0], [121, 247], [-123, -247]]
[[1, 0], [121, 247], [-245, -494]]
[[1, 0], [121, 285], [-134, -285]]
[[1, 0], [121, 494], [-123, -494]]
[[1, 0], [122, 143], [-263, -286]]
[[1, 0], [123, 247], [-125, -247]]
[[1, 0], [123, 247], [-249, -494]]
[[1, 0], [123, 494], [-125, -494]]
[[1, 0], [124, 247], [-251, -494]]
[[1, 0], [125, 247], [-253, -494]]
[[1, 0], [125, 494], [-127, -494]]
[[1, 0], [126, 247], [-128, -247]]
[[1, 0], [126, 247], [-255, -494]]
[[1, 0], [127, 133], [-293, -266]]
[[1, 0], [127, 247], [-257, -494]]
[[1, 0], [127, 273], [-146, -273]]
[[1, 0], [127, 494], [-129, -494]]
[[1, 0], [128, 247], [-259, -494]]
[[1, 0], [129, 152], [-271, -304]]
[[1, 0], [129, 247], [-261, -494]]
[[1, 0], [129, 494], [-131, -494]]
[[1, 0], [13, 114], [-26, -171]]
[[1, 0], [13, 19], [-104, -133]]
[[1, 0], [13, 19], [-104, -95]]
[[1, 0], [13, 19], [-143, -152]]
[[1, 0], [13, 19], [-143, -171]]
[[1, 0], [13, 19], [-183, -247]]
[[1, 0], [13, 19], [-195, -133]]
[[1, 0], [13, 19], [-299, -285]]
[[1, 0], [13, 19], [-299, -380]]
[[1, 0], [13, 19], [-365, -494]]
[[1, 0], [13, 19], [-377, -266]]
[[1, 0], [13, 19], [-39, -19]]
[[1, 0], [13, 19], [-39, -38]]
[[1, 0], [13, 19], [-65, -38]]
[[1, 0], [13, 19], [-65, -57]]
[[1, 0], [13, 38], [-104, -133]]
[[1, 0], [13, 38], [-143, -304]]
[[1, 0], [13, 38], [-143, -342]]
[[1, 0], [13, 38], [-183, -494]]
[[1, 0], [13, 38], [-195, -266]]
[[1, 0], [13, 38], [-26, -57]]
[[1, 0], [13, 38], [-39, -38]]
[[1, 0], [13, 38], [-39, -76]]
[[1, 0], [13, 38], [-39, -95]]
[[1, 0], [13, 38], [-92, -247]]
[[1, 0], [13, 57], [-104, -285]]
[[1, 0], [13, 57], [-104, -399]]
[[1, 0], [13, 57], [-26, -57]]
[[1, 0], [13, 57], [-39, -152]]
[[1, 0], [13, 57], [-39, -95]]
[[1, 0], [13, 76], [-39, -152]]
[[1, 0], [13, 76], [-39, -190]]
[[1, 0], [131, 247], [-265, -494]]
[[1, 0], [132, 247], [-267, -494]]
[[1, 0], [133, 143], [-285, -286]]
[[1, 0], [134, 247], [-271, -494]]
[[1, 0], [136, 247], [-138, -247]]
[[1, 0], [136, 247], [-275, -494]]
[[1, 0], [136, 285], [-149, -285]]
[[1, 0], [137, 152], [-287, -304]]
[[1, 0], [137, 247], [-277, -494]]
[[1, 0], [137, 494], [-139, -494]]
[[1, 0], [138, 247], [-279, -494]]
[[1, 0], [139, 247], [-281, -494]]
[[1, 0], [139, 494], [-141, -494]]
[[1, 0], [14, 19], [-109, -95]]
[[1, 0], [14, 19], [-111, -133]]
[[1, 0], [14, 19], [-151, -152]]
[[1, 0], [14, 19], [-196, -247]]
[[1, 0], [14, 19], [-202, -133]]
[[1, 0], [14, 19], [-314, -285]]
[[1, 0], [14, 19], [-319, -380]]
[[1, 0], [14, 19], [-391, -266]]
[[1, 0], [14, 19], [-391, -494]]
[[1, 0], [14, 19], [-40, -19]]
[[1, 0], [14, 19], [-41, -38]]
[[1, 0], [14, 19], [-67, -38]]
[[1, 0], [14, 19], [-68, -57]]
[[1, 0], [14, 247], [-15, -247]]
[[1, 0], [14, 247], [-16, -247]]
[[1, 0], [14, 247], [-31, -494]]
[[1, 0], [140, 247], [-283, -494]]
[[1, 0], [142, 247], [-287, -494]]
[[1, 0], [144, 247], [-291, -494]]
[[1, 0], [145, 152], [-303, -304]]
[[1, 0], [145, 247], [-147, -247]]
[[1, 0], [145, 247], [-293, -494]]
[[1, 0], [145, 494], [-147, -494]]
[[1, 0], [146, 247], [-295, -494]]
[[1, 0], [147, 247], [-148, -247]]
[[1, 0], [147, 247], [-297, -494]]
[[1, 0], [147, 494], [-149, -494]]
[[1, 0], [148, 247], [-149, -247]]
[[1, 0], [148, 741], [-149, -741]]
[[1, 0], [149, 247], [-301, -494]]
[[1, 0], [149, 494], [-151, -494]]
[[1, 0], [15, 133], [-41, -133]]
[[1, 0], [15, 133], [-69, -266]]
[[1, 0], [15, 19], [-118, -133]]
[[1, 0], [15, 19], [-159, -152]]
[[1, 0], [15, 19], [-161, -171]]
[[1, 0], [15, 19], [-20, -21]]
[[1, 0], [15, 19], [-329, -285]]
[[1, 0], [15, 19], [-339, -380]]
[[1, 0], [15, 19], [-405, -266]]
[[1, 0], [15, 19], [-41, -19]]
[[1, 0], [15, 19], [-417, -494]]
[[1, 0], [15, 19], [-43, -38]]
[[1, 0], [15, 19], [-69, -38]]
[[1, 0], [15, 19], [-71, -57]]
[[1, 0], [15, 247], [-16, -247]]
[[1, 0], [15, 247], [-17, -247]]
[[1, 0], [15, 247], [-33, -494]]
[[1, 0], [15, 266], [-41, -266]]
[[1, 0], [15, 26], [-153, -247]]
[[1, 0], [15, 26], [-189, -130]]
[[1, 0], [15, 26], [-233, -338]]
[[1, 0], [15, 26], [-241, -286]]
[[1, 0], [15, 26], [-305, -494]]
[[1, 0], [15, 26], [-32, -39]]
[[1, 0], [15, 26], [-359, -260]]
[[1, 0], [15, 26], [-62, -91]]
[[1, 0], [15, 26], [-79, -104]]
[[1, 0], [15, 26], [-87, -52]]
[[1, 0], [15, 38], [-105, -247]]
[[1, 0], [15, 38], [-111, -133]]
[[1, 0], [15, 38], [-159, -304]]
[[1, 0], [15, 38], [-161, -342]]
[[1, 0], [15, 38], [-29, -57]]
[[1, 0], [15, 38], [-41, -38]]
[[1, 0], [15, 38], [-43, -76]]
[[1, 0], [15, 38], [-44, -95]]
[[1, 0], [15, 494], [-17, -494]]
[[1, 0], [15, 91], [-34, -91]]
[[1, 0], [15, 91], [-83, -273]]
[[1, 0], [150, 247], [-303, -494]]
[[1, 0], [151, 247], [-305, -494]]
[[1, 0], [151, 494], [-153, -494]]
[[1, 0], [153, 247], [-309, -494]]
[[1, 0], [154, 247], [-311, -494]]
[[1, 0], [154, 741], [-155, -741]]
[[1, 0], [155, 247], [-313, -494]]
[[1, 0], [155, 494], [-157, -494]]
[[1, 0], [157, 247], [-317, -494]]
[[1, 0], [157, 494], [-159, -494]]
[[1, 0], [158, 247], [-319, -494]]
[[1, 0], [159, 247], [-321, -494]]
[[1, 0], [159, 494], [-161, -494]]
[[1, 0], [16, 19], [-119, -95]]
[[1, 0], [16, 19], [-125, -133]]
[[1, 0], [16, 19], [-167, -152]]
[[1, 0], [16, 19], [-170, -171]]
[[1, 0], [16, 19], [-216, -133]]
[[1, 0], [16, 19], [-222, -247]]
[[1, 0], [16, 19], [-344, -285]]
[[1, 0], [16, 19], [-359, -380]]
[[1, 0], [16, 19], [-419, -266]]
[[1, 0], [16, 19], [-443, -494]]
[[1, 0], [16, 19], [-45, -38]]
[[1, 0], [16, 19], [-71, -38]]
[[1, 0], [16, 19], [-74, -57]]
[[1, 0], [16, 247], [-17, -247]]
[[1, 0], [16, 247], [-18, -247]]
[[1, 0], [16, 247], [-35, -494]]
[[1, 0], [16, 39], [-179, -390]]
[[1, 0], [16, 39], [-188, -273]]
[[1, 0], [16, 39], [-69, -91]]
[[1, 0], [16, 39], [-83, -156]]
[[1, 0], [16, 57], [-119, -285]]
[[1, 0], [16, 57], [-125, -399]]
[[1, 0], [16, 57], [-44, -95]]
[[1, 0], [16, 57], [-47, -152]]
[[1, 0], [16, 65], [-159, -260]]
[[1, 0], [16, 65], [-23, -78]]
[[1, 0], [16, 65], [-89, -130]]
[[1, 0], [16, 65], [-99, -325]]
[[1, 0], [16, 741], [-17, -741]]
[[1, 0], [16, 95], [-74, -285]]
[[1, 0], [162, 247], [-164, -247]]
[[1, 0], [162, 247], [-327, -494]]
[[1, 0], [163, 247], [-329, -494]]
[[1, 0], [163, 494], [-165, -494]]
[[1, 0], [164, 247], [-166, -247]]
[[1, 0], [164, 247], [-331, -494]]
[[1, 0], [165, 247], [-333, -494]]
[[1, 0], [165, 494], [-167, -494]]
[[1, 0], [166, 247], [-335, -494]]
[[1, 0], [167, 247], [-337, -494]]
[[1, 0], [168, 247], [-339, -494]]
[[1, 0], [17, 104], [-35, -156]]
[[1, 0], [17, 152], [-47, -304]]
[[1, 0], [17, 19], [-124, -95]]
[[1, 0], [17, 19], [-132, -133]]
[[1, 0], [17, 19], [-175, -152]]
[[1, 0], [17, 19], [-179, -171]]
[[1, 0], [17, 19], [-223, -133]]
[[1, 0], [17, 19], [-235, -247]]
[[1, 0], [17, 19], [-28, -29]]
[[1, 0], [17, 19], [-359, -285]]
[[1, 0], [17, 19], [-379, -380]]
[[1, 0], [17, 19], [-433, -266]]
[[1, 0], [17, 19], [-469, -494]]
[[1, 0], [17, 19], [-47, -38]]
[[1, 0], [17, 19], [-73, -38]]
[[1, 0], [17, 19], [-77, -57]]
[[1, 0], [17, 247], [-18, -247]]
[[1, 0], [17, 247], [-37, -494]]
[[1, 0], [17, 26], [-109, -65]]
[[1, 0], [17, 26], [-172, -247]]
[[1, 0], [17, 26], [-199, -130]]
[[1, 0], [17, 26], [-259, -338]]
[[1, 0], [17, 26], [-263, -286]]
[[1, 0], [17, 26], [-343, -494]]
[[1, 0], [17, 26], [-35, -39]]
[[1, 0], [17, 26], [-379, -260]]
[[1, 0], [17, 26], [-55, -26]]
[[1, 0], [17, 26], [-69, -91]]
[[1, 0], [17, 26], [-87, -104]]
[[1, 0], [17, 38], [-118, -133]]
[[1, 0], [17, 38], [-118, -247]]
[[1, 0], [17, 38], [-175, -304]]
[[1, 0], [17, 38], [-179, -342]]
[[1, 0], [17, 38], [-223, -266]]
[[1, 0], [17, 38], [-235, -494]]
[[1, 0], [17, 38], [-32, -57]]
[[1, 0], [17, 38], [-43, -38]]
[[1, 0], [17, 38], [-47, -76]]
[[1, 0], [17, 38], [-49, -95]]
[[1, 0], [17, 52], [-109, -130]]
[[1, 0], [17, 52], [-199, -260]]
[[1, 0], [17, 52], [-35, -78]]
[[1, 0], [17, 52], [-55, -52]]
[[1, 0], [17, 52], [-64, -65]]
[[1, 0], [17, 52], [-69, -182]]
[[1, 0], [17, 76], [-47, -152]]
[[1, 0], [17, 76], [-49, -190]]
[[1, 0], [170, 247], [-343, -494]]
[[1, 0], [172, 247], [-347, -494]]
[[1, 0], [173, 247], [-349, -494]]
[[1, 0], [173, 494], [-175, -494]]
[[1, 0], [175, 247], [-177, -247]]
[[1, 0], [175, 247], [-353, -494]]
[[1, 0], [175, 494], [-177, -494]]
[[1, 0], [176, 247], [-355, -494]]
[[1, 0], [177, 247], [-357, -494]]
[[1, 0], [177, 494], [-179, -494]]
[[1, 0], [178, 247], [-359, -494]]
[[1, 0], [178, 741], [-179, -741]]
[[1, 0], [179, 494], [-181, -494]]
[[1, 0], [18, 19], [-129, -95]]
[[1, 0], [18, 19], [-139, -133]]
[[1, 0], [18, 19], [-183, -152]]
[[1, 0], [18, 19], [-188, -171]]
[[1, 0], [18, 19], [-230, -133]]
[[1, 0], [18, 19], [-248, -247]]
[[1, 0], [18, 19], [-27, -26]]
[[1, 0], [18, 19], [-374, -285]]
[[1, 0], [18, 19], [-447, -266]]
[[1, 0], [18, 19], [-49, -38]]
[[1, 0], [18, 19], [-495, -494]]
[[1, 0], [18, 19], [-75, -38]]
[[1, 0], [18, 19], [-80, -57]]
[[1, 0], [180, 247], [-363, -494]]
[[1, 0], [181, 247], [-365, -494]]
[[1, 0], [181, 260], [-219, -260]]
[[1, 0], [181, 494], [-183, -494]]
[[1, 0], [183, 247], [-185, -247]]
[[1, 0], [183, 247], [-369, -494]]
[[1, 0], [183, 494], [-185, -494]]
[[1, 0], [184, 247], [-371, -494]]
[[1, 0], [185, 247], [-373, -494]]
[[1, 0], [185, 494], [-187, -494]]
[[1, 0], [186, 247], [-375, -494]]
[[1, 0], [188, 247], [-379, -494]]
[[1, 0], [189, 247], [-381, -494]]
[[1, 0], [189, 494], [-191, -494]]
[[1, 0], [19, 26], [-114, -65]]
[[1, 0], [19, 26], [-191, -247]]
[[1, 0], [19, 26], [-209, -130]]
[[1, 0], [19, 26], [-285, -286]]
[[1, 0], [19, 26], [-285, -338]]
[[1, 0], [19, 26], [-38, -39]]
[[1, 0], [19, 26], [-381, -494]]
[[1, 0], [19, 26], [-399, -260]]
[[1, 0], [19, 26], [-57, -26]]
[[1, 0], [19, 26], [-76, -91]]
[[1, 0], [19, 26], [-95, -104]]
[[1, 0], [19, 26], [-95, -52]]
[[1, 0], [19, 39], [-209, -273]]
[[1, 0], [19, 39], [-209, -390]]
[[1, 0], [19, 39], [-76, -143]]
[[1, 0], [19, 39], [-76, -91]]
[[1, 0], [19, 39], [-95, -156]]
[[1, 0], [19, 78], [-95, -312]]
[[1, 0], [191, 247], [-385, -494]]
[[1, 0], [191, 494], [-193, -494]]
[[1, 0], [192, 247], [-387, -494]]
[[1, 0], [193, 247], [-389, -494]]
[[1, 0], [194, 247], [-391, -494]]
[[1, 0], [196, 247], [-395, -494]]
[[1, 0], [197, 247], [-397, -494]]
[[1, 0], [197, 494], [-199, -494]]
[[1, 0], [199, 247], [-401, -494]]
[[1, 0], [199, 494], [-201, -494]]
[[1, 0], [2, 13], [-103, -52]]
[[1, 0], [2, 13], [-115, -377]]
[[1, 0], [2, 13], [-115, -494]]
[[1, 0], [2, 13], [-124, -65]]
[[1, 0], [2, 13], [-160, -299]]
[[1, 0], [2, 13], [-21, -13]]
[[1, 0], [2, 13], [-229, -130]]
[[1, 0], [2, 13], [-23, -26]]
[[1, 0], [2, 13], [-251, -273]]
[[1, 0], [2, 13], [-27, -52]]
[[1, 0], [2, 13], [-29, -65]]
[[1, 0], [2, 13], [-439, -260]]
[[1, 0], [2, 13], [-44, -39]]
[[1, 0], [2, 13], [-58, -247]]
[[1, 0], [2, 13], [-61, -26]]
[[1, 0], [2, 13], [-64, -169]]
[[1, 0], [2, 13], [-90, -91]]
[[1, 0], [2, 13], [-98, -143]]
[[1, 0], [2, 19], [-118, -133]]
[[1, 0], [2, 19], [-134, -285]]
[[1, 0], [2, 19], [-15, -19]]
[[1, 0], [2, 19], [-17, -38]]
[[1, 0], [2, 19], [-223, -266]]
[[1, 0], [2, 19], [-27, -133]]
[[1, 0], [2, 19], [-28, -19]]
[[1, 0], [2, 19], [-32, -57]]
[[1, 0], [2, 19], [-40, -247]]
[[1, 0], [2, 19], [-43, -38]]
[[1, 0], [2, 19], [-44, -171]]
[[1, 0], [2, 19], [-49, -95]]
[[1, 0], [2, 19], [-55, -152]]
[[1, 0], [2, 19], [-79, -380]]
[[1, 0], [2, 19], [-79, -494]]
[[1, 0], [2, 247], [-3, -247]]
[[1, 0], [2, 247], [-4, -247]]
[[1, 0], [2, 247], [-7, -494]]
[[1, 0], [20, 247], [-21, -247]]
[[1, 0], [20, 247], [-22, -247]]
[[1, 0], [20, 247], [-43, -494]]
[[1, 0], [201, 247], [-203, -247]]
[[1, 0], [201, 247], [-405, -494]]
[[1, 0], [201, 494], [-203, -494]]
[[1, 0], [202, 247], [-204, -247]]
[[1, 0], [202, 247], [-407, -494]]
[[1, 0], [203, 247], [-409, -494]]
[[1, 0], [203, 494], [-205, -494]]
[[1, 0], [204, 247], [-411, -494]]
[[1, 0], [205, 247], [-413, -494]]
[[1, 0], [205, 494], [-207, -494]]
[[1, 0], [206, 247], [-415, -494]]
[[1, 0], [207, 247], [-417, -494]]
[[1, 0], [21, 130], [-59, -130]]
[[1, 0], [21, 130], [-99, -260]]
[[1, 0], [21, 247], [-22, -247]]
[[1, 0], [21, 247], [-23, -247]]
[[1, 0], [21, 247], [-45, -494]]
[[1, 0], [21, 260], [-59, -260]]
[[1, 0], [21, 26], [-103, -104]]
[[1, 0], [21, 26], [-119, -65]]
[[1, 0], [21, 26], [-210, -247]]
[[1, 0], [21, 26], [-219, -130]]
[[1, 0], [21, 26], [-27, -28]]
[[1, 0], [21, 26], [-307, -286]]
[[1, 0], [21, 26], [-311, -338]]
[[1, 0], [21, 26], [-41, -39]]
[[1, 0], [21, 26], [-419, -260]]
[[1, 0], [21, 26], [-419, -494]]
[[1, 0], [21, 26], [-83, -91]]
[[1, 0], [21, 26], [-99, -52]]
[[1, 0], [21, 38], [-132, -133]]
[[1, 0], [21, 38], [-144, -247]]
[[1, 0], [21, 38], [-207, -304]]
[[1, 0], [21, 38], [-215, -342]]
[[1, 0], [21, 38], [-251, -266]]
[[1, 0], [21, 38], [-287, -494]]
[[1, 0], [21, 38], [-47, -38]]
[[1, 0], [21, 38], [-55, -76]]
[[1, 0], [21, 38], [-59, -95]]
[[1, 0], [21, 494], [-23, -494]]
[[1, 0], [21, 52], [-119, -130]]
[[1, 0], [21, 52], [-219, -260]]
[[1, 0], [21, 52], [-41, -78]]
[[1, 0], [21, 52], [-59, -52]]
[[1, 0], [21, 52], [-69, -65]]
[[1, 0], [21, 52], [-83, -182]]
[[1, 0], [21, 65], [-124, -325]]
[[1, 0], [21, 65], [-179, -260]]
[[1, 0], [21, 65], [-29, -78]]
[[1, 0], [21, 65], [-99, -130]]
[[1, 0], [21, 76], [-55, -152]]
[[1, 0], [21, 76], [-59, -190]]
[[1, 0], [21, 95], [-34, -95]]
[[1, 0], [21, 95], [-89, -285]]
[[1, 0], [210, 247], [-423, -494]]
[[1, 0], [211, 247], [-425, -494]]
[[1, 0], [211, 266], [-237, -266]]
[[1, 0], [211, 494], [-213, -494]]
[[1, 0], [211, 741], [-212, -741]]
[[1, 0], [212, 247], [-427, -494]]
[[1, 0], [214, 247], [-216, -247]]
[[1, 0], [214, 247], [-431, -494]]
[[1, 0], [215, 247], [-433, -494]]
[[1, 0], [215, 494], [-217, -494]]
[[1, 0], [216, 247], [-435, -494]]
[[1, 0], [217, 494], [-219, -494]]
[[1, 0], [218, 247], [-439, -494]]
[[1, 0], [219, 247], [-441, -494]]
[[1, 0], [22, 133], [-48, -133]]
[[1, 0], [22, 133], [-83, -266]]
[[1, 0], [22, 247], [-23, -247]]
[[1, 0], [22, 247], [-24, -247]]
[[1, 0], [22, 247], [-47, -494]]
[[1, 0], [22, 39], [-107, -156]]
[[1, 0], [22, 39], [-230, -273]]
[[1, 0], [22, 39], [-239, -390]]
[[1, 0], [22, 39], [-83, -91]]
[[1, 0], [22, 39], [-87, -143]]
[[1, 0], [22, 57], [-149, -285]]
[[1, 0], [22, 57], [-167, -399]]
[[1, 0], [22, 57], [-35, -57]]
[[1, 0], [22, 57], [-54, -95]]
[[1, 0], [22, 57], [-63, -152]]
[[1, 0], [22, 741], [-23, -741]]
[[1, 0], [220, 247], [-443, -494]]
[[1, 0], [222, 247], [-447, -494]]
[[1, 0], [223, 247], [-449, -494]]
[[1, 0], [223, 494], [-225, -494]]
[[1, 0], [224, 247], [-451, -494]]
[[1, 0], [225, 247], [-453, -494]]
[[1, 0], [225, 494], [-227, -494]]
[[1, 0], [226, 741], [-227, -741]]
[[1, 0], [227, 247], [-229, -247]]
[[1, 0], [227, 247], [-457, -494]]
[[1, 0], [227, 494], [-229, -494]]
[[1, 0], [229, 247], [-461, -494]]
[[1, 0], [229, 494], [-231, -494]]
[[1, 0], [23, 247], [-25, -247]]
[[1, 0], [23, 247], [-49, -494]]
[[1, 0], [23, 26], [-103, -52]]
[[1, 0], [23, 26], [-111, -104]]
[[1, 0], [23, 26], [-124, -65]]
[[1, 0], [23, 26], [-229, -130]]
[[1, 0], [23, 26], [-229, -247]]
[[1, 0], [23, 26], [-329, -286]]
[[1, 0], [23, 26], [-33, -34]]
[[1, 0], [23, 26], [-337, -338]]
[[1, 0], [23, 26], [-439, -260]]
[[1, 0], [23, 26], [-44, -39]]
[[1, 0], [23, 26], [-457, -494]]
[[1, 0], [23, 26], [-90, -91]]
[[1, 0], [23, 38], [-139, -133]]
[[1, 0], [23, 38], [-157, -247]]
[[1, 0], [23, 38], [-223, -304]]
[[1, 0], [23, 38], [-233, -342]]
[[1, 0], [23, 38], [-265, -266]]
[[1, 0], [23, 38], [-313, -494]]
[[1, 0], [23, 38], [-41, -57]]
[[1, 0], [23, 38], [-49, -38]]
[[1, 0], [23, 38], [-59, -76]]
[[1, 0], [23, 38], [-64, -95]]
[[1, 0], [23, 494], [-25, -494]]
[[1, 0], [230, 247], [-463, -494]]
[[1, 0], [231, 247], [-465, -494]]
[[1, 0], [231, 494], [-233, -494]]
[[1, 0], [232, 247], [-467, -494]]
[[1, 0], [232, 273], [-251, -273]]
[[1, 0], [233, 247], [-469, -494]]
[[1, 0], [235, 247], [-473, -494]]
[[1, 0], [235, 494], [-237, -494]]
[[1, 0], [235, 741], [-236, -741]]
[[1, 0], [237, 247], [-477, -494]]
[[1, 0], [237, 494], [-239, -494]]
[[1, 0], [238, 247], [-479, -494]]
[[1, 0], [24, 247], [-25, -247]]
[[1, 0], [24, 247], [-51, -494]]
[[1, 0], [240, 247], [-242, -247]]
[[1, 0], [240, 247], [-483, -494]]
[[1, 0], [241, 247], [-485, -494]]
[[1, 0], [241, 260], [-279, -260]]
[[1, 0], [241, 494], [-243, -494]]
[[1, 0], [242, 247], [-487, -494]]
[[1, 0], [243, 247], [-489, -494]]
[[1, 0], [243, 494], [-245, -494]]
[[1, 0], [244, 247], [-491, -494]]
[[1, 0], [245, 247], [-493, -494]]
[[1, 0], [246, 247], [-248, -247]]
[[1, 0], [246, 247], [-495, -494]]
[[1, 0], [25, 104], [-47, -156]]
[[1, 0], [25, 114], [-44, -171]]
[[1, 0], [25, 152], [-63, -304]]
[[1, 0], [25, 247], [-27, -247]]
[[1, 0], [25, 247], [-53, -494]]
[[1, 0], [25, 26], [-107, -52]]
[[1, 0], [25, 26], [-119, -104]]
[[1, 0], [25, 26], [-129, -65]]
[[1, 0], [25, 26], [-239, -130]]
[[1, 0], [25, 26], [-248, -247]]
[[1, 0], [25, 26], [-363, -338]]
[[1, 0], [25, 26], [-39, -38]]
[[1, 0], [25, 26], [-459, -260]]
[[1, 0], [25, 26], [-47, -39]]
[[1, 0], [25, 26], [-495, -494]]
[[1, 0], [25, 26], [-63, -26]]
[[1, 0], [25, 26], [-97, -91]]
[[1, 0], [25, 38], [-146, -133]]
[[1, 0], [25, 38], [-170, -247]]
[[1, 0], [25, 38], [-239, -304]]
[[1, 0], [25, 38], [-251, -342]]
[[1, 0], [25, 38], [-279, -266]]
[[1, 0], [25, 38], [-339, -494]]
[[1, 0], [25, 38], [-44, -57]]
[[1, 0], [25, 38], [-51, -38]]
[[1, 0], [25, 38], [-63, -76]]
[[1, 0], [25, 38], [-69, -95]]
[[1, 0], [25, 39], [-119, -156]]
[[1, 0], [25, 39], [-251, -273]]
[[1, 0], [25, 39], [-269, -390]]
[[1, 0], [25, 39], [-44, -39]]
[[1, 0], [25, 39], [-90, -91]]
[[1, 0], [25, 39], [-98, -143]]
[[1, 0], [25, 494], [-27, -494]]
[[1, 0], [25, 52], [-129, -130]]
[[1, 0], [25, 52], [-239, -260]]
[[1, 0], [25, 52], [-47, -78]]
[[1, 0], [25, 52], [-63, -52]]
[[1, 0], [25, 52], [-74, -65]]
[[1, 0], [25, 52], [-97, -182]]
[[1, 0], [25, 57], [-164, -285]]
[[1, 0], [25, 57], [-188, -399]]
[[1, 0], [25, 57], [-59, -95]]
[[1, 0], [25, 57], [-71, -152]]
[[1, 0], [25, 76], [-63, -152]]
[[1, 0], [25, 76], [-69, -190]]
[[1, 0], [25, 78], [-119, -312]]
[[1, 0], [253, 266], [-279, -266]]
[[1, 0], [253, 494], [-255, -494]]
[[1, 0], [256, 285], [-269, -285]]
[[1, 0], [259, 494], [-261, -494]]
[[1, 0], [26, 95], [-104, -285]]
[[1, 0], [26, 95], [-39, -95]]
[[1, 0], [262, 741], [-263, -741]]
[[1, 0], [27, 247], [-28, -247]]
[[1, 0], [27, 247], [-29, -247]]
[[1, 0], [27, 38], [-153, -133]]
[[1, 0], [27, 38], [-183, -247]]
[[1, 0], [27, 38], [-255, -304]]
[[1, 0], [27, 38], [-269, -342]]
[[1, 0], [27, 38], [-293, -266]]
[[1, 0], [27, 38], [-365, -494]]
[[1, 0], [27, 38], [-47, -57]]
[[1, 0], [27, 38], [-67, -76]]
[[1, 0], [27, 38], [-74, -95]]
[[1, 0], [27, 494], [-29, -494]]
[[1, 0], [279, 494], [-281, -494]]
[[1, 0], [28, 247], [-30, -247]]
[[1, 0], [28, 247], [-59, -494]]
[[1, 0], [28, 39], [-109, -143]]
[[1, 0], [28, 39], [-131, -156]]
[[1, 0], [28, 39], [-272, -273]]
[[1, 0], [28, 39], [-47, -39]]
[[1, 0], [28, 39], [-97, -91]]
[[1, 0], [28, 57], [-179, -285]]
[[1, 0], [28, 57], [-41, -57]]
[[1, 0], [28, 57], [-64, -95]]
[[1, 0], [28, 57], [-79, -152]]
[[1, 0], [28, 741], [-29, -741]]
[[1, 0], [29, 133], [-97, -266]]
[[1, 0], [29, 247], [-31, -247]]
[[1, 0], [29, 247], [-61, -494]]
[[1, 0], [29, 38], [-160, -133]]
[[1, 0], [29, 38], [-196, -247]]
[[1, 0], [29, 38], [-271, -304]]
[[1, 0], [29, 38], [-287, -342]]
[[1, 0], [29, 38], [-307, -266]]
[[1, 0], [29, 38], [-391, -494]]
[[1, 0], [29, 38], [-50, -57]]
[[1, 0], [29, 38], [-71, -76]]
[[1, 0], [29, 38], [-79, -95]]
[[1, 0], [29, 494], [-31, -494]]
[[1, 0], [29, 52], [-111, -182]]
[[1, 0], [29, 52], [-139, -130]]
[[1, 0], [29, 52], [-259, -260]]
[[1, 0], [29, 52], [-53, -78]]
[[1, 0], [29, 52], [-67, -52]]
[[1, 0], [29, 52], [-79, -65]]
[[1, 0], [29, 76], [-71, -152]]
[[1, 0], [29, 76], [-79, -190]]
[[1, 0], [29, 91], [-125, -273]]
[[1, 0], [29, 91], [-48, -91]]
[[1, 0], [3, 13], [-107, -52]]
[[1, 0], [3, 13], [-109, -143]]
[[1, 0], [3, 13], [-129, -65]]
[[1, 0], [3, 13], [-144, -377]]
[[1, 0], [3, 13], [-153, -494]]
[[1, 0], [3, 13], [-167, -312]]
[[1, 0], [3, 13], [-183, -299]]
[[1, 0], [3, 13], [-22, -13]]
[[1, 0], [3, 13], [-239, -130]]
[[1, 0], [3, 13], [-25, -26]]
[[1, 0], [3, 13], [-272, -273]]
[[1, 0], [3, 13], [-31, -52]]
[[1, 0], [3, 13], [-34, -65]]
[[1, 0], [3, 13], [-41, -13]]
[[1, 0], [3, 13], [-459, -260]]
[[1, 0], [3, 13], [-47, -39]]
[[1, 0], [3, 13], [-49, -130]]
[[1, 0], [3, 13], [-63, -26]]
[[1, 0], [3, 13], [-77, -169]]
[[1, 0], [3, 13], [-77, -247]]
[[1, 0], [3, 13], [-97, -91]]
[[1, 0], [3, 19], [-105, -494]]
[[1, 0], [3, 19], [-125, -133]]
[[1, 0], [3, 19], [-149, -285]]
[[1, 0], [3, 19], [-16, -19]]
[[1, 0], [3, 19], [-237, -266]]
[[1, 0], [3, 19], [-29, -19]]
[[1, 0], [3, 19], [-34, -133]]
[[1, 0], [3, 19], [-35, -57]]
[[1, 0], [3, 19], [-45, -38]]
[[1, 0], [3, 19], [-53, -171]]
[[1, 0], [3, 19], [-53, -247]]
[[1, 0], [3, 19], [-54, -95]]
[[1, 0], [3, 19], [-63, -152]]
[[1, 0], [3, 19], [-99, -380]]
[[1, 0], [3, 247], [-4, -247]]
[[1, 0], [3, 247], [-5, -247]]
[[1, 0], [3, 247], [-9, -494]]
[[1, 0], [3, 26], [-109, -286]]
[[1, 0], [3, 26], [-129, -130]]
[[1, 0], [3, 26], [-14, -39]]
[[1, 0], [3, 26], [-20, -91]]
[[1, 0], [3, 26], [-239, -260]]
[[1, 0], [3, 26], [-31, -104]]
[[1, 0], [3, 26], [-41, -26]]
[[1, 0], [3, 26], [-63, -52]]
[[1, 0], [3, 26], [-74, -65]]
[[1, 0], [3, 26], [-77, -338]]
[[1, 0], [3, 26], [-77, -494]]
[[1, 0], [3, 38], [-11, -57]]
[[1, 0], [3, 38], [-125, -266]]
[[1, 0], [3, 38], [-14, -95]]
[[1, 0], [3, 38], [-27, -247]]
[[1, 0], [3, 38], [-29, -38]]
[[1, 0], [3, 38], [-53, -342]]
[[1, 0], [3, 38], [-53, -494]]
[[1, 0], [3, 38], [-63, -304]]
[[1, 0], [3, 38], [-69, -133]]
[[1, 0], [3, 494], [-5, -494]]
[[1, 0], [30, 247], [-32, -247]]
[[1, 0], [30, 247], [-63, -494]]
[[1, 0], [305, 494], [-307, -494]]
[[1, 0], [31, 114], [-53, -171]]
[[1, 0], [31, 130], [-119, -260]]
[[1, 0], [31, 130], [-69, -130]]
[[1, 0], [31, 285], [-44, -285]]
[[1, 0], [31, 38], [-167, -133]]
[[1, 0], [31, 38], [-287, -304]]
[[1, 0], [31, 38], [-305, -342]]
[[1, 0], [31, 38], [-321, -266]]
[[1, 0], [31, 38], [-417, -494]]
[[1, 0], [31, 38], [-53, -57]]
[[1, 0], [31, 38], [-75, -76]]
[[1, 0], [31, 38], [-84, -95]]
[[1, 0], [31, 39], [-120, -143]]
[[1, 0], [31, 39], [-293, -273]]
[[1, 0], [31, 39], [-329, -390]]
[[1, 0], [31, 57], [-194, -285]]
[[1, 0], [31, 57], [-230, -399]]
[[1, 0], [31, 57], [-69, -95]]
[[1, 0], [31, 57], [-87, -152]]
[[1, 0], [31, 65], [-119, -130]]
[[1, 0], [31, 65], [-174, -325]]
[[1, 0], [31, 65], [-219, -260]]
[[1, 0], [31, 65], [-41, -78]]
[[1, 0], [31, 65], [-69, -65]]
[[1, 0], [31, 741], [-32, -741]]
[[1, 0], [31, 95], [-119, -285]]
[[1, 0], [31, 95], [-44, -95]]
[[1, 0], [319, 741], [-320, -741]]
[[1, 0], [32, 247], [-34, -247]]
[[1, 0], [32, 247], [-67, -494]]
[[1, 0], [33, 104], [-59, -156]]
[[1, 0], [33, 152], [-79, -304]]
[[1, 0], [33, 247], [-35, -247]]
[[1, 0], [33, 247], [-69, -494]]
[[1, 0], [33, 38], [-174, -133]]
[[1, 0], [33, 38], [-222, -247]]
[[1, 0], [33, 38], [-303, -304]]
[[1, 0], [33, 38], [-335, -266]]
[[1, 0], [33, 38], [-443, -494]]
[[1, 0], [33, 38], [-56, -57]]
[[1, 0], [33, 38], [-79, -76]]
[[1, 0], [33, 38], [-89, -95]]
[[1, 0], [33, 494], [-35, -494]]
[[1, 0], [33, 52], [-125, -182]]
[[1, 0], [33, 52], [-149, -130]]
[[1, 0], [33, 52], [-279, -260]]
[[1, 0], [33, 52], [-59, -78]]
[[1, 0], [33, 52], [-71, -52]]
[[1, 0], [33, 52], [-84, -65]]
[[1, 0], [33, 76], [-79, -152]]
[[1, 0], [33, 76], [-89, -190]]
[[1, 0], [331, 494], [-333, -494]]
[[1, 0], [334, 741], [-335, -741]]
[[1, 0], [339, 494], [-341, -494]]
[[1, 0], [34, 143], [-87, -286]]
[[1, 0], [34, 247], [-35, -247]]
[[1, 0], [34, 247], [-36, -247]]
[[1, 0], [34, 247], [-71, -494]]
[[1, 0], [34, 39], [-111, -91]]
[[1, 0], [34, 39], [-131, -143]]
[[1, 0], [34, 39], [-155, -156]]
[[1, 0], [34, 39], [-314, -273]]
[[1, 0], [34, 39], [-359, -390]]
[[1, 0], [34, 57], [-251, -399]]
[[1, 0], [34, 57], [-74, -95]]
[[1, 0], [34, 741], [-35, -741]]
[[1, 0], [346, 741], [-347, -741]]
[[1, 0], [35, 247], [-36, -247]]
[[1, 0], [35, 247], [-37, -247]]
[[1, 0], [35, 247], [-73, -494]]
[[1, 0], [35, 38], [-181, -133]]
[[1, 0], [35, 38], [-235, -247]]
[[1, 0], [35, 38], [-319, -304]]
[[1, 0], [35, 38], [-341, -342]]
[[1, 0], [35, 38], [-349, -266]]
[[1, 0], [35, 38], [-469, -494]]
[[1, 0], [35, 38], [-59, -57]]
[[1, 0], [35, 38], [-83, -76]]
[[1, 0], [35, 38], [-94, -95]]
[[1, 0], [35, 494], [-37, -494]]
[[1, 0], [357, 494], [-359, -494]]
[[1, 0], [36, 133], [-111, -266]]
[[1, 0], [36, 133], [-62, -133]]
[[1, 0], [36, 247], [-75, -494]]
[[1, 0], [36, 65], [-129, -130]]
[[1, 0], [36, 65], [-199, -325]]
[[1, 0], [36, 65], [-239, -260]]
[[1, 0], [36, 65], [-47, -78]]
[[1, 0], [36, 65], [-74, -65]]
[[1, 0], [36, 91], [-146, -273]]
[[1, 0], [36, 91], [-55, -91]]
[[1, 0], [36, 95], [-134, -285]]
[[1, 0], [36, 95], [-49, -95]]
[[1, 0], [37, 114], [-62, -171]]
[[1, 0], [37, 247], [-77, -494]]
[[1, 0], [37, 38], [-188, -133]]
[[1, 0], [37, 38], [-248, -247]]
[[1, 0], [37, 38], [-335, -304]]
[[1, 0], [37, 38], [-359, -342]]
[[1, 0], [37, 38], [-363, -266]]
[[1, 0], [37, 38], [-495, -494]]
[[1, 0], [37, 38], [-62, -57]]
[[1, 0], [37, 38], [-87, -76]]
[[1, 0], [37, 38], [-99, -95]]
[[1, 0], [37, 39], [-118, -91]]
[[1, 0], [37, 39], [-142, -143]]
[[1, 0], [37, 39], [-167, -156]]
[[1, 0], [37, 39], [-335, -273]]
[[1, 0], [37, 39], [-389, -390]]
[[1, 0], [37, 39], [-47, -48]]
[[1, 0], [37, 39], [-56, -39]]
[[1, 0], [37, 52], [-139, -182]]
[[1, 0], [37, 52], [-159, -130]]
[[1, 0], [37, 52], [-89, -65]]
[[1, 0], [37, 57], [-103, -152]]
[[1, 0], [37, 57], [-224, -285]]
[[1, 0], [37, 57], [-272, -399]]
[[1, 0], [37, 57], [-79, -95]]
[[1, 0], [37, 76], [-87, -152]]
[[1, 0], [37, 76], [-99, -190]]
[[1, 0], [37, 78], [-167, -312]]
[[1, 0], [373, 494], [-375, -494]]
[[1, 0], [382, 741], [-383, -741]]
[[1, 0], [383, 494], [-385, -494]]
[[1, 0], [4, 13], [-111, -52]]
[[1, 0], [4, 13], [-120, -143]]
[[1, 0], [4, 13], [-134, -65]]
[[1, 0], [4, 13], [-173, -377]]
[[1, 0], [4, 13], [-191, -312]]
[[1, 0], [4, 13], [-191, -494]]
[[1, 0], [4, 13], [-206, -299]]
[[1, 0], [4, 13], [-249, -130]]
[[1, 0], [4, 13], [-27, -26]]
[[1, 0], [4, 13], [-293, -273]]
[[1, 0], [4, 13], [-35, -52]]
[[1, 0], [4, 13], [-42, -13]]
[[1, 0], [4, 13], [-479, -260]]
[[1, 0], [4, 13], [-50, -39]]
[[1, 0], [4, 13], [-59, -130]]
[[1, 0], [4, 13], [-90, -169]]
[[1, 0], [4, 13], [-96, -247]]
[[1, 0], [4, 19], [-119, -380]]
[[1, 0], [4, 19], [-131, -494]]
[[1, 0], [4, 19], [-132, -133]]
[[1, 0], [4, 19], [-164, -285]]
[[1, 0], [4, 19], [-21, -38]]
[[1, 0], [4, 19], [-251, -266]]
[[1, 0], [4, 19], [-30, -19]]
[[1, 0], [4, 19], [-41, -133]]
[[1, 0], [4, 19], [-47, -38]]
[[1, 0], [4, 19], [-59, -95]]
[[1, 0], [4, 19], [-62, -171]]
[[1, 0], [4, 19], [-66, -247]]
[[1, 0], [4, 19], [-71, -152]]
[[1, 0], [4, 247], [-11, -494]]
[[1, 0], [4, 247], [-6, -247]]
[[1, 0], [4, 39], [-21, -143]]
[[1, 0], [4, 39], [-23, -39]]
[[1, 0], [4, 39], [-35, -156]]
[[1, 0], [4, 39], [-41, -91]]
[[1, 0], [4, 39], [-59, -390]]
[[1, 0], [4, 57], [-15, -152]]
[[1, 0], [4, 57], [-17, -57]]
[[1, 0], [4, 57], [-24, -95]]
[[1, 0], [4, 57], [-41, -399]]
[[1, 0], [4, 57], [-59, -285]]
[[1, 0], [40, 247], [-42, -247]]
[[1, 0], [40, 247], [-83, -494]]
[[1, 0], [40, 57], [-111, -152]]
[[1, 0], [40, 57], [-239, -285]]
[[1, 0], [40, 57], [-293, -399]]
[[1, 0], [40, 57], [-84, -95]]
[[1, 0], [40, 741], [-41, -741]]
[[1, 0], [409, 494], [-411, -494]]
[[1, 0], [41, 104], [-71, -156]]
[[1, 0], [41, 130], [-139, -260]]
[[1, 0], [41, 247], [-43, -247]]
[[1, 0], [41, 247], [-85, -494]]
[[1, 0], [41, 494], [-43, -494]]
[[1, 0], [41, 52], [-153, -182]]
[[1, 0], [41, 52], [-319, -260]]
[[1, 0], [41, 52], [-71, -78]]
[[1, 0], [41, 52], [-94, -65]]
[[1, 0], [41, 65], [-139, -130]]
[[1, 0], [41, 65], [-224, -325]]
[[1, 0], [41, 65], [-259, -260]]
[[1, 0], [41, 65], [-53, -78]]
[[1, 0], [41, 76], [-109, -190]]
[[1, 0], [41, 95], [-149, -285]]
[[1, 0], [41, 95], [-54, -95]]
[[1, 0], [411, 494], [-413, -494]]
[[1, 0], [42, 247], [-44, -247]]
[[1, 0], [42, 247], [-87, -494]]
[[1, 0], [43, 114], [-71, -171]]
[[1, 0], [43, 133], [-125, -266]]
[[1, 0], [43, 133], [-69, -133]]
[[1, 0], [43, 247], [-89, -494]]
[[1, 0], [43, 266], [-69, -266]]
[[1, 0], [43, 273], [-62, -273]]
[[1, 0], [43, 57], [-119, -152]]
[[1, 0], [43, 57], [-254, -285]]
[[1, 0], [43, 57], [-314, -399]]
[[1, 0], [43, 57], [-89, -95]]
[[1, 0], [43, 78], [-191, -312]]
[[1, 0], [43, 91], [-167, -273]]
[[1, 0], [44, 247], [-45, -247]]
[[1, 0], [449, 494], [-451, -494]]
[[1, 0], [45, 143], [-109, -286]]
[[1, 0], [45, 247], [-47, -247]]
[[1, 0], [45, 247], [-93, -494]]
[[1, 0], [45, 494], [-47, -494]]
[[1, 0], [45, 52], [-167, -182]]
[[1, 0], [45, 52], [-179, -130]]
[[1, 0], [45, 52], [-339, -260]]
[[1, 0], [45, 52], [-77, -78]]
[[1, 0], [45, 52], [-99, -65]]
[[1, 0], [45, 76], [-103, -152]]
[[1, 0], [45, 76], [-119, -190]]
[[1, 0], [46, 247], [-48, -247]]
[[1, 0], [46, 285], [-59, -285]]
[[1, 0], [46, 57], [-127, -152]]
[[1, 0], [46, 57], [-269, -285]]
[[1, 0], [46, 57], [-335, -399]]
[[1, 0], [46, 57], [-59, -57]]
[[1, 0], [46, 57], [-94, -95]]
[[1, 0], [46, 65], [-149, -130]]
[[1, 0], [46, 65], [-249, -325]]
[[1, 0], [46, 65], [-279, -260]]
[[1, 0], [46, 65], [-59, -78]]
[[1, 0], [46, 65], [-84, -65]]
[[1, 0], [46, 741], [-47, -741]]
[[1, 0], [46, 95], [-164, -285]]
[[1, 0], [461, 494], [-463, -494]]
[[1, 0], [47, 247], [-49, -247]]
[[1, 0], [47, 247], [-97, -494]]
[[1, 0], [47, 494], [-49, -494]]
[[1, 0], [48, 247], [-50, -247]]
[[1, 0], [48, 247], [-99, -494]]
[[1, 0], [487, 494], [-489, -494]]
[[1, 0], [49, 104], [-83, -156]]
[[1, 0], [49, 114], [-80, -171]]
[[1, 0], [49, 152], [-111, -304]]
[[1, 0], [49, 247], [-101, -494]]
[[1, 0], [49, 247], [-51, -247]]
[[1, 0], [49, 494], [-51, -494]]
[[1, 0], [49, 52], [-181, -182]]
[[1, 0], [49, 52], [-189, -130]]
[[1, 0], [49, 52], [-359, -260]]
[[1, 0], [49, 52], [-83, -78]]
[[1, 0], [49, 57], [-135, -152]]
[[1, 0], [49, 57], [-284, -285]]
[[1, 0], [49, 57], [-356, -399]]
[[1, 0], [49, 57], [-62, -57]]
[[1, 0], [49, 57], [-99, -95]]
[[1, 0], [49, 76], [-111, -152]]
[[1, 0], [49, 76], [-129, -190]]
[[1, 0], [49, 78], [-215, -312]]
[[1, 0], [490, 741], [-491, -741]]
[[1, 0], [493, 494], [-495, -494]]
[[1, 0], [5, 13], [-103, -169]]
[[1, 0], [5, 13], [-111, -91]]
[[1, 0], [5, 13], [-115, -247]]
[[1, 0], [5, 13], [-115, -52]]
[[1, 0], [5, 13], [-131, -143]]
[[1, 0], [5, 13], [-139, -65]]
[[1, 0], [5, 13], [-202, -377]]
[[1, 0], [5, 13], [-215, -312]]
[[1, 0], [5, 13], [-22, -23]]
[[1, 0], [5, 13], [-229, -299]]
[[1, 0], [5, 13], [-229, -494]]
[[1, 0], [5, 13], [-259, -130]]
[[1, 0], [5, 13], [-29, -26]]
[[1, 0], [5, 13], [-314, -273]]
[[1, 0], [5, 13], [-43, -13]]
[[1, 0], [5, 13], [-44, -65]]
[[1, 0], [5, 13], [-499, -260]]
[[1, 0], [5, 13], [-53, -39]]
[[1, 0], [5, 13], [-67, -26]]
[[1, 0], [5, 13], [-69, -130]]
[[1, 0], [5, 19], [-139, -133]]
[[1, 0], [5, 19], [-139, -380]]
[[1, 0], [5, 19], [-157, -494]]
[[1, 0], [5, 19], [-179, -285]]
[[1, 0], [5, 19], [-23, -38]]
[[1, 0], [5, 19], [-265, -266]]
[[1, 0], [5, 19], [-31, -19]]
[[1, 0], [5, 19], [-41, -57]]
[[1, 0], [5, 19], [-48, -133]]
[[1, 0], [5, 19], [-49, -38]]
[[1, 0], [5, 19], [-64, -95]]
[[1, 0], [5, 19], [-71, -171]]
[[1, 0], [5, 19], [-79, -152]]
[[1, 0], [5, 19], [-79, -247]]
[[1, 0], [5, 26], [-103, -338]]
[[1, 0], [5, 26], [-115, -494]]
[[1, 0], [5, 26], [-131, -286]]
[[1, 0], [5, 26], [-139, -130]]
[[1, 0], [5, 26], [-17, -39]]
[[1, 0], [5, 26], [-259, -260]]
[[1, 0], [5, 26], [-27, -91]]
[[1, 0], [5, 26], [-43, -26]]
[[1, 0], [5, 26], [-58, -247]]
[[1, 0], [5, 26], [-67, -52]]
[[1, 0], [5, 26], [-79, -65]]
[[1, 0], [5, 38], [-139, -266]]
[[1, 0], [5, 38], [-14, -57]]
[[1, 0], [5, 38], [-23, -76]]
[[1, 0], [5, 38], [-31, -38]]
[[1, 0], [5, 38], [-40, -247]]
[[1, 0], [5, 38], [-71, -342]]
[[1, 0], [5, 38], [-79, -304]]
[[1, 0], [5, 38], [-79, -494]]
[[1, 0], [5, 52], [-139, -260]]
[[1, 0], [5, 52], [-17, -78]]
[[1, 0], [5, 52], [-27, -182]]
[[1, 0], [5, 52], [-43, -52]]
[[1, 0], [5, 52], [-49, -65]]
[[1, 0], [5, 52], [-79, -130]]
[[1, 0], [5, 76], [-23, -152]]
[[1, 0], [50, 133], [-139, -266]]
[[1, 0], [50, 247], [-103, -494]]
[[1, 0], [50, 247], [-51, -247]]
[[1, 0], [50, 91], [-188, -273]]
[[1, 0], [50, 91], [-69, -91]]
[[1, 0], [508, 741], [-509, -741]]
[[1, 0], [51, 130], [-159, -260]]
[[1, 0], [51, 130], [-89, -130]]
[[1, 0], [51, 247], [-105, -494]]
[[1, 0], [51, 247], [-53, -247]]
[[1, 0], [51, 494], [-53, -494]]
[[1, 0], [51, 65], [-159, -130]]
[[1, 0], [51, 65], [-274, -325]]
[[1, 0], [51, 65], [-89, -65]]
[[1, 0], [51, 95], [-179, -285]]
[[1, 0], [52, 57], [-104, -95]]
[[1, 0], [52, 57], [-143, -152]]
[[1, 0], [52, 57], [-299, -285]]
[[1, 0], [52, 57], [-377, -399]]
[[1, 0], [53, 247], [-109, -494]]
[[1, 0], [53, 247], [-55, -247]]
[[1, 0], [53, 494], [-55, -494]]
[[1, 0], [53, 76], [-119, -152]]
[[1, 0], [53, 76], [-139, -190]]
[[1, 0], [54, 247], [-111, -494]]
[[1, 0], [54, 247], [-56, -247]]
[[1, 0], [55, 114], [-89, -171]]
[[1, 0], [55, 247], [-113, -494]]
[[1, 0], [55, 57], [-109, -95]]
[[1, 0], [55, 57], [-151, -152]]
[[1, 0], [55, 57], [-314, -285]]
[[1, 0], [55, 57], [-398, -399]]
[[1, 0], [55, 741], [-56, -741]]
[[1, 0], [55, 78], [-239, -312]]
[[1, 0], [56, 143], [-131, -286]]
[[1, 0], [56, 247], [-115, -494]]
[[1, 0], [56, 247], [-58, -247]]
[[1, 0], [56, 65], [-319, -260]]
[[1, 0], [56, 65], [-71, -78]]
[[1, 0], [56, 95], [-194, -285]]
[[1, 0], [565, 741], [-566, -741]]
[[1, 0], [57, 104], [-95, -156]]
[[1, 0], [57, 91], [-209, -273]]
[[1, 0], [577, 741], [-578, -741]]
[[1, 0], [58, 247], [-119, -494]]
[[1, 0], [58, 247], [-59, -247]]
[[1, 0], [58, 247], [-60, -247]]
[[1, 0], [58, 741], [-59, -741]]
[[1, 0], [59, 247], [-121, -494]]
[[1, 0], [59, 247], [-60, -247]]
[[1, 0], [59, 247], [-61, -247]]
[[1, 0], [59, 494], [-61, -494]]
[[1, 0], [6, 13], [-116, -169]]
[[1, 0], [6, 13], [-118, -91]]
[[1, 0], [6, 13], [-119, -52]]
[[1, 0], [6, 13], [-134, -247]]
[[1, 0], [6, 13], [-142, -143]]
[[1, 0], [6, 13], [-144, -65]]
[[1, 0], [6, 13], [-231, -377]]
[[1, 0], [6, 13], [-239, -312]]
[[1, 0], [6, 13], [-252, -299]]
[[1, 0], [6, 13], [-267, -494]]
[[1, 0], [6, 13], [-269, -130]]
[[1, 0], [6, 13], [-31, -26]]
[[1, 0], [6, 13], [-335, -273]]
[[1, 0], [6, 13], [-43, -52]]
[[1, 0], [6, 13], [-44, -13]]
[[1, 0], [6, 13], [-49, -65]]
[[1, 0], [6, 13], [-519, -260]]
[[1, 0], [6, 13], [-56, -39]]
[[1, 0], [6, 13], [-69, -26]]
[[1, 0], [6, 13], [-79, -130]]
[[1, 0], [6, 19], [-146, -133]]
[[1, 0], [6, 19], [-159, -380]]
[[1, 0], [6, 19], [-183, -494]]
[[1, 0], [6, 19], [-194, -285]]
[[1, 0], [6, 19], [-25, -38]]
[[1, 0], [6, 19], [-279, -266]]
[[1, 0], [6, 19], [-32, -19]]
[[1, 0], [6, 19], [-44, -57]]
[[1, 0], [6, 19], [-51, -38]]
[[1, 0], [6, 19], [-55, -133]]
[[1, 0], [6, 19], [-69, -95]]
[[1, 0], [6, 19], [-80, -171]]
[[1, 0], [6, 19], [-87, -152]]
[[1, 0], [6, 19], [-92, -247]]
[[1, 0], [6, 247], [-15, -494]]
[[1, 0], [6, 247], [-7, -247]]
[[1, 0], [6, 247], [-8, -247]]
[[1, 0], [6, 65], [-11, -78]]
[[1, 0], [6, 65], [-119, -260]]
[[1, 0], [6, 65], [-44, -65]]
[[1, 0], [6, 65], [-49, -325]]
[[1, 0], [6, 65], [-69, -130]]
[[1, 0], [6, 95], [-44, -285]]
[[1, 0], [60, 247], [-123, -494]]
[[1, 0], [60, 247], [-61, -247]]
[[1, 0], [60, 247], [-62, -247]]
[[1, 0], [61, 114], [-98, -171]]
[[1, 0], [61, 130], [-179, -260]]
[[1, 0], [61, 247], [-125, -494]]
[[1, 0], [61, 247], [-63, -247]]
[[1, 0], [61, 260], [-99, -260]]
[[1, 0], [61, 285], [-74, -285]]
[[1, 0], [61, 494], [-63, -494]]
[[1, 0], [61, 65], [-179, -130]]
[[1, 0], [61, 65], [-324, -325]]
[[1, 0], [61, 65], [-339, -260]]
[[1, 0], [61, 65], [-77, -78]]
[[1, 0], [61, 76], [-135, -152]]
[[1, 0], [61, 76], [-159, -190]]
[[1, 0], [61, 78], [-263, -312]]
[[1, 0], [616, 741], [-617, -741]]
[[1, 0], [62, 247], [-127, -494]]
[[1, 0], [63, 247], [-129, -494]]
[[1, 0], [64, 133], [-167, -266]]
[[1, 0], [64, 247], [-131, -494]]
[[1, 0], [64, 247], [-66, -247]]
[[1, 0], [64, 273], [-83, -273]]
[[1, 0], [64, 91], [-230, -273]]
[[1, 0], [65, 152], [-143, -304]]
[[1, 0], [65, 76], [-143, -152]]
[[1, 0], [65, 76], [-169, -190]]
[[1, 0], [66, 247], [-135, -494]]
[[1, 0], [66, 247], [-68, -247]]
[[1, 0], [66, 95], [-224, -285]]
[[1, 0], [66, 95], [-79, -95]]
[[1, 0], [67, 114], [-107, -171]]
[[1, 0], [67, 143], [-153, -286]]
[[1, 0], [67, 247], [-137, -494]]
[[1, 0], [67, 247], [-69, -247]]
[[1, 0], [67, 494], [-69, -494]]
[[1, 0], [67, 741], [-68, -741]]
[[1, 0], [67, 78], [-287, -312]]
[[1, 0], [68, 247], [-139, -494]]
[[1, 0], [68, 247], [-69, -247]]
[[1, 0], [68, 247], [-70, -247]]
[[1, 0], [69, 247], [-141, -494]]
[[1, 0], [69, 247], [-71, -247]]
[[1, 0], [69, 494], [-71, -494]]
[[1, 0], [69, 76], [-151, -152]]
[[1, 0], [69, 76], [-179, -190]]
[[1, 0], [7, 114], [-17, -171]]
[[1, 0], [7, 13], [-123, -52]]
[[1, 0], [7, 13], [-125, -91]]
[[1, 0], [7, 13], [-129, -169]]
[[1, 0], [7, 13], [-149, -65]]
[[1, 0], [7, 13], [-153, -143]]
[[1, 0], [7, 13], [-153, -247]]
[[1, 0], [7, 13], [-263, -312]]
[[1, 0], [7, 13], [-275, -299]]
[[1, 0], [7, 13], [-279, -130]]
[[1, 0], [7, 13], [-305, -494]]
[[1, 0], [7, 13], [-33, -26]]
[[1, 0], [7, 13], [-356, -273]]
[[1, 0], [7, 13], [-45, -13]]
[[1, 0], [7, 13], [-47, -52]]
[[1, 0], [7, 13], [-539, -260]]
[[1, 0], [7, 13], [-54, -65]]
[[1, 0], [7, 13], [-59, -20]]
[[1, 0], [7, 13], [-59, -39]]
[[1, 0], [7, 13], [-71, -26]]
[[1, 0], [7, 13], [-89, -130]]
[[1, 0], [7, 19], [-105, -247]]
[[1, 0], [7, 19], [-153, -133]]
[[1, 0], [7, 19], [-179, -380]]
[[1, 0], [7, 19], [-20, -19]]
[[1, 0], [7, 19], [-27, -38]]
[[1, 0], [7, 19], [-293, -266]]
[[1, 0], [7, 19], [-47, -57]]
[[1, 0], [7, 19], [-53, -38]]
[[1, 0], [7, 19], [-62, -133]]
[[1, 0], [7, 19], [-74, -95]]
[[1, 0], [7, 19], [-89, -171]]
[[1, 0], [7, 247], [-17, -494]]
[[1, 0], [7, 247], [-8, -247]]
[[1, 0], [7, 247], [-9, -247]]
[[1, 0], [7, 26], [-129, -338]]
[[1, 0], [7, 26], [-149, -130]]
[[1, 0], [7, 26], [-153, -286]]
[[1, 0], [7, 26], [-153, -494]]
[[1, 0], [7, 26], [-20, -39]]
[[1, 0], [7, 26], [-279, -260]]
[[1, 0], [7, 26], [-34, -91]]
[[1, 0], [7, 26], [-45, -26]]
[[1, 0], [7, 26], [-47, -104]]
[[1, 0], [7, 26], [-71, -52]]
[[1, 0], [7, 26], [-77, -247]]
[[1, 0], [7, 26], [-84, -65]]
[[1, 0], [7, 38], [-105, -494]]
[[1, 0], [7, 38], [-153, -266]]
[[1, 0], [7, 38], [-17, -57]]
[[1, 0], [7, 38], [-24, -95]]
[[1, 0], [7, 38], [-27, -76]]
[[1, 0], [7, 38], [-53, -247]]
[[1, 0], [7, 38], [-83, -133]]
[[1, 0], [7, 38], [-89, -342]]
[[1, 0], [7, 39], [-125, -273]]
[[1, 0], [7, 39], [-32, -143]]
[[1, 0], [7, 39], [-47, -156]]
[[1, 0], [7, 39], [-48, -91]]
[[1, 0], [7, 39], [-89, -390]]
[[1, 0], [7, 494], [-9, -494]]
[[1, 0], [7, 57], [-20, -57]]
[[1, 0], [7, 57], [-23, -152]]
[[1, 0], [7, 57], [-29, -95]]
[[1, 0], [7, 57], [-62, -399]]
[[1, 0], [7, 57], [-74, -285]]
[[1, 0], [7, 741], [-8, -741]]
[[1, 0], [7, 78], [-47, -312]]
[[1, 0], [70, 741], [-71, -741]]
[[1, 0], [71, 130], [-199, -260]]
[[1, 0], [71, 133], [-181, -266]]
[[1, 0], [71, 247], [-145, -494]]
[[1, 0], [71, 247], [-73, -247]]
[[1, 0], [71, 266], [-97, -266]]
[[1, 0], [71, 494], [-73, -494]]
[[1, 0], [71, 91], [-251, -273]]
[[1, 0], [71, 95], [-239, -285]]
[[1, 0], [72, 247], [-147, -494]]
[[1, 0], [72, 247], [-73, -247]]
[[1, 0], [72, 247], [-74, -247]]
[[1, 0], [73, 104], [-119, -156]]
[[1, 0], [73, 114], [-116, -171]]
[[1, 0], [73, 152], [-159, -304]]
[[1, 0], [73, 247], [-149, -494]]
[[1, 0], [73, 247], [-75, -247]]
[[1, 0], [73, 494], [-75, -494]]
[[1, 0], [73, 741], [-74, -741]]
[[1, 0], [73, 76], [-159, -152]]
[[1, 0], [73, 76], [-189, -190]]
[[1, 0], [73, 78], [-311, -312]]
[[1, 0], [74, 247], [-151, -494]]
[[1, 0], [75, 247], [-153, -494]]
[[1, 0], [75, 247], [-77, -247]]
[[1, 0], [75, 494], [-77, -494]]
[[1, 0], [77, 247], [-157, -494]]
[[1, 0], [77, 247], [-79, -247]]
[[1, 0], [77, 494], [-79, -494]]
[[1, 0], [78, 133], [-104, -133]]
[[1, 0], [78, 133], [-195, -266]]
[[1, 0], [79, 114], [-125, -171]]
[[1, 0], [79, 247], [-161, -494]]
[[1, 0], [79, 247], [-81, -247]]
[[1, 0], [79, 494], [-81, -494]]
[[1, 0], [8, 133], [-34, -133]]
[[1, 0], [8, 133], [-55, -266]]
[[1, 0], [8, 13], [-127, -52]]
[[1, 0], [8, 13], [-13, -14]]
[[1, 0], [8, 13], [-132, -91]]
[[1, 0], [8, 13], [-142, -169]]
[[1, 0], [8, 13], [-154, -65]]
[[1, 0], [8, 13], [-164, -143]]
[[1, 0], [8, 13], [-172, -247]]
[[1, 0], [8, 13], [-27, -13]]
[[1, 0], [8, 13], [-287, -312]]
[[1, 0], [8, 13], [-289, -130]]
[[1, 0], [8, 13], [-289, -377]]
[[1, 0], [8, 13], [-298, -299]]
[[1, 0], [8, 13], [-343, -494]]
[[1, 0], [8, 13], [-35, -26]]
[[1, 0], [8, 13], [-51, -52]]
[[1, 0], [8, 13], [-59, -65]]
[[1, 0], [8, 13], [-62, -39]]
[[1, 0], [8, 13], [-73, -26]]
[[1, 0], [8, 13], [-99, -130]]
[[1, 0], [8, 19], [-103, -152]]
[[1, 0], [8, 19], [-118, -247]]
[[1, 0], [8, 19], [-160, -133]]
[[1, 0], [8, 19], [-199, -380]]
[[1, 0], [8, 19], [-21, -19]]
[[1, 0], [8, 19], [-224, -285]]
[[1, 0], [8, 19], [-235, -494]]
[[1, 0], [8, 19], [-29, -38]]
[[1, 0], [8, 19], [-307, -266]]
[[1, 0], [8, 19], [-50, -57]]
[[1, 0], [8, 19], [-55, -38]]
[[1, 0], [8, 19], [-69, -133]]
[[1, 0], [8, 19], [-79, -95]]
[[1, 0], [8, 19], [-98, -171]]
[[1, 0], [8, 247], [-10, -247]]
[[1, 0], [8, 247], [-9, -247]]
[[1, 0], [8, 91], [-27, -91]]
[[1, 0], [8, 91], [-62, -273]]
[[1, 0], [80, 247], [-163, -494]]
[[1, 0], [80, 247], [-82, -247]]
[[1, 0], [81, 104], [-131, -156]]
[[1, 0], [81, 130], [-219, -260]]
[[1, 0], [81, 152], [-175, -304]]
[[1, 0], [81, 247], [-165, -494]]
[[1, 0], [81, 260], [-119, -260]]
[[1, 0], [81, 95], [-269, -285]]
[[1, 0], [82, 247], [-167, -494]]
[[1, 0], [82, 247], [-84, -247]]
[[1, 0], [83, 247], [-84, -247]]
[[1, 0], [84, 247], [-86, -247]]
[[1, 0], [85, 114], [-134, -171]]
[[1, 0], [85, 247], [-173, -494]]
[[1, 0], [85, 247], [-86, -247]]
[[1, 0], [85, 247], [-87, -247]]
[[1, 0], [85, 266], [-111, -266]]
[[1, 0], [85, 494], [-87, -494]]
[[1, 0], [85, 741], [-86, -741]]
[[1, 0], [85, 91], [-293, -273]]
[[1, 0], [86, 247], [-175, -494]]
[[1, 0], [86, 247], [-87, -247]]
[[1, 0], [86, 247], [-88, -247]]
[[1, 0], [86, 95], [-284, -285]]
[[1, 0], [86, 95], [-99, -95]]
[[1, 0], [87, 247], [-177, -494]]
[[1, 0], [87, 247], [-88, -247]]
[[1, 0], [87, 247], [-89, -247]]
[[1, 0], [87, 494], [-89, -494]]
[[1, 0], [88, 247], [-179, -494]]
[[1, 0], [88, 247], [-90, -247]]
[[1, 0], [89, 143], [-197, -286]]
[[1, 0], [89, 152], [-191, -304]]
[[1, 0], [89, 247], [-181, -494]]
[[1, 0], [89, 247], [-90, -247]]
[[1, 0], [9, 104], [-23, -156]]
[[1, 0], [9, 13], [-109, -130]]
[[1, 0], [9, 13], [-131, -52]]
[[1, 0], [9, 13], [-139, -91]]
[[1, 0], [9, 13], [-155, -169]]
[[1, 0], [9, 13], [-159, -65]]
[[1, 0], [9, 13], [-175, -143]]
[[1, 0], [9, 13], [-191, -247]]
[[1, 0], [9, 13], [-26, -27]]
[[1, 0], [9, 13], [-311, -312]]
[[1, 0], [9, 13], [-318, -377]]
[[1, 0], [9, 13], [-321, -299]]
[[1, 0], [9, 13], [-37, -26]]
[[1, 0], [9, 13], [-381, -494]]
[[1, 0], [9, 13], [-398, -273]]
[[1, 0], [9, 13], [-55, -52]]
[[1, 0], [9, 13], [-579, -260]]
[[1, 0], [9, 13], [-64, -65]]
[[1, 0], [9, 13], [-75, -26]]
[[1, 0], [9, 152], [-31, -304]]
[[1, 0], [9, 19], [-107, -171]]
[[1, 0], [9, 19], [-111, -152]]
[[1, 0], [9, 19], [-131, -247]]
[[1, 0], [9, 19], [-167, -133]]
[[1, 0], [9, 19], [-219, -380]]
[[1, 0], [9, 19], [-22, -19]]
[[1, 0], [9, 19], [-239, -285]]
[[1, 0], [9, 19], [-261, -494]]
[[1, 0], [9, 19], [-31, -38]]
[[1, 0], [9, 19], [-321, -266]]
[[1, 0], [9, 19], [-53, -57]]
[[1, 0], [9, 19], [-84, -95]]
[[1, 0], [9, 247], [-10, -247]]
[[1, 0], [9, 247], [-11, -247]]
[[1, 0], [9, 247], [-21, -494]]
[[1, 0], [9, 26], [-155, -338]]
[[1, 0], [9, 26], [-159, -130]]
[[1, 0], [9, 26], [-175, -286]]
[[1, 0], [9, 26], [-191, -494]]
[[1, 0], [9, 26], [-23, -39]]
[[1, 0], [9, 26], [-41, -91]]
[[1, 0], [9, 26], [-55, -104]]
[[1, 0], [9, 26], [-75, -52]]
[[1, 0], [9, 26], [-89, -65]]
[[1, 0], [9, 26], [-96, -247]]
[[1, 0], [9, 38], [-107, -342]]
[[1, 0], [9, 38], [-111, -304]]
[[1, 0], [9, 38], [-131, -494]]
[[1, 0], [9, 38], [-167, -266]]
[[1, 0], [9, 38], [-20, -57]]
[[1, 0], [9, 38], [-29, -95]]
[[1, 0], [9, 38], [-31, -76]]
[[1, 0], [9, 38], [-66, -247]]
[[1, 0], [9, 38], [-90, -133]]
[[1, 0], [9, 494], [-11, -494]]
[[1, 0], [9, 52], [-159, -260]]
[[1, 0], [9, 52], [-23, -78]]
[[1, 0], [9, 52], [-41, -182]]
[[1, 0], [9, 52], [-54, -65]]
[[1, 0], [9, 52], [-89, -130]]
[[1, 0], [9, 76], [-29, -190]]
[[1, 0], [9, 76], [-31, -152]]
[[1, 0], [90, 247], [-183, -494]]
[[1, 0], [90, 247], [-92, -247]]
[[1, 0], [91, 114], [-143, -171]]
[[1, 0], [91, 285], [-104, -285]]
[[1, 0], [91, 95], [-299, -285]]
[[1, 0], [92, 133], [-223, -266]]
[[1, 0], [92, 247], [-187, -494]]
[[1, 0], [92, 247], [-94, -247]]
[[1, 0], [93, 247], [-189, -494]]
[[1, 0], [94, 247], [-191, -494]]
[[1, 0], [94, 247], [-96, -247]]
[[1, 0], [96, 247], [-98, -247]]
[[1, 0], [97, 104], [-155, -156]]
[[1, 0], [97, 152], [-207, -304]]
[[1, 0], [97, 247], [-197, -494]]
[[1, 0], [97, 247], [-99, -247]]
[[1, 0], [97, 494], [-99, -494]]
[[1, 0], [97, 741], [-98, -741]]
[[1, 0], [98, 247], [-100, -247]]
[[1, 0], [98, 247], [-199, -494]]
[[1, 0], [99, 133], [-237, -266]]
[[1, 0], [99, 247], [-101, -247]]
[[1, 0], [99, 247], [-201, -494]]
[[1, 0], [99, 266], [-125, -266]]
[[1, 0], [99, 494], [-101, -494]]
