[[1, 0], [0, 1], [-105999, -800]]
[[1, 0], [0, 1], [-12704, -15]]
[[1, 0], [0, 1], [-12704, -847]]
[[1, 0], [0, 1], [-127040, -159]]
[[1, 0], [0, 1], [-127040, -799]]
[[1, 0], [0, 1], [-1588, -1]]
[[1, 0], [0, 1], [-1589, -1588]]
[[1, 0], [0, 1], [-1985, -1324]]
[[1, 0], [0, 1], [-1985, -4]]
[[1, 0], [0, 1], [-211204, -265]]
[[1, 0], [0, 1], [-211204, -797]]
[[1, 0], [0, 1], [-21835, -824]]
[[1, 0], [0, 1], [-2384, -1191]]
[[1, 0], [0, 1], [-2779, -1112]]
[[1, 0], [0, 1], [-316409, -796]]
[[1, 0], [0, 1], [-3176, -1059]]
[[1, 0], [0, 1], [-3176, -3]]
[[1, 0], [0, 1], [-397, -4]]
[[1, 0], [0, 1], [-42876, -53]]
[[1, 0], [0, 1], [-42876, -809]]
[[1, 0], [0, 1], [-4367, -32]]
[[1, 0], [0, 1], [-4764, -5]]
[[1, 0], [0, 1], [-4764, -953]]
[[1, 0], [0, 1], [-5161, -116]]
[[1, 0], [0, 1], [-632024, -795]]
[[1, 0], [0, 1], [-63917, -804]]
[[1, 0], [0, 1], [-6749, -900]]
[[1, 0], [0, 1], [-796, -397]]
[[1, 0], [1, 100], [-1199, -800]]
[[1, 0], [1, 102], [-135, -272]]
[[1, 0], [1, 10], [-10799, -800]]
[[1, 0], [1, 10], [-323, -54]]
[[1, 0], [1, 10], [-559, -32]]
[[1, 0], [1, 114], [-1595, -798]]
[[1, 0], [1, 1191], [-5, -1191]]
[[1, 0], [1, 12], [-159, -320]]
[[1, 0], [1, 12], [-1875, -268]]
[[1, 0], [1, 14], [-1823, -114]]
[[1, 0], [1, 14], [-3989, -266]]
[[1, 0], [1, 14], [-797, -42]]
[[1, 0], [1, 1588], [-3, -1588]]
[[1, 0], [1, 159], [-1589, -159]]
[[1, 0], [1, 159], [-2119, -265]]
[[1, 0], [1, 159], [-4769, -795]]
[[1, 0], [1, 15], [-14839, -265]]
[[1, 0], [1, 15], [-1589, -15]]
[[1, 0], [1, 15], [-3603, -53]]
[[1, 0], [1, 15], [-42929, -795]]
[[1, 0], [1, 15], [-9221, -159]]
[[1, 0], [1, 160], [-299, -200]]
[[1, 0], [1, 160], [-799, -800]]
[[1, 0], [1, 16], [-227, -456]]
[[1, 0], [1, 16], [-399, -32]]
[[1, 0], [1, 16], [-509, -204]]
[[1, 0], [1, 16], [-6799, -800]]
[[1, 0], [1, 16], [-847, -848]]
[[1, 0], [1, 18], [-149, -300]]
[[1, 0], [1, 18], [-809, -270]]
[[1, 0], [1, 199], [-1989, -796]]
[[1, 0], [1, 19], [-65, -44]]
[[1, 0], [1, 201], [-401, -804]]
[[1, 0], [1, 20], [-1199, -160]]
[[1, 0], [1, 21], [-21, -44]]
[[1, 0], [1, 23], [-19, -40]]
[[1, 0], [1, 25], [-303, -32]]
[[1, 0], [1, 25], [-4399, -800]]
[[1, 0], [1, 265], [-1589, -265]]
[[1, 0], [1, 265], [-3179, -795]]
[[1, 0], [1, 266], [-797, -798]]
[[1, 0], [1, 27], [-143, -288]]
[[1, 0], [1, 28], [-231, -116]]
[[1, 0], [1, 2], [-10799, -160]]
[[1, 0], [1, 2], [-10853, -268]]
[[1, 0], [1, 2], [-1193, -4]]
[[1, 0], [1, 2], [-158801, -796]]
[[1, 0], [1, 2], [-1589, -1588]]
[[1, 0], [1, 2], [-1595, -14]]
[[1, 0], [1, 2], [-1787, -1192]]
[[1, 0], [1, 2], [-3989, -38]]
[[1, 0], [1, 2], [-797, -6]]
[[1, 0], [1, 2], [-79799, -798]]
[[1, 0], [1, 2], [-809, -30]]
[[1, 0], [1, 2], [-953, -318]]
[[1, 0], [1, 30], [-323, -162]]
[[1, 0], [1, 32], [-1799, -400]]
[[1, 0], [1, 32], [-299, -40]]
[[1, 0], [1, 32], [-53, -108]]
[[1, 0], [1, 32], [-549, -100]]
[[1, 0], [1, 32], [-799, -160]]
[[1, 0], [1, 38], [-1595, -266]]
[[1, 0], [1, 38], [-419, -42]]
[[1, 0], [1, 38], [-797, -114]]
[[1, 0], [1, 397], [-11, -1191]]
[[1, 0], [1, 397], [-5, -397]]
[[1, 0], [1, 397], [-9, -1588]]
[[1, 0], [1, 398], [-1193, -796]]
[[1, 0], [1, 3], [-1155, -289]]
[[1, 0], [1, 3], [-1193, -1191]]
[[1, 0], [1, 3], [-143, -32]]
[[1, 0], [1, 3], [-14839, -53]]
[[1, 0], [1, 3], [-1589, -3]]
[[1, 0], [1, 3], [-211469, -795]]
[[1, 0], [1, 3], [-2119, -5]]
[[1, 0], [1, 3], [-3399, -272]]
[[1, 0], [1, 3], [-399, -397]]
[[1, 0], [1, 3], [-401, -12]]
[[1, 0], [1, 3], [-42929, -159]]
[[1, 0], [1, 3], [-4769, -15]]
[[1, 0], [1, 3], [-71019, -265]]
[[1, 0], [1, 400], [-399, -800]]
[[1, 0], [1, 40], [-209, -420]]
[[1, 0], [1, 40], [-2799, -800]]
[[1, 0], [1, 42], [-139, -280]]
[[1, 0], [1, 42], [-3989, -798]]
[[1, 0], [1, 4], [-1059, -1060]]
[[1, 0], [1, 4], [-11715, -808]]
[[1, 0], [1, 4], [-1199, -32]]
[[1, 0], [1, 4], [-1815, -908]]
[[1, 0], [1, 4], [-26799, -800]]
[[1, 0], [1, 4], [-4179, -836]]
[[1, 0], [1, 4], [-4575, -832]]
[[1, 0], [1, 4], [-795, -1588]]
[[1, 0], [1, 4], [-795, -4]]
[[1, 0], [1, 4], [-79599, -796]]
[[1, 0], [1, 50], [-559, -160]]
[[1, 0], [1, 53], [-12719, -795]]
[[1, 0], [1, 53], [-1589, -53]]
[[1, 0], [1, 53], [-3179, -159]]
[[1, 0], [1, 53], [-4769, -265]]
[[1, 0], [1, 54], [-809, -810]]
[[1, 0], [1, 5], [-1065, -164]]
[[1, 0], [1, 5], [-127199, -795]]
[[1, 0], [1, 5], [-1303, -163]]
[[1, 0], [1, 5], [-133, -268]]
[[1, 0], [1, 5], [-1589, -5]]
[[1, 0], [1, 5], [-26075, -159]]
[[1, 0], [1, 5], [-275, -184]]
[[1, 0], [1, 5], [-3179, -15]]
[[1, 0], [1, 5], [-353, -177]]
[[1, 0], [1, 5], [-42929, -265]]
[[1, 0], [1, 5], [-4399, -160]]
[[1, 0], [1, 5], [-9221, -53]]
[[1, 0], [1, 67], [-401, -268]]
[[1, 0], [1, 6], [-10853, -804]]
[[1, 0], [1, 6], [-135, -16]]
[[1, 0], [1, 6], [-1369, -274]]
[[1, 0], [1, 6], [-139, -40]]
[[1, 0], [1, 6], [-149, -100]]
[[1, 0], [1, 6], [-1595, -42]]
[[1, 0], [1, 6], [-199, -400]]
[[1, 0], [1, 6], [-3989, -114]]
[[1, 0], [1, 6], [-709, -284]]
[[1, 0], [1, 6], [-809, -90]]
[[1, 0], [1, 6], [-9043, -266]]
[[1, 0], [1, 6], [-953, -954]]
[[1, 0], [1, 794], [-5, -1588]]
[[1, 0], [1, 795], [-1589, -795]]
[[1, 0], [1, 796], [-795, -796]]
[[1, 0], [1, 7], [-5277, -812]]
[[1, 0], [1, 80], [-399, -160]]
[[1, 0], [1, 8], [-1441, -412]]
[[1, 0], [1, 8], [-209, -84]]
[[1, 0], [1, 8], [-265, -532]]
[[1, 0], [1, 8], [-2799, -160]]
[[1, 0], [1, 9], [-1245, -89]]
[[1, 0], [1, 9], [-143, -96]]
[[1, 0], [1, 9], [-363, -91]]
[[1, 0], [1, 9], [-57, -116]]
[[1, 0], [10, 1191], [-14, -1191]]
[[1, 0], [10, 397], [-14, -397]]
[[1, 0], [10, 397], [-38, -1191]]
[[1, 0], [10, 397], [-45, -1588]]
[[1, 0], [100, 1191], [-104, -1191]]
[[1, 0], [100, 397], [-104, -397]]
[[1, 0], [100, 397], [-308, -1191]]
[[1, 0], [100, 397], [-405, -1588]]
[[1, 0], [101, 1588], [-103, -1588]]
[[1, 0], [101, 200], [-599, -400]]
[[1, 0], [101, 397], [-105, -397]]
[[1, 0], [101, 397], [-311, -1191]]
[[1, 0], [101, 397], [-409, -1588]]
[[1, 0], [101, 794], [-205, -1588]]
[[1, 0], [102, 397], [-106, -397]]
[[1, 0], [102, 397], [-314, -1191]]
[[1, 0], [102, 397], [-413, -1588]]
[[1, 0], [103, 1191], [-107, -1191]]
[[1, 0], [103, 1588], [-105, -1588]]
[[1, 0], [103, 397], [-107, -397]]
[[1, 0], [103, 397], [-317, -1191]]
[[1, 0], [103, 397], [-417, -1588]]
[[1, 0], [103, 794], [-209, -1588]]
[[1, 0], [104, 397], [-108, -397]]
[[1, 0], [104, 397], [-320, -1191]]
[[1, 0], [104, 397], [-421, -1588]]
[[1, 0], [105, 1588], [-107, -1588]]
[[1, 0], [105, 397], [-109, -397]]
[[1, 0], [105, 397], [-323, -1191]]
[[1, 0], [105, 397], [-425, -1588]]
[[1, 0], [105, 794], [-213, -1588]]
[[1, 0], [106, 1191], [-110, -1191]]
[[1, 0], [106, 397], [-110, -397]]
[[1, 0], [106, 397], [-326, -1191]]
[[1, 0], [106, 397], [-429, -1588]]
[[1, 0], [107, 1588], [-109, -1588]]
[[1, 0], [107, 397], [-111, -397]]
[[1, 0], [107, 397], [-329, -1191]]
[[1, 0], [107, 397], [-433, -1588]]
[[1, 0], [107, 794], [-217, -1588]]
[[1, 0], [108, 397], [-112, -397]]
[[1, 0], [108, 397], [-332, -1191]]
[[1, 0], [108, 397], [-437, -1588]]
[[1, 0], [109, 1191], [-113, -1191]]
[[1, 0], [109, 1588], [-111, -1588]]
[[1, 0], [109, 397], [-113, -397]]
[[1, 0], [109, 397], [-335, -1191]]
[[1, 0], [109, 397], [-441, -1588]]
[[1, 0], [109, 794], [-221, -1588]]
[[1, 0], [11, 1588], [-13, -1588]]
[[1, 0], [11, 20], [-1279, -160]]
[[1, 0], [11, 20], [-2999, -400]]
[[1, 0], [11, 20], [-419, -40]]
[[1, 0], [11, 20], [-849, -100]]
[[1, 0], [11, 397], [-15, -397]]
[[1, 0], [11, 397], [-41, -1191]]
[[1, 0], [11, 397], [-49, -1588]]
[[1, 0], [11, 794], [-25, -1588]]
[[1, 0], [110, 397], [-114, -397]]
[[1, 0], [110, 397], [-338, -1191]]
[[1, 0], [110, 397], [-445, -1588]]
[[1, 0], [111, 1588], [-113, -1588]]
[[1, 0], [111, 397], [-115, -397]]
[[1, 0], [111, 397], [-341, -1191]]
[[1, 0], [111, 397], [-449, -1588]]
[[1, 0], [111, 794], [-225, -1588]]
[[1, 0], [112, 1191], [-116, -1191]]
[[1, 0], [112, 397], [-116, -397]]
[[1, 0], [112, 397], [-344, -1191]]
[[1, 0], [112, 397], [-453, -1588]]
[[1, 0], [113, 1588], [-115, -1588]]
[[1, 0], [113, 397], [-117, -397]]
[[1, 0], [113, 397], [-347, -1191]]
[[1, 0], [113, 397], [-457, -1588]]
[[1, 0], [113, 794], [-229, -1588]]
[[1, 0], [114, 397], [-118, -397]]
[[1, 0], [114, 397], [-350, -1191]]
[[1, 0], [114, 397], [-461, -1588]]
[[1, 0], [115, 1191], [-119, -1191]]
[[1, 0], [115, 1588], [-117, -1588]]
[[1, 0], [115, 397], [-119, -397]]
[[1, 0], [115, 397], [-353, -1191]]
[[1, 0], [115, 397], [-465, -1588]]
[[1, 0], [115, 794], [-233, -1588]]
[[1, 0], [116, 397], [-120, -397]]
[[1, 0], [116, 397], [-356, -1191]]
[[1, 0], [116, 397], [-469, -1588]]
[[1, 0], [117, 1588], [-119, -1588]]
[[1, 0], [117, 397], [-121, -397]]
[[1, 0], [117, 397], [-359, -1191]]
[[1, 0], [117, 397], [-473, -1588]]
[[1, 0], [117, 794], [-237, -1588]]
[[1, 0], [118, 1191], [-122, -1191]]
[[1, 0], [118, 397], [-122, -397]]
[[1, 0], [118, 397], [-362, -1191]]
[[1, 0], [118, 397], [-477, -1588]]
[[1, 0], [1180, 1191], [-1184, -1191]]
[[1, 0], [1189, 1191], [-1193, -1191]]
[[1, 0], [119, 1588], [-121, -1588]]
[[1, 0], [119, 397], [-123, -397]]
[[1, 0], [119, 397], [-365, -1191]]
[[1, 0], [119, 397], [-481, -1588]]
[[1, 0], [119, 794], [-241, -1588]]
[[1, 0], [12, 397], [-16, -397]]
[[1, 0], [12, 397], [-44, -1191]]
[[1, 0], [12, 397], [-53, -1588]]
[[1, 0], [120, 397], [-124, -397]]
[[1, 0], [120, 397], [-368, -1191]]
[[1, 0], [120, 397], [-485, -1588]]
[[1, 0], [121, 1191], [-125, -1191]]
[[1, 0], [121, 1588], [-123, -1588]]
[[1, 0], [121, 397], [-125, -397]]
[[1, 0], [121, 397], [-371, -1191]]
[[1, 0], [121, 397], [-489, -1588]]
[[1, 0], [121, 794], [-245, -1588]]
[[1, 0], [122, 397], [-126, -397]]
[[1, 0], [122, 397], [-374, -1191]]
[[1, 0], [122, 397], [-493, -1588]]
[[1, 0], [123, 1588], [-125, -1588]]
[[1, 0], [123, 397], [-127, -397]]
[[1, 0], [123, 397], [-377, -1191]]
[[1, 0], [123, 397], [-497, -1588]]
[[1, 0], [123, 794], [-249, -1588]]
[[1, 0], [124, 1191], [-128, -1191]]
[[1, 0], [124, 397], [-128, -397]]
[[1, 0], [124, 397], [-380, -1191]]
[[1, 0], [124, 397], [-501, -1588]]
[[1, 0], [125, 1588], [-127, -1588]]
[[1, 0], [125, 397], [-129, -397]]
[[1, 0], [125, 397], [-383, -1191]]
[[1, 0], [125, 397], [-505, -1588]]
[[1, 0], [125, 794], [-253, -1588]]
[[1, 0], [126, 397], [-130, -397]]
[[1, 0], [126, 397], [-386, -1191]]
[[1, 0], [126, 397], [-509, -1588]]
[[1, 0], [127, 1191], [-131, -1191]]
[[1, 0], [127, 1588], [-129, -1588]]
[[1, 0], [127, 397], [-131, -397]]
[[1, 0], [127, 397], [-389, -1191]]
[[1, 0], [127, 397], [-513, -1588]]
[[1, 0], [127, 794], [-257, -1588]]
[[1, 0], [128, 397], [-132, -397]]
[[1, 0], [128, 397], [-392, -1191]]
[[1, 0], [128, 397], [-517, -1588]]
[[1, 0], [129, 1588], [-131, -1588]]
[[1, 0], [129, 397], [-133, -397]]
[[1, 0], [129, 397], [-395, -1191]]
[[1, 0], [129, 397], [-521, -1588]]
[[1, 0], [129, 794], [-261, -1588]]
[[1, 0], [13, 1191], [-17, -1191]]
[[1, 0], [13, 1588], [-15, -1588]]
[[1, 0], [13, 397], [-17, -397]]
[[1, 0], [13, 397], [-47, -1191]]
[[1, 0], [13, 397], [-57, -1588]]
[[1, 0], [13, 794], [-29, -1588]]
[[1, 0], [130, 1191], [-134, -1191]]
[[1, 0], [130, 397], [-134, -397]]
[[1, 0], [130, 397], [-398, -1191]]
[[1, 0], [130, 397], [-525, -1588]]
[[1, 0], [131, 1588], [-133, -1588]]
[[1, 0], [131, 397], [-135, -397]]
[[1, 0], [131, 397], [-401, -1191]]
[[1, 0], [131, 397], [-529, -1588]]
[[1, 0], [131, 794], [-265, -1588]]
[[1, 0], [132, 397], [-136, -397]]
[[1, 0], [132, 397], [-404, -1191]]
[[1, 0], [132, 397], [-533, -1588]]
[[1, 0], [133, 1191], [-137, -1191]]
[[1, 0], [133, 1588], [-135, -1588]]
[[1, 0], [133, 397], [-137, -397]]
[[1, 0], [133, 397], [-407, -1191]]
[[1, 0], [133, 397], [-537, -1588]]
[[1, 0], [133, 794], [-269, -1588]]
[[1, 0], [134, 397], [-138, -397]]
[[1, 0], [134, 397], [-410, -1191]]
[[1, 0], [134, 397], [-541, -1588]]
[[1, 0], [135, 1588], [-137, -1588]]
[[1, 0], [135, 268], [-401, -402]]
[[1, 0], [135, 397], [-139, -397]]
[[1, 0], [135, 397], [-413, -1191]]
[[1, 0], [135, 397], [-545, -1588]]
[[1, 0], [135, 794], [-273, -1588]]
[[1, 0], [136, 1191], [-140, -1191]]
[[1, 0], [136, 397], [-140, -397]]
[[1, 0], [136, 397], [-416, -1191]]
[[1, 0], [136, 397], [-549, -1588]]
[[1, 0], [137, 1588], [-139, -1588]]
[[1, 0], [137, 397], [-141, -397]]
[[1, 0], [137, 397], [-419, -1191]]
[[1, 0], [137, 397], [-553, -1588]]
[[1, 0], [137, 794], [-277, -1588]]
[[1, 0], [138, 397], [-142, -397]]
[[1, 0], [138, 397], [-422, -1191]]
[[1, 0], [138, 397], [-557, -1588]]
[[1, 0], [139, 1191], [-143, -1191]]
[[1, 0], [139, 1588], [-141, -1588]]
[[1, 0], [139, 397], [-143, -397]]
[[1, 0], [139, 397], [-425, -1191]]
[[1, 0], [139, 397], [-561, -1588]]
[[1, 0], [139, 794], [-281, -1588]]
[[1, 0], [14, 397], [-18, -397]]
[[1, 0], [14, 397], [-50, -1191]]
[[1, 0], [14, 397], [-61, -1588]]
[[1, 0], [140, 397], [-144, -397]]
[[1, 0], [140, 397], [-428, -1191]]
[[1, 0], [140, 397], [-565, -1588]]
[[1, 0], [141, 1588], [-143, -1588]]
[[1, 0], [141, 397], [-145, -397]]
[[1, 0], [141, 397], [-431, -1191]]
[[1, 0], [141, 397], [-569, -1588]]
[[1, 0], [141, 794], [-285, -1588]]
[[1, 0], [142, 1191], [-146, -1191]]
[[1, 0], [142, 397], [-146, -397]]
[[1, 0], [142, 397], [-434, -1191]]
[[1, 0], [142, 397], [-573, -1588]]
[[1, 0], [143, 1588], [-145, -1588]]
[[1, 0], [143, 397], [-147, -397]]
[[1, 0], [143, 397], [-437, -1191]]
[[1, 0], [143, 397], [-577, -1588]]
[[1, 0], [143, 794], [-289, -1588]]
[[1, 0], [144, 397], [-148, -397]]
[[1, 0], [144, 397], [-440, -1191]]
[[1, 0], [144, 397], [-581, -1588]]
[[1, 0], [145, 1191], [-149, -1191]]
[[1, 0], [145, 1588], [-147, -1588]]
[[1, 0], [145, 397], [-149, -397]]
[[1, 0], [145, 397], [-443, -1191]]
[[1, 0], [145, 397], [-585, -1588]]
[[1, 0], [145, 794], [-293, -1588]]
[[1, 0], [146, 397], [-150, -397]]
[[1, 0], [146, 397], [-446, -1191]]
[[1, 0], [146, 397], [-589, -1588]]
[[1, 0], [147, 1588], [-149, -1588]]
[[1, 0], [147, 397], [-151, -397]]
[[1, 0], [147, 397], [-449, -1191]]
[[1, 0], [147, 397], [-593, -1588]]
[[1, 0], [147, 794], [-297, -1588]]
[[1, 0], [148, 1191], [-152, -1191]]
[[1, 0], [148, 397], [-152, -397]]
[[1, 0], [148, 397], [-452, -1191]]
[[1, 0], [148, 397], [-597, -1588]]
[[1, 0], [149, 1588], [-151, -1588]]
[[1, 0], [149, 397], [-153, -397]]
[[1, 0], [149, 397], [-455, -1191]]
[[1, 0], [149, 397], [-601, -1588]]
[[1, 0], [149, 794], [-301, -1588]]
[[1, 0], [15, 1588], [-17, -1588]]
[[1, 0], [15, 28], [-289, -116]]
[[1, 0], [15, 397], [-19, -397]]
[[1, 0], [15, 397], [-53, -1191]]
[[1, 0], [15, 397], [-65, -1588]]
[[1, 0], [15, 794], [-33, -1588]]
[[1, 0], [150, 397], [-154, -397]]
[[1, 0], [150, 397], [-458, -1191]]
[[1, 0], [150, 397], [-605, -1588]]
[[1, 0], [151, 1191], [-155, -1191]]
[[1, 0], [151, 1588], [-153, -1588]]
[[1, 0], [151, 397], [-155, -397]]
[[1, 0], [151, 397], [-461, -1191]]
[[1, 0], [151, 397], [-609, -1588]]
[[1, 0], [151, 794], [-305, -1588]]
[[1, 0], [152, 397], [-156, -397]]
[[1, 0], [152, 397], [-464, -1191]]
[[1, 0], [152, 397], [-613, -1588]]
[[1, 0], [153, 1588], [-155, -1588]]
[[1, 0], [153, 397], [-157, -397]]
[[1, 0], [153, 397], [-467, -1191]]
[[1, 0], [153, 397], [-617, -1588]]
[[1, 0], [153, 794], [-309, -1588]]
[[1, 0], [154, 1191], [-158, -1191]]
[[1, 0], [154, 397], [-158, -397]]
[[1, 0], [154, 397], [-470, -1191]]
[[1, 0], [154, 397], [-621, -1588]]
[[1, 0], [155, 1588], [-157, -1588]]
[[1, 0], [155, 397], [-159, -397]]
[[1, 0], [155, 397], [-473, -1191]]
[[1, 0], [155, 397], [-625, -1588]]
[[1, 0], [155, 794], [-313, -1588]]
[[1, 0], [156, 397], [-160, -397]]
[[1, 0], [156, 397], [-476, -1191]]
[[1, 0], [156, 397], [-629, -1588]]
[[1, 0], [157, 1191], [-161, -1191]]
[[1, 0], [157, 1588], [-159, -1588]]
[[1, 0], [157, 397], [-161, -397]]
[[1, 0], [157, 397], [-479, -1191]]
[[1, 0], [157, 397], [-633, -1588]]
[[1, 0], [157, 794], [-317, -1588]]
[[1, 0], [158, 397], [-162, -397]]
[[1, 0], [158, 397], [-482, -1191]]
[[1, 0], [158, 397], [-637, -1588]]
[[1, 0], [1581, 1588], [-1583, -1588]]
[[1, 0], [1587, 1588], [-1589, -1588]]
[[1, 0], [159, 1588], [-161, -1588]]
[[1, 0], [159, 397], [-163, -397]]
[[1, 0], [159, 397], [-485, -1191]]
[[1, 0], [159, 397], [-641, -1588]]
[[1, 0], [159, 794], [-321, -1588]]
[[1, 0], [16, 1191], [-20, -1191]]
[[1, 0], [16, 397], [-20, -397]]
[[1, 0], [16, 397], [-56, -1191]]
[[1, 0], [16, 397], [-69, -1588]]
[[1, 0], [160, 1191], [-164, -1191]]
[[1, 0], [160, 397], [-164, -397]]
[[1, 0], [160, 397], [-488, -1191]]
[[1, 0], [160, 397], [-645, -1588]]
[[1, 0], [161, 1588], [-163, -1588]]
[[1, 0], [161, 397], [-165, -397]]
[[1, 0], [161, 397], [-491, -1191]]
[[1, 0], [161, 397], [-649, -1588]]
[[1, 0], [161, 794], [-325, -1588]]
[[1, 0], [162, 397], [-166, -397]]
[[1, 0], [162, 397], [-494, -1191]]
[[1, 0], [162, 397], [-653, -1588]]
[[1, 0], [163, 1191], [-167, -1191]]
[[1, 0], [163, 1588], [-165, -1588]]
[[1, 0], [163, 397], [-167, -397]]
[[1, 0], [163, 397], [-497, -1191]]
[[1, 0], [163, 397], [-657, -1588]]
[[1, 0], [163, 794], [-329, -1588]]
[[1, 0], [164, 397], [-168, -397]]
[[1, 0], [164, 397], [-500, -1191]]
[[1, 0], [164, 397], [-661, -1588]]
[[1, 0], [165, 1588], [-167, -1588]]
[[1, 0], [165, 397], [-169, -397]]
[[1, 0], [165, 397], [-503, -1191]]
[[1, 0], [165, 397], [-665, -1588]]
[[1, 0], [165, 794], [-333, -1588]]
[[1, 0], [166, 1191], [-170, -1191]]
[[1, 0], [166, 397], [-170, -397]]
[[1, 0], [166, 397], [-506, -1191]]
[[1, 0], [166, 397], [-669, -1588]]
[[1, 0], [167, 1588], [-169, -1588]]
[[1, 0], [167, 397], [-171, -397]]
[[1, 0], [167, 397], [-509, -1191]]
[[1, 0], [167, 397], [-673, -1588]]
[[1, 0], [167, 794], [-337, -1588]]
[[1, 0], [168, 397], [-172, -397]]
[[1, 0], [168, 397], [-512, -1191]]
[[1, 0], [168, 397], [-677, -1588]]
[[1, 0], [169, 1191], [-173, -1191]]
[[1, 0], [169, 1588], [-171, -1588]]
[[1, 0], [169, 397], [-173, -397]]
[[1, 0], [169, 397], [-515, -1191]]
[[1, 0], [169, 397], [-681, -1588]]
[[1, 0], [169, 794], [-341, -1588]]
[[1, 0], [17, 1588], [-19, -1588]]
[[1, 0], [17, 32], [-107, -108]]
[[1, 0], [17, 32], [-1999, -400]]
[[1, 0], [17, 32], [-319, -40]]
[[1, 0], [17, 32], [-599, -100]]
[[1, 0], [17, 32], [-879, -160]]
[[1, 0], [17, 397], [-21, -397]]
[[1, 0], [17, 397], [-59, -1191]]
[[1, 0], [17, 397], [-73, -1588]]
[[1, 0], [17, 794], [-37, -1588]]
[[1, 0], [170, 397], [-174, -397]]
[[1, 0], [170, 397], [-518, -1191]]
[[1, 0], [170, 397], [-685, -1588]]
[[1, 0], [171, 1588], [-173, -1588]]
[[1, 0], [171, 397], [-175, -397]]
[[1, 0], [171, 397], [-521, -1191]]
[[1, 0], [171, 397], [-689, -1588]]
[[1, 0], [171, 794], [-345, -1588]]
[[1, 0], [172, 1191], [-176, -1191]]
[[1, 0], [172, 397], [-176, -397]]
[[1, 0], [172, 397], [-524, -1191]]
[[1, 0], [172, 397], [-693, -1588]]
[[1, 0], [173, 1588], [-175, -1588]]
[[1, 0], [173, 397], [-177, -397]]
[[1, 0], [173, 397], [-527, -1191]]
[[1, 0], [173, 397], [-697, -1588]]
[[1, 0], [173, 794], [-349, -1588]]
[[1, 0], [174, 397], [-178, -397]]
[[1, 0], [174, 397], [-530, -1191]]
[[1, 0], [174, 397], [-701, -1588]]
[[1, 0], [175, 1191], [-179, -1191]]
[[1, 0], [175, 1588], [-177, -1588]]
[[1, 0], [175, 397], [-179, -397]]
[[1, 0], [175, 397], [-533, -1191]]
[[1, 0], [175, 397], [-705, -1588]]
[[1, 0], [175, 794], [-353, -1588]]
[[1, 0], [176, 397], [-180, -397]]
[[1, 0], [176, 397], [-536, -1191]]
[[1, 0], [176, 397], [-709, -1588]]
[[1, 0], [177, 1588], [-179, -1588]]
[[1, 0], [177, 397], [-181, -397]]
[[1, 0], [177, 397], [-539, -1191]]
[[1, 0], [177, 397], [-713, -1588]]
[[1, 0], [177, 794], [-357, -1588]]
[[1, 0], [178, 1191], [-182, -1191]]
[[1, 0], [178, 397], [-182, -397]]
[[1, 0], [178, 397], [-542, -1191]]
[[1, 0], [178, 397], [-717, -1588]]
[[1, 0], [179, 1588], [-181, -1588]]
[[1, 0], [179, 397], [-183, -397]]
[[1, 0], [179, 397], [-545, -1191]]
[[1, 0], [179, 397], [-721, -1588]]
[[1, 0], [179, 794], [-361, -1588]]
[[1, 0], [18, 397], [-22, -397]]
[[1, 0], [18, 397], [-62, -1191]]
[[1, 0], [18, 397], [-77, -1588]]
[[1, 0], [180, 397], [-184, -397]]
[[1, 0], [180, 397], [-548, -1191]]
[[1, 0], [180, 397], [-725, -1588]]
[[1, 0], [181, 1191], [-185, -1191]]
[[1, 0], [181, 1588], [-183, -1588]]
[[1, 0], [181, 397], [-185, -397]]
[[1, 0], [181, 397], [-551, -1191]]
[[1, 0], [181, 397], [-729, -1588]]
[[1, 0], [181, 794], [-365, -1588]]
[[1, 0], [182, 397], [-186, -397]]
[[1, 0], [182, 397], [-554, -1191]]
[[1, 0], [182, 397], [-733, -1588]]
[[1, 0], [183, 1588], [-185, -1588]]
[[1, 0], [183, 397], [-187, -397]]
[[1, 0], [183, 397], [-557, -1191]]
[[1, 0], [183, 397], [-737, -1588]]
[[1, 0], [183, 794], [-369, -1588]]
[[1, 0], [184, 1191], [-188, -1191]]
[[1, 0], [184, 397], [-188, -397]]
[[1, 0], [184, 397], [-560, -1191]]
[[1, 0], [184, 397], [-741, -1588]]
[[1, 0], [185, 1588], [-187, -1588]]
[[1, 0], [185, 397], [-189, -397]]
[[1, 0], [185, 397], [-563, -1191]]
[[1, 0], [185, 397], [-745, -1588]]
[[1, 0], [185, 794], [-373, -1588]]
[[1, 0], [186, 397], [-190, -397]]
[[1, 0], [186, 397], [-566, -1191]]
[[1, 0], [186, 397], [-749, -1588]]
[[1, 0], [187, 1191], [-191, -1191]]
[[1, 0], [187, 1588], [-189, -1588]]
[[1, 0], [187, 397], [-191, -397]]
[[1, 0], [187, 397], [-569, -1191]]
[[1, 0], [187, 397], [-753, -1588]]
[[1, 0], [187, 794], [-377, -1588]]
[[1, 0], [188, 397], [-192, -397]]
[[1, 0], [188, 397], [-572, -1191]]
[[1, 0], [188, 397], [-757, -1588]]
[[1, 0], [189, 1588], [-191, -1588]]
[[1, 0], [189, 397], [-193, -397]]
[[1, 0], [189, 397], [-575, -1191]]
[[1, 0], [189, 397], [-761, -1588]]
[[1, 0], [189, 794], [-381, -1588]]
[[1, 0], [19, 1191], [-23, -1191]]
[[1, 0], [19, 1588], [-21, -1588]]
[[1, 0], [19, 397], [-23, -397]]
[[1, 0], [19, 397], [-65, -1191]]
[[1, 0], [19, 397], [-81, -1588]]
[[1, 0], [19, 794], [-41, -1588]]
[[1, 0], [190, 1191], [-194, -1191]]
[[1, 0], [190, 397], [-194, -397]]
[[1, 0], [190, 397], [-578, -1191]]
[[1, 0], [190, 397], [-765, -1588]]
[[1, 0], [191, 1588], [-193, -1588]]
[[1, 0], [191, 397], [-195, -397]]
[[1, 0], [191, 397], [-581, -1191]]
[[1, 0], [191, 397], [-769, -1588]]
[[1, 0], [191, 794], [-385, -1588]]
[[1, 0], [192, 397], [-196, -397]]
[[1, 0], [192, 397], [-584, -1191]]
[[1, 0], [192, 397], [-773, -1588]]
[[1, 0], [193, 1191], [-197, -1191]]
[[1, 0], [193, 1588], [-195, -1588]]
[[1, 0], [193, 397], [-197, -397]]
[[1, 0], [193, 397], [-587, -1191]]
[[1, 0], [193, 397], [-777, -1588]]
[[1, 0], [193, 794], [-389, -1588]]
[[1, 0], [194, 397], [-198, -397]]
[[1, 0], [194, 397], [-590, -1191]]
[[1, 0], [194, 397], [-781, -1588]]
[[1, 0], [195, 1588], [-197, -1588]]
[[1, 0], [195, 397], [-199, -397]]
[[1, 0], [195, 397], [-593, -1191]]
[[1, 0], [195, 397], [-785, -1588]]
[[1, 0], [195, 794], [-393, -1588]]
[[1, 0], [196, 1191], [-200, -1191]]
[[1, 0], [196, 397], [-200, -397]]
[[1, 0], [196, 397], [-596, -1191]]
[[1, 0], [196, 397], [-789, -1588]]
[[1, 0], [197, 1588], [-199, -1588]]
[[1, 0], [197, 397], [-599, -1191]]
[[1, 0], [197, 397], [-793, -1588]]
[[1, 0], [198, 397], [-602, -1191]]
[[1, 0], [198, 397], [-797, -1588]]
[[1, 0], [199, 1191], [-203, -1191]]
[[1, 0], [199, 1588], [-201, -1588]]
[[1, 0], [199, 397], [-605, -1191]]
[[1, 0], [199, 397], [-801, -1588]]
[[1, 0], [199, 794], [-401, -1588]]
[[1, 0], [2, 397], [-13, -1588]]
[[1, 0], [2, 397], [-14, -1191]]
[[1, 0], [2, 397], [-6, -397]]
[[1, 0], [20, 397], [-24, -397]]
[[1, 0], [20, 397], [-68, -1191]]
[[1, 0], [20, 397], [-85, -1588]]
[[1, 0], [200, 397], [-608, -1191]]
[[1, 0], [200, 397], [-805, -1588]]
[[1, 0], [201, 1588], [-203, -1588]]
[[1, 0], [201, 397], [-611, -1191]]
[[1, 0], [201, 397], [-809, -1588]]
[[1, 0], [201, 400], [-799, -800]]
[[1, 0], [201, 794], [-405, -1588]]
[[1, 0], [202, 1191], [-206, -1191]]
[[1, 0], [202, 397], [-614, -1191]]
[[1, 0], [202, 397], [-813, -1588]]
[[1, 0], [203, 1588], [-205, -1588]]
[[1, 0], [203, 397], [-617, -1191]]
[[1, 0], [203, 397], [-817, -1588]]
[[1, 0], [203, 794], [-409, -1588]]
[[1, 0], [204, 397], [-620, -1191]]
[[1, 0], [204, 397], [-821, -1588]]
[[1, 0], [205, 1191], [-209, -1191]]
[[1, 0], [205, 1588], [-207, -1588]]
[[1, 0], [205, 397], [-623, -1191]]
[[1, 0], [205, 397], [-825, -1588]]
[[1, 0], [205, 794], [-413, -1588]]
[[1, 0], [206, 397], [-626, -1191]]
[[1, 0], [206, 397], [-829, -1588]]
[[1, 0], [207, 1588], [-209, -1588]]
[[1, 0], [207, 397], [-629, -1191]]
[[1, 0], [207, 397], [-833, -1588]]
[[1, 0], [207, 794], [-417, -1588]]
[[1, 0], [208, 1191], [-212, -1191]]
[[1, 0], [208, 397], [-632, -1191]]
[[1, 0], [208, 397], [-837, -1588]]
[[1, 0], [209, 1588], [-211, -1588]]
[[1, 0], [209, 397], [-635, -1191]]
[[1, 0], [209, 397], [-841, -1588]]
[[1, 0], [209, 794], [-421, -1588]]
[[1, 0], [21, 1588], [-23, -1588]]
[[1, 0], [21, 397], [-25, -397]]
[[1, 0], [21, 397], [-71, -1191]]
[[1, 0], [21, 397], [-89, -1588]]
[[1, 0], [21, 40], [-3199, -800]]
[[1, 0], [21, 40], [-419, -420]]
[[1, 0], [21, 40], [-439, -80]]
[[1, 0], [21, 40], [-899, -200]]
[[1, 0], [21, 794], [-45, -1588]]
[[1, 0], [210, 397], [-638, -1191]]
[[1, 0], [210, 397], [-845, -1588]]
[[1, 0], [211, 1191], [-215, -1191]]
[[1, 0], [211, 1588], [-213, -1588]]
[[1, 0], [211, 397], [-641, -1191]]
[[1, 0], [211, 397], [-849, -1588]]
[[1, 0], [211, 794], [-425, -1588]]
[[1, 0], [212, 397], [-644, -1191]]
[[1, 0], [212, 397], [-853, -1588]]
[[1, 0], [213, 1588], [-215, -1588]]
[[1, 0], [213, 397], [-647, -1191]]
[[1, 0], [213, 397], [-857, -1588]]
[[1, 0], [213, 794], [-429, -1588]]
[[1, 0], [214, 1191], [-218, -1191]]
[[1, 0], [214, 397], [-650, -1191]]
[[1, 0], [214, 397], [-861, -1588]]
[[1, 0], [215, 1588], [-217, -1588]]
[[1, 0], [215, 397], [-653, -1191]]
[[1, 0], [215, 397], [-865, -1588]]
[[1, 0], [215, 794], [-433, -1588]]
[[1, 0], [216, 397], [-656, -1191]]
[[1, 0], [216, 397], [-869, -1588]]
[[1, 0], [217, 1191], [-221, -1191]]
[[1, 0], [217, 1588], [-219, -1588]]
[[1, 0], [217, 397], [-659, -1191]]
[[1, 0], [217, 397], [-873, -1588]]
[[1, 0], [217, 794], [-437, -1588]]
[[1, 0], [218, 397], [-662, -1191]]
[[1, 0], [218, 397], [-877, -1588]]
[[1, 0], [219, 1588], [-221, -1588]]
[[1, 0], [219, 397], [-665, -1191]]
[[1, 0], [219, 397], [-881, -1588]]
[[1, 0], [219, 794], [-441, -1588]]
[[1, 0], [22, 1191], [-26, -1191]]
[[1, 0], [22, 397], [-26, -397]]
[[1, 0], [22, 397], [-74, -1191]]
[[1, 0], [22, 397], [-93, -1588]]
[[1, 0], [220, 1191], [-224, -1191]]
[[1, 0], [220, 397], [-668, -1191]]
[[1, 0], [220, 397], [-885, -1588]]
[[1, 0], [221, 1588], [-223, -1588]]
[[1, 0], [221, 397], [-671, -1191]]
[[1, 0], [221, 397], [-889, -1588]]
[[1, 0], [221, 794], [-445, -1588]]
[[1, 0], [222, 397], [-674, -1191]]
[[1, 0], [222, 397], [-893, -1588]]
[[1, 0], [223, 1191], [-227, -1191]]
[[1, 0], [223, 1588], [-225, -1588]]
[[1, 0], [223, 397], [-677, -1191]]
[[1, 0], [223, 397], [-897, -1588]]
[[1, 0], [223, 794], [-449, -1588]]
[[1, 0], [224, 397], [-680, -1191]]
[[1, 0], [224, 397], [-901, -1588]]
[[1, 0], [225, 1588], [-227, -1588]]
[[1, 0], [225, 397], [-683, -1191]]
[[1, 0], [225, 397], [-905, -1588]]
[[1, 0], [225, 794], [-453, -1588]]
[[1, 0], [226, 1191], [-230, -1191]]
[[1, 0], [226, 397], [-686, -1191]]
[[1, 0], [226, 397], [-909, -1588]]
[[1, 0], [227, 1588], [-229, -1588]]
[[1, 0], [227, 397], [-689, -1191]]
[[1, 0], [227, 397], [-913, -1588]]
[[1, 0], [227, 794], [-457, -1588]]
[[1, 0], [228, 397], [-692, -1191]]
[[1, 0], [228, 397], [-917, -1588]]
[[1, 0], [229, 1191], [-233, -1191]]
[[1, 0], [229, 1588], [-231, -1588]]
[[1, 0], [229, 397], [-695, -1191]]
[[1, 0], [229, 397], [-921, -1588]]
[[1, 0], [229, 794], [-461, -1588]]
[[1, 0], [23, 1588], [-25, -1588]]
[[1, 0], [23, 397], [-27, -397]]
[[1, 0], [23, 397], [-77, -1191]]
[[1, 0], [23, 397], [-97, -1588]]
[[1, 0], [23, 44], [-417, -418]]
[[1, 0], [23, 794], [-49, -1588]]
[[1, 0], [230, 397], [-698, -1191]]
[[1, 0], [230, 397], [-925, -1588]]
[[1, 0], [231, 1588], [-233, -1588]]
[[1, 0], [231, 397], [-701, -1191]]
[[1, 0], [231, 397], [-929, -1588]]
[[1, 0], [231, 794], [-465, -1588]]
[[1, 0], [232, 1191], [-236, -1191]]
[[1, 0], [232, 397], [-704, -1191]]
[[1, 0], [232, 397], [-933, -1588]]
[[1, 0], [233, 1588], [-235, -1588]]
[[1, 0], [233, 397], [-707, -1191]]
[[1, 0], [233, 397], [-937, -1588]]
[[1, 0], [233, 794], [-469, -1588]]
[[1, 0], [234, 397], [-710, -1191]]
[[1, 0], [234, 397], [-941, -1588]]
[[1, 0], [235, 1191], [-239, -1191]]
[[1, 0], [235, 1588], [-237, -1588]]
[[1, 0], [235, 397], [-713, -1191]]
[[1, 0], [235, 397], [-945, -1588]]
[[1, 0], [235, 794], [-473, -1588]]
[[1, 0], [236, 397], [-716, -1191]]
[[1, 0], [236, 397], [-949, -1588]]
[[1, 0], [237, 1588], [-239, -1588]]
[[1, 0], [237, 397], [-719, -1191]]
[[1, 0], [237, 397], [-953, -1588]]
[[1, 0], [237, 794], [-477, -1588]]
[[1, 0], [238, 1191], [-242, -1191]]
[[1, 0], [238, 397], [-722, -1191]]
[[1, 0], [238, 397], [-957, -1588]]
[[1, 0], [239, 1588], [-241, -1588]]
[[1, 0], [239, 397], [-725, -1191]]
[[1, 0], [239, 397], [-961, -1588]]
[[1, 0], [239, 794], [-481, -1588]]
[[1, 0], [24, 397], [-101, -1588]]
[[1, 0], [24, 397], [-28, -397]]
[[1, 0], [24, 397], [-80, -1191]]
[[1, 0], [240, 397], [-728, -1191]]
[[1, 0], [240, 397], [-965, -1588]]
[[1, 0], [241, 1191], [-245, -1191]]
[[1, 0], [241, 1588], [-243, -1588]]
[[1, 0], [241, 397], [-731, -1191]]
[[1, 0], [241, 397], [-969, -1588]]
[[1, 0], [241, 794], [-485, -1588]]
[[1, 0], [242, 397], [-734, -1191]]
[[1, 0], [242, 397], [-973, -1588]]
[[1, 0], [243, 1588], [-245, -1588]]
[[1, 0], [243, 397], [-737, -1191]]
[[1, 0], [243, 397], [-977, -1588]]
[[1, 0], [243, 794], [-489, -1588]]
[[1, 0], [244, 1191], [-248, -1191]]
[[1, 0], [244, 397], [-740, -1191]]
[[1, 0], [244, 397], [-981, -1588]]
[[1, 0], [245, 1588], [-247, -1588]]
[[1, 0], [245, 397], [-743, -1191]]
[[1, 0], [245, 397], [-985, -1588]]
[[1, 0], [245, 794], [-493, -1588]]
[[1, 0], [246, 397], [-746, -1191]]
[[1, 0], [246, 397], [-989, -1588]]
[[1, 0], [247, 1191], [-251, -1191]]
[[1, 0], [247, 1588], [-249, -1588]]
[[1, 0], [247, 397], [-749, -1191]]
[[1, 0], [247, 397], [-993, -1588]]
[[1, 0], [247, 794], [-497, -1588]]
[[1, 0], [248, 397], [-752, -1191]]
[[1, 0], [248, 397], [-997, -1588]]
[[1, 0], [249, 1588], [-251, -1588]]
[[1, 0], [249, 397], [-1001, -1588]]
[[1, 0], [249, 397], [-755, -1191]]
[[1, 0], [249, 794], [-501, -1588]]
[[1, 0], [25, 1191], [-29, -1191]]
[[1, 0], [25, 1588], [-27, -1588]]
[[1, 0], [25, 397], [-105, -1588]]
[[1, 0], [25, 397], [-29, -397]]
[[1, 0], [25, 397], [-83, -1191]]
[[1, 0], [25, 48], [-101, -51]]
[[1, 0], [25, 794], [-53, -1588]]
[[1, 0], [250, 1191], [-254, -1191]]
[[1, 0], [250, 397], [-1005, -1588]]
[[1, 0], [250, 397], [-758, -1191]]
[[1, 0], [251, 1588], [-253, -1588]]
[[1, 0], [251, 397], [-1009, -1588]]
[[1, 0], [251, 397], [-761, -1191]]
[[1, 0], [251, 794], [-505, -1588]]
[[1, 0], [252, 397], [-1013, -1588]]
[[1, 0], [252, 397], [-764, -1191]]
[[1, 0], [253, 1191], [-257, -1191]]
[[1, 0], [253, 1588], [-255, -1588]]
[[1, 0], [253, 397], [-1017, -1588]]
[[1, 0], [253, 397], [-767, -1191]]
[[1, 0], [253, 794], [-509, -1588]]
[[1, 0], [254, 397], [-1021, -1588]]
[[1, 0], [254, 397], [-770, -1191]]
[[1, 0], [255, 1588], [-257, -1588]]
[[1, 0], [255, 397], [-1025, -1588]]
[[1, 0], [255, 397], [-773, -1191]]
[[1, 0], [255, 794], [-513, -1588]]
[[1, 0], [256, 1191], [-260, -1191]]
[[1, 0], [256, 397], [-1029, -1588]]
[[1, 0], [256, 397], [-776, -1191]]
[[1, 0], [257, 1588], [-259, -1588]]
[[1, 0], [257, 397], [-1033, -1588]]
[[1, 0], [257, 397], [-779, -1191]]
[[1, 0], [257, 794], [-517, -1588]]
[[1, 0], [258, 397], [-1037, -1588]]
[[1, 0], [258, 397], [-782, -1191]]
[[1, 0], [259, 1191], [-263, -1191]]
[[1, 0], [259, 1588], [-261, -1588]]
[[1, 0], [259, 397], [-1041, -1588]]
[[1, 0], [259, 397], [-785, -1191]]
[[1, 0], [259, 794], [-521, -1588]]
[[1, 0], [26, 397], [-109, -1588]]
[[1, 0], [26, 397], [-30, -397]]
[[1, 0], [26, 397], [-86, -1191]]
[[1, 0], [260, 397], [-1045, -1588]]
[[1, 0], [260, 397], [-788, -1191]]
[[1, 0], [261, 1588], [-263, -1588]]
[[1, 0], [261, 397], [-1049, -1588]]
[[1, 0], [261, 397], [-791, -1191]]
[[1, 0], [261, 794], [-525, -1588]]
[[1, 0], [262, 1191], [-266, -1191]]
[[1, 0], [262, 397], [-1053, -1588]]
[[1, 0], [263, 1588], [-265, -1588]]
[[1, 0], [263, 397], [-1057, -1588]]
[[1, 0], [263, 397], [-797, -1191]]
[[1, 0], [263, 794], [-529, -1588]]
[[1, 0], [264, 397], [-1061, -1588]]
[[1, 0], [264, 397], [-800, -1191]]
[[1, 0], [265, 1191], [-269, -1191]]
[[1, 0], [265, 1588], [-267, -1588]]
[[1, 0], [265, 397], [-1065, -1588]]
[[1, 0], [265, 397], [-803, -1191]]
[[1, 0], [265, 794], [-533, -1588]]
[[1, 0], [266, 397], [-1069, -1588]]
[[1, 0], [266, 397], [-806, -1191]]
[[1, 0], [267, 1588], [-269, -1588]]
[[1, 0], [267, 397], [-1073, -1588]]
[[1, 0], [267, 397], [-809, -1191]]
[[1, 0], [267, 794], [-537, -1588]]
[[1, 0], [268, 1191], [-272, -1191]]
[[1, 0], [268, 397], [-1077, -1588]]
[[1, 0], [268, 397], [-812, -1191]]
[[1, 0], [269, 1588], [-271, -1588]]
[[1, 0], [269, 397], [-1081, -1588]]
[[1, 0], [269, 397], [-815, -1191]]
[[1, 0], [269, 794], [-541, -1588]]
[[1, 0], [27, 1588], [-29, -1588]]
[[1, 0], [27, 397], [-113, -1588]]
[[1, 0], [27, 397], [-31, -397]]
[[1, 0], [27, 397], [-89, -1191]]
[[1, 0], [27, 794], [-57, -1588]]
[[1, 0], [270, 397], [-1085, -1588]]
[[1, 0], [270, 397], [-818, -1191]]
[[1, 0], [271, 1191], [-275, -1191]]
[[1, 0], [271, 1588], [-273, -1588]]
[[1, 0], [271, 397], [-1089, -1588]]
[[1, 0], [271, 397], [-821, -1191]]
[[1, 0], [271, 794], [-545, -1588]]
[[1, 0], [272, 397], [-1093, -1588]]
[[1, 0], [272, 397], [-824, -1191]]
[[1, 0], [273, 1588], [-275, -1588]]
[[1, 0], [273, 397], [-1097, -1588]]
[[1, 0], [273, 397], [-827, -1191]]
[[1, 0], [273, 794], [-549, -1588]]
[[1, 0], [274, 1191], [-278, -1191]]
[[1, 0], [274, 397], [-1101, -1588]]
[[1, 0], [274, 397], [-830, -1191]]
[[1, 0], [275, 1588], [-277, -1588]]
[[1, 0], [275, 397], [-1105, -1588]]
[[1, 0], [275, 397], [-833, -1191]]
[[1, 0], [275, 794], [-553, -1588]]
[[1, 0], [276, 397], [-1109, -1588]]
[[1, 0], [276, 397], [-836, -1191]]
[[1, 0], [277, 1191], [-281, -1191]]
[[1, 0], [277, 1588], [-279, -1588]]
[[1, 0], [277, 397], [-1113, -1588]]
[[1, 0], [277, 397], [-839, -1191]]
[[1, 0], [277, 794], [-557, -1588]]
[[1, 0], [278, 397], [-1117, -1588]]
[[1, 0], [278, 397], [-842, -1191]]
[[1, 0], [279, 1588], [-281, -1588]]
[[1, 0], [279, 397], [-1121, -1588]]
[[1, 0], [279, 397], [-845, -1191]]
[[1, 0], [279, 794], [-561, -1588]]
[[1, 0], [28, 1191], [-32, -1191]]
[[1, 0], [28, 397], [-117, -1588]]
[[1, 0], [28, 397], [-32, -397]]
[[1, 0], [28, 397], [-92, -1191]]
[[1, 0], [280, 1191], [-284, -1191]]
[[1, 0], [280, 397], [-1125, -1588]]
[[1, 0], [280, 397], [-848, -1191]]
[[1, 0], [281, 1588], [-283, -1588]]
[[1, 0], [281, 397], [-1129, -1588]]
[[1, 0], [281, 397], [-851, -1191]]
[[1, 0], [281, 794], [-565, -1588]]
[[1, 0], [282, 397], [-1133, -1588]]
[[1, 0], [282, 397], [-854, -1191]]
[[1, 0], [283, 1191], [-287, -1191]]
[[1, 0], [283, 1588], [-285, -1588]]
[[1, 0], [283, 397], [-1137, -1588]]
[[1, 0], [283, 397], [-857, -1191]]
[[1, 0], [283, 794], [-569, -1588]]
[[1, 0], [284, 397], [-1141, -1588]]
[[1, 0], [284, 397], [-860, -1191]]
[[1, 0], [285, 1588], [-287, -1588]]
[[1, 0], [285, 397], [-1145, -1588]]
[[1, 0], [285, 397], [-863, -1191]]
[[1, 0], [285, 794], [-573, -1588]]
[[1, 0], [286, 1191], [-290, -1191]]
[[1, 0], [286, 397], [-1149, -1588]]
[[1, 0], [286, 397], [-866, -1191]]
[[1, 0], [287, 1588], [-289, -1588]]
[[1, 0], [287, 397], [-1153, -1588]]
[[1, 0], [287, 397], [-869, -1191]]
[[1, 0], [287, 794], [-577, -1588]]
[[1, 0], [288, 397], [-1157, -1588]]
[[1, 0], [288, 397], [-872, -1191]]
[[1, 0], [289, 1191], [-293, -1191]]
[[1, 0], [289, 1588], [-291, -1588]]
[[1, 0], [289, 397], [-1161, -1588]]
[[1, 0], [289, 397], [-875, -1191]]
[[1, 0], [289, 794], [-581, -1588]]
[[1, 0], [29, 1588], [-31, -1588]]
[[1, 0], [29, 397], [-121, -1588]]
[[1, 0], [29, 397], [-33, -397]]
[[1, 0], [29, 397], [-95, -1191]]
[[1, 0], [29, 56], [-104, -105]]
[[1, 0], [29, 794], [-61, -1588]]
[[1, 0], [290, 397], [-1165, -1588]]
[[1, 0], [290, 397], [-878, -1191]]
[[1, 0], [291, 1588], [-293, -1588]]
[[1, 0], [291, 397], [-1169, -1588]]
[[1, 0], [291, 397], [-881, -1191]]
[[1, 0], [291, 794], [-585, -1588]]
[[1, 0], [292, 1191], [-296, -1191]]
[[1, 0], [292, 397], [-1173, -1588]]
[[1, 0], [292, 397], [-884, -1191]]
[[1, 0], [293, 1588], [-295, -1588]]
[[1, 0], [293, 397], [-1177, -1588]]
[[1, 0], [293, 397], [-887, -1191]]
[[1, 0], [293, 794], [-589, -1588]]
[[1, 0], [294, 397], [-1181, -1588]]
[[1, 0], [294, 397], [-890, -1191]]
[[1, 0], [295, 1191], [-299, -1191]]
[[1, 0], [295, 1588], [-297, -1588]]
[[1, 0], [295, 397], [-1185, -1588]]
[[1, 0], [295, 397], [-893, -1191]]
[[1, 0], [295, 794], [-593, -1588]]
[[1, 0], [296, 397], [-1189, -1588]]
[[1, 0], [296, 397], [-896, -1191]]
[[1, 0], [297, 1588], [-299, -1588]]
[[1, 0], [297, 397], [-1193, -1588]]
[[1, 0], [297, 397], [-899, -1191]]
[[1, 0], [297, 794], [-597, -1588]]
[[1, 0], [298, 1191], [-302, -1191]]
[[1, 0], [298, 397], [-1197, -1588]]
[[1, 0], [298, 397], [-902, -1191]]
[[1, 0], [299, 1588], [-301, -1588]]
[[1, 0], [299, 397], [-1201, -1588]]
[[1, 0], [299, 397], [-905, -1191]]
[[1, 0], [299, 794], [-601, -1588]]
[[1, 0], [3, 1588], [-5, -1588]]
[[1, 0], [3, 397], [-17, -1191]]
[[1, 0], [3, 397], [-17, -1588]]
[[1, 0], [3, 397], [-7, -397]]
[[1, 0], [3, 4], [-12119, -808]]
[[1, 0], [3, 4], [-1215, -32]]
[[1, 0], [3, 4], [-1589, -1060]]
[[1, 0], [3, 4], [-1589, -1588]]
[[1, 0], [3, 4], [-20297, -199]]
[[1, 0], [3, 4], [-203, -6]]
[[1, 0], [3, 4], [-209, -14]]
[[1, 0], [3, 4], [-2269, -908]]
[[1, 0], [3, 4], [-227, -38]]
[[1, 0], [3, 4], [-2435, -203]]
[[1, 0], [3, 4], [-27199, -800]]
[[1, 0], [3, 4], [-2839, -80]]
[[1, 0], [3, 4], [-398, -397]]
[[1, 0], [3, 4], [-40197, -398]]
[[1, 0], [3, 4], [-403, -8]]
[[1, 0], [3, 4], [-4220, -201]]
[[1, 0], [3, 4], [-4597, -836]]
[[1, 0], [3, 4], [-477, -239]]
[[1, 0], [3, 4], [-4991, -832]]
[[1, 0], [3, 4], [-662, -221]]
[[1, 0], [3, 4], [-6899, -200]]
[[1, 0], [3, 4], [-795, -794]]
[[1, 0], [3, 4], [-797, -4]]
[[1, 0], [3, 4], [-79997, -796]]
[[1, 0], [3, 4], [-809, -20]]
[[1, 0], [3, 4], [-953, -212]]
[[1, 0], [3, 794], [-9, -1588]]
[[1, 0], [30, 397], [-125, -1588]]
[[1, 0], [30, 397], [-34, -397]]
[[1, 0], [30, 397], [-98, -1191]]
[[1, 0], [300, 397], [-1205, -1588]]
[[1, 0], [300, 397], [-908, -1191]]
[[1, 0], [301, 1191], [-305, -1191]]
[[1, 0], [301, 1588], [-303, -1588]]
[[1, 0], [301, 397], [-1209, -1588]]
[[1, 0], [301, 397], [-911, -1191]]
[[1, 0], [301, 794], [-605, -1588]]
[[1, 0], [302, 397], [-1213, -1588]]
[[1, 0], [302, 397], [-914, -1191]]
[[1, 0], [303, 1588], [-305, -1588]]
[[1, 0], [303, 397], [-1217, -1588]]
[[1, 0], [303, 397], [-917, -1191]]
[[1, 0], [303, 794], [-609, -1588]]
[[1, 0], [304, 1191], [-308, -1191]]
[[1, 0], [304, 397], [-1221, -1588]]
[[1, 0], [304, 397], [-920, -1191]]
[[1, 0], [305, 1588], [-307, -1588]]
[[1, 0], [305, 397], [-1225, -1588]]
[[1, 0], [305, 397], [-923, -1191]]
[[1, 0], [305, 794], [-613, -1588]]
[[1, 0], [306, 397], [-1229, -1588]]
[[1, 0], [306, 397], [-926, -1191]]
[[1, 0], [307, 1191], [-311, -1191]]
[[1, 0], [307, 1588], [-309, -1588]]
[[1, 0], [307, 397], [-1233, -1588]]
[[1, 0], [307, 397], [-929, -1191]]
[[1, 0], [307, 794], [-617, -1588]]
[[1, 0], [308, 397], [-1237, -1588]]
[[1, 0], [308, 397], [-932, -1191]]
[[1, 0], [309, 1588], [-311, -1588]]
[[1, 0], [309, 397], [-1241, -1588]]
[[1, 0], [309, 397], [-935, -1191]]
[[1, 0], [309, 794], [-621, -1588]]
[[1, 0], [31, 1191], [-35, -1191]]
[[1, 0], [31, 1588], [-33, -1588]]
[[1, 0], [31, 397], [-101, -1191]]
[[1, 0], [31, 397], [-129, -1588]]
[[1, 0], [31, 397], [-35, -397]]
[[1, 0], [31, 794], [-65, -1588]]
[[1, 0], [310, 1191], [-314, -1191]]
[[1, 0], [310, 397], [-1245, -1588]]
[[1, 0], [310, 397], [-938, -1191]]
[[1, 0], [311, 1588], [-313, -1588]]
[[1, 0], [311, 397], [-1249, -1588]]
[[1, 0], [311, 397], [-941, -1191]]
[[1, 0], [311, 794], [-625, -1588]]
[[1, 0], [312, 397], [-1253, -1588]]
[[1, 0], [312, 397], [-944, -1191]]
[[1, 0], [313, 1191], [-317, -1191]]
[[1, 0], [313, 1588], [-315, -1588]]
[[1, 0], [313, 397], [-1257, -1588]]
[[1, 0], [313, 397], [-947, -1191]]
[[1, 0], [313, 794], [-629, -1588]]
[[1, 0], [314, 397], [-1261, -1588]]
[[1, 0], [314, 397], [-950, -1191]]
[[1, 0], [315, 1588], [-317, -1588]]
[[1, 0], [315, 397], [-1265, -1588]]
[[1, 0], [315, 397], [-953, -1191]]
[[1, 0], [315, 794], [-633, -1588]]
[[1, 0], [316, 1191], [-320, -1191]]
[[1, 0], [316, 397], [-1269, -1588]]
[[1, 0], [316, 397], [-956, -1191]]
[[1, 0], [317, 1588], [-319, -1588]]
[[1, 0], [317, 397], [-1273, -1588]]
[[1, 0], [317, 397], [-959, -1191]]
[[1, 0], [317, 794], [-637, -1588]]
[[1, 0], [318, 397], [-1277, -1588]]
[[1, 0], [318, 397], [-962, -1191]]
[[1, 0], [319, 1191], [-323, -1191]]
[[1, 0], [319, 1588], [-321, -1588]]
[[1, 0], [319, 397], [-1281, -1588]]
[[1, 0], [319, 397], [-965, -1191]]
[[1, 0], [319, 794], [-641, -1588]]
[[1, 0], [32, 397], [-104, -1191]]
[[1, 0], [32, 397], [-133, -1588]]
[[1, 0], [32, 397], [-36, -397]]
[[1, 0], [320, 397], [-1285, -1588]]
[[1, 0], [320, 397], [-968, -1191]]
[[1, 0], [321, 1588], [-323, -1588]]
[[1, 0], [321, 397], [-1289, -1588]]
[[1, 0], [321, 397], [-971, -1191]]
[[1, 0], [321, 794], [-645, -1588]]
[[1, 0], [322, 1191], [-326, -1191]]
[[1, 0], [322, 397], [-1293, -1588]]
[[1, 0], [322, 397], [-974, -1191]]
[[1, 0], [323, 1588], [-325, -1588]]
[[1, 0], [323, 397], [-1297, -1588]]
[[1, 0], [323, 397], [-977, -1191]]
[[1, 0], [323, 794], [-649, -1588]]
[[1, 0], [324, 397], [-1301, -1588]]
[[1, 0], [324, 397], [-980, -1191]]
[[1, 0], [325, 1191], [-329, -1191]]
[[1, 0], [325, 1588], [-327, -1588]]
[[1, 0], [325, 397], [-1305, -1588]]
[[1, 0], [325, 397], [-983, -1191]]
[[1, 0], [325, 794], [-653, -1588]]
[[1, 0], [326, 397], [-1309, -1588]]
[[1, 0], [326, 397], [-986, -1191]]
[[1, 0], [327, 1588], [-329, -1588]]
[[1, 0], [327, 397], [-1313, -1588]]
[[1, 0], [327, 397], [-989, -1191]]
[[1, 0], [327, 794], [-657, -1588]]
[[1, 0], [328, 1191], [-332, -1191]]
[[1, 0], [328, 397], [-1317, -1588]]
[[1, 0], [328, 397], [-992, -1191]]
[[1, 0], [329, 1588], [-331, -1588]]
[[1, 0], [329, 397], [-1321, -1588]]
[[1, 0], [329, 397], [-995, -1191]]
[[1, 0], [329, 794], [-661, -1588]]
[[1, 0], [33, 1588], [-35, -1588]]
[[1, 0], [33, 397], [-107, -1191]]
[[1, 0], [33, 397], [-137, -1588]]
[[1, 0], [33, 397], [-37, -397]]
[[1, 0], [33, 794], [-69, -1588]]
[[1, 0], [330, 397], [-1325, -1588]]
[[1, 0], [330, 397], [-998, -1191]]
[[1, 0], [331, 1191], [-335, -1191]]
[[1, 0], [331, 1588], [-333, -1588]]
[[1, 0], [331, 397], [-1001, -1191]]
[[1, 0], [331, 397], [-1329, -1588]]
[[1, 0], [331, 794], [-665, -1588]]
[[1, 0], [332, 397], [-1004, -1191]]
[[1, 0], [332, 397], [-1333, -1588]]
[[1, 0], [333, 1588], [-335, -1588]]
[[1, 0], [333, 397], [-1007, -1191]]
[[1, 0], [333, 397], [-1337, -1588]]
[[1, 0], [333, 794], [-669, -1588]]
[[1, 0], [334, 1191], [-338, -1191]]
[[1, 0], [334, 397], [-1010, -1191]]
[[1, 0], [334, 397], [-1341, -1588]]
[[1, 0], [335, 1588], [-337, -1588]]
[[1, 0], [335, 397], [-1013, -1191]]
[[1, 0], [335, 397], [-1345, -1588]]
[[1, 0], [335, 794], [-673, -1588]]
[[1, 0], [336, 397], [-1016, -1191]]
[[1, 0], [336, 397], [-1349, -1588]]
[[1, 0], [337, 1191], [-341, -1191]]
[[1, 0], [337, 1588], [-339, -1588]]
[[1, 0], [337, 397], [-1019, -1191]]
[[1, 0], [337, 397], [-1353, -1588]]
[[1, 0], [337, 794], [-677, -1588]]
[[1, 0], [338, 397], [-1022, -1191]]
[[1, 0], [338, 397], [-1357, -1588]]
[[1, 0], [339, 1588], [-341, -1588]]
[[1, 0], [339, 397], [-1025, -1191]]
[[1, 0], [339, 397], [-1361, -1588]]
[[1, 0], [339, 794], [-681, -1588]]
[[1, 0], [34, 1191], [-38, -1191]]
[[1, 0], [34, 397], [-110, -1191]]
[[1, 0], [34, 397], [-141, -1588]]
[[1, 0], [34, 397], [-38, -397]]
[[1, 0], [340, 1191], [-344, -1191]]
[[1, 0], [340, 397], [-1028, -1191]]
[[1, 0], [340, 397], [-1365, -1588]]
[[1, 0], [341, 1588], [-343, -1588]]
[[1, 0], [341, 397], [-1031, -1191]]
[[1, 0], [341, 397], [-1369, -1588]]
[[1, 0], [341, 794], [-685, -1588]]
[[1, 0], [342, 397], [-1034, -1191]]
[[1, 0], [342, 397], [-1373, -1588]]
[[1, 0], [343, 1191], [-347, -1191]]
[[1, 0], [343, 1588], [-345, -1588]]
[[1, 0], [343, 397], [-1037, -1191]]
[[1, 0], [343, 397], [-1377, -1588]]
[[1, 0], [343, 794], [-689, -1588]]
[[1, 0], [344, 397], [-1040, -1191]]
[[1, 0], [344, 397], [-1381, -1588]]
[[1, 0], [345, 1588], [-347, -1588]]
[[1, 0], [345, 397], [-1043, -1191]]
[[1, 0], [345, 397], [-1385, -1588]]
[[1, 0], [345, 794], [-693, -1588]]
[[1, 0], [346, 1191], [-350, -1191]]
[[1, 0], [346, 397], [-1046, -1191]]
[[1, 0], [346, 397], [-1389, -1588]]
[[1, 0], [347, 1588], [-349, -1588]]
[[1, 0], [347, 397], [-1049, -1191]]
[[1, 0], [347, 397], [-1393, -1588]]
[[1, 0], [347, 794], [-697, -1588]]
[[1, 0], [348, 397], [-1052, -1191]]
[[1, 0], [348, 397], [-1397, -1588]]
[[1, 0], [349, 1191], [-353, -1191]]
[[1, 0], [349, 1588], [-351, -1588]]
[[1, 0], [349, 397], [-1055, -1191]]
[[1, 0], [349, 397], [-1401, -1588]]
[[1, 0], [349, 794], [-701, -1588]]
[[1, 0], [35, 1588], [-37, -1588]]
[[1, 0], [35, 397], [-113, -1191]]
[[1, 0], [35, 397], [-145, -1588]]
[[1, 0], [35, 397], [-39, -397]]
[[1, 0], [35, 794], [-73, -1588]]
[[1, 0], [350, 397], [-1058, -1191]]
[[1, 0], [350, 397], [-1405, -1588]]
[[1, 0], [351, 1588], [-353, -1588]]
[[1, 0], [351, 397], [-1061, -1191]]
[[1, 0], [351, 397], [-1409, -1588]]
[[1, 0], [351, 794], [-705, -1588]]
[[1, 0], [352, 1191], [-356, -1191]]
[[1, 0], [352, 397], [-1064, -1191]]
[[1, 0], [352, 397], [-1413, -1588]]
[[1, 0], [353, 1588], [-355, -1588]]
[[1, 0], [353, 397], [-1067, -1191]]
[[1, 0], [353, 397], [-1417, -1588]]
[[1, 0], [353, 794], [-709, -1588]]
[[1, 0], [354, 397], [-1070, -1191]]
[[1, 0], [354, 397], [-1421, -1588]]
[[1, 0], [355, 1191], [-359, -1191]]
[[1, 0], [355, 1588], [-357, -1588]]
[[1, 0], [355, 397], [-1073, -1191]]
[[1, 0], [355, 397], [-1425, -1588]]
[[1, 0], [355, 794], [-713, -1588]]
[[1, 0], [356, 397], [-1076, -1191]]
[[1, 0], [356, 397], [-1429, -1588]]
[[1, 0], [357, 1588], [-359, -1588]]
[[1, 0], [357, 397], [-1079, -1191]]
[[1, 0], [357, 397], [-1433, -1588]]
[[1, 0], [357, 794], [-717, -1588]]
[[1, 0], [358, 1191], [-362, -1191]]
[[1, 0], [358, 397], [-1082, -1191]]
[[1, 0], [358, 397], [-1437, -1588]]
[[1, 0], [359, 1588], [-361, -1588]]
[[1, 0], [359, 397], [-1085, -1191]]
[[1, 0], [359, 397], [-1441, -1588]]
[[1, 0], [359, 794], [-721, -1588]]
[[1, 0], [36, 397], [-116, -1191]]
[[1, 0], [36, 397], [-149, -1588]]
[[1, 0], [36, 397], [-40, -397]]
[[1, 0], [360, 397], [-1088, -1191]]
[[1, 0], [360, 397], [-1445, -1588]]
[[1, 0], [361, 1191], [-365, -1191]]
[[1, 0], [361, 1588], [-363, -1588]]
[[1, 0], [361, 397], [-1091, -1191]]
[[1, 0], [361, 397], [-1449, -1588]]
[[1, 0], [361, 794], [-725, -1588]]
[[1, 0], [362, 397], [-1094, -1191]]
[[1, 0], [362, 397], [-1453, -1588]]
[[1, 0], [363, 1588], [-365, -1588]]
[[1, 0], [363, 397], [-1097, -1191]]
[[1, 0], [363, 397], [-1457, -1588]]
[[1, 0], [363, 794], [-729, -1588]]
[[1, 0], [364, 1191], [-368, -1191]]
[[1, 0], [364, 397], [-1100, -1191]]
[[1, 0], [364, 397], [-1461, -1588]]
[[1, 0], [365, 1588], [-367, -1588]]
[[1, 0], [365, 397], [-1103, -1191]]
[[1, 0], [365, 397], [-1465, -1588]]
[[1, 0], [365, 794], [-733, -1588]]
[[1, 0], [366, 397], [-1106, -1191]]
[[1, 0], [366, 397], [-1469, -1588]]
[[1, 0], [367, 1191], [-371, -1191]]
[[1, 0], [367, 1588], [-369, -1588]]
[[1, 0], [367, 397], [-1109, -1191]]
[[1, 0], [367, 397], [-1473, -1588]]
[[1, 0], [367, 794], [-737, -1588]]
[[1, 0], [368, 397], [-1112, -1191]]
[[1, 0], [368, 397], [-1477, -1588]]
[[1, 0], [369, 1588], [-371, -1588]]
[[1, 0], [369, 397], [-1115, -1191]]
[[1, 0], [369, 397], [-1481, -1588]]
[[1, 0], [369, 794], [-741, -1588]]
[[1, 0], [37, 1191], [-41, -1191]]
[[1, 0], [37, 1588], [-39, -1588]]
[[1, 0], [37, 397], [-119, -1191]]
[[1, 0], [37, 397], [-153, -1588]]
[[1, 0], [37, 397], [-41, -397]]
[[1, 0], [37, 794], [-77, -1588]]
[[1, 0], [370, 1191], [-374, -1191]]
[[1, 0], [370, 397], [-1118, -1191]]
[[1, 0], [370, 397], [-1485, -1588]]
[[1, 0], [371, 1588], [-373, -1588]]
[[1, 0], [371, 397], [-1121, -1191]]
[[1, 0], [371, 397], [-1489, -1588]]
[[1, 0], [371, 794], [-745, -1588]]
[[1, 0], [372, 397], [-1124, -1191]]
[[1, 0], [372, 397], [-1493, -1588]]
[[1, 0], [373, 1191], [-377, -1191]]
[[1, 0], [373, 1588], [-375, -1588]]
[[1, 0], [373, 397], [-1127, -1191]]
[[1, 0], [373, 397], [-1497, -1588]]
[[1, 0], [373, 794], [-749, -1588]]
[[1, 0], [374, 397], [-1130, -1191]]
[[1, 0], [374, 397], [-1501, -1588]]
[[1, 0], [375, 1588], [-377, -1588]]
[[1, 0], [375, 397], [-1133, -1191]]
[[1, 0], [375, 397], [-1505, -1588]]
[[1, 0], [375, 794], [-753, -1588]]
[[1, 0], [376, 1191], [-380, -1191]]
[[1, 0], [376, 397], [-1136, -1191]]
[[1, 0], [376, 397], [-1509, -1588]]
[[1, 0], [377, 1588], [-379, -1588]]
[[1, 0], [377, 397], [-1139, -1191]]
[[1, 0], [377, 397], [-1513, -1588]]
[[1, 0], [377, 794], [-757, -1588]]
[[1, 0], [378, 397], [-1142, -1191]]
[[1, 0], [378, 397], [-1517, -1588]]
[[1, 0], [379, 1191], [-383, -1191]]
[[1, 0], [379, 1588], [-381, -1588]]
[[1, 0], [379, 397], [-1145, -1191]]
[[1, 0], [379, 397], [-1521, -1588]]
[[1, 0], [379, 794], [-761, -1588]]
[[1, 0], [38, 397], [-122, -1191]]
[[1, 0], [38, 397], [-157, -1588]]
[[1, 0], [38, 397], [-42, -397]]
[[1, 0], [380, 397], [-1148, -1191]]
[[1, 0], [380, 397], [-1525, -1588]]
[[1, 0], [381, 1588], [-383, -1588]]
[[1, 0], [381, 397], [-1151, -1191]]
[[1, 0], [381, 397], [-1529, -1588]]
[[1, 0], [381, 794], [-765, -1588]]
[[1, 0], [382, 1191], [-386, -1191]]
[[1, 0], [382, 397], [-1154, -1191]]
[[1, 0], [382, 397], [-1533, -1588]]
[[1, 0], [383, 1588], [-385, -1588]]
[[1, 0], [383, 397], [-1157, -1191]]
[[1, 0], [383, 397], [-1537, -1588]]
[[1, 0], [383, 794], [-769, -1588]]
[[1, 0], [384, 397], [-1160, -1191]]
[[1, 0], [384, 397], [-1541, -1588]]
[[1, 0], [385, 1191], [-389, -1191]]
[[1, 0], [385, 1588], [-387, -1588]]
[[1, 0], [385, 397], [-1163, -1191]]
[[1, 0], [385, 397], [-1545, -1588]]
[[1, 0], [385, 794], [-773, -1588]]
[[1, 0], [386, 397], [-1166, -1191]]
[[1, 0], [386, 397], [-1549, -1588]]
[[1, 0], [386, 397], [-390, -397]]
[[1, 0], [387, 1588], [-389, -1588]]
[[1, 0], [387, 397], [-1169, -1191]]
[[1, 0], [387, 397], [-1553, -1588]]
[[1, 0], [387, 794], [-777, -1588]]
[[1, 0], [388, 1191], [-392, -1191]]
[[1, 0], [388, 397], [-1172, -1191]]
[[1, 0], [388, 397], [-1557, -1588]]
[[1, 0], [389, 1588], [-391, -1588]]
[[1, 0], [389, 397], [-1175, -1191]]
[[1, 0], [389, 397], [-1561, -1588]]
[[1, 0], [389, 794], [-781, -1588]]
[[1, 0], [39, 1588], [-41, -1588]]
[[1, 0], [39, 397], [-125, -1191]]
[[1, 0], [39, 397], [-161, -1588]]
[[1, 0], [39, 397], [-43, -397]]
[[1, 0], [39, 794], [-81, -1588]]
[[1, 0], [390, 397], [-1178, -1191]]
[[1, 0], [390, 397], [-1565, -1588]]
[[1, 0], [391, 1191], [-395, -1191]]
[[1, 0], [391, 1588], [-393, -1588]]
[[1, 0], [391, 397], [-1181, -1191]]
[[1, 0], [391, 397], [-1569, -1588]]
[[1, 0], [391, 794], [-785, -1588]]
[[1, 0], [392, 397], [-1184, -1191]]
[[1, 0], [392, 397], [-1573, -1588]]
[[1, 0], [393, 1588], [-395, -1588]]
[[1, 0], [393, 397], [-1187, -1191]]
[[1, 0], [393, 397], [-1577, -1588]]
[[1, 0], [393, 794], [-789, -1588]]
[[1, 0], [394, 1191], [-398, -1191]]
[[1, 0], [394, 397], [-1190, -1191]]
[[1, 0], [394, 397], [-1581, -1588]]
[[1, 0], [394, 397], [-398, -397]]
[[1, 0], [395, 397], [-1193, -1191]]
[[1, 0], [395, 397], [-1585, -1588]]
[[1, 0], [395, 397], [-399, -397]]
[[1, 0], [395, 794], [-793, -1588]]
[[1, 0], [396, 397], [-1196, -1191]]
[[1, 0], [396, 397], [-1589, -1588]]
[[1, 0], [399, 1588], [-401, -1588]]
[[1, 0], [399, 794], [-801, -1588]]
[[1, 0], [399, 796], [-1193, -796]]
[[1, 0], [4, 1191], [-8, -1191]]
[[1, 0], [4, 397], [-20, -1191]]
[[1, 0], [4, 397], [-21, -1588]]
[[1, 0], [4, 397], [-8, -397]]
[[1, 0], [40, 1191], [-44, -1191]]
[[1, 0], [40, 397], [-128, -1191]]
[[1, 0], [40, 397], [-165, -1588]]
[[1, 0], [40, 397], [-44, -397]]
[[1, 0], [400, 1191], [-404, -1191]]
[[1, 0], [401, 1588], [-403, -1588]]
[[1, 0], [401, 794], [-805, -1588]]
[[1, 0], [403, 1191], [-407, -1191]]
[[1, 0], [403, 1588], [-405, -1588]]
[[1, 0], [403, 794], [-809, -1588]]
[[1, 0], [405, 1588], [-407, -1588]]
[[1, 0], [405, 794], [-813, -1588]]
[[1, 0], [406, 1191], [-410, -1191]]
[[1, 0], [407, 1588], [-409, -1588]]
[[1, 0], [407, 794], [-817, -1588]]
[[1, 0], [409, 1191], [-413, -1191]]
[[1, 0], [409, 1588], [-411, -1588]]
[[1, 0], [409, 794], [-821, -1588]]
[[1, 0], [41, 1588], [-43, -1588]]
[[1, 0], [41, 397], [-131, -1191]]
[[1, 0], [41, 397], [-169, -1588]]
[[1, 0], [41, 397], [-45, -397]]
[[1, 0], [41, 794], [-85, -1588]]
[[1, 0], [41, 80], [-349, -100]]
[[1, 0], [41, 80], [-479, -160]]
[[1, 0], [41, 80], [-999, -400]]
[[1, 0], [411, 1588], [-413, -1588]]
[[1, 0], [411, 794], [-825, -1588]]
[[1, 0], [412, 1191], [-416, -1191]]
[[1, 0], [413, 1588], [-415, -1588]]
[[1, 0], [413, 794], [-829, -1588]]
[[1, 0], [415, 1191], [-419, -1191]]
[[1, 0], [415, 1588], [-417, -1588]]
[[1, 0], [415, 794], [-833, -1588]]
[[1, 0], [417, 1588], [-419, -1588]]
[[1, 0], [417, 794], [-837, -1588]]
[[1, 0], [418, 1191], [-422, -1191]]
[[1, 0], [419, 1588], [-421, -1588]]
[[1, 0], [419, 794], [-841, -1588]]
[[1, 0], [42, 397], [-134, -1191]]
[[1, 0], [42, 397], [-173, -1588]]
[[1, 0], [42, 397], [-46, -397]]
[[1, 0], [421, 1191], [-425, -1191]]
[[1, 0], [421, 1588], [-423, -1588]]
[[1, 0], [421, 794], [-845, -1588]]
[[1, 0], [423, 1588], [-425, -1588]]
[[1, 0], [423, 794], [-849, -1588]]
[[1, 0], [424, 1191], [-428, -1191]]
[[1, 0], [425, 1588], [-427, -1588]]
[[1, 0], [425, 794], [-853, -1588]]
[[1, 0], [427, 1191], [-431, -1191]]
[[1, 0], [427, 1588], [-429, -1588]]
[[1, 0], [427, 794], [-857, -1588]]
[[1, 0], [429, 1588], [-431, -1588]]
[[1, 0], [429, 794], [-861, -1588]]
[[1, 0], [43, 1191], [-47, -1191]]
[[1, 0], [43, 1588], [-45, -1588]]
[[1, 0], [43, 397], [-137, -1191]]
[[1, 0], [43, 397], [-177, -1588]]
[[1, 0], [43, 397], [-47, -397]]
[[1, 0], [43, 794], [-89, -1588]]
[[1, 0], [430, 1191], [-434, -1191]]
[[1, 0], [431, 1588], [-433, -1588]]
[[1, 0], [431, 794], [-865, -1588]]
[[1, 0], [433, 1191], [-437, -1191]]
[[1, 0], [433, 1588], [-435, -1588]]
[[1, 0], [433, 794], [-869, -1588]]
[[1, 0], [435, 1588], [-437, -1588]]
[[1, 0], [435, 794], [-873, -1588]]
[[1, 0], [436, 1191], [-440, -1191]]
[[1, 0], [437, 1588], [-439, -1588]]
[[1, 0], [437, 794], [-877, -1588]]
[[1, 0], [439, 1191], [-443, -1191]]
[[1, 0], [439, 1588], [-441, -1588]]
[[1, 0], [439, 794], [-881, -1588]]
[[1, 0], [44, 397], [-140, -1191]]
[[1, 0], [44, 397], [-181, -1588]]
[[1, 0], [44, 397], [-48, -397]]
[[1, 0], [441, 1588], [-443, -1588]]
[[1, 0], [441, 794], [-885, -1588]]
[[1, 0], [442, 1191], [-446, -1191]]
[[1, 0], [443, 1588], [-445, -1588]]
[[1, 0], [443, 794], [-889, -1588]]
[[1, 0], [445, 1191], [-449, -1191]]
[[1, 0], [445, 1588], [-447, -1588]]
[[1, 0], [445, 794], [-893, -1588]]
[[1, 0], [447, 1588], [-449, -1588]]
[[1, 0], [447, 794], [-897, -1588]]
[[1, 0], [448, 1191], [-452, -1191]]
[[1, 0], [449, 1588], [-451, -1588]]
[[1, 0], [449, 794], [-901, -1588]]
[[1, 0], [45, 1588], [-47, -1588]]
[[1, 0], [45, 397], [-143, -1191]]
[[1, 0], [45, 397], [-185, -1588]]
[[1, 0], [45, 397], [-49, -397]]
[[1, 0], [45, 794], [-93, -1588]]
[[1, 0], [451, 1191], [-455, -1191]]
[[1, 0], [451, 1588], [-453, -1588]]
[[1, 0], [451, 794], [-905, -1588]]
[[1, 0], [453, 1588], [-455, -1588]]
[[1, 0], [453, 794], [-909, -1588]]
[[1, 0], [454, 1191], [-458, -1191]]
[[1, 0], [455, 1588], [-457, -1588]]
[[1, 0], [455, 794], [-913, -1588]]
[[1, 0], [457, 1191], [-461, -1191]]
[[1, 0], [457, 1588], [-459, -1588]]
[[1, 0], [457, 794], [-917, -1588]]
[[1, 0], [459, 1588], [-461, -1588]]
[[1, 0], [459, 794], [-921, -1588]]
[[1, 0], [46, 1191], [-50, -1191]]
[[1, 0], [46, 397], [-146, -1191]]
[[1, 0], [46, 397], [-189, -1588]]
[[1, 0], [46, 397], [-50, -397]]
[[1, 0], [460, 1191], [-464, -1191]]
[[1, 0], [461, 1588], [-463, -1588]]
[[1, 0], [461, 794], [-925, -1588]]
[[1, 0], [463, 1191], [-467, -1191]]
[[1, 0], [463, 1588], [-465, -1588]]
[[1, 0], [463, 794], [-929, -1588]]
[[1, 0], [465, 1588], [-467, -1588]]
[[1, 0], [465, 794], [-933, -1588]]
[[1, 0], [466, 1191], [-470, -1191]]
[[1, 0], [467, 1588], [-469, -1588]]
[[1, 0], [467, 794], [-937, -1588]]
[[1, 0], [469, 1191], [-473, -1191]]
[[1, 0], [469, 1588], [-471, -1588]]
[[1, 0], [469, 794], [-941, -1588]]
[[1, 0], [47, 1588], [-49, -1588]]
[[1, 0], [47, 397], [-149, -1191]]
[[1, 0], [47, 397], [-193, -1588]]
[[1, 0], [47, 397], [-51, -397]]
[[1, 0], [47, 794], [-97, -1588]]
[[1, 0], [471, 1588], [-473, -1588]]
[[1, 0], [471, 794], [-945, -1588]]
[[1, 0], [472, 1191], [-476, -1191]]
[[1, 0], [473, 1588], [-475, -1588]]
[[1, 0], [473, 794], [-949, -1588]]
[[1, 0], [475, 1191], [-479, -1191]]
[[1, 0], [475, 1588], [-477, -1588]]
[[1, 0], [475, 794], [-953, -1588]]
[[1, 0], [477, 1588], [-479, -1588]]
[[1, 0], [477, 794], [-957, -1588]]
[[1, 0], [478, 1191], [-482, -1191]]
[[1, 0], [479, 1588], [-481, -1588]]
[[1, 0], [479, 794], [-961, -1588]]
[[1, 0], [48, 397], [-152, -1191]]
[[1, 0], [48, 397], [-197, -1588]]
[[1, 0], [48, 397], [-52, -397]]
[[1, 0], [481, 1191], [-485, -1191]]
[[1, 0], [481, 1588], [-483, -1588]]
[[1, 0], [481, 794], [-965, -1588]]
[[1, 0], [483, 1588], [-485, -1588]]
[[1, 0], [483, 794], [-969, -1588]]
[[1, 0], [484, 1191], [-488, -1191]]
[[1, 0], [485, 1588], [-487, -1588]]
[[1, 0], [485, 794], [-973, -1588]]
[[1, 0], [487, 1191], [-491, -1191]]
[[1, 0], [487, 1588], [-489, -1588]]
[[1, 0], [487, 794], [-977, -1588]]
[[1, 0], [489, 1588], [-491, -1588]]
[[1, 0], [489, 794], [-981, -1588]]
[[1, 0], [49, 1191], [-53, -1191]]
[[1, 0], [49, 1588], [-51, -1588]]
[[1, 0], [49, 397], [-155, -1191]]
[[1, 0], [49, 397], [-201, -1588]]
[[1, 0], [49, 397], [-53, -397]]
[[1, 0], [49, 794], [-101, -1588]]
[[1, 0], [490, 1191], [-494, -1191]]
[[1, 0], [491, 1588], [-493, -1588]]
[[1, 0], [491, 794], [-985, -1588]]
[[1, 0], [493, 1191], [-497, -1191]]
[[1, 0], [493, 1588], [-495, -1588]]
[[1, 0], [493, 794], [-989, -1588]]
[[1, 0], [495, 1588], [-497, -1588]]
[[1, 0], [495, 794], [-993, -1588]]
[[1, 0], [496, 1191], [-500, -1191]]
[[1, 0], [497, 1588], [-499, -1588]]
[[1, 0], [497, 794], [-997, -1588]]
[[1, 0], [499, 1191], [-503, -1191]]
[[1, 0], [499, 1588], [-501, -1588]]
[[1, 0], [499, 794], [-1001, -1588]]
[[1, 0], [5, 397], [-23, -1191]]
[[1, 0], [5, 397], [-25, -1588]]
[[1, 0], [5, 397], [-9, -397]]
[[1, 0], [5, 794], [-13, -1588]]
[[1, 0], [5, 8], [-1059, -424]]
[[1, 0], [5, 8], [-134, -135]]
[[1, 0], [5, 8], [-1615, -202]]
[[1, 0], [5, 8], [-1647, -412]]
[[1, 0], [5, 8], [-1849, -100]]
[[1, 0], [5, 8], [-217, -109]]
[[1, 0], [5, 8], [-251, -84]]
[[1, 0], [5, 8], [-2879, -160]]
[[1, 0], [5, 8], [-341, -228]]
[[1, 0], [5, 8], [-407, -16]]
[[1, 0], [5, 8], [-531, -532]]
[[1, 0], [5, 8], [-59, -15]]
[[1, 0], [5, 8], [-6999, -400]]
[[1, 0], [5, 8], [-819, -40]]
[[1, 0], [50, 397], [-158, -1191]]
[[1, 0], [50, 397], [-205, -1588]]
[[1, 0], [50, 397], [-54, -397]]
[[1, 0], [501, 1588], [-503, -1588]]
[[1, 0], [501, 794], [-1005, -1588]]
[[1, 0], [502, 1191], [-506, -1191]]
[[1, 0], [503, 1588], [-505, -1588]]
[[1, 0], [503, 794], [-1009, -1588]]
[[1, 0], [505, 1191], [-509, -1191]]
[[1, 0], [505, 1588], [-507, -1588]]
[[1, 0], [505, 794], [-1013, -1588]]
[[1, 0], [507, 1588], [-509, -1588]]
[[1, 0], [507, 794], [-1017, -1588]]
[[1, 0], [508, 1191], [-512, -1191]]
[[1, 0], [509, 1588], [-511, -1588]]
[[1, 0], [509, 794], [-1021, -1588]]
[[1, 0], [51, 100], [-1599, -800]]
[[1, 0], [51, 100], [-499, -200]]
[[1, 0], [51, 1588], [-53, -1588]]
[[1, 0], [51, 397], [-161, -1191]]
[[1, 0], [51, 397], [-209, -1588]]
[[1, 0], [51, 397], [-55, -397]]
[[1, 0], [51, 794], [-105, -1588]]
[[1, 0], [511, 1191], [-515, -1191]]
[[1, 0], [511, 1588], [-513, -1588]]
[[1, 0], [511, 794], [-1025, -1588]]
[[1, 0], [513, 1588], [-515, -1588]]
[[1, 0], [513, 794], [-1029, -1588]]
[[1, 0], [514, 1191], [-518, -1191]]
[[1, 0], [515, 1588], [-517, -1588]]
[[1, 0], [515, 794], [-1033, -1588]]
[[1, 0], [517, 1191], [-521, -1191]]
[[1, 0], [517, 1588], [-519, -1588]]
[[1, 0], [517, 794], [-1037, -1588]]
[[1, 0], [519, 1588], [-521, -1588]]
[[1, 0], [519, 794], [-1041, -1588]]
[[1, 0], [52, 1191], [-56, -1191]]
[[1, 0], [52, 397], [-164, -1191]]
[[1, 0], [52, 397], [-213, -1588]]
[[1, 0], [52, 397], [-56, -397]]
[[1, 0], [520, 1191], [-524, -1191]]
[[1, 0], [521, 1588], [-523, -1588]]
[[1, 0], [521, 794], [-1045, -1588]]
[[1, 0], [523, 1191], [-527, -1191]]
[[1, 0], [523, 1588], [-525, -1588]]
[[1, 0], [523, 794], [-1049, -1588]]
[[1, 0], [525, 1588], [-527, -1588]]
[[1, 0], [525, 794], [-1053, -1588]]
[[1, 0], [526, 1191], [-530, -1191]]
[[1, 0], [527, 1588], [-529, -1588]]
[[1, 0], [527, 794], [-1057, -1588]]
[[1, 0], [529, 1191], [-533, -1191]]
[[1, 0], [529, 1588], [-531, -1588]]
[[1, 0], [529, 794], [-1061, -1588]]
[[1, 0], [53, 1588], [-55, -1588]]
[[1, 0], [53, 397], [-167, -1191]]
[[1, 0], [53, 397], [-217, -1588]]
[[1, 0], [53, 397], [-57, -397]]
[[1, 0], [53, 794], [-109, -1588]]
[[1, 0], [531, 1588], [-533, -1588]]
[[1, 0], [531, 794], [-1065, -1588]]
[[1, 0], [532, 1191], [-536, -1191]]
[[1, 0], [533, 1588], [-535, -1588]]
[[1, 0], [533, 794], [-1069, -1588]]
[[1, 0], [535, 1191], [-539, -1191]]
[[1, 0], [535, 1588], [-537, -1588]]
[[1, 0], [535, 794], [-1073, -1588]]
[[1, 0], [537, 1588], [-539, -1588]]
[[1, 0], [537, 794], [-1077, -1588]]
[[1, 0], [538, 1191], [-542, -1191]]
[[1, 0], [539, 1588], [-541, -1588]]
[[1, 0], [539, 794], [-1081, -1588]]
[[1, 0], [54, 397], [-170, -1191]]
[[1, 0], [54, 397], [-221, -1588]]
[[1, 0], [54, 397], [-58, -397]]
[[1, 0], [541, 1191], [-545, -1191]]
[[1, 0], [541, 1588], [-543, -1588]]
[[1, 0], [541, 794], [-1085, -1588]]
[[1, 0], [543, 1588], [-545, -1588]]
[[1, 0], [543, 794], [-1089, -1588]]
[[1, 0], [544, 1191], [-548, -1191]]
[[1, 0], [545, 1588], [-547, -1588]]
[[1, 0], [545, 794], [-1093, -1588]]
[[1, 0], [547, 1191], [-551, -1191]]
[[1, 0], [547, 1588], [-549, -1588]]
[[1, 0], [547, 794], [-1097, -1588]]
[[1, 0], [549, 1588], [-551, -1588]]
[[1, 0], [549, 794], [-1101, -1588]]
[[1, 0], [55, 1191], [-59, -1191]]
[[1, 0], [55, 1588], [-57, -1588]]
[[1, 0], [55, 397], [-173, -1191]]
[[1, 0], [55, 397], [-225, -1588]]
[[1, 0], [55, 397], [-59, -397]]
[[1, 0], [55, 794], [-113, -1588]]
[[1, 0], [550, 1191], [-554, -1191]]
[[1, 0], [551, 1588], [-553, -1588]]
[[1, 0], [551, 794], [-1105, -1588]]
[[1, 0], [553, 1191], [-557, -1191]]
[[1, 0], [553, 1588], [-555, -1588]]
[[1, 0], [553, 794], [-1109, -1588]]
[[1, 0], [555, 1588], [-557, -1588]]
[[1, 0], [555, 794], [-1113, -1588]]
[[1, 0], [556, 1191], [-560, -1191]]
[[1, 0], [557, 1588], [-559, -1588]]
[[1, 0], [557, 794], [-1117, -1588]]
[[1, 0], [559, 1191], [-563, -1191]]
[[1, 0], [559, 1588], [-561, -1588]]
[[1, 0], [559, 794], [-1121, -1588]]
[[1, 0], [56, 397], [-176, -1191]]
[[1, 0], [56, 397], [-229, -1588]]
[[1, 0], [56, 397], [-60, -397]]
[[1, 0], [561, 1588], [-563, -1588]]
[[1, 0], [561, 794], [-1125, -1588]]
[[1, 0], [562, 1191], [-566, -1191]]
[[1, 0], [563, 1588], [-565, -1588]]
[[1, 0], [563, 794], [-1129, -1588]]
[[1, 0], [565, 1191], [-569, -1191]]
[[1, 0], [565, 1588], [-567, -1588]]
[[1, 0], [565, 794], [-1133, -1588]]
[[1, 0], [567, 1588], [-569, -1588]]
[[1, 0], [567, 794], [-1137, -1588]]
[[1, 0], [568, 1191], [-572, -1191]]
[[1, 0], [569, 1588], [-571, -1588]]
[[1, 0], [569, 794], [-1141, -1588]]
[[1, 0], [57, 1588], [-59, -1588]]
[[1, 0], [57, 397], [-179, -1191]]
[[1, 0], [57, 397], [-233, -1588]]
[[1, 0], [57, 397], [-61, -397]]
[[1, 0], [57, 794], [-117, -1588]]
[[1, 0], [571, 1191], [-575, -1191]]
[[1, 0], [571, 1588], [-573, -1588]]
[[1, 0], [571, 794], [-1145, -1588]]
[[1, 0], [573, 1588], [-575, -1588]]
[[1, 0], [573, 794], [-1149, -1588]]
[[1, 0], [574, 1191], [-578, -1191]]
[[1, 0], [575, 1588], [-577, -1588]]
[[1, 0], [575, 794], [-1153, -1588]]
[[1, 0], [577, 1191], [-581, -1191]]
[[1, 0], [577, 1588], [-579, -1588]]
[[1, 0], [577, 794], [-1157, -1588]]
[[1, 0], [579, 1588], [-581, -1588]]
[[1, 0], [579, 794], [-1161, -1588]]
[[1, 0], [58, 1191], [-62, -1191]]
[[1, 0], [58, 397], [-182, -1191]]
[[1, 0], [58, 397], [-237, -1588]]
[[1, 0], [58, 397], [-62, -397]]
[[1, 0], [580, 1191], [-584, -1191]]
[[1, 0], [581, 1588], [-583, -1588]]
[[1, 0], [581, 794], [-1165, -1588]]
[[1, 0], [583, 1191], [-587, -1191]]
[[1, 0], [583, 1588], [-585, -1588]]
[[1, 0], [583, 794], [-1169, -1588]]
[[1, 0], [585, 1588], [-587, -1588]]
[[1, 0], [585, 794], [-1173, -1588]]
[[1, 0], [586, 1191], [-590, -1191]]
[[1, 0], [587, 1588], [-589, -1588]]
[[1, 0], [587, 794], [-1177, -1588]]
[[1, 0], [589, 1191], [-593, -1191]]
[[1, 0], [589, 1588], [-591, -1588]]
[[1, 0], [589, 794], [-1181, -1588]]
[[1, 0], [59, 116], [-405, -406]]
[[1, 0], [59, 1588], [-61, -1588]]
[[1, 0], [59, 397], [-185, -1191]]
[[1, 0], [59, 397], [-241, -1588]]
[[1, 0], [59, 397], [-63, -397]]
[[1, 0], [59, 794], [-121, -1588]]
[[1, 0], [591, 1588], [-593, -1588]]
[[1, 0], [591, 794], [-1185, -1588]]
[[1, 0], [592, 1191], [-596, -1191]]
[[1, 0], [593, 1588], [-595, -1588]]
[[1, 0], [593, 794], [-1189, -1588]]
[[1, 0], [595, 1588], [-597, -1588]]
[[1, 0], [595, 794], [-1193, -1588]]
[[1, 0], [597, 1588], [-599, -1588]]
[[1, 0], [597, 794], [-1197, -1588]]
[[1, 0], [599, 1588], [-601, -1588]]
[[1, 0], [599, 794], [-1201, -1588]]
[[1, 0], [6, 397], [-10, -397]]
[[1, 0], [6, 397], [-26, -1191]]
[[1, 0], [6, 397], [-29, -1588]]
[[1, 0], [60, 397], [-188, -1191]]
[[1, 0], [60, 397], [-245, -1588]]
[[1, 0], [60, 397], [-64, -397]]
[[1, 0], [601, 1588], [-603, -1588]]
[[1, 0], [601, 794], [-1205, -1588]]
[[1, 0], [603, 1588], [-605, -1588]]
[[1, 0], [603, 794], [-1209, -1588]]
[[1, 0], [605, 1588], [-607, -1588]]
[[1, 0], [605, 794], [-1213, -1588]]
[[1, 0], [607, 1588], [-609, -1588]]
[[1, 0], [607, 794], [-1217, -1588]]
[[1, 0], [609, 1588], [-611, -1588]]
[[1, 0], [609, 794], [-1221, -1588]]
[[1, 0], [61, 1191], [-65, -1191]]
[[1, 0], [61, 1588], [-63, -1588]]
[[1, 0], [61, 397], [-191, -1191]]
[[1, 0], [61, 397], [-249, -1588]]
[[1, 0], [61, 397], [-65, -397]]
[[1, 0], [61, 794], [-125, -1588]]
[[1, 0], [611, 1588], [-613, -1588]]
[[1, 0], [611, 794], [-1225, -1588]]
[[1, 0], [613, 1588], [-615, -1588]]
[[1, 0], [613, 794], [-1229, -1588]]
[[1, 0], [615, 1588], [-617, -1588]]
[[1, 0], [615, 794], [-1233, -1588]]
[[1, 0], [617, 1588], [-619, -1588]]
[[1, 0], [617, 794], [-1237, -1588]]
[[1, 0], [619, 1588], [-621, -1588]]
[[1, 0], [619, 794], [-1241, -1588]]
[[1, 0], [62, 397], [-194, -1191]]
[[1, 0], [62, 397], [-253, -1588]]
[[1, 0], [62, 397], [-66, -397]]
[[1, 0], [621, 1588], [-623, -1588]]
[[1, 0], [621, 794], [-1245, -1588]]
[[1, 0], [623, 1588], [-625, -1588]]
[[1, 0], [623, 794], [-1249, -1588]]
[[1, 0], [625, 1588], [-627, -1588]]
[[1, 0], [625, 794], [-1253, -1588]]
[[1, 0], [627, 1588], [-629, -1588]]
[[1, 0], [627, 794], [-1257, -1588]]
[[1, 0], [629, 1588], [-631, -1588]]
[[1, 0], [629, 794], [-1261, -1588]]
[[1, 0], [63, 1588], [-65, -1588]]
[[1, 0], [63, 397], [-197, -1191]]
[[1, 0], [63, 397], [-257, -1588]]
[[1, 0], [63, 397], [-67, -397]]
[[1, 0], [63, 794], [-129, -1588]]
[[1, 0], [631, 1588], [-633, -1588]]
[[1, 0], [631, 794], [-1265, -1588]]
[[1, 0], [633, 1588], [-635, -1588]]
[[1, 0], [633, 794], [-1269, -1588]]
[[1, 0], [635, 1588], [-637, -1588]]
[[1, 0], [635, 794], [-1273, -1588]]
[[1, 0], [637, 1588], [-639, -1588]]
[[1, 0], [637, 794], [-1277, -1588]]
[[1, 0], [639, 1588], [-641, -1588]]
[[1, 0], [639, 794], [-1281, -1588]]
[[1, 0], [64, 1191], [-68, -1191]]
[[1, 0], [64, 397], [-200, -1191]]
[[1, 0], [64, 397], [-261, -1588]]
[[1, 0], [64, 397], [-68, -397]]
[[1, 0], [641, 1588], [-643, -1588]]
[[1, 0], [641, 794], [-1285, -1588]]
[[1, 0], [643, 1588], [-645, -1588]]
[[1, 0], [643, 794], [-1289, -1588]]
[[1, 0], [645, 1588], [-647, -1588]]
[[1, 0], [645, 794], [-1293, -1588]]
[[1, 0], [647, 1588], [-649, -1588]]
[[1, 0], [647, 794], [-1297, -1588]]
[[1, 0], [649, 1588], [-651, -1588]]
[[1, 0], [649, 794], [-1301, -1588]]
[[1, 0], [65, 1588], [-67, -1588]]
[[1, 0], [65, 397], [-203, -1191]]
[[1, 0], [65, 397], [-265, -1588]]
[[1, 0], [65, 397], [-69, -397]]
[[1, 0], [65, 794], [-133, -1588]]
[[1, 0], [651, 1588], [-653, -1588]]
[[1, 0], [651, 794], [-1305, -1588]]
[[1, 0], [653, 1588], [-655, -1588]]
[[1, 0], [653, 794], [-1309, -1588]]
[[1, 0], [655, 1588], [-657, -1588]]
[[1, 0], [655, 794], [-1313, -1588]]
[[1, 0], [657, 1588], [-659, -1588]]
[[1, 0], [657, 794], [-1317, -1588]]
[[1, 0], [659, 1588], [-661, -1588]]
[[1, 0], [659, 794], [-1321, -1588]]
[[1, 0], [66, 397], [-206, -1191]]
[[1, 0], [66, 397], [-269, -1588]]
[[1, 0], [66, 397], [-70, -397]]
[[1, 0], [661, 1588], [-663, -1588]]
[[1, 0], [661, 794], [-1325, -1588]]
[[1, 0], [663, 1588], [-665, -1588]]
[[1, 0], [663, 794], [-1329, -1588]]
[[1, 0], [665, 1588], [-667, -1588]]
[[1, 0], [665, 794], [-1333, -1588]]
[[1, 0], [667, 1588], [-669, -1588]]
[[1, 0], [667, 794], [-1337, -1588]]
[[1, 0], [669, 1588], [-671, -1588]]
[[1, 0], [669, 794], [-1341, -1588]]
[[1, 0], [67, 1191], [-71, -1191]]
[[1, 0], [67, 1588], [-69, -1588]]
[[1, 0], [67, 397], [-209, -1191]]
[[1, 0], [67, 397], [-273, -1588]]
[[1, 0], [67, 397], [-71, -397]]
[[1, 0], [67, 794], [-137, -1588]]
[[1, 0], [671, 1588], [-673, -1588]]
[[1, 0], [671, 794], [-1345, -1588]]
[[1, 0], [673, 1588], [-675, -1588]]
[[1, 0], [673, 794], [-1349, -1588]]
[[1, 0], [675, 1588], [-677, -1588]]
[[1, 0], [675, 794], [-1353, -1588]]
[[1, 0], [677, 1588], [-679, -1588]]
[[1, 0], [677, 794], [-1357, -1588]]
[[1, 0], [679, 1588], [-681, -1588]]
[[1, 0], [679, 794], [-1361, -1588]]
[[1, 0], [68, 397], [-212, -1191]]
[[1, 0], [68, 397], [-277, -1588]]
[[1, 0], [68, 397], [-72, -397]]
[[1, 0], [681, 1588], [-683, -1588]]
[[1, 0], [681, 794], [-1365, -1588]]
[[1, 0], [683, 1588], [-685, -1588]]
[[1, 0], [683, 794], [-1369, -1588]]
[[1, 0], [685, 1588], [-687, -1588]]
[[1, 0], [685, 794], [-1373, -1588]]
[[1, 0], [687, 1588], [-689, -1588]]
[[1, 0], [687, 794], [-1377, -1588]]
[[1, 0], [689, 1588], [-691, -1588]]
[[1, 0], [689, 794], [-1381, -1588]]
[[1, 0], [69, 1588], [-71, -1588]]
[[1, 0], [69, 397], [-215, -1191]]
[[1, 0], [69, 397], [-281, -1588]]
[[1, 0], [69, 397], [-73, -397]]
[[1, 0], [69, 794], [-141, -1588]]
[[1, 0], [691, 1588], [-693, -1588]]
[[1, 0], [691, 794], [-1385, -1588]]
[[1, 0], [693, 1588], [-695, -1588]]
[[1, 0], [693, 794], [-1389, -1588]]
[[1, 0], [695, 1588], [-697, -1588]]
[[1, 0], [695, 794], [-1393, -1588]]
[[1, 0], [697, 1588], [-699, -1588]]
[[1, 0], [697, 794], [-1397, -1588]]
[[1, 0], [699, 1588], [-701, -1588]]
[[1, 0], [699, 794], [-1401, -1588]]
[[1, 0], [7, 12], [-2009, -268]]
[[1, 0], [7, 12], [-319, -320]]
[[1, 0], [7, 1588], [-9, -1588]]
[[1, 0], [7, 397], [-29, -1191]]
[[1, 0], [7, 397], [-33, -1588]]
[[1, 0], [7, 794], [-17, -1588]]
[[1, 0], [70, 1191], [-74, -1191]]
[[1, 0], [70, 397], [-218, -1191]]
[[1, 0], [70, 397], [-285, -1588]]
[[1, 0], [70, 397], [-74, -397]]
[[1, 0], [701, 1588], [-703, -1588]]
[[1, 0], [701, 794], [-1405, -1588]]
[[1, 0], [703, 1588], [-705, -1588]]
[[1, 0], [703, 794], [-1409, -1588]]
[[1, 0], [705, 1588], [-707, -1588]]
[[1, 0], [705, 794], [-1413, -1588]]
[[1, 0], [707, 1588], [-709, -1588]]
[[1, 0], [707, 794], [-1417, -1588]]
[[1, 0], [709, 1588], [-711, -1588]]
[[1, 0], [709, 794], [-1421, -1588]]
[[1, 0], [71, 1588], [-73, -1588]]
[[1, 0], [71, 397], [-221, -1191]]
[[1, 0], [71, 397], [-289, -1588]]
[[1, 0], [71, 397], [-75, -397]]
[[1, 0], [71, 794], [-145, -1588]]
[[1, 0], [711, 1588], [-713, -1588]]
[[1, 0], [711, 794], [-1425, -1588]]
[[1, 0], [713, 1588], [-715, -1588]]
[[1, 0], [713, 794], [-1429, -1588]]
[[1, 0], [715, 1588], [-717, -1588]]
[[1, 0], [715, 794], [-1433, -1588]]
[[1, 0], [717, 1588], [-719, -1588]]
[[1, 0], [717, 794], [-1437, -1588]]
[[1, 0], [719, 1588], [-721, -1588]]
[[1, 0], [719, 794], [-1441, -1588]]
[[1, 0], [72, 397], [-224, -1191]]
[[1, 0], [72, 397], [-293, -1588]]
[[1, 0], [72, 397], [-76, -397]]
[[1, 0], [721, 1588], [-723, -1588]]
[[1, 0], [721, 794], [-1445, -1588]]
[[1, 0], [723, 1588], [-725, -1588]]
[[1, 0], [723, 794], [-1449, -1588]]
[[1, 0], [725, 1588], [-727, -1588]]
[[1, 0], [725, 794], [-1453, -1588]]
[[1, 0], [727, 1588], [-729, -1588]]
[[1, 0], [727, 794], [-1457, -1588]]
[[1, 0], [729, 1588], [-731, -1588]]
[[1, 0], [729, 794], [-1461, -1588]]
[[1, 0], [73, 1191], [-77, -1191]]
[[1, 0], [73, 1588], [-75, -1588]]
[[1, 0], [73, 397], [-227, -1191]]
[[1, 0], [73, 397], [-297, -1588]]
[[1, 0], [73, 397], [-77, -397]]
[[1, 0], [73, 794], [-149, -1588]]
[[1, 0], [731, 1588], [-733, -1588]]
[[1, 0], [731, 794], [-1465, -1588]]
[[1, 0], [733, 1588], [-735, -1588]]
[[1, 0], [733, 794], [-1469, -1588]]
[[1, 0], [735, 1588], [-737, -1588]]
[[1, 0], [735, 794], [-1473, -1588]]
[[1, 0], [737, 1588], [-739, -1588]]
[[1, 0], [737, 794], [-1477, -1588]]
[[1, 0], [739, 1588], [-741, -1588]]
[[1, 0], [739, 794], [-1481, -1588]]
[[1, 0], [74, 397], [-230, -1191]]
[[1, 0], [74, 397], [-301, -1588]]
[[1, 0], [74, 397], [-78, -397]]
[[1, 0], [741, 1588], [-743, -1588]]
[[1, 0], [741, 794], [-1485, -1588]]
[[1, 0], [743, 1588], [-745, -1588]]
[[1, 0], [743, 794], [-1489, -1588]]
[[1, 0], [745, 1588], [-747, -1588]]
[[1, 0], [745, 794], [-1493, -1588]]
[[1, 0], [747, 1588], [-749, -1588]]
[[1, 0], [747, 794], [-1497, -1588]]
[[1, 0], [749, 1588], [-751, -1588]]
[[1, 0], [749, 794], [-1501, -1588]]
[[1, 0], [75, 1588], [-77, -1588]]
[[1, 0], [75, 397], [-233, -1191]]
[[1, 0], [75, 397], [-305, -1588]]
[[1, 0], [75, 397], [-79, -397]]
[[1, 0], [75, 794], [-153, -1588]]
[[1, 0], [751, 1588], [-753, -1588]]
[[1, 0], [751, 794], [-1505, -1588]]
[[1, 0], [753, 1588], [-755, -1588]]
[[1, 0], [753, 794], [-1509, -1588]]
[[1, 0], [755, 1588], [-757, -1588]]
[[1, 0], [755, 794], [-1513, -1588]]
[[1, 0], [757, 1588], [-759, -1588]]
[[1, 0], [757, 794], [-1517, -1588]]
[[1, 0], [759, 1588], [-761, -1588]]
[[1, 0], [759, 794], [-1521, -1588]]
[[1, 0], [76, 1191], [-80, -1191]]
[[1, 0], [76, 397], [-236, -1191]]
[[1, 0], [76, 397], [-309, -1588]]
[[1, 0], [76, 397], [-80, -397]]
[[1, 0], [761, 1588], [-763, -1588]]
[[1, 0], [761, 794], [-1525, -1588]]
[[1, 0], [763, 1588], [-765, -1588]]
[[1, 0], [763, 794], [-1529, -1588]]
[[1, 0], [765, 1588], [-767, -1588]]
[[1, 0], [765, 794], [-1533, -1588]]
[[1, 0], [767, 1588], [-769, -1588]]
[[1, 0], [767, 794], [-1537, -1588]]
[[1, 0], [769, 1588], [-771, -1588]]
[[1, 0], [769, 794], [-1541, -1588]]
[[1, 0], [77, 1588], [-79, -1588]]
[[1, 0], [77, 397], [-239, -1191]]
[[1, 0], [77, 397], [-313, -1588]]
[[1, 0], [77, 397], [-81, -397]]
[[1, 0], [77, 794], [-157, -1588]]
[[1, 0], [771, 1588], [-773, -1588]]
[[1, 0], [771, 794], [-1545, -1588]]
[[1, 0], [773, 1588], [-775, -1588]]
[[1, 0], [773, 794], [-1549, -1588]]
[[1, 0], [775, 1588], [-777, -1588]]
[[1, 0], [775, 794], [-1553, -1588]]
[[1, 0], [777, 1588], [-779, -1588]]
[[1, 0], [777, 794], [-1557, -1588]]
[[1, 0], [779, 1588], [-781, -1588]]
[[1, 0], [779, 794], [-1561, -1588]]
[[1, 0], [78, 397], [-242, -1191]]
[[1, 0], [78, 397], [-317, -1588]]
[[1, 0], [78, 397], [-82, -397]]
[[1, 0], [781, 1588], [-783, -1588]]
[[1, 0], [781, 794], [-1565, -1588]]
[[1, 0], [783, 1588], [-785, -1588]]
[[1, 0], [783, 794], [-1569, -1588]]
[[1, 0], [785, 1588], [-787, -1588]]
[[1, 0], [785, 794], [-1573, -1588]]
[[1, 0], [787, 1588], [-789, -1588]]
[[1, 0], [787, 794], [-1577, -1588]]
[[1, 0], [789, 1588], [-791, -1588]]
[[1, 0], [789, 794], [-1581, -1588]]
[[1, 0], [79, 1191], [-83, -1191]]
[[1, 0], [79, 1588], [-81, -1588]]
[[1, 0], [79, 397], [-245, -1191]]
[[1, 0], [79, 397], [-321, -1588]]
[[1, 0], [79, 397], [-83, -397]]
[[1, 0], [79, 794], [-161, -1588]]
[[1, 0], [791, 1588], [-793, -1588]]
[[1, 0], [791, 794], [-1585, -1588]]
[[1, 0], [793, 1588], [-795, -1588]]
[[1, 0], [793, 794], [-1589, -1588]]
[[1, 0], [8, 397], [-12, -397]]
[[1, 0], [8, 397], [-32, -1191]]
[[1, 0], [8, 397], [-37, -1588]]
[[1, 0], [80, 397], [-248, -1191]]
[[1, 0], [80, 397], [-325, -1588]]
[[1, 0], [80, 397], [-84, -397]]
[[1, 0], [81, 1588], [-83, -1588]]
[[1, 0], [81, 160], [-1199, -800]]
[[1, 0], [81, 160], [-399, -200]]
[[1, 0], [81, 397], [-251, -1191]]
[[1, 0], [81, 397], [-329, -1588]]
[[1, 0], [81, 397], [-85, -397]]
[[1, 0], [81, 794], [-165, -1588]]
[[1, 0], [82, 1191], [-86, -1191]]
[[1, 0], [82, 397], [-254, -1191]]
[[1, 0], [82, 397], [-333, -1588]]
[[1, 0], [82, 397], [-86, -397]]
[[1, 0], [83, 1588], [-85, -1588]]
[[1, 0], [83, 397], [-257, -1191]]
[[1, 0], [83, 397], [-337, -1588]]
[[1, 0], [83, 397], [-87, -397]]
[[1, 0], [83, 794], [-169, -1588]]
[[1, 0], [84, 397], [-260, -1191]]
[[1, 0], [84, 397], [-341, -1588]]
[[1, 0], [84, 397], [-88, -397]]
[[1, 0], [85, 1191], [-89, -1191]]
[[1, 0], [85, 1588], [-87, -1588]]
[[1, 0], [85, 397], [-263, -1191]]
[[1, 0], [85, 397], [-345, -1588]]
[[1, 0], [85, 397], [-89, -397]]
[[1, 0], [85, 794], [-173, -1588]]
[[1, 0], [86, 397], [-266, -1191]]
[[1, 0], [86, 397], [-349, -1588]]
[[1, 0], [86, 397], [-90, -397]]
[[1, 0], [87, 1588], [-89, -1588]]
[[1, 0], [87, 397], [-269, -1191]]
[[1, 0], [87, 397], [-353, -1588]]
[[1, 0], [87, 397], [-91, -397]]
[[1, 0], [87, 794], [-177, -1588]]
[[1, 0], [88, 1191], [-92, -1191]]
[[1, 0], [88, 397], [-272, -1191]]
[[1, 0], [88, 397], [-357, -1588]]
[[1, 0], [88, 397], [-92, -397]]
[[1, 0], [89, 1588], [-91, -1588]]
[[1, 0], [89, 397], [-275, -1191]]
[[1, 0], [89, 397], [-361, -1588]]
[[1, 0], [89, 397], [-93, -397]]
[[1, 0], [89, 794], [-181, -1588]]
[[1, 0], [9, 1588], [-11, -1588]]
[[1, 0], [9, 16], [-1271, -848]]
[[1, 0], [9, 16], [-1899, -200]]
[[1, 0], [9, 16], [-309, -20]]
[[1, 0], [9, 16], [-415, -32]]
[[1, 0], [9, 16], [-455, -456]]
[[1, 0], [9, 16], [-58, -59]]
[[1, 0], [9, 16], [-611, -204]]
[[1, 0], [9, 16], [-7199, -800]]
[[1, 0], [9, 16], [-839, -80]]
[[1, 0], [9, 16], [-84, -17]]
[[1, 0], [9, 397], [-13, -397]]
[[1, 0], [9, 397], [-35, -1191]]
[[1, 0], [9, 397], [-41, -1588]]
[[1, 0], [9, 794], [-21, -1588]]
[[1, 0], [90, 397], [-278, -1191]]
[[1, 0], [90, 397], [-365, -1588]]
[[1, 0], [90, 397], [-94, -397]]
[[1, 0], [91, 1191], [-95, -1191]]
[[1, 0], [91, 1588], [-93, -1588]]
[[1, 0], [91, 397], [-281, -1191]]
[[1, 0], [91, 397], [-369, -1588]]
[[1, 0], [91, 397], [-95, -397]]
[[1, 0], [91, 794], [-185, -1588]]
[[1, 0], [92, 397], [-284, -1191]]
[[1, 0], [92, 397], [-373, -1588]]
[[1, 0], [92, 397], [-96, -397]]
[[1, 0], [93, 1588], [-95, -1588]]
[[1, 0], [93, 397], [-287, -1191]]
[[1, 0], [93, 397], [-377, -1588]]
[[1, 0], [93, 397], [-97, -397]]
[[1, 0], [93, 794], [-189, -1588]]
[[1, 0], [94, 1191], [-98, -1191]]
[[1, 0], [94, 397], [-290, -1191]]
[[1, 0], [94, 397], [-381, -1588]]
[[1, 0], [94, 397], [-98, -397]]
[[1, 0], [95, 1588], [-97, -1588]]
[[1, 0], [95, 397], [-293, -1191]]
[[1, 0], [95, 397], [-385, -1588]]
[[1, 0], [95, 397], [-99, -397]]
[[1, 0], [95, 794], [-193, -1588]]
[[1, 0], [96, 397], [-100, -397]]
[[1, 0], [96, 397], [-296, -1191]]
[[1, 0], [96, 397], [-389, -1588]]
[[1, 0], [97, 1191], [-101, -1191]]
[[1, 0], [97, 1588], [-99, -1588]]
[[1, 0], [97, 397], [-101, -397]]
[[1, 0], [97, 397], [-299, -1191]]
[[1, 0], [97, 397], [-393, -1588]]
[[1, 0], [97, 794], [-197, -1588]]
[[1, 0], [98, 397], [-102, -397]]
[[1, 0], [98, 397], [-302, -1191]]
[[1, 0], [99, 1588], [-101, -1588]]
[[1, 0], [99, 397], [-103, -397]]
[[1, 0], [99, 397], [-305, -1191]]
[[1, 0], [99, 397], [-401, -1588]]
[[1, 0], [99, 794], [-201, -1588]]
