[[1, 0], [0, 1], [-10339, -440]]
[[1, 0], [0, 1], [-1055, -64]]
[[1, 0], [0, 1], [-1055, -704]]
[[1, 0], [0, 1], [-1268, -633]]
[[1, 0], [0, 1], [-1688, -3]]
[[1, 0], [0, 1], [-1688, -563]]
[[1, 0], [0, 1], [-178928, -423]]
[[1, 0], [0, 1], [-1899, -152]]
[[1, 0], [0, 1], [-1899, -8]]
[[1, 0], [0, 1], [-20256, -431]]
[[1, 0], [0, 1], [-20256, -47]]
[[1, 0], [0, 1], [-211, -8]]
[[1, 0], [0, 1], [-2321, -516]]
[[1, 0], [0, 1], [-2532, -149]]
[[1, 0], [0, 1], [-2532, -17]]
[[1, 0], [0, 1], [-30173, -428]]
[[1, 0], [0, 1], [-4220, -469]]
[[1, 0], [0, 1], [-4220, -9]]
[[1, 0], [0, 1], [-424, -211]]
[[1, 0], [0, 1], [-59924, -141]]
[[1, 0], [0, 1], [-59924, -425]]
[[1, 0], [0, 1], [-6119, -144]]
[[1, 0], [0, 1], [-844, -13]]
[[1, 0], [0, 1], [-844, -169]]
[[1, 0], [0, 1], [-844, -1]]
[[1, 0], [0, 1], [-844, -5]]
[[1, 0], [0, 1], [-844, -65]]
[[1, 0], [0, 1], [-845, -844]]
[[1, 0], [0, 1], [-89675, -424]]
[[1, 0], [1, 106], [-1059, -424]]
[[1, 0], [1, 108], [-215, -432]]
[[1, 0], [1, 10], [-1099, -440]]
[[1, 0], [1, 10], [-469, -470]]
[[1, 0], [1, 10], [-515, -86]]
[[1, 0], [1, 10], [-53, -108]]
[[1, 0], [1, 11], [-219, -88]]
[[1, 0], [1, 11], [-857, -143]]
[[1, 0], [1, 12], [-215, -48]]
[[1, 0], [1, 141], [-1691, -423]]
[[1, 0], [1, 141], [-845, -141]]
[[1, 0], [1, 142], [-425, -426]]
[[1, 0], [1, 144], [-107, -216]]
[[1, 0], [1, 14], [-65, -66]]
[[1, 0], [1, 14], [-95, -64]]
[[1, 0], [1, 16], [-107, -24]]
[[1, 0], [1, 16], [-431, -144]]
[[1, 0], [1, 17], [-349, -25]]
[[1, 0], [1, 17], [-849, -85]]
[[1, 0], [1, 18], [-1079, -432]]
[[1, 0], [1, 18], [-149, -150]]
[[1, 0], [1, 20], [-131, -88]]
[[1, 0], [1, 20], [-47, -96]]
[[1, 0], [1, 211], [-11, -633]]
[[1, 0], [1, 211], [-5, -211]]
[[1, 0], [1, 211], [-9, -844]]
[[1, 0], [1, 212], [-635, -424]]
[[1, 0], [1, 214], [-213, -428]]
[[1, 0], [1, 25], [-2549, -425]]
[[1, 0], [1, 27], [-119, -48]]
[[1, 0], [1, 2], [-1059, -8]]
[[1, 0], [1, 2], [-1079, -48]]
[[1, 0], [1, 2], [-1099, -88]]
[[1, 0], [1, 2], [-11609, -430]]
[[1, 0], [1, 2], [-1319, -528]]
[[1, 0], [1, 2], [-213, -4]]
[[1, 0], [1, 2], [-317, -212]]
[[1, 0], [1, 2], [-425, -6]]
[[1, 0], [1, 2], [-45155, -424]]
[[1, 0], [1, 2], [-469, -94]]
[[1, 0], [1, 2], [-7667, -142]]
[[1, 0], [1, 2], [-845, -844]]
[[1, 0], [1, 33], [-857, -429]]
[[1, 0], [1, 36], [-215, -144]]
[[1, 0], [1, 39], [-285, -143]]
[[1, 0], [1, 3], [-1013, -507]]
[[1, 0], [1, 3], [-1691, -9]]
[[1, 0], [1, 3], [-20303, -141]]
[[1, 0], [1, 3], [-2051, -456]]
[[1, 0], [1, 3], [-213, -211]]
[[1, 0], [1, 3], [-2681, -447]]
[[1, 0], [1, 3], [-285, -11]]
[[1, 0], [1, 3], [-60065, -423]]
[[1, 0], [1, 3], [-6263, -432]]
[[1, 0], [1, 3], [-635, -633]]
[[1, 0], [1, 3], [-7049, -47]]
[[1, 0], [1, 3], [-845, -3]]
[[1, 0], [1, 3], [-857, -39]]
[[1, 0], [1, 422], [-5, -844]]
[[1, 0], [1, 423], [-845, -423]]
[[1, 0], [1, 424], [-423, -424]]
[[1, 0], [1, 47], [-1691, -141]]
[[1, 0], [1, 47], [-4229, -423]]
[[1, 0], [1, 47], [-845, -47]]
[[1, 0], [1, 48], [-107, -72]]
[[1, 0], [1, 48], [-431, -432]]
[[1, 0], [1, 4], [-215, -16]]
[[1, 0], [1, 4], [-22683, -424]]
[[1, 0], [1, 4], [-423, -844]]
[[1, 0], [1, 4], [-563, -564]]
[[1, 0], [1, 4], [-635, -8]]
[[1, 0], [1, 4], [-7703, -428]]
[[1, 0], [1, 53], [-1907, -424]]
[[1, 0], [1, 55], [-219, -440]]
[[1, 0], [1, 5], [-219, -40]]
[[1, 0], [1, 5], [-2549, -85]]
[[1, 0], [1, 5], [-71, -144]]
[[1, 0], [1, 5], [-849, -25]]
[[1, 0], [1, 633], [-5, -633]]
[[1, 0], [1, 6], [-1079, -144]]
[[1, 0], [1, 6], [-149, -50]]
[[1, 0], [1, 6], [-169, -170]]
[[1, 0], [1, 6], [-307, -154]]
[[1, 0], [1, 6], [-317, -636]]
[[1, 0], [1, 6], [-517, -148]]
[[1, 0], [1, 6], [-7667, -426]]
[[1, 0], [1, 7], [-1119, -448]]
[[1, 0], [1, 7], [-909, -455]]
[[1, 0], [1, 844], [-3, -844]]
[[1, 0], [1, 85], [-849, -425]]
[[1, 0], [1, 8], [-11447, -424]]
[[1, 0], [1, 8], [-141, -284]]
[[1, 0], [1, 8], [-2375, -432]]
[[1, 0], [1, 8], [-423, -8]]
[[1, 0], [1, 8], [-5829, -212]]
[[1, 0], [1, 9], [-119, -16]]
[[1, 0], [1, 9], [-20303, -423]]
[[1, 0], [1, 9], [-2631, -47]]
[[1, 0], [1, 9], [-7049, -141]]
[[1, 0], [1, 9], [-845, -9]]
[[1, 0], [10, 211], [-14, -211]]
[[1, 0], [10, 211], [-38, -633]]
[[1, 0], [10, 211], [-45, -844]]
[[1, 0], [10, 633], [-14, -633]]
[[1, 0], [100, 211], [-104, -211]]
[[1, 0], [100, 211], [-308, -633]]
[[1, 0], [100, 211], [-405, -844]]
[[1, 0], [100, 633], [-104, -633]]
[[1, 0], [101, 211], [-105, -211]]
[[1, 0], [101, 211], [-311, -633]]
[[1, 0], [101, 211], [-409, -844]]
[[1, 0], [101, 422], [-205, -844]]
[[1, 0], [101, 844], [-103, -844]]
[[1, 0], [102, 211], [-106, -211]]
[[1, 0], [102, 211], [-314, -633]]
[[1, 0], [102, 211], [-413, -844]]
[[1, 0], [103, 211], [-107, -211]]
[[1, 0], [103, 211], [-317, -633]]
[[1, 0], [103, 211], [-417, -844]]
[[1, 0], [103, 422], [-209, -844]]
[[1, 0], [103, 633], [-107, -633]]
[[1, 0], [103, 844], [-105, -844]]
[[1, 0], [104, 211], [-320, -633]]
[[1, 0], [104, 211], [-421, -844]]
[[1, 0], [105, 211], [-323, -633]]
[[1, 0], [105, 211], [-425, -844]]
[[1, 0], [105, 422], [-213, -844]]
[[1, 0], [105, 844], [-107, -844]]
[[1, 0], [106, 211], [-326, -633]]
[[1, 0], [106, 211], [-429, -844]]
[[1, 0], [106, 633], [-110, -633]]
[[1, 0], [107, 211], [-329, -633]]
[[1, 0], [107, 211], [-433, -844]]
[[1, 0], [107, 212], [-529, -212]]
[[1, 0], [107, 212], [-847, -424]]
[[1, 0], [107, 422], [-217, -844]]
[[1, 0], [107, 844], [-109, -844]]
[[1, 0], [108, 211], [-332, -633]]
[[1, 0], [108, 211], [-437, -844]]
[[1, 0], [109, 211], [-335, -633]]
[[1, 0], [109, 211], [-441, -844]]
[[1, 0], [109, 422], [-221, -844]]
[[1, 0], [109, 633], [-113, -633]]
[[1, 0], [109, 844], [-111, -844]]
[[1, 0], [11, 20], [-175, -88]]
[[1, 0], [11, 20], [-95, -96]]
[[1, 0], [11, 211], [-15, -211]]
[[1, 0], [11, 211], [-41, -633]]
[[1, 0], [11, 211], [-49, -844]]
[[1, 0], [11, 422], [-25, -844]]
[[1, 0], [11, 844], [-13, -844]]
[[1, 0], [110, 211], [-338, -633]]
[[1, 0], [110, 211], [-445, -844]]
[[1, 0], [111, 211], [-341, -633]]
[[1, 0], [111, 211], [-449, -844]]
[[1, 0], [111, 422], [-225, -844]]
[[1, 0], [111, 844], [-113, -844]]
[[1, 0], [112, 211], [-344, -633]]
[[1, 0], [112, 211], [-453, -844]]
[[1, 0], [112, 633], [-116, -633]]
[[1, 0], [113, 211], [-347, -633]]
[[1, 0], [113, 211], [-457, -844]]
[[1, 0], [113, 422], [-229, -844]]
[[1, 0], [113, 844], [-115, -844]]
[[1, 0], [114, 211], [-350, -633]]
[[1, 0], [114, 211], [-461, -844]]
[[1, 0], [115, 211], [-353, -633]]
[[1, 0], [115, 211], [-465, -844]]
[[1, 0], [115, 422], [-233, -844]]
[[1, 0], [115, 633], [-119, -633]]
[[1, 0], [115, 844], [-117, -844]]
[[1, 0], [116, 211], [-356, -633]]
[[1, 0], [116, 211], [-469, -844]]
[[1, 0], [117, 211], [-359, -633]]
[[1, 0], [117, 211], [-473, -844]]
[[1, 0], [117, 422], [-237, -844]]
[[1, 0], [117, 844], [-119, -844]]
[[1, 0], [118, 211], [-362, -633]]
[[1, 0], [118, 211], [-477, -844]]
[[1, 0], [118, 633], [-122, -633]]
[[1, 0], [119, 211], [-365, -633]]
[[1, 0], [119, 211], [-481, -844]]
[[1, 0], [119, 422], [-241, -844]]
[[1, 0], [119, 844], [-121, -844]]
[[1, 0], [12, 211], [-16, -211]]
[[1, 0], [12, 211], [-44, -633]]
[[1, 0], [12, 211], [-53, -844]]
[[1, 0], [120, 211], [-368, -633]]
[[1, 0], [120, 211], [-485, -844]]
[[1, 0], [121, 211], [-371, -633]]
[[1, 0], [121, 211], [-489, -844]]
[[1, 0], [121, 422], [-245, -844]]
[[1, 0], [121, 633], [-125, -633]]
[[1, 0], [121, 844], [-123, -844]]
[[1, 0], [122, 211], [-374, -633]]
[[1, 0], [122, 211], [-493, -844]]
[[1, 0], [123, 211], [-377, -633]]
[[1, 0], [123, 211], [-497, -844]]
[[1, 0], [123, 422], [-249, -844]]
[[1, 0], [123, 844], [-125, -844]]
[[1, 0], [124, 211], [-380, -633]]
[[1, 0], [124, 211], [-501, -844]]
[[1, 0], [124, 633], [-128, -633]]
[[1, 0], [125, 211], [-383, -633]]
[[1, 0], [125, 211], [-505, -844]]
[[1, 0], [125, 422], [-253, -844]]
[[1, 0], [125, 844], [-127, -844]]
[[1, 0], [126, 211], [-386, -633]]
[[1, 0], [126, 211], [-509, -844]]
[[1, 0], [127, 211], [-389, -633]]
[[1, 0], [127, 211], [-513, -844]]
[[1, 0], [127, 422], [-257, -844]]
[[1, 0], [127, 633], [-131, -633]]
[[1, 0], [127, 844], [-129, -844]]
[[1, 0], [128, 211], [-392, -633]]
[[1, 0], [128, 211], [-517, -844]]
[[1, 0], [129, 211], [-395, -633]]
[[1, 0], [129, 211], [-521, -844]]
[[1, 0], [129, 422], [-261, -844]]
[[1, 0], [129, 844], [-131, -844]]
[[1, 0], [13, 211], [-17, -211]]
[[1, 0], [13, 211], [-47, -633]]
[[1, 0], [13, 211], [-57, -844]]
[[1, 0], [13, 24], [-125, -36]]
[[1, 0], [13, 24], [-539, -216]]
[[1, 0], [13, 422], [-29, -844]]
[[1, 0], [13, 633], [-17, -633]]
[[1, 0], [13, 844], [-15, -844]]
[[1, 0], [130, 211], [-398, -633]]
[[1, 0], [130, 211], [-525, -844]]
[[1, 0], [130, 633], [-134, -633]]
[[1, 0], [131, 211], [-401, -633]]
[[1, 0], [131, 211], [-529, -844]]
[[1, 0], [131, 422], [-265, -844]]
[[1, 0], [131, 844], [-133, -844]]
[[1, 0], [132, 211], [-404, -633]]
[[1, 0], [132, 211], [-533, -844]]
[[1, 0], [133, 211], [-407, -633]]
[[1, 0], [133, 211], [-537, -844]]
[[1, 0], [133, 422], [-269, -844]]
[[1, 0], [133, 633], [-137, -633]]
[[1, 0], [133, 844], [-135, -844]]
[[1, 0], [134, 211], [-410, -633]]
[[1, 0], [134, 211], [-541, -844]]
[[1, 0], [135, 211], [-413, -633]]
[[1, 0], [135, 211], [-545, -844]]
[[1, 0], [135, 422], [-273, -844]]
[[1, 0], [135, 844], [-137, -844]]
[[1, 0], [136, 211], [-416, -633]]
[[1, 0], [136, 211], [-549, -844]]
[[1, 0], [136, 633], [-140, -633]]
[[1, 0], [137, 211], [-419, -633]]
[[1, 0], [137, 211], [-553, -844]]
[[1, 0], [137, 422], [-277, -844]]
[[1, 0], [137, 844], [-139, -844]]
[[1, 0], [138, 211], [-557, -844]]
[[1, 0], [139, 211], [-425, -633]]
[[1, 0], [139, 211], [-561, -844]]
[[1, 0], [139, 422], [-281, -844]]
[[1, 0], [139, 633], [-143, -633]]
[[1, 0], [139, 844], [-141, -844]]
[[1, 0], [14, 211], [-18, -211]]
[[1, 0], [14, 211], [-50, -633]]
[[1, 0], [14, 211], [-61, -844]]
[[1, 0], [140, 211], [-428, -633]]
[[1, 0], [140, 211], [-565, -844]]
[[1, 0], [141, 211], [-431, -633]]
[[1, 0], [141, 211], [-569, -844]]
[[1, 0], [141, 422], [-285, -844]]
[[1, 0], [141, 844], [-143, -844]]
[[1, 0], [142, 211], [-434, -633]]
[[1, 0], [142, 211], [-573, -844]]
[[1, 0], [142, 633], [-146, -633]]
[[1, 0], [143, 211], [-437, -633]]
[[1, 0], [143, 211], [-577, -844]]
[[1, 0], [143, 422], [-289, -844]]
[[1, 0], [143, 844], [-145, -844]]
[[1, 0], [144, 211], [-440, -633]]
[[1, 0], [144, 211], [-581, -844]]
[[1, 0], [145, 211], [-443, -633]]
[[1, 0], [145, 211], [-585, -844]]
[[1, 0], [145, 422], [-293, -844]]
[[1, 0], [145, 633], [-149, -633]]
[[1, 0], [145, 844], [-147, -844]]
[[1, 0], [146, 211], [-446, -633]]
[[1, 0], [146, 211], [-589, -844]]
[[1, 0], [147, 211], [-449, -633]]
[[1, 0], [147, 211], [-593, -844]]
[[1, 0], [147, 422], [-297, -844]]
[[1, 0], [147, 844], [-149, -844]]
[[1, 0], [148, 211], [-452, -633]]
[[1, 0], [148, 211], [-597, -844]]
[[1, 0], [148, 633], [-152, -633]]
[[1, 0], [149, 211], [-455, -633]]
[[1, 0], [149, 211], [-601, -844]]
[[1, 0], [149, 422], [-301, -844]]
[[1, 0], [149, 844], [-151, -844]]
[[1, 0], [15, 211], [-19, -211]]
[[1, 0], [15, 211], [-53, -633]]
[[1, 0], [15, 211], [-65, -844]]
[[1, 0], [15, 422], [-33, -844]]
[[1, 0], [15, 844], [-17, -844]]
[[1, 0], [150, 211], [-458, -633]]
[[1, 0], [150, 211], [-605, -844]]
[[1, 0], [151, 211], [-461, -633]]
[[1, 0], [151, 211], [-609, -844]]
[[1, 0], [151, 422], [-305, -844]]
[[1, 0], [151, 633], [-155, -633]]
[[1, 0], [151, 844], [-153, -844]]
[[1, 0], [152, 211], [-464, -633]]
[[1, 0], [152, 211], [-613, -844]]
[[1, 0], [153, 211], [-467, -633]]
[[1, 0], [153, 211], [-617, -844]]
[[1, 0], [153, 422], [-309, -844]]
[[1, 0], [153, 844], [-155, -844]]
[[1, 0], [154, 211], [-470, -633]]
[[1, 0], [154, 211], [-621, -844]]
[[1, 0], [154, 633], [-158, -633]]
[[1, 0], [155, 211], [-473, -633]]
[[1, 0], [155, 211], [-625, -844]]
[[1, 0], [155, 422], [-313, -844]]
[[1, 0], [155, 844], [-157, -844]]
[[1, 0], [156, 211], [-476, -633]]
[[1, 0], [156, 211], [-629, -844]]
[[1, 0], [157, 211], [-479, -633]]
[[1, 0], [157, 422], [-317, -844]]
[[1, 0], [157, 633], [-161, -633]]
[[1, 0], [157, 844], [-159, -844]]
[[1, 0], [158, 211], [-482, -633]]
[[1, 0], [158, 211], [-637, -844]]
[[1, 0], [159, 211], [-485, -633]]
[[1, 0], [159, 211], [-641, -844]]
[[1, 0], [159, 422], [-321, -844]]
[[1, 0], [159, 844], [-161, -844]]
[[1, 0], [16, 211], [-20, -211]]
[[1, 0], [16, 211], [-56, -633]]
[[1, 0], [16, 211], [-69, -844]]
[[1, 0], [16, 633], [-20, -633]]
[[1, 0], [160, 211], [-488, -633]]
[[1, 0], [160, 211], [-645, -844]]
[[1, 0], [160, 633], [-164, -633]]
[[1, 0], [161, 211], [-491, -633]]
[[1, 0], [161, 211], [-649, -844]]
[[1, 0], [161, 422], [-325, -844]]
[[1, 0], [161, 844], [-163, -844]]
[[1, 0], [162, 211], [-494, -633]]
[[1, 0], [162, 211], [-653, -844]]
[[1, 0], [163, 211], [-497, -633]]
[[1, 0], [163, 211], [-657, -844]]
[[1, 0], [163, 422], [-329, -844]]
[[1, 0], [163, 633], [-167, -633]]
[[1, 0], [163, 844], [-165, -844]]
[[1, 0], [164, 211], [-500, -633]]
[[1, 0], [164, 211], [-661, -844]]
[[1, 0], [165, 211], [-503, -633]]
[[1, 0], [165, 211], [-665, -844]]
[[1, 0], [165, 422], [-333, -844]]
[[1, 0], [165, 844], [-167, -844]]
[[1, 0], [166, 211], [-506, -633]]
[[1, 0], [166, 211], [-669, -844]]
[[1, 0], [166, 633], [-170, -633]]
[[1, 0], [167, 211], [-509, -633]]
[[1, 0], [167, 211], [-673, -844]]
[[1, 0], [167, 422], [-337, -844]]
[[1, 0], [167, 844], [-169, -844]]
[[1, 0], [168, 211], [-512, -633]]
[[1, 0], [168, 211], [-677, -844]]
[[1, 0], [169, 211], [-515, -633]]
[[1, 0], [169, 211], [-681, -844]]
[[1, 0], [169, 422], [-341, -844]]
[[1, 0], [169, 633], [-173, -633]]
[[1, 0], [169, 844], [-171, -844]]
[[1, 0], [17, 211], [-21, -211]]
[[1, 0], [17, 211], [-59, -633]]
[[1, 0], [17, 211], [-73, -844]]
[[1, 0], [17, 422], [-37, -844]]
[[1, 0], [17, 844], [-19, -844]]
[[1, 0], [170, 211], [-518, -633]]
[[1, 0], [170, 211], [-685, -844]]
[[1, 0], [171, 211], [-521, -633]]
[[1, 0], [171, 211], [-689, -844]]
[[1, 0], [171, 422], [-345, -844]]
[[1, 0], [171, 844], [-173, -844]]
[[1, 0], [172, 211], [-524, -633]]
[[1, 0], [172, 211], [-693, -844]]
[[1, 0], [172, 633], [-176, -633]]
[[1, 0], [173, 211], [-527, -633]]
[[1, 0], [173, 211], [-697, -844]]
[[1, 0], [173, 422], [-349, -844]]
[[1, 0], [173, 844], [-175, -844]]
[[1, 0], [174, 211], [-530, -633]]
[[1, 0], [174, 211], [-701, -844]]
[[1, 0], [175, 211], [-533, -633]]
[[1, 0], [175, 211], [-705, -844]]
[[1, 0], [175, 422], [-353, -844]]
[[1, 0], [175, 633], [-179, -633]]
[[1, 0], [175, 844], [-177, -844]]
[[1, 0], [176, 211], [-536, -633]]
[[1, 0], [176, 211], [-709, -844]]
[[1, 0], [177, 211], [-539, -633]]
[[1, 0], [177, 211], [-713, -844]]
[[1, 0], [177, 422], [-357, -844]]
[[1, 0], [177, 844], [-179, -844]]
[[1, 0], [178, 211], [-542, -633]]
[[1, 0], [178, 211], [-717, -844]]
[[1, 0], [178, 633], [-182, -633]]
[[1, 0], [179, 211], [-545, -633]]
[[1, 0], [179, 211], [-721, -844]]
[[1, 0], [179, 422], [-361, -844]]
[[1, 0], [179, 844], [-181, -844]]
[[1, 0], [18, 211], [-22, -211]]
[[1, 0], [18, 211], [-62, -633]]
[[1, 0], [18, 211], [-77, -844]]
[[1, 0], [180, 211], [-548, -633]]
[[1, 0], [180, 211], [-725, -844]]
[[1, 0], [181, 211], [-551, -633]]
[[1, 0], [181, 211], [-729, -844]]
[[1, 0], [181, 422], [-365, -844]]
[[1, 0], [181, 633], [-185, -633]]
[[1, 0], [181, 844], [-183, -844]]
[[1, 0], [182, 211], [-554, -633]]
[[1, 0], [182, 211], [-733, -844]]
[[1, 0], [183, 211], [-557, -633]]
[[1, 0], [183, 211], [-737, -844]]
[[1, 0], [183, 422], [-369, -844]]
[[1, 0], [183, 844], [-185, -844]]
[[1, 0], [184, 211], [-560, -633]]
[[1, 0], [184, 211], [-741, -844]]
[[1, 0], [184, 633], [-188, -633]]
[[1, 0], [185, 211], [-563, -633]]
[[1, 0], [185, 211], [-745, -844]]
[[1, 0], [185, 422], [-373, -844]]
[[1, 0], [185, 844], [-187, -844]]
[[1, 0], [186, 211], [-566, -633]]
[[1, 0], [186, 211], [-749, -844]]
[[1, 0], [187, 211], [-569, -633]]
[[1, 0], [187, 211], [-753, -844]]
[[1, 0], [187, 422], [-377, -844]]
[[1, 0], [187, 633], [-191, -633]]
[[1, 0], [187, 844], [-189, -844]]
[[1, 0], [188, 211], [-572, -633]]
[[1, 0], [188, 211], [-757, -844]]
[[1, 0], [189, 211], [-575, -633]]
[[1, 0], [189, 211], [-761, -844]]
[[1, 0], [189, 422], [-381, -844]]
[[1, 0], [189, 844], [-191, -844]]
[[1, 0], [19, 211], [-23, -211]]
[[1, 0], [19, 211], [-65, -633]]
[[1, 0], [19, 211], [-81, -844]]
[[1, 0], [19, 36], [-287, -144]]
[[1, 0], [19, 422], [-41, -844]]
[[1, 0], [19, 633], [-23, -633]]
[[1, 0], [19, 844], [-21, -844]]
[[1, 0], [190, 211], [-578, -633]]
[[1, 0], [190, 211], [-765, -844]]
[[1, 0], [190, 633], [-194, -633]]
[[1, 0], [191, 211], [-581, -633]]
[[1, 0], [191, 211], [-769, -844]]
[[1, 0], [191, 422], [-385, -844]]
[[1, 0], [191, 844], [-193, -844]]
[[1, 0], [192, 211], [-584, -633]]
[[1, 0], [192, 211], [-773, -844]]
[[1, 0], [193, 211], [-587, -633]]
[[1, 0], [193, 211], [-777, -844]]
[[1, 0], [193, 422], [-389, -844]]
[[1, 0], [193, 633], [-197, -633]]
[[1, 0], [193, 844], [-195, -844]]
[[1, 0], [194, 211], [-590, -633]]
[[1, 0], [194, 211], [-781, -844]]
[[1, 0], [195, 211], [-593, -633]]
[[1, 0], [195, 211], [-785, -844]]
[[1, 0], [195, 422], [-393, -844]]
[[1, 0], [195, 844], [-197, -844]]
[[1, 0], [196, 211], [-596, -633]]
[[1, 0], [196, 211], [-789, -844]]
[[1, 0], [196, 633], [-200, -633]]
[[1, 0], [197, 211], [-599, -633]]
[[1, 0], [197, 211], [-793, -844]]
[[1, 0], [197, 422], [-397, -844]]
[[1, 0], [197, 844], [-199, -844]]
[[1, 0], [198, 211], [-602, -633]]
[[1, 0], [198, 211], [-797, -844]]
[[1, 0], [199, 211], [-605, -633]]
[[1, 0], [199, 211], [-801, -844]]
[[1, 0], [199, 422], [-401, -844]]
[[1, 0], [199, 633], [-203, -633]]
[[1, 0], [199, 844], [-201, -844]]
[[1, 0], [2, 211], [-13, -844]]
[[1, 0], [2, 211], [-14, -633]]
[[1, 0], [2, 211], [-6, -211]]
[[1, 0], [20, 211], [-24, -211]]
[[1, 0], [20, 211], [-68, -633]]
[[1, 0], [20, 211], [-85, -844]]
[[1, 0], [200, 211], [-204, -211]]
[[1, 0], [200, 211], [-608, -633]]
[[1, 0], [200, 211], [-805, -844]]
[[1, 0], [201, 211], [-611, -633]]
[[1, 0], [201, 211], [-809, -844]]
[[1, 0], [201, 422], [-405, -844]]
[[1, 0], [201, 844], [-203, -844]]
[[1, 0], [202, 211], [-614, -633]]
[[1, 0], [202, 211], [-813, -844]]
[[1, 0], [202, 633], [-206, -633]]
[[1, 0], [203, 211], [-617, -633]]
[[1, 0], [203, 211], [-817, -844]]
[[1, 0], [203, 422], [-409, -844]]
[[1, 0], [203, 844], [-205, -844]]
[[1, 0], [204, 211], [-620, -633]]
[[1, 0], [204, 211], [-821, -844]]
[[1, 0], [205, 211], [-623, -633]]
[[1, 0], [205, 211], [-825, -844]]
[[1, 0], [205, 422], [-413, -844]]
[[1, 0], [205, 633], [-209, -633]]
[[1, 0], [205, 844], [-207, -844]]
[[1, 0], [206, 211], [-626, -633]]
[[1, 0], [206, 211], [-829, -844]]
[[1, 0], [207, 211], [-629, -633]]
[[1, 0], [207, 211], [-833, -844]]
[[1, 0], [207, 422], [-417, -844]]
[[1, 0], [207, 844], [-209, -844]]
[[1, 0], [208, 211], [-212, -211]]
[[1, 0], [208, 211], [-632, -633]]
[[1, 0], [208, 211], [-837, -844]]
[[1, 0], [208, 633], [-212, -633]]
[[1, 0], [209, 211], [-213, -211]]
[[1, 0], [209, 211], [-635, -633]]
[[1, 0], [209, 211], [-841, -844]]
[[1, 0], [209, 422], [-421, -844]]
[[1, 0], [21, 211], [-25, -211]]
[[1, 0], [21, 211], [-71, -633]]
[[1, 0], [21, 211], [-89, -844]]
[[1, 0], [21, 422], [-45, -844]]
[[1, 0], [21, 844], [-23, -844]]
[[1, 0], [210, 211], [-638, -633]]
[[1, 0], [210, 211], [-845, -844]]
[[1, 0], [213, 422], [-429, -844]]
[[1, 0], [213, 424], [-635, -424]]
[[1, 0], [213, 844], [-215, -844]]
[[1, 0], [214, 633], [-218, -633]]
[[1, 0], [215, 422], [-433, -844]]
[[1, 0], [215, 844], [-217, -844]]
[[1, 0], [217, 422], [-437, -844]]
[[1, 0], [217, 633], [-221, -633]]
[[1, 0], [217, 844], [-219, -844]]
[[1, 0], [219, 422], [-441, -844]]
[[1, 0], [219, 844], [-221, -844]]
[[1, 0], [22, 211], [-26, -211]]
[[1, 0], [22, 211], [-74, -633]]
[[1, 0], [22, 211], [-93, -844]]
[[1, 0], [22, 633], [-26, -633]]
[[1, 0], [220, 633], [-224, -633]]
[[1, 0], [221, 422], [-445, -844]]
[[1, 0], [221, 844], [-223, -844]]
[[1, 0], [223, 422], [-449, -844]]
[[1, 0], [223, 633], [-227, -633]]
[[1, 0], [223, 844], [-225, -844]]
[[1, 0], [225, 422], [-453, -844]]
[[1, 0], [225, 844], [-227, -844]]
[[1, 0], [226, 633], [-230, -633]]
[[1, 0], [227, 422], [-457, -844]]
[[1, 0], [227, 844], [-229, -844]]
[[1, 0], [229, 422], [-461, -844]]
[[1, 0], [229, 633], [-233, -633]]
[[1, 0], [229, 844], [-231, -844]]
[[1, 0], [23, 211], [-27, -211]]
[[1, 0], [23, 211], [-77, -633]]
[[1, 0], [23, 211], [-97, -844]]
[[1, 0], [23, 422], [-49, -844]]
[[1, 0], [23, 844], [-25, -844]]
[[1, 0], [231, 422], [-465, -844]]
[[1, 0], [231, 844], [-233, -844]]
[[1, 0], [232, 633], [-236, -633]]
[[1, 0], [233, 422], [-469, -844]]
[[1, 0], [233, 844], [-235, -844]]
[[1, 0], [235, 422], [-473, -844]]
[[1, 0], [235, 633], [-239, -633]]
[[1, 0], [235, 844], [-237, -844]]
[[1, 0], [237, 422], [-477, -844]]
[[1, 0], [237, 844], [-239, -844]]
[[1, 0], [238, 633], [-242, -633]]
[[1, 0], [239, 422], [-481, -844]]
[[1, 0], [239, 844], [-241, -844]]
[[1, 0], [24, 211], [-101, -844]]
[[1, 0], [24, 211], [-28, -211]]
[[1, 0], [24, 211], [-80, -633]]
[[1, 0], [241, 422], [-485, -844]]
[[1, 0], [241, 633], [-245, -633]]
[[1, 0], [241, 844], [-243, -844]]
[[1, 0], [243, 422], [-489, -844]]
[[1, 0], [243, 844], [-245, -844]]
[[1, 0], [244, 633], [-248, -633]]
[[1, 0], [245, 422], [-493, -844]]
[[1, 0], [245, 844], [-247, -844]]
[[1, 0], [247, 422], [-497, -844]]
[[1, 0], [247, 633], [-251, -633]]
[[1, 0], [247, 844], [-249, -844]]
[[1, 0], [249, 422], [-501, -844]]
[[1, 0], [249, 844], [-251, -844]]
[[1, 0], [25, 211], [-105, -844]]
[[1, 0], [25, 211], [-29, -211]]
[[1, 0], [25, 211], [-83, -633]]
[[1, 0], [25, 422], [-53, -844]]
[[1, 0], [25, 48], [-143, -72]]
[[1, 0], [25, 48], [-647, -432]]
[[1, 0], [25, 633], [-29, -633]]
[[1, 0], [25, 844], [-27, -844]]
[[1, 0], [250, 633], [-254, -633]]
[[1, 0], [251, 422], [-505, -844]]
[[1, 0], [251, 844], [-253, -844]]
[[1, 0], [253, 422], [-509, -844]]
[[1, 0], [253, 633], [-257, -633]]
[[1, 0], [253, 844], [-255, -844]]
[[1, 0], [255, 422], [-513, -844]]
[[1, 0], [255, 844], [-257, -844]]
[[1, 0], [256, 633], [-260, -633]]
[[1, 0], [257, 422], [-517, -844]]
[[1, 0], [257, 844], [-259, -844]]
[[1, 0], [259, 422], [-521, -844]]
[[1, 0], [259, 633], [-263, -633]]
[[1, 0], [259, 844], [-261, -844]]
[[1, 0], [26, 211], [-109, -844]]
[[1, 0], [26, 211], [-30, -211]]
[[1, 0], [26, 211], [-86, -633]]
[[1, 0], [261, 422], [-525, -844]]
[[1, 0], [261, 844], [-263, -844]]
[[1, 0], [262, 633], [-266, -633]]
[[1, 0], [263, 422], [-529, -844]]
[[1, 0], [263, 844], [-265, -844]]
[[1, 0], [265, 422], [-533, -844]]
[[1, 0], [265, 633], [-269, -633]]
[[1, 0], [265, 844], [-267, -844]]
[[1, 0], [267, 422], [-537, -844]]
[[1, 0], [267, 844], [-269, -844]]
[[1, 0], [268, 633], [-272, -633]]
[[1, 0], [269, 422], [-541, -844]]
[[1, 0], [269, 844], [-271, -844]]
[[1, 0], [27, 211], [-113, -844]]
[[1, 0], [27, 211], [-31, -211]]
[[1, 0], [27, 211], [-89, -633]]
[[1, 0], [27, 422], [-57, -844]]
[[1, 0], [27, 844], [-29, -844]]
[[1, 0], [271, 422], [-545, -844]]
[[1, 0], [271, 633], [-275, -633]]
[[1, 0], [271, 844], [-273, -844]]
[[1, 0], [273, 422], [-549, -844]]
[[1, 0], [273, 844], [-275, -844]]
[[1, 0], [274, 633], [-278, -633]]
[[1, 0], [275, 422], [-553, -844]]
[[1, 0], [275, 844], [-277, -844]]
[[1, 0], [277, 422], [-557, -844]]
[[1, 0], [277, 633], [-281, -633]]
[[1, 0], [277, 844], [-279, -844]]
[[1, 0], [279, 422], [-561, -844]]
[[1, 0], [279, 844], [-281, -844]]
[[1, 0], [28, 211], [-117, -844]]
[[1, 0], [28, 211], [-32, -211]]
[[1, 0], [28, 211], [-92, -633]]
[[1, 0], [28, 633], [-32, -633]]
[[1, 0], [280, 633], [-284, -633]]
[[1, 0], [281, 422], [-565, -844]]
[[1, 0], [281, 844], [-283, -844]]
[[1, 0], [283, 422], [-569, -844]]
[[1, 0], [283, 633], [-287, -633]]
[[1, 0], [283, 844], [-285, -844]]
[[1, 0], [285, 422], [-573, -844]]
[[1, 0], [285, 844], [-287, -844]]
[[1, 0], [286, 633], [-290, -633]]
[[1, 0], [287, 422], [-577, -844]]
[[1, 0], [287, 844], [-289, -844]]
[[1, 0], [289, 422], [-581, -844]]
[[1, 0], [289, 633], [-293, -633]]
[[1, 0], [289, 844], [-291, -844]]
[[1, 0], [29, 211], [-121, -844]]
[[1, 0], [29, 211], [-33, -211]]
[[1, 0], [29, 211], [-95, -633]]
[[1, 0], [29, 422], [-61, -844]]
[[1, 0], [29, 844], [-31, -844]]
[[1, 0], [291, 422], [-585, -844]]
[[1, 0], [291, 844], [-293, -844]]
[[1, 0], [292, 633], [-296, -633]]
[[1, 0], [293, 422], [-589, -844]]
[[1, 0], [293, 844], [-295, -844]]
[[1, 0], [295, 422], [-593, -844]]
[[1, 0], [295, 633], [-299, -633]]
[[1, 0], [295, 844], [-297, -844]]
[[1, 0], [297, 422], [-597, -844]]
[[1, 0], [297, 844], [-299, -844]]
[[1, 0], [298, 633], [-302, -633]]
[[1, 0], [299, 422], [-601, -844]]
[[1, 0], [299, 844], [-301, -844]]
[[1, 0], [3, 211], [-17, -633]]
[[1, 0], [3, 211], [-17, -844]]
[[1, 0], [3, 211], [-7, -211]]
[[1, 0], [3, 422], [-9, -844]]
[[1, 0], [3, 4], [-11553, -212]]
[[1, 0], [3, 4], [-2032, -107]]
[[1, 0], [3, 4], [-212, -211]]
[[1, 0], [3, 4], [-223, -16]]
[[1, 0], [3, 4], [-22895, -424]]
[[1, 0], [3, 4], [-2483, -216]]
[[1, 0], [3, 4], [-423, -422]]
[[1, 0], [3, 4], [-425, -4]]
[[1, 0], [3, 4], [-449, -36]]
[[1, 0], [3, 4], [-507, -254]]
[[1, 0], [3, 4], [-639, -8]]
[[1, 0], [3, 4], [-7917, -428]]
[[1, 0], [3, 4], [-845, -564]]
[[1, 0], [3, 4], [-845, -844]]
[[1, 0], [3, 4], [-85, -43]]
[[1, 0], [3, 844], [-5, -844]]
[[1, 0], [30, 211], [-125, -844]]
[[1, 0], [30, 211], [-34, -211]]
[[1, 0], [30, 211], [-98, -633]]
[[1, 0], [301, 422], [-605, -844]]
[[1, 0], [301, 633], [-305, -633]]
[[1, 0], [301, 844], [-303, -844]]
[[1, 0], [303, 422], [-609, -844]]
[[1, 0], [303, 844], [-305, -844]]
[[1, 0], [304, 633], [-308, -633]]
[[1, 0], [305, 422], [-613, -844]]
[[1, 0], [305, 844], [-307, -844]]
[[1, 0], [307, 422], [-617, -844]]
[[1, 0], [307, 633], [-311, -633]]
[[1, 0], [307, 844], [-309, -844]]
[[1, 0], [309, 422], [-621, -844]]
[[1, 0], [309, 844], [-311, -844]]
[[1, 0], [31, 211], [-101, -633]]
[[1, 0], [31, 211], [-129, -844]]
[[1, 0], [31, 211], [-35, -211]]
[[1, 0], [31, 422], [-65, -844]]
[[1, 0], [31, 633], [-35, -633]]
[[1, 0], [31, 844], [-33, -844]]
[[1, 0], [310, 633], [-314, -633]]
[[1, 0], [311, 422], [-625, -844]]
[[1, 0], [311, 844], [-313, -844]]
[[1, 0], [313, 422], [-629, -844]]
[[1, 0], [313, 633], [-317, -633]]
[[1, 0], [313, 844], [-315, -844]]
[[1, 0], [315, 844], [-317, -844]]
[[1, 0], [317, 422], [-637, -844]]
[[1, 0], [317, 844], [-319, -844]]
[[1, 0], [319, 422], [-641, -844]]
[[1, 0], [319, 844], [-321, -844]]
[[1, 0], [32, 211], [-104, -633]]
[[1, 0], [32, 211], [-133, -844]]
[[1, 0], [32, 211], [-36, -211]]
[[1, 0], [321, 422], [-645, -844]]
[[1, 0], [321, 844], [-323, -844]]
[[1, 0], [323, 422], [-649, -844]]
[[1, 0], [323, 844], [-325, -844]]
[[1, 0], [325, 422], [-653, -844]]
[[1, 0], [325, 844], [-327, -844]]
[[1, 0], [327, 422], [-657, -844]]
[[1, 0], [327, 844], [-329, -844]]
[[1, 0], [329, 422], [-661, -844]]
[[1, 0], [329, 844], [-331, -844]]
[[1, 0], [33, 211], [-107, -633]]
[[1, 0], [33, 211], [-137, -844]]
[[1, 0], [33, 211], [-37, -211]]
[[1, 0], [33, 422], [-69, -844]]
[[1, 0], [33, 844], [-35, -844]]
[[1, 0], [331, 422], [-665, -844]]
[[1, 0], [331, 844], [-333, -844]]
[[1, 0], [333, 422], [-669, -844]]
[[1, 0], [333, 844], [-335, -844]]
[[1, 0], [335, 422], [-673, -844]]
[[1, 0], [335, 844], [-337, -844]]
[[1, 0], [337, 422], [-677, -844]]
[[1, 0], [337, 844], [-339, -844]]
[[1, 0], [339, 422], [-681, -844]]
[[1, 0], [339, 844], [-341, -844]]
[[1, 0], [34, 211], [-110, -633]]
[[1, 0], [34, 211], [-141, -844]]
[[1, 0], [34, 211], [-38, -211]]
[[1, 0], [34, 633], [-38, -633]]
[[1, 0], [341, 422], [-685, -844]]
[[1, 0], [341, 844], [-343, -844]]
[[1, 0], [343, 422], [-689, -844]]
[[1, 0], [343, 844], [-345, -844]]
[[1, 0], [345, 422], [-693, -844]]
[[1, 0], [345, 844], [-347, -844]]
[[1, 0], [347, 422], [-697, -844]]
[[1, 0], [347, 844], [-349, -844]]
[[1, 0], [349, 422], [-701, -844]]
[[1, 0], [349, 844], [-351, -844]]
[[1, 0], [35, 211], [-113, -633]]
[[1, 0], [35, 211], [-145, -844]]
[[1, 0], [35, 211], [-39, -211]]
[[1, 0], [35, 422], [-73, -844]]
[[1, 0], [35, 844], [-37, -844]]
[[1, 0], [351, 422], [-705, -844]]
[[1, 0], [351, 844], [-353, -844]]
[[1, 0], [353, 422], [-709, -844]]
[[1, 0], [353, 844], [-355, -844]]
[[1, 0], [355, 422], [-713, -844]]
[[1, 0], [355, 844], [-357, -844]]
[[1, 0], [357, 422], [-717, -844]]
[[1, 0], [357, 844], [-359, -844]]
[[1, 0], [359, 422], [-721, -844]]
[[1, 0], [359, 844], [-361, -844]]
[[1, 0], [36, 211], [-116, -633]]
[[1, 0], [36, 211], [-149, -844]]
[[1, 0], [36, 211], [-40, -211]]
[[1, 0], [361, 422], [-725, -844]]
[[1, 0], [361, 844], [-363, -844]]
[[1, 0], [363, 422], [-729, -844]]
[[1, 0], [363, 844], [-365, -844]]
[[1, 0], [365, 422], [-733, -844]]
[[1, 0], [365, 844], [-367, -844]]
[[1, 0], [367, 422], [-737, -844]]
[[1, 0], [367, 844], [-369, -844]]
[[1, 0], [369, 422], [-741, -844]]
[[1, 0], [369, 844], [-371, -844]]
[[1, 0], [37, 211], [-119, -633]]
[[1, 0], [37, 211], [-153, -844]]
[[1, 0], [37, 211], [-41, -211]]
[[1, 0], [37, 422], [-77, -844]]
[[1, 0], [37, 633], [-41, -633]]
[[1, 0], [37, 72], [-161, -108]]
[[1, 0], [37, 844], [-39, -844]]
[[1, 0], [371, 422], [-745, -844]]
[[1, 0], [371, 844], [-373, -844]]
[[1, 0], [373, 422], [-749, -844]]
[[1, 0], [373, 844], [-375, -844]]
[[1, 0], [375, 422], [-753, -844]]
[[1, 0], [375, 844], [-377, -844]]
[[1, 0], [377, 422], [-757, -844]]
[[1, 0], [377, 844], [-379, -844]]
[[1, 0], [379, 422], [-761, -844]]
[[1, 0], [379, 844], [-381, -844]]
[[1, 0], [38, 211], [-122, -633]]
[[1, 0], [38, 211], [-157, -844]]
[[1, 0], [38, 211], [-42, -211]]
[[1, 0], [381, 422], [-765, -844]]
[[1, 0], [381, 844], [-383, -844]]
[[1, 0], [383, 422], [-769, -844]]
[[1, 0], [383, 844], [-385, -844]]
[[1, 0], [385, 422], [-773, -844]]
[[1, 0], [385, 844], [-387, -844]]
[[1, 0], [387, 422], [-777, -844]]
[[1, 0], [387, 844], [-389, -844]]
[[1, 0], [389, 422], [-781, -844]]
[[1, 0], [389, 844], [-391, -844]]
[[1, 0], [39, 211], [-125, -633]]
[[1, 0], [39, 211], [-161, -844]]
[[1, 0], [39, 211], [-43, -211]]
[[1, 0], [39, 422], [-81, -844]]
[[1, 0], [39, 844], [-41, -844]]
[[1, 0], [391, 422], [-785, -844]]
[[1, 0], [391, 844], [-393, -844]]
[[1, 0], [393, 422], [-789, -844]]
[[1, 0], [393, 844], [-395, -844]]
[[1, 0], [395, 422], [-793, -844]]
[[1, 0], [395, 844], [-397, -844]]
[[1, 0], [397, 422], [-797, -844]]
[[1, 0], [397, 844], [-399, -844]]
[[1, 0], [399, 422], [-801, -844]]
[[1, 0], [399, 844], [-401, -844]]
[[1, 0], [4, 211], [-20, -633]]
[[1, 0], [4, 211], [-21, -844]]
[[1, 0], [4, 211], [-8, -211]]
[[1, 0], [4, 633], [-8, -633]]
[[1, 0], [40, 211], [-128, -633]]
[[1, 0], [40, 211], [-165, -844]]
[[1, 0], [40, 211], [-44, -211]]
[[1, 0], [40, 633], [-44, -633]]
[[1, 0], [401, 422], [-805, -844]]
[[1, 0], [401, 844], [-403, -844]]
[[1, 0], [403, 422], [-809, -844]]
[[1, 0], [403, 844], [-405, -844]]
[[1, 0], [405, 422], [-813, -844]]
[[1, 0], [405, 844], [-407, -844]]
[[1, 0], [407, 422], [-817, -844]]
[[1, 0], [407, 844], [-409, -844]]
[[1, 0], [409, 422], [-821, -844]]
[[1, 0], [409, 844], [-411, -844]]
[[1, 0], [41, 211], [-131, -633]]
[[1, 0], [41, 211], [-169, -844]]
[[1, 0], [41, 211], [-45, -211]]
[[1, 0], [41, 422], [-85, -844]]
[[1, 0], [41, 844], [-43, -844]]
[[1, 0], [411, 422], [-825, -844]]
[[1, 0], [411, 844], [-413, -844]]
[[1, 0], [413, 422], [-829, -844]]
[[1, 0], [413, 844], [-415, -844]]
[[1, 0], [415, 422], [-833, -844]]
[[1, 0], [415, 844], [-417, -844]]
[[1, 0], [417, 422], [-837, -844]]
[[1, 0], [417, 844], [-419, -844]]
[[1, 0], [419, 422], [-841, -844]]
[[1, 0], [419, 844], [-421, -844]]
[[1, 0], [42, 211], [-134, -633]]
[[1, 0], [42, 211], [-173, -844]]
[[1, 0], [42, 211], [-46, -211]]
[[1, 0], [421, 422], [-845, -844]]
[[1, 0], [421, 844], [-423, -844]]
[[1, 0], [43, 211], [-137, -633]]
[[1, 0], [43, 211], [-177, -844]]
[[1, 0], [43, 211], [-47, -211]]
[[1, 0], [43, 422], [-89, -844]]
[[1, 0], [43, 633], [-47, -633]]
[[1, 0], [43, 844], [-45, -844]]
[[1, 0], [44, 211], [-140, -633]]
[[1, 0], [44, 211], [-181, -844]]
[[1, 0], [44, 211], [-48, -211]]
[[1, 0], [45, 211], [-143, -633]]
[[1, 0], [45, 211], [-185, -844]]
[[1, 0], [45, 211], [-49, -211]]
[[1, 0], [45, 422], [-93, -844]]
[[1, 0], [45, 844], [-47, -844]]
[[1, 0], [45, 88], [-109, -110]]
[[1, 0], [46, 211], [-146, -633]]
[[1, 0], [46, 211], [-189, -844]]
[[1, 0], [46, 211], [-50, -211]]
[[1, 0], [46, 633], [-50, -633]]
[[1, 0], [47, 211], [-149, -633]]
[[1, 0], [47, 211], [-193, -844]]
[[1, 0], [47, 211], [-51, -211]]
[[1, 0], [47, 422], [-97, -844]]
[[1, 0], [47, 844], [-49, -844]]
[[1, 0], [48, 211], [-152, -633]]
[[1, 0], [48, 211], [-197, -844]]
[[1, 0], [48, 211], [-52, -211]]
[[1, 0], [49, 211], [-155, -633]]
[[1, 0], [49, 211], [-201, -844]]
[[1, 0], [49, 211], [-53, -211]]
[[1, 0], [49, 422], [-101, -844]]
[[1, 0], [49, 633], [-53, -633]]
[[1, 0], [49, 844], [-51, -844]]
[[1, 0], [5, 211], [-23, -633]]
[[1, 0], [5, 211], [-25, -844]]
[[1, 0], [5, 211], [-9, -211]]
[[1, 0], [5, 422], [-13, -844]]
[[1, 0], [5, 8], [-113, -12]]
[[1, 0], [5, 8], [-11659, -424]]
[[1, 0], [5, 8], [-1642, -53]]
[[1, 0], [5, 8], [-219, -55]]
[[1, 0], [5, 8], [-2591, -432]]
[[1, 0], [5, 8], [-283, -284]]
[[1, 0], [5, 8], [-3073, -106]]
[[1, 0], [5, 8], [-427, -8]]
[[1, 0], [5, 8], [-467, -72]]
[[1, 0], [5, 8], [-59, -10]]
[[1, 0], [5, 8], [-5935, -212]]
[[1, 0], [5, 8], [-72, -73]]
[[1, 0], [50, 211], [-158, -633]]
[[1, 0], [50, 211], [-205, -844]]
[[1, 0], [50, 211], [-54, -211]]
[[1, 0], [51, 211], [-161, -633]]
[[1, 0], [51, 211], [-209, -844]]
[[1, 0], [51, 211], [-55, -211]]
[[1, 0], [51, 422], [-105, -844]]
[[1, 0], [51, 844], [-53, -844]]
[[1, 0], [52, 211], [-164, -633]]
[[1, 0], [52, 211], [-213, -844]]
[[1, 0], [52, 211], [-56, -211]]
[[1, 0], [52, 633], [-56, -633]]
[[1, 0], [53, 211], [-167, -633]]
[[1, 0], [53, 211], [-217, -844]]
[[1, 0], [53, 211], [-57, -211]]
[[1, 0], [53, 422], [-109, -844]]
[[1, 0], [53, 844], [-55, -844]]
[[1, 0], [54, 211], [-170, -633]]
[[1, 0], [54, 211], [-221, -844]]
[[1, 0], [54, 211], [-58, -211]]
[[1, 0], [55, 108], [-431, -432]]
[[1, 0], [55, 211], [-173, -633]]
[[1, 0], [55, 211], [-225, -844]]
[[1, 0], [55, 211], [-59, -211]]
[[1, 0], [55, 422], [-113, -844]]
[[1, 0], [55, 633], [-59, -633]]
[[1, 0], [55, 844], [-57, -844]]
[[1, 0], [56, 211], [-176, -633]]
[[1, 0], [56, 211], [-229, -844]]
[[1, 0], [56, 211], [-60, -211]]
[[1, 0], [57, 211], [-179, -633]]
[[1, 0], [57, 211], [-233, -844]]
[[1, 0], [57, 211], [-61, -211]]
[[1, 0], [57, 422], [-117, -844]]
[[1, 0], [57, 844], [-59, -844]]
[[1, 0], [58, 211], [-182, -633]]
[[1, 0], [58, 211], [-237, -844]]
[[1, 0], [58, 211], [-62, -211]]
[[1, 0], [58, 633], [-62, -633]]
[[1, 0], [59, 211], [-185, -633]]
[[1, 0], [59, 211], [-241, -844]]
[[1, 0], [59, 211], [-63, -211]]
[[1, 0], [59, 422], [-121, -844]]
[[1, 0], [59, 844], [-61, -844]]
[[1, 0], [6, 211], [-10, -211]]
[[1, 0], [6, 211], [-26, -633]]
[[1, 0], [6, 211], [-29, -844]]
[[1, 0], [60, 211], [-188, -633]]
[[1, 0], [60, 211], [-245, -844]]
[[1, 0], [60, 211], [-64, -211]]
[[1, 0], [61, 211], [-191, -633]]
[[1, 0], [61, 211], [-249, -844]]
[[1, 0], [61, 211], [-65, -211]]
[[1, 0], [61, 422], [-125, -844]]
[[1, 0], [61, 633], [-65, -633]]
[[1, 0], [61, 844], [-63, -844]]
[[1, 0], [62, 211], [-194, -633]]
[[1, 0], [62, 211], [-253, -844]]
[[1, 0], [62, 211], [-66, -211]]
[[1, 0], [622, 633], [-626, -633]]
[[1, 0], [63, 211], [-197, -633]]
[[1, 0], [63, 211], [-257, -844]]
[[1, 0], [63, 211], [-67, -211]]
[[1, 0], [63, 422], [-129, -844]]
[[1, 0], [63, 844], [-65, -844]]
[[1, 0], [631, 633], [-635, -633]]
[[1, 0], [64, 211], [-200, -633]]
[[1, 0], [64, 211], [-261, -844]]
[[1, 0], [64, 211], [-68, -211]]
[[1, 0], [64, 633], [-68, -633]]
[[1, 0], [65, 211], [-203, -633]]
[[1, 0], [65, 211], [-265, -844]]
[[1, 0], [65, 211], [-69, -211]]
[[1, 0], [65, 422], [-133, -844]]
[[1, 0], [65, 844], [-67, -844]]
[[1, 0], [66, 211], [-206, -633]]
[[1, 0], [66, 211], [-269, -844]]
[[1, 0], [66, 211], [-70, -211]]
[[1, 0], [67, 211], [-209, -633]]
[[1, 0], [67, 211], [-273, -844]]
[[1, 0], [67, 211], [-71, -211]]
[[1, 0], [67, 422], [-137, -844]]
[[1, 0], [67, 633], [-71, -633]]
[[1, 0], [67, 844], [-69, -844]]
[[1, 0], [68, 211], [-212, -633]]
[[1, 0], [68, 211], [-277, -844]]
[[1, 0], [68, 211], [-72, -211]]
[[1, 0], [69, 211], [-215, -633]]
[[1, 0], [69, 211], [-281, -844]]
[[1, 0], [69, 211], [-73, -211]]
[[1, 0], [69, 422], [-141, -844]]
[[1, 0], [69, 844], [-71, -844]]
[[1, 0], [7, 12], [-128, -129]]
[[1, 0], [7, 12], [-239, -48]]
[[1, 0], [7, 12], [-485, -108]]
[[1, 0], [7, 211], [-29, -633]]
[[1, 0], [7, 211], [-33, -844]]
[[1, 0], [7, 422], [-17, -844]]
[[1, 0], [7, 844], [-9, -844]]
[[1, 0], [70, 211], [-218, -633]]
[[1, 0], [70, 211], [-285, -844]]
[[1, 0], [70, 211], [-74, -211]]
[[1, 0], [70, 633], [-74, -633]]
[[1, 0], [71, 211], [-221, -633]]
[[1, 0], [71, 211], [-289, -844]]
[[1, 0], [71, 211], [-75, -211]]
[[1, 0], [71, 422], [-145, -844]]
[[1, 0], [71, 844], [-73, -844]]
[[1, 0], [72, 211], [-224, -633]]
[[1, 0], [72, 211], [-293, -844]]
[[1, 0], [72, 211], [-76, -211]]
[[1, 0], [73, 144], [-215, -216]]
[[1, 0], [73, 211], [-227, -633]]
[[1, 0], [73, 211], [-297, -844]]
[[1, 0], [73, 211], [-77, -211]]
[[1, 0], [73, 422], [-149, -844]]
[[1, 0], [73, 633], [-77, -633]]
[[1, 0], [73, 844], [-75, -844]]
[[1, 0], [74, 211], [-230, -633]]
[[1, 0], [74, 211], [-301, -844]]
[[1, 0], [74, 211], [-78, -211]]
[[1, 0], [75, 211], [-233, -633]]
[[1, 0], [75, 211], [-305, -844]]
[[1, 0], [75, 211], [-79, -211]]
[[1, 0], [75, 422], [-153, -844]]
[[1, 0], [75, 844], [-77, -844]]
[[1, 0], [76, 211], [-236, -633]]
[[1, 0], [76, 211], [-309, -844]]
[[1, 0], [76, 211], [-80, -211]]
[[1, 0], [76, 633], [-80, -633]]
[[1, 0], [77, 211], [-239, -633]]
[[1, 0], [77, 211], [-313, -844]]
[[1, 0], [77, 211], [-81, -211]]
[[1, 0], [77, 422], [-157, -844]]
[[1, 0], [77, 844], [-79, -844]]
[[1, 0], [78, 211], [-242, -633]]
[[1, 0], [78, 211], [-317, -844]]
[[1, 0], [78, 211], [-82, -211]]
[[1, 0], [79, 211], [-245, -633]]
[[1, 0], [79, 211], [-321, -844]]
[[1, 0], [79, 211], [-83, -211]]
[[1, 0], [79, 422], [-161, -844]]
[[1, 0], [79, 633], [-83, -633]]
[[1, 0], [79, 844], [-81, -844]]
[[1, 0], [8, 211], [-12, -211]]
[[1, 0], [8, 211], [-32, -633]]
[[1, 0], [8, 211], [-37, -844]]
[[1, 0], [80, 211], [-248, -633]]
[[1, 0], [80, 211], [-325, -844]]
[[1, 0], [80, 211], [-84, -211]]
[[1, 0], [81, 211], [-251, -633]]
[[1, 0], [81, 211], [-329, -844]]
[[1, 0], [81, 211], [-85, -211]]
[[1, 0], [81, 422], [-165, -844]]
[[1, 0], [81, 844], [-83, -844]]
[[1, 0], [82, 211], [-254, -633]]
[[1, 0], [82, 211], [-333, -844]]
[[1, 0], [82, 211], [-86, -211]]
[[1, 0], [82, 633], [-86, -633]]
[[1, 0], [83, 211], [-257, -633]]
[[1, 0], [83, 211], [-337, -844]]
[[1, 0], [83, 211], [-87, -211]]
[[1, 0], [83, 422], [-169, -844]]
[[1, 0], [83, 844], [-85, -844]]
[[1, 0], [837, 844], [-839, -844]]
[[1, 0], [84, 211], [-260, -633]]
[[1, 0], [84, 211], [-341, -844]]
[[1, 0], [84, 211], [-88, -211]]
[[1, 0], [843, 844], [-845, -844]]
[[1, 0], [85, 211], [-263, -633]]
[[1, 0], [85, 211], [-345, -844]]
[[1, 0], [85, 211], [-89, -211]]
[[1, 0], [85, 422], [-173, -844]]
[[1, 0], [85, 633], [-89, -633]]
[[1, 0], [85, 844], [-87, -844]]
[[1, 0], [86, 211], [-266, -633]]
[[1, 0], [86, 211], [-349, -844]]
[[1, 0], [86, 211], [-90, -211]]
[[1, 0], [87, 211], [-269, -633]]
[[1, 0], [87, 211], [-353, -844]]
[[1, 0], [87, 211], [-91, -211]]
[[1, 0], [87, 422], [-177, -844]]
[[1, 0], [87, 844], [-89, -844]]
[[1, 0], [88, 211], [-272, -633]]
[[1, 0], [88, 211], [-357, -844]]
[[1, 0], [88, 211], [-92, -211]]
[[1, 0], [88, 633], [-92, -633]]
[[1, 0], [89, 211], [-275, -633]]
[[1, 0], [89, 211], [-361, -844]]
[[1, 0], [89, 211], [-93, -211]]
[[1, 0], [89, 422], [-181, -844]]
[[1, 0], [89, 844], [-91, -844]]
[[1, 0], [9, 16], [-119, -24]]
[[1, 0], [9, 16], [-215, -54]]
[[1, 0], [9, 16], [-503, -144]]
[[1, 0], [9, 211], [-13, -211]]
[[1, 0], [9, 211], [-35, -633]]
[[1, 0], [9, 211], [-41, -844]]
[[1, 0], [9, 422], [-21, -844]]
[[1, 0], [9, 844], [-11, -844]]
[[1, 0], [90, 211], [-278, -633]]
[[1, 0], [90, 211], [-365, -844]]
[[1, 0], [90, 211], [-94, -211]]
[[1, 0], [91, 211], [-281, -633]]
[[1, 0], [91, 211], [-369, -844]]
[[1, 0], [91, 211], [-95, -211]]
[[1, 0], [91, 422], [-185, -844]]
[[1, 0], [91, 633], [-95, -633]]
[[1, 0], [91, 844], [-93, -844]]
[[1, 0], [92, 211], [-284, -633]]
[[1, 0], [92, 211], [-373, -844]]
[[1, 0], [92, 211], [-96, -211]]
[[1, 0], [93, 211], [-287, -633]]
[[1, 0], [93, 211], [-377, -844]]
[[1, 0], [93, 211], [-97, -211]]
[[1, 0], [93, 422], [-189, -844]]
[[1, 0], [93, 844], [-95, -844]]
[[1, 0], [94, 211], [-290, -633]]
[[1, 0], [94, 211], [-381, -844]]
[[1, 0], [94, 211], [-98, -211]]
[[1, 0], [94, 633], [-98, -633]]
[[1, 0], [95, 211], [-293, -633]]
[[1, 0], [95, 211], [-385, -844]]
[[1, 0], [95, 211], [-99, -211]]
[[1, 0], [95, 422], [-193, -844]]
[[1, 0], [95, 844], [-97, -844]]
[[1, 0], [96, 211], [-100, -211]]
[[1, 0], [96, 211], [-296, -633]]
[[1, 0], [96, 211], [-389, -844]]
[[1, 0], [97, 211], [-101, -211]]
[[1, 0], [97, 211], [-299, -633]]
[[1, 0], [97, 211], [-393, -844]]
[[1, 0], [97, 422], [-197, -844]]
[[1, 0], [97, 633], [-101, -633]]
[[1, 0], [97, 844], [-99, -844]]
[[1, 0], [98, 211], [-102, -211]]
[[1, 0], [98, 211], [-302, -633]]
[[1, 0], [98, 211], [-397, -844]]
[[1, 0], [99, 211], [-103, -211]]
[[1, 0], [99, 211], [-305, -633]]
[[1, 0], [99, 211], [-401, -844]]
[[1, 0], [99, 422], [-201, -844]]
[[1, 0], [99, 844], [-101, -844]]
