[[1, 0], [0, 1], [-100, -29]]
[[1, 0], [0, 1], [-116, -45]]
[[1, 0], [0, 1], [-116, -5]]
[[1, 0], [0, 1], [-116, -65]]
[[1, 0], [0, 1], [-1160, -27]]
[[1, 0], [0, 1], [-1160, -387]]
[[1, 0], [0, 1], [-1160, -3]]
[[1, 0], [0, 1], [-1160, -43]]
[[1, 0], [0, 1], [-1260, -377]]
[[1, 0], [0, 1], [-14355, -296]]
[[1, 0], [0, 1], [-17168, -295]]
[[1, 0], [0, 1], [-1745, -348]]
[[1, 0], [0, 1], [-28420, -293]]
[[1, 0], [0, 1], [-28420, -97]]
[[1, 0], [0, 1], [-292, -145]]
[[1, 0], [0, 1], [-2929, -100]]
[[1, 0], [0, 1], [-300, -29]]
[[1, 0], [0, 1], [-3103, -320]]
[[1, 0], [0, 1], [-3200, -319]]
[[1, 0], [0, 1], [-348, -5]]
[[1, 0], [0, 1], [-42485, -292]]
[[1, 0], [0, 1], [-435, -8]]
[[1, 0], [0, 1], [-580, -1]]
[[1, 0], [0, 1], [-581, -580]]
[[1, 0], [0, 1], [-585, -116]]
[[1, 0], [0, 1], [-5916, -305]]
[[1, 0], [0, 1], [-725, -44]]
[[1, 0], [0, 1], [-725, -484]]
[[1, 0], [0, 1], [-725, -4]]
[[1, 0], [0, 1], [-775, -464]]
[[1, 0], [0, 1], [-84680, -291]]
[[1, 0], [0, 1], [-87, -80]]
[[1, 0], [0, 1], [-872, -435]]
[[1, 0], [0, 1], [-8729, -300]]
[[1, 0], [1, 100], [-119, -300]]
[[1, 0], [1, 100], [-59, -100]]
[[1, 0], [1, 10], [-117, -580]]
[[1, 0], [1, 10], [-131, -440]]
[[1, 0], [1, 10], [-209, -350]]
[[1, 0], [1, 10], [-237, -340]]
[[1, 0], [1, 10], [-329, -100]]
[[1, 0], [1, 10], [-351, -320]]
[[1, 0], [1, 10], [-929, -300]]
[[1, 0], [1, 116], [-11, -116]]
[[1, 0], [1, 116], [-11, -580]]
[[1, 0], [1, 116], [-23, -348]]
[[1, 0], [1, 11], [-1187, -297]]
[[1, 0], [1, 11], [-329, -319]]
[[1, 0], [1, 11], [-39, -29]]
[[1, 0], [1, 12], [-179, -348]]
[[1, 0], [1, 12], [-279, -100]]
[[1, 0], [1, 12], [-63, -116]]
[[1, 0], [1, 12], [-779, -300]]
[[1, 0], [1, 13], [-129, -377]]
[[1, 0], [1, 13], [-13, -29]]
[[1, 0], [1, 13], [-91, -23]]
[[1, 0], [1, 145], [-11, -435]]
[[1, 0], [1, 145], [-9, -580]]
[[1, 0], [1, 146], [-437, -292]]
[[1, 0], [1, 148], [-147, -296]]
[[1, 0], [1, 14], [-17, -58]]
[[1, 0], [1, 14], [-293, -42]]
[[1, 0], [1, 14], [-587, -98]]
[[1, 0], [1, 150], [-89, -300]]
[[1, 0], [1, 15], [-229, -100]]
[[1, 0], [1, 15], [-31, -145]]
[[1, 0], [1, 15], [-41, -35]]
[[1, 0], [1, 15], [-629, -300]]
[[1, 0], [1, 15], [-89, -435]]
[[1, 0], [1, 160], [-31, -320]]
[[1, 0], [1, 16], [-21, -116]]
[[1, 0], [1, 16], [-223, -320]]
[[1, 0], [1, 16], [-227, -152]]
[[1, 0], [1, 16], [-79, -464]]
[[1, 0], [1, 16], [-83, -168]]
[[1, 0], [1, 174], [-17, -348]]
[[1, 0], [1, 174], [-3, -232]]
[[1, 0], [1, 18], [-107, -360]]
[[1, 0], [1, 18], [-23, -174]]
[[1, 0], [1, 20], [-179, -100]]
[[1, 0], [1, 20], [-479, -300]]
[[1, 0], [1, 20], [-59, -580]]
[[1, 0], [1, 21], [-23, -48]]
[[1, 0], [1, 22], [-131, -330]]
[[1, 0], [1, 232], [-7, -464]]
[[1, 0], [1, 23], [-3, -29]]
[[1, 0], [1, 24], [-17, -60]]
[[1, 0], [1, 24], [-9, -100]]
[[1, 0], [1, 25], [-101, -60]]
[[1, 0], [1, 25], [-129, -325]]
[[1, 0], [1, 25], [-149, -100]]
[[1, 0], [1, 25], [-389, -300]]
[[1, 0], [1, 25], [-49, -500]]
[[1, 0], [1, 27], [-197, -99]]
[[1, 0], [1, 28], [-43, -44]]
[[1, 0], [1, 28], [-7, -80]]
[[1, 0], [1, 291], [-581, -291]]
[[1, 0], [1, 292], [-291, -292]]
[[1, 0], [1, 295], [-117, -295]]
[[1, 0], [1, 29], [-131, -319]]
[[1, 0], [1, 29], [-17, -145]]
[[1, 0], [1, 29], [-21, -29]]
[[1, 0], [1, 29], [-41, -580]]
[[1, 0], [1, 29], [-47, -435]]
[[1, 0], [1, 29], [-77, -348]]
[[1, 0], [1, 2], [-1049, -348]]
[[1, 0], [1, 2], [-107, -40]]
[[1, 0], [1, 2], [-10877, -294]]
[[1, 0], [1, 2], [-131, -30]]
[[1, 0], [1, 2], [-1529, -100]]
[[1, 0], [1, 2], [-197, -174]]
[[1, 0], [1, 2], [-21461, -292]]
[[1, 0], [1, 2], [-2417, -310]]
[[1, 0], [1, 2], [-293, -6]]
[[1, 0], [1, 2], [-353, -116]]
[[1, 0], [1, 2], [-437, -4]]
[[1, 0], [1, 2], [-4529, -300]]
[[1, 0], [1, 2], [-461, -110]]
[[1, 0], [1, 2], [-581, -580]]
[[1, 0], [1, 2], [-587, -14]]
[[1, 0], [1, 2], [-653, -436]]
[[1, 0], [1, 2], [-713, -406]]
[[1, 0], [1, 300], [-59, -300]]
[[1, 0], [1, 30], [-11, -40]]
[[1, 0], [1, 30], [-129, -100]]
[[1, 0], [1, 30], [-329, -300]]
[[1, 0], [1, 319], [-21, -319]]
[[1, 0], [1, 32], [-11, -120]]
[[1, 0], [1, 348], [-11, -348]]
[[1, 0], [1, 35], [-41, -420]]
[[1, 0], [1, 37], [-443, -296]]
[[1, 0], [1, 39], [-51, -104]]
[[1, 0], [1, 3], [-1029, -100]]
[[1, 0], [1, 3], [-147, -145]]
[[1, 0], [1, 3], [-153, -140]]
[[1, 0], [1, 3], [-161, -135]]
[[1, 0], [1, 3], [-197, -11]]
[[1, 0], [1, 3], [-237, -116]]
[[1, 0], [1, 3], [-279, -112]]
[[1, 0], [1, 3], [-28517, -291]]
[[1, 0], [1, 3], [-3029, -300]]
[[1, 0], [1, 3], [-437, -435]]
[[1, 0], [1, 3], [-51, -8]]
[[1, 0], [1, 3], [-581, -3]]
[[1, 0], [1, 3], [-701, -348]]
[[1, 0], [1, 3], [-807, -101]]
[[1, 0], [1, 3], [-9699, -97]]
[[1, 0], [1, 40], [-39, -400]]
[[1, 0], [1, 42], [-13, -140]]
[[1, 0], [1, 42], [-587, -294]]
[[1, 0], [1, 45], [-41, -105]]
[[1, 0], [1, 4], [-10803, -292]]
[[1, 0], [1, 4], [-147, -8]]
[[1, 0], [1, 4], [-1671, -304]]
[[1, 0], [1, 4], [-179, -116]]
[[1, 0], [1, 4], [-2279, -300]]
[[1, 0], [1, 4], [-291, -4]]
[[1, 0], [1, 4], [-291, -580]]
[[1, 0], [1, 4], [-299, -500]]
[[1, 0], [1, 4], [-311, -464]]
[[1, 0], [1, 4], [-3699, -296]]
[[1, 0], [1, 4], [-387, -388]]
[[1, 0], [1, 4], [-467, -360]]
[[1, 0], [1, 4], [-527, -348]]
[[1, 0], [1, 4], [-663, -332]]
[[1, 0], [1, 4], [-779, -100]]
[[1, 0], [1, 4], [-863, -320]]
[[1, 0], [1, 50], [-13, -70]]
[[1, 0], [1, 50], [-209, -300]]
[[1, 0], [1, 50], [-89, -100]]
[[1, 0], [1, 580], [-3, -580]]
[[1, 0], [1, 58], [-17, -116]]
[[1, 0], [1, 58], [-21, -580]]
[[1, 0], [1, 58], [-23, -464]]
[[1, 0], [1, 58], [-27, -406]]
[[1, 0], [1, 58], [-41, -348]]
[[1, 0], [1, 59], [-353, -295]]
[[1, 0], [1, 5], [-117, -5]]
[[1, 0], [1, 5], [-1829, -300]]
[[1, 0], [1, 5], [-233, -580]]
[[1, 0], [1, 5], [-263, -435]]
[[1, 0], [1, 5], [-33, -20]]
[[1, 0], [1, 5], [-3539, -295]]
[[1, 0], [1, 5], [-41, -60]]
[[1, 0], [1, 5], [-629, -100]]
[[1, 0], [1, 5], [-89, -145]]
[[1, 0], [1, 60], [-179, -300]]
[[1, 0], [1, 60], [-79, -100]]
[[1, 0], [1, 61], [-121, -305]]
[[1, 0], [1, 64], [-23, -80]]
[[1, 0], [1, 64], [-63, -320]]
[[1, 0], [1, 66], [-21, -110]]
[[1, 0], [1, 6], [-107, -120]]
[[1, 0], [1, 6], [-121, -116]]
[[1, 0], [1, 6], [-1273, -98]]
[[1, 0], [1, 6], [-13, -20]]
[[1, 0], [1, 6], [-1529, -300]]
[[1, 0], [1, 6], [-197, -522]]
[[1, 0], [1, 6], [-21, -10]]
[[1, 0], [1, 6], [-211, -106]]
[[1, 0], [1, 6], [-23, -58]]
[[1, 0], [1, 6], [-259, -104]]
[[1, 0], [1, 6], [-353, -348]]
[[1, 0], [1, 6], [-461, -330]]
[[1, 0], [1, 6], [-529, -100]]
[[1, 0], [1, 6], [-587, -42]]
[[1, 0], [1, 6], [-67, -170]]
[[1, 0], [1, 6], [-73, -148]]
[[1, 0], [1, 72], [-17, -180]]
[[1, 0], [1, 73], [-729, -292]]
[[1, 0], [1, 75], [-149, -300]]
[[1, 0], [1, 75], [-69, -100]]
[[1, 0], [1, 7], [-1203, -301]]
[[1, 0], [1, 7], [-167, -560]]
[[1, 0], [1, 7], [-181, -455]]
[[1, 0], [1, 7], [-23, -16]]
[[1, 0], [1, 7], [-769, -308]]
[[1, 0], [1, 85], [-33, -340]]
[[1, 0], [1, 87], [-13, -116]]
[[1, 0], [1, 87], [-17, -435]]
[[1, 0], [1, 87], [-7, -145]]
[[1, 0], [1, 8], [-17, -20]]
[[1, 0], [1, 8], [-961, -148]]
[[1, 0], [1, 8], [-97, -196]]
[[1, 0], [1, 90], [-11, -120]]
[[1, 0], [1, 97], [-1163, -291]]
[[1, 0], [1, 97], [-581, -97]]
[[1, 0], [1, 98], [-293, -294]]
[[1, 0], [1, 9], [-161, -405]]
[[1, 0], [1, 9], [-197, -33]]
[[1, 0], [1, 9], [-21, -44]]
[[1, 0], [1, 9], [-27, -40]]
[[1, 0], [10, 29], [-182, -435]]
[[1, 0], [10, 29], [-185, -348]]
[[1, 0], [10, 29], [-221, -580]]
[[1, 0], [10, 29], [-230, -319]]
[[1, 0], [10, 29], [-30, -29]]
[[1, 0], [10, 29], [-62, -145]]
[[1, 0], [10, 29], [-65, -116]]
[[1, 0], [10, 87], [-22, -145]]
[[1, 0], [10, 87], [-25, -116]]
[[1, 0], [10, 87], [-62, -435]]
[[1, 0], [10, 87], [-65, -348]]
[[1, 0], [100, 319], [-120, -319]]
[[1, 0], [101, 116], [-323, -348]]
[[1, 0], [101, 116], [-511, -580]]
[[1, 0], [101, 145], [-311, -435]]
[[1, 0], [101, 145], [-409, -580]]
[[1, 0], [101, 232], [-207, -464]]
[[1, 0], [101, 580], [-103, -580]]
[[1, 0], [102, 145], [-314, -435]]
[[1, 0], [102, 145], [-413, -580]]
[[1, 0], [103, 116], [-131, -145]]
[[1, 0], [103, 116], [-167, -174]]
[[1, 0], [103, 116], [-211, -232]]
[[1, 0], [103, 116], [-329, -348]]
[[1, 0], [103, 116], [-521, -580]]
[[1, 0], [103, 145], [-317, -435]]
[[1, 0], [103, 145], [-417, -580]]
[[1, 0], [103, 174], [-139, -232]]
[[1, 0], [103, 174], [-221, -348]]
[[1, 0], [103, 290], [-209, -580]]
[[1, 0], [103, 348], [-113, -348]]
[[1, 0], [103, 435], [-107, -435]]
[[1, 0], [104, 145], [-108, -145]]
[[1, 0], [104, 145], [-421, -580]]
[[1, 0], [105, 116], [-335, -348]]
[[1, 0], [105, 116], [-531, -580]]
[[1, 0], [105, 232], [-215, -464]]
[[1, 0], [106, 145], [-326, -435]]
[[1, 0], [106, 145], [-429, -580]]
[[1, 0], [107, 116], [-117, -116]]
[[1, 0], [107, 116], [-136, -145]]
[[1, 0], [107, 116], [-173, -174]]
[[1, 0], [107, 116], [-219, -232]]
[[1, 0], [107, 116], [-271, -290]]
[[1, 0], [107, 116], [-341, -348]]
[[1, 0], [107, 116], [-541, -580]]
[[1, 0], [107, 145], [-329, -435]]
[[1, 0], [107, 145], [-433, -580]]
[[1, 0], [107, 290], [-217, -580]]
[[1, 0], [107, 580], [-109, -580]]
[[1, 0], [108, 145], [-332, -435]]
[[1, 0], [108, 145], [-437, -580]]
[[1, 0], [109, 116], [-119, -116]]
[[1, 0], [109, 116], [-347, -348]]
[[1, 0], [109, 145], [-113, -145]]
[[1, 0], [109, 145], [-441, -580]]
[[1, 0], [109, 174], [-147, -232]]
[[1, 0], [109, 174], [-233, -348]]
[[1, 0], [109, 232], [-223, -464]]
[[1, 0], [109, 290], [-221, -580]]
[[1, 0], [109, 348], [-119, -348]]
[[1, 0], [109, 435], [-113, -435]]
[[1, 0], [109, 580], [-111, -580]]
[[1, 0], [11, 100], [-149, -300]]
[[1, 0], [11, 100], [-89, -150]]
[[1, 0], [11, 116], [-16, -145]]
[[1, 0], [11, 116], [-21, -116]]
[[1, 0], [11, 116], [-27, -232]]
[[1, 0], [11, 116], [-31, -290]]
[[1, 0], [11, 116], [-53, -348]]
[[1, 0], [11, 116], [-61, -580]]
[[1, 0], [11, 145], [-41, -435]]
[[1, 0], [11, 145], [-49, -580]]
[[1, 0], [11, 20], [-129, -50]]
[[1, 0], [11, 20], [-139, -200]]
[[1, 0], [11, 20], [-179, -75]]
[[1, 0], [11, 20], [-229, -100]]
[[1, 0], [11, 20], [-329, -150]]
[[1, 0], [11, 20], [-349, -580]]
[[1, 0], [11, 20], [-51, -40]]
[[1, 0], [11, 20], [-629, -300]]
[[1, 0], [11, 20], [-79, -25]]
[[1, 0], [11, 20], [-88, -145]]
[[1, 0], [11, 25], [-189, -100]]
[[1, 0], [11, 25], [-249, -500]]
[[1, 0], [11, 25], [-259, -325]]
[[1, 0], [11, 25], [-509, -300]]
[[1, 0], [11, 29], [-197, -348]]
[[1, 0], [11, 29], [-197, -435]]
[[1, 0], [11, 29], [-241, -319]]
[[1, 0], [11, 29], [-241, -580]]
[[1, 0], [11, 29], [-31, -29]]
[[1, 0], [11, 29], [-67, -145]]
[[1, 0], [11, 29], [-69, -116]]
[[1, 0], [11, 50], [-109, -100]]
[[1, 0], [11, 50], [-269, -300]]
[[1, 0], [11, 50], [-27, -70]]
[[1, 0], [11, 50], [-77, -60]]
[[1, 0], [11, 580], [-13, -580]]
[[1, 0], [11, 58], [-101, -348]]
[[1, 0], [11, 58], [-103, -464]]
[[1, 0], [11, 58], [-121, -580]]
[[1, 0], [11, 58], [-37, -116]]
[[1, 0], [11, 58], [-97, -406]]
[[1, 0], [111, 116], [-121, -116]]
[[1, 0], [111, 116], [-141, -145]]
[[1, 0], [111, 116], [-179, -174]]
[[1, 0], [111, 116], [-227, -232]]
[[1, 0], [111, 116], [-281, -290]]
[[1, 0], [111, 116], [-353, -348]]
[[1, 0], [111, 116], [-561, -580]]
[[1, 0], [111, 145], [-341, -435]]
[[1, 0], [111, 145], [-449, -580]]
[[1, 0], [111, 319], [-131, -319]]
[[1, 0], [111, 580], [-113, -580]]
[[1, 0], [112, 145], [-344, -435]]
[[1, 0], [112, 145], [-453, -580]]
[[1, 0], [113, 116], [-359, -348]]
[[1, 0], [113, 116], [-571, -580]]
[[1, 0], [113, 145], [-347, -435]]
[[1, 0], [113, 145], [-457, -580]]
[[1, 0], [113, 232], [-231, -464]]
[[1, 0], [113, 290], [-229, -580]]
[[1, 0], [114, 145], [-118, -145]]
[[1, 0], [114, 145], [-461, -580]]
[[1, 0], [115, 116], [-146, -145]]
[[1, 0], [115, 116], [-185, -174]]
[[1, 0], [115, 116], [-235, -232]]
[[1, 0], [115, 116], [-291, -290]]
[[1, 0], [115, 116], [-365, -348]]
[[1, 0], [115, 116], [-581, -580]]
[[1, 0], [115, 174], [-155, -232]]
[[1, 0], [115, 174], [-245, -348]]
[[1, 0], [115, 348], [-125, -348]]
[[1, 0], [117, 145], [-359, -435]]
[[1, 0], [117, 145], [-473, -580]]
[[1, 0], [117, 232], [-239, -464]]
[[1, 0], [117, 290], [-237, -580]]
[[1, 0], [118, 145], [-362, -435]]
[[1, 0], [118, 145], [-477, -580]]
[[1, 0], [118, 435], [-122, -435]]
[[1, 0], [119, 145], [-123, -145]]
[[1, 0], [119, 145], [-481, -580]]
[[1, 0], [119, 290], [-241, -580]]
[[1, 0], [119, 580], [-121, -580]]
[[1, 0], [12, 145], [-44, -435]]
[[1, 0], [12, 145], [-53, -580]]
[[1, 0], [12, 29], [-209, -348]]
[[1, 0], [12, 29], [-212, -435]]
[[1, 0], [12, 29], [-252, -319]]
[[1, 0], [12, 29], [-32, -29]]
[[1, 0], [12, 29], [-72, -145]]
[[1, 0], [12, 29], [-73, -116]]
[[1, 0], [12, 319], [-32, -319]]
[[1, 0], [121, 145], [-371, -435]]
[[1, 0], [121, 145], [-489, -580]]
[[1, 0], [121, 150], [-329, -300]]
[[1, 0], [121, 174], [-163, -232]]
[[1, 0], [121, 174], [-257, -348]]
[[1, 0], [121, 232], [-247, -464]]
[[1, 0], [121, 300], [-179, -300]]
[[1, 0], [121, 348], [-131, -348]]
[[1, 0], [121, 580], [-123, -580]]
[[1, 0], [122, 145], [-374, -435]]
[[1, 0], [122, 319], [-142, -319]]
[[1, 0], [123, 145], [-497, -580]]
[[1, 0], [123, 290], [-249, -580]]
[[1, 0], [124, 145], [-128, -145]]
[[1, 0], [124, 145], [-501, -580]]
[[1, 0], [124, 435], [-128, -435]]
[[1, 0], [125, 232], [-255, -464]]
[[1, 0], [126, 145], [-386, -435]]
[[1, 0], [126, 145], [-509, -580]]
[[1, 0], [127, 145], [-389, -435]]
[[1, 0], [127, 145], [-513, -580]]
[[1, 0], [127, 174], [-171, -232]]
[[1, 0], [127, 174], [-269, -348]]
[[1, 0], [127, 290], [-257, -580]]
[[1, 0], [127, 348], [-137, -348]]
[[1, 0], [127, 580], [-129, -580]]
[[1, 0], [128, 145], [-392, -435]]
[[1, 0], [128, 145], [-517, -580]]
[[1, 0], [129, 145], [-133, -145]]
[[1, 0], [129, 145], [-521, -580]]
[[1, 0], [129, 160], [-287, -320]]
[[1, 0], [129, 232], [-263, -464]]
[[1, 0], [129, 580], [-131, -580]]
[[1, 0], [13, 116], [-59, -348]]
[[1, 0], [13, 116], [-71, -580]]
[[1, 0], [13, 145], [-17, -145]]
[[1, 0], [13, 145], [-47, -435]]
[[1, 0], [13, 145], [-57, -580]]
[[1, 0], [13, 15], [-147, -145]]
[[1, 0], [13, 15], [-197, -60]]
[[1, 0], [13, 15], [-309, -100]]
[[1, 0], [13, 15], [-31, -29]]
[[1, 0], [13, 15], [-437, -435]]
[[1, 0], [13, 15], [-69, -35]]
[[1, 0], [13, 15], [-869, -300]]
[[1, 0], [13, 15], [-89, -87]]
[[1, 0], [13, 174], [-19, -232]]
[[1, 0], [13, 174], [-41, -348]]
[[1, 0], [13, 20], [-107, -120]]
[[1, 0], [13, 20], [-239, -100]]
[[1, 0], [13, 20], [-407, -580]]
[[1, 0], [13, 20], [-659, -300]]
[[1, 0], [13, 232], [-31, -464]]
[[1, 0], [13, 24], [-47, -60]]
[[1, 0], [13, 24], [-59, -100]]
[[1, 0], [13, 29], [-221, -348]]
[[1, 0], [13, 29], [-227, -435]]
[[1, 0], [13, 29], [-263, -319]]
[[1, 0], [13, 29], [-281, -580]]
[[1, 0], [13, 29], [-33, -29]]
[[1, 0], [13, 29], [-77, -116]]
[[1, 0], [13, 29], [-77, -145]]
[[1, 0], [13, 30], [-113, -60]]
[[1, 0], [13, 30], [-169, -100]]
[[1, 0], [13, 30], [-21, -44]]
[[1, 0], [13, 30], [-27, -40]]
[[1, 0], [13, 30], [-449, -300]]
[[1, 0], [13, 30], [-79, -160]]
[[1, 0], [13, 40], [-159, -400]]
[[1, 0], [13, 40], [-191, -320]]
[[1, 0], [13, 40], [-35, -72]]
[[1, 0], [13, 40], [-43, -110]]
[[1, 0], [13, 435], [-17, -435]]
[[1, 0], [13, 58], [-111, -406]]
[[1, 0], [13, 58], [-113, -348]]
[[1, 0], [13, 58], [-119, -464]]
[[1, 0], [13, 58], [-141, -580]]
[[1, 0], [13, 58], [-41, -116]]
[[1, 0], [13, 60], [-107, -360]]
[[1, 0], [13, 60], [-239, -300]]
[[1, 0], [13, 60], [-71, -60]]
[[1, 0], [13, 60], [-99, -100]]
[[1, 0], [13, 87], [-27, -145]]
[[1, 0], [13, 87], [-77, -348]]
[[1, 0], [13, 87], [-77, -435]]
[[1, 0], [131, 145], [-401, -435]]
[[1, 0], [131, 145], [-529, -580]]
[[1, 0], [131, 580], [-133, -580]]
[[1, 0], [132, 145], [-404, -435]]
[[1, 0], [132, 145], [-533, -580]]
[[1, 0], [133, 145], [-407, -435]]
[[1, 0], [133, 145], [-537, -580]]
[[1, 0], [133, 174], [-179, -232]]
[[1, 0], [133, 174], [-281, -348]]
[[1, 0], [133, 232], [-271, -464]]
[[1, 0], [133, 290], [-269, -580]]
[[1, 0], [133, 319], [-153, -319]]
[[1, 0], [133, 348], [-143, -348]]
[[1, 0], [133, 435], [-137, -435]]
[[1, 0], [134, 145], [-138, -145]]
[[1, 0], [134, 145], [-541, -580]]
[[1, 0], [136, 145], [-416, -435]]
[[1, 0], [136, 145], [-549, -580]]
[[1, 0], [137, 145], [-419, -435]]
[[1, 0], [137, 145], [-553, -580]]
[[1, 0], [137, 232], [-279, -464]]
[[1, 0], [137, 290], [-277, -580]]
[[1, 0], [137, 580], [-139, -580]]
[[1, 0], [138, 145], [-422, -435]]
[[1, 0], [138, 145], [-557, -580]]
[[1, 0], [139, 145], [-143, -145]]
[[1, 0], [139, 145], [-561, -580]]
[[1, 0], [139, 174], [-187, -232]]
[[1, 0], [139, 174], [-293, -348]]
[[1, 0], [139, 290], [-281, -580]]
[[1, 0], [139, 348], [-149, -348]]
[[1, 0], [139, 435], [-143, -435]]
[[1, 0], [139, 580], [-141, -580]]
[[1, 0], [14, 145], [-18, -145]]
[[1, 0], [14, 145], [-61, -580]]
[[1, 0], [14, 29], [-233, -348]]
[[1, 0], [14, 29], [-242, -435]]
[[1, 0], [14, 29], [-274, -319]]
[[1, 0], [14, 29], [-301, -580]]
[[1, 0], [14, 29], [-34, -29]]
[[1, 0], [14, 29], [-81, -116]]
[[1, 0], [14, 29], [-82, -145]]
[[1, 0], [141, 145], [-431, -435]]
[[1, 0], [141, 145], [-569, -580]]
[[1, 0], [141, 232], [-287, -464]]
[[1, 0], [141, 580], [-143, -580]]
[[1, 0], [142, 145], [-434, -435]]
[[1, 0], [142, 145], [-573, -580]]
[[1, 0], [143, 145], [-147, -145]]
[[1, 0], [143, 145], [-437, -435]]
[[1, 0], [143, 145], [-577, -580]]
[[1, 0], [143, 290], [-289, -580]]
[[1, 0], [144, 145], [-148, -145]]
[[1, 0], [144, 145], [-581, -580]]
[[1, 0], [144, 319], [-164, -319]]
[[1, 0], [147, 290], [-297, -580]]
[[1, 0], [147, 292], [-437, -292]]
[[1, 0], [147, 580], [-149, -580]]
[[1, 0], [148, 435], [-152, -435]]
[[1, 0], [149, 232], [-303, -464]]
[[1, 0], [149, 290], [-301, -580]]
[[1, 0], [149, 580], [-151, -580]]
[[1, 0], [15, 116], [-21, -145]]
[[1, 0], [15, 116], [-25, -116]]
[[1, 0], [15, 116], [-35, -174]]
[[1, 0], [15, 116], [-35, -232]]
[[1, 0], [15, 116], [-41, -290]]
[[1, 0], [15, 116], [-65, -348]]
[[1, 0], [15, 116], [-81, -580]]
[[1, 0], [15, 28], [-47, -80]]
[[1, 0], [15, 28], [-65, -44]]
[[1, 0], [15, 29], [-245, -348]]
[[1, 0], [15, 29], [-257, -435]]
[[1, 0], [15, 29], [-285, -319]]
[[1, 0], [15, 29], [-321, -580]]
[[1, 0], [15, 29], [-35, -29]]
[[1, 0], [15, 29], [-85, -116]]
[[1, 0], [15, 58], [-125, -348]]
[[1, 0], [15, 58], [-125, -406]]
[[1, 0], [15, 58], [-135, -464]]
[[1, 0], [15, 58], [-161, -580]]
[[1, 0], [15, 58], [-45, -116]]
[[1, 0], [151, 174], [-317, -348]]
[[1, 0], [151, 348], [-161, -348]]
[[1, 0], [151, 580], [-153, -580]]
[[1, 0], [153, 232], [-311, -464]]
[[1, 0], [153, 290], [-309, -580]]
[[1, 0], [154, 435], [-158, -435]]
[[1, 0], [157, 174], [-211, -232]]
[[1, 0], [157, 174], [-329, -348]]
[[1, 0], [157, 290], [-317, -580]]
[[1, 0], [157, 348], [-167, -348]]
[[1, 0], [157, 580], [-159, -580]]
[[1, 0], [159, 290], [-321, -580]]
[[1, 0], [159, 580], [-161, -580]]
[[1, 0], [16, 145], [-56, -435]]
[[1, 0], [16, 145], [-69, -580]]
[[1, 0], [16, 25], [-137, -60]]
[[1, 0], [16, 25], [-20, -29]]
[[1, 0], [16, 25], [-209, -100]]
[[1, 0], [16, 25], [-324, -325]]
[[1, 0], [16, 25], [-349, -500]]
[[1, 0], [16, 25], [-569, -300]]
[[1, 0], [16, 29], [-257, -348]]
[[1, 0], [16, 29], [-272, -435]]
[[1, 0], [16, 29], [-296, -319]]
[[1, 0], [16, 29], [-341, -580]]
[[1, 0], [16, 29], [-36, -29]]
[[1, 0], [16, 29], [-89, -116]]
[[1, 0], [16, 29], [-92, -145]]
[[1, 0], [16, 75], [-209, -300]]
[[1, 0], [16, 75], [-89, -100]]
[[1, 0], [16, 87], [-32, -145]]
[[1, 0], [16, 87], [-33, -116]]
[[1, 0], [16, 87], [-89, -348]]
[[1, 0], [16, 87], [-92, -435]]
[[1, 0], [161, 232], [-327, -464]]
[[1, 0], [161, 580], [-163, -580]]
[[1, 0], [163, 174], [-219, -232]]
[[1, 0], [163, 174], [-341, -348]]
[[1, 0], [163, 290], [-329, -580]]
[[1, 0], [163, 348], [-173, -348]]
[[1, 0], [163, 435], [-167, -435]]
[[1, 0], [165, 232], [-335, -464]]
[[1, 0], [167, 290], [-337, -580]]
[[1, 0], [167, 580], [-169, -580]]
[[1, 0], [169, 174], [-227, -232]]
[[1, 0], [169, 174], [-353, -348]]
[[1, 0], [169, 232], [-343, -464]]
[[1, 0], [169, 290], [-341, -580]]
[[1, 0], [169, 348], [-179, -348]]
[[1, 0], [169, 435], [-173, -435]]
[[1, 0], [169, 580], [-171, -580]]
[[1, 0], [17, 116], [-27, -116]]
[[1, 0], [17, 116], [-71, -348]]
[[1, 0], [17, 116], [-91, -580]]
[[1, 0], [17, 145], [-59, -435]]
[[1, 0], [17, 145], [-73, -580]]
[[1, 0], [17, 160], [-63, -320]]
[[1, 0], [17, 20], [-131, -120]]
[[1, 0], [17, 20], [-167, -60]]
[[1, 0], [17, 20], [-259, -100]]
[[1, 0], [17, 20], [-523, -580]]
[[1, 0], [17, 20], [-719, -300]]
[[1, 0], [17, 20], [-83, -84]]
[[1, 0], [17, 20], [-95, -64]]
[[1, 0], [17, 232], [-39, -464]]
[[1, 0], [17, 290], [-37, -580]]
[[1, 0], [17, 29], [-269, -348]]
[[1, 0], [17, 29], [-287, -435]]
[[1, 0], [17, 29], [-307, -319]]
[[1, 0], [17, 29], [-361, -580]]
[[1, 0], [17, 29], [-37, -29]]
[[1, 0], [17, 29], [-93, -116]]
[[1, 0], [17, 29], [-97, -145]]
[[1, 0], [17, 32], [-143, -160]]
[[1, 0], [17, 32], [-43, -40]]
[[1, 0], [17, 32], [-71, -120]]
[[1, 0], [17, 40], [-199, -400]]
[[1, 0], [17, 40], [-223, -320]]
[[1, 0], [17, 40], [-25, -52]]
[[1, 0], [17, 580], [-19, -580]]
[[1, 0], [17, 58], [-137, -348]]
[[1, 0], [17, 58], [-139, -406]]
[[1, 0], [17, 58], [-151, -464]]
[[1, 0], [17, 58], [-181, -580]]
[[1, 0], [17, 58], [-49, -116]]
[[1, 0], [171, 580], [-173, -580]]
[[1, 0], [173, 232], [-351, -464]]
[[1, 0], [173, 290], [-349, -580]]
[[1, 0], [177, 232], [-359, -464]]
[[1, 0], [177, 290], [-357, -580]]
[[1, 0], [177, 580], [-179, -580]]
[[1, 0], [178, 435], [-182, -435]]
[[1, 0], [179, 290], [-361, -580]]
[[1, 0], [18, 145], [-22, -145]]
[[1, 0], [18, 145], [-62, -435]]
[[1, 0], [18, 145], [-77, -580]]
[[1, 0], [18, 29], [-102, -145]]
[[1, 0], [18, 29], [-281, -348]]
[[1, 0], [18, 29], [-302, -435]]
[[1, 0], [18, 29], [-318, -319]]
[[1, 0], [18, 29], [-38, -29]]
[[1, 0], [18, 29], [-381, -580]]
[[1, 0], [18, 29], [-97, -116]]
[[1, 0], [18, 85], [-101, -340]]
[[1, 0], [181, 232], [-367, -464]]
[[1, 0], [181, 300], [-239, -300]]
[[1, 0], [181, 580], [-183, -580]]
[[1, 0], [183, 290], [-369, -580]]
[[1, 0], [184, 435], [-188, -435]]
[[1, 0], [185, 232], [-375, -464]]
[[1, 0], [187, 580], [-189, -580]]
[[1, 0], [189, 232], [-383, -464]]
[[1, 0], [189, 290], [-381, -580]]
[[1, 0], [189, 580], [-191, -580]]
[[1, 0], [19, 116], [-101, -580]]
[[1, 0], [19, 116], [-26, -145]]
[[1, 0], [19, 116], [-41, -174]]
[[1, 0], [19, 116], [-43, -232]]
[[1, 0], [19, 116], [-51, -290]]
[[1, 0], [19, 116], [-77, -348]]
[[1, 0], [19, 145], [-23, -145]]
[[1, 0], [19, 145], [-81, -580]]
[[1, 0], [19, 174], [-27, -232]]
[[1, 0], [19, 174], [-53, -348]]
[[1, 0], [19, 20], [-101, -30]]
[[1, 0], [19, 20], [-117, -116]]
[[1, 0], [19, 20], [-143, -120]]
[[1, 0], [19, 20], [-146, -145]]
[[1, 0], [19, 20], [-149, -50]]
[[1, 0], [19, 20], [-173, -60]]
[[1, 0], [19, 20], [-209, -75]]
[[1, 0], [19, 20], [-219, -200]]
[[1, 0], [19, 20], [-239, -160]]
[[1, 0], [19, 20], [-269, -100]]
[[1, 0], [19, 20], [-291, -290]]
[[1, 0], [19, 20], [-30, -29]]
[[1, 0], [19, 20], [-389, -150]]
[[1, 0], [19, 20], [-581, -580]]
[[1, 0], [19, 20], [-59, -58]]
[[1, 0], [19, 20], [-67, -40]]
[[1, 0], [19, 20], [-749, -300]]
[[1, 0], [19, 20], [-89, -25]]
[[1, 0], [19, 290], [-41, -580]]
[[1, 0], [19, 29], [-101, -116]]
[[1, 0], [19, 29], [-107, -145]]
[[1, 0], [19, 29], [-293, -348]]
[[1, 0], [19, 29], [-317, -435]]
[[1, 0], [19, 29], [-329, -319]]
[[1, 0], [19, 29], [-39, -29]]
[[1, 0], [19, 29], [-401, -580]]
[[1, 0], [19, 30], [-111, -160]]
[[1, 0], [19, 30], [-189, -100]]
[[1, 0], [19, 30], [-509, -300]]
[[1, 0], [19, 30], [-65, -66]]
[[1, 0], [19, 435], [-23, -435]]
[[1, 0], [19, 45], [-83, -105]]
[[1, 0], [19, 580], [-21, -580]]
[[1, 0], [19, 58], [-149, -348]]
[[1, 0], [19, 58], [-153, -406]]
[[1, 0], [19, 58], [-167, -464]]
[[1, 0], [19, 58], [-201, -580]]
[[1, 0], [19, 58], [-53, -116]]
[[1, 0], [19, 60], [-109, -100]]
[[1, 0], [19, 60], [-143, -360]]
[[1, 0], [19, 60], [-149, -150]]
[[1, 0], [19, 60], [-269, -300]]
[[1, 0], [19, 60], [-27, -70]]
[[1, 0], [19, 60], [-77, -60]]
[[1, 0], [19, 60], [-89, -75]]
[[1, 0], [19, 87], [-101, -348]]
[[1, 0], [19, 87], [-107, -435]]
[[1, 0], [19, 87], [-37, -116]]
[[1, 0], [19, 87], [-37, -145]]
[[1, 0], [191, 580], [-193, -580]]
[[1, 0], [193, 232], [-391, -464]]
[[1, 0], [193, 290], [-389, -580]]
[[1, 0], [193, 435], [-197, -435]]
[[1, 0], [197, 232], [-399, -464]]
[[1, 0], [197, 290], [-397, -580]]
[[1, 0], [197, 580], [-199, -580]]
[[1, 0], [199, 290], [-401, -580]]
[[1, 0], [199, 580], [-201, -580]]
[[1, 0], [2, 145], [-13, -580]]
[[1, 0], [2, 145], [-14, -435]]
[[1, 0], [2, 29], [-142, -319]]
[[1, 0], [2, 29], [-22, -145]]
[[1, 0], [2, 29], [-22, -29]]
[[1, 0], [2, 29], [-33, -116]]
[[1, 0], [2, 29], [-61, -580]]
[[1, 0], [2, 29], [-62, -435]]
[[1, 0], [2, 29], [-89, -348]]
[[1, 0], [2, 5], [-118, -145]]
[[1, 0], [2, 5], [-118, -5]]
[[1, 0], [2, 5], [-134, -45]]
[[1, 0], [2, 5], [-142, -65]]
[[1, 0], [2, 5], [-153, -20]]
[[1, 0], [2, 5], [-159, -64]]
[[1, 0], [2, 5], [-1889, -300]]
[[1, 0], [2, 5], [-349, -580]]
[[1, 0], [2, 5], [-3598, -295]]
[[1, 0], [2, 5], [-37, -20]]
[[1, 0], [2, 5], [-401, -60]]
[[1, 0], [2, 5], [-53, -60]]
[[1, 0], [2, 5], [-649, -100]]
[[1, 0], [2, 5], [-69, -100]]
[[1, 0], [2, 5], [-766, -59]]
[[1, 0], [2, 5], [-78, -79]]
[[1, 0], [20, 29], [-105, -116]]
[[1, 0], [20, 29], [-112, -145]]
[[1, 0], [20, 29], [-305, -348]]
[[1, 0], [20, 29], [-332, -435]]
[[1, 0], [20, 29], [-340, -319]]
[[1, 0], [20, 29], [-421, -580]]
[[1, 0], [201, 232], [-407, -464]]
[[1, 0], [205, 232], [-415, -464]]
[[1, 0], [207, 290], [-417, -580]]
[[1, 0], [207, 580], [-209, -580]]
[[1, 0], [208, 435], [-212, -435]]
[[1, 0], [209, 232], [-423, -464]]
[[1, 0], [209, 290], [-421, -580]]
[[1, 0], [209, 580], [-211, -580]]
[[1, 0], [21, 100], [-179, -300]]
[[1, 0], [21, 100], [-79, -100]]
[[1, 0], [21, 116], [-111, -580]]
[[1, 0], [21, 116], [-31, -116]]
[[1, 0], [21, 116], [-83, -348]]
[[1, 0], [21, 145], [-71, -435]]
[[1, 0], [21, 145], [-89, -580]]
[[1, 0], [21, 232], [-47, -464]]
[[1, 0], [21, 25], [-149, -60]]
[[1, 0], [21, 25], [-229, -100]]
[[1, 0], [21, 25], [-389, -325]]
[[1, 0], [21, 25], [-449, -500]]
[[1, 0], [21, 25], [-629, -300]]
[[1, 0], [21, 29], [-109, -116]]
[[1, 0], [21, 29], [-117, -145]]
[[1, 0], [21, 29], [-317, -348]]
[[1, 0], [21, 29], [-347, -435]]
[[1, 0], [21, 29], [-351, -319]]
[[1, 0], [21, 29], [-441, -580]]
[[1, 0], [21, 40], [-239, -400]]
[[1, 0], [21, 40], [-71, -80]]
[[1, 0], [21, 50], [-129, -100]]
[[1, 0], [21, 50], [-329, -300]]
[[1, 0], [21, 50], [-41, -70]]
[[1, 0], [21, 50], [-89, -60]]
[[1, 0], [21, 580], [-23, -580]]
[[1, 0], [21, 58], [-161, -348]]
[[1, 0], [21, 58], [-167, -406]]
[[1, 0], [21, 58], [-183, -464]]
[[1, 0], [21, 58], [-221, -580]]
[[1, 0], [21, 58], [-57, -116]]
[[1, 0], [211, 580], [-213, -580]]
[[1, 0], [213, 232], [-431, -464]]
[[1, 0], [213, 290], [-429, -580]]
[[1, 0], [214, 435], [-218, -435]]
[[1, 0], [217, 232], [-439, -464]]
[[1, 0], [217, 290], [-437, -580]]
[[1, 0], [217, 580], [-219, -580]]
[[1, 0], [219, 290], [-441, -580]]
[[1, 0], [219, 580], [-221, -580]]
[[1, 0], [22, 145], [-74, -435]]
[[1, 0], [22, 145], [-93, -580]]
[[1, 0], [22, 29], [-113, -116]]
[[1, 0], [22, 29], [-122, -145]]
[[1, 0], [22, 29], [-329, -348]]
[[1, 0], [22, 29], [-362, -319]]
[[1, 0], [22, 29], [-362, -435]]
[[1, 0], [22, 29], [-461, -580]]
[[1, 0], [22, 35], [-293, -420]]
[[1, 0], [22, 35], [-314, -315]]
[[1, 0], [22, 87], [-113, -348]]
[[1, 0], [22, 87], [-122, -435]]
[[1, 0], [22, 87], [-41, -116]]
[[1, 0], [22, 87], [-42, -145]]
[[1, 0], [221, 232], [-447, -464]]
[[1, 0], [221, 580], [-223, -580]]
[[1, 0], [223, 290], [-449, -580]]
[[1, 0], [225, 232], [-455, -464]]
[[1, 0], [227, 290], [-457, -580]]
[[1, 0], [227, 580], [-229, -580]]
[[1, 0], [229, 232], [-463, -464]]
[[1, 0], [229, 290], [-461, -580]]
[[1, 0], [229, 435], [-233, -435]]
[[1, 0], [229, 580], [-231, -580]]
[[1, 0], [23, 116], [-121, -580]]
[[1, 0], [23, 116], [-31, -145]]
[[1, 0], [23, 116], [-33, -116]]
[[1, 0], [23, 116], [-47, -174]]
[[1, 0], [23, 116], [-51, -232]]
[[1, 0], [23, 116], [-61, -290]]
[[1, 0], [23, 116], [-89, -348]]
[[1, 0], [23, 145], [-27, -145]]
[[1, 0], [23, 145], [-77, -435]]
[[1, 0], [23, 145], [-97, -580]]
[[1, 0], [23, 290], [-49, -580]]
[[1, 0], [23, 29], [-117, -116]]
[[1, 0], [23, 29], [-127, -145]]
[[1, 0], [23, 29], [-341, -348]]
[[1, 0], [23, 29], [-373, -319]]
[[1, 0], [23, 29], [-481, -580]]
[[1, 0], [23, 44], [-153, -154]]
[[1, 0], [23, 58], [-173, -348]]
[[1, 0], [23, 58], [-181, -406]]
[[1, 0], [23, 58], [-199, -464]]
[[1, 0], [23, 58], [-241, -580]]
[[1, 0], [23, 58], [-61, -116]]
[[1, 0], [231, 580], [-233, -580]]
[[1, 0], [233, 290], [-469, -580]]
[[1, 0], [237, 290], [-477, -580]]
[[1, 0], [237, 295], [-353, -295]]
[[1, 0], [239, 290], [-481, -580]]
[[1, 0], [239, 580], [-241, -580]]
[[1, 0], [24, 145], [-101, -580]]
[[1, 0], [24, 145], [-28, -145]]
[[1, 0], [24, 29], [-121, -116]]
[[1, 0], [24, 29], [-132, -145]]
[[1, 0], [24, 29], [-353, -348]]
[[1, 0], [24, 29], [-384, -319]]
[[1, 0], [24, 29], [-392, -435]]
[[1, 0], [24, 29], [-501, -580]]
[[1, 0], [241, 580], [-243, -580]]
[[1, 0], [243, 290], [-489, -580]]
[[1, 0], [244, 435], [-248, -435]]
[[1, 0], [247, 290], [-497, -580]]
[[1, 0], [247, 580], [-249, -580]]
[[1, 0], [249, 290], [-501, -580]]
[[1, 0], [249, 580], [-251, -580]]
[[1, 0], [25, 116], [-131, -580]]
[[1, 0], [25, 116], [-35, -116]]
[[1, 0], [25, 116], [-95, -348]]
[[1, 0], [25, 174], [-35, -232]]
[[1, 0], [25, 174], [-65, -348]]
[[1, 0], [25, 232], [-55, -464]]
[[1, 0], [25, 29], [-125, -116]]
[[1, 0], [25, 29], [-137, -145]]
[[1, 0], [25, 29], [-365, -348]]
[[1, 0], [25, 29], [-395, -319]]
[[1, 0], [25, 29], [-407, -435]]
[[1, 0], [25, 29], [-521, -580]]
[[1, 0], [25, 348], [-35, -348]]
[[1, 0], [25, 58], [-185, -348]]
[[1, 0], [25, 58], [-195, -406]]
[[1, 0], [25, 58], [-215, -464]]
[[1, 0], [25, 58], [-65, -116]]
[[1, 0], [25, 87], [-125, -348]]
[[1, 0], [25, 87], [-137, -435]]
[[1, 0], [25, 87], [-45, -116]]
[[1, 0], [25, 87], [-47, -145]]
[[1, 0], [251, 580], [-253, -580]]
[[1, 0], [253, 290], [-509, -580]]
[[1, 0], [257, 290], [-517, -580]]
[[1, 0], [257, 580], [-259, -580]]
[[1, 0], [259, 290], [-521, -580]]
[[1, 0], [259, 435], [-263, -435]]
[[1, 0], [26, 145], [-109, -580]]
[[1, 0], [26, 145], [-86, -435]]
[[1, 0], [26, 29], [-129, -116]]
[[1, 0], [26, 29], [-142, -145]]
[[1, 0], [26, 29], [-422, -435]]
[[1, 0], [26, 29], [-541, -580]]
[[1, 0], [263, 290], [-529, -580]]
[[1, 0], [267, 290], [-537, -580]]
[[1, 0], [267, 580], [-269, -580]]
[[1, 0], [269, 290], [-541, -580]]
[[1, 0], [269, 580], [-271, -580]]
[[1, 0], [27, 116], [-101, -348]]
[[1, 0], [27, 116], [-141, -580]]
[[1, 0], [27, 116], [-36, -145]]
[[1, 0], [27, 116], [-37, -116]]
[[1, 0], [27, 116], [-53, -174]]
[[1, 0], [27, 116], [-59, -232]]
[[1, 0], [27, 116], [-71, -290]]
[[1, 0], [27, 145], [-113, -580]]
[[1, 0], [27, 145], [-89, -435]]
[[1, 0], [27, 290], [-57, -580]]
[[1, 0], [27, 29], [-133, -116]]
[[1, 0], [27, 29], [-147, -145]]
[[1, 0], [27, 29], [-389, -348]]
[[1, 0], [27, 29], [-417, -319]]
[[1, 0], [27, 29], [-437, -435]]
[[1, 0], [27, 29], [-561, -580]]
[[1, 0], [27, 58], [-197, -348]]
[[1, 0], [27, 58], [-209, -406]]
[[1, 0], [27, 58], [-231, -464]]
[[1, 0], [27, 58], [-281, -580]]
[[1, 0], [27, 58], [-69, -116]]
[[1, 0], [271, 300], [-329, -300]]
[[1, 0], [271, 580], [-273, -580]]
[[1, 0], [273, 290], [-549, -580]]
[[1, 0], [274, 435], [-278, -435]]
[[1, 0], [276, 319], [-296, -319]]
[[1, 0], [277, 290], [-557, -580]]
[[1, 0], [277, 580], [-279, -580]]
[[1, 0], [279, 290], [-561, -580]]
[[1, 0], [279, 580], [-281, -580]]
[[1, 0], [28, 145], [-117, -580]]
[[1, 0], [28, 145], [-32, -145]]
[[1, 0], [28, 145], [-92, -435]]
[[1, 0], [28, 29], [-137, -116]]
[[1, 0], [28, 29], [-152, -145]]
[[1, 0], [28, 29], [-401, -348]]
[[1, 0], [28, 29], [-428, -319]]
[[1, 0], [28, 29], [-452, -435]]
[[1, 0], [28, 29], [-581, -580]]
[[1, 0], [28, 435], [-32, -435]]
[[1, 0], [28, 45], [-104, -105]]
[[1, 0], [28, 87], [-137, -348]]
[[1, 0], [28, 87], [-152, -435]]
[[1, 0], [28, 87], [-49, -116]]
[[1, 0], [28, 87], [-52, -145]]
[[1, 0], [281, 580], [-283, -580]]
[[1, 0], [283, 290], [-569, -580]]
[[1, 0], [287, 290], [-577, -580]]
[[1, 0], [287, 580], [-289, -580]]
[[1, 0], [289, 290], [-581, -580]]
[[1, 0], [289, 435], [-293, -435]]
[[1, 0], [289, 580], [-291, -580]]
[[1, 0], [29, 35], [-377, -315]]
[[1, 0], [29, 35], [-377, -420]]
[[1, 0], [29, 40], [-319, -320]]
[[1, 0], [29, 40], [-319, -400]]
[[1, 0], [29, 40], [-87, -110]]
[[1, 0], [29, 40], [-87, -80]]
[[1, 0], [3, 10], [-123, -62]]
[[1, 0], [3, 10], [-219, -440]]
[[1, 0], [3, 10], [-221, -60]]
[[1, 0], [3, 10], [-233, -390]]
[[1, 0], [3, 10], [-233, -580]]
[[1, 0], [3, 10], [-279, -350]]
[[1, 0], [3, 10], [-349, -100]]
[[1, 0], [3, 10], [-45, -92]]
[[1, 0], [3, 10], [-557, -310]]
[[1, 0], [3, 10], [-93, -20]]
[[1, 0], [3, 10], [-989, -300]]
[[1, 0], [3, 116], [-11, -232]]
[[1, 0], [3, 116], [-11, -290]]
[[1, 0], [3, 116], [-13, -116]]
[[1, 0], [3, 116], [-17, -174]]
[[1, 0], [3, 116], [-21, -580]]
[[1, 0], [3, 116], [-6, -145]]
[[1, 0], [3, 145], [-17, -435]]
[[1, 0], [3, 145], [-17, -580]]
[[1, 0], [3, 145], [-7, -145]]
[[1, 0], [3, 20], [-109, -50]]
[[1, 0], [3, 20], [-111, -160]]
[[1, 0], [3, 20], [-117, -580]]
[[1, 0], [3, 20], [-149, -75]]
[[1, 0], [3, 20], [-17, -36]]
[[1, 0], [3, 20], [-189, -100]]
[[1, 0], [3, 20], [-269, -150]]
[[1, 0], [3, 20], [-47, -120]]
[[1, 0], [3, 20], [-509, -300]]
[[1, 0], [3, 20], [-59, -200]]
[[1, 0], [3, 20], [-59, -290]]
[[1, 0], [3, 20], [-61, -20]]
[[1, 0], [3, 20], [-69, -25]]
[[1, 0], [3, 20], [-77, -30]]
[[1, 0], [3, 290], [-9, -580]]
[[1, 0], [3, 29], [-101, -348]]
[[1, 0], [3, 29], [-153, -319]]
[[1, 0], [3, 29], [-23, -29]]
[[1, 0], [3, 29], [-27, -145]]
[[1, 0], [3, 29], [-37, -116]]
[[1, 0], [3, 29], [-77, -435]]
[[1, 0], [3, 29], [-81, -580]]
[[1, 0], [3, 4], [-1023, -320]]
[[1, 0], [3, 4], [-10949, -292]]
[[1, 0], [3, 4], [-11, -5]]
[[1, 0], [3, 4], [-121, -58]]
[[1, 0], [3, 4], [-1229, -150]]
[[1, 0], [3, 4], [-137, -115]]
[[1, 0], [3, 4], [-137, -116]]
[[1, 0], [3, 4], [-146, -145]]
[[1, 0], [3, 4], [-151, -8]]
[[1, 0], [3, 4], [-151, -95]]
[[1, 0], [3, 4], [-179, -87]]
[[1, 0], [3, 4], [-1823, -304]]
[[1, 0], [3, 4], [-229, -25]]
[[1, 0], [3, 4], [-237, -116]]
[[1, 0], [3, 4], [-242, -81]]
[[1, 0], [3, 4], [-2429, -300]]
[[1, 0], [3, 4], [-263, -80]]
[[1, 0], [3, 4], [-2846, -73]]
[[1, 0], [3, 4], [-291, -290]]
[[1, 0], [3, 4], [-293, -4]]
[[1, 0], [3, 4], [-353, -174]]
[[1, 0], [3, 4], [-384, -77]]
[[1, 0], [3, 4], [-3847, -296]]
[[1, 0], [3, 4], [-429, -50]]
[[1, 0], [3, 4], [-48, -35]]
[[1, 0], [3, 4], [-543, -464]]
[[1, 0], [3, 4], [-549, -500]]
[[1, 0], [3, 4], [-5547, -146]]
[[1, 0], [3, 4], [-581, -388]]
[[1, 0], [3, 4], [-581, -580]]
[[1, 0], [3, 4], [-629, -75]]
[[1, 0], [3, 4], [-63, -29]]
[[1, 0], [3, 4], [-647, -360]]
[[1, 0], [3, 4], [-701, -348]]
[[1, 0], [3, 4], [-73, -20]]
[[1, 0], [3, 4], [-829, -100]]
[[1, 0], [3, 4], [-829, -332]]
[[1, 0], [3, 4], [-83, -14]]
[[1, 0], [3, 58], [-21, -116]]
[[1, 0], [3, 58], [-39, -464]]
[[1, 0], [3, 58], [-41, -406]]
[[1, 0], [3, 58], [-41, -580]]
[[1, 0], [3, 58], [-53, -348]]
[[1, 0], [3, 5], [-107, -72]]
[[1, 0], [3, 5], [-133, -67]]
[[1, 0], [3, 5], [-143, -45]]
[[1, 0], [3, 5], [-147, -145]]
[[1, 0], [3, 5], [-157, -20]]
[[1, 0], [3, 5], [-1949, -300]]
[[1, 0], [3, 5], [-31, -29]]
[[1, 0], [3, 5], [-3657, -295]]
[[1, 0], [3, 5], [-41, -20]]
[[1, 0], [3, 5], [-413, -60]]
[[1, 0], [3, 5], [-437, -435]]
[[1, 0], [3, 5], [-669, -100]]
[[1, 0], [3, 5], [-89, -100]]
[[1, 0], [3, 5], [-89, -87]]
[[1, 0], [304, 435], [-308, -435]]
[[1, 0], [309, 319], [-329, -319]]
[[1, 0], [31, 100], [-119, -150]]
[[1, 0], [31, 100], [-209, -300]]
[[1, 0], [31, 100], [-89, -100]]
[[1, 0], [31, 116], [-113, -348]]
[[1, 0], [31, 116], [-161, -580]]
[[1, 0], [31, 116], [-41, -116]]
[[1, 0], [31, 116], [-41, -145]]
[[1, 0], [31, 116], [-59, -174]]
[[1, 0], [31, 116], [-67, -232]]
[[1, 0], [31, 116], [-81, -290]]
[[1, 0], [31, 145], [-101, -435]]
[[1, 0], [31, 145], [-129, -580]]
[[1, 0], [31, 150], [-149, -300]]
[[1, 0], [31, 174], [-43, -232]]
[[1, 0], [31, 174], [-77, -348]]
[[1, 0], [31, 300], [-89, -300]]
[[1, 0], [31, 348], [-41, -348]]
[[1, 0], [31, 50], [-101, -60]]
[[1, 0], [31, 50], [-149, -100]]
[[1, 0], [31, 50], [-389, -300]]
[[1, 0], [31, 580], [-33, -580]]
[[1, 0], [31, 58], [-221, -348]]
[[1, 0], [31, 58], [-237, -406]]
[[1, 0], [31, 58], [-263, -464]]
[[1, 0], [31, 58], [-321, -580]]
[[1, 0], [31, 58], [-77, -116]]
[[1, 0], [31, 60], [-104, -75]]
[[1, 0], [31, 60], [-129, -100]]
[[1, 0], [31, 60], [-179, -150]]
[[1, 0], [31, 60], [-329, -300]]
[[1, 0], [31, 60], [-41, -70]]
[[1, 0], [31, 75], [-109, -100]]
[[1, 0], [31, 75], [-269, -300]]
[[1, 0], [31, 87], [-149, -348]]
[[1, 0], [31, 87], [-167, -435]]
[[1, 0], [31, 87], [-53, -116]]
[[1, 0], [31, 87], [-57, -145]]
[[1, 0], [32, 145], [-104, -435]]
[[1, 0], [32, 145], [-133, -580]]
[[1, 0], [325, 348], [-335, -348]]
[[1, 0], [33, 116], [-119, -348]]
[[1, 0], [33, 116], [-171, -580]]
[[1, 0], [33, 116], [-43, -116]]
[[1, 0], [33, 145], [-107, -435]]
[[1, 0], [33, 145], [-137, -580]]
[[1, 0], [33, 145], [-37, -145]]
[[1, 0], [33, 232], [-71, -464]]
[[1, 0], [33, 290], [-69, -580]]
[[1, 0], [33, 40], [-351, -320]]
[[1, 0], [33, 40], [-359, -400]]
[[1, 0], [33, 40], [-71, -72]]
[[1, 0], [33, 58], [-233, -348]]
[[1, 0], [33, 58], [-251, -406]]
[[1, 0], [33, 58], [-279, -464]]
[[1, 0], [33, 58], [-341, -580]]
[[1, 0], [33, 58], [-81, -116]]
[[1, 0], [33, 64], [-223, -320]]
[[1, 0], [33, 64], [-63, -80]]
[[1, 0], [334, 435], [-338, -435]]
[[1, 0], [337, 435], [-341, -435]]
[[1, 0], [34, 145], [-141, -580]]
[[1, 0], [34, 145], [-38, -145]]
[[1, 0], [34, 319], [-54, -319]]
[[1, 0], [34, 435], [-38, -435]]
[[1, 0], [34, 87], [-161, -348]]
[[1, 0], [34, 87], [-182, -435]]
[[1, 0], [34, 87], [-57, -116]]
[[1, 0], [34, 87], [-62, -145]]
[[1, 0], [341, 580], [-343, -580]]
[[1, 0], [343, 348], [-353, -348]]
[[1, 0], [349, 435], [-353, -435]]
[[1, 0], [35, 116], [-125, -348]]
[[1, 0], [35, 116], [-181, -580]]
[[1, 0], [35, 116], [-45, -116]]
[[1, 0], [35, 116], [-46, -145]]
[[1, 0], [35, 116], [-65, -174]]
[[1, 0], [35, 116], [-75, -232]]
[[1, 0], [35, 116], [-91, -290]]
[[1, 0], [35, 58], [-245, -348]]
[[1, 0], [35, 58], [-265, -406]]
[[1, 0], [35, 58], [-295, -464]]
[[1, 0], [35, 58], [-361, -580]]
[[1, 0], [35, 58], [-85, -116]]
[[1, 0], [36, 145], [-149, -580]]
[[1, 0], [364, 435], [-368, -435]]
[[1, 0], [37, 116], [-131, -348]]
[[1, 0], [37, 116], [-191, -580]]
[[1, 0], [37, 116], [-47, -116]]
[[1, 0], [37, 145], [-119, -435]]
[[1, 0], [37, 145], [-153, -580]]
[[1, 0], [37, 174], [-51, -232]]
[[1, 0], [37, 174], [-89, -348]]
[[1, 0], [37, 232], [-79, -464]]
[[1, 0], [37, 290], [-77, -580]]
[[1, 0], [37, 348], [-47, -348]]
[[1, 0], [37, 40], [-103, -80]]
[[1, 0], [37, 40], [-109, -110]]
[[1, 0], [37, 40], [-383, -320]]
[[1, 0], [37, 40], [-399, -400]]
[[1, 0], [37, 40], [-51, -52]]
[[1, 0], [37, 580], [-39, -580]]
[[1, 0], [37, 58], [-257, -348]]
[[1, 0], [37, 58], [-279, -406]]
[[1, 0], [37, 58], [-311, -464]]
[[1, 0], [37, 58], [-381, -580]]
[[1, 0], [37, 58], [-89, -116]]
[[1, 0], [37, 60], [-139, -100]]
[[1, 0], [37, 60], [-251, -360]]
[[1, 0], [37, 60], [-359, -300]]
[[1, 0], [37, 72], [-107, -180]]
[[1, 0], [37, 87], [-173, -348]]
[[1, 0], [37, 87], [-197, -435]]
[[1, 0], [37, 87], [-61, -116]]
[[1, 0], [37, 87], [-67, -145]]
[[1, 0], [37, 90], [-59, -120]]
[[1, 0], [379, 435], [-383, -435]]
[[1, 0], [38, 145], [-122, -435]]
[[1, 0], [38, 145], [-157, -580]]
[[1, 0], [38, 145], [-42, -145]]
[[1, 0], [39, 116], [-101, -290]]
[[1, 0], [39, 116], [-137, -348]]
[[1, 0], [39, 116], [-201, -580]]
[[1, 0], [39, 116], [-49, -116]]
[[1, 0], [39, 116], [-51, -145]]
[[1, 0], [39, 116], [-71, -174]]
[[1, 0], [39, 116], [-83, -232]]
[[1, 0], [39, 145], [-161, -580]]
[[1, 0], [39, 145], [-43, -145]]
[[1, 0], [39, 290], [-81, -580]]
[[1, 0], [39, 580], [-41, -580]]
[[1, 0], [39, 58], [-269, -348]]
[[1, 0], [39, 58], [-293, -406]]
[[1, 0], [39, 58], [-327, -464]]
[[1, 0], [39, 58], [-401, -580]]
[[1, 0], [39, 58], [-93, -116]]
[[1, 0], [39, 76], [-56, -95]]
[[1, 0], [394, 435], [-398, -435]]
[[1, 0], [399, 580], [-401, -580]]
[[1, 0], [4, 145], [-21, -580]]
[[1, 0], [4, 145], [-8, -145]]
[[1, 0], [4, 15], [-161, -60]]
[[1, 0], [4, 15], [-176, -435]]
[[1, 0], [4, 15], [-249, -100]]
[[1, 0], [4, 15], [-48, -35]]
[[1, 0], [4, 15], [-689, -300]]
[[1, 0], [4, 15], [-73, -20]]
[[1, 0], [4, 29], [-101, -580]]
[[1, 0], [4, 29], [-113, -348]]
[[1, 0], [4, 29], [-164, -319]]
[[1, 0], [4, 29], [-24, -29]]
[[1, 0], [4, 29], [-32, -145]]
[[1, 0], [4, 29], [-41, -116]]
[[1, 0], [4, 29], [-92, -435]]
[[1, 0], [4, 435], [-8, -435]]
[[1, 0], [4, 5], [-109, -100]]
[[1, 0], [4, 5], [-113, -76]]
[[1, 0], [4, 5], [-117, -116]]
[[1, 0], [4, 5], [-152, -45]]
[[1, 0], [4, 5], [-161, -20]]
[[1, 0], [4, 5], [-168, -65]]
[[1, 0], [4, 5], [-176, -145]]
[[1, 0], [4, 5], [-2009, -300]]
[[1, 0], [4, 5], [-304, -61]]
[[1, 0], [4, 5], [-3716, -295]]
[[1, 0], [4, 5], [-524, -435]]
[[1, 0], [4, 5], [-581, -580]]
[[1, 0], [4, 5], [-689, -100]]
[[1, 0], [4, 5], [-77, -60]]
[[1, 0], [4, 87], [-12, -145]]
[[1, 0], [4, 87], [-17, -116]]
[[1, 0], [4, 87], [-32, -435]]
[[1, 0], [4, 87], [-41, -348]]
[[1, 0], [40, 87], [-185, -348]]
[[1, 0], [40, 87], [-212, -435]]
[[1, 0], [40, 87], [-65, -116]]
[[1, 0], [40, 87], [-72, -145]]
[[1, 0], [409, 435], [-413, -435]]
[[1, 0], [41, 100], [-239, -300]]
[[1, 0], [41, 116], [-143, -348]]
[[1, 0], [41, 116], [-211, -580]]
[[1, 0], [41, 116], [-51, -116]]
[[1, 0], [41, 145], [-131, -435]]
[[1, 0], [41, 145], [-169, -580]]
[[1, 0], [41, 50], [-113, -60]]
[[1, 0], [41, 50], [-169, -100]]
[[1, 0], [41, 50], [-449, -300]]
[[1, 0], [41, 50], [-69, -70]]
[[1, 0], [41, 580], [-43, -580]]
[[1, 0], [41, 58], [-281, -348]]
[[1, 0], [41, 58], [-307, -406]]
[[1, 0], [41, 58], [-343, -464]]
[[1, 0], [41, 58], [-421, -580]]
[[1, 0], [41, 58], [-97, -116]]
[[1, 0], [41, 80], [-111, -160]]
[[1, 0], [42, 145], [-134, -435]]
[[1, 0], [42, 145], [-173, -580]]
[[1, 0], [424, 435], [-428, -435]]
[[1, 0], [43, 116], [-111, -290]]
[[1, 0], [43, 116], [-149, -348]]
[[1, 0], [43, 116], [-221, -580]]
[[1, 0], [43, 116], [-53, -116]]
[[1, 0], [43, 116], [-56, -145]]
[[1, 0], [43, 116], [-77, -174]]
[[1, 0], [43, 116], [-91, -232]]
[[1, 0], [43, 145], [-137, -435]]
[[1, 0], [43, 145], [-177, -580]]
[[1, 0], [43, 145], [-47, -145]]
[[1, 0], [43, 174], [-101, -348]]
[[1, 0], [43, 174], [-59, -232]]
[[1, 0], [43, 290], [-89, -580]]
[[1, 0], [43, 348], [-53, -348]]
[[1, 0], [43, 435], [-47, -435]]
[[1, 0], [43, 58], [-101, -116]]
[[1, 0], [43, 58], [-293, -348]]
[[1, 0], [43, 58], [-321, -406]]
[[1, 0], [43, 58], [-359, -464]]
[[1, 0], [43, 58], [-441, -580]]
[[1, 0], [43, 60], [-119, -75]]
[[1, 0], [43, 60], [-149, -100]]
[[1, 0], [43, 60], [-209, -150]]
[[1, 0], [43, 60], [-287, -360]]
[[1, 0], [43, 60], [-389, -300]]
[[1, 0], [43, 87], [-197, -348]]
[[1, 0], [43, 87], [-227, -435]]
[[1, 0], [43, 87], [-69, -116]]
[[1, 0], [43, 87], [-77, -145]]
[[1, 0], [433, 435], [-437, -435]]
[[1, 0], [44, 145], [-181, -580]]
[[1, 0], [44, 145], [-48, -145]]
[[1, 0], [45, 116], [-155, -348]]
[[1, 0], [45, 116], [-231, -580]]
[[1, 0], [45, 116], [-55, -116]]
[[1, 0], [45, 232], [-95, -464]]
[[1, 0], [45, 319], [-65, -319]]
[[1, 0], [45, 58], [-105, -116]]
[[1, 0], [45, 58], [-305, -348]]
[[1, 0], [45, 58], [-335, -406]]
[[1, 0], [45, 58], [-375, -464]]
[[1, 0], [45, 58], [-461, -580]]
[[1, 0], [46, 145], [-146, -435]]
[[1, 0], [46, 145], [-189, -580]]
[[1, 0], [46, 75], [-129, -100]]
[[1, 0], [46, 75], [-329, -300]]
[[1, 0], [46, 87], [-209, -348]]
[[1, 0], [46, 87], [-242, -435]]
[[1, 0], [46, 87], [-73, -116]]
[[1, 0], [46, 87], [-82, -145]]
[[1, 0], [461, 580], [-463, -580]]
[[1, 0], [47, 116], [-121, -290]]
[[1, 0], [47, 116], [-161, -348]]
[[1, 0], [47, 116], [-241, -580]]
[[1, 0], [47, 116], [-57, -116]]
[[1, 0], [47, 116], [-61, -145]]
[[1, 0], [47, 116], [-83, -174]]
[[1, 0], [47, 116], [-99, -232]]
[[1, 0], [47, 145], [-149, -435]]
[[1, 0], [47, 145], [-193, -580]]
[[1, 0], [47, 290], [-97, -580]]
[[1, 0], [47, 580], [-49, -580]]
[[1, 0], [47, 58], [-109, -116]]
[[1, 0], [47, 58], [-317, -348]]
[[1, 0], [47, 58], [-349, -406]]
[[1, 0], [47, 58], [-391, -464]]
[[1, 0], [47, 58], [-481, -580]]
[[1, 0], [48, 145], [-152, -435]]
[[1, 0], [48, 145], [-197, -580]]
[[1, 0], [48, 145], [-52, -145]]
[[1, 0], [49, 116], [-167, -348]]
[[1, 0], [49, 116], [-251, -580]]
[[1, 0], [49, 116], [-59, -116]]
[[1, 0], [49, 145], [-201, -580]]
[[1, 0], [49, 145], [-53, -145]]
[[1, 0], [49, 160], [-127, -320]]
[[1, 0], [49, 174], [-113, -348]]
[[1, 0], [49, 174], [-67, -232]]
[[1, 0], [49, 232], [-103, -464]]
[[1, 0], [49, 290], [-101, -580]]
[[1, 0], [49, 348], [-59, -348]]
[[1, 0], [49, 435], [-53, -435]]
[[1, 0], [49, 580], [-51, -580]]
[[1, 0], [49, 58], [-113, -116]]
[[1, 0], [49, 58], [-329, -348]]
[[1, 0], [49, 58], [-363, -406]]
[[1, 0], [49, 58], [-407, -464]]
[[1, 0], [49, 58], [-501, -580]]
[[1, 0], [49, 60], [-159, -100]]
[[1, 0], [49, 60], [-323, -360]]
[[1, 0], [49, 60], [-419, -300]]
[[1, 0], [49, 87], [-221, -348]]
[[1, 0], [49, 87], [-257, -435]]
[[1, 0], [49, 87], [-77, -116]]
[[1, 0], [5, 116], [-15, -116]]
[[1, 0], [5, 116], [-31, -580]]
[[1, 0], [5, 116], [-35, -348]]
[[1, 0], [5, 232], [-15, -464]]
[[1, 0], [5, 29], [-107, -435]]
[[1, 0], [5, 29], [-121, -580]]
[[1, 0], [5, 29], [-125, -348]]
[[1, 0], [5, 29], [-175, -319]]
[[1, 0], [5, 29], [-37, -145]]
[[1, 0], [5, 29], [-45, -116]]
[[1, 0], [5, 58], [-25, -116]]
[[1, 0], [5, 58], [-55, -406]]
[[1, 0], [5, 58], [-55, -464]]
[[1, 0], [5, 58], [-61, -580]]
[[1, 0], [5, 58], [-65, -348]]
[[1, 0], [5, 8], [-103, -130]]
[[1, 0], [5, 8], [-1035, -148]]
[[1, 0], [5, 8], [-107, -90]]
[[1, 0], [5, 8], [-125, -84]]
[[1, 0], [5, 8], [-195, -196]]
[[1, 0], [5, 8], [-195, -232]]
[[1, 0], [5, 8], [-265, -76]]
[[1, 0], [5, 8], [-27, -20]]
[[1, 0], [5, 8], [-295, -37]]
[[1, 0], [5, 8], [-303, -160]]
[[1, 0], [5, 8], [-50, -51]]
[[1, 0], [5, 8], [-83, -40]]
[[1, 0], [51, 100], [-109, -100]]
[[1, 0], [51, 100], [-149, -150]]
[[1, 0], [51, 100], [-269, -300]]
[[1, 0], [51, 116], [-107, -232]]
[[1, 0], [51, 116], [-131, -290]]
[[1, 0], [51, 116], [-173, -348]]
[[1, 0], [51, 116], [-61, -116]]
[[1, 0], [51, 116], [-66, -145]]
[[1, 0], [51, 116], [-89, -174]]
[[1, 0], [51, 145], [-161, -435]]
[[1, 0], [51, 145], [-209, -580]]
[[1, 0], [51, 580], [-53, -580]]
[[1, 0], [51, 58], [-117, -116]]
[[1, 0], [51, 58], [-341, -348]]
[[1, 0], [51, 58], [-423, -464]]
[[1, 0], [51, 58], [-521, -580]]
[[1, 0], [52, 145], [-164, -435]]
[[1, 0], [52, 145], [-213, -580]]
[[1, 0], [52, 85], [-237, -340]]
[[1, 0], [52, 87], [-233, -348]]
[[1, 0], [52, 87], [-272, -435]]
[[1, 0], [52, 87], [-81, -116]]
[[1, 0], [52, 87], [-92, -145]]
[[1, 0], [53, 116], [-179, -348]]
[[1, 0], [53, 116], [-271, -580]]
[[1, 0], [53, 116], [-63, -116]]
[[1, 0], [53, 145], [-167, -435]]
[[1, 0], [53, 145], [-217, -580]]
[[1, 0], [53, 145], [-57, -145]]
[[1, 0], [53, 232], [-111, -464]]
[[1, 0], [53, 290], [-109, -580]]
[[1, 0], [53, 58], [-121, -116]]
[[1, 0], [53, 58], [-353, -348]]
[[1, 0], [53, 58], [-391, -406]]
[[1, 0], [53, 58], [-439, -464]]
[[1, 0], [53, 58], [-541, -580]]
[[1, 0], [54, 145], [-221, -580]]
[[1, 0], [55, 116], [-115, -232]]
[[1, 0], [55, 116], [-141, -290]]
[[1, 0], [55, 116], [-185, -348]]
[[1, 0], [55, 116], [-281, -580]]
[[1, 0], [55, 116], [-71, -145]]
[[1, 0], [55, 116], [-95, -174]]
[[1, 0], [55, 174], [-125, -348]]
[[1, 0], [55, 174], [-75, -232]]
[[1, 0], [55, 348], [-65, -348]]
[[1, 0], [55, 58], [-125, -116]]
[[1, 0], [55, 58], [-365, -348]]
[[1, 0], [55, 58], [-405, -406]]
[[1, 0], [55, 58], [-455, -464]]
[[1, 0], [55, 58], [-561, -580]]
[[1, 0], [55, 87], [-245, -348]]
[[1, 0], [55, 87], [-287, -435]]
[[1, 0], [55, 87], [-85, -116]]
[[1, 0], [55, 87], [-97, -145]]
[[1, 0], [56, 145], [-176, -435]]
[[1, 0], [56, 145], [-229, -580]]
[[1, 0], [56, 319], [-76, -319]]
[[1, 0], [57, 116], [-191, -348]]
[[1, 0], [57, 116], [-291, -580]]
[[1, 0], [57, 145], [-179, -435]]
[[1, 0], [57, 145], [-233, -580]]
[[1, 0], [57, 232], [-119, -464]]
[[1, 0], [57, 290], [-117, -580]]
[[1, 0], [57, 580], [-59, -580]]
[[1, 0], [57, 58], [-129, -116]]
[[1, 0], [57, 58], [-419, -406]]
[[1, 0], [57, 58], [-471, -464]]
[[1, 0], [57, 58], [-581, -580]]
[[1, 0], [57, 80], [-143, -160]]
[[1, 0], [579, 580], [-581, -580]]
[[1, 0], [59, 116], [-101, -174]]
[[1, 0], [59, 116], [-123, -232]]
[[1, 0], [59, 116], [-151, -290]]
[[1, 0], [59, 116], [-197, -348]]
[[1, 0], [59, 116], [-301, -580]]
[[1, 0], [59, 116], [-76, -145]]
[[1, 0], [59, 145], [-241, -580]]
[[1, 0], [59, 145], [-63, -145]]
[[1, 0], [59, 290], [-121, -580]]
[[1, 0], [59, 580], [-61, -580]]
[[1, 0], [6, 145], [-26, -435]]
[[1, 0], [6, 25], [-113, -60]]
[[1, 0], [6, 25], [-149, -500]]
[[1, 0], [6, 25], [-169, -100]]
[[1, 0], [6, 25], [-194, -325]]
[[1, 0], [6, 25], [-449, -300]]
[[1, 0], [6, 29], [-122, -435]]
[[1, 0], [6, 29], [-137, -348]]
[[1, 0], [6, 29], [-141, -580]]
[[1, 0], [6, 29], [-186, -319]]
[[1, 0], [6, 29], [-42, -145]]
[[1, 0], [6, 29], [-49, -116]]
[[1, 0], [61, 100], [-299, -300]]
[[1, 0], [61, 116], [-311, -580]]
[[1, 0], [61, 145], [-191, -435]]
[[1, 0], [61, 145], [-249, -580]]
[[1, 0], [61, 150], [-209, -300]]
[[1, 0], [61, 174], [-137, -348]]
[[1, 0], [61, 174], [-83, -232]]
[[1, 0], [61, 232], [-127, -464]]
[[1, 0], [61, 348], [-71, -348]]
[[1, 0], [61, 580], [-63, -580]]
[[1, 0], [61, 75], [-149, -100]]
[[1, 0], [61, 75], [-389, -300]]
[[1, 0], [61, 87], [-107, -145]]
[[1, 0], [61, 87], [-269, -348]]
[[1, 0], [61, 87], [-317, -435]]
[[1, 0], [61, 87], [-93, -116]]
[[1, 0], [62, 145], [-194, -435]]
[[1, 0], [62, 145], [-253, -580]]
[[1, 0], [63, 116], [-107, -174]]
[[1, 0], [63, 116], [-131, -232]]
[[1, 0], [63, 116], [-161, -290]]
[[1, 0], [63, 116], [-209, -348]]
[[1, 0], [63, 116], [-321, -580]]
[[1, 0], [63, 116], [-81, -145]]
[[1, 0], [63, 145], [-197, -435]]
[[1, 0], [63, 145], [-257, -580]]
[[1, 0], [63, 145], [-67, -145]]
[[1, 0], [63, 290], [-129, -580]]
[[1, 0], [64, 145], [-68, -145]]
[[1, 0], [64, 435], [-68, -435]]
[[1, 0], [64, 87], [-112, -145]]
[[1, 0], [64, 87], [-281, -348]]
[[1, 0], [64, 87], [-332, -435]]
[[1, 0], [64, 87], [-97, -116]]
[[1, 0], [65, 116], [-215, -348]]
[[1, 0], [65, 116], [-331, -580]]
[[1, 0], [65, 232], [-135, -464]]
[[1, 0], [66, 145], [-206, -435]]
[[1, 0], [66, 145], [-269, -580]]
[[1, 0], [67, 116], [-113, -174]]
[[1, 0], [67, 116], [-139, -232]]
[[1, 0], [67, 116], [-171, -290]]
[[1, 0], [67, 116], [-221, -348]]
[[1, 0], [67, 116], [-341, -580]]
[[1, 0], [67, 116], [-86, -145]]
[[1, 0], [67, 145], [-209, -435]]
[[1, 0], [67, 145], [-273, -580]]
[[1, 0], [67, 174], [-149, -348]]
[[1, 0], [67, 174], [-91, -232]]
[[1, 0], [67, 290], [-137, -580]]
[[1, 0], [67, 348], [-77, -348]]
[[1, 0], [67, 580], [-69, -580]]
[[1, 0], [67, 87], [-101, -116]]
[[1, 0], [67, 87], [-117, -145]]
[[1, 0], [67, 87], [-293, -348]]
[[1, 0], [67, 87], [-347, -435]]
[[1, 0], [68, 145], [-212, -435]]
[[1, 0], [68, 145], [-277, -580]]
[[1, 0], [68, 145], [-72, -145]]
[[1, 0], [69, 116], [-227, -348]]
[[1, 0], [69, 116], [-351, -580]]
[[1, 0], [69, 145], [-281, -580]]
[[1, 0], [69, 145], [-73, -145]]
[[1, 0], [69, 232], [-143, -464]]
[[1, 0], [69, 290], [-141, -580]]
[[1, 0], [69, 580], [-71, -580]]
[[1, 0], [7, 10], [-101, -20]]
[[1, 0], [7, 10], [-1109, -300]]
[[1, 0], [7, 10], [-389, -100]]
[[1, 0], [7, 10], [-389, -390]]
[[1, 0], [7, 10], [-419, -350]]
[[1, 0], [7, 10], [-441, -340]]
[[1, 0], [7, 10], [-543, -320]]
[[1, 0], [7, 10], [-681, -310]]
[[1, 0], [7, 116], [-11, -145]]
[[1, 0], [7, 116], [-17, -116]]
[[1, 0], [7, 116], [-19, -232]]
[[1, 0], [7, 116], [-21, -290]]
[[1, 0], [7, 116], [-23, -174]]
[[1, 0], [7, 116], [-41, -348]]
[[1, 0], [7, 116], [-41, -580]]
[[1, 0], [7, 12], [-104, -25]]
[[1, 0], [7, 12], [-121, -116]]
[[1, 0], [7, 12], [-179, -174]]
[[1, 0], [7, 12], [-179, -50]]
[[1, 0], [7, 12], [-254, -75]]
[[1, 0], [7, 12], [-329, -100]]
[[1, 0], [7, 12], [-34, -29]]
[[1, 0], [7, 12], [-353, -348]]
[[1, 0], [7, 12], [-479, -150]]
[[1, 0], [7, 12], [-63, -58]]
[[1, 0], [7, 12], [-83, -105]]
[[1, 0], [7, 12], [-92, -87]]
[[1, 0], [7, 12], [-929, -300]]
[[1, 0], [7, 145], [-33, -580]]
[[1, 0], [7, 15], [-173, -60]]
[[1, 0], [7, 15], [-263, -435]]
[[1, 0], [7, 15], [-269, -100]]
[[1, 0], [7, 15], [-749, -300]]
[[1, 0], [7, 15], [-77, -20]]
[[1, 0], [7, 15], [-89, -145]]
[[1, 0], [7, 174], [-11, -232]]
[[1, 0], [7, 20], [-117, -290]]
[[1, 0], [7, 20], [-119, -50]]
[[1, 0], [7, 20], [-137, -60]]
[[1, 0], [7, 20], [-143, -160]]
[[1, 0], [7, 20], [-164, -75]]
[[1, 0], [7, 20], [-209, -100]]
[[1, 0], [7, 20], [-233, -580]]
[[1, 0], [7, 20], [-299, -150]]
[[1, 0], [7, 20], [-41, -84]]
[[1, 0], [7, 20], [-43, -40]]
[[1, 0], [7, 20], [-569, -300]]
[[1, 0], [7, 20], [-59, -145]]
[[1, 0], [7, 20], [-63, -64]]
[[1, 0], [7, 20], [-71, -120]]
[[1, 0], [7, 20], [-74, -25]]
[[1, 0], [7, 20], [-83, -30]]
[[1, 0], [7, 20], [-99, -200]]
[[1, 0], [7, 290], [-17, -580]]
[[1, 0], [7, 29], [-137, -435]]
[[1, 0], [7, 29], [-149, -348]]
[[1, 0], [7, 29], [-161, -580]]
[[1, 0], [7, 29], [-197, -319]]
[[1, 0], [7, 29], [-47, -145]]
[[1, 0], [7, 29], [-53, -116]]
[[1, 0], [7, 30], [-101, -60]]
[[1, 0], [7, 30], [-149, -100]]
[[1, 0], [7, 30], [-19, -40]]
[[1, 0], [7, 30], [-389, -300]]
[[1, 0], [7, 30], [-47, -160]]
[[1, 0], [7, 348], [-17, -348]]
[[1, 0], [7, 580], [-9, -580]]
[[1, 0], [7, 58], [-69, -406]]
[[1, 0], [7, 58], [-71, -464]]
[[1, 0], [7, 58], [-77, -348]]
[[1, 0], [7, 58], [-81, -580]]
[[1, 0], [7, 60], [-119, -150]]
[[1, 0], [7, 60], [-13, -70]]
[[1, 0], [7, 60], [-209, -300]]
[[1, 0], [7, 60], [-71, -360]]
[[1, 0], [7, 60], [-74, -75]]
[[1, 0], [7, 60], [-89, -100]]
[[1, 0], [7, 87], [-17, -145]]
[[1, 0], [7, 87], [-21, -116]]
[[1, 0], [7, 87], [-47, -435]]
[[1, 0], [7, 87], [-53, -348]]
[[1, 0], [70, 87], [-105, -116]]
[[1, 0], [70, 87], [-122, -145]]
[[1, 0], [70, 87], [-305, -348]]
[[1, 0], [70, 87], [-362, -435]]
[[1, 0], [71, 100], [-129, -100]]
[[1, 0], [71, 100], [-179, -150]]
[[1, 0], [71, 100], [-329, -300]]
[[1, 0], [71, 116], [-119, -174]]
[[1, 0], [71, 116], [-147, -232]]
[[1, 0], [71, 116], [-181, -290]]
[[1, 0], [71, 116], [-233, -348]]
[[1, 0], [71, 116], [-361, -580]]
[[1, 0], [71, 116], [-91, -145]]
[[1, 0], [71, 145], [-221, -435]]
[[1, 0], [71, 145], [-289, -580]]
[[1, 0], [71, 580], [-73, -580]]
[[1, 0], [72, 145], [-224, -435]]
[[1, 0], [72, 145], [-293, -580]]
[[1, 0], [73, 116], [-239, -348]]
[[1, 0], [73, 116], [-371, -580]]
[[1, 0], [73, 145], [-227, -435]]
[[1, 0], [73, 145], [-297, -580]]
[[1, 0], [73, 174], [-161, -348]]
[[1, 0], [73, 174], [-99, -232]]
[[1, 0], [73, 232], [-151, -464]]
[[1, 0], [73, 290], [-149, -580]]
[[1, 0], [73, 348], [-83, -348]]
[[1, 0], [73, 435], [-77, -435]]
[[1, 0], [73, 87], [-109, -116]]
[[1, 0], [73, 87], [-127, -145]]
[[1, 0], [73, 87], [-317, -348]]
[[1, 0], [73, 90], [-107, -120]]
[[1, 0], [74, 145], [-301, -580]]
[[1, 0], [74, 145], [-78, -145]]
[[1, 0], [75, 116], [-125, -174]]
[[1, 0], [75, 116], [-155, -232]]
[[1, 0], [75, 116], [-191, -290]]
[[1, 0], [75, 116], [-245, -348]]
[[1, 0], [75, 116], [-381, -580]]
[[1, 0], [75, 116], [-96, -145]]
[[1, 0], [75, 148], [-295, -296]]
[[1, 0], [76, 145], [-236, -435]]
[[1, 0], [76, 145], [-309, -580]]
[[1, 0], [76, 87], [-113, -116]]
[[1, 0], [76, 87], [-132, -145]]
[[1, 0], [76, 87], [-329, -348]]
[[1, 0], [76, 87], [-392, -435]]
[[1, 0], [77, 116], [-251, -348]]
[[1, 0], [77, 116], [-391, -580]]
[[1, 0], [77, 145], [-239, -435]]
[[1, 0], [77, 145], [-313, -580]]
[[1, 0], [77, 232], [-159, -464]]
[[1, 0], [77, 290], [-157, -580]]
[[1, 0], [77, 580], [-79, -580]]
[[1, 0], [78, 145], [-242, -435]]
[[1, 0], [78, 145], [-317, -580]]
[[1, 0], [78, 319], [-98, -319]]
[[1, 0], [79, 116], [-101, -145]]
[[1, 0], [79, 116], [-131, -174]]
[[1, 0], [79, 116], [-163, -232]]
[[1, 0], [79, 116], [-201, -290]]
[[1, 0], [79, 116], [-257, -348]]
[[1, 0], [79, 116], [-401, -580]]
[[1, 0], [79, 145], [-321, -580]]
[[1, 0], [79, 145], [-83, -145]]
[[1, 0], [79, 174], [-107, -232]]
[[1, 0], [79, 174], [-173, -348]]
[[1, 0], [79, 290], [-161, -580]]
[[1, 0], [79, 348], [-89, -348]]
[[1, 0], [79, 435], [-83, -435]]
[[1, 0], [79, 580], [-81, -580]]
[[1, 0], [79, 87], [-117, -116]]
[[1, 0], [79, 87], [-137, -145]]
[[1, 0], [79, 87], [-341, -348]]
[[1, 0], [79, 87], [-407, -435]]
[[1, 0], [8, 145], [-12, -145]]
[[1, 0], [8, 145], [-32, -435]]
[[1, 0], [8, 145], [-37, -580]]
[[1, 0], [8, 29], [-152, -435]]
[[1, 0], [8, 29], [-161, -348]]
[[1, 0], [8, 29], [-181, -580]]
[[1, 0], [8, 29], [-208, -319]]
[[1, 0], [8, 29], [-52, -145]]
[[1, 0], [8, 29], [-57, -116]]
[[1, 0], [8, 35], [-188, -315]]
[[1, 0], [81, 100], [-139, -100]]
[[1, 0], [81, 100], [-359, -300]]
[[1, 0], [81, 116], [-263, -348]]
[[1, 0], [81, 116], [-411, -580]]
[[1, 0], [81, 145], [-251, -435]]
[[1, 0], [81, 145], [-329, -580]]
[[1, 0], [81, 160], [-191, -320]]
[[1, 0], [81, 232], [-167, -464]]
[[1, 0], [81, 580], [-83, -580]]
[[1, 0], [82, 145], [-254, -435]]
[[1, 0], [82, 145], [-333, -580]]
[[1, 0], [82, 87], [-121, -116]]
[[1, 0], [82, 87], [-142, -145]]
[[1, 0], [82, 87], [-353, -348]]
[[1, 0], [82, 87], [-422, -435]]
[[1, 0], [83, 116], [-106, -145]]
[[1, 0], [83, 116], [-137, -174]]
[[1, 0], [83, 116], [-171, -232]]
[[1, 0], [83, 116], [-211, -290]]
[[1, 0], [83, 116], [-269, -348]]
[[1, 0], [83, 116], [-421, -580]]
[[1, 0], [83, 145], [-257, -435]]
[[1, 0], [83, 145], [-337, -580]]
[[1, 0], [83, 290], [-169, -580]]
[[1, 0], [84, 145], [-341, -580]]
[[1, 0], [84, 145], [-88, -145]]
[[1, 0], [85, 116], [-275, -348]]
[[1, 0], [85, 116], [-431, -580]]
[[1, 0], [85, 174], [-115, -232]]
[[1, 0], [85, 174], [-185, -348]]
[[1, 0], [85, 232], [-175, -464]]
[[1, 0], [85, 348], [-95, -348]]
[[1, 0], [85, 87], [-125, -116]]
[[1, 0], [85, 87], [-147, -145]]
[[1, 0], [85, 87], [-365, -348]]
[[1, 0], [85, 87], [-437, -435]]
[[1, 0], [86, 145], [-266, -435]]
[[1, 0], [86, 145], [-349, -580]]
[[1, 0], [88, 145], [-272, -435]]
[[1, 0], [88, 145], [-357, -580]]
[[1, 0], [88, 435], [-92, -435]]
[[1, 0], [89, 116], [-287, -348]]
[[1, 0], [89, 116], [-451, -580]]
[[1, 0], [89, 145], [-361, -580]]
[[1, 0], [89, 145], [-93, -145]]
[[1, 0], [89, 232], [-183, -464]]
[[1, 0], [89, 290], [-181, -580]]
[[1, 0], [89, 319], [-109, -319]]
[[1, 0], [89, 580], [-91, -580]]
[[1, 0], [9, 10], [-1169, -300]]
[[1, 0], [9, 10], [-117, -116]]
[[1, 0], [9, 10], [-257, -60]]
[[1, 0], [9, 10], [-409, -100]]
[[1, 0], [9, 10], [-43, -22]]
[[1, 0], [9, 10], [-467, -390]]
[[1, 0], [9, 10], [-483, -440]]
[[1, 0], [9, 10], [-489, -350]]
[[1, 0], [9, 10], [-509, -340]]
[[1, 0], [9, 10], [-581, -580]]
[[1, 0], [9, 10], [-607, -320]]
[[1, 0], [9, 10], [-743, -310]]
[[1, 0], [9, 116], [-19, -116]]
[[1, 0], [9, 116], [-47, -348]]
[[1, 0], [9, 116], [-51, -580]]
[[1, 0], [9, 145], [-13, -145]]
[[1, 0], [9, 145], [-41, -580]]
[[1, 0], [9, 16], [-103, -80]]
[[1, 0], [9, 16], [-167, -168]]
[[1, 0], [9, 16], [-21, -29]]
[[1, 0], [9, 16], [-22, -23]]
[[1, 0], [9, 16], [-303, -152]]
[[1, 0], [9, 16], [-311, -464]]
[[1, 0], [9, 16], [-33, -20]]
[[1, 0], [9, 16], [-383, -320]]
[[1, 0], [9, 16], [-39, -50]]
[[1, 0], [9, 16], [-41, -60]]
[[1, 0], [9, 16], [-56, -19]]
[[1, 0], [9, 16], [-79, -116]]
[[1, 0], [9, 20], [-143, -60]]
[[1, 0], [9, 20], [-219, -100]]
[[1, 0], [9, 20], [-291, -580]]
[[1, 0], [9, 20], [-59, -116]]
[[1, 0], [9, 20], [-599, -300]]
[[1, 0], [9, 20], [-67, -20]]
[[1, 0], [9, 20], [-83, -120]]
[[1, 0], [9, 232], [-23, -464]]
[[1, 0], [9, 290], [-21, -580]]
[[1, 0], [9, 29], [-167, -435]]
[[1, 0], [9, 29], [-173, -348]]
[[1, 0], [9, 29], [-201, -580]]
[[1, 0], [9, 29], [-219, -319]]
[[1, 0], [9, 29], [-57, -145]]
[[1, 0], [9, 29], [-61, -116]]
[[1, 0], [9, 40], [-119, -400]]
[[1, 0], [9, 40], [-159, -320]]
[[1, 0], [9, 580], [-11, -580]]
[[1, 0], [9, 58], [-101, -580]]
[[1, 0], [9, 58], [-33, -116]]
[[1, 0], [9, 58], [-83, -406]]
[[1, 0], [9, 58], [-89, -348]]
[[1, 0], [9, 80], [-47, -160]]
[[1, 0], [91, 100], [-209, -150]]
[[1, 0], [91, 100], [-389, -300]]
[[1, 0], [91, 116], [-149, -174]]
[[1, 0], [91, 116], [-187, -232]]
[[1, 0], [91, 116], [-231, -290]]
[[1, 0], [91, 116], [-293, -348]]
[[1, 0], [91, 116], [-461, -580]]
[[1, 0], [91, 145], [-281, -435]]
[[1, 0], [91, 145], [-369, -580]]
[[1, 0], [91, 150], [-269, -300]]
[[1, 0], [91, 174], [-123, -232]]
[[1, 0], [91, 174], [-197, -348]]
[[1, 0], [91, 300], [-149, -300]]
[[1, 0], [91, 348], [-101, -348]]
[[1, 0], [91, 580], [-93, -580]]
[[1, 0], [92, 145], [-284, -435]]
[[1, 0], [92, 145], [-373, -580]]
[[1, 0], [93, 116], [-103, -116]]
[[1, 0], [93, 116], [-299, -348]]
[[1, 0], [93, 116], [-471, -580]]
[[1, 0], [93, 145], [-287, -435]]
[[1, 0], [93, 232], [-191, -464]]
[[1, 0], [93, 290], [-189, -580]]
[[1, 0], [94, 145], [-381, -580]]
[[1, 0], [94, 145], [-98, -145]]
[[1, 0], [95, 116], [-121, -145]]
[[1, 0], [95, 116], [-155, -174]]
[[1, 0], [95, 116], [-195, -232]]
[[1, 0], [95, 116], [-241, -290]]
[[1, 0], [95, 116], [-305, -348]]
[[1, 0], [95, 116], [-481, -580]]
[[1, 0], [96, 145], [-296, -435]]
[[1, 0], [96, 145], [-389, -580]]
[[1, 0], [97, 116], [-311, -348]]
[[1, 0], [97, 116], [-491, -580]]
[[1, 0], [97, 145], [-299, -435]]
[[1, 0], [97, 145], [-393, -580]]
[[1, 0], [97, 160], [-223, -320]]
[[1, 0], [97, 174], [-131, -232]]
[[1, 0], [97, 174], [-209, -348]]
[[1, 0], [97, 232], [-199, -464]]
[[1, 0], [97, 290], [-197, -580]]
[[1, 0], [97, 348], [-107, -348]]
[[1, 0], [97, 580], [-99, -580]]
[[1, 0], [98, 145], [-302, -435]]
[[1, 0], [98, 145], [-397, -580]]
[[1, 0], [99, 116], [-126, -145]]
[[1, 0], [99, 116], [-161, -174]]
[[1, 0], [99, 116], [-251, -290]]
[[1, 0], [99, 116], [-317, -348]]
[[1, 0], [99, 116], [-501, -580]]
[[1, 0], [99, 145], [-103, -145]]
[[1, 0], [99, 145], [-401, -580]]
[[1, 0], [99, 290], [-201, -580]]
[[1, 0], [99, 580], [-101, -580]]
