[[1, 0], [0, 1], [-1379, -48]]
[[1, 0], [0, 1], [-14381, -72]]
[[1, 0], [0, 1], [-156221, -792]]
[[1, 0], [0, 1], [-1576, -1]]
[[1, 0], [0, 1], [-1577, -1576]]
[[1, 0], [0, 1], [-17533, -88]]
[[1, 0], [0, 1], [-1773, -8]]
[[1, 0], [0, 1], [-1840, -1379]]
[[1, 0], [0, 1], [-197, -24]]
[[1, 0], [0, 1], [-197, -72]]
[[1, 0], [0, 1], [-197, -88]]
[[1, 0], [0, 1], [-197, -8]]
[[1, 0], [0, 1], [-208032, -263]]
[[1, 0], [0, 1], [-208032, -791]]
[[1, 0], [0, 1], [-2167, -32]]
[[1, 0], [0, 1], [-2561, -168]]
[[1, 0], [0, 1], [-264, -197]]
[[1, 0], [0, 1], [-29944, -113]]
[[1, 0], [0, 1], [-29944, -265]]
[[1, 0], [0, 1], [-3152, -1051]]
[[1, 0], [0, 1], [-3152, -3]]
[[1, 0], [0, 1], [-3944, -985]]
[[1, 0], [0, 1], [-4925, -24]]
[[1, 0], [0, 1], [-52205, -264]]
[[1, 0], [0, 1], [-52599, -800]]
[[1, 0], [0, 1], [-622520, -789]]
[[1, 0], [0, 1], [-7683, -272]]
[[1, 0], [0, 1], [-792, -197]]
[[1, 0], [1, 100], [-599, -800]]
[[1, 0], [1, 103], [-205, -824]]
[[1, 0], [1, 105], [-41, -168]]
[[1, 0], [1, 10], [-1659, -830]]
[[1, 0], [1, 10], [-209, -120]]
[[1, 0], [1, 10], [-279, -32]]
[[1, 0], [1, 10], [-31599, -790]]
[[1, 0], [1, 10], [-329, -1320]]
[[1, 0], [1, 10], [-5399, -800]]
[[1, 0], [1, 10], [-6635, -158]]
[[1, 0], [1, 10], [-789, -10]]
[[1, 0], [1, 114], [-265, -266]]
[[1, 0], [1, 1182], [-5, -1182]]
[[1, 0], [1, 11], [-14453, -792]]
[[1, 0], [1, 11], [-1493, -72]]
[[1, 0], [1, 11], [-1781, -88]]
[[1, 0], [1, 11], [-4949, -264]]
[[1, 0], [1, 11], [-629, -24]]
[[1, 0], [1, 12], [-13265, -792]]
[[1, 0], [1, 12], [-1385, -72]]
[[1, 0], [1, 12], [-1649, -88]]
[[1, 0], [1, 12], [-4553, -264]]
[[1, 0], [1, 12], [-473, -948]]
[[1, 0], [1, 12], [-593, -24]]
[[1, 0], [1, 12], [-665, -888]]
[[1, 0], [1, 12], [-67, -16]]
[[1, 0], [1, 12], [-69, -40]]
[[1, 0], [1, 12], [-99, -400]]
[[1, 0], [1, 132], [-1385, -792]]
[[1, 0], [1, 132], [-593, -264]]
[[1, 0], [1, 136], [-203, -816]]
[[1, 0], [1, 13], [-111, -64]]
[[1, 0], [1, 13], [-17, -24]]
[[1, 0], [1, 13], [-285, -1144]]
[[1, 0], [1, 14], [-1595, -266]]
[[1, 0], [1, 14], [-209, -168]]
[[1, 0], [1, 1576], [-3, -1576]]
[[1, 0], [1, 158], [-2369, -790]]
[[1, 0], [1, 158], [-789, -158]]
[[1, 0], [1, 15], [-2119, -265]]
[[1, 0], [1, 15], [-269, -1080]]
[[1, 0], [1, 15], [-41, -24]]
[[1, 0], [1, 160], [-149, -200]]
[[1, 0], [1, 160], [-399, -800]]
[[1, 0], [1, 16], [-199, -32]]
[[1, 0], [1, 16], [-215, -288]]
[[1, 0], [1, 16], [-263, -1056]]
[[1, 0], [1, 16], [-3399, -800]]
[[1, 0], [1, 17], [-1427, -816]]
[[1, 0], [1, 18], [-1165, -88]]
[[1, 0], [1, 18], [-3101, -264]]
[[1, 0], [1, 18], [-461, -24]]
[[1, 0], [1, 18], [-71, -96]]
[[1, 0], [1, 18], [-8909, -792]]
[[1, 0], [1, 18], [-989, -72]]
[[1, 0], [1, 197], [-17, -1576]]
[[1, 0], [1, 197], [-29, -985]]
[[1, 0], [1, 197], [-9, -197]]
[[1, 0], [1, 198], [-461, -264]]
[[1, 0], [1, 198], [-989, -792]]
[[1, 0], [1, 202], [-201, -808]]
[[1, 0], [1, 204], [-67, -272]]
[[1, 0], [1, 20], [-599, -160]]
[[1, 0], [1, 21], [-35, -144]]
[[1, 0], [1, 22], [-241, -968]]
[[1, 0], [1, 22], [-2573, -264]]
[[1, 0], [1, 22], [-413, -24]]
[[1, 0], [1, 22], [-7325, -792]]
[[1, 0], [1, 22], [-845, -72]]
[[1, 0], [1, 22], [-989, -88]]
[[1, 0], [1, 24], [-1019, -816]]
[[1, 0], [1, 24], [-2375, -264]]
[[1, 0], [1, 24], [-395, -24]]
[[1, 0], [1, 24], [-6731, -792]]
[[1, 0], [1, 24], [-79, -320]]
[[1, 0], [1, 24], [-791, -72]]
[[1, 0], [1, 24], [-923, -88]]
[[1, 0], [1, 25], [-151, -32]]
[[1, 0], [1, 25], [-2199, -800]]
[[1, 0], [1, 263], [-1577, -263]]
[[1, 0], [1, 263], [-3155, -789]]
[[1, 0], [1, 264], [-395, -264]]
[[1, 0], [1, 264], [-791, -792]]
[[1, 0], [1, 26], [-233, -936]]
[[1, 0], [1, 26], [-623, -832]]
[[1, 0], [1, 28], [-173, -116]]
[[1, 0], [1, 28], [-33, -136]]
[[1, 0], [1, 2], [-156419, -790]]
[[1, 0], [1, 2], [-1577, -1576]]
[[1, 0], [1, 2], [-1595, -38]]
[[1, 0], [1, 2], [-16361, -808]]
[[1, 0], [1, 2], [-1659, -166]]
[[1, 0], [1, 2], [-1775, -1182]]
[[1, 0], [1, 2], [-1931, -1104]]
[[1, 0], [1, 2], [-201, -8]]
[[1, 0], [1, 2], [-209, -24]]
[[1, 0], [1, 2], [-233, -72]]
[[1, 0], [1, 2], [-2369, -10]]
[[1, 0], [1, 2], [-241, -88]]
[[1, 0], [1, 2], [-2573, -24]]
[[1, 0], [1, 2], [-26333, -264]]
[[1, 0], [1, 2], [-2837, -946]]
[[1, 0], [1, 2], [-31599, -158]]
[[1, 0], [1, 2], [-31919, -798]]
[[1, 0], [1, 2], [-329, -264]]
[[1, 0], [1, 2], [-5399, -160]]
[[1, 0], [1, 2], [-593, -394]]
[[1, 0], [1, 2], [-623, -64]]
[[1, 0], [1, 2], [-7325, -72]]
[[1, 0], [1, 2], [-78605, -792]]
[[1, 0], [1, 2], [-789, -2]]
[[1, 0], [1, 2], [-8909, -88]]
[[1, 0], [1, 2], [-989, -8]]
[[1, 0], [1, 32], [-149, -40]]
[[1, 0], [1, 32], [-399, -160]]
[[1, 0], [1, 32], [-899, -400]]
[[1, 0], [1, 33], [-1781, -264]]
[[1, 0], [1, 33], [-4949, -792]]
[[1, 0], [1, 33], [-629, -72]]
[[1, 0], [1, 33], [-725, -88]]
[[1, 0], [1, 35], [-41, -56]]
[[1, 0], [1, 36], [-1649, -264]]
[[1, 0], [1, 36], [-4553, -792]]
[[1, 0], [1, 36], [-593, -72]]
[[1, 0], [1, 36], [-681, -88]]
[[1, 0], [1, 37], [-221, -888]]
[[1, 0], [1, 38], [-167, -42]]
[[1, 0], [1, 394], [-11, -1182]]
[[1, 0], [1, 394], [-5, -394]]
[[1, 0], [1, 394], [-9, -1576]]
[[1, 0], [1, 396], [-593, -792]]
[[1, 0], [1, 39], [-17, -72]]
[[1, 0], [1, 3], [-119, -160]]
[[1, 0], [1, 3], [-1577, -3]]
[[1, 0], [1, 3], [-17621, -264]]
[[1, 0], [1, 3], [-1781, -24]]
[[1, 0], [1, 3], [-208295, -789]]
[[1, 0], [1, 3], [-2119, -53]]
[[1, 0], [1, 3], [-269, -216]]
[[1, 0], [1, 3], [-30209, -795]]
[[1, 0], [1, 3], [-4949, -72]]
[[1, 0], [1, 3], [-52469, -792]]
[[1, 0], [1, 3], [-6005, -88]]
[[1, 0], [1, 3], [-69957, -263]]
[[1, 0], [1, 3], [-725, -8]]
[[1, 0], [1, 3], [-7955, -816]]
[[1, 0], [1, 400], [-199, -800]]
[[1, 0], [1, 40], [-1399, -800]]
[[1, 0], [1, 40], [-219, -880]]
[[1, 0], [1, 40], [-83, -168]]
[[1, 0], [1, 42], [-1595, -798]]
[[1, 0], [1, 44], [-1385, -264]]
[[1, 0], [1, 44], [-3761, -792]]
[[1, 0], [1, 44], [-521, -72]]
[[1, 0], [1, 44], [-593, -88]]
[[1, 0], [1, 48], [-215, -864]]
[[1, 0], [1, 4], [-1051, -1052]]
[[1, 0], [1, 4], [-13265, -264]]
[[1, 0], [1, 4], [-13399, -800]]
[[1, 0], [1, 4], [-1385, -24]]
[[1, 0], [1, 4], [-1609, -920]]
[[1, 0], [1, 4], [-19899, -796]]
[[1, 0], [1, 4], [-2189, -876]]
[[1, 0], [1, 4], [-2579, -860]]
[[1, 0], [1, 4], [-3761, -72]]
[[1, 0], [1, 4], [-39401, -792]]
[[1, 0], [1, 4], [-3951, -832]]
[[1, 0], [1, 4], [-4553, -88]]
[[1, 0], [1, 4], [-473, -316]]
[[1, 0], [1, 4], [-4737, -824]]
[[1, 0], [1, 4], [-593, -8]]
[[1, 0], [1, 4], [-599, -32]]
[[1, 0], [1, 4], [-665, -296]]
[[1, 0], [1, 4], [-6901, -812]]
[[1, 0], [1, 4], [-789, -1576]]
[[1, 0], [1, 4], [-887, -1184]]
[[1, 0], [1, 50], [-279, -160]]
[[1, 0], [1, 54], [-71, -288]]
[[1, 0], [1, 5], [-201, -197]]
[[1, 0], [1, 5], [-2199, -160]]
[[1, 0], [1, 5], [-269, -360]]
[[1, 0], [1, 5], [-2729, -840]]
[[1, 0], [1, 5], [-41, -8]]
[[1, 0], [1, 5], [-989, -985]]
[[1, 0], [1, 66], [-2573, -792]]
[[1, 0], [1, 66], [-413, -72]]
[[1, 0], [1, 66], [-461, -88]]
[[1, 0], [1, 66], [-989, -264]]
[[1, 0], [1, 6], [-1595, -114]]
[[1, 0], [1, 6], [-199, -394]]
[[1, 0], [1, 6], [-2573, -72]]
[[1, 0], [1, 6], [-26333, -792]]
[[1, 0], [1, 6], [-265, -14]]
[[1, 0], [1, 6], [-3101, -88]]
[[1, 0], [1, 6], [-379, -304]]
[[1, 0], [1, 6], [-461, -8]]
[[1, 0], [1, 6], [-593, -1182]]
[[1, 0], [1, 6], [-71, -32]]
[[1, 0], [1, 6], [-769, -280]]
[[1, 0], [1, 6], [-8909, -264]]
[[1, 0], [1, 6], [-989, -24]]
[[1, 0], [1, 70], [-209, -840]]
[[1, 0], [1, 72], [-2375, -792]]
[[1, 0], [1, 72], [-395, -72]]
[[1, 0], [1, 72], [-439, -88]]
[[1, 0], [1, 72], [-923, -264]]
[[1, 0], [1, 788], [-5, -1576]]
[[1, 0], [1, 789], [-1577, -789]]
[[1, 0], [1, 790], [-789, -790]]
[[1, 0], [1, 792], [-395, -792]]
[[1, 0], [1, 7], [-159, -128]]
[[1, 0], [1, 7], [-30057, -791]]
[[1, 0], [1, 7], [-35, -48]]
[[1, 0], [1, 7], [-4519, -113]]
[[1, 0], [1, 7], [-461, -1379]]
[[1, 0], [1, 7], [-467, -117]]
[[1, 0], [1, 7], [-67, -197]]
[[1, 0], [1, 80], [-199, -160]]
[[1, 0], [1, 84], [-69, -280]]
[[1, 0], [1, 88], [-1979, -792]]
[[1, 0], [1, 88], [-395, -88]]
[[1, 0], [1, 88], [-791, -264]]
[[1, 0], [1, 8], [-1019, -272]]
[[1, 0], [1, 8], [-1399, -160]]
[[1, 0], [1, 8], [-1979, -72]]
[[1, 0], [1, 8], [-19799, -792]]
[[1, 0], [1, 8], [-203, -48]]
[[1, 0], [1, 8], [-219, -176]]
[[1, 0], [1, 8], [-2375, -88]]
[[1, 0], [1, 8], [-395, -1576]]
[[1, 0], [1, 8], [-395, -8]]
[[1, 0], [1, 8], [-6731, -264]]
[[1, 0], [1, 8], [-791, -24]]
[[1, 0], [1, 985], [-9, -985]]
[[1, 0], [1, 99], [-1781, -792]]
[[1, 0], [1, 99], [-725, -264]]
[[1, 0], [1, 9], [-119, -480]]
[[1, 0], [1, 9], [-17621, -792]]
[[1, 0], [1, 9], [-1781, -72]]
[[1, 0], [1, 9], [-2133, -88]]
[[1, 0], [1, 9], [-6005, -264]]
[[1, 0], [1, 9], [-725, -24]]
[[1, 0], [10, 197], [-18, -197]]
[[1, 0], [10, 197], [-74, -985]]
[[1, 0], [10, 197], [-89, -1576]]
[[1, 0], [100, 197], [-524, -985]]
[[1, 0], [100, 197], [-809, -1576]]
[[1, 0], [1001, 1576], [-1003, -1576]]
[[1, 0], [1009, 1576], [-1011, -1576]]
[[1, 0], [101, 197], [-529, -985]]
[[1, 0], [101, 197], [-817, -1576]]
[[1, 0], [101, 394], [-105, -394]]
[[1, 0], [101, 394], [-311, -1182]]
[[1, 0], [101, 394], [-409, -1576]]
[[1, 0], [101, 400], [-399, -800]]
[[1, 0], [101, 788], [-205, -1576]]
[[1, 0], [101, 985], [-109, -985]]
[[1, 0], [1017, 1576], [-1019, -1576]]
[[1, 0], [102, 197], [-534, -985]]
[[1, 0], [102, 197], [-825, -1576]]
[[1, 0], [1025, 1576], [-1027, -1576]]
[[1, 0], [103, 1182], [-107, -1182]]
[[1, 0], [103, 136], [-815, -816]]
[[1, 0], [103, 1576], [-105, -1576]]
[[1, 0], [103, 197], [-539, -985]]
[[1, 0], [103, 197], [-833, -1576]]
[[1, 0], [103, 204], [-203, -272]]
[[1, 0], [103, 394], [-107, -394]]
[[1, 0], [103, 394], [-317, -1182]]
[[1, 0], [103, 394], [-417, -1576]]
[[1, 0], [103, 788], [-209, -1576]]
[[1, 0], [1033, 1576], [-1035, -1576]]
[[1, 0], [104, 197], [-544, -985]]
[[1, 0], [104, 197], [-841, -1576]]
[[1, 0], [1041, 1576], [-1043, -1576]]
[[1, 0], [1049, 1576], [-1051, -1576]]
[[1, 0], [105, 1576], [-107, -1576]]
[[1, 0], [105, 197], [-549, -985]]
[[1, 0], [105, 197], [-849, -1576]]
[[1, 0], [105, 394], [-109, -394]]
[[1, 0], [105, 394], [-323, -1182]]
[[1, 0], [105, 394], [-425, -1576]]
[[1, 0], [105, 788], [-213, -1576]]
[[1, 0], [1057, 1576], [-1059, -1576]]
[[1, 0], [106, 197], [-554, -985]]
[[1, 0], [106, 197], [-857, -1576]]
[[1, 0], [106, 985], [-114, -985]]
[[1, 0], [1065, 1576], [-1067, -1576]]
[[1, 0], [107, 1576], [-109, -1576]]
[[1, 0], [107, 197], [-559, -985]]
[[1, 0], [107, 197], [-865, -1576]]
[[1, 0], [107, 394], [-111, -394]]
[[1, 0], [107, 394], [-329, -1182]]
[[1, 0], [107, 394], [-433, -1576]]
[[1, 0], [107, 788], [-217, -1576]]
[[1, 0], [1073, 1576], [-1075, -1576]]
[[1, 0], [108, 197], [-564, -985]]
[[1, 0], [108, 197], [-873, -1576]]
[[1, 0], [1081, 1576], [-1083, -1576]]
[[1, 0], [1089, 1576], [-1091, -1576]]
[[1, 0], [109, 1182], [-113, -1182]]
[[1, 0], [109, 197], [-569, -985]]
[[1, 0], [109, 197], [-881, -1576]]
[[1, 0], [109, 394], [-113, -394]]
[[1, 0], [109, 394], [-335, -1182]]
[[1, 0], [109, 394], [-441, -1576]]
[[1, 0], [109, 788], [-221, -1576]]
[[1, 0], [1097, 1576], [-1099, -1576]]
[[1, 0], [11, 1576], [-13, -1576]]
[[1, 0], [11, 197], [-79, -985]]
[[1, 0], [11, 197], [-97, -1576]]
[[1, 0], [11, 20], [-679, -160]]
[[1, 0], [11, 394], [-15, -394]]
[[1, 0], [11, 394], [-41, -1182]]
[[1, 0], [11, 394], [-49, -1576]]
[[1, 0], [11, 40], [-125, -168]]
[[1, 0], [11, 40], [-1599, -800]]
[[1, 0], [11, 40], [-219, -80]]
[[1, 0], [11, 40], [-439, -880]]
[[1, 0], [11, 40], [-449, -200]]
[[1, 0], [11, 40], [-45, -92]]
[[1, 0], [11, 788], [-25, -1576]]
[[1, 0], [110, 197], [-574, -985]]
[[1, 0], [110, 197], [-889, -1576]]
[[1, 0], [1105, 1576], [-1107, -1576]]
[[1, 0], [111, 1576], [-113, -1576]]
[[1, 0], [111, 197], [-579, -985]]
[[1, 0], [111, 197], [-897, -1576]]
[[1, 0], [111, 394], [-115, -394]]
[[1, 0], [111, 394], [-341, -1182]]
[[1, 0], [111, 394], [-449, -1576]]
[[1, 0], [111, 788], [-225, -1576]]
[[1, 0], [111, 985], [-119, -985]]
[[1, 0], [1113, 1576], [-1115, -1576]]
[[1, 0], [112, 197], [-584, -985]]
[[1, 0], [112, 197], [-905, -1576]]
[[1, 0], [1121, 1576], [-1123, -1576]]
[[1, 0], [1129, 1576], [-1131, -1576]]
[[1, 0], [113, 1576], [-115, -1576]]
[[1, 0], [113, 197], [-589, -985]]
[[1, 0], [113, 197], [-913, -1576]]
[[1, 0], [113, 394], [-117, -394]]
[[1, 0], [113, 394], [-347, -1182]]
[[1, 0], [113, 394], [-457, -1576]]
[[1, 0], [113, 788], [-229, -1576]]
[[1, 0], [1137, 1576], [-1139, -1576]]
[[1, 0], [114, 197], [-594, -985]]
[[1, 0], [114, 197], [-921, -1576]]
[[1, 0], [1145, 1576], [-1147, -1576]]
[[1, 0], [115, 1182], [-119, -1182]]
[[1, 0], [115, 1576], [-117, -1576]]
[[1, 0], [115, 197], [-599, -985]]
[[1, 0], [115, 197], [-929, -1576]]
[[1, 0], [115, 394], [-119, -394]]
[[1, 0], [115, 394], [-353, -1182]]
[[1, 0], [115, 394], [-465, -1576]]
[[1, 0], [115, 788], [-233, -1576]]
[[1, 0], [1153, 1576], [-1155, -1576]]
[[1, 0], [116, 197], [-604, -985]]
[[1, 0], [116, 197], [-937, -1576]]
[[1, 0], [116, 985], [-124, -985]]
[[1, 0], [1161, 1576], [-1163, -1576]]
[[1, 0], [1169, 1576], [-1171, -1576]]
[[1, 0], [117, 197], [-609, -985]]
[[1, 0], [117, 197], [-945, -1576]]
[[1, 0], [117, 394], [-121, -394]]
[[1, 0], [117, 394], [-359, -1182]]
[[1, 0], [117, 394], [-473, -1576]]
[[1, 0], [117, 788], [-237, -1576]]
[[1, 0], [1171, 1182], [-1175, -1182]]
[[1, 0], [1175, 1576], [-1177, -1576]]
[[1, 0], [1177, 1576], [-1179, -1576]]
[[1, 0], [118, 197], [-614, -985]]
[[1, 0], [118, 197], [-953, -1576]]
[[1, 0], [1185, 1576], [-1187, -1576]]
[[1, 0], [119, 1576], [-121, -1576]]
[[1, 0], [119, 197], [-619, -985]]
[[1, 0], [119, 197], [-961, -1576]]
[[1, 0], [119, 394], [-123, -394]]
[[1, 0], [119, 394], [-365, -1182]]
[[1, 0], [119, 394], [-481, -1576]]
[[1, 0], [119, 788], [-241, -1576]]
[[1, 0], [1193, 1576], [-1195, -1576]]
[[1, 0], [12, 197], [-105, -1576]]
[[1, 0], [12, 197], [-20, -197]]
[[1, 0], [12, 197], [-84, -985]]
[[1, 0], [120, 197], [-624, -985]]
[[1, 0], [120, 197], [-969, -1576]]
[[1, 0], [1201, 1576], [-1203, -1576]]
[[1, 0], [1209, 1576], [-1211, -1576]]
[[1, 0], [121, 1182], [-125, -1182]]
[[1, 0], [121, 1576], [-123, -1576]]
[[1, 0], [121, 160], [-299, -200]]
[[1, 0], [121, 160], [-999, -800]]
[[1, 0], [121, 197], [-629, -985]]
[[1, 0], [121, 197], [-977, -1576]]
[[1, 0], [121, 394], [-125, -394]]
[[1, 0], [121, 394], [-371, -1182]]
[[1, 0], [121, 394], [-489, -1576]]
[[1, 0], [121, 788], [-245, -1576]]
[[1, 0], [121, 985], [-129, -985]]
[[1, 0], [1217, 1576], [-1219, -1576]]
[[1, 0], [122, 197], [-634, -985]]
[[1, 0], [1225, 1576], [-1227, -1576]]
[[1, 0], [123, 1576], [-125, -1576]]
[[1, 0], [123, 197], [-639, -985]]
[[1, 0], [123, 197], [-993, -1576]]
[[1, 0], [123, 394], [-127, -394]]
[[1, 0], [123, 394], [-377, -1182]]
[[1, 0], [123, 394], [-497, -1576]]
[[1, 0], [123, 788], [-249, -1576]]
[[1, 0], [1233, 1576], [-1235, -1576]]
[[1, 0], [124, 197], [-1001, -1576]]
[[1, 0], [124, 197], [-644, -985]]
[[1, 0], [1241, 1576], [-1243, -1576]]
[[1, 0], [1249, 1576], [-1251, -1576]]
[[1, 0], [125, 197], [-1009, -1576]]
[[1, 0], [125, 197], [-649, -985]]
[[1, 0], [125, 394], [-129, -394]]
[[1, 0], [125, 394], [-383, -1182]]
[[1, 0], [125, 394], [-505, -1576]]
[[1, 0], [125, 788], [-253, -1576]]
[[1, 0], [1257, 1576], [-1259, -1576]]
[[1, 0], [126, 197], [-1017, -1576]]
[[1, 0], [126, 197], [-654, -985]]
[[1, 0], [126, 985], [-134, -985]]
[[1, 0], [1265, 1576], [-1267, -1576]]
[[1, 0], [127, 1182], [-131, -1182]]
[[1, 0], [127, 1576], [-129, -1576]]
[[1, 0], [127, 197], [-1025, -1576]]
[[1, 0], [127, 197], [-659, -985]]
[[1, 0], [127, 394], [-131, -394]]
[[1, 0], [127, 394], [-389, -1182]]
[[1, 0], [127, 394], [-513, -1576]]
[[1, 0], [127, 788], [-257, -1576]]
[[1, 0], [1273, 1576], [-1275, -1576]]
[[1, 0], [128, 197], [-1033, -1576]]
[[1, 0], [128, 197], [-664, -985]]
[[1, 0], [1281, 1576], [-1283, -1576]]
[[1, 0], [1289, 1576], [-1291, -1576]]
[[1, 0], [129, 1576], [-131, -1576]]
[[1, 0], [129, 197], [-1041, -1576]]
[[1, 0], [129, 197], [-669, -985]]
[[1, 0], [129, 394], [-133, -394]]
[[1, 0], [129, 394], [-395, -1182]]
[[1, 0], [129, 394], [-521, -1576]]
[[1, 0], [129, 788], [-261, -1576]]
[[1, 0], [1297, 1576], [-1299, -1576]]
[[1, 0], [13, 1182], [-17, -1182]]
[[1, 0], [13, 16], [-1049, -200]]
[[1, 0], [13, 16], [-1055, -1056]]
[[1, 0], [13, 16], [-203, -68]]
[[1, 0], [13, 16], [-223, -32]]
[[1, 0], [13, 16], [-267, -268]]
[[1, 0], [13, 16], [-3999, -800]]
[[1, 0], [13, 16], [-431, -288]]
[[1, 0], [13, 16], [-459, -80]]
[[1, 0], [13, 16], [-70, -71]]
[[1, 0], [13, 197], [-113, -1576]]
[[1, 0], [13, 197], [-21, -197]]
[[1, 0], [13, 197], [-89, -985]]
[[1, 0], [13, 24], [-1427, -816]]
[[1, 0], [13, 24], [-239, -320]]
[[1, 0], [13, 24], [-2507, -264]]
[[1, 0], [13, 24], [-7127, -792]]
[[1, 0], [13, 24], [-827, -72]]
[[1, 0], [13, 24], [-967, -88]]
[[1, 0], [13, 394], [-17, -394]]
[[1, 0], [13, 394], [-47, -1182]]
[[1, 0], [13, 394], [-57, -1576]]
[[1, 0], [13, 48], [-203, -204]]
[[1, 0], [13, 48], [-37, -76]]
[[1, 0], [13, 48], [-431, -864]]
[[1, 0], [13, 788], [-29, -1576]]
[[1, 0], [130, 197], [-1049, -1576]]
[[1, 0], [130, 197], [-674, -985]]
[[1, 0], [1305, 1576], [-1307, -1576]]
[[1, 0], [131, 1576], [-133, -1576]]
[[1, 0], [131, 197], [-1057, -1576]]
[[1, 0], [131, 197], [-679, -985]]
[[1, 0], [131, 394], [-135, -394]]
[[1, 0], [131, 394], [-401, -1182]]
[[1, 0], [131, 394], [-529, -1576]]
[[1, 0], [131, 788], [-265, -1576]]
[[1, 0], [131, 985], [-139, -985]]
[[1, 0], [1313, 1576], [-1315, -1576]]
[[1, 0], [132, 197], [-1065, -1576]]
[[1, 0], [132, 197], [-684, -985]]
[[1, 0], [1321, 1576], [-1323, -1576]]
[[1, 0], [1329, 1576], [-1331, -1576]]
[[1, 0], [133, 1182], [-137, -1182]]
[[1, 0], [133, 197], [-1073, -1576]]
[[1, 0], [133, 197], [-689, -985]]
[[1, 0], [133, 264], [-1187, -792]]
[[1, 0], [133, 394], [-137, -394]]
[[1, 0], [133, 394], [-407, -1182]]
[[1, 0], [133, 394], [-537, -1576]]
[[1, 0], [133, 788], [-269, -1576]]
[[1, 0], [1337, 1576], [-1339, -1576]]
[[1, 0], [134, 197], [-1081, -1576]]
[[1, 0], [134, 197], [-694, -985]]
[[1, 0], [1345, 1576], [-1347, -1576]]
[[1, 0], [135, 1576], [-137, -1576]]
[[1, 0], [135, 197], [-1089, -1576]]
[[1, 0], [135, 197], [-699, -985]]
[[1, 0], [135, 394], [-139, -394]]
[[1, 0], [135, 394], [-413, -1182]]
[[1, 0], [135, 394], [-545, -1576]]
[[1, 0], [135, 788], [-273, -1576]]
[[1, 0], [1353, 1576], [-1355, -1576]]
[[1, 0], [136, 197], [-1097, -1576]]
[[1, 0], [136, 197], [-704, -985]]
[[1, 0], [136, 985], [-144, -985]]
[[1, 0], [1361, 1576], [-1363, -1576]]
[[1, 0], [1369, 1576], [-1371, -1576]]
[[1, 0], [137, 1576], [-139, -1576]]
[[1, 0], [137, 197], [-1105, -1576]]
[[1, 0], [137, 197], [-709, -985]]
[[1, 0], [137, 394], [-141, -394]]
[[1, 0], [137, 394], [-419, -1182]]
[[1, 0], [137, 394], [-553, -1576]]
[[1, 0], [137, 788], [-277, -1576]]
[[1, 0], [138, 197], [-1113, -1576]]
[[1, 0], [138, 197], [-714, -985]]
[[1, 0], [1385, 1576], [-1387, -1576]]
[[1, 0], [139, 1182], [-143, -1182]]
[[1, 0], [139, 1576], [-141, -1576]]
[[1, 0], [139, 197], [-1121, -1576]]
[[1, 0], [139, 197], [-719, -985]]
[[1, 0], [139, 394], [-143, -394]]
[[1, 0], [139, 394], [-425, -1182]]
[[1, 0], [139, 394], [-561, -1576]]
[[1, 0], [139, 788], [-281, -1576]]
[[1, 0], [1393, 1576], [-1395, -1576]]
[[1, 0], [14, 197], [-121, -1576]]
[[1, 0], [14, 197], [-22, -197]]
[[1, 0], [14, 197], [-94, -985]]
[[1, 0], [140, 197], [-1129, -1576]]
[[1, 0], [140, 197], [-724, -985]]
[[1, 0], [1401, 1576], [-1403, -1576]]
[[1, 0], [1409, 1576], [-1411, -1576]]
[[1, 0], [141, 197], [-1137, -1576]]
[[1, 0], [141, 197], [-729, -985]]
[[1, 0], [141, 394], [-145, -394]]
[[1, 0], [141, 394], [-431, -1182]]
[[1, 0], [141, 394], [-569, -1576]]
[[1, 0], [141, 788], [-285, -1576]]
[[1, 0], [141, 985], [-149, -985]]
[[1, 0], [1417, 1576], [-1419, -1576]]
[[1, 0], [142, 197], [-1145, -1576]]
[[1, 0], [142, 197], [-734, -985]]
[[1, 0], [1425, 1576], [-1427, -1576]]
[[1, 0], [143, 1576], [-145, -1576]]
[[1, 0], [143, 197], [-1153, -1576]]
[[1, 0], [143, 197], [-739, -985]]
[[1, 0], [143, 394], [-147, -394]]
[[1, 0], [143, 394], [-437, -1182]]
[[1, 0], [143, 394], [-577, -1576]]
[[1, 0], [143, 788], [-289, -1576]]
[[1, 0], [1433, 1576], [-1435, -1576]]
[[1, 0], [144, 197], [-1161, -1576]]
[[1, 0], [144, 197], [-744, -985]]
[[1, 0], [1441, 1576], [-1443, -1576]]
[[1, 0], [1449, 1576], [-1451, -1576]]
[[1, 0], [145, 1182], [-149, -1182]]
[[1, 0], [145, 1576], [-147, -1576]]
[[1, 0], [145, 197], [-1169, -1576]]
[[1, 0], [145, 197], [-749, -985]]
[[1, 0], [145, 394], [-149, -394]]
[[1, 0], [145, 394], [-443, -1182]]
[[1, 0], [145, 394], [-585, -1576]]
[[1, 0], [145, 788], [-293, -1576]]
[[1, 0], [1457, 1576], [-1459, -1576]]
[[1, 0], [146, 197], [-1177, -1576]]
[[1, 0], [146, 197], [-754, -985]]
[[1, 0], [146, 985], [-154, -985]]
[[1, 0], [1465, 1576], [-1467, -1576]]
[[1, 0], [147, 1576], [-149, -1576]]
[[1, 0], [147, 197], [-1185, -1576]]
[[1, 0], [147, 197], [-759, -985]]
[[1, 0], [147, 394], [-151, -394]]
[[1, 0], [147, 394], [-449, -1182]]
[[1, 0], [147, 394], [-593, -1576]]
[[1, 0], [147, 788], [-297, -1576]]
[[1, 0], [1473, 1576], [-1475, -1576]]
[[1, 0], [148, 197], [-1193, -1576]]
[[1, 0], [148, 197], [-764, -985]]
[[1, 0], [1481, 1576], [-1483, -1576]]
[[1, 0], [1489, 1576], [-1491, -1576]]
[[1, 0], [149, 197], [-1201, -1576]]
[[1, 0], [149, 197], [-769, -985]]
[[1, 0], [149, 394], [-153, -394]]
[[1, 0], [149, 394], [-455, -1182]]
[[1, 0], [149, 394], [-601, -1576]]
[[1, 0], [149, 788], [-301, -1576]]
[[1, 0], [1497, 1576], [-1499, -1576]]
[[1, 0], [15, 1576], [-17, -1576]]
[[1, 0], [15, 197], [-129, -1576]]
[[1, 0], [15, 197], [-23, -197]]
[[1, 0], [15, 197], [-99, -985]]
[[1, 0], [15, 28], [-101, -136]]
[[1, 0], [15, 28], [-231, -116]]
[[1, 0], [15, 394], [-19, -394]]
[[1, 0], [15, 394], [-53, -1182]]
[[1, 0], [15, 394], [-65, -1576]]
[[1, 0], [15, 788], [-33, -1576]]
[[1, 0], [150, 197], [-1209, -1576]]
[[1, 0], [150, 197], [-774, -985]]
[[1, 0], [1505, 1576], [-1507, -1576]]
[[1, 0], [151, 1182], [-155, -1182]]
[[1, 0], [151, 1576], [-153, -1576]]
[[1, 0], [151, 197], [-1217, -1576]]
[[1, 0], [151, 197], [-779, -985]]
[[1, 0], [151, 200], [-499, -400]]
[[1, 0], [151, 394], [-155, -394]]
[[1, 0], [151, 394], [-461, -1182]]
[[1, 0], [151, 394], [-609, -1576]]
[[1, 0], [151, 788], [-305, -1576]]
[[1, 0], [151, 985], [-159, -985]]
[[1, 0], [1513, 1576], [-1515, -1576]]
[[1, 0], [152, 197], [-1225, -1576]]
[[1, 0], [152, 197], [-784, -985]]
[[1, 0], [1521, 1576], [-1523, -1576]]
[[1, 0], [1529, 1576], [-1531, -1576]]
[[1, 0], [153, 1576], [-155, -1576]]
[[1, 0], [153, 197], [-1233, -1576]]
[[1, 0], [153, 197], [-789, -985]]
[[1, 0], [153, 394], [-157, -394]]
[[1, 0], [153, 394], [-467, -1182]]
[[1, 0], [153, 394], [-617, -1576]]
[[1, 0], [153, 788], [-309, -1576]]
[[1, 0], [1537, 1576], [-1539, -1576]]
[[1, 0], [154, 197], [-1241, -1576]]
[[1, 0], [154, 197], [-794, -985]]
[[1, 0], [1545, 1576], [-1547, -1576]]
[[1, 0], [155, 1576], [-157, -1576]]
[[1, 0], [155, 197], [-1249, -1576]]
[[1, 0], [155, 197], [-799, -985]]
[[1, 0], [155, 394], [-159, -394]]
[[1, 0], [155, 394], [-473, -1182]]
[[1, 0], [155, 394], [-625, -1576]]
[[1, 0], [155, 788], [-313, -1576]]
[[1, 0], [1553, 1576], [-1555, -1576]]
[[1, 0], [156, 197], [-1257, -1576]]
[[1, 0], [156, 197], [-804, -985]]
[[1, 0], [156, 985], [-164, -985]]
[[1, 0], [1561, 1576], [-1563, -1576]]
[[1, 0], [1569, 1576], [-1571, -1576]]
[[1, 0], [157, 1182], [-161, -1182]]
[[1, 0], [157, 197], [-1265, -1576]]
[[1, 0], [157, 197], [-809, -985]]
[[1, 0], [157, 394], [-161, -394]]
[[1, 0], [157, 394], [-479, -1182]]
[[1, 0], [157, 394], [-633, -1576]]
[[1, 0], [157, 788], [-317, -1576]]
[[1, 0], [1575, 1576], [-1577, -1576]]
[[1, 0], [158, 197], [-1273, -1576]]
[[1, 0], [158, 197], [-814, -985]]
[[1, 0], [159, 1576], [-161, -1576]]
[[1, 0], [159, 197], [-1281, -1576]]
[[1, 0], [159, 197], [-819, -985]]
[[1, 0], [159, 394], [-163, -394]]
[[1, 0], [159, 394], [-485, -1182]]
[[1, 0], [159, 394], [-641, -1576]]
[[1, 0], [159, 788], [-321, -1576]]
[[1, 0], [16, 197], [-104, -985]]
[[1, 0], [16, 197], [-137, -1576]]
[[1, 0], [16, 197], [-24, -197]]
[[1, 0], [16, 985], [-24, -985]]
[[1, 0], [160, 197], [-1289, -1576]]
[[1, 0], [160, 197], [-824, -985]]
[[1, 0], [161, 1576], [-163, -1576]]
[[1, 0], [161, 197], [-1297, -1576]]
[[1, 0], [161, 197], [-829, -985]]
[[1, 0], [161, 394], [-165, -394]]
[[1, 0], [161, 394], [-491, -1182]]
[[1, 0], [161, 394], [-649, -1576]]
[[1, 0], [161, 788], [-325, -1576]]
[[1, 0], [161, 985], [-169, -985]]
[[1, 0], [162, 197], [-1305, -1576]]
[[1, 0], [162, 197], [-834, -985]]
[[1, 0], [163, 1182], [-167, -1182]]
[[1, 0], [163, 1576], [-165, -1576]]
[[1, 0], [163, 197], [-1313, -1576]]
[[1, 0], [163, 197], [-839, -985]]
[[1, 0], [163, 394], [-167, -394]]
[[1, 0], [163, 394], [-497, -1182]]
[[1, 0], [163, 394], [-657, -1576]]
[[1, 0], [163, 788], [-329, -1576]]
[[1, 0], [164, 197], [-1321, -1576]]
[[1, 0], [164, 197], [-844, -985]]
[[1, 0], [165, 197], [-1329, -1576]]
[[1, 0], [165, 197], [-849, -985]]
[[1, 0], [165, 394], [-169, -394]]
[[1, 0], [165, 394], [-503, -1182]]
[[1, 0], [165, 394], [-665, -1576]]
[[1, 0], [165, 788], [-333, -1576]]
[[1, 0], [166, 197], [-1337, -1576]]
[[1, 0], [166, 197], [-854, -985]]
[[1, 0], [166, 985], [-174, -985]]
[[1, 0], [167, 1576], [-169, -1576]]
[[1, 0], [167, 197], [-1345, -1576]]
[[1, 0], [167, 197], [-859, -985]]
[[1, 0], [167, 394], [-171, -394]]
[[1, 0], [167, 394], [-509, -1182]]
[[1, 0], [167, 394], [-673, -1576]]
[[1, 0], [167, 788], [-337, -1576]]
[[1, 0], [168, 197], [-1353, -1576]]
[[1, 0], [168, 197], [-864, -985]]
[[1, 0], [169, 1182], [-173, -1182]]
[[1, 0], [169, 1576], [-171, -1576]]
[[1, 0], [169, 197], [-1361, -1576]]
[[1, 0], [169, 197], [-869, -985]]
[[1, 0], [169, 394], [-173, -394]]
[[1, 0], [169, 394], [-515, -1182]]
[[1, 0], [169, 394], [-681, -1576]]
[[1, 0], [169, 788], [-341, -1576]]
[[1, 0], [17, 1576], [-19, -1576]]
[[1, 0], [17, 197], [-109, -985]]
[[1, 0], [17, 197], [-145, -1576]]
[[1, 0], [17, 197], [-25, -197]]
[[1, 0], [17, 32], [-1099, -400]]
[[1, 0], [17, 32], [-169, -40]]
[[1, 0], [17, 32], [-479, -160]]
[[1, 0], [17, 394], [-21, -394]]
[[1, 0], [17, 394], [-59, -1182]]
[[1, 0], [17, 394], [-73, -1576]]
[[1, 0], [17, 788], [-37, -1576]]
[[1, 0], [170, 197], [-1369, -1576]]
[[1, 0], [170, 197], [-874, -985]]
[[1, 0], [171, 1576], [-173, -1576]]
[[1, 0], [171, 197], [-1377, -1576]]
[[1, 0], [171, 197], [-879, -985]]
[[1, 0], [171, 394], [-175, -394]]
[[1, 0], [171, 394], [-521, -1182]]
[[1, 0], [171, 394], [-689, -1576]]
[[1, 0], [171, 788], [-345, -1576]]
[[1, 0], [171, 985], [-179, -985]]
[[1, 0], [172, 197], [-1385, -1576]]
[[1, 0], [172, 197], [-884, -985]]
[[1, 0], [173, 197], [-1393, -1576]]
[[1, 0], [173, 197], [-889, -985]]
[[1, 0], [173, 394], [-177, -394]]
[[1, 0], [173, 394], [-527, -1182]]
[[1, 0], [173, 394], [-697, -1576]]
[[1, 0], [173, 788], [-349, -1576]]
[[1, 0], [174, 197], [-1401, -1576]]
[[1, 0], [174, 197], [-894, -985]]
[[1, 0], [175, 1182], [-179, -1182]]
[[1, 0], [175, 1576], [-177, -1576]]
[[1, 0], [175, 197], [-1409, -1576]]
[[1, 0], [175, 197], [-899, -985]]
[[1, 0], [175, 394], [-179, -394]]
[[1, 0], [175, 394], [-533, -1182]]
[[1, 0], [175, 394], [-705, -1576]]
[[1, 0], [175, 788], [-353, -1576]]
[[1, 0], [176, 197], [-1417, -1576]]
[[1, 0], [176, 197], [-904, -985]]
[[1, 0], [176, 985], [-184, -985]]
[[1, 0], [177, 1576], [-179, -1576]]
[[1, 0], [177, 197], [-1425, -1576]]
[[1, 0], [177, 197], [-909, -985]]
[[1, 0], [177, 394], [-181, -394]]
[[1, 0], [177, 394], [-539, -1182]]
[[1, 0], [177, 394], [-713, -1576]]
[[1, 0], [177, 788], [-357, -1576]]
[[1, 0], [178, 197], [-1433, -1576]]
[[1, 0], [178, 197], [-186, -197]]
[[1, 0], [178, 197], [-914, -985]]
[[1, 0], [179, 1576], [-181, -1576]]
[[1, 0], [179, 197], [-1441, -1576]]
[[1, 0], [179, 197], [-919, -985]]
[[1, 0], [179, 394], [-183, -394]]
[[1, 0], [179, 394], [-545, -1182]]
[[1, 0], [179, 394], [-721, -1576]]
[[1, 0], [179, 788], [-361, -1576]]
[[1, 0], [18, 197], [-114, -985]]
[[1, 0], [18, 197], [-153, -1576]]
[[1, 0], [18, 197], [-26, -197]]
[[1, 0], [180, 197], [-1449, -1576]]
[[1, 0], [180, 197], [-924, -985]]
[[1, 0], [181, 1182], [-185, -1182]]
[[1, 0], [181, 197], [-1457, -1576]]
[[1, 0], [181, 197], [-929, -985]]
[[1, 0], [181, 394], [-185, -394]]
[[1, 0], [181, 394], [-551, -1182]]
[[1, 0], [181, 394], [-729, -1576]]
[[1, 0], [181, 788], [-365, -1576]]
[[1, 0], [181, 985], [-189, -985]]
[[1, 0], [182, 197], [-1465, -1576]]
[[1, 0], [182, 197], [-934, -985]]
[[1, 0], [183, 1576], [-185, -1576]]
[[1, 0], [183, 197], [-1473, -1576]]
[[1, 0], [183, 197], [-939, -985]]
[[1, 0], [183, 394], [-187, -394]]
[[1, 0], [183, 394], [-557, -1182]]
[[1, 0], [183, 394], [-737, -1576]]
[[1, 0], [183, 788], [-369, -1576]]
[[1, 0], [184, 197], [-1481, -1576]]
[[1, 0], [184, 197], [-944, -985]]
[[1, 0], [185, 1576], [-187, -1576]]
[[1, 0], [185, 197], [-1489, -1576]]
[[1, 0], [185, 197], [-949, -985]]
[[1, 0], [185, 394], [-189, -394]]
[[1, 0], [185, 394], [-563, -1182]]
[[1, 0], [185, 394], [-745, -1576]]
[[1, 0], [185, 788], [-373, -1576]]
[[1, 0], [186, 197], [-1497, -1576]]
[[1, 0], [186, 197], [-954, -985]]
[[1, 0], [186, 985], [-194, -985]]
[[1, 0], [187, 1182], [-191, -1182]]
[[1, 0], [187, 1576], [-189, -1576]]
[[1, 0], [187, 197], [-1505, -1576]]
[[1, 0], [187, 197], [-959, -985]]
[[1, 0], [187, 394], [-191, -394]]
[[1, 0], [187, 394], [-569, -1182]]
[[1, 0], [187, 394], [-753, -1576]]
[[1, 0], [187, 788], [-377, -1576]]
[[1, 0], [188, 197], [-1513, -1576]]
[[1, 0], [188, 197], [-964, -985]]
[[1, 0], [189, 197], [-1521, -1576]]
[[1, 0], [189, 197], [-969, -985]]
[[1, 0], [189, 394], [-193, -394]]
[[1, 0], [189, 394], [-575, -1182]]
[[1, 0], [189, 394], [-761, -1576]]
[[1, 0], [189, 788], [-381, -1576]]
[[1, 0], [19, 1182], [-23, -1182]]
[[1, 0], [19, 1576], [-21, -1576]]
[[1, 0], [19, 197], [-119, -985]]
[[1, 0], [19, 197], [-161, -1576]]
[[1, 0], [19, 197], [-27, -197]]
[[1, 0], [19, 24], [-1088, -99]]
[[1, 0], [19, 24], [-122, -123]]
[[1, 0], [19, 24], [-1385, -132]]
[[1, 0], [19, 24], [-1631, -816]]
[[1, 0], [19, 24], [-1979, -198]]
[[1, 0], [19, 24], [-2573, -264]]
[[1, 0], [19, 24], [-319, -320]]
[[1, 0], [19, 24], [-3761, -396]]
[[1, 0], [19, 24], [-413, -24]]
[[1, 0], [19, 24], [-494, -33]]
[[1, 0], [19, 24], [-521, -36]]
[[1, 0], [19, 24], [-539, -432]]
[[1, 0], [19, 24], [-55, -28]]
[[1, 0], [19, 24], [-593, -44]]
[[1, 0], [19, 24], [-7325, -792]]
[[1, 0], [19, 24], [-791, -66]]
[[1, 0], [19, 24], [-845, -72]]
[[1, 0], [19, 24], [-989, -88]]
[[1, 0], [19, 36], [-1781, -264]]
[[1, 0], [19, 36], [-4949, -792]]
[[1, 0], [19, 36], [-629, -72]]
[[1, 0], [19, 36], [-725, -88]]
[[1, 0], [19, 394], [-23, -394]]
[[1, 0], [19, 394], [-65, -1182]]
[[1, 0], [19, 394], [-81, -1576]]
[[1, 0], [19, 72], [-1385, -396]]
[[1, 0], [19, 72], [-2573, -792]]
[[1, 0], [19, 72], [-413, -72]]
[[1, 0], [19, 72], [-461, -88]]
[[1, 0], [19, 72], [-494, -99]]
[[1, 0], [19, 72], [-593, -132]]
[[1, 0], [19, 72], [-791, -198]]
[[1, 0], [19, 72], [-989, -264]]
[[1, 0], [19, 788], [-41, -1576]]
[[1, 0], [190, 197], [-1529, -1576]]
[[1, 0], [190, 197], [-198, -197]]
[[1, 0], [190, 197], [-974, -985]]
[[1, 0], [191, 1576], [-193, -1576]]
[[1, 0], [191, 197], [-1537, -1576]]
[[1, 0], [191, 197], [-199, -197]]
[[1, 0], [191, 197], [-979, -985]]
[[1, 0], [191, 394], [-195, -394]]
[[1, 0], [191, 394], [-581, -1182]]
[[1, 0], [191, 394], [-769, -1576]]
[[1, 0], [191, 788], [-385, -1576]]
[[1, 0], [191, 985], [-199, -985]]
[[1, 0], [192, 197], [-1545, -1576]]
[[1, 0], [192, 197], [-200, -197]]
[[1, 0], [192, 197], [-984, -985]]
[[1, 0], [193, 1576], [-195, -1576]]
[[1, 0], [193, 197], [-1553, -1576]]
[[1, 0], [193, 197], [-201, -197]]
[[1, 0], [193, 197], [-989, -985]]
[[1, 0], [193, 394], [-587, -1182]]
[[1, 0], [193, 394], [-777, -1576]]
[[1, 0], [193, 788], [-389, -1576]]
[[1, 0], [194, 197], [-1561, -1576]]
[[1, 0], [194, 197], [-994, -985]]
[[1, 0], [195, 197], [-1569, -1576]]
[[1, 0], [195, 197], [-999, -985]]
[[1, 0], [195, 394], [-199, -394]]
[[1, 0], [195, 394], [-593, -1182]]
[[1, 0], [195, 394], [-785, -1576]]
[[1, 0], [195, 788], [-393, -1576]]
[[1, 0], [196, 197], [-1004, -985]]
[[1, 0], [196, 197], [-1577, -1576]]
[[1, 0], [196, 985], [-204, -985]]
[[1, 0], [199, 1182], [-203, -1182]]
[[1, 0], [199, 1576], [-201, -1576]]
[[1, 0], [199, 264], [-1385, -792]]
[[1, 0], [199, 264], [-593, -264]]
[[1, 0], [199, 264], [-791, -396]]
[[1, 0], [199, 394], [-605, -1182]]
[[1, 0], [199, 394], [-801, -1576]]
[[1, 0], [199, 396], [-989, -792]]
[[1, 0], [199, 788], [-401, -1576]]
[[1, 0], [199, 792], [-593, -792]]
[[1, 0], [2, 197], [-10, -197]]
[[1, 0], [2, 197], [-25, -1576]]
[[1, 0], [2, 197], [-34, -985]]
[[1, 0], [20, 197], [-124, -985]]
[[1, 0], [20, 197], [-169, -1576]]
[[1, 0], [20, 197], [-28, -197]]
[[1, 0], [201, 1576], [-203, -1576]]
[[1, 0], [201, 394], [-611, -1182]]
[[1, 0], [201, 394], [-809, -1576]]
[[1, 0], [201, 400], [-599, -800]]
[[1, 0], [201, 788], [-405, -1576]]
[[1, 0], [201, 985], [-209, -985]]
[[1, 0], [203, 1576], [-205, -1576]]
[[1, 0], [203, 394], [-617, -1182]]
[[1, 0], [203, 394], [-817, -1576]]
[[1, 0], [203, 788], [-409, -1576]]
[[1, 0], [205, 1182], [-209, -1182]]
[[1, 0], [205, 394], [-623, -1182]]
[[1, 0], [205, 394], [-825, -1576]]
[[1, 0], [205, 788], [-413, -1576]]
[[1, 0], [206, 985], [-214, -985]]
[[1, 0], [207, 1576], [-209, -1576]]
[[1, 0], [207, 394], [-629, -1182]]
[[1, 0], [207, 394], [-833, -1576]]
[[1, 0], [207, 788], [-417, -1576]]
[[1, 0], [209, 1576], [-211, -1576]]
[[1, 0], [209, 394], [-635, -1182]]
[[1, 0], [209, 394], [-841, -1576]]
[[1, 0], [209, 788], [-421, -1576]]
[[1, 0], [21, 197], [-129, -985]]
[[1, 0], [21, 197], [-177, -1576]]
[[1, 0], [21, 197], [-29, -197]]
[[1, 0], [21, 394], [-25, -394]]
[[1, 0], [21, 394], [-71, -1182]]
[[1, 0], [21, 394], [-89, -1576]]
[[1, 0], [21, 40], [-167, -168]]
[[1, 0], [21, 40], [-1799, -800]]
[[1, 0], [21, 40], [-659, -880]]
[[1, 0], [21, 788], [-45, -1576]]
[[1, 0], [21, 80], [-239, -160]]
[[1, 0], [21, 80], [-499, -400]]
[[1, 0], [21, 985], [-29, -985]]
[[1, 0], [211, 1182], [-215, -1182]]
[[1, 0], [211, 1576], [-213, -1576]]
[[1, 0], [211, 394], [-641, -1182]]
[[1, 0], [211, 394], [-849, -1576]]
[[1, 0], [211, 788], [-425, -1576]]
[[1, 0], [211, 985], [-219, -985]]
[[1, 0], [213, 394], [-647, -1182]]
[[1, 0], [213, 394], [-857, -1576]]
[[1, 0], [213, 788], [-429, -1576]]
[[1, 0], [215, 1576], [-217, -1576]]
[[1, 0], [215, 394], [-653, -1182]]
[[1, 0], [215, 394], [-865, -1576]]
[[1, 0], [215, 788], [-433, -1576]]
[[1, 0], [216, 985], [-224, -985]]
[[1, 0], [217, 1182], [-221, -1182]]
[[1, 0], [217, 1576], [-219, -1576]]
[[1, 0], [217, 394], [-659, -1182]]
[[1, 0], [217, 394], [-873, -1576]]
[[1, 0], [217, 788], [-437, -1576]]
[[1, 0], [219, 1576], [-221, -1576]]
[[1, 0], [219, 394], [-665, -1182]]
[[1, 0], [219, 394], [-881, -1576]]
[[1, 0], [219, 788], [-441, -1576]]
[[1, 0], [22, 197], [-134, -985]]
[[1, 0], [22, 197], [-185, -1576]]
[[1, 0], [22, 197], [-30, -197]]
[[1, 0], [221, 394], [-671, -1182]]
[[1, 0], [221, 394], [-889, -1576]]
[[1, 0], [221, 788], [-445, -1576]]
[[1, 0], [221, 985], [-229, -985]]
[[1, 0], [223, 1182], [-227, -1182]]
[[1, 0], [223, 1576], [-225, -1576]]
[[1, 0], [223, 394], [-677, -1182]]
[[1, 0], [223, 394], [-897, -1576]]
[[1, 0], [223, 788], [-449, -1576]]
[[1, 0], [225, 1576], [-227, -1576]]
[[1, 0], [225, 394], [-683, -1182]]
[[1, 0], [225, 394], [-905, -1576]]
[[1, 0], [225, 788], [-453, -1576]]
[[1, 0], [226, 985], [-234, -985]]
[[1, 0], [227, 1576], [-229, -1576]]
[[1, 0], [227, 394], [-689, -1182]]
[[1, 0], [227, 394], [-913, -1576]]
[[1, 0], [227, 788], [-457, -1576]]
[[1, 0], [229, 1182], [-233, -1182]]
[[1, 0], [229, 394], [-695, -1182]]
[[1, 0], [229, 394], [-921, -1576]]
[[1, 0], [229, 788], [-461, -1576]]
[[1, 0], [23, 1576], [-25, -1576]]
[[1, 0], [23, 197], [-139, -985]]
[[1, 0], [23, 197], [-193, -1576]]
[[1, 0], [23, 197], [-31, -197]]
[[1, 0], [23, 394], [-27, -394]]
[[1, 0], [23, 394], [-77, -1182]]
[[1, 0], [23, 394], [-97, -1576]]
[[1, 0], [23, 44], [-1517, -264]]
[[1, 0], [23, 44], [-4157, -792]]
[[1, 0], [23, 44], [-557, -72]]
[[1, 0], [23, 44], [-637, -88]]
[[1, 0], [23, 788], [-49, -1576]]
[[1, 0], [23, 88], [-1187, -396]]
[[1, 0], [23, 88], [-2177, -792]]
[[1, 0], [23, 88], [-417, -88]]
[[1, 0], [23, 88], [-527, -132]]
[[1, 0], [23, 88], [-857, -264]]
[[1, 0], [231, 1576], [-233, -1576]]
[[1, 0], [231, 394], [-701, -1182]]
[[1, 0], [231, 394], [-929, -1576]]
[[1, 0], [231, 788], [-465, -1576]]
[[1, 0], [231, 985], [-239, -985]]
[[1, 0], [233, 1576], [-235, -1576]]
[[1, 0], [233, 394], [-707, -1182]]
[[1, 0], [233, 394], [-937, -1576]]
[[1, 0], [233, 788], [-469, -1576]]
[[1, 0], [235, 1182], [-239, -1182]]
[[1, 0], [235, 1576], [-237, -1576]]
[[1, 0], [235, 394], [-713, -1182]]
[[1, 0], [235, 394], [-945, -1576]]
[[1, 0], [235, 788], [-473, -1576]]
[[1, 0], [236, 985], [-244, -985]]
[[1, 0], [237, 394], [-719, -1182]]
[[1, 0], [237, 394], [-953, -1576]]
[[1, 0], [237, 788], [-477, -1576]]
[[1, 0], [239, 1576], [-241, -1576]]
[[1, 0], [239, 394], [-725, -1182]]
[[1, 0], [239, 394], [-961, -1576]]
[[1, 0], [239, 788], [-481, -1576]]
[[1, 0], [24, 197], [-144, -985]]
[[1, 0], [24, 197], [-201, -1576]]
[[1, 0], [24, 197], [-32, -197]]
[[1, 0], [241, 1182], [-245, -1182]]
[[1, 0], [241, 1576], [-243, -1576]]
[[1, 0], [241, 394], [-731, -1182]]
[[1, 0], [241, 394], [-969, -1576]]
[[1, 0], [241, 788], [-485, -1576]]
[[1, 0], [241, 985], [-249, -985]]
[[1, 0], [243, 1576], [-245, -1576]]
[[1, 0], [243, 394], [-737, -1182]]
[[1, 0], [243, 394], [-977, -1576]]
[[1, 0], [243, 788], [-489, -1576]]
[[1, 0], [245, 394], [-743, -1182]]
[[1, 0], [245, 788], [-493, -1576]]
[[1, 0], [246, 985], [-254, -985]]
[[1, 0], [247, 1182], [-251, -1182]]
[[1, 0], [247, 1576], [-249, -1576]]
[[1, 0], [247, 394], [-749, -1182]]
[[1, 0], [247, 394], [-993, -1576]]
[[1, 0], [247, 788], [-497, -1576]]
[[1, 0], [249, 1576], [-251, -1576]]
[[1, 0], [249, 394], [-1001, -1576]]
[[1, 0], [249, 394], [-755, -1182]]
[[1, 0], [249, 788], [-501, -1576]]
[[1, 0], [25, 1182], [-29, -1182]]
[[1, 0], [25, 1576], [-27, -1576]]
[[1, 0], [25, 197], [-149, -985]]
[[1, 0], [25, 197], [-209, -1576]]
[[1, 0], [25, 197], [-33, -197]]
[[1, 0], [25, 32], [-1199, -400]]
[[1, 0], [25, 32], [-179, -40]]
[[1, 0], [25, 32], [-349, -100]]
[[1, 0], [25, 32], [-519, -160]]
[[1, 0], [25, 394], [-105, -1576]]
[[1, 0], [25, 394], [-29, -394]]
[[1, 0], [25, 394], [-83, -1182]]
[[1, 0], [25, 48], [-647, -864]]
[[1, 0], [25, 788], [-53, -1576]]
[[1, 0], [251, 1576], [-253, -1576]]
[[1, 0], [251, 394], [-1009, -1576]]
[[1, 0], [251, 394], [-761, -1182]]
[[1, 0], [251, 788], [-505, -1576]]
[[1, 0], [251, 985], [-259, -985]]
[[1, 0], [253, 1182], [-257, -1182]]
[[1, 0], [253, 394], [-1017, -1576]]
[[1, 0], [253, 394], [-767, -1182]]
[[1, 0], [253, 788], [-509, -1576]]
[[1, 0], [255, 1576], [-257, -1576]]
[[1, 0], [255, 394], [-1025, -1576]]
[[1, 0], [255, 394], [-773, -1182]]
[[1, 0], [255, 788], [-513, -1576]]
[[1, 0], [256, 985], [-264, -985]]
[[1, 0], [257, 1576], [-259, -1576]]
[[1, 0], [257, 394], [-1033, -1576]]
[[1, 0], [257, 394], [-779, -1182]]
[[1, 0], [257, 788], [-517, -1576]]
[[1, 0], [259, 1182], [-263, -1182]]
[[1, 0], [259, 1576], [-261, -1576]]
[[1, 0], [259, 394], [-1041, -1576]]
[[1, 0], [259, 394], [-785, -1182]]
[[1, 0], [259, 788], [-521, -1576]]
[[1, 0], [26, 197], [-154, -985]]
[[1, 0], [26, 197], [-217, -1576]]
[[1, 0], [26, 197], [-34, -197]]
[[1, 0], [26, 985], [-34, -985]]
[[1, 0], [261, 394], [-1049, -1576]]
[[1, 0], [261, 394], [-791, -1182]]
[[1, 0], [261, 788], [-525, -1576]]
[[1, 0], [261, 985], [-269, -985]]
[[1, 0], [263, 1576], [-265, -1576]]
[[1, 0], [263, 394], [-1057, -1576]]
[[1, 0], [263, 394], [-797, -1182]]
[[1, 0], [263, 788], [-529, -1576]]
[[1, 0], [265, 1182], [-269, -1182]]
[[1, 0], [265, 1576], [-267, -1576]]
[[1, 0], [265, 394], [-1065, -1576]]
[[1, 0], [265, 394], [-803, -1182]]
[[1, 0], [265, 788], [-533, -1576]]
[[1, 0], [266, 985], [-274, -985]]
[[1, 0], [267, 1576], [-269, -1576]]
[[1, 0], [267, 394], [-1073, -1576]]
[[1, 0], [267, 394], [-809, -1182]]
[[1, 0], [267, 788], [-537, -1576]]
[[1, 0], [269, 394], [-1081, -1576]]
[[1, 0], [269, 394], [-815, -1182]]
[[1, 0], [269, 788], [-541, -1576]]
[[1, 0], [27, 1576], [-29, -1576]]
[[1, 0], [27, 197], [-159, -985]]
[[1, 0], [27, 197], [-225, -1576]]
[[1, 0], [27, 197], [-35, -197]]
[[1, 0], [27, 394], [-113, -1576]]
[[1, 0], [27, 394], [-31, -394]]
[[1, 0], [27, 394], [-89, -1182]]
[[1, 0], [27, 788], [-57, -1576]]
[[1, 0], [271, 1182], [-275, -1182]]
[[1, 0], [271, 1576], [-273, -1576]]
[[1, 0], [271, 394], [-1089, -1576]]
[[1, 0], [271, 394], [-821, -1182]]
[[1, 0], [271, 788], [-545, -1576]]
[[1, 0], [271, 985], [-279, -985]]
[[1, 0], [273, 1576], [-275, -1576]]
[[1, 0], [273, 394], [-1097, -1576]]
[[1, 0], [273, 394], [-827, -1182]]
[[1, 0], [273, 788], [-549, -1576]]
[[1, 0], [275, 1576], [-277, -1576]]
[[1, 0], [275, 394], [-1105, -1576]]
[[1, 0], [275, 394], [-833, -1182]]
[[1, 0], [275, 788], [-553, -1576]]
[[1, 0], [276, 985], [-284, -985]]
[[1, 0], [277, 1182], [-281, -1182]]
[[1, 0], [277, 394], [-1113, -1576]]
[[1, 0], [277, 394], [-839, -1182]]
[[1, 0], [277, 788], [-557, -1576]]
[[1, 0], [279, 1576], [-281, -1576]]
[[1, 0], [279, 394], [-1121, -1576]]
[[1, 0], [279, 394], [-845, -1182]]
[[1, 0], [279, 788], [-561, -1576]]
[[1, 0], [28, 197], [-164, -985]]
[[1, 0], [28, 197], [-233, -1576]]
[[1, 0], [28, 197], [-36, -197]]
[[1, 0], [281, 1576], [-283, -1576]]
[[1, 0], [281, 394], [-1129, -1576]]
[[1, 0], [281, 394], [-851, -1182]]
[[1, 0], [281, 788], [-565, -1576]]
[[1, 0], [281, 985], [-289, -985]]
[[1, 0], [283, 1182], [-287, -1182]]
[[1, 0], [283, 1576], [-285, -1576]]
[[1, 0], [283, 394], [-1137, -1576]]
[[1, 0], [283, 394], [-857, -1182]]
[[1, 0], [283, 788], [-569, -1576]]
[[1, 0], [285, 394], [-1145, -1576]]
[[1, 0], [285, 394], [-863, -1182]]
[[1, 0], [285, 788], [-573, -1576]]
[[1, 0], [286, 985], [-294, -985]]
[[1, 0], [287, 1576], [-289, -1576]]
[[1, 0], [287, 394], [-1153, -1576]]
[[1, 0], [287, 394], [-869, -1182]]
[[1, 0], [287, 788], [-577, -1576]]
[[1, 0], [289, 1182], [-293, -1182]]
[[1, 0], [289, 1576], [-291, -1576]]
[[1, 0], [289, 394], [-1161, -1576]]
[[1, 0], [289, 394], [-875, -1182]]
[[1, 0], [289, 788], [-581, -1576]]
[[1, 0], [29, 197], [-169, -985]]
[[1, 0], [29, 197], [-241, -1576]]
[[1, 0], [29, 197], [-37, -197]]
[[1, 0], [29, 394], [-121, -1576]]
[[1, 0], [29, 394], [-33, -394]]
[[1, 0], [29, 394], [-95, -1182]]
[[1, 0], [29, 788], [-61, -1576]]
[[1, 0], [291, 1576], [-293, -1576]]
[[1, 0], [291, 394], [-1169, -1576]]
[[1, 0], [291, 394], [-881, -1182]]
[[1, 0], [291, 788], [-585, -1576]]
[[1, 0], [291, 985], [-299, -985]]
[[1, 0], [293, 394], [-1177, -1576]]
[[1, 0], [293, 394], [-887, -1182]]
[[1, 0], [293, 788], [-589, -1576]]
[[1, 0], [295, 1182], [-299, -1182]]
[[1, 0], [295, 1576], [-297, -1576]]
[[1, 0], [295, 394], [-1185, -1576]]
[[1, 0], [295, 394], [-893, -1182]]
[[1, 0], [295, 788], [-593, -1576]]
[[1, 0], [296, 985], [-304, -985]]
[[1, 0], [297, 1576], [-299, -1576]]
[[1, 0], [297, 394], [-1193, -1576]]
[[1, 0], [297, 394], [-899, -1182]]
[[1, 0], [297, 788], [-597, -1576]]
[[1, 0], [299, 1576], [-301, -1576]]
[[1, 0], [299, 394], [-1201, -1576]]
[[1, 0], [299, 394], [-905, -1182]]
[[1, 0], [299, 788], [-601, -1576]]
[[1, 0], [3, 1576], [-5, -1576]]
[[1, 0], [3, 197], [-11, -197]]
[[1, 0], [3, 197], [-33, -1576]]
[[1, 0], [3, 197], [-39, -985]]
[[1, 0], [3, 394], [-17, -1182]]
[[1, 0], [3, 394], [-17, -1576]]
[[1, 0], [3, 394], [-7, -394]]
[[1, 0], [3, 4], [-13397, -264]]
[[1, 0], [3, 4], [-13799, -800]]
[[1, 0], [3, 4], [-1397, -24]]
[[1, 0], [3, 4], [-1479, -1184]]
[[1, 0], [3, 4], [-1577, -1052]]
[[1, 0], [3, 4], [-1577, -1576]]
[[1, 0], [3, 4], [-20297, -796]]
[[1, 0], [3, 4], [-2069, -920]]
[[1, 0], [3, 4], [-2627, -876]]
[[1, 0], [3, 4], [-3009, -860]]
[[1, 0], [3, 4], [-3797, -72]]
[[1, 0], [3, 4], [-39797, -792]]
[[1, 0], [3, 4], [-4367, -832]]
[[1, 0], [3, 4], [-4597, -88]]
[[1, 0], [3, 4], [-5149, -824]]
[[1, 0], [3, 4], [-597, -8]]
[[1, 0], [3, 4], [-615, -32]]
[[1, 0], [3, 4], [-631, -316]]
[[1, 0], [3, 4], [-7307, -812]]
[[1, 0], [3, 4], [-813, -296]]
[[1, 0], [3, 788], [-9, -1576]]
[[1, 0], [3, 8], [-10097, -396]]
[[1, 0], [3, 8], [-1022, -33]]
[[1, 0], [3, 8], [-1087, -272]]
[[1, 0], [3, 8], [-1097, -36]]
[[1, 0], [3, 8], [-1297, -44]]
[[1, 0], [3, 8], [-1439, -160]]
[[1, 0], [3, 8], [-1847, -66]]
[[1, 0], [3, 8], [-1997, -72]]
[[1, 0], [3, 8], [-19997, -792]]
[[1, 0], [3, 8], [-203, -16]]
[[1, 0], [3, 8], [-215, -48]]
[[1, 0], [3, 8], [-237, -238]]
[[1, 0], [3, 8], [-2397, -88]]
[[1, 0], [3, 8], [-251, -144]]
[[1, 0], [3, 8], [-263, -176]]
[[1, 0], [3, 8], [-2672, -99]]
[[1, 0], [3, 8], [-3497, -132]]
[[1, 0], [3, 8], [-3499, -400]]
[[1, 0], [3, 8], [-395, -528]]
[[1, 0], [3, 8], [-395, -788]]
[[1, 0], [3, 8], [-397, -8]]
[[1, 0], [3, 8], [-40, -41]]
[[1, 0], [3, 8], [-409, -40]]
[[1, 0], [3, 8], [-422, -9]]
[[1, 0], [3, 8], [-472, -11]]
[[1, 0], [3, 8], [-497, -12]]
[[1, 0], [3, 8], [-5147, -198]]
[[1, 0], [3, 8], [-647, -18]]
[[1, 0], [3, 8], [-6797, -264]]
[[1, 0], [3, 8], [-747, -22]]
[[1, 0], [3, 8], [-789, -1576]]
[[1, 0], [3, 8], [-797, -24]]
[[1, 0], [30, 197], [-174, -985]]
[[1, 0], [30, 197], [-249, -1576]]
[[1, 0], [30, 197], [-38, -197]]
[[1, 0], [301, 1182], [-305, -1182]]
[[1, 0], [301, 394], [-1209, -1576]]
[[1, 0], [301, 394], [-911, -1182]]
[[1, 0], [301, 400], [-799, -800]]
[[1, 0], [301, 788], [-605, -1576]]
[[1, 0], [301, 985], [-309, -985]]
[[1, 0], [303, 1576], [-305, -1576]]
[[1, 0], [303, 394], [-1217, -1576]]
[[1, 0], [303, 394], [-917, -1182]]
[[1, 0], [303, 788], [-609, -1576]]
[[1, 0], [305, 1576], [-307, -1576]]
[[1, 0], [305, 394], [-1225, -1576]]
[[1, 0], [305, 394], [-923, -1182]]
[[1, 0], [305, 788], [-613, -1576]]
[[1, 0], [306, 985], [-314, -985]]
[[1, 0], [307, 1182], [-311, -1182]]
[[1, 0], [307, 1576], [-309, -1576]]
[[1, 0], [307, 394], [-1233, -1576]]
[[1, 0], [307, 394], [-929, -1182]]
[[1, 0], [307, 788], [-617, -1576]]
[[1, 0], [309, 394], [-1241, -1576]]
[[1, 0], [309, 394], [-935, -1182]]
[[1, 0], [309, 788], [-621, -1576]]
[[1, 0], [31, 1182], [-35, -1182]]
[[1, 0], [31, 120], [-69, -140]]
[[1, 0], [31, 1576], [-33, -1576]]
[[1, 0], [31, 197], [-179, -985]]
[[1, 0], [31, 197], [-257, -1576]]
[[1, 0], [31, 197], [-39, -197]]
[[1, 0], [31, 394], [-101, -1182]]
[[1, 0], [31, 394], [-129, -1576]]
[[1, 0], [31, 394], [-35, -394]]
[[1, 0], [31, 40], [-1999, -800]]
[[1, 0], [31, 40], [-209, -168]]
[[1, 0], [31, 40], [-259, -80]]
[[1, 0], [31, 40], [-549, -200]]
[[1, 0], [31, 40], [-879, -880]]
[[1, 0], [31, 40], [-91, -92]]
[[1, 0], [31, 788], [-65, -1576]]
[[1, 0], [31, 985], [-39, -985]]
[[1, 0], [311, 1576], [-313, -1576]]
[[1, 0], [311, 394], [-1249, -1576]]
[[1, 0], [311, 394], [-941, -1182]]
[[1, 0], [311, 788], [-625, -1576]]
[[1, 0], [311, 985], [-319, -985]]
[[1, 0], [313, 1182], [-317, -1182]]
[[1, 0], [313, 1576], [-315, -1576]]
[[1, 0], [313, 394], [-1257, -1576]]
[[1, 0], [313, 394], [-947, -1182]]
[[1, 0], [313, 788], [-629, -1576]]
[[1, 0], [315, 1576], [-317, -1576]]
[[1, 0], [315, 394], [-1265, -1576]]
[[1, 0], [315, 394], [-953, -1182]]
[[1, 0], [315, 788], [-633, -1576]]
[[1, 0], [316, 985], [-324, -985]]
[[1, 0], [317, 394], [-1273, -1576]]
[[1, 0], [317, 394], [-959, -1182]]
[[1, 0], [317, 788], [-637, -1576]]
[[1, 0], [319, 1182], [-323, -1182]]
[[1, 0], [319, 1576], [-321, -1576]]
[[1, 0], [319, 394], [-1281, -1576]]
[[1, 0], [319, 394], [-965, -1182]]
[[1, 0], [319, 788], [-641, -1576]]
[[1, 0], [32, 197], [-184, -985]]
[[1, 0], [32, 197], [-265, -1576]]
[[1, 0], [32, 197], [-40, -197]]
[[1, 0], [321, 1576], [-323, -1576]]
[[1, 0], [321, 394], [-1289, -1576]]
[[1, 0], [321, 394], [-971, -1182]]
[[1, 0], [321, 788], [-645, -1576]]
[[1, 0], [321, 985], [-329, -985]]
[[1, 0], [323, 1576], [-325, -1576]]
[[1, 0], [323, 394], [-1297, -1576]]
[[1, 0], [323, 394], [-977, -1182]]
[[1, 0], [323, 788], [-649, -1576]]
[[1, 0], [325, 1182], [-329, -1182]]
[[1, 0], [325, 394], [-1305, -1576]]
[[1, 0], [325, 394], [-983, -1182]]
[[1, 0], [325, 788], [-653, -1576]]
[[1, 0], [326, 985], [-334, -985]]
[[1, 0], [327, 1576], [-329, -1576]]
[[1, 0], [327, 394], [-1313, -1576]]
[[1, 0], [327, 394], [-989, -1182]]
[[1, 0], [327, 788], [-657, -1576]]
[[1, 0], [329, 1576], [-331, -1576]]
[[1, 0], [329, 394], [-1321, -1576]]
[[1, 0], [329, 394], [-995, -1182]]
[[1, 0], [329, 788], [-661, -1576]]
[[1, 0], [33, 1576], [-35, -1576]]
[[1, 0], [33, 197], [-189, -985]]
[[1, 0], [33, 197], [-273, -1576]]
[[1, 0], [33, 197], [-41, -197]]
[[1, 0], [33, 394], [-107, -1182]]
[[1, 0], [33, 394], [-137, -1576]]
[[1, 0], [33, 394], [-37, -394]]
[[1, 0], [33, 788], [-69, -1576]]
[[1, 0], [331, 1182], [-335, -1182]]
[[1, 0], [331, 1576], [-333, -1576]]
[[1, 0], [331, 394], [-1001, -1182]]
[[1, 0], [331, 394], [-1329, -1576]]
[[1, 0], [331, 788], [-665, -1576]]
[[1, 0], [331, 985], [-339, -985]]
[[1, 0], [333, 394], [-1007, -1182]]
[[1, 0], [333, 394], [-1337, -1576]]
[[1, 0], [333, 788], [-669, -1576]]
[[1, 0], [335, 1576], [-337, -1576]]
[[1, 0], [335, 394], [-1013, -1182]]
[[1, 0], [335, 394], [-1345, -1576]]
[[1, 0], [335, 788], [-673, -1576]]
[[1, 0], [336, 985], [-344, -985]]
[[1, 0], [337, 1182], [-341, -1182]]
[[1, 0], [337, 1576], [-339, -1576]]
[[1, 0], [337, 394], [-1019, -1182]]
[[1, 0], [337, 394], [-1353, -1576]]
[[1, 0], [337, 788], [-677, -1576]]
[[1, 0], [339, 1576], [-341, -1576]]
[[1, 0], [339, 394], [-1025, -1182]]
[[1, 0], [339, 394], [-1361, -1576]]
[[1, 0], [339, 788], [-681, -1576]]
[[1, 0], [34, 197], [-194, -985]]
[[1, 0], [34, 197], [-281, -1576]]
[[1, 0], [34, 197], [-42, -197]]
[[1, 0], [341, 394], [-1031, -1182]]
[[1, 0], [341, 394], [-1369, -1576]]
[[1, 0], [341, 788], [-685, -1576]]
[[1, 0], [341, 985], [-349, -985]]
[[1, 0], [343, 1182], [-347, -1182]]
[[1, 0], [343, 1576], [-345, -1576]]
[[1, 0], [343, 394], [-1037, -1182]]
[[1, 0], [343, 394], [-1377, -1576]]
[[1, 0], [343, 788], [-689, -1576]]
[[1, 0], [345, 1576], [-347, -1576]]
[[1, 0], [345, 394], [-1043, -1182]]
[[1, 0], [345, 394], [-1385, -1576]]
[[1, 0], [345, 788], [-693, -1576]]
[[1, 0], [346, 985], [-354, -985]]
[[1, 0], [347, 1576], [-349, -1576]]
[[1, 0], [347, 394], [-1049, -1182]]
[[1, 0], [347, 394], [-1393, -1576]]
[[1, 0], [347, 788], [-697, -1576]]
[[1, 0], [349, 1182], [-353, -1182]]
[[1, 0], [349, 394], [-1055, -1182]]
[[1, 0], [349, 394], [-1401, -1576]]
[[1, 0], [349, 788], [-701, -1576]]
[[1, 0], [35, 136], [-407, -816]]
[[1, 0], [35, 1576], [-37, -1576]]
[[1, 0], [35, 197], [-199, -985]]
[[1, 0], [35, 197], [-289, -1576]]
[[1, 0], [35, 197], [-43, -197]]
[[1, 0], [35, 394], [-113, -1182]]
[[1, 0], [35, 394], [-145, -1576]]
[[1, 0], [35, 394], [-39, -394]]
[[1, 0], [35, 788], [-73, -1576]]
[[1, 0], [351, 1576], [-353, -1576]]
[[1, 0], [351, 394], [-1061, -1182]]
[[1, 0], [351, 394], [-1409, -1576]]
[[1, 0], [351, 788], [-705, -1576]]
[[1, 0], [351, 985], [-359, -985]]
[[1, 0], [353, 1576], [-355, -1576]]
[[1, 0], [353, 394], [-1067, -1182]]
[[1, 0], [353, 394], [-1417, -1576]]
[[1, 0], [353, 788], [-709, -1576]]
[[1, 0], [355, 1182], [-359, -1182]]
[[1, 0], [355, 1576], [-357, -1576]]
[[1, 0], [355, 394], [-1073, -1182]]
[[1, 0], [355, 394], [-1425, -1576]]
[[1, 0], [355, 788], [-713, -1576]]
[[1, 0], [356, 985], [-364, -985]]
[[1, 0], [357, 394], [-1079, -1182]]
[[1, 0], [357, 394], [-1433, -1576]]
[[1, 0], [357, 788], [-717, -1576]]
[[1, 0], [359, 1576], [-361, -1576]]
[[1, 0], [359, 394], [-1085, -1182]]
[[1, 0], [359, 394], [-1441, -1576]]
[[1, 0], [359, 788], [-721, -1576]]
[[1, 0], [36, 197], [-204, -985]]
[[1, 0], [36, 197], [-297, -1576]]
[[1, 0], [36, 197], [-44, -197]]
[[1, 0], [36, 985], [-44, -985]]
[[1, 0], [361, 1182], [-365, -1182]]
[[1, 0], [361, 1576], [-363, -1576]]
[[1, 0], [361, 394], [-1091, -1182]]
[[1, 0], [361, 394], [-1449, -1576]]
[[1, 0], [361, 788], [-725, -1576]]
[[1, 0], [361, 985], [-369, -985]]
[[1, 0], [363, 1576], [-365, -1576]]
[[1, 0], [363, 394], [-1097, -1182]]
[[1, 0], [363, 394], [-1457, -1576]]
[[1, 0], [363, 788], [-729, -1576]]
[[1, 0], [365, 394], [-1103, -1182]]
[[1, 0], [365, 394], [-1465, -1576]]
[[1, 0], [365, 788], [-733, -1576]]
[[1, 0], [366, 985], [-374, -985]]
[[1, 0], [367, 1182], [-371, -1182]]
[[1, 0], [367, 1576], [-369, -1576]]
[[1, 0], [367, 394], [-1109, -1182]]
[[1, 0], [367, 394], [-1473, -1576]]
[[1, 0], [367, 788], [-737, -1576]]
[[1, 0], [369, 1576], [-371, -1576]]
[[1, 0], [369, 394], [-1115, -1182]]
[[1, 0], [369, 394], [-1481, -1576]]
[[1, 0], [369, 788], [-741, -1576]]
[[1, 0], [37, 1182], [-41, -1182]]
[[1, 0], [37, 197], [-209, -985]]
[[1, 0], [37, 197], [-305, -1576]]
[[1, 0], [37, 197], [-45, -197]]
[[1, 0], [37, 394], [-119, -1182]]
[[1, 0], [37, 394], [-153, -1576]]
[[1, 0], [37, 394], [-41, -394]]
[[1, 0], [37, 48], [-305, -204]]
[[1, 0], [37, 48], [-75, -76]]
[[1, 0], [37, 48], [-863, -864]]
[[1, 0], [37, 72], [-1055, -264]]
[[1, 0], [37, 72], [-2771, -792]]
[[1, 0], [37, 72], [-483, -88]]
[[1, 0], [37, 788], [-77, -1576]]
[[1, 0], [371, 1576], [-373, -1576]]
[[1, 0], [371, 394], [-1121, -1182]]
[[1, 0], [371, 394], [-1489, -1576]]
[[1, 0], [371, 788], [-745, -1576]]
[[1, 0], [371, 985], [-379, -985]]
[[1, 0], [373, 1182], [-377, -1182]]
[[1, 0], [373, 394], [-1127, -1182]]
[[1, 0], [373, 394], [-1497, -1576]]
[[1, 0], [373, 788], [-749, -1576]]
[[1, 0], [375, 1576], [-377, -1576]]
[[1, 0], [375, 394], [-1133, -1182]]
[[1, 0], [375, 394], [-1505, -1576]]
[[1, 0], [375, 788], [-753, -1576]]
[[1, 0], [376, 985], [-384, -985]]
[[1, 0], [377, 1576], [-379, -1576]]
[[1, 0], [377, 394], [-1139, -1182]]
[[1, 0], [377, 394], [-1513, -1576]]
[[1, 0], [377, 788], [-757, -1576]]
[[1, 0], [379, 1182], [-383, -1182]]
[[1, 0], [379, 1576], [-381, -1576]]
[[1, 0], [379, 394], [-1145, -1182]]
[[1, 0], [379, 394], [-1521, -1576]]
[[1, 0], [379, 788], [-761, -1576]]
[[1, 0], [38, 197], [-214, -985]]
[[1, 0], [38, 197], [-313, -1576]]
[[1, 0], [38, 197], [-46, -197]]
[[1, 0], [381, 394], [-1151, -1182]]
[[1, 0], [381, 394], [-1529, -1576]]
[[1, 0], [381, 788], [-765, -1576]]
[[1, 0], [381, 985], [-389, -985]]
[[1, 0], [383, 1576], [-385, -1576]]
[[1, 0], [383, 394], [-1157, -1182]]
[[1, 0], [383, 394], [-1537, -1576]]
[[1, 0], [383, 394], [-387, -394]]
[[1, 0], [383, 788], [-769, -1576]]
[[1, 0], [385, 1182], [-389, -1182]]
[[1, 0], [385, 1576], [-387, -1576]]
[[1, 0], [385, 394], [-1163, -1182]]
[[1, 0], [385, 394], [-1545, -1576]]
[[1, 0], [385, 788], [-773, -1576]]
[[1, 0], [387, 1576], [-389, -1576]]
[[1, 0], [387, 394], [-1169, -1182]]
[[1, 0], [387, 394], [-1553, -1576]]
[[1, 0], [387, 788], [-777, -1576]]
[[1, 0], [389, 394], [-1175, -1182]]
[[1, 0], [389, 394], [-1561, -1576]]
[[1, 0], [389, 788], [-781, -1576]]
[[1, 0], [39, 1576], [-41, -1576]]
[[1, 0], [39, 197], [-219, -985]]
[[1, 0], [39, 197], [-321, -1576]]
[[1, 0], [39, 197], [-47, -197]]
[[1, 0], [39, 394], [-125, -1182]]
[[1, 0], [39, 394], [-161, -1576]]
[[1, 0], [39, 394], [-43, -394]]
[[1, 0], [39, 788], [-81, -1576]]
[[1, 0], [391, 1182], [-395, -1182]]
[[1, 0], [391, 1576], [-393, -1576]]
[[1, 0], [391, 394], [-1181, -1182]]
[[1, 0], [391, 394], [-1569, -1576]]
[[1, 0], [391, 394], [-395, -394]]
[[1, 0], [391, 788], [-785, -1576]]
[[1, 0], [391, 985], [-399, -985]]
[[1, 0], [393, 1576], [-395, -1576]]
[[1, 0], [393, 394], [-1187, -1182]]
[[1, 0], [393, 394], [-1577, -1576]]
[[1, 0], [393, 788], [-789, -1576]]
[[1, 0], [395, 1576], [-397, -1576]]
[[1, 0], [395, 788], [-793, -1576]]
[[1, 0], [396, 985], [-404, -985]]
[[1, 0], [397, 1182], [-401, -1182]]
[[1, 0], [397, 788], [-797, -1576]]
[[1, 0], [399, 788], [-801, -1576]]
[[1, 0], [4, 197], [-12, -197]]
[[1, 0], [4, 197], [-41, -1576]]
[[1, 0], [4, 197], [-44, -985]]
[[1, 0], [40, 197], [-224, -985]]
[[1, 0], [40, 197], [-329, -1576]]
[[1, 0], [40, 197], [-48, -197]]
[[1, 0], [401, 1576], [-403, -1576]]
[[1, 0], [401, 788], [-805, -1576]]
[[1, 0], [401, 985], [-409, -985]]
[[1, 0], [403, 1182], [-407, -1182]]
[[1, 0], [403, 1576], [-405, -1576]]
[[1, 0], [403, 788], [-809, -1576]]
[[1, 0], [405, 788], [-813, -1576]]
[[1, 0], [406, 985], [-414, -985]]
[[1, 0], [407, 1576], [-409, -1576]]
[[1, 0], [407, 788], [-817, -1576]]
[[1, 0], [409, 1182], [-413, -1182]]
[[1, 0], [409, 1576], [-411, -1576]]
[[1, 0], [409, 788], [-821, -1576]]
[[1, 0], [41, 1576], [-43, -1576]]
[[1, 0], [41, 160], [-199, -200]]
[[1, 0], [41, 160], [-599, -800]]
[[1, 0], [41, 197], [-229, -985]]
[[1, 0], [41, 197], [-337, -1576]]
[[1, 0], [41, 197], [-49, -197]]
[[1, 0], [41, 394], [-131, -1182]]
[[1, 0], [41, 394], [-169, -1576]]
[[1, 0], [41, 394], [-45, -394]]
[[1, 0], [41, 788], [-85, -1576]]
[[1, 0], [41, 80], [-279, -160]]
[[1, 0], [41, 985], [-49, -985]]
[[1, 0], [411, 1576], [-413, -1576]]
[[1, 0], [411, 788], [-825, -1576]]
[[1, 0], [411, 985], [-419, -985]]
[[1, 0], [413, 788], [-829, -1576]]
[[1, 0], [415, 1182], [-419, -1182]]
[[1, 0], [415, 1576], [-417, -1576]]
[[1, 0], [415, 788], [-833, -1576]]
[[1, 0], [416, 985], [-424, -985]]
[[1, 0], [417, 1576], [-419, -1576]]
[[1, 0], [417, 788], [-837, -1576]]
[[1, 0], [419, 1576], [-421, -1576]]
[[1, 0], [419, 788], [-841, -1576]]
[[1, 0], [42, 197], [-234, -985]]
[[1, 0], [42, 197], [-345, -1576]]
[[1, 0], [42, 197], [-50, -197]]
[[1, 0], [421, 1182], [-425, -1182]]
[[1, 0], [421, 788], [-845, -1576]]
[[1, 0], [421, 985], [-429, -985]]
[[1, 0], [423, 1576], [-425, -1576]]
[[1, 0], [423, 788], [-849, -1576]]
[[1, 0], [425, 1576], [-427, -1576]]
[[1, 0], [425, 788], [-853, -1576]]
[[1, 0], [426, 985], [-434, -985]]
[[1, 0], [427, 1182], [-431, -1182]]
[[1, 0], [427, 1576], [-429, -1576]]
[[1, 0], [427, 788], [-857, -1576]]
[[1, 0], [429, 788], [-861, -1576]]
[[1, 0], [43, 1182], [-47, -1182]]
[[1, 0], [43, 1576], [-45, -1576]]
[[1, 0], [43, 197], [-239, -985]]
[[1, 0], [43, 197], [-353, -1576]]
[[1, 0], [43, 197], [-51, -197]]
[[1, 0], [43, 394], [-137, -1182]]
[[1, 0], [43, 394], [-177, -1576]]
[[1, 0], [43, 394], [-47, -394]]
[[1, 0], [43, 788], [-89, -1576]]
[[1, 0], [43, 84], [-209, -280]]
[[1, 0], [431, 1576], [-433, -1576]]
[[1, 0], [431, 788], [-865, -1576]]
[[1, 0], [431, 985], [-439, -985]]
[[1, 0], [433, 1182], [-437, -1182]]
[[1, 0], [433, 1576], [-435, -1576]]
[[1, 0], [433, 788], [-869, -1576]]
[[1, 0], [435, 1576], [-437, -1576]]
[[1, 0], [435, 788], [-873, -1576]]
[[1, 0], [436, 985], [-444, -985]]
[[1, 0], [437, 788], [-877, -1576]]
[[1, 0], [439, 1182], [-443, -1182]]
[[1, 0], [439, 1576], [-441, -1576]]
[[1, 0], [439, 788], [-881, -1576]]
[[1, 0], [44, 197], [-244, -985]]
[[1, 0], [44, 197], [-361, -1576]]
[[1, 0], [44, 197], [-52, -197]]
[[1, 0], [441, 1576], [-443, -1576]]
[[1, 0], [441, 788], [-885, -1576]]
[[1, 0], [441, 985], [-449, -985]]
[[1, 0], [443, 1576], [-445, -1576]]
[[1, 0], [443, 788], [-889, -1576]]
[[1, 0], [445, 1182], [-449, -1182]]
[[1, 0], [445, 788], [-893, -1576]]
[[1, 0], [446, 985], [-454, -985]]
[[1, 0], [447, 1576], [-449, -1576]]
[[1, 0], [447, 788], [-897, -1576]]
[[1, 0], [449, 1576], [-451, -1576]]
[[1, 0], [449, 788], [-901, -1576]]
[[1, 0], [45, 197], [-249, -985]]
[[1, 0], [45, 197], [-369, -1576]]
[[1, 0], [45, 197], [-53, -197]]
[[1, 0], [45, 394], [-143, -1182]]
[[1, 0], [45, 394], [-185, -1576]]
[[1, 0], [45, 394], [-49, -394]]
[[1, 0], [45, 788], [-93, -1576]]
[[1, 0], [45, 88], [-2375, -792]]
[[1, 0], [45, 88], [-923, -264]]
[[1, 0], [451, 1182], [-455, -1182]]
[[1, 0], [451, 1576], [-453, -1576]]
[[1, 0], [451, 788], [-905, -1576]]
[[1, 0], [451, 985], [-459, -985]]
[[1, 0], [453, 788], [-909, -1576]]
[[1, 0], [455, 1576], [-457, -1576]]
[[1, 0], [455, 788], [-913, -1576]]
[[1, 0], [456, 985], [-464, -985]]
[[1, 0], [457, 1182], [-461, -1182]]
[[1, 0], [457, 1576], [-459, -1576]]
[[1, 0], [457, 788], [-917, -1576]]
[[1, 0], [459, 1576], [-461, -1576]]
[[1, 0], [459, 788], [-921, -1576]]
[[1, 0], [46, 197], [-254, -985]]
[[1, 0], [46, 197], [-377, -1576]]
[[1, 0], [46, 197], [-54, -197]]
[[1, 0], [46, 985], [-54, -985]]
[[1, 0], [461, 788], [-925, -1576]]
[[1, 0], [461, 985], [-469, -985]]
[[1, 0], [463, 1182], [-467, -1182]]
[[1, 0], [463, 1576], [-465, -1576]]
[[1, 0], [463, 788], [-929, -1576]]
[[1, 0], [465, 1576], [-467, -1576]]
[[1, 0], [465, 788], [-933, -1576]]
[[1, 0], [466, 985], [-474, -985]]
[[1, 0], [467, 1576], [-469, -1576]]
[[1, 0], [467, 788], [-937, -1576]]
[[1, 0], [469, 1182], [-473, -1182]]
[[1, 0], [469, 788], [-941, -1576]]
[[1, 0], [47, 1576], [-49, -1576]]
[[1, 0], [47, 197], [-259, -985]]
[[1, 0], [47, 197], [-385, -1576]]
[[1, 0], [47, 197], [-55, -197]]
[[1, 0], [47, 394], [-149, -1182]]
[[1, 0], [47, 394], [-193, -1576]]
[[1, 0], [47, 394], [-51, -394]]
[[1, 0], [47, 788], [-97, -1576]]
[[1, 0], [471, 1576], [-473, -1576]]
[[1, 0], [471, 788], [-945, -1576]]
[[1, 0], [471, 985], [-479, -985]]
[[1, 0], [473, 1576], [-475, -1576]]
[[1, 0], [473, 788], [-949, -1576]]
[[1, 0], [475, 1182], [-479, -1182]]
[[1, 0], [475, 1576], [-477, -1576]]
[[1, 0], [475, 788], [-953, -1576]]
[[1, 0], [476, 985], [-484, -985]]
[[1, 0], [477, 788], [-957, -1576]]
[[1, 0], [479, 1576], [-481, -1576]]
[[1, 0], [479, 788], [-961, -1576]]
[[1, 0], [48, 197], [-264, -985]]
[[1, 0], [48, 197], [-393, -1576]]
[[1, 0], [48, 197], [-56, -197]]
[[1, 0], [481, 1182], [-485, -1182]]
[[1, 0], [481, 1576], [-483, -1576]]
[[1, 0], [481, 788], [-965, -1576]]
[[1, 0], [481, 985], [-489, -985]]
[[1, 0], [483, 1576], [-485, -1576]]
[[1, 0], [483, 788], [-969, -1576]]
[[1, 0], [485, 788], [-973, -1576]]
[[1, 0], [486, 985], [-494, -985]]
[[1, 0], [487, 1182], [-491, -1182]]
[[1, 0], [487, 1576], [-489, -1576]]
[[1, 0], [487, 788], [-977, -1576]]
[[1, 0], [489, 1576], [-491, -1576]]
[[1, 0], [489, 788], [-981, -1576]]
[[1, 0], [49, 1182], [-53, -1182]]
[[1, 0], [49, 1576], [-51, -1576]]
[[1, 0], [49, 197], [-269, -985]]
[[1, 0], [49, 197], [-401, -1576]]
[[1, 0], [49, 197], [-57, -197]]
[[1, 0], [49, 394], [-155, -1182]]
[[1, 0], [49, 394], [-201, -1576]]
[[1, 0], [49, 394], [-53, -394]]
[[1, 0], [49, 788], [-101, -1576]]
[[1, 0], [491, 1576], [-493, -1576]]
[[1, 0], [493, 1182], [-497, -1182]]
[[1, 0], [493, 788], [-989, -1576]]
[[1, 0], [495, 1576], [-497, -1576]]
[[1, 0], [495, 788], [-993, -1576]]
[[1, 0], [497, 1576], [-499, -1576]]
[[1, 0], [497, 788], [-997, -1576]]
[[1, 0], [499, 1182], [-503, -1182]]
[[1, 0], [499, 1576], [-501, -1576]]
[[1, 0], [499, 788], [-1001, -1576]]
[[1, 0], [5, 16], [-133, -268]]
[[1, 0], [5, 16], [-169, -68]]
[[1, 0], [5, 16], [-207, -32]]
[[1, 0], [5, 16], [-287, -288]]
[[1, 0], [5, 16], [-3599, -800]]
[[1, 0], [5, 16], [-419, -80]]
[[1, 0], [5, 16], [-527, -1056]]
[[1, 0], [5, 16], [-949, -200]]
[[1, 0], [5, 197], [-13, -197]]
[[1, 0], [5, 197], [-49, -1576]]
[[1, 0], [5, 197], [-49, -985]]
[[1, 0], [5, 394], [-23, -1182]]
[[1, 0], [5, 394], [-25, -1576]]
[[1, 0], [5, 394], [-9, -394]]
[[1, 0], [5, 788], [-13, -1576]]
[[1, 0], [5, 8], [-1155, -272]]
[[1, 0], [5, 8], [-1183, -1576]]
[[1, 0], [5, 8], [-1479, -160]]
[[1, 0], [5, 8], [-2015, -72]]
[[1, 0], [5, 8], [-20195, -792]]
[[1, 0], [5, 8], [-227, -48]]
[[1, 0], [5, 8], [-2419, -88]]
[[1, 0], [5, 8], [-307, -176]]
[[1, 0], [5, 8], [-6863, -264]]
[[1, 0], [5, 8], [-803, -24]]
[[1, 0], [50, 197], [-274, -985]]
[[1, 0], [50, 197], [-409, -1576]]
[[1, 0], [50, 197], [-58, -197]]
[[1, 0], [501, 788], [-1005, -1576]]
[[1, 0], [503, 1576], [-505, -1576]]
[[1, 0], [503, 788], [-1009, -1576]]
[[1, 0], [505, 1182], [-509, -1182]]
[[1, 0], [505, 1576], [-507, -1576]]
[[1, 0], [505, 788], [-1013, -1576]]
[[1, 0], [507, 1576], [-509, -1576]]
[[1, 0], [507, 788], [-1017, -1576]]
[[1, 0], [509, 788], [-1021, -1576]]
[[1, 0], [51, 100], [-999, -800]]
[[1, 0], [51, 1576], [-53, -1576]]
[[1, 0], [51, 197], [-279, -985]]
[[1, 0], [51, 197], [-417, -1576]]
[[1, 0], [51, 197], [-59, -197]]
[[1, 0], [51, 200], [-299, -400]]
[[1, 0], [51, 394], [-161, -1182]]
[[1, 0], [51, 394], [-209, -1576]]
[[1, 0], [51, 394], [-55, -394]]
[[1, 0], [51, 788], [-105, -1576]]
[[1, 0], [51, 985], [-59, -985]]
[[1, 0], [511, 1182], [-515, -1182]]
[[1, 0], [511, 1576], [-513, -1576]]
[[1, 0], [511, 788], [-1025, -1576]]
[[1, 0], [513, 1576], [-515, -1576]]
[[1, 0], [513, 788], [-1029, -1576]]
[[1, 0], [515, 1576], [-517, -1576]]
[[1, 0], [515, 788], [-1033, -1576]]
[[1, 0], [517, 1182], [-521, -1182]]
[[1, 0], [517, 788], [-1037, -1576]]
[[1, 0], [519, 1576], [-521, -1576]]
[[1, 0], [519, 788], [-1041, -1576]]
[[1, 0], [52, 197], [-284, -985]]
[[1, 0], [52, 197], [-425, -1576]]
[[1, 0], [52, 197], [-60, -197]]
[[1, 0], [521, 1576], [-523, -1576]]
[[1, 0], [521, 788], [-1045, -1576]]
[[1, 0], [523, 1182], [-527, -1182]]
[[1, 0], [523, 1576], [-525, -1576]]
[[1, 0], [523, 788], [-1049, -1576]]
[[1, 0], [525, 788], [-1053, -1576]]
[[1, 0], [527, 1576], [-529, -1576]]
[[1, 0], [527, 788], [-1057, -1576]]
[[1, 0], [529, 1182], [-533, -1182]]
[[1, 0], [529, 1576], [-531, -1576]]
[[1, 0], [529, 788], [-1061, -1576]]
[[1, 0], [53, 197], [-289, -985]]
[[1, 0], [53, 197], [-433, -1576]]
[[1, 0], [53, 197], [-61, -197]]
[[1, 0], [53, 394], [-167, -1182]]
[[1, 0], [53, 394], [-217, -1576]]
[[1, 0], [53, 394], [-57, -394]]
[[1, 0], [53, 788], [-109, -1576]]
[[1, 0], [531, 1576], [-533, -1576]]
[[1, 0], [531, 788], [-1065, -1576]]
[[1, 0], [533, 788], [-1069, -1576]]
[[1, 0], [535, 1182], [-539, -1182]]
[[1, 0], [535, 1576], [-537, -1576]]
[[1, 0], [535, 788], [-1073, -1576]]
[[1, 0], [537, 1576], [-539, -1576]]
[[1, 0], [537, 788], [-1077, -1576]]
[[1, 0], [539, 1576], [-541, -1576]]
[[1, 0], [539, 788], [-1081, -1576]]
[[1, 0], [54, 197], [-294, -985]]
[[1, 0], [54, 197], [-441, -1576]]
[[1, 0], [54, 197], [-62, -197]]
[[1, 0], [541, 1182], [-545, -1182]]
[[1, 0], [541, 788], [-1085, -1576]]
[[1, 0], [543, 1576], [-545, -1576]]
[[1, 0], [543, 788], [-1089, -1576]]
[[1, 0], [545, 1576], [-547, -1576]]
[[1, 0], [545, 788], [-1093, -1576]]
[[1, 0], [547, 1182], [-551, -1182]]
[[1, 0], [547, 1576], [-549, -1576]]
[[1, 0], [547, 788], [-1097, -1576]]
[[1, 0], [549, 788], [-1101, -1576]]
[[1, 0], [55, 1182], [-59, -1182]]
[[1, 0], [55, 1576], [-57, -1576]]
[[1, 0], [55, 197], [-299, -985]]
[[1, 0], [55, 197], [-449, -1576]]
[[1, 0], [55, 197], [-63, -197]]
[[1, 0], [55, 394], [-173, -1182]]
[[1, 0], [55, 394], [-225, -1576]]
[[1, 0], [55, 394], [-59, -394]]
[[1, 0], [55, 72], [-1121, -264]]
[[1, 0], [55, 72], [-1583, -396]]
[[1, 0], [55, 72], [-2969, -792]]
[[1, 0], [55, 72], [-449, -72]]
[[1, 0], [55, 72], [-505, -88]]
[[1, 0], [55, 72], [-659, -132]]
[[1, 0], [55, 788], [-113, -1576]]
[[1, 0], [551, 1576], [-553, -1576]]
[[1, 0], [551, 788], [-1105, -1576]]
[[1, 0], [553, 1182], [-557, -1182]]
[[1, 0], [553, 1576], [-555, -1576]]
[[1, 0], [553, 788], [-1109, -1576]]
[[1, 0], [555, 1576], [-557, -1576]]
[[1, 0], [555, 788], [-1113, -1576]]
[[1, 0], [557, 788], [-1117, -1576]]
[[1, 0], [559, 1182], [-563, -1182]]
[[1, 0], [559, 1576], [-561, -1576]]
[[1, 0], [559, 788], [-1121, -1576]]
[[1, 0], [56, 197], [-304, -985]]
[[1, 0], [56, 197], [-457, -1576]]
[[1, 0], [56, 197], [-64, -197]]
[[1, 0], [56, 985], [-64, -985]]
[[1, 0], [561, 1576], [-563, -1576]]
[[1, 0], [561, 788], [-1125, -1576]]
[[1, 0], [563, 1576], [-565, -1576]]
[[1, 0], [563, 788], [-1129, -1576]]
[[1, 0], [565, 1182], [-569, -1182]]
[[1, 0], [565, 788], [-1133, -1576]]
[[1, 0], [567, 1576], [-569, -1576]]
[[1, 0], [567, 788], [-1137, -1576]]
[[1, 0], [569, 1576], [-571, -1576]]
[[1, 0], [569, 788], [-1141, -1576]]
[[1, 0], [57, 1576], [-59, -1576]]
[[1, 0], [57, 197], [-309, -985]]
[[1, 0], [57, 197], [-465, -1576]]
[[1, 0], [57, 197], [-65, -197]]
[[1, 0], [57, 394], [-179, -1182]]
[[1, 0], [57, 394], [-233, -1576]]
[[1, 0], [57, 394], [-61, -394]]
[[1, 0], [57, 788], [-117, -1576]]
[[1, 0], [571, 1182], [-575, -1182]]
[[1, 0], [571, 1576], [-573, -1576]]
[[1, 0], [571, 788], [-1145, -1576]]
[[1, 0], [573, 788], [-1149, -1576]]
[[1, 0], [575, 1576], [-577, -1576]]
[[1, 0], [575, 788], [-1153, -1576]]
[[1, 0], [577, 1182], [-581, -1182]]
[[1, 0], [577, 1576], [-579, -1576]]
[[1, 0], [577, 788], [-1157, -1576]]
[[1, 0], [579, 1576], [-581, -1576]]
[[1, 0], [579, 788], [-1161, -1576]]
[[1, 0], [58, 197], [-314, -985]]
[[1, 0], [58, 197], [-473, -1576]]
[[1, 0], [58, 197], [-66, -197]]
[[1, 0], [581, 788], [-1165, -1576]]
[[1, 0], [583, 1182], [-587, -1182]]
[[1, 0], [583, 1576], [-585, -1576]]
[[1, 0], [583, 788], [-1169, -1576]]
[[1, 0], [585, 1576], [-587, -1576]]
[[1, 0], [585, 788], [-1173, -1576]]
[[1, 0], [587, 1576], [-589, -1576]]
[[1, 0], [587, 788], [-1177, -1576]]
[[1, 0], [589, 1182], [-593, -1182]]
[[1, 0], [589, 788], [-1181, -1576]]
[[1, 0], [59, 1576], [-61, -1576]]
[[1, 0], [59, 197], [-319, -985]]
[[1, 0], [59, 197], [-481, -1576]]
[[1, 0], [59, 197], [-67, -197]]
[[1, 0], [59, 394], [-185, -1182]]
[[1, 0], [59, 394], [-241, -1576]]
[[1, 0], [59, 394], [-63, -394]]
[[1, 0], [59, 788], [-121, -1576]]
[[1, 0], [593, 1576], [-595, -1576]]
[[1, 0], [593, 788], [-1189, -1576]]
[[1, 0], [595, 1576], [-597, -1576]]
[[1, 0], [595, 788], [-1193, -1576]]
[[1, 0], [595, 792], [-989, -792]]
[[1, 0], [597, 788], [-1197, -1576]]
[[1, 0], [599, 1576], [-601, -1576]]
[[1, 0], [599, 788], [-1201, -1576]]
[[1, 0], [6, 197], [-14, -197]]
[[1, 0], [6, 197], [-54, -985]]
[[1, 0], [6, 197], [-57, -1576]]
[[1, 0], [6, 985], [-14, -985]]
[[1, 0], [60, 197], [-324, -985]]
[[1, 0], [60, 197], [-489, -1576]]
[[1, 0], [60, 197], [-68, -197]]
[[1, 0], [601, 1576], [-603, -1576]]
[[1, 0], [601, 788], [-1205, -1576]]
[[1, 0], [603, 1576], [-605, -1576]]
[[1, 0], [603, 788], [-1209, -1576]]
[[1, 0], [605, 788], [-1213, -1576]]
[[1, 0], [607, 1576], [-609, -1576]]
[[1, 0], [607, 788], [-1217, -1576]]
[[1, 0], [609, 1576], [-611, -1576]]
[[1, 0], [609, 788], [-1221, -1576]]
[[1, 0], [61, 1182], [-65, -1182]]
[[1, 0], [61, 197], [-329, -985]]
[[1, 0], [61, 197], [-497, -1576]]
[[1, 0], [61, 197], [-69, -197]]
[[1, 0], [61, 394], [-191, -1182]]
[[1, 0], [61, 394], [-249, -1576]]
[[1, 0], [61, 394], [-65, -394]]
[[1, 0], [61, 788], [-125, -1576]]
[[1, 0], [61, 80], [-319, -160]]
[[1, 0], [61, 80], [-699, -400]]
[[1, 0], [61, 985], [-69, -985]]
[[1, 0], [611, 1576], [-613, -1576]]
[[1, 0], [611, 788], [-1225, -1576]]
[[1, 0], [613, 788], [-1229, -1576]]
[[1, 0], [615, 1576], [-617, -1576]]
[[1, 0], [615, 788], [-1233, -1576]]
[[1, 0], [617, 1576], [-619, -1576]]
[[1, 0], [617, 788], [-1237, -1576]]
[[1, 0], [619, 1576], [-621, -1576]]
[[1, 0], [619, 788], [-1241, -1576]]
[[1, 0], [62, 197], [-334, -985]]
[[1, 0], [62, 197], [-505, -1576]]
[[1, 0], [62, 197], [-70, -197]]
[[1, 0], [621, 788], [-1245, -1576]]
[[1, 0], [623, 1576], [-625, -1576]]
[[1, 0], [623, 788], [-1249, -1576]]
[[1, 0], [625, 1576], [-627, -1576]]
[[1, 0], [625, 788], [-1253, -1576]]
[[1, 0], [627, 1576], [-629, -1576]]
[[1, 0], [627, 788], [-1257, -1576]]
[[1, 0], [629, 788], [-1261, -1576]]
[[1, 0], [63, 1576], [-65, -1576]]
[[1, 0], [63, 197], [-339, -985]]
[[1, 0], [63, 197], [-513, -1576]]
[[1, 0], [63, 197], [-71, -197]]
[[1, 0], [63, 394], [-257, -1576]]
[[1, 0], [63, 394], [-67, -394]]
[[1, 0], [63, 788], [-129, -1576]]
[[1, 0], [631, 1576], [-633, -1576]]
[[1, 0], [631, 788], [-1265, -1576]]
[[1, 0], [633, 1576], [-635, -1576]]
[[1, 0], [633, 788], [-1269, -1576]]
[[1, 0], [635, 1576], [-637, -1576]]
[[1, 0], [635, 788], [-1273, -1576]]
[[1, 0], [637, 788], [-1277, -1576]]
[[1, 0], [639, 1576], [-641, -1576]]
[[1, 0], [639, 788], [-1281, -1576]]
[[1, 0], [64, 197], [-344, -985]]
[[1, 0], [64, 197], [-521, -1576]]
[[1, 0], [64, 197], [-72, -197]]
[[1, 0], [641, 1576], [-643, -1576]]
[[1, 0], [641, 788], [-1285, -1576]]
[[1, 0], [643, 1576], [-645, -1576]]
[[1, 0], [643, 788], [-1289, -1576]]
[[1, 0], [645, 788], [-1293, -1576]]
[[1, 0], [647, 1576], [-649, -1576]]
[[1, 0], [647, 788], [-1297, -1576]]
[[1, 0], [649, 1576], [-651, -1576]]
[[1, 0], [649, 788], [-1301, -1576]]
[[1, 0], [65, 1576], [-67, -1576]]
[[1, 0], [65, 197], [-349, -985]]
[[1, 0], [65, 197], [-529, -1576]]
[[1, 0], [65, 197], [-73, -197]]
[[1, 0], [65, 394], [-203, -1182]]
[[1, 0], [65, 394], [-265, -1576]]
[[1, 0], [65, 394], [-69, -394]]
[[1, 0], [65, 788], [-133, -1576]]
[[1, 0], [651, 1576], [-653, -1576]]
[[1, 0], [651, 788], [-1305, -1576]]
[[1, 0], [653, 788], [-1309, -1576]]
[[1, 0], [655, 1576], [-657, -1576]]
[[1, 0], [655, 788], [-1313, -1576]]
[[1, 0], [657, 1576], [-659, -1576]]
[[1, 0], [657, 788], [-1317, -1576]]
[[1, 0], [659, 1576], [-661, -1576]]
[[1, 0], [659, 788], [-1321, -1576]]
[[1, 0], [66, 197], [-354, -985]]
[[1, 0], [66, 197], [-537, -1576]]
[[1, 0], [66, 197], [-74, -197]]
[[1, 0], [66, 985], [-74, -985]]
[[1, 0], [661, 788], [-1325, -1576]]
[[1, 0], [663, 1576], [-665, -1576]]
[[1, 0], [663, 788], [-1329, -1576]]
[[1, 0], [665, 1576], [-667, -1576]]
[[1, 0], [665, 788], [-1333, -1576]]
[[1, 0], [667, 1576], [-669, -1576]]
[[1, 0], [667, 788], [-1337, -1576]]
[[1, 0], [669, 788], [-1341, -1576]]
[[1, 0], [67, 1182], [-71, -1182]]
[[1, 0], [67, 132], [-1781, -792]]
[[1, 0], [67, 132], [-725, -264]]
[[1, 0], [67, 1576], [-69, -1576]]
[[1, 0], [67, 197], [-359, -985]]
[[1, 0], [67, 197], [-545, -1576]]
[[1, 0], [67, 197], [-75, -197]]
[[1, 0], [67, 264], [-461, -264]]
[[1, 0], [67, 264], [-593, -396]]
[[1, 0], [67, 264], [-989, -792]]
[[1, 0], [67, 394], [-209, -1182]]
[[1, 0], [67, 394], [-273, -1576]]
[[1, 0], [67, 394], [-71, -394]]
[[1, 0], [67, 788], [-137, -1576]]
[[1, 0], [67, 88], [-1385, -396]]
[[1, 0], [67, 88], [-2573, -792]]
[[1, 0], [67, 88], [-461, -88]]
[[1, 0], [67, 88], [-494, -99]]
[[1, 0], [67, 88], [-593, -132]]
[[1, 0], [67, 88], [-791, -198]]
[[1, 0], [67, 88], [-989, -264]]
[[1, 0], [671, 1576], [-673, -1576]]
[[1, 0], [671, 788], [-1345, -1576]]
[[1, 0], [673, 1576], [-675, -1576]]
[[1, 0], [673, 788], [-1349, -1576]]
[[1, 0], [675, 1576], [-677, -1576]]
[[1, 0], [675, 788], [-1353, -1576]]
[[1, 0], [677, 788], [-1357, -1576]]
[[1, 0], [679, 1576], [-681, -1576]]
[[1, 0], [679, 788], [-1361, -1576]]
[[1, 0], [68, 197], [-364, -985]]
[[1, 0], [68, 197], [-553, -1576]]
[[1, 0], [68, 197], [-76, -197]]
[[1, 0], [681, 1576], [-683, -1576]]
[[1, 0], [681, 788], [-1365, -1576]]
[[1, 0], [683, 1576], [-685, -1576]]
[[1, 0], [683, 788], [-1369, -1576]]
[[1, 0], [685, 788], [-1373, -1576]]
[[1, 0], [687, 1576], [-689, -1576]]
[[1, 0], [687, 788], [-1377, -1576]]
[[1, 0], [689, 1576], [-691, -1576]]
[[1, 0], [689, 788], [-1381, -1576]]
[[1, 0], [69, 136], [-611, -816]]
[[1, 0], [69, 197], [-369, -985]]
[[1, 0], [69, 197], [-561, -1576]]
[[1, 0], [69, 197], [-77, -197]]
[[1, 0], [69, 394], [-215, -1182]]
[[1, 0], [69, 394], [-281, -1576]]
[[1, 0], [69, 394], [-73, -394]]
[[1, 0], [69, 788], [-141, -1576]]
[[1, 0], [691, 1576], [-693, -1576]]
[[1, 0], [691, 788], [-1385, -1576]]
[[1, 0], [693, 788], [-1389, -1576]]
[[1, 0], [695, 1576], [-697, -1576]]
[[1, 0], [695, 788], [-1393, -1576]]
[[1, 0], [697, 1576], [-699, -1576]]
[[1, 0], [697, 788], [-1397, -1576]]
[[1, 0], [699, 1576], [-701, -1576]]
[[1, 0], [699, 788], [-1401, -1576]]
[[1, 0], [7, 12], [-1109, -888]]
[[1, 0], [7, 12], [-13661, -792]]
[[1, 0], [7, 12], [-1421, -72]]
[[1, 0], [7, 12], [-1693, -88]]
[[1, 0], [7, 12], [-299, -400]]
[[1, 0], [7, 12], [-4685, -264]]
[[1, 0], [7, 12], [-605, -24]]
[[1, 0], [7, 12], [-75, -16]]
[[1, 0], [7, 12], [-89, -40]]
[[1, 0], [7, 12], [-947, -948]]
[[1, 0], [7, 1576], [-9, -1576]]
[[1, 0], [7, 197], [-15, -197]]
[[1, 0], [7, 197], [-59, -985]]
[[1, 0], [7, 197], [-65, -1576]]
[[1, 0], [7, 24], [-1223, -816]]
[[1, 0], [7, 24], [-1319, -132]]
[[1, 0], [7, 24], [-159, -320]]
[[1, 0], [7, 24], [-209, -210]]
[[1, 0], [7, 24], [-2441, -264]]
[[1, 0], [7, 24], [-323, -432]]
[[1, 0], [7, 24], [-3563, -396]]
[[1, 0], [7, 24], [-401, -24]]
[[1, 0], [7, 24], [-41, -28]]
[[1, 0], [7, 24], [-503, -36]]
[[1, 0], [7, 24], [-571, -44]]
[[1, 0], [7, 24], [-6929, -792]]
[[1, 0], [7, 24], [-809, -72]]
[[1, 0], [7, 24], [-945, -88]]
[[1, 0], [7, 394], [-29, -1182]]
[[1, 0], [7, 394], [-33, -1576]]
[[1, 0], [7, 788], [-17, -1576]]
[[1, 0], [7, 8], [-10295, -396]]
[[1, 0], [7, 8], [-1115, -36]]
[[1, 0], [7, 8], [-1211, -202]]
[[1, 0], [7, 8], [-1223, -272]]
[[1, 0], [7, 8], [-1319, -44]]
[[1, 0], [7, 8], [-1519, -160]]
[[1, 0], [7, 8], [-1577, -1576]]
[[1, 0], [7, 8], [-198, -197]]
[[1, 0], [7, 8], [-2033, -72]]
[[1, 0], [7, 8], [-20393, -792]]
[[1, 0], [7, 8], [-209, -70]]
[[1, 0], [7, 8], [-211, -16]]
[[1, 0], [7, 8], [-239, -48]]
[[1, 0], [7, 8], [-2441, -88]]
[[1, 0], [7, 8], [-323, -144]]
[[1, 0], [7, 8], [-351, -176]]
[[1, 0], [7, 8], [-3563, -132]]
[[1, 0], [7, 8], [-3699, -400]]
[[1, 0], [7, 8], [-395, -394]]
[[1, 0], [7, 8], [-401, -8]]
[[1, 0], [7, 8], [-429, -40]]
[[1, 0], [7, 8], [-503, -12]]
[[1, 0], [7, 8], [-659, -528]]
[[1, 0], [7, 8], [-6929, -264]]
[[1, 0], [7, 8], [-789, -788]]
[[1, 0], [7, 8], [-809, -24]]
[[1, 0], [70, 197], [-374, -985]]
[[1, 0], [70, 197], [-569, -1576]]
[[1, 0], [70, 197], [-78, -197]]
[[1, 0], [701, 788], [-1405, -1576]]
[[1, 0], [703, 1576], [-705, -1576]]
[[1, 0], [703, 788], [-1409, -1576]]
[[1, 0], [705, 1576], [-707, -1576]]
[[1, 0], [705, 788], [-1413, -1576]]
[[1, 0], [707, 1576], [-709, -1576]]
[[1, 0], [707, 788], [-1417, -1576]]
[[1, 0], [709, 788], [-1421, -1576]]
[[1, 0], [71, 1576], [-73, -1576]]
[[1, 0], [71, 197], [-379, -985]]
[[1, 0], [71, 197], [-577, -1576]]
[[1, 0], [71, 197], [-79, -197]]
[[1, 0], [71, 394], [-221, -1182]]
[[1, 0], [71, 394], [-289, -1576]]
[[1, 0], [71, 394], [-75, -394]]
[[1, 0], [71, 788], [-145, -1576]]
[[1, 0], [71, 985], [-79, -985]]
[[1, 0], [711, 1576], [-713, -1576]]
[[1, 0], [711, 788], [-1425, -1576]]
[[1, 0], [713, 1576], [-715, -1576]]
[[1, 0], [713, 788], [-1429, -1576]]
[[1, 0], [715, 1576], [-717, -1576]]
[[1, 0], [715, 788], [-1433, -1576]]
[[1, 0], [717, 788], [-1437, -1576]]
[[1, 0], [719, 1576], [-721, -1576]]
[[1, 0], [719, 788], [-1441, -1576]]
[[1, 0], [72, 197], [-384, -985]]
[[1, 0], [72, 197], [-585, -1576]]
[[1, 0], [72, 197], [-80, -197]]
[[1, 0], [721, 1576], [-723, -1576]]
[[1, 0], [721, 788], [-1445, -1576]]
[[1, 0], [723, 1576], [-725, -1576]]
[[1, 0], [723, 788], [-1449, -1576]]
[[1, 0], [725, 788], [-1453, -1576]]
[[1, 0], [727, 1576], [-729, -1576]]
[[1, 0], [727, 788], [-1457, -1576]]
[[1, 0], [729, 1576], [-731, -1576]]
[[1, 0], [729, 788], [-1461, -1576]]
[[1, 0], [73, 1182], [-77, -1182]]
[[1, 0], [73, 1576], [-75, -1576]]
[[1, 0], [73, 197], [-389, -985]]
[[1, 0], [73, 197], [-593, -1576]]
[[1, 0], [73, 197], [-81, -197]]
[[1, 0], [73, 394], [-227, -1182]]
[[1, 0], [73, 394], [-297, -1576]]
[[1, 0], [73, 394], [-77, -394]]
[[1, 0], [73, 788], [-149, -1576]]
[[1, 0], [731, 1576], [-733, -1576]]
[[1, 0], [731, 788], [-1465, -1576]]
[[1, 0], [733, 788], [-1469, -1576]]
[[1, 0], [735, 1576], [-737, -1576]]
[[1, 0], [735, 788], [-1473, -1576]]
[[1, 0], [737, 1576], [-739, -1576]]
[[1, 0], [737, 788], [-1477, -1576]]
[[1, 0], [739, 1576], [-741, -1576]]
[[1, 0], [739, 788], [-1481, -1576]]
[[1, 0], [74, 197], [-601, -1576]]
[[1, 0], [74, 197], [-82, -197]]
[[1, 0], [741, 788], [-1485, -1576]]
[[1, 0], [743, 1576], [-745, -1576]]
[[1, 0], [743, 788], [-1489, -1576]]
[[1, 0], [745, 1576], [-747, -1576]]
[[1, 0], [745, 788], [-1493, -1576]]
[[1, 0], [747, 1576], [-749, -1576]]
[[1, 0], [747, 788], [-1497, -1576]]
[[1, 0], [749, 788], [-1501, -1576]]
[[1, 0], [75, 1576], [-77, -1576]]
[[1, 0], [75, 197], [-399, -985]]
[[1, 0], [75, 197], [-609, -1576]]
[[1, 0], [75, 197], [-83, -197]]
[[1, 0], [75, 394], [-233, -1182]]
[[1, 0], [75, 394], [-305, -1576]]
[[1, 0], [75, 394], [-79, -394]]
[[1, 0], [75, 788], [-153, -1576]]
[[1, 0], [751, 1576], [-753, -1576]]
[[1, 0], [751, 788], [-1505, -1576]]
[[1, 0], [753, 1576], [-755, -1576]]
[[1, 0], [753, 788], [-1509, -1576]]
[[1, 0], [755, 1576], [-757, -1576]]
[[1, 0], [755, 788], [-1513, -1576]]
[[1, 0], [757, 788], [-1517, -1576]]
[[1, 0], [759, 1576], [-761, -1576]]
[[1, 0], [759, 788], [-1521, -1576]]
[[1, 0], [76, 197], [-404, -985]]
[[1, 0], [76, 197], [-617, -1576]]
[[1, 0], [76, 197], [-84, -197]]
[[1, 0], [76, 985], [-84, -985]]
[[1, 0], [761, 1576], [-763, -1576]]
[[1, 0], [761, 788], [-1525, -1576]]
[[1, 0], [763, 1576], [-765, -1576]]
[[1, 0], [763, 788], [-1529, -1576]]
[[1, 0], [765, 788], [-1533, -1576]]
[[1, 0], [767, 1576], [-769, -1576]]
[[1, 0], [767, 788], [-1537, -1576]]
[[1, 0], [769, 1576], [-771, -1576]]
[[1, 0], [769, 788], [-1541, -1576]]
[[1, 0], [77, 197], [-409, -985]]
[[1, 0], [77, 197], [-625, -1576]]
[[1, 0], [77, 197], [-85, -197]]
[[1, 0], [77, 394], [-239, -1182]]
[[1, 0], [77, 394], [-313, -1576]]
[[1, 0], [77, 394], [-81, -394]]
[[1, 0], [77, 788], [-157, -1576]]
[[1, 0], [771, 1576], [-773, -1576]]
[[1, 0], [771, 788], [-1545, -1576]]
[[1, 0], [773, 788], [-1549, -1576]]
[[1, 0], [775, 1576], [-777, -1576]]
[[1, 0], [775, 788], [-1553, -1576]]
[[1, 0], [777, 1576], [-779, -1576]]
[[1, 0], [777, 788], [-1557, -1576]]
[[1, 0], [779, 1576], [-781, -1576]]
[[1, 0], [779, 788], [-1561, -1576]]
[[1, 0], [78, 197], [-414, -985]]
[[1, 0], [78, 197], [-633, -1576]]
[[1, 0], [78, 197], [-86, -197]]
[[1, 0], [781, 788], [-1565, -1576]]
[[1, 0], [783, 1576], [-785, -1576]]
[[1, 0], [783, 788], [-1569, -1576]]
[[1, 0], [785, 1576], [-787, -1576]]
[[1, 0], [785, 788], [-1573, -1576]]
[[1, 0], [787, 1576], [-789, -1576]]
[[1, 0], [787, 788], [-1577, -1576]]
[[1, 0], [79, 1182], [-83, -1182]]
[[1, 0], [79, 1576], [-81, -1576]]
[[1, 0], [79, 197], [-419, -985]]
[[1, 0], [79, 197], [-641, -1576]]
[[1, 0], [79, 197], [-87, -197]]
[[1, 0], [79, 394], [-245, -1182]]
[[1, 0], [79, 394], [-321, -1576]]
[[1, 0], [79, 394], [-83, -394]]
[[1, 0], [79, 788], [-161, -1576]]
[[1, 0], [793, 1576], [-795, -1576]]
[[1, 0], [8, 197], [-16, -197]]
[[1, 0], [8, 197], [-64, -985]]
[[1, 0], [8, 197], [-73, -1576]]
[[1, 0], [80, 197], [-424, -985]]
[[1, 0], [80, 197], [-649, -1576]]
[[1, 0], [80, 197], [-88, -197]]
[[1, 0], [801, 1576], [-803, -1576]]
[[1, 0], [809, 1576], [-811, -1576]]
[[1, 0], [81, 1576], [-83, -1576]]
[[1, 0], [81, 160], [-249, -200]]
[[1, 0], [81, 160], [-799, -800]]
[[1, 0], [81, 197], [-429, -985]]
[[1, 0], [81, 197], [-657, -1576]]
[[1, 0], [81, 197], [-89, -197]]
[[1, 0], [81, 394], [-251, -1182]]
[[1, 0], [81, 394], [-329, -1576]]
[[1, 0], [81, 394], [-85, -394]]
[[1, 0], [81, 788], [-165, -1576]]
[[1, 0], [81, 985], [-89, -985]]
[[1, 0], [817, 1576], [-819, -1576]]
[[1, 0], [82, 197], [-434, -985]]
[[1, 0], [82, 197], [-665, -1576]]
[[1, 0], [82, 197], [-90, -197]]
[[1, 0], [825, 1576], [-827, -1576]]
[[1, 0], [83, 1576], [-85, -1576]]
[[1, 0], [83, 197], [-439, -985]]
[[1, 0], [83, 197], [-673, -1576]]
[[1, 0], [83, 197], [-91, -197]]
[[1, 0], [83, 394], [-257, -1182]]
[[1, 0], [83, 394], [-337, -1576]]
[[1, 0], [83, 394], [-87, -394]]
[[1, 0], [83, 788], [-169, -1576]]
[[1, 0], [833, 1576], [-835, -1576]]
[[1, 0], [84, 197], [-444, -985]]
[[1, 0], [84, 197], [-681, -1576]]
[[1, 0], [84, 197], [-92, -197]]
[[1, 0], [841, 1576], [-843, -1576]]
[[1, 0], [849, 1576], [-851, -1576]]
[[1, 0], [85, 1182], [-89, -1182]]
[[1, 0], [85, 197], [-449, -985]]
[[1, 0], [85, 197], [-689, -1576]]
[[1, 0], [85, 197], [-93, -197]]
[[1, 0], [85, 394], [-263, -1182]]
[[1, 0], [85, 394], [-345, -1576]]
[[1, 0], [85, 394], [-89, -394]]
[[1, 0], [85, 788], [-173, -1576]]
[[1, 0], [857, 1576], [-859, -1576]]
[[1, 0], [86, 197], [-454, -985]]
[[1, 0], [86, 197], [-697, -1576]]
[[1, 0], [86, 197], [-94, -197]]
[[1, 0], [86, 985], [-94, -985]]
[[1, 0], [865, 1576], [-867, -1576]]
[[1, 0], [87, 1576], [-89, -1576]]
[[1, 0], [87, 197], [-459, -985]]
[[1, 0], [87, 197], [-705, -1576]]
[[1, 0], [87, 197], [-95, -197]]
[[1, 0], [87, 394], [-269, -1182]]
[[1, 0], [87, 394], [-353, -1576]]
[[1, 0], [87, 394], [-91, -394]]
[[1, 0], [87, 788], [-177, -1576]]
[[1, 0], [873, 1576], [-875, -1576]]
[[1, 0], [88, 197], [-464, -985]]
[[1, 0], [88, 197], [-713, -1576]]
[[1, 0], [88, 197], [-96, -197]]
[[1, 0], [881, 1576], [-883, -1576]]
[[1, 0], [889, 1576], [-891, -1576]]
[[1, 0], [89, 1576], [-91, -1576]]
[[1, 0], [89, 197], [-469, -985]]
[[1, 0], [89, 197], [-721, -1576]]
[[1, 0], [89, 197], [-97, -197]]
[[1, 0], [89, 394], [-275, -1182]]
[[1, 0], [89, 394], [-361, -1576]]
[[1, 0], [89, 394], [-93, -394]]
[[1, 0], [89, 788], [-181, -1576]]
[[1, 0], [897, 1576], [-899, -1576]]
[[1, 0], [9, 1576], [-11, -1576]]
[[1, 0], [9, 16], [-215, -32]]
[[1, 0], [9, 16], [-359, -288]]
[[1, 0], [9, 16], [-3799, -800]]
[[1, 0], [9, 16], [-791, -1056]]
[[1, 0], [9, 197], [-17, -197]]
[[1, 0], [9, 197], [-69, -985]]
[[1, 0], [9, 197], [-81, -1576]]
[[1, 0], [9, 32], [-159, -40]]
[[1, 0], [9, 32], [-299, -100]]
[[1, 0], [9, 32], [-439, -160]]
[[1, 0], [9, 32], [-999, -400]]
[[1, 0], [9, 394], [-13, -394]]
[[1, 0], [9, 394], [-35, -1182]]
[[1, 0], [9, 394], [-41, -1576]]
[[1, 0], [9, 788], [-21, -1576]]
[[1, 0], [90, 197], [-474, -985]]
[[1, 0], [90, 197], [-729, -1576]]
[[1, 0], [90, 197], [-98, -197]]
[[1, 0], [905, 1576], [-907, -1576]]
[[1, 0], [91, 1182], [-95, -1182]]
[[1, 0], [91, 120], [-139, -140]]
[[1, 0], [91, 1576], [-93, -1576]]
[[1, 0], [91, 197], [-479, -985]]
[[1, 0], [91, 197], [-737, -1576]]
[[1, 0], [91, 197], [-99, -197]]
[[1, 0], [91, 394], [-281, -1182]]
[[1, 0], [91, 394], [-369, -1576]]
[[1, 0], [91, 394], [-95, -394]]
[[1, 0], [91, 788], [-185, -1576]]
[[1, 0], [91, 985], [-99, -985]]
[[1, 0], [913, 1576], [-915, -1576]]
[[1, 0], [92, 197], [-100, -197]]
[[1, 0], [92, 197], [-484, -985]]
[[1, 0], [92, 197], [-745, -1576]]
[[1, 0], [921, 1576], [-923, -1576]]
[[1, 0], [929, 1576], [-931, -1576]]
[[1, 0], [93, 197], [-101, -197]]
[[1, 0], [93, 197], [-489, -985]]
[[1, 0], [93, 197], [-753, -1576]]
[[1, 0], [93, 394], [-287, -1182]]
[[1, 0], [93, 394], [-377, -1576]]
[[1, 0], [93, 394], [-97, -394]]
[[1, 0], [93, 788], [-189, -1576]]
[[1, 0], [937, 1576], [-939, -1576]]
[[1, 0], [94, 197], [-102, -197]]
[[1, 0], [94, 197], [-494, -985]]
[[1, 0], [94, 197], [-761, -1576]]
[[1, 0], [945, 1576], [-947, -1576]]
[[1, 0], [95, 1576], [-97, -1576]]
[[1, 0], [95, 197], [-499, -985]]
[[1, 0], [95, 197], [-769, -1576]]
[[1, 0], [95, 394], [-293, -1182]]
[[1, 0], [95, 394], [-385, -1576]]
[[1, 0], [95, 394], [-99, -394]]
[[1, 0], [95, 788], [-193, -1576]]
[[1, 0], [953, 1576], [-955, -1576]]
[[1, 0], [96, 197], [-504, -985]]
[[1, 0], [96, 197], [-777, -1576]]
[[1, 0], [96, 985], [-104, -985]]
[[1, 0], [961, 1576], [-963, -1576]]
[[1, 0], [966, 985], [-974, -985]]
[[1, 0], [969, 1576], [-971, -1576]]
[[1, 0], [97, 1182], [-101, -1182]]
[[1, 0], [97, 1576], [-99, -1576]]
[[1, 0], [97, 197], [-509, -985]]
[[1, 0], [97, 197], [-785, -1576]]
[[1, 0], [97, 394], [-101, -394]]
[[1, 0], [97, 394], [-299, -1182]]
[[1, 0], [97, 394], [-393, -1576]]
[[1, 0], [977, 1576], [-979, -1576]]
[[1, 0], [98, 197], [-514, -985]]
[[1, 0], [98, 197], [-793, -1576]]
[[1, 0], [981, 985], [-989, -985]]
[[1, 0], [99, 1576], [-101, -1576]]
[[1, 0], [99, 197], [-519, -985]]
[[1, 0], [99, 197], [-801, -1576]]
[[1, 0], [99, 394], [-103, -394]]
[[1, 0], [99, 394], [-305, -1182]]
[[1, 0], [99, 394], [-401, -1576]]
[[1, 0], [99, 788], [-201, -1576]]
[[1, 0], [993, 1576], [-995, -1576]]
