[[1, 0], [0, 1], [-11648, -363]]
[[1, 0], [0, 1], [-124608, -353]]
[[1, 0], [0, 1], [-128, -11]]
[[1, 0], [0, 1], [-1419, -128]]
[[1, 0], [0, 1], [-3904, -121]]
[[1, 0], [0, 1], [-4235, -384]]
[[1, 0], [0, 1], [-704, -141]]
[[1, 0], [0, 1], [-704, -1]]
[[1, 0], [0, 1], [-704, -5]]
[[1, 0], [0, 1], [-705, -704]]
[[1, 0], [0, 1], [-832, -77]]
[[1, 0], [0, 1], [-8448, -119]]
[[1, 0], [0, 1], [-8448, -71]]
[[1, 0], [1, 118], [-353, -118]]
[[1, 0], [1, 118], [-707, -354]]
[[1, 0], [1, 11], [-1121, -363]]
[[1, 0], [1, 11], [-129, -704]]
[[1, 0], [1, 11], [-171, -473]]
[[1, 0], [1, 11], [-395, -121]]
[[1, 0], [1, 11], [-419, -385]]
[[1, 0], [1, 11], [-69, -55]]
[[1, 0], [1, 120], [-179, -360]]
[[1, 0], [1, 120], [-89, -120]]
[[1, 0], [1, 121], [-131, -363]]
[[1, 0], [1, 121], [-65, -121]]
[[1, 0], [1, 128], [-15, -512]]
[[1, 0], [1, 128], [-23, -128]]
[[1, 0], [1, 128], [-29, -192]]
[[1, 0], [1, 128], [-47, -384]]
[[1, 0], [1, 12], [-107, -132]]
[[1, 0], [1, 12], [-119, -660]]
[[1, 0], [1, 12], [-125, -576]]
[[1, 0], [1, 12], [-139, -128]]
[[1, 0], [1, 12], [-305, -396]]
[[1, 0], [1, 12], [-395, -384]]
[[1, 0], [1, 12], [-41, -44]]
[[1, 0], [1, 12], [-9, -44]]
[[1, 0], [1, 132], [-17, -132]]
[[1, 0], [1, 132], [-35, -396]]
[[1, 0], [1, 144], [-5, -192]]
[[1, 0], [1, 14], [-153, -448]]
[[1, 0], [1, 14], [-23, -66]]
[[1, 0], [1, 14], [-25, -64]]
[[1, 0], [1, 16], [-101, -528]]
[[1, 0], [1, 16], [-107, -128]]
[[1, 0], [1, 16], [-19, -128]]
[[1, 0], [1, 16], [-299, -384]]
[[1, 0], [1, 16], [-35, -176]]
[[1, 0], [1, 16], [-45, -16]]
[[1, 0], [1, 16], [-49, -80]]
[[1, 0], [1, 16], [-53, -144]]
[[1, 0], [1, 16], [-551, -368]]
[[1, 0], [1, 16], [-89, -704]]
[[1, 0], [1, 176], [-5, -176]]
[[1, 0], [1, 176], [-9, -704]]
[[1, 0], [1, 18], [-29, -192]]
[[1, 0], [1, 192], [-35, -384]]
[[1, 0], [1, 21], [-475, -119]]
[[1, 0], [1, 224], [-13, -448]]
[[1, 0], [1, 22], [-305, -374]]
[[1, 0], [1, 22], [-65, -704]]
[[1, 0], [1, 24], [-119, -40]]
[[1, 0], [1, 24], [-179, -72]]
[[1, 0], [1, 24], [-203, -384]]
[[1, 0], [1, 24], [-269, -120]]
[[1, 0], [1, 24], [-719, -360]]
[[1, 0], [1, 24], [-75, -128]]
[[1, 0], [1, 24], [-89, -24]]
[[1, 0], [1, 26], [-5, -64]]
[[1, 0], [1, 2], [-1049, -448]]
[[1, 0], [1, 2], [-10619, -118]]
[[1, 0], [1, 2], [-10739, -358]]
[[1, 0], [1, 2], [-1329, -418]]
[[1, 0], [1, 2], [-153, -64]]
[[1, 0], [1, 2], [-203, -22]]
[[1, 0], [1, 2], [-2315, -384]]
[[1, 0], [1, 2], [-31505, -354]]
[[1, 0], [1, 2], [-3195, -374]]
[[1, 0], [1, 2], [-353, -2]]
[[1, 0], [1, 2], [-705, -704]]
[[1, 0], [1, 2], [-707, -6]]
[[1, 0], [1, 2], [-75, -22]]
[[1, 0], [1, 2], [-779, -128]]
[[1, 0], [1, 2], [-939, -470]]
[[1, 0], [1, 32], [-13, -64]]
[[1, 0], [1, 32], [-155, -384]]
[[1, 0], [1, 32], [-17, -192]]
[[1, 0], [1, 32], [-45, -704]]
[[1, 0], [1, 32], [-59, -128]]
[[1, 0], [1, 32], [-59, -480]]
[[1, 0], [1, 32], [-69, -448]]
[[1, 0], [1, 33], [-153, -121]]
[[1, 0], [1, 33], [-395, -363]]
[[1, 0], [1, 34], [-203, -374]]
[[1, 0], [1, 352], [-5, -704]]
[[1, 0], [1, 353], [-705, -353]]
[[1, 0], [1, 354], [-353, -354]]
[[1, 0], [1, 356], [-177, -356]]
[[1, 0], [1, 35], [-139, -385]]
[[1, 0], [1, 35], [-29, -55]]
[[1, 0], [1, 360], [-89, -360]]
[[1, 0], [1, 363], [-65, -363]]
[[1, 0], [1, 368], [-45, -368]]
[[1, 0], [1, 36], [-107, -396]]
[[1, 0], [1, 36], [-19, -44]]
[[1, 0], [1, 36], [-41, -132]]
[[1, 0], [1, 384], [-23, -384]]
[[1, 0], [1, 38], [-75, -418]]
[[1, 0], [1, 396], [-17, -396]]
[[1, 0], [1, 39], [-25, -143]]
[[1, 0], [1, 3], [-1363, -121]]
[[1, 0], [1, 3], [-1547, -384]]
[[1, 0], [1, 3], [-169, -187]]
[[1, 0], [1, 3], [-237, -7]]
[[1, 0], [1, 3], [-25, -11]]
[[1, 0], [1, 3], [-4025, -363]]
[[1, 0], [1, 3], [-475, -17]]
[[1, 0], [1, 3], [-523, -128]]
[[1, 0], [1, 3], [-845, -423]]
[[1, 0], [1, 3], [-8567, -357]]
[[1, 0], [1, 40], [-125, -72]]
[[1, 0], [1, 40], [-15, -88]]
[[1, 0], [1, 40], [-179, -120]]
[[1, 0], [1, 40], [-449, -360]]
[[1, 0], [1, 40], [-59, -440]]
[[1, 0], [1, 40], [-89, -40]]
[[1, 0], [1, 440], [-9, -440]]
[[1, 0], [1, 44], [-17, -44]]
[[1, 0], [1, 44], [-35, -132]]
[[1, 0], [1, 44], [-43, -484]]
[[1, 0], [1, 44], [-89, -396]]
[[1, 0], [1, 48], [-107, -384]]
[[1, 0], [1, 48], [-13, -176]]
[[1, 0], [1, 48], [-35, -528]]
[[1, 0], [1, 48], [-43, -128]]
[[1, 0], [1, 48], [-5, -64]]
[[1, 0], [1, 48], [-53, -432]]
[[1, 0], [1, 4], [-107, -44]]
[[1, 0], [1, 4], [-1163, -384]]
[[1, 0], [1, 4], [-119, -220]]
[[1, 0], [1, 4], [-125, -192]]
[[1, 0], [1, 4], [-177, -4]]
[[1, 0], [1, 4], [-305, -132]]
[[1, 0], [1, 4], [-353, -704]]
[[1, 0], [1, 4], [-395, -128]]
[[1, 0], [1, 4], [-8009, -356]]
[[1, 0], [1, 4], [-899, -396]]
[[1, 0], [1, 51], [-237, -119]]
[[1, 0], [1, 528], [-5, -528]]
[[1, 0], [1, 55], [-27, -77]]
[[1, 0], [1, 56], [-27, -616]]
[[1, 0], [1, 56], [-41, -448]]
[[1, 0], [1, 56], [-5, -88]]
[[1, 0], [1, 56], [-9, -64]]
[[1, 0], [1, 5], [-139, -55]]
[[1, 0], [1, 5], [-437, -73]]
[[1, 0], [1, 5], [-71, -99]]
[[1, 0], [1, 5], [-8519, -355]]
[[1, 0], [1, 5], [-909, -385]]
[[1, 0], [1, 60], [-9, -220]]
[[1, 0], [1, 64], [-23, -704]]
[[1, 0], [1, 64], [-35, -128]]
[[1, 0], [1, 64], [-83, -384]]
[[1, 0], [1, 66], [-13, -154]]
[[1, 0], [1, 6], [-10619, -354]]
[[1, 0], [1, 6], [-111, -154]]
[[1, 0], [1, 6], [-141, -142]]
[[1, 0], [1, 6], [-267, -128]]
[[1, 0], [1, 6], [-29, -64]]
[[1, 0], [1, 6], [-353, -6]]
[[1, 0], [1, 6], [-3657, -118]]
[[1, 0], [1, 6], [-779, -384]]
[[1, 0], [1, 704], [-3, -704]]
[[1, 0], [1, 71], [-709, -355]]
[[1, 0], [1, 72], [-119, -120]]
[[1, 0], [1, 72], [-269, -360]]
[[1, 0], [1, 72], [-3, -88]]
[[1, 0], [1, 72], [-89, -72]]
[[1, 0], [1, 77], [-69, -385]]
[[1, 0], [1, 7], [-139, -77]]
[[1, 0], [1, 7], [-29, -11]]
[[1, 0], [1, 80], [-19, -640]]
[[1, 0], [1, 80], [-49, -400]]
[[1, 0], [1, 88], [-17, -704]]
[[1, 0], [1, 88], [-29, -440]]
[[1, 0], [1, 88], [-9, -88]]
[[1, 0], [1, 8], [-177, -704]]
[[1, 0], [1, 8], [-179, -24]]
[[1, 0], [1, 8], [-179, -640]]
[[1, 0], [1, 8], [-181, -616]]
[[1, 0], [1, 8], [-203, -128]]
[[1, 0], [1, 8], [-2069, -360]]
[[1, 0], [1, 8], [-207, -512]]
[[1, 0], [1, 8], [-235, -472]]
[[1, 0], [1, 8], [-265, -448]]
[[1, 0], [1, 8], [-269, -40]]
[[1, 0], [1, 8], [-27, -88]]
[[1, 0], [1, 8], [-279, -440]]
[[1, 0], [1, 8], [-317, -424]]
[[1, 0], [1, 8], [-41, -64]]
[[1, 0], [1, 8], [-449, -72]]
[[1, 0], [1, 8], [-489, -392]]
[[1, 0], [1, 8], [-587, -384]]
[[1, 0], [1, 8], [-59, -88]]
[[1, 0], [1, 8], [-719, -120]]
[[1, 0], [1, 8], [-751, -376]]
[[1, 0], [1, 8], [-89, -8]]
[[1, 0], [1, 96], [-17, -576]]
[[1, 0], [1, 96], [-27, -128]]
[[1, 0], [1, 96], [-59, -384]]
[[1, 0], [1, 96], [-9, -160]]
[[1, 0], [10, 11], [-114, -55]]
[[1, 0], [10, 11], [-1418, -363]]
[[1, 0], [10, 11], [-158, -33]]
[[1, 0], [10, 11], [-194, -143]]
[[1, 0], [10, 11], [-494, -121]]
[[1, 0], [10, 11], [-558, -473]]
[[1, 0], [10, 11], [-65, -64]]
[[1, 0], [10, 11], [-705, -704]]
[[1, 0], [10, 11], [-734, -385]]
[[1, 0], [10, 33], [-186, -121]]
[[1, 0], [10, 33], [-194, -429]]
[[1, 0], [10, 33], [-494, -363]]
[[1, 0], [10, 33], [-74, -33]]
[[1, 0], [100, 121], [-428, -363]]
[[1, 0], [100, 363], [-164, -363]]
[[1, 0], [101, 128], [-129, -160]]
[[1, 0], [101, 128], [-179, -192]]
[[1, 0], [101, 128], [-347, -384]]
[[1, 0], [101, 128], [-415, -512]]
[[1, 0], [101, 176], [-105, -176]]
[[1, 0], [101, 176], [-311, -528]]
[[1, 0], [101, 176], [-409, -704]]
[[1, 0], [101, 352], [-205, -704]]
[[1, 0], [101, 440], [-109, -440]]
[[1, 0], [103, 176], [-317, -528]]
[[1, 0], [103, 176], [-417, -704]]
[[1, 0], [103, 192], [-239, -384]]
[[1, 0], [103, 374], [-135, -374]]
[[1, 0], [103, 704], [-105, -704]]
[[1, 0], [105, 128], [-185, -192]]
[[1, 0], [105, 128], [-359, -384]]
[[1, 0], [105, 128], [-431, -512]]
[[1, 0], [105, 176], [-109, -176]]
[[1, 0], [105, 176], [-323, -528]]
[[1, 0], [105, 176], [-425, -704]]
[[1, 0], [105, 352], [-213, -704]]
[[1, 0], [105, 704], [-107, -704]]
[[1, 0], [107, 176], [-329, -528]]
[[1, 0], [107, 176], [-433, -704]]
[[1, 0], [107, 352], [-217, -704]]
[[1, 0], [107, 704], [-109, -704]]
[[1, 0], [109, 128], [-131, -128]]
[[1, 0], [109, 128], [-139, -160]]
[[1, 0], [109, 128], [-191, -192]]
[[1, 0], [109, 128], [-371, -384]]
[[1, 0], [109, 128], [-447, -512]]
[[1, 0], [109, 132], [-125, -132]]
[[1, 0], [109, 132], [-359, -396]]
[[1, 0], [109, 144], [-149, -192]]
[[1, 0], [109, 176], [-113, -176]]
[[1, 0], [109, 176], [-335, -528]]
[[1, 0], [109, 176], [-441, -704]]
[[1, 0], [109, 192], [-251, -384]]
[[1, 0], [109, 352], [-221, -704]]
[[1, 0], [109, 384], [-131, -384]]
[[1, 0], [109, 396], [-125, -396]]
[[1, 0], [109, 528], [-113, -528]]
[[1, 0], [11, 16], [-143, -144]]
[[1, 0], [11, 16], [-145, -176]]
[[1, 0], [11, 16], [-187, -128]]
[[1, 0], [11, 16], [-431, -528]]
[[1, 0], [11, 16], [-529, -704]]
[[1, 0], [11, 16], [-539, -384]]
[[1, 0], [11, 16], [-781, -368]]
[[1, 0], [11, 16], [-99, -128]]
[[1, 0], [11, 16], [-99, -80]]
[[1, 0], [11, 32], [-209, -448]]
[[1, 0], [11, 32], [-209, -480]]
[[1, 0], [11, 32], [-265, -704]]
[[1, 0], [11, 32], [-275, -384]]
[[1, 0], [11, 32], [-33, -64]]
[[1, 0], [11, 32], [-77, -192]]
[[1, 0], [11, 32], [-99, -128]]
[[1, 0], [11, 40], [-143, -72]]
[[1, 0], [11, 40], [-169, -440]]
[[1, 0], [11, 40], [-209, -120]]
[[1, 0], [11, 40], [-37, -88]]
[[1, 0], [11, 40], [-539, -360]]
[[1, 0], [11, 64], [-133, -704]]
[[1, 0], [11, 64], [-143, -384]]
[[1, 0], [11, 64], [-33, -64]]
[[1, 0], [11, 64], [-55, -128]]
[[1, 0], [11, 64], [-55, -224]]
[[1, 0], [11, 64], [-55, -256]]
[[1, 0], [11, 64], [-67, -352]]
[[1, 0], [11, 64], [-77, -192]]
[[1, 0], [11, 80], [-99, -400]]
[[1, 0], [11, 80], [-99, -640]]
[[1, 0], [111, 121], [-175, -121]]
[[1, 0], [111, 121], [-461, -363]]
[[1, 0], [111, 176], [-449, -704]]
[[1, 0], [111, 352], [-225, -704]]
[[1, 0], [111, 704], [-113, -704]]
[[1, 0], [113, 128], [-135, -128]]
[[1, 0], [113, 128], [-197, -192]]
[[1, 0], [113, 128], [-383, -384]]
[[1, 0], [113, 128], [-463, -512]]
[[1, 0], [113, 176], [-117, -176]]
[[1, 0], [113, 176], [-347, -528]]
[[1, 0], [113, 176], [-457, -704]]
[[1, 0], [113, 224], [-237, -448]]
[[1, 0], [113, 352], [-229, -704]]
[[1, 0], [113, 704], [-115, -704]]
[[1, 0], [115, 132], [-377, -396]]
[[1, 0], [115, 176], [-353, -528]]
[[1, 0], [115, 176], [-465, -704]]
[[1, 0], [115, 192], [-263, -384]]
[[1, 0], [115, 352], [-233, -704]]
[[1, 0], [117, 128], [-139, -128]]
[[1, 0], [117, 128], [-149, -160]]
[[1, 0], [117, 128], [-203, -192]]
[[1, 0], [117, 128], [-395, -384]]
[[1, 0], [117, 128], [-479, -512]]
[[1, 0], [117, 176], [-359, -528]]
[[1, 0], [117, 352], [-237, -704]]
[[1, 0], [119, 176], [-365, -528]]
[[1, 0], [119, 176], [-481, -704]]
[[1, 0], [119, 352], [-241, -704]]
[[1, 0], [12, 121], [-164, -363]]
[[1, 0], [12, 121], [-76, -121]]
[[1, 0], [121, 128], [-209, -192]]
[[1, 0], [121, 128], [-407, -384]]
[[1, 0], [121, 128], [-495, -512]]
[[1, 0], [121, 192], [-275, -384]]
[[1, 0], [123, 176], [-377, -528]]
[[1, 0], [123, 176], [-497, -704]]
[[1, 0], [123, 352], [-249, -704]]
[[1, 0], [123, 704], [-125, -704]]
[[1, 0], [125, 128], [-159, -160]]
[[1, 0], [125, 128], [-215, -192]]
[[1, 0], [125, 128], [-419, -384]]
[[1, 0], [125, 128], [-511, -512]]
[[1, 0], [125, 176], [-129, -176]]
[[1, 0], [125, 176], [-383, -528]]
[[1, 0], [125, 176], [-505, -704]]
[[1, 0], [127, 132], [-413, -396]]
[[1, 0], [127, 144], [-173, -192]]
[[1, 0], [127, 176], [-389, -528]]
[[1, 0], [127, 176], [-513, -704]]
[[1, 0], [127, 192], [-287, -384]]
[[1, 0], [127, 224], [-265, -448]]
[[1, 0], [127, 352], [-257, -704]]
[[1, 0], [127, 704], [-129, -704]]
[[1, 0], [129, 176], [-133, -176]]
[[1, 0], [129, 176], [-395, -528]]
[[1, 0], [129, 176], [-521, -704]]
[[1, 0], [129, 352], [-261, -704]]
[[1, 0], [13, 128], [-19, -160]]
[[1, 0], [13, 128], [-35, -128]]
[[1, 0], [13, 128], [-47, -192]]
[[1, 0], [13, 128], [-63, -512]]
[[1, 0], [13, 128], [-83, -384]]
[[1, 0], [13, 132], [-29, -132]]
[[1, 0], [13, 132], [-71, -396]]
[[1, 0], [13, 16], [-109, -80]]
[[1, 0], [13, 16], [-115, -128]]
[[1, 0], [13, 16], [-161, -144]]
[[1, 0], [13, 16], [-167, -176]]
[[1, 0], [13, 16], [-203, -128]]
[[1, 0], [13, 16], [-497, -528]]
[[1, 0], [13, 16], [-57, -16]]
[[1, 0], [13, 16], [-587, -384]]
[[1, 0], [13, 16], [-617, -704]]
[[1, 0], [13, 16], [-827, -368]]
[[1, 0], [13, 176], [-17, -176]]
[[1, 0], [13, 176], [-47, -528]]
[[1, 0], [13, 176], [-57, -704]]
[[1, 0], [13, 192], [-59, -384]]
[[1, 0], [13, 22], [-37, -38]]
[[1, 0], [13, 22], [-449, -704]]
[[1, 0], [13, 22], [-509, -374]]
[[1, 0], [13, 24], [-101, -24]]
[[1, 0], [13, 24], [-139, -128]]
[[1, 0], [13, 24], [-139, -40]]
[[1, 0], [13, 24], [-215, -72]]
[[1, 0], [13, 24], [-329, -120]]
[[1, 0], [13, 24], [-395, -384]]
[[1, 0], [13, 24], [-899, -360]]
[[1, 0], [13, 32], [-107, -128]]
[[1, 0], [13, 32], [-237, -448]]
[[1, 0], [13, 32], [-239, -480]]
[[1, 0], [13, 32], [-299, -384]]
[[1, 0], [13, 32], [-309, -704]]
[[1, 0], [13, 32], [-37, -64]]
[[1, 0], [13, 32], [-89, -192]]
[[1, 0], [13, 33], [-197, -121]]
[[1, 0], [13, 33], [-233, -429]]
[[1, 0], [13, 33], [-527, -363]]
[[1, 0], [13, 352], [-29, -704]]
[[1, 0], [13, 384], [-35, -384]]
[[1, 0], [13, 44], [-175, -484]]
[[1, 0], [13, 44], [-197, -396]]
[[1, 0], [13, 44], [-225, -704]]
[[1, 0], [13, 44], [-29, -44]]
[[1, 0], [13, 44], [-71, -132]]
[[1, 0], [13, 48], [-161, -432]]
[[1, 0], [13, 48], [-167, -528]]
[[1, 0], [13, 48], [-203, -384]]
[[1, 0], [13, 48], [-21, -64]]
[[1, 0], [13, 48], [-57, -176]]
[[1, 0], [13, 48], [-75, -128]]
[[1, 0], [13, 528], [-17, -528]]
[[1, 0], [13, 64], [-155, -384]]
[[1, 0], [13, 64], [-155, -704]]
[[1, 0], [13, 64], [-59, -128]]
[[1, 0], [13, 66], [-41, -154]]
[[1, 0], [13, 88], [-113, -704]]
[[1, 0], [13, 88], [-21, -88]]
[[1, 0], [13, 88], [-89, -440]]
[[1, 0], [13, 96], [-107, -384]]
[[1, 0], [13, 96], [-29, -160]]
[[1, 0], [13, 96], [-43, -128]]
[[1, 0], [13, 96], [-89, -576]]
[[1, 0], [131, 176], [-401, -528]]
[[1, 0], [131, 176], [-529, -704]]
[[1, 0], [131, 352], [-265, -704]]
[[1, 0], [131, 704], [-133, -704]]
[[1, 0], [133, 176], [-137, -176]]
[[1, 0], [133, 176], [-537, -704]]
[[1, 0], [133, 192], [-299, -384]]
[[1, 0], [133, 352], [-269, -704]]
[[1, 0], [133, 363], [-197, -363]]
[[1, 0], [133, 384], [-155, -384]]
[[1, 0], [133, 528], [-137, -528]]
[[1, 0], [135, 176], [-413, -528]]
[[1, 0], [135, 176], [-545, -704]]
[[1, 0], [135, 352], [-273, -704]]
[[1, 0], [135, 704], [-137, -704]]
[[1, 0], [137, 176], [-141, -176]]
[[1, 0], [137, 176], [-419, -528]]
[[1, 0], [137, 176], [-553, -704]]
[[1, 0], [137, 352], [-277, -704]]
[[1, 0], [137, 374], [-169, -374]]
[[1, 0], [137, 704], [-139, -704]]
[[1, 0], [139, 176], [-425, -528]]
[[1, 0], [139, 192], [-311, -384]]
[[1, 0], [139, 352], [-281, -704]]
[[1, 0], [139, 704], [-141, -704]]
[[1, 0], [141, 176], [-145, -176]]
[[1, 0], [141, 176], [-431, -528]]
[[1, 0], [141, 176], [-569, -704]]
[[1, 0], [141, 224], [-293, -448]]
[[1, 0], [141, 352], [-285, -704]]
[[1, 0], [141, 440], [-149, -440]]
[[1, 0], [145, 176], [-149, -176]]
[[1, 0], [145, 176], [-443, -528]]
[[1, 0], [145, 176], [-585, -704]]
[[1, 0], [145, 192], [-323, -384]]
[[1, 0], [145, 352], [-293, -704]]
[[1, 0], [145, 384], [-167, -384]]
[[1, 0], [145, 396], [-161, -396]]
[[1, 0], [145, 528], [-149, -528]]
[[1, 0], [145, 704], [-147, -704]]
[[1, 0], [147, 176], [-449, -528]]
[[1, 0], [147, 176], [-593, -704]]
[[1, 0], [147, 704], [-149, -704]]
[[1, 0], [149, 176], [-153, -176]]
[[1, 0], [149, 176], [-455, -528]]
[[1, 0], [149, 176], [-601, -704]]
[[1, 0], [149, 352], [-301, -704]]
[[1, 0], [15, 16], [-119, -80]]
[[1, 0], [15, 16], [-131, -128]]
[[1, 0], [15, 16], [-179, -144]]
[[1, 0], [15, 16], [-189, -176]]
[[1, 0], [15, 16], [-219, -128]]
[[1, 0], [15, 16], [-563, -528]]
[[1, 0], [15, 16], [-635, -384]]
[[1, 0], [15, 16], [-705, -704]]
[[1, 0], [15, 16], [-873, -368]]
[[1, 0], [15, 176], [-53, -528]]
[[1, 0], [15, 176], [-65, -704]]
[[1, 0], [15, 224], [-41, -448]]
[[1, 0], [15, 22], [-47, -22]]
[[1, 0], [15, 22], [-513, -704]]
[[1, 0], [15, 22], [-543, -374]]
[[1, 0], [15, 32], [-101, -192]]
[[1, 0], [15, 32], [-115, -128]]
[[1, 0], [15, 32], [-265, -448]]
[[1, 0], [15, 32], [-269, -480]]
[[1, 0], [15, 32], [-323, -384]]
[[1, 0], [15, 32], [-353, -704]]
[[1, 0], [15, 32], [-41, -64]]
[[1, 0], [15, 44], [-197, -484]]
[[1, 0], [15, 44], [-215, -396]]
[[1, 0], [15, 44], [-257, -704]]
[[1, 0], [15, 56], [-153, -448]]
[[1, 0], [15, 56], [-181, -616]]
[[1, 0], [15, 56], [-25, -64]]
[[1, 0], [15, 56], [-27, -88]]
[[1, 0], [15, 64], [-167, -384]]
[[1, 0], [15, 64], [-177, -704]]
[[1, 0], [15, 64], [-23, -88]]
[[1, 0], [15, 64], [-37, -64]]
[[1, 0], [15, 64], [-45, -176]]
[[1, 0], [15, 64], [-63, -128]]
[[1, 0], [15, 64], [-69, -224]]
[[1, 0], [15, 64], [-71, -256]]
[[1, 0], [15, 64], [-89, -192]]
[[1, 0], [15, 64], [-89, -352]]
[[1, 0], [15, 704], [-17, -704]]
[[1, 0], [15, 77], [-139, -385]]
[[1, 0], [15, 88], [-129, -704]]
[[1, 0], [151, 176], [-461, -528]]
[[1, 0], [151, 176], [-609, -704]]
[[1, 0], [151, 192], [-335, -384]]
[[1, 0], [151, 352], [-305, -704]]
[[1, 0], [151, 704], [-153, -704]]
[[1, 0], [153, 176], [-157, -176]]
[[1, 0], [153, 176], [-467, -528]]
[[1, 0], [153, 176], [-617, -704]]
[[1, 0], [153, 352], [-309, -704]]
[[1, 0], [153, 704], [-155, -704]]
[[1, 0], [155, 176], [-625, -704]]
[[1, 0], [155, 224], [-321, -448]]
[[1, 0], [155, 352], [-313, -704]]
[[1, 0], [155, 704], [-157, -704]]
[[1, 0], [157, 176], [-161, -176]]
[[1, 0], [157, 176], [-479, -528]]
[[1, 0], [157, 176], [-633, -704]]
[[1, 0], [157, 192], [-347, -384]]
[[1, 0], [157, 352], [-317, -704]]
[[1, 0], [157, 384], [-179, -384]]
[[1, 0], [157, 528], [-161, -528]]
[[1, 0], [159, 176], [-485, -528]]
[[1, 0], [159, 176], [-641, -704]]
[[1, 0], [159, 352], [-321, -704]]
[[1, 0], [16, 33], [-208, -121]]
[[1, 0], [16, 33], [-272, -429]]
[[1, 0], [16, 33], [-560, -363]]
[[1, 0], [16, 33], [-80, -33]]
[[1, 0], [16, 55], [-48, -77]]
[[1, 0], [161, 176], [-491, -528]]
[[1, 0], [161, 352], [-325, -704]]
[[1, 0], [161, 440], [-169, -440]]
[[1, 0], [161, 704], [-163, -704]]
[[1, 0], [163, 176], [-497, -528]]
[[1, 0], [163, 176], [-657, -704]]
[[1, 0], [163, 192], [-359, -384]]
[[1, 0], [163, 352], [-329, -704]]
[[1, 0], [167, 176], [-509, -528]]
[[1, 0], [167, 176], [-673, -704]]
[[1, 0], [167, 352], [-337, -704]]
[[1, 0], [167, 704], [-169, -704]]
[[1, 0], [169, 176], [-173, -176]]
[[1, 0], [169, 176], [-515, -528]]
[[1, 0], [169, 176], [-681, -704]]
[[1, 0], [169, 192], [-371, -384]]
[[1, 0], [169, 224], [-349, -448]]
[[1, 0], [169, 528], [-173, -528]]
[[1, 0], [169, 704], [-171, -704]]
[[1, 0], [17, 128], [-39, -128]]
[[1, 0], [17, 128], [-53, -192]]
[[1, 0], [17, 128], [-79, -512]]
[[1, 0], [17, 128], [-95, -384]]
[[1, 0], [17, 176], [-21, -176]]
[[1, 0], [17, 176], [-59, -528]]
[[1, 0], [17, 176], [-73, -704]]
[[1, 0], [17, 22], [-49, -22]]
[[1, 0], [17, 22], [-577, -374]]
[[1, 0], [17, 22], [-577, -704]]
[[1, 0], [17, 22], [-67, -34]]
[[1, 0], [17, 32], [-113, -192]]
[[1, 0], [17, 32], [-123, -128]]
[[1, 0], [17, 32], [-293, -448]]
[[1, 0], [17, 32], [-299, -480]]
[[1, 0], [17, 32], [-347, -384]]
[[1, 0], [17, 32], [-397, -704]]
[[1, 0], [17, 32], [-45, -64]]
[[1, 0], [17, 352], [-37, -704]]
[[1, 0], [17, 44], [-219, -484]]
[[1, 0], [17, 44], [-233, -396]]
[[1, 0], [17, 44], [-289, -704]]
[[1, 0], [17, 44], [-83, -132]]
[[1, 0], [17, 64], [-179, -384]]
[[1, 0], [17, 64], [-199, -704]]
[[1, 0], [17, 64], [-67, -128]]
[[1, 0], [17, 704], [-19, -704]]
[[1, 0], [17, 88], [-109, -440]]
[[1, 0], [17, 88], [-145, -704]]
[[1, 0], [17, 88], [-25, -88]]
[[1, 0], [171, 176], [-521, -528]]
[[1, 0], [171, 176], [-689, -704]]
[[1, 0], [171, 352], [-345, -704]]
[[1, 0], [171, 374], [-203, -374]]
[[1, 0], [171, 704], [-173, -704]]
[[1, 0], [173, 176], [-177, -176]]
[[1, 0], [173, 176], [-527, -528]]
[[1, 0], [173, 176], [-697, -704]]
[[1, 0], [173, 352], [-349, -704]]
[[1, 0], [175, 176], [-533, -528]]
[[1, 0], [175, 176], [-705, -704]]
[[1, 0], [175, 192], [-197, -192]]
[[1, 0], [175, 192], [-383, -384]]
[[1, 0], [175, 352], [-353, -704]]
[[1, 0], [175, 704], [-177, -704]]
[[1, 0], [177, 352], [-357, -704]]
[[1, 0], [177, 704], [-179, -704]]
[[1, 0], [179, 352], [-361, -704]]
[[1, 0], [179, 704], [-181, -704]]
[[1, 0], [181, 192], [-395, -384]]
[[1, 0], [181, 352], [-365, -704]]
[[1, 0], [181, 360], [-269, -360]]
[[1, 0], [181, 384], [-203, -384]]
[[1, 0], [181, 396], [-197, -396]]
[[1, 0], [181, 440], [-189, -440]]
[[1, 0], [181, 528], [-185, -528]]
[[1, 0], [183, 224], [-377, -448]]
[[1, 0], [183, 352], [-369, -704]]
[[1, 0], [183, 704], [-185, -704]]
[[1, 0], [185, 352], [-373, -704]]
[[1, 0], [185, 368], [-229, -368]]
[[1, 0], [187, 192], [-407, -384]]
[[1, 0], [189, 352], [-381, -704]]
[[1, 0], [19, 132], [-89, -396]]
[[1, 0], [19, 144], [-29, -192]]
[[1, 0], [19, 176], [-65, -528]]
[[1, 0], [19, 176], [-81, -704]]
[[1, 0], [19, 192], [-41, -192]]
[[1, 0], [19, 192], [-71, -384]]
[[1, 0], [19, 22], [-49, -50]]
[[1, 0], [19, 22], [-611, -374]]
[[1, 0], [19, 22], [-641, -704]]
[[1, 0], [19, 24], [-149, -40]]
[[1, 0], [19, 24], [-171, -128]]
[[1, 0], [19, 24], [-233, -72]]
[[1, 0], [19, 24], [-359, -120]]
[[1, 0], [19, 24], [-491, -384]]
[[1, 0], [19, 24], [-989, -360]]
[[1, 0], [19, 32], [-125, -192]]
[[1, 0], [19, 32], [-131, -128]]
[[1, 0], [19, 32], [-321, -448]]
[[1, 0], [19, 32], [-329, -480]]
[[1, 0], [19, 32], [-371, -384]]
[[1, 0], [19, 32], [-441, -704]]
[[1, 0], [19, 32], [-49, -64]]
[[1, 0], [19, 33], [-219, -121]]
[[1, 0], [19, 33], [-311, -429]]
[[1, 0], [19, 33], [-593, -363]]
[[1, 0], [19, 352], [-41, -704]]
[[1, 0], [19, 36], [-107, -132]]
[[1, 0], [19, 36], [-305, -396]]
[[1, 0], [19, 36], [-41, -44]]
[[1, 0], [19, 44], [-241, -484]]
[[1, 0], [19, 44], [-251, -396]]
[[1, 0], [19, 44], [-321, -704]]
[[1, 0], [19, 44], [-89, -132]]
[[1, 0], [19, 48], [-215, -432]]
[[1, 0], [19, 48], [-233, -528]]
[[1, 0], [19, 48], [-251, -384]]
[[1, 0], [19, 48], [-29, -64]]
[[1, 0], [19, 48], [-79, -176]]
[[1, 0], [19, 48], [-91, -128]]
[[1, 0], [19, 64], [-101, -192]]
[[1, 0], [19, 64], [-111, -352]]
[[1, 0], [19, 64], [-191, -384]]
[[1, 0], [19, 64], [-221, -704]]
[[1, 0], [19, 64], [-41, -64]]
[[1, 0], [19, 64], [-71, -128]]
[[1, 0], [19, 64], [-83, -224]]
[[1, 0], [19, 64], [-87, -256]]
[[1, 0], [19, 704], [-21, -704]]
[[1, 0], [19, 72], [-149, -120]]
[[1, 0], [19, 72], [-25, -88]]
[[1, 0], [19, 72], [-359, -360]]
[[1, 0], [19, 88], [-119, -440]]
[[1, 0], [19, 88], [-161, -704]]
[[1, 0], [19, 96], [-125, -576]]
[[1, 0], [19, 96], [-131, -384]]
[[1, 0], [19, 96], [-39, -160]]
[[1, 0], [19, 96], [-51, -128]]
[[1, 0], [191, 704], [-193, -704]]
[[1, 0], [193, 352], [-389, -704]]
[[1, 0], [193, 384], [-215, -384]]
[[1, 0], [193, 528], [-197, -528]]
[[1, 0], [193, 704], [-195, -704]]
[[1, 0], [195, 352], [-393, -704]]
[[1, 0], [195, 704], [-197, -704]]
[[1, 0], [197, 224], [-405, -448]]
[[1, 0], [197, 352], [-397, -704]]
[[1, 0], [199, 352], [-401, -704]]
[[1, 0], [199, 704], [-201, -704]]
[[1, 0], [2, 11], [-1154, -363]]
[[1, 0], [2, 11], [-134, -33]]
[[1, 0], [2, 11], [-193, -704]]
[[1, 0], [2, 11], [-214, -473]]
[[1, 0], [2, 11], [-406, -121]]
[[1, 0], [2, 11], [-454, -385]]
[[1, 0], [2, 11], [-74, -55]]
[[1, 0], [2, 11], [-90, -143]]
[[1, 0], [201, 352], [-405, -704]]
[[1, 0], [201, 704], [-203, -704]]
[[1, 0], [203, 352], [-409, -704]]
[[1, 0], [205, 352], [-413, -704]]
[[1, 0], [207, 352], [-417, -704]]
[[1, 0], [21, 128], [-107, -384]]
[[1, 0], [21, 128], [-29, -160]]
[[1, 0], [21, 128], [-43, -128]]
[[1, 0], [21, 128], [-59, -192]]
[[1, 0], [21, 128], [-95, -512]]
[[1, 0], [21, 176], [-25, -176]]
[[1, 0], [21, 176], [-71, -528]]
[[1, 0], [21, 176], [-89, -704]]
[[1, 0], [21, 22], [-53, -22]]
[[1, 0], [21, 22], [-645, -374]]
[[1, 0], [21, 22], [-65, -64]]
[[1, 0], [21, 22], [-705, -704]]
[[1, 0], [21, 32], [-137, -192]]
[[1, 0], [21, 32], [-139, -128]]
[[1, 0], [21, 32], [-349, -448]]
[[1, 0], [21, 32], [-359, -480]]
[[1, 0], [21, 32], [-395, -384]]
[[1, 0], [21, 32], [-485, -704]]
[[1, 0], [21, 32], [-53, -64]]
[[1, 0], [21, 352], [-45, -704]]
[[1, 0], [21, 40], [-109, -40]]
[[1, 0], [21, 40], [-161, -72]]
[[1, 0], [21, 40], [-239, -120]]
[[1, 0], [21, 40], [-279, -440]]
[[1, 0], [21, 40], [-59, -88]]
[[1, 0], [21, 40], [-629, -360]]
[[1, 0], [21, 440], [-29, -440]]
[[1, 0], [21, 44], [-263, -484]]
[[1, 0], [21, 44], [-269, -396]]
[[1, 0], [21, 44], [-33, -64]]
[[1, 0], [21, 44], [-353, -704]]
[[1, 0], [21, 44], [-37, -44]]
[[1, 0], [21, 44], [-95, -132]]
[[1, 0], [21, 64], [-203, -384]]
[[1, 0], [21, 64], [-243, -704]]
[[1, 0], [21, 64], [-75, -128]]
[[1, 0], [21, 80], [-149, -400]]
[[1, 0], [21, 80], [-179, -640]]
[[1, 0], [21, 88], [-129, -440]]
[[1, 0], [21, 88], [-177, -704]]
[[1, 0], [21, 88], [-29, -88]]
[[1, 0], [211, 224], [-433, -448]]
[[1, 0], [211, 352], [-425, -704]]
[[1, 0], [211, 704], [-213, -704]]
[[1, 0], [215, 352], [-433, -704]]
[[1, 0], [215, 704], [-217, -704]]
[[1, 0], [217, 352], [-437, -704]]
[[1, 0], [217, 396], [-233, -396]]
[[1, 0], [217, 528], [-221, -528]]
[[1, 0], [217, 704], [-219, -704]]
[[1, 0], [219, 352], [-441, -704]]
[[1, 0], [219, 704], [-221, -704]]
[[1, 0], [221, 352], [-445, -704]]
[[1, 0], [221, 440], [-229, -440]]
[[1, 0], [223, 352], [-449, -704]]
[[1, 0], [223, 704], [-225, -704]]
[[1, 0], [225, 352], [-453, -704]]
[[1, 0], [225, 704], [-227, -704]]
[[1, 0], [227, 352], [-457, -704]]
[[1, 0], [227, 704], [-229, -704]]
[[1, 0], [229, 352], [-461, -704]]
[[1, 0], [229, 528], [-233, -528]]
[[1, 0], [23, 121], [-197, -363]]
[[1, 0], [23, 121], [-87, -121]]
[[1, 0], [23, 176], [-97, -704]]
[[1, 0], [23, 32], [-147, -128]]
[[1, 0], [23, 32], [-149, -192]]
[[1, 0], [23, 32], [-377, -448]]
[[1, 0], [23, 32], [-389, -480]]
[[1, 0], [23, 32], [-419, -384]]
[[1, 0], [23, 32], [-529, -704]]
[[1, 0], [23, 32], [-57, -64]]
[[1, 0], [23, 352], [-49, -704]]
[[1, 0], [23, 44], [-101, -132]]
[[1, 0], [23, 44], [-285, -484]]
[[1, 0], [23, 44], [-287, -396]]
[[1, 0], [23, 64], [-103, -256]]
[[1, 0], [23, 64], [-113, -192]]
[[1, 0], [23, 64], [-133, -352]]
[[1, 0], [23, 64], [-215, -384]]
[[1, 0], [23, 64], [-265, -704]]
[[1, 0], [23, 64], [-67, -176]]
[[1, 0], [23, 64], [-79, -128]]
[[1, 0], [23, 64], [-97, -224]]
[[1, 0], [23, 704], [-25, -704]]
[[1, 0], [23, 88], [-139, -440]]
[[1, 0], [23, 88], [-193, -704]]
[[1, 0], [232, 363], [-296, -363]]
[[1, 0], [233, 352], [-469, -704]]
[[1, 0], [233, 704], [-235, -704]]
[[1, 0], [235, 704], [-237, -704]]
[[1, 0], [237, 352], [-477, -704]]
[[1, 0], [239, 352], [-481, -704]]
[[1, 0], [239, 704], [-241, -704]]
[[1, 0], [241, 352], [-485, -704]]
[[1, 0], [241, 384], [-263, -384]]
[[1, 0], [241, 440], [-249, -440]]
[[1, 0], [241, 528], [-245, -528]]
[[1, 0], [241, 704], [-243, -704]]
[[1, 0], [243, 352], [-489, -704]]
[[1, 0], [243, 704], [-245, -704]]
[[1, 0], [245, 352], [-493, -704]]
[[1, 0], [247, 352], [-497, -704]]
[[1, 0], [249, 352], [-501, -704]]
[[1, 0], [249, 704], [-251, -704]]
[[1, 0], [25, 128], [-111, -512]]
[[1, 0], [25, 128], [-119, -384]]
[[1, 0], [25, 128], [-65, -192]]
[[1, 0], [25, 132], [-107, -396]]
[[1, 0], [25, 132], [-41, -132]]
[[1, 0], [25, 176], [-105, -704]]
[[1, 0], [25, 176], [-29, -176]]
[[1, 0], [25, 176], [-83, -528]]
[[1, 0], [25, 192], [-83, -384]]
[[1, 0], [25, 32], [-155, -128]]
[[1, 0], [25, 32], [-161, -192]]
[[1, 0], [25, 32], [-405, -448]]
[[1, 0], [25, 32], [-419, -480]]
[[1, 0], [25, 32], [-443, -384]]
[[1, 0], [25, 32], [-573, -704]]
[[1, 0], [25, 32], [-61, -64]]
[[1, 0], [25, 33], [-241, -121]]
[[1, 0], [25, 33], [-389, -429]]
[[1, 0], [25, 33], [-659, -363]]
[[1, 0], [25, 352], [-53, -704]]
[[1, 0], [25, 44], [-107, -132]]
[[1, 0], [25, 44], [-305, -396]]
[[1, 0], [25, 44], [-307, -484]]
[[1, 0], [25, 44], [-41, -44]]
[[1, 0], [25, 44], [-417, -704]]
[[1, 0], [25, 48], [-101, -176]]
[[1, 0], [25, 48], [-107, -128]]
[[1, 0], [25, 48], [-269, -432]]
[[1, 0], [25, 48], [-299, -384]]
[[1, 0], [25, 48], [-299, -528]]
[[1, 0], [25, 48], [-37, -64]]
[[1, 0], [25, 528], [-29, -528]]
[[1, 0], [25, 64], [-227, -384]]
[[1, 0], [25, 64], [-287, -704]]
[[1, 0], [25, 64], [-83, -128]]
[[1, 0], [25, 66], [-69, -154]]
[[1, 0], [25, 704], [-27, -704]]
[[1, 0], [25, 88], [-149, -440]]
[[1, 0], [25, 96], [-155, -384]]
[[1, 0], [25, 96], [-161, -576]]
[[1, 0], [25, 96], [-49, -160]]
[[1, 0], [25, 96], [-59, -128]]
[[1, 0], [251, 352], [-505, -704]]
[[1, 0], [255, 352], [-513, -704]]
[[1, 0], [255, 704], [-257, -704]]
[[1, 0], [257, 704], [-259, -704]]
[[1, 0], [259, 352], [-521, -704]]
[[1, 0], [259, 704], [-261, -704]]
[[1, 0], [26, 55], [-62, -77]]
[[1, 0], [261, 352], [-525, -704]]
[[1, 0], [261, 440], [-269, -440]]
[[1, 0], [263, 352], [-529, -704]]
[[1, 0], [263, 704], [-265, -704]]
[[1, 0], [265, 352], [-533, -704]]
[[1, 0], [265, 528], [-269, -528]]
[[1, 0], [265, 704], [-267, -704]]
[[1, 0], [267, 352], [-537, -704]]
[[1, 0], [267, 704], [-269, -704]]
[[1, 0], [269, 352], [-541, -704]]
[[1, 0], [27, 176], [-113, -704]]
[[1, 0], [27, 176], [-89, -528]]
[[1, 0], [27, 32], [-163, -128]]
[[1, 0], [27, 32], [-173, -192]]
[[1, 0], [27, 32], [-433, -448]]
[[1, 0], [27, 32], [-449, -480]]
[[1, 0], [27, 32], [-467, -384]]
[[1, 0], [27, 32], [-617, -704]]
[[1, 0], [27, 32], [-65, -64]]
[[1, 0], [27, 352], [-57, -704]]
[[1, 0], [27, 44], [-113, -132]]
[[1, 0], [27, 44], [-323, -396]]
[[1, 0], [27, 44], [-329, -484]]
[[1, 0], [27, 44], [-449, -704]]
[[1, 0], [27, 64], [-111, -224]]
[[1, 0], [27, 64], [-119, -256]]
[[1, 0], [27, 64], [-125, -192]]
[[1, 0], [27, 64], [-155, -352]]
[[1, 0], [27, 64], [-239, -384]]
[[1, 0], [27, 64], [-309, -704]]
[[1, 0], [27, 64], [-87, -128]]
[[1, 0], [27, 88], [-159, -440]]
[[1, 0], [27, 88], [-225, -704]]
[[1, 0], [271, 352], [-545, -704]]
[[1, 0], [271, 704], [-273, -704]]
[[1, 0], [273, 352], [-549, -704]]
[[1, 0], [277, 352], [-557, -704]]
[[1, 0], [277, 368], [-321, -368]]
[[1, 0], [277, 528], [-281, -528]]
[[1, 0], [279, 704], [-281, -704]]
[[1, 0], [28, 33], [-252, -121]]
[[1, 0], [28, 33], [-428, -429]]
[[1, 0], [28, 33], [-44, -45]]
[[1, 0], [28, 33], [-692, -363]]
[[1, 0], [281, 352], [-565, -704]]
[[1, 0], [281, 440], [-289, -440]]
[[1, 0], [281, 704], [-283, -704]]
[[1, 0], [283, 352], [-569, -704]]
[[1, 0], [283, 704], [-285, -704]]
[[1, 0], [285, 352], [-573, -704]]
[[1, 0], [287, 352], [-577, -704]]
[[1, 0], [287, 704], [-289, -704]]
[[1, 0], [289, 352], [-581, -704]]
[[1, 0], [289, 384], [-311, -384]]
[[1, 0], [289, 396], [-305, -396]]
[[1, 0], [289, 528], [-293, -528]]
[[1, 0], [289, 704], [-291, -704]]
[[1, 0], [29, 128], [-127, -512]]
[[1, 0], [29, 128], [-131, -384]]
[[1, 0], [29, 128], [-39, -160]]
[[1, 0], [29, 128], [-51, -128]]
[[1, 0], [29, 128], [-71, -192]]
[[1, 0], [29, 176], [-95, -528]]
[[1, 0], [29, 224], [-69, -448]]
[[1, 0], [29, 32], [-171, -128]]
[[1, 0], [29, 32], [-185, -192]]
[[1, 0], [29, 32], [-461, -448]]
[[1, 0], [29, 32], [-479, -480]]
[[1, 0], [29, 32], [-491, -384]]
[[1, 0], [29, 32], [-661, -704]]
[[1, 0], [29, 32], [-69, -64]]
[[1, 0], [29, 352], [-61, -704]]
[[1, 0], [29, 44], [-119, -132]]
[[1, 0], [29, 44], [-351, -484]]
[[1, 0], [29, 44], [-45, -44]]
[[1, 0], [29, 44], [-481, -704]]
[[1, 0], [29, 56], [-265, -448]]
[[1, 0], [29, 56], [-335, -616]]
[[1, 0], [29, 56], [-41, -64]]
[[1, 0], [29, 56], [-49, -88]]
[[1, 0], [29, 64], [-251, -384]]
[[1, 0], [29, 64], [-331, -704]]
[[1, 0], [29, 64], [-91, -128]]
[[1, 0], [29, 88], [-169, -440]]
[[1, 0], [29, 88], [-241, -704]]
[[1, 0], [29, 88], [-37, -88]]
[[1, 0], [291, 352], [-585, -704]]
[[1, 0], [293, 352], [-589, -704]]
[[1, 0], [295, 352], [-593, -704]]
[[1, 0], [299, 352], [-601, -704]]
[[1, 0], [299, 704], [-301, -704]]
[[1, 0], [3, 11], [-103, -143]]
[[1, 0], [3, 11], [-1187, -363]]
[[1, 0], [3, 11], [-137, -33]]
[[1, 0], [3, 11], [-257, -473]]
[[1, 0], [3, 11], [-257, -704]]
[[1, 0], [3, 11], [-417, -121]]
[[1, 0], [3, 11], [-489, -385]]
[[1, 0], [3, 11], [-67, -11]]
[[1, 0], [3, 11], [-79, -55]]
[[1, 0], [3, 16], [-123, -128]]
[[1, 0], [3, 16], [-167, -528]]
[[1, 0], [3, 16], [-177, -704]]
[[1, 0], [3, 16], [-347, -384]]
[[1, 0], [3, 16], [-35, -128]]
[[1, 0], [3, 16], [-57, -176]]
[[1, 0], [3, 16], [-59, -80]]
[[1, 0], [3, 16], [-597, -368]]
[[1, 0], [3, 16], [-71, -144]]
[[1, 0], [3, 176], [-17, -528]]
[[1, 0], [3, 176], [-17, -704]]
[[1, 0], [3, 22], [-129, -704]]
[[1, 0], [3, 22], [-339, -374]]
[[1, 0], [3, 22], [-35, -22]]
[[1, 0], [3, 32], [-17, -64]]
[[1, 0], [3, 32], [-179, -384]]
[[1, 0], [3, 32], [-29, -192]]
[[1, 0], [3, 32], [-67, -128]]
[[1, 0], [3, 32], [-89, -480]]
[[1, 0], [3, 32], [-89, -704]]
[[1, 0], [3, 32], [-97, -448]]
[[1, 0], [3, 352], [-9, -704]]
[[1, 0], [3, 44], [-107, -396]]
[[1, 0], [3, 44], [-41, -132]]
[[1, 0], [3, 44], [-65, -484]]
[[1, 0], [3, 44], [-65, -704]]
[[1, 0], [3, 4], [-1097, -396]]
[[1, 0], [3, 4], [-129, -44]]
[[1, 0], [3, 4], [-1355, -384]]
[[1, 0], [3, 4], [-221, -192]]
[[1, 0], [3, 4], [-229, -220]]
[[1, 0], [3, 4], [-371, -132]]
[[1, 0], [3, 4], [-459, -128]]
[[1, 0], [3, 4], [-705, -704]]
[[1, 0], [3, 4], [-8187, -356]]
[[1, 0], [3, 64], [-23, -256]]
[[1, 0], [3, 64], [-23, -352]]
[[1, 0], [3, 64], [-25, -64]]
[[1, 0], [3, 64], [-27, -224]]
[[1, 0], [3, 64], [-39, -128]]
[[1, 0], [3, 64], [-45, -704]]
[[1, 0], [3, 64], [-53, -192]]
[[1, 0], [3, 64], [-95, -384]]
[[1, 0], [3, 704], [-5, -704]]
[[1, 0], [3, 88], [-39, -440]]
[[1, 0], [3, 8], [-185, -24]]
[[1, 0], [3, 8], [-2159, -360]]
[[1, 0], [3, 8], [-235, -128]]
[[1, 0], [3, 8], [-279, -40]]
[[1, 0], [3, 8], [-335, -512]]
[[1, 0], [3, 8], [-335, -616]]
[[1, 0], [3, 8], [-339, -640]]
[[1, 0], [3, 8], [-353, -472]]
[[1, 0], [3, 8], [-353, -704]]
[[1, 0], [3, 8], [-377, -448]]
[[1, 0], [3, 8], [-389, -440]]
[[1, 0], [3, 8], [-423, -424]]
[[1, 0], [3, 8], [-467, -72]]
[[1, 0], [3, 8], [-49, -88]]
[[1, 0], [3, 8], [-57, -64]]
[[1, 0], [3, 8], [-587, -392]]
[[1, 0], [3, 8], [-683, -384]]
[[1, 0], [3, 8], [-749, -120]]
[[1, 0], [3, 8], [-81, -88]]
[[1, 0], [3, 8], [-845, -376]]
[[1, 0], [301, 440], [-309, -440]]
[[1, 0], [301, 528], [-305, -528]]
[[1, 0], [303, 352], [-609, -704]]
[[1, 0], [303, 704], [-305, -704]]
[[1, 0], [305, 352], [-613, -704]]
[[1, 0], [305, 704], [-307, -704]]
[[1, 0], [307, 352], [-617, -704]]
[[1, 0], [307, 374], [-339, -374]]
[[1, 0], [307, 704], [-309, -704]]
[[1, 0], [309, 352], [-621, -704]]
[[1, 0], [31, 120], [-269, -360]]
[[1, 0], [31, 132], [-125, -396]]
[[1, 0], [31, 176], [-101, -528]]
[[1, 0], [31, 176], [-129, -704]]
[[1, 0], [31, 192], [-53, -192]]
[[1, 0], [31, 192], [-95, -384]]
[[1, 0], [31, 32], [-179, -128]]
[[1, 0], [31, 32], [-197, -192]]
[[1, 0], [31, 32], [-489, -448]]
[[1, 0], [31, 32], [-509, -480]]
[[1, 0], [31, 32], [-515, -384]]
[[1, 0], [31, 32], [-705, -704]]
[[1, 0], [31, 32], [-73, -64]]
[[1, 0], [31, 33], [-263, -121]]
[[1, 0], [31, 33], [-467, -429]]
[[1, 0], [31, 33], [-725, -363]]
[[1, 0], [31, 352], [-65, -704]]
[[1, 0], [31, 40], [-179, -72]]
[[1, 0], [31, 40], [-269, -120]]
[[1, 0], [31, 40], [-389, -440]]
[[1, 0], [31, 40], [-719, -360]]
[[1, 0], [31, 40], [-81, -88]]
[[1, 0], [31, 44], [-125, -132]]
[[1, 0], [31, 44], [-359, -396]]
[[1, 0], [31, 44], [-373, -484]]
[[1, 0], [31, 44], [-513, -704]]
[[1, 0], [31, 48], [-123, -128]]
[[1, 0], [31, 48], [-123, -176]]
[[1, 0], [31, 48], [-323, -432]]
[[1, 0], [31, 48], [-347, -384]]
[[1, 0], [31, 48], [-365, -528]]
[[1, 0], [31, 48], [-45, -64]]
[[1, 0], [31, 55], [-69, -77]]
[[1, 0], [31, 60], [-119, -220]]
[[1, 0], [31, 64], [-125, -224]]
[[1, 0], [31, 64], [-135, -256]]
[[1, 0], [31, 64], [-137, -192]]
[[1, 0], [31, 64], [-177, -352]]
[[1, 0], [31, 64], [-263, -384]]
[[1, 0], [31, 64], [-353, -704]]
[[1, 0], [31, 64], [-45, -88]]
[[1, 0], [31, 64], [-89, -176]]
[[1, 0], [31, 64], [-95, -128]]
[[1, 0], [31, 66], [-83, -154]]
[[1, 0], [31, 80], [-199, -400]]
[[1, 0], [31, 80], [-259, -640]]
[[1, 0], [31, 88], [-179, -440]]
[[1, 0], [31, 88], [-257, -704]]
[[1, 0], [31, 96], [-179, -384]]
[[1, 0], [31, 96], [-197, -576]]
[[1, 0], [31, 96], [-59, -160]]
[[1, 0], [31, 96], [-67, -128]]
[[1, 0], [311, 352], [-625, -704]]
[[1, 0], [311, 704], [-313, -704]]
[[1, 0], [313, 352], [-629, -704]]
[[1, 0], [313, 528], [-317, -528]]
[[1, 0], [313, 704], [-315, -704]]
[[1, 0], [315, 352], [-633, -704]]
[[1, 0], [315, 704], [-317, -704]]
[[1, 0], [317, 352], [-637, -704]]
[[1, 0], [321, 352], [-645, -704]]
[[1, 0], [321, 440], [-329, -440]]
[[1, 0], [321, 704], [-323, -704]]
[[1, 0], [323, 704], [-325, -704]]
[[1, 0], [325, 352], [-653, -704]]
[[1, 0], [325, 528], [-329, -528]]
[[1, 0], [327, 352], [-657, -704]]
[[1, 0], [327, 704], [-329, -704]]
[[1, 0], [329, 352], [-661, -704]]
[[1, 0], [329, 704], [-331, -704]]
[[1, 0], [33, 128], [-143, -384]]
[[1, 0], [33, 128], [-143, -512]]
[[1, 0], [33, 128], [-55, -128]]
[[1, 0], [33, 128], [-77, -192]]
[[1, 0], [33, 64], [-275, -384]]
[[1, 0], [33, 64], [-375, -704]]
[[1, 0], [33, 64], [-99, -128]]
[[1, 0], [331, 352], [-665, -704]]
[[1, 0], [331, 363], [-395, -363]]
[[1, 0], [331, 704], [-333, -704]]
[[1, 0], [333, 352], [-669, -704]]
[[1, 0], [335, 352], [-673, -704]]
[[1, 0], [337, 352], [-677, -704]]
[[1, 0], [337, 384], [-359, -384]]
[[1, 0], [337, 704], [-339, -704]]
[[1, 0], [339, 352], [-681, -704]]
[[1, 0], [34, 121], [-230, -363]]
[[1, 0], [34, 363], [-98, -363]]
[[1, 0], [343, 352], [-689, -704]]
[[1, 0], [343, 704], [-345, -704]]
[[1, 0], [345, 704], [-347, -704]]
[[1, 0], [347, 352], [-697, -704]]
[[1, 0], [347, 704], [-349, -704]]
[[1, 0], [349, 352], [-701, -704]]
[[1, 0], [349, 528], [-353, -528]]
[[1, 0], [35, 176], [-113, -528]]
[[1, 0], [35, 176], [-145, -704]]
[[1, 0], [35, 352], [-73, -704]]
[[1, 0], [35, 44], [-137, -132]]
[[1, 0], [35, 44], [-395, -396]]
[[1, 0], [35, 44], [-417, -484]]
[[1, 0], [35, 44], [-577, -704]]
[[1, 0], [35, 64], [-103, -128]]
[[1, 0], [35, 64], [-139, -224]]
[[1, 0], [35, 64], [-149, -192]]
[[1, 0], [35, 64], [-151, -256]]
[[1, 0], [35, 64], [-199, -352]]
[[1, 0], [35, 64], [-287, -384]]
[[1, 0], [35, 64], [-397, -704]]
[[1, 0], [35, 704], [-37, -704]]
[[1, 0], [35, 88], [-199, -440]]
[[1, 0], [35, 88], [-289, -704]]
[[1, 0], [351, 352], [-705, -704]]
[[1, 0], [351, 704], [-353, -704]]
[[1, 0], [353, 704], [-355, -704]]
[[1, 0], [36, 55], [-76, -77]]
[[1, 0], [36, 77], [-244, -385]]
[[1, 0], [361, 396], [-377, -396]]
[[1, 0], [361, 440], [-369, -440]]
[[1, 0], [361, 528], [-365, -528]]
[[1, 0], [367, 704], [-369, -704]]
[[1, 0], [369, 704], [-371, -704]]
[[1, 0], [37, 128], [-155, -384]]
[[1, 0], [37, 128], [-159, -512]]
[[1, 0], [37, 128], [-49, -160]]
[[1, 0], [37, 128], [-59, -128]]
[[1, 0], [37, 128], [-83, -192]]
[[1, 0], [37, 132], [-53, -132]]
[[1, 0], [37, 144], [-53, -192]]
[[1, 0], [37, 176], [-119, -528]]
[[1, 0], [37, 176], [-153, -704]]
[[1, 0], [37, 176], [-41, -176]]
[[1, 0], [37, 192], [-107, -384]]
[[1, 0], [37, 384], [-59, -384]]
[[1, 0], [37, 396], [-53, -396]]
[[1, 0], [37, 44], [-413, -396]]
[[1, 0], [37, 44], [-439, -484]]
[[1, 0], [37, 44], [-53, -44]]
[[1, 0], [37, 44], [-609, -704]]
[[1, 0], [37, 48], [-139, -128]]
[[1, 0], [37, 48], [-145, -176]]
[[1, 0], [37, 48], [-377, -432]]
[[1, 0], [37, 48], [-395, -384]]
[[1, 0], [37, 48], [-431, -528]]
[[1, 0], [37, 48], [-53, -64]]
[[1, 0], [37, 528], [-41, -528]]
[[1, 0], [37, 64], [-107, -128]]
[[1, 0], [37, 64], [-299, -384]]
[[1, 0], [37, 64], [-419, -704]]
[[1, 0], [37, 66], [-97, -154]]
[[1, 0], [37, 72], [-125, -72]]
[[1, 0], [37, 72], [-179, -120]]
[[1, 0], [37, 72], [-449, -360]]
[[1, 0], [37, 72], [-47, -88]]
[[1, 0], [37, 88], [-305, -704]]
[[1, 0], [37, 88], [-45, -88]]
[[1, 0], [37, 96], [-203, -384]]
[[1, 0], [37, 96], [-233, -576]]
[[1, 0], [37, 96], [-69, -160]]
[[1, 0], [37, 96], [-75, -128]]
[[1, 0], [373, 384], [-395, -384]]
[[1, 0], [373, 528], [-377, -528]]
[[1, 0], [377, 704], [-379, -704]]
[[1, 0], [381, 440], [-389, -440]]
[[1, 0], [39, 176], [-125, -528]]
[[1, 0], [39, 176], [-161, -704]]
[[1, 0], [39, 352], [-81, -704]]
[[1, 0], [39, 44], [-149, -132]]
[[1, 0], [39, 44], [-431, -396]]
[[1, 0], [39, 44], [-461, -484]]
[[1, 0], [39, 44], [-641, -704]]
[[1, 0], [39, 64], [-111, -128]]
[[1, 0], [39, 64], [-111, -176]]
[[1, 0], [39, 64], [-153, -224]]
[[1, 0], [39, 64], [-161, -192]]
[[1, 0], [39, 64], [-167, -256]]
[[1, 0], [39, 64], [-221, -352]]
[[1, 0], [39, 64], [-311, -384]]
[[1, 0], [39, 64], [-441, -704]]
[[1, 0], [39, 704], [-41, -704]]
[[1, 0], [39, 88], [-219, -440]]
[[1, 0], [39, 88], [-321, -704]]
[[1, 0], [393, 704], [-395, -704]]
[[1, 0], [397, 528], [-401, -528]]
[[1, 0], [4, 11], [-116, -143]]
[[1, 0], [4, 11], [-1220, -363]]
[[1, 0], [4, 11], [-140, -33]]
[[1, 0], [4, 11], [-300, -473]]
[[1, 0], [4, 11], [-321, -704]]
[[1, 0], [4, 11], [-428, -121]]
[[1, 0], [4, 11], [-524, -385]]
[[1, 0], [4, 11], [-68, -11]]
[[1, 0], [4, 11], [-84, -55]]
[[1, 0], [4, 33], [-116, -429]]
[[1, 0], [4, 33], [-164, -121]]
[[1, 0], [4, 33], [-428, -363]]
[[1, 0], [4, 33], [-68, -33]]
[[1, 0], [401, 440], [-409, -440]]
[[1, 0], [401, 704], [-403, -704]]
[[1, 0], [409, 528], [-413, -528]]
[[1, 0], [409, 704], [-411, -704]]
[[1, 0], [41, 128], [-167, -384]]
[[1, 0], [41, 128], [-175, -512]]
[[1, 0], [41, 128], [-89, -192]]
[[1, 0], [41, 176], [-131, -528]]
[[1, 0], [41, 176], [-169, -704]]
[[1, 0], [41, 176], [-45, -176]]
[[1, 0], [41, 352], [-85, -704]]
[[1, 0], [41, 440], [-49, -440]]
[[1, 0], [41, 44], [-155, -132]]
[[1, 0], [41, 44], [-449, -396]]
[[1, 0], [41, 44], [-483, -484]]
[[1, 0], [41, 44], [-57, -44]]
[[1, 0], [41, 44], [-673, -704]]
[[1, 0], [41, 55], [-83, -77]]
[[1, 0], [41, 64], [-115, -128]]
[[1, 0], [41, 64], [-323, -384]]
[[1, 0], [41, 64], [-463, -704]]
[[1, 0], [41, 704], [-43, -704]]
[[1, 0], [41, 80], [-249, -400]]
[[1, 0], [41, 80], [-339, -640]]
[[1, 0], [41, 88], [-229, -440]]
[[1, 0], [41, 88], [-337, -704]]
[[1, 0], [41, 88], [-49, -88]]
[[1, 0], [411, 704], [-413, -704]]
[[1, 0], [417, 704], [-419, -704]]
[[1, 0], [421, 528], [-425, -528]]
[[1, 0], [425, 704], [-427, -704]]
[[1, 0], [43, 132], [-161, -396]]
[[1, 0], [43, 176], [-137, -528]]
[[1, 0], [43, 176], [-177, -704]]
[[1, 0], [43, 192], [-119, -384]]
[[1, 0], [43, 192], [-65, -192]]
[[1, 0], [43, 224], [-97, -448]]
[[1, 0], [43, 352], [-89, -704]]
[[1, 0], [43, 44], [-161, -132]]
[[1, 0], [43, 44], [-467, -396]]
[[1, 0], [43, 44], [-505, -484]]
[[1, 0], [43, 44], [-65, -64]]
[[1, 0], [43, 44], [-705, -704]]
[[1, 0], [43, 48], [-155, -128]]
[[1, 0], [43, 48], [-167, -176]]
[[1, 0], [43, 48], [-431, -432]]
[[1, 0], [43, 48], [-443, -384]]
[[1, 0], [43, 48], [-497, -528]]
[[1, 0], [43, 48], [-61, -64]]
[[1, 0], [43, 56], [-377, -448]]
[[1, 0], [43, 56], [-489, -616]]
[[1, 0], [43, 56], [-57, -64]]
[[1, 0], [43, 56], [-71, -88]]
[[1, 0], [43, 64], [-119, -128]]
[[1, 0], [43, 64], [-167, -224]]
[[1, 0], [43, 64], [-173, -192]]
[[1, 0], [43, 64], [-183, -256]]
[[1, 0], [43, 64], [-243, -352]]
[[1, 0], [43, 64], [-335, -384]]
[[1, 0], [43, 64], [-485, -704]]
[[1, 0], [43, 64], [-65, -64]]
[[1, 0], [43, 66], [-111, -154]]
[[1, 0], [43, 704], [-45, -704]]
[[1, 0], [43, 77], [-279, -385]]
[[1, 0], [43, 88], [-239, -440]]
[[1, 0], [43, 88], [-353, -704]]
[[1, 0], [43, 96], [-227, -384]]
[[1, 0], [43, 96], [-269, -576]]
[[1, 0], [43, 96], [-79, -160]]
[[1, 0], [43, 96], [-83, -128]]
[[1, 0], [433, 528], [-437, -528]]
[[1, 0], [433, 704], [-435, -704]]
[[1, 0], [441, 704], [-443, -704]]
[[1, 0], [445, 528], [-449, -528]]
[[1, 0], [45, 121], [-263, -363]]
[[1, 0], [45, 128], [-179, -384]]
[[1, 0], [45, 128], [-191, -512]]
[[1, 0], [45, 128], [-59, -160]]
[[1, 0], [45, 128], [-67, -128]]
[[1, 0], [45, 128], [-95, -192]]
[[1, 0], [45, 176], [-185, -704]]
[[1, 0], [45, 176], [-49, -176]]
[[1, 0], [45, 352], [-93, -704]]
[[1, 0], [45, 64], [-123, -128]]
[[1, 0], [45, 64], [-347, -384]]
[[1, 0], [45, 64], [-507, -704]]
[[1, 0], [45, 88], [-249, -440]]
[[1, 0], [45, 88], [-369, -704]]
[[1, 0], [45, 88], [-53, -88]]
[[1, 0], [455, 704], [-457, -704]]
[[1, 0], [457, 528], [-461, -528]]
[[1, 0], [457, 704], [-459, -704]]
[[1, 0], [46, 55], [-90, -77]]
[[1, 0], [465, 704], [-467, -704]]
[[1, 0], [47, 176], [-149, -528]]
[[1, 0], [47, 176], [-193, -704]]
[[1, 0], [47, 352], [-97, -704]]
[[1, 0], [47, 64], [-127, -128]]
[[1, 0], [47, 64], [-133, -176]]
[[1, 0], [47, 64], [-181, -224]]
[[1, 0], [47, 64], [-185, -192]]
[[1, 0], [47, 64], [-199, -256]]
[[1, 0], [47, 64], [-265, -352]]
[[1, 0], [47, 64], [-359, -384]]
[[1, 0], [47, 64], [-529, -704]]
[[1, 0], [47, 64], [-67, -88]]
[[1, 0], [47, 64], [-69, -64]]
[[1, 0], [47, 704], [-49, -704]]
[[1, 0], [47, 88], [-259, -440]]
[[1, 0], [481, 528], [-485, -528]]
[[1, 0], [481, 704], [-483, -704]]
[[1, 0], [489, 704], [-491, -704]]
[[1, 0], [49, 128], [-101, -192]]
[[1, 0], [49, 128], [-191, -384]]
[[1, 0], [49, 128], [-207, -512]]
[[1, 0], [49, 128], [-71, -128]]
[[1, 0], [49, 132], [-179, -396]]
[[1, 0], [49, 132], [-65, -132]]
[[1, 0], [49, 176], [-155, -528]]
[[1, 0], [49, 176], [-201, -704]]
[[1, 0], [49, 176], [-53, -176]]
[[1, 0], [49, 192], [-131, -384]]
[[1, 0], [49, 352], [-101, -704]]
[[1, 0], [49, 384], [-71, -384]]
[[1, 0], [49, 528], [-53, -528]]
[[1, 0], [49, 64], [-131, -128]]
[[1, 0], [49, 64], [-371, -384]]
[[1, 0], [49, 64], [-551, -704]]
[[1, 0], [49, 66], [-125, -154]]
[[1, 0], [49, 704], [-51, -704]]
[[1, 0], [49, 88], [-269, -440]]
[[1, 0], [49, 88], [-401, -704]]
[[1, 0], [49, 88], [-57, -88]]
[[1, 0], [49, 96], [-251, -384]]
[[1, 0], [49, 96], [-305, -576]]
[[1, 0], [49, 96], [-89, -160]]
[[1, 0], [49, 96], [-91, -128]]
[[1, 0], [493, 528], [-497, -528]]
[[1, 0], [497, 704], [-499, -704]]
[[1, 0], [499, 704], [-501, -704]]
[[1, 0], [5, 11], [-1253, -363]]
[[1, 0], [5, 11], [-129, -143]]
[[1, 0], [5, 11], [-343, -473]]
[[1, 0], [5, 11], [-439, -121]]
[[1, 0], [5, 11], [-559, -385]]
[[1, 0], [5, 11], [-69, -11]]
[[1, 0], [5, 11], [-89, -55]]
[[1, 0], [5, 128], [-27, -128]]
[[1, 0], [5, 128], [-31, -512]]
[[1, 0], [5, 128], [-35, -192]]
[[1, 0], [5, 128], [-59, -384]]
[[1, 0], [5, 128], [-9, -160]]
[[1, 0], [5, 16], [-139, -128]]
[[1, 0], [5, 16], [-233, -528]]
[[1, 0], [5, 16], [-265, -704]]
[[1, 0], [5, 16], [-395, -384]]
[[1, 0], [5, 16], [-49, -16]]
[[1, 0], [5, 16], [-51, -128]]
[[1, 0], [5, 16], [-643, -368]]
[[1, 0], [5, 16], [-69, -80]]
[[1, 0], [5, 16], [-79, -176]]
[[1, 0], [5, 16], [-89, -144]]
[[1, 0], [5, 176], [-23, -528]]
[[1, 0], [5, 176], [-25, -704]]
[[1, 0], [5, 176], [-9, -176]]
[[1, 0], [5, 22], [-193, -704]]
[[1, 0], [5, 22], [-37, -22]]
[[1, 0], [5, 22], [-373, -374]]
[[1, 0], [5, 32], [-119, -480]]
[[1, 0], [5, 32], [-125, -448]]
[[1, 0], [5, 32], [-133, -704]]
[[1, 0], [5, 32], [-203, -384]]
[[1, 0], [5, 32], [-21, -64]]
[[1, 0], [5, 32], [-41, -192]]
[[1, 0], [5, 32], [-75, -128]]
[[1, 0], [5, 352], [-13, -704]]
[[1, 0], [5, 44], [-125, -396]]
[[1, 0], [5, 44], [-21, -44]]
[[1, 0], [5, 44], [-47, -132]]
[[1, 0], [5, 44], [-87, -484]]
[[1, 0], [5, 44], [-97, -704]]
[[1, 0], [5, 64], [-107, -384]]
[[1, 0], [5, 64], [-43, -128]]
[[1, 0], [5, 64], [-67, -704]]
[[1, 0], [5, 88], [-13, -88]]
[[1, 0], [5, 88], [-49, -440]]
[[1, 0], [5, 88], [-49, -704]]
[[1, 0], [5, 8], [-103, -88]]
[[1, 0], [5, 8], [-191, -24]]
[[1, 0], [5, 8], [-2249, -360]]
[[1, 0], [5, 8], [-267, -128]]
[[1, 0], [5, 8], [-289, -40]]
[[1, 0], [5, 8], [-463, -512]]
[[1, 0], [5, 8], [-471, -472]]
[[1, 0], [5, 8], [-485, -72]]
[[1, 0], [5, 8], [-489, -448]]
[[1, 0], [5, 8], [-489, -616]]
[[1, 0], [5, 8], [-499, -440]]
[[1, 0], [5, 8], [-499, -640]]
[[1, 0], [5, 8], [-529, -424]]
[[1, 0], [5, 8], [-529, -704]]
[[1, 0], [5, 8], [-685, -392]]
[[1, 0], [5, 8], [-71, -88]]
[[1, 0], [5, 8], [-73, -64]]
[[1, 0], [5, 8], [-779, -120]]
[[1, 0], [5, 8], [-779, -384]]
[[1, 0], [5, 8], [-93, -8]]
[[1, 0], [5, 8], [-939, -376]]
[[1, 0], [50, 77], [-314, -385]]
[[1, 0], [505, 528], [-509, -528]]
[[1, 0], [505, 704], [-507, -704]]
[[1, 0], [51, 176], [-161, -528]]
[[1, 0], [51, 352], [-105, -704]]
[[1, 0], [51, 55], [-97, -77]]
[[1, 0], [51, 64], [-135, -128]]
[[1, 0], [51, 64], [-195, -224]]
[[1, 0], [51, 64], [-197, -192]]
[[1, 0], [51, 64], [-215, -256]]
[[1, 0], [51, 64], [-287, -352]]
[[1, 0], [51, 64], [-383, -384]]
[[1, 0], [51, 64], [-573, -704]]
[[1, 0], [51, 64], [-73, -64]]
[[1, 0], [51, 704], [-53, -704]]
[[1, 0], [51, 80], [-299, -400]]
[[1, 0], [51, 80], [-419, -640]]
[[1, 0], [51, 88], [-279, -440]]
[[1, 0], [51, 88], [-417, -704]]
[[1, 0], [513, 704], [-515, -704]]
[[1, 0], [521, 704], [-523, -704]]
[[1, 0], [529, 704], [-531, -704]]
[[1, 0], [53, 128], [-107, -192]]
[[1, 0], [53, 128], [-203, -384]]
[[1, 0], [53, 128], [-223, -512]]
[[1, 0], [53, 128], [-69, -160]]
[[1, 0], [53, 128], [-75, -128]]
[[1, 0], [53, 176], [-167, -528]]
[[1, 0], [53, 176], [-217, -704]]
[[1, 0], [53, 176], [-57, -176]]
[[1, 0], [53, 352], [-109, -704]]
[[1, 0], [53, 64], [-139, -128]]
[[1, 0], [53, 64], [-395, -384]]
[[1, 0], [53, 64], [-595, -704]]
[[1, 0], [53, 88], [-289, -440]]
[[1, 0], [53, 88], [-433, -704]]
[[1, 0], [53, 88], [-61, -88]]
[[1, 0], [543, 704], [-545, -704]]
[[1, 0], [545, 704], [-547, -704]]
[[1, 0], [55, 144], [-77, -192]]
[[1, 0], [55, 192], [-143, -384]]
[[1, 0], [55, 192], [-77, -192]]
[[1, 0], [55, 64], [-143, -128]]
[[1, 0], [55, 64], [-155, -176]]
[[1, 0], [55, 64], [-209, -192]]
[[1, 0], [55, 64], [-209, -224]]
[[1, 0], [55, 64], [-231, -256]]
[[1, 0], [55, 64], [-309, -352]]
[[1, 0], [55, 64], [-407, -384]]
[[1, 0], [55, 64], [-617, -704]]
[[1, 0], [55, 72], [-209, -120]]
[[1, 0], [55, 72], [-539, -360]]
[[1, 0], [55, 72], [-69, -88]]
[[1, 0], [55, 96], [-275, -384]]
[[1, 0], [55, 96], [-341, -576]]
[[1, 0], [55, 96], [-99, -128]]
[[1, 0], [55, 96], [-99, -160]]
[[1, 0], [553, 704], [-555, -704]]
[[1, 0], [56, 121], [-296, -363]]
[[1, 0], [569, 704], [-571, -704]]
[[1, 0], [57, 128], [-113, -192]]
[[1, 0], [57, 128], [-215, -384]]
[[1, 0], [57, 128], [-239, -512]]
[[1, 0], [57, 176], [-179, -528]]
[[1, 0], [57, 176], [-233, -704]]
[[1, 0], [57, 176], [-61, -176]]
[[1, 0], [57, 224], [-125, -448]]
[[1, 0], [57, 352], [-117, -704]]
[[1, 0], [57, 64], [-147, -128]]
[[1, 0], [57, 64], [-419, -384]]
[[1, 0], [57, 64], [-639, -704]]
[[1, 0], [57, 704], [-59, -704]]
[[1, 0], [57, 77], [-349, -385]]
[[1, 0], [57, 88], [-309, -440]]
[[1, 0], [57, 88], [-465, -704]]
[[1, 0], [57, 88], [-65, -88]]
[[1, 0], [573, 704], [-575, -704]]
[[1, 0], [577, 704], [-579, -704]]
[[1, 0], [585, 704], [-587, -704]]
[[1, 0], [587, 704], [-589, -704]]
[[1, 0], [59, 176], [-185, -528]]
[[1, 0], [59, 176], [-241, -704]]
[[1, 0], [59, 64], [-151, -128]]
[[1, 0], [59, 64], [-221, -192]]
[[1, 0], [59, 64], [-223, -224]]
[[1, 0], [59, 64], [-247, -256]]
[[1, 0], [59, 64], [-331, -352]]
[[1, 0], [59, 64], [-431, -384]]
[[1, 0], [59, 64], [-661, -704]]
[[1, 0], [59, 704], [-61, -704]]
[[1, 0], [59, 88], [-481, -704]]
[[1, 0], [593, 704], [-595, -704]]
[[1, 0], [6, 11], [-1286, -363]]
[[1, 0], [6, 11], [-14, -15]]
[[1, 0], [6, 11], [-142, -143]]
[[1, 0], [6, 11], [-146, -33]]
[[1, 0], [6, 11], [-386, -473]]
[[1, 0], [6, 11], [-449, -704]]
[[1, 0], [6, 11], [-450, -121]]
[[1, 0], [6, 11], [-70, -11]]
[[1, 0], [6, 11], [-94, -55]]
[[1, 0], [6, 55], [-34, -77]]
[[1, 0], [601, 704], [-603, -704]]
[[1, 0], [609, 704], [-611, -704]]
[[1, 0], [61, 120], [-149, -120]]
[[1, 0], [61, 120], [-359, -360]]
[[1, 0], [61, 128], [-119, -192]]
[[1, 0], [61, 128], [-227, -384]]
[[1, 0], [61, 128], [-255, -512]]
[[1, 0], [61, 128], [-79, -160]]
[[1, 0], [61, 132], [-215, -396]]
[[1, 0], [61, 176], [-191, -528]]
[[1, 0], [61, 176], [-249, -704]]
[[1, 0], [61, 176], [-65, -176]]
[[1, 0], [61, 192], [-155, -384]]
[[1, 0], [61, 352], [-125, -704]]
[[1, 0], [61, 384], [-83, -384]]
[[1, 0], [61, 440], [-69, -440]]
[[1, 0], [61, 528], [-65, -528]]
[[1, 0], [61, 64], [-155, -128]]
[[1, 0], [61, 64], [-443, -384]]
[[1, 0], [61, 64], [-683, -704]]
[[1, 0], [61, 66], [-153, -154]]
[[1, 0], [61, 80], [-349, -400]]
[[1, 0], [61, 80], [-499, -640]]
[[1, 0], [61, 88], [-329, -440]]
[[1, 0], [61, 88], [-497, -704]]
[[1, 0], [61, 88], [-69, -88]]
[[1, 0], [61, 96], [-107, -128]]
[[1, 0], [61, 96], [-109, -160]]
[[1, 0], [61, 96], [-299, -384]]
[[1, 0], [61, 96], [-377, -576]]
[[1, 0], [617, 704], [-619, -704]]
[[1, 0], [63, 176], [-197, -528]]
[[1, 0], [63, 176], [-257, -704]]
[[1, 0], [63, 352], [-129, -704]]
[[1, 0], [63, 64], [-159, -128]]
[[1, 0], [63, 64], [-177, -176]]
[[1, 0], [63, 64], [-233, -192]]
[[1, 0], [63, 64], [-237, -224]]
[[1, 0], [63, 64], [-263, -256]]
[[1, 0], [63, 64], [-353, -352]]
[[1, 0], [63, 64], [-455, -384]]
[[1, 0], [63, 64], [-705, -704]]
[[1, 0], [63, 64], [-89, -88]]
[[1, 0], [63, 704], [-65, -704]]
[[1, 0], [63, 88], [-339, -440]]
[[1, 0], [63, 88], [-513, -704]]
[[1, 0], [631, 704], [-633, -704]]
[[1, 0], [633, 704], [-635, -704]]
[[1, 0], [64, 77], [-384, -385]]
[[1, 0], [641, 704], [-643, -704]]
[[1, 0], [65, 128], [-125, -192]]
[[1, 0], [65, 128], [-239, -384]]
[[1, 0], [65, 128], [-271, -512]]
[[1, 0], [65, 128], [-87, -128]]
[[1, 0], [65, 176], [-203, -528]]
[[1, 0], [65, 176], [-265, -704]]
[[1, 0], [65, 176], [-69, -176]]
[[1, 0], [65, 352], [-133, -704]]
[[1, 0], [65, 704], [-67, -704]]
[[1, 0], [65, 88], [-349, -440]]
[[1, 0], [65, 88], [-529, -704]]
[[1, 0], [65, 88], [-73, -88]]
[[1, 0], [657, 704], [-659, -704]]
[[1, 0], [665, 704], [-667, -704]]
[[1, 0], [67, 121], [-329, -363]]
[[1, 0], [67, 132], [-233, -396]]
[[1, 0], [67, 176], [-273, -704]]
[[1, 0], [67, 192], [-167, -384]]
[[1, 0], [67, 192], [-89, -192]]
[[1, 0], [67, 352], [-137, -704]]
[[1, 0], [67, 704], [-69, -704]]
[[1, 0], [67, 88], [-359, -440]]
[[1, 0], [67, 88], [-545, -704]]
[[1, 0], [67, 96], [-115, -128]]
[[1, 0], [67, 96], [-119, -160]]
[[1, 0], [67, 96], [-323, -384]]
[[1, 0], [67, 96], [-413, -576]]
[[1, 0], [673, 704], [-675, -704]]
[[1, 0], [675, 704], [-677, -704]]
[[1, 0], [681, 704], [-683, -704]]
[[1, 0], [689, 704], [-691, -704]]
[[1, 0], [69, 128], [-131, -192]]
[[1, 0], [69, 128], [-251, -384]]
[[1, 0], [69, 128], [-287, -512]]
[[1, 0], [69, 128], [-89, -160]]
[[1, 0], [69, 176], [-215, -528]]
[[1, 0], [69, 176], [-281, -704]]
[[1, 0], [69, 176], [-73, -176]]
[[1, 0], [69, 352], [-141, -704]]
[[1, 0], [69, 374], [-101, -374]]
[[1, 0], [69, 88], [-369, -440]]
[[1, 0], [697, 704], [-699, -704]]
[[1, 0], [7, 11], [-1319, -363]]
[[1, 0], [7, 11], [-149, -33]]
[[1, 0], [7, 11], [-155, -143]]
[[1, 0], [7, 11], [-461, -121]]
[[1, 0], [7, 11], [-513, -704]]
[[1, 0], [7, 11], [-629, -385]]
[[1, 0], [7, 12], [-173, -132]]
[[1, 0], [7, 12], [-203, -128]]
[[1, 0], [7, 12], [-31, -44]]
[[1, 0], [7, 12], [-413, -576]]
[[1, 0], [7, 12], [-449, -660]]
[[1, 0], [7, 12], [-503, -396]]
[[1, 0], [7, 12], [-587, -384]]
[[1, 0], [7, 12], [-63, -44]]
[[1, 0], [7, 132], [-53, -396]]
[[1, 0], [7, 16], [-101, -176]]
[[1, 0], [7, 16], [-107, -144]]
[[1, 0], [7, 16], [-155, -128]]
[[1, 0], [7, 16], [-299, -528]]
[[1, 0], [7, 16], [-353, -704]]
[[1, 0], [7, 16], [-443, -384]]
[[1, 0], [7, 16], [-67, -128]]
[[1, 0], [7, 16], [-689, -368]]
[[1, 0], [7, 16], [-79, -80]]
[[1, 0], [7, 176], [-29, -528]]
[[1, 0], [7, 192], [-29, -192]]
[[1, 0], [7, 192], [-47, -384]]
[[1, 0], [7, 22], [-257, -704]]
[[1, 0], [7, 24], [-107, -128]]
[[1, 0], [7, 24], [-129, -40]]
[[1, 0], [7, 24], [-197, -72]]
[[1, 0], [7, 24], [-299, -120]]
[[1, 0], [7, 24], [-299, -384]]
[[1, 0], [7, 24], [-809, -360]]
[[1, 0], [7, 32], [-149, -480]]
[[1, 0], [7, 32], [-153, -448]]
[[1, 0], [7, 32], [-177, -704]]
[[1, 0], [7, 32], [-227, -384]]
[[1, 0], [7, 32], [-25, -64]]
[[1, 0], [7, 32], [-53, -192]]
[[1, 0], [7, 32], [-83, -128]]
[[1, 0], [7, 33], [-155, -429]]
[[1, 0], [7, 33], [-175, -121]]
[[1, 0], [7, 33], [-461, -363]]
[[1, 0], [7, 33], [-71, -33]]
[[1, 0], [7, 352], [-17, -704]]
[[1, 0], [7, 44], [-109, -484]]
[[1, 0], [7, 44], [-129, -704]]
[[1, 0], [7, 44], [-53, -132]]
[[1, 0], [7, 48], [-101, -528]]
[[1, 0], [7, 48], [-107, -432]]
[[1, 0], [7, 48], [-13, -64]]
[[1, 0], [7, 48], [-155, -384]]
[[1, 0], [7, 48], [-35, -176]]
[[1, 0], [7, 48], [-59, -128]]
[[1, 0], [7, 64], [-119, -384]]
[[1, 0], [7, 64], [-23, -176]]
[[1, 0], [7, 64], [-29, -64]]
[[1, 0], [7, 64], [-39, -256]]
[[1, 0], [7, 64], [-41, -224]]
[[1, 0], [7, 64], [-45, -352]]
[[1, 0], [7, 64], [-47, -128]]
[[1, 0], [7, 64], [-65, -192]]
[[1, 0], [7, 64], [-89, -704]]
[[1, 0], [7, 66], [-27, -154]]
[[1, 0], [7, 704], [-9, -704]]
[[1, 0], [7, 88], [-59, -440]]
[[1, 0], [7, 88], [-65, -704]]
[[1, 0], [7, 8], [-1033, -376]]
[[1, 0], [7, 8], [-125, -88]]
[[1, 0], [7, 8], [-197, -24]]
[[1, 0], [7, 8], [-2339, -360]]
[[1, 0], [7, 8], [-299, -128]]
[[1, 0], [7, 8], [-299, -40]]
[[1, 0], [7, 8], [-503, -72]]
[[1, 0], [7, 8], [-589, -472]]
[[1, 0], [7, 8], [-591, -512]]
[[1, 0], [7, 8], [-601, -448]]
[[1, 0], [7, 8], [-609, -440]]
[[1, 0], [7, 8], [-635, -424]]
[[1, 0], [7, 8], [-643, -616]]
[[1, 0], [7, 8], [-659, -640]]
[[1, 0], [7, 8], [-705, -704]]
[[1, 0], [7, 8], [-783, -392]]
[[1, 0], [7, 8], [-809, -120]]
[[1, 0], [7, 8], [-875, -384]]
[[1, 0], [7, 8], [-89, -64]]
[[1, 0], [7, 8], [-93, -88]]
[[1, 0], [7, 96], [-19, -160]]
[[1, 0], [7, 96], [-35, -128]]
[[1, 0], [7, 96], [-53, -576]]
[[1, 0], [7, 96], [-83, -384]]
[[1, 0], [703, 704], [-705, -704]]
[[1, 0], [71, 176], [-221, -528]]
[[1, 0], [71, 176], [-289, -704]]
[[1, 0], [71, 224], [-153, -448]]
[[1, 0], [71, 352], [-145, -704]]
[[1, 0], [71, 77], [-419, -385]]
[[1, 0], [71, 80], [-399, -400]]
[[1, 0], [71, 80], [-579, -640]]
[[1, 0], [71, 88], [-379, -440]]
[[1, 0], [71, 88], [-577, -704]]
[[1, 0], [73, 128], [-137, -192]]
[[1, 0], [73, 128], [-263, -384]]
[[1, 0], [73, 128], [-303, -512]]
[[1, 0], [73, 132], [-251, -396]]
[[1, 0], [73, 132], [-89, -132]]
[[1, 0], [73, 144], [-101, -192]]
[[1, 0], [73, 176], [-227, -528]]
[[1, 0], [73, 192], [-179, -384]]
[[1, 0], [73, 352], [-149, -704]]
[[1, 0], [73, 396], [-89, -396]]
[[1, 0], [73, 704], [-75, -704]]
[[1, 0], [73, 88], [-389, -440]]
[[1, 0], [73, 88], [-593, -704]]
[[1, 0], [73, 88], [-81, -88]]
[[1, 0], [73, 96], [-123, -128]]
[[1, 0], [73, 96], [-129, -160]]
[[1, 0], [73, 96], [-347, -384]]
[[1, 0], [73, 96], [-449, -576]]
[[1, 0], [75, 176], [-233, -528]]
[[1, 0], [75, 176], [-305, -704]]
[[1, 0], [75, 352], [-153, -704]]
[[1, 0], [75, 88], [-399, -440]]
[[1, 0], [75, 88], [-609, -704]]
[[1, 0], [77, 128], [-143, -192]]
[[1, 0], [77, 128], [-275, -384]]
[[1, 0], [77, 128], [-319, -512]]
[[1, 0], [77, 128], [-99, -160]]
[[1, 0], [78, 121], [-142, -121]]
[[1, 0], [78, 121], [-362, -363]]
[[1, 0], [79, 132], [-269, -396]]
[[1, 0], [79, 176], [-245, -528]]
[[1, 0], [79, 176], [-321, -704]]
[[1, 0], [79, 192], [-101, -192]]
[[1, 0], [79, 192], [-191, -384]]
[[1, 0], [79, 352], [-161, -704]]
[[1, 0], [79, 704], [-81, -704]]
[[1, 0], [79, 88], [-419, -440]]
[[1, 0], [79, 88], [-641, -704]]
[[1, 0], [79, 96], [-131, -128]]
[[1, 0], [79, 96], [-139, -160]]
[[1, 0], [79, 96], [-371, -384]]
[[1, 0], [79, 96], [-485, -576]]
[[1, 0], [8, 11], [-104, -55]]
[[1, 0], [8, 11], [-1352, -363]]
[[1, 0], [8, 11], [-152, -33]]
[[1, 0], [8, 11], [-168, -143]]
[[1, 0], [8, 11], [-472, -121]]
[[1, 0], [8, 11], [-472, -473]]
[[1, 0], [8, 11], [-577, -704]]
[[1, 0], [8, 11], [-664, -385]]
[[1, 0], [8, 77], [-104, -385]]
[[1, 0], [81, 128], [-103, -128]]
[[1, 0], [81, 128], [-149, -192]]
[[1, 0], [81, 128], [-287, -384]]
[[1, 0], [81, 128], [-335, -512]]
[[1, 0], [81, 176], [-251, -528]]
[[1, 0], [81, 176], [-329, -704]]
[[1, 0], [81, 176], [-85, -176]]
[[1, 0], [81, 440], [-89, -440]]
[[1, 0], [81, 704], [-83, -704]]
[[1, 0], [81, 88], [-657, -704]]
[[1, 0], [81, 88], [-89, -88]]
[[1, 0], [83, 176], [-257, -528]]
[[1, 0], [83, 176], [-337, -704]]
[[1, 0], [83, 352], [-169, -704]]
[[1, 0], [83, 704], [-85, -704]]
[[1, 0], [83, 88], [-439, -440]]
[[1, 0], [83, 88], [-673, -704]]
[[1, 0], [85, 128], [-109, -160]]
[[1, 0], [85, 128], [-155, -192]]
[[1, 0], [85, 128], [-299, -384]]
[[1, 0], [85, 128], [-351, -512]]
[[1, 0], [85, 132], [-101, -132]]
[[1, 0], [85, 132], [-287, -396]]
[[1, 0], [85, 176], [-263, -528]]
[[1, 0], [85, 176], [-345, -704]]
[[1, 0], [85, 176], [-89, -176]]
[[1, 0], [85, 192], [-203, -384]]
[[1, 0], [85, 224], [-181, -448]]
[[1, 0], [85, 352], [-173, -704]]
[[1, 0], [85, 384], [-107, -384]]
[[1, 0], [85, 528], [-89, -528]]
[[1, 0], [85, 88], [-449, -440]]
[[1, 0], [85, 88], [-689, -704]]
[[1, 0], [85, 88], [-93, -88]]
[[1, 0], [85, 96], [-139, -128]]
[[1, 0], [85, 96], [-149, -160]]
[[1, 0], [85, 96], [-395, -384]]
[[1, 0], [85, 96], [-521, -576]]
[[1, 0], [87, 176], [-269, -528]]
[[1, 0], [87, 176], [-353, -704]]
[[1, 0], [87, 352], [-177, -704]]
[[1, 0], [87, 704], [-89, -704]]
[[1, 0], [87, 88], [-459, -440]]
[[1, 0], [87, 88], [-705, -704]]
[[1, 0], [89, 121], [-153, -121]]
[[1, 0], [89, 121], [-395, -363]]
[[1, 0], [89, 128], [-161, -192]]
[[1, 0], [89, 128], [-311, -384]]
[[1, 0], [89, 128], [-367, -512]]
[[1, 0], [89, 176], [-361, -704]]
[[1, 0], [89, 176], [-93, -176]]
[[1, 0], [89, 352], [-181, -704]]
[[1, 0], [89, 704], [-91, -704]]
[[1, 0], [9, 11], [-109, -55]]
[[1, 0], [9, 11], [-1385, -363]]
[[1, 0], [9, 11], [-155, -33]]
[[1, 0], [9, 11], [-181, -143]]
[[1, 0], [9, 11], [-483, -121]]
[[1, 0], [9, 11], [-515, -473]]
[[1, 0], [9, 11], [-641, -704]]
[[1, 0], [9, 11], [-699, -385]]
[[1, 0], [9, 128], [-41, -192]]
[[1, 0], [9, 128], [-47, -512]]
[[1, 0], [9, 128], [-71, -384]]
[[1, 0], [9, 16], [-123, -176]]
[[1, 0], [9, 16], [-125, -144]]
[[1, 0], [9, 16], [-171, -128]]
[[1, 0], [9, 16], [-365, -528]]
[[1, 0], [9, 16], [-441, -704]]
[[1, 0], [9, 16], [-491, -384]]
[[1, 0], [9, 16], [-53, -16]]
[[1, 0], [9, 16], [-735, -368]]
[[1, 0], [9, 16], [-83, -128]]
[[1, 0], [9, 16], [-89, -80]]
[[1, 0], [9, 176], [-13, -176]]
[[1, 0], [9, 176], [-35, -528]]
[[1, 0], [9, 176], [-41, -704]]
[[1, 0], [9, 22], [-321, -704]]
[[1, 0], [9, 22], [-441, -374]]
[[1, 0], [9, 32], [-179, -480]]
[[1, 0], [9, 32], [-181, -448]]
[[1, 0], [9, 32], [-221, -704]]
[[1, 0], [9, 32], [-251, -384]]
[[1, 0], [9, 32], [-29, -64]]
[[1, 0], [9, 32], [-65, -192]]
[[1, 0], [9, 32], [-91, -128]]
[[1, 0], [9, 352], [-21, -704]]
[[1, 0], [9, 44], [-131, -484]]
[[1, 0], [9, 44], [-161, -396]]
[[1, 0], [9, 44], [-161, -704]]
[[1, 0], [9, 44], [-25, -44]]
[[1, 0], [9, 44], [-59, -132]]
[[1, 0], [9, 64], [-111, -704]]
[[1, 0], [9, 64], [-131, -384]]
[[1, 0], [9, 64], [-51, -128]]
[[1, 0], [9, 88], [-17, -88]]
[[1, 0], [9, 88], [-69, -440]]
[[1, 0], [9, 88], [-81, -704]]
[[1, 0], [91, 120], [-449, -360]]
[[1, 0], [91, 132], [-305, -396]]
[[1, 0], [91, 144], [-125, -192]]
[[1, 0], [91, 176], [-281, -528]]
[[1, 0], [91, 176], [-369, -704]]
[[1, 0], [91, 192], [-215, -384]]
[[1, 0], [91, 352], [-185, -704]]
[[1, 0], [91, 704], [-93, -704]]
[[1, 0], [91, 96], [-147, -128]]
[[1, 0], [91, 96], [-159, -160]]
[[1, 0], [91, 96], [-419, -384]]
[[1, 0], [91, 96], [-557, -576]]
[[1, 0], [93, 128], [-119, -160]]
[[1, 0], [93, 128], [-167, -192]]
[[1, 0], [93, 128], [-323, -384]]
[[1, 0], [93, 128], [-383, -512]]
[[1, 0], [93, 176], [-287, -528]]
[[1, 0], [93, 176], [-377, -704]]
[[1, 0], [93, 176], [-97, -176]]
[[1, 0], [93, 352], [-189, -704]]
[[1, 0], [93, 368], [-137, -368]]
[[1, 0], [95, 176], [-293, -528]]
[[1, 0], [95, 352], [-193, -704]]
[[1, 0], [95, 704], [-97, -704]]
[[1, 0], [97, 128], [-119, -128]]
[[1, 0], [97, 128], [-173, -192]]
[[1, 0], [97, 128], [-335, -384]]
[[1, 0], [97, 128], [-399, -512]]
[[1, 0], [97, 132], [-113, -132]]
[[1, 0], [97, 132], [-323, -396]]
[[1, 0], [97, 176], [-101, -176]]
[[1, 0], [97, 176], [-299, -528]]
[[1, 0], [97, 176], [-393, -704]]
[[1, 0], [97, 192], [-227, -384]]
[[1, 0], [97, 352], [-197, -704]]
[[1, 0], [97, 384], [-119, -384]]
[[1, 0], [97, 528], [-101, -528]]
[[1, 0], [99, 224], [-209, -448]]
