[[1, 0], [0, 1], [-12415, -194]]
[[1, 0], [0, 1], [-12415, -64]]
[[1, 0], [0, 1], [-1337, -223]]
[[1, 0], [0, 1], [-1337, -6]]
[[1, 0], [0, 1], [-1719, -215]]
[[1, 0], [0, 1], [-1719, -8]]
[[1, 0], [0, 1], [-18527, -193]]
[[1, 0], [0, 1], [-18527, -96]]
[[1, 0], [0, 1], [-191, -12]]
[[1, 0], [0, 1], [-191, -16]]
[[1, 0], [0, 1], [-191, -1]]
[[1, 0], [0, 1], [-191, -24]]
[[1, 0], [0, 1], [-191, -2]]
[[1, 0], [0, 1], [-191, -32]]
[[1, 0], [0, 1], [-191, -3]]
[[1, 0], [0, 1], [-191, -48]]
[[1, 0], [0, 1], [-191, -4]]
[[1, 0], [0, 1], [-191, -64]]
[[1, 0], [0, 1], [-191, -6]]
[[1, 0], [0, 1], [-191, -8]]
[[1, 0], [0, 1], [-191, -96]]
[[1, 0], [0, 1], [-1910, -39]]
[[1, 0], [0, 1], [-1910, -49]]
[[1, 0], [0, 1], [-192, -191]]
[[1, 0], [0, 1], [-2483, -12]]
[[1, 0], [0, 1], [-2483, -207]]
[[1, 0], [0, 1], [-3247, -16]]
[[1, 0], [0, 1], [-3247, -203]]
[[1, 0], [0, 1], [-36863, -192]]
[[1, 0], [0, 1], [-382, -1]]
[[1, 0], [0, 1], [-383, -382]]
[[1, 0], [0, 1], [-4775, -199]]
[[1, 0], [0, 1], [-4775, -24]]
[[1, 0], [0, 1], [-573, -14]]
[[1, 0], [0, 1], [-573, -287]]
[[1, 0], [0, 1], [-573, -2]]
[[1, 0], [0, 1], [-573, -41]]
[[1, 0], [0, 1], [-6303, -197]]
[[1, 0], [0, 1], [-6303, -32]]
[[1, 0], [0, 1], [-764, -15]]
[[1, 0], [0, 1], [-764, -255]]
[[1, 0], [0, 1], [-764, -3]]
[[1, 0], [0, 1], [-764, -51]]
[[1, 0], [0, 1], [-9359, -195]]
[[1, 0], [0, 1], [-9359, -48]]
[[1, 0], [0, 1], [-955, -239]]
[[1, 0], [0, 1], [-955, -4]]
[[1, 0], [1, 11], [-197, -66]]
[[1, 0], [1, 12], [-1215, -64]]
[[1, 0], [1, 12], [-1727, -96]]
[[1, 0], [1, 12], [-3263, -192]]
[[1, 0], [1, 12], [-383, -12]]
[[1, 0], [1, 12], [-447, -16]]
[[1, 0], [1, 12], [-575, -24]]
[[1, 0], [1, 12], [-703, -32]]
[[1, 0], [1, 12], [-959, -48]]
[[1, 0], [1, 13], [-104, -15]]
[[1, 0], [1, 13], [-16, -17]]
[[1, 0], [1, 13], [-194, -39]]
[[1, 0], [1, 13], [-207, -208]]
[[1, 0], [1, 13], [-779, -195]]
[[1, 0], [1, 14], [-587, -196]]
[[1, 0], [1, 15], [-259, -65]]
[[1, 0], [1, 15], [-41, -42]]
[[1, 0], [1, 16], [-1343, -96]]
[[1, 0], [1, 16], [-2495, -192]]
[[1, 0], [1, 16], [-383, -16]]
[[1, 0], [1, 16], [-479, -24]]
[[1, 0], [1, 16], [-51, -52]]
[[1, 0], [1, 16], [-575, -32]]
[[1, 0], [1, 16], [-767, -48]]
[[1, 0], [1, 16], [-959, -64]]
[[1, 0], [1, 17], [-203, -204]]
[[1, 0], [1, 18], [-131, -66]]
[[1, 0], [1, 191], [-2, -191]]
[[1, 0], [1, 191], [-3, -191]]
[[1, 0], [1, 191], [-5, -382]]
[[1, 0], [1, 192], [-383, -192]]
[[1, 0], [1, 193], [-192, -193]]
[[1, 0], [1, 20], [-49, -25]]
[[1, 0], [1, 24], [-1727, -192]]
[[1, 0], [1, 24], [-383, -24]]
[[1, 0], [1, 24], [-447, -32]]
[[1, 0], [1, 24], [-575, -48]]
[[1, 0], [1, 24], [-703, -64]]
[[1, 0], [1, 24], [-959, -96]]
[[1, 0], [1, 25], [-199, -200]]
[[1, 0], [1, 2], [-1343, -12]]
[[1, 0], [1, 2], [-1727, -16]]
[[1, 0], [1, 2], [-18623, -192]]
[[1, 0], [1, 2], [-192, -191]]
[[1, 0], [1, 2], [-1959, -98]]
[[1, 0], [1, 2], [-2495, -24]]
[[1, 0], [1, 2], [-255, -128]]
[[1, 0], [1, 2], [-299, -25]]
[[1, 0], [1, 2], [-3200, -97]]
[[1, 0], [1, 2], [-3263, -32]]
[[1, 0], [1, 2], [-344, -115]]
[[1, 0], [1, 2], [-383, -2]]
[[1, 0], [1, 2], [-383, -382]]
[[1, 0], [1, 2], [-479, -3]]
[[1, 0], [1, 2], [-4799, -48]]
[[1, 0], [1, 2], [-494, -33]]
[[1, 0], [1, 2], [-575, -4]]
[[1, 0], [1, 2], [-587, -28]]
[[1, 0], [1, 2], [-6335, -64]]
[[1, 0], [1, 2], [-720, -103]]
[[1, 0], [1, 2], [-767, -6]]
[[1, 0], [1, 2], [-815, -102]]
[[1, 0], [1, 2], [-9407, -96]]
[[1, 0], [1, 2], [-959, -8]]
[[1, 0], [1, 32], [-1343, -192]]
[[1, 0], [1, 32], [-383, -32]]
[[1, 0], [1, 32], [-479, -48]]
[[1, 0], [1, 32], [-575, -64]]
[[1, 0], [1, 32], [-767, -96]]
[[1, 0], [1, 33], [-197, -198]]
[[1, 0], [1, 382], [-3, -382]]
[[1, 0], [1, 39], [-129, -65]]
[[1, 0], [1, 3], [-1104, -65]]
[[1, 0], [1, 3], [-1215, -16]]
[[1, 0], [1, 3], [-12479, -192]]
[[1, 0], [1, 3], [-129, -5]]
[[1, 0], [1, 3], [-131, -11]]
[[1, 0], [1, 3], [-139, -35]]
[[1, 0], [1, 3], [-153, -77]]
[[1, 0], [1, 3], [-1727, -24]]
[[1, 0], [1, 3], [-197, -18]]
[[1, 0], [1, 3], [-215, -72]]
[[1, 0], [1, 3], [-2239, -32]]
[[1, 0], [1, 3], [-259, -13]]
[[1, 0], [1, 3], [-287, -288]]
[[1, 0], [1, 3], [-3263, -48]]
[[1, 0], [1, 3], [-383, -3]]
[[1, 0], [1, 3], [-4287, -64]]
[[1, 0], [1, 3], [-447, -4]]
[[1, 0], [1, 3], [-468, -67]]
[[1, 0], [1, 3], [-575, -6]]
[[1, 0], [1, 3], [-6335, -96]]
[[1, 0], [1, 3], [-703, -8]]
[[1, 0], [1, 3], [-959, -12]]
[[1, 0], [1, 3], [-96, -97]]
[[1, 0], [1, 40], [-49, -50]]
[[1, 0], [1, 48], [-383, -48]]
[[1, 0], [1, 48], [-447, -64]]
[[1, 0], [1, 48], [-575, -96]]
[[1, 0], [1, 48], [-959, -192]]
[[1, 0], [1, 49], [-195, -196]]
[[1, 0], [1, 4], [-1343, -24]]
[[1, 0], [1, 4], [-1727, -32]]
[[1, 0], [1, 4], [-1959, -196]]
[[1, 0], [1, 4], [-2495, -48]]
[[1, 0], [1, 4], [-255, -256]]
[[1, 0], [1, 4], [-299, -50]]
[[1, 0], [1, 4], [-3263, -64]]
[[1, 0], [1, 4], [-383, -4]]
[[1, 0], [1, 4], [-479, -6]]
[[1, 0], [1, 4], [-4799, -96]]
[[1, 0], [1, 4], [-49, -5]]
[[1, 0], [1, 4], [-51, -13]]
[[1, 0], [1, 4], [-575, -8]]
[[1, 0], [1, 4], [-64, -65]]
[[1, 0], [1, 4], [-767, -12]]
[[1, 0], [1, 4], [-815, -204]]
[[1, 0], [1, 4], [-9407, -192]]
[[1, 0], [1, 4], [-959, -16]]
[[1, 0], [1, 573], [-2, -573]]
[[1, 0], [1, 5], [-194, -15]]
[[1, 0], [1, 5], [-1949, -195]]
[[1, 0], [1, 5], [-199, -40]]
[[1, 0], [1, 5], [-239, -240]]
[[1, 0], [1, 5], [-41, -14]]
[[1, 0], [1, 5], [-428, -39]]
[[1, 0], [1, 5], [-48, -49]]
[[1, 0], [1, 5], [-614, -205]]
[[1, 0], [1, 5], [-85, -43]]
[[1, 0], [1, 64], [-383, -64]]
[[1, 0], [1, 64], [-479, -96]]
[[1, 0], [1, 64], [-767, -192]]
[[1, 0], [1, 65], [-194, -195]]
[[1, 0], [1, 6], [-1215, -32]]
[[1, 0], [1, 6], [-131, -22]]
[[1, 0], [1, 6], [-139, -70]]
[[1, 0], [1, 6], [-1727, -48]]
[[1, 0], [1, 6], [-2239, -64]]
[[1, 0], [1, 6], [-3263, -96]]
[[1, 0], [1, 6], [-383, -6]]
[[1, 0], [1, 6], [-447, -8]]
[[1, 0], [1, 6], [-494, -99]]
[[1, 0], [1, 6], [-575, -12]]
[[1, 0], [1, 6], [-6335, -192]]
[[1, 0], [1, 6], [-703, -16]]
[[1, 0], [1, 6], [-959, -24]]
[[1, 0], [1, 7], [-195, -28]]
[[1, 0], [1, 7], [-223, -224]]
[[1, 0], [1, 7], [-32, -33]]
[[1, 0], [1, 7], [-587, -98]]
[[1, 0], [1, 7], [-86, -29]]
[[1, 0], [1, 8], [-1343, -48]]
[[1, 0], [1, 8], [-1727, -64]]
[[1, 0], [1, 8], [-2495, -96]]
[[1, 0], [1, 8], [-299, -100]]
[[1, 0], [1, 8], [-383, -8]]
[[1, 0], [1, 8], [-479, -12]]
[[1, 0], [1, 8], [-4799, -192]]
[[1, 0], [1, 8], [-49, -10]]
[[1, 0], [1, 8], [-51, -26]]
[[1, 0], [1, 8], [-575, -16]]
[[1, 0], [1, 8], [-767, -24]]
[[1, 0], [1, 8], [-959, -32]]
[[1, 0], [1, 96], [-383, -96]]
[[1, 0], [1, 96], [-575, -192]]
[[1, 0], [1, 97], [-193, -194]]
[[1, 0], [1, 9], [-131, -33]]
[[1, 0], [1, 9], [-215, -216]]
[[1, 0], [1, 9], [-24, -25]]
[[1, 0], [1, 9], [-45, -23]]
[[1, 0], [10, 191], [-11, -191]]
[[1, 0], [10, 191], [-12, -191]]
[[1, 0], [10, 191], [-23, -382]]
[[1, 0], [10, 573], [-11, -573]]
[[1, 0], [100, 191], [-203, -382]]
[[1, 0], [100, 573], [-101, -573]]
[[1, 0], [101, 191], [-205, -382]]
[[1, 0], [101, 382], [-103, -382]]
[[1, 0], [102, 191], [-207, -382]]
[[1, 0], [103, 191], [-209, -382]]
[[1, 0], [103, 382], [-105, -382]]
[[1, 0], [104, 191], [-211, -382]]
[[1, 0], [105, 191], [-213, -382]]
[[1, 0], [105, 382], [-107, -382]]
[[1, 0], [106, 191], [-215, -382]]
[[1, 0], [106, 573], [-107, -573]]
[[1, 0], [107, 191], [-217, -382]]
[[1, 0], [107, 382], [-109, -382]]
[[1, 0], [108, 191], [-219, -382]]
[[1, 0], [109, 191], [-221, -382]]
[[1, 0], [109, 382], [-111, -382]]
[[1, 0], [109, 573], [-110, -573]]
[[1, 0], [11, 191], [-12, -191]]
[[1, 0], [11, 191], [-13, -191]]
[[1, 0], [11, 191], [-25, -382]]
[[1, 0], [11, 382], [-13, -382]]
[[1, 0], [110, 191], [-223, -382]]
[[1, 0], [111, 191], [-225, -382]]
[[1, 0], [111, 382], [-113, -382]]
[[1, 0], [112, 191], [-227, -382]]
[[1, 0], [113, 191], [-229, -382]]
[[1, 0], [113, 382], [-115, -382]]
[[1, 0], [114, 191], [-231, -382]]
[[1, 0], [115, 191], [-233, -382]]
[[1, 0], [115, 382], [-117, -382]]
[[1, 0], [115, 573], [-116, -573]]
[[1, 0], [116, 191], [-235, -382]]
[[1, 0], [117, 191], [-237, -382]]
[[1, 0], [117, 382], [-119, -382]]
[[1, 0], [118, 191], [-239, -382]]
[[1, 0], [119, 191], [-241, -382]]
[[1, 0], [119, 382], [-121, -382]]
[[1, 0], [12, 191], [-13, -191]]
[[1, 0], [12, 191], [-14, -191]]
[[1, 0], [12, 191], [-27, -382]]
[[1, 0], [120, 191], [-243, -382]]
[[1, 0], [121, 191], [-245, -382]]
[[1, 0], [121, 382], [-123, -382]]
[[1, 0], [121, 573], [-122, -573]]
[[1, 0], [122, 191], [-247, -382]]
[[1, 0], [123, 191], [-249, -382]]
[[1, 0], [123, 382], [-125, -382]]
[[1, 0], [124, 191], [-251, -382]]
[[1, 0], [125, 191], [-253, -382]]
[[1, 0], [125, 382], [-127, -382]]
[[1, 0], [126, 191], [-255, -382]]
[[1, 0], [127, 191], [-257, -382]]
[[1, 0], [127, 382], [-129, -382]]
[[1, 0], [128, 191], [-259, -382]]
[[1, 0], [129, 191], [-261, -382]]
[[1, 0], [129, 382], [-131, -382]]
[[1, 0], [13, 191], [-14, -191]]
[[1, 0], [13, 191], [-15, -191]]
[[1, 0], [13, 191], [-29, -382]]
[[1, 0], [13, 382], [-15, -382]]
[[1, 0], [13, 573], [-14, -573]]
[[1, 0], [130, 191], [-263, -382]]
[[1, 0], [131, 191], [-265, -382]]
[[1, 0], [131, 382], [-133, -382]]
[[1, 0], [132, 191], [-267, -382]]
[[1, 0], [133, 191], [-269, -382]]
[[1, 0], [133, 382], [-135, -382]]
[[1, 0], [134, 191], [-271, -382]]
[[1, 0], [135, 191], [-273, -382]]
[[1, 0], [135, 382], [-137, -382]]
[[1, 0], [136, 191], [-275, -382]]
[[1, 0], [137, 191], [-277, -382]]
[[1, 0], [137, 382], [-139, -382]]
[[1, 0], [138, 191], [-279, -382]]
[[1, 0], [139, 191], [-281, -382]]
[[1, 0], [139, 382], [-141, -382]]
[[1, 0], [139, 573], [-140, -573]]
[[1, 0], [14, 191], [-15, -191]]
[[1, 0], [14, 191], [-16, -191]]
[[1, 0], [14, 191], [-31, -382]]
[[1, 0], [140, 191], [-283, -382]]
[[1, 0], [141, 191], [-285, -382]]
[[1, 0], [141, 382], [-143, -382]]
[[1, 0], [142, 191], [-287, -382]]
[[1, 0], [143, 191], [-289, -382]]
[[1, 0], [143, 382], [-145, -382]]
[[1, 0], [144, 191], [-291, -382]]
[[1, 0], [145, 191], [-293, -382]]
[[1, 0], [145, 382], [-147, -382]]
[[1, 0], [145, 573], [-146, -573]]
[[1, 0], [146, 191], [-295, -382]]
[[1, 0], [147, 191], [-297, -382]]
[[1, 0], [147, 382], [-149, -382]]
[[1, 0], [148, 191], [-299, -382]]
[[1, 0], [149, 191], [-301, -382]]
[[1, 0], [149, 382], [-151, -382]]
[[1, 0], [15, 191], [-17, -191]]
[[1, 0], [15, 191], [-33, -382]]
[[1, 0], [15, 382], [-17, -382]]
[[1, 0], [150, 191], [-303, -382]]
[[1, 0], [151, 191], [-305, -382]]
[[1, 0], [151, 382], [-153, -382]]
[[1, 0], [152, 191], [-307, -382]]
[[1, 0], [153, 191], [-309, -382]]
[[1, 0], [153, 382], [-155, -382]]
[[1, 0], [154, 191], [-311, -382]]
[[1, 0], [155, 191], [-313, -382]]
[[1, 0], [155, 382], [-157, -382]]
[[1, 0], [156, 191], [-315, -382]]
[[1, 0], [157, 191], [-317, -382]]
[[1, 0], [157, 382], [-159, -382]]
[[1, 0], [158, 191], [-319, -382]]
[[1, 0], [159, 191], [-321, -382]]
[[1, 0], [159, 382], [-161, -382]]
[[1, 0], [16, 191], [-18, -191]]
[[1, 0], [16, 191], [-35, -382]]
[[1, 0], [16, 573], [-17, -573]]
[[1, 0], [160, 191], [-323, -382]]
[[1, 0], [161, 191], [-325, -382]]
[[1, 0], [161, 382], [-163, -382]]
[[1, 0], [162, 191], [-327, -382]]
[[1, 0], [163, 191], [-329, -382]]
[[1, 0], [163, 382], [-165, -382]]
[[1, 0], [164, 191], [-331, -382]]
[[1, 0], [165, 191], [-333, -382]]
[[1, 0], [165, 382], [-167, -382]]
[[1, 0], [166, 191], [-335, -382]]
[[1, 0], [167, 191], [-337, -382]]
[[1, 0], [167, 382], [-169, -382]]
[[1, 0], [168, 191], [-339, -382]]
[[1, 0], [169, 191], [-341, -382]]
[[1, 0], [169, 382], [-171, -382]]
[[1, 0], [17, 191], [-18, -191]]
[[1, 0], [17, 191], [-19, -191]]
[[1, 0], [17, 191], [-37, -382]]
[[1, 0], [17, 382], [-19, -382]]
[[1, 0], [170, 191], [-343, -382]]
[[1, 0], [171, 191], [-345, -382]]
[[1, 0], [171, 382], [-173, -382]]
[[1, 0], [172, 191], [-347, -382]]
[[1, 0], [173, 191], [-349, -382]]
[[1, 0], [173, 382], [-175, -382]]
[[1, 0], [174, 191], [-351, -382]]
[[1, 0], [175, 191], [-353, -382]]
[[1, 0], [175, 382], [-177, -382]]
[[1, 0], [176, 191], [-355, -382]]
[[1, 0], [177, 191], [-357, -382]]
[[1, 0], [177, 382], [-179, -382]]
[[1, 0], [178, 191], [-359, -382]]
[[1, 0], [179, 191], [-361, -382]]
[[1, 0], [179, 382], [-181, -382]]
[[1, 0], [18, 191], [-20, -191]]
[[1, 0], [18, 191], [-39, -382]]
[[1, 0], [180, 191], [-363, -382]]
[[1, 0], [181, 191], [-365, -382]]
[[1, 0], [181, 382], [-183, -382]]
[[1, 0], [182, 191], [-367, -382]]
[[1, 0], [183, 191], [-369, -382]]
[[1, 0], [183, 382], [-185, -382]]
[[1, 0], [184, 191], [-186, -191]]
[[1, 0], [184, 191], [-371, -382]]
[[1, 0], [185, 191], [-373, -382]]
[[1, 0], [185, 382], [-187, -382]]
[[1, 0], [186, 191], [-375, -382]]
[[1, 0], [187, 191], [-377, -382]]
[[1, 0], [187, 382], [-189, -382]]
[[1, 0], [188, 191], [-379, -382]]
[[1, 0], [189, 191], [-381, -382]]
[[1, 0], [19, 191], [-21, -191]]
[[1, 0], [19, 191], [-41, -382]]
[[1, 0], [19, 382], [-21, -382]]
[[1, 0], [19, 573], [-20, -573]]
[[1, 0], [190, 191], [-192, -191]]
[[1, 0], [190, 191], [-383, -382]]
[[1, 0], [2, 191], [-3, -191]]
[[1, 0], [2, 191], [-4, -191]]
[[1, 0], [2, 191], [-7, -382]]
[[1, 0], [20, 191], [-21, -191]]
[[1, 0], [20, 191], [-22, -191]]
[[1, 0], [20, 191], [-43, -382]]
[[1, 0], [205, 573], [-206, -573]]
[[1, 0], [21, 191], [-22, -191]]
[[1, 0], [21, 191], [-23, -191]]
[[1, 0], [21, 191], [-45, -382]]
[[1, 0], [21, 382], [-23, -382]]
[[1, 0], [22, 191], [-23, -191]]
[[1, 0], [22, 191], [-24, -191]]
[[1, 0], [22, 191], [-47, -382]]
[[1, 0], [22, 573], [-23, -573]]
[[1, 0], [226, 573], [-227, -573]]
[[1, 0], [229, 573], [-230, -573]]
[[1, 0], [23, 191], [-25, -191]]
[[1, 0], [23, 191], [-49, -382]]
[[1, 0], [23, 382], [-25, -382]]
[[1, 0], [24, 191], [-26, -191]]
[[1, 0], [24, 191], [-51, -382]]
[[1, 0], [25, 191], [-27, -191]]
[[1, 0], [25, 191], [-53, -382]]
[[1, 0], [25, 382], [-27, -382]]
[[1, 0], [26, 191], [-28, -191]]
[[1, 0], [26, 191], [-55, -382]]
[[1, 0], [27, 191], [-28, -191]]
[[1, 0], [27, 191], [-29, -191]]
[[1, 0], [27, 191], [-57, -382]]
[[1, 0], [27, 382], [-29, -382]]
[[1, 0], [28, 191], [-29, -191]]
[[1, 0], [28, 191], [-30, -191]]
[[1, 0], [28, 191], [-59, -382]]
[[1, 0], [28, 573], [-29, -573]]
[[1, 0], [29, 191], [-30, -191]]
[[1, 0], [29, 191], [-31, -191]]
[[1, 0], [29, 191], [-61, -382]]
[[1, 0], [29, 382], [-31, -382]]
[[1, 0], [3, 191], [-4, -191]]
[[1, 0], [3, 191], [-5, -191]]
[[1, 0], [3, 191], [-9, -382]]
[[1, 0], [3, 382], [-5, -382]]
[[1, 0], [30, 191], [-31, -191]]
[[1, 0], [30, 191], [-32, -191]]
[[1, 0], [30, 191], [-63, -382]]
[[1, 0], [31, 191], [-33, -191]]
[[1, 0], [31, 191], [-65, -382]]
[[1, 0], [31, 382], [-33, -382]]
[[1, 0], [31, 573], [-32, -573]]
[[1, 0], [32, 191], [-34, -191]]
[[1, 0], [32, 191], [-67, -382]]
[[1, 0], [33, 191], [-34, -191]]
[[1, 0], [33, 191], [-35, -191]]
[[1, 0], [33, 191], [-69, -382]]
[[1, 0], [33, 382], [-35, -382]]
[[1, 0], [34, 191], [-35, -191]]
[[1, 0], [34, 191], [-36, -191]]
[[1, 0], [34, 191], [-71, -382]]
[[1, 0], [34, 573], [-35, -573]]
[[1, 0], [35, 191], [-36, -191]]
[[1, 0], [35, 191], [-37, -191]]
[[1, 0], [35, 191], [-73, -382]]
[[1, 0], [35, 382], [-37, -382]]
[[1, 0], [36, 191], [-38, -191]]
[[1, 0], [36, 191], [-75, -382]]
[[1, 0], [37, 191], [-39, -191]]
[[1, 0], [37, 191], [-77, -382]]
[[1, 0], [37, 382], [-39, -382]]
[[1, 0], [375, 382], [-377, -382]]
[[1, 0], [38, 191], [-39, -191]]
[[1, 0], [38, 191], [-40, -191]]
[[1, 0], [38, 191], [-79, -382]]
[[1, 0], [381, 382], [-383, -382]]
[[1, 0], [39, 191], [-40, -191]]
[[1, 0], [39, 191], [-41, -191]]
[[1, 0], [39, 191], [-81, -382]]
[[1, 0], [39, 382], [-41, -382]]
[[1, 0], [4, 191], [-11, -382]]
[[1, 0], [4, 191], [-6, -191]]
[[1, 0], [40, 191], [-42, -191]]
[[1, 0], [40, 191], [-83, -382]]
[[1, 0], [41, 191], [-43, -191]]
[[1, 0], [41, 191], [-85, -382]]
[[1, 0], [41, 382], [-43, -382]]
[[1, 0], [42, 191], [-44, -191]]
[[1, 0], [42, 191], [-87, -382]]
[[1, 0], [43, 191], [-45, -191]]
[[1, 0], [43, 191], [-89, -382]]
[[1, 0], [43, 382], [-45, -382]]
[[1, 0], [44, 191], [-46, -191]]
[[1, 0], [44, 191], [-91, -382]]
[[1, 0], [45, 191], [-47, -191]]
[[1, 0], [45, 191], [-93, -382]]
[[1, 0], [45, 382], [-47, -382]]
[[1, 0], [46, 191], [-47, -191]]
[[1, 0], [46, 191], [-48, -191]]
[[1, 0], [46, 191], [-95, -382]]
[[1, 0], [46, 573], [-47, -573]]
[[1, 0], [47, 191], [-49, -191]]
[[1, 0], [47, 191], [-97, -382]]
[[1, 0], [47, 382], [-49, -382]]
[[1, 0], [48, 191], [-50, -191]]
[[1, 0], [48, 191], [-99, -382]]
[[1, 0], [49, 191], [-101, -382]]
[[1, 0], [49, 191], [-51, -191]]
[[1, 0], [49, 382], [-51, -382]]
[[1, 0], [49, 573], [-50, -573]]
[[1, 0], [5, 191], [-13, -382]]
[[1, 0], [5, 191], [-6, -191]]
[[1, 0], [50, 191], [-103, -382]]
[[1, 0], [50, 191], [-52, -191]]
[[1, 0], [51, 191], [-105, -382]]
[[1, 0], [51, 191], [-53, -191]]
[[1, 0], [51, 382], [-53, -382]]
[[1, 0], [52, 191], [-107, -382]]
[[1, 0], [52, 191], [-54, -191]]
[[1, 0], [53, 191], [-109, -382]]
[[1, 0], [53, 191], [-55, -191]]
[[1, 0], [53, 382], [-55, -382]]
[[1, 0], [54, 191], [-111, -382]]
[[1, 0], [54, 191], [-56, -191]]
[[1, 0], [55, 191], [-113, -382]]
[[1, 0], [55, 191], [-56, -191]]
[[1, 0], [55, 191], [-57, -191]]
[[1, 0], [55, 382], [-57, -382]]
[[1, 0], [55, 573], [-56, -573]]
[[1, 0], [56, 191], [-115, -382]]
[[1, 0], [56, 191], [-57, -191]]
[[1, 0], [56, 191], [-58, -191]]
[[1, 0], [57, 191], [-117, -382]]
[[1, 0], [57, 191], [-59, -191]]
[[1, 0], [57, 382], [-59, -382]]
[[1, 0], [58, 191], [-119, -382]]
[[1, 0], [58, 191], [-60, -191]]
[[1, 0], [58, 573], [-59, -573]]
[[1, 0], [59, 191], [-121, -382]]
[[1, 0], [59, 191], [-61, -191]]
[[1, 0], [59, 382], [-61, -382]]
[[1, 0], [6, 191], [-15, -382]]
[[1, 0], [6, 191], [-7, -191]]
[[1, 0], [6, 191], [-8, -191]]
[[1, 0], [60, 191], [-123, -382]]
[[1, 0], [60, 191], [-62, -191]]
[[1, 0], [61, 191], [-125, -382]]
[[1, 0], [61, 191], [-62, -191]]
[[1, 0], [61, 191], [-63, -191]]
[[1, 0], [61, 382], [-63, -382]]
[[1, 0], [61, 573], [-62, -573]]
[[1, 0], [62, 191], [-127, -382]]
[[1, 0], [62, 191], [-63, -191]]
[[1, 0], [62, 191], [-64, -191]]
[[1, 0], [63, 191], [-129, -382]]
[[1, 0], [63, 191], [-65, -191]]
[[1, 0], [63, 382], [-65, -382]]
[[1, 0], [64, 191], [-131, -382]]
[[1, 0], [64, 191], [-66, -191]]
[[1, 0], [64, 573], [-65, -573]]
[[1, 0], [65, 191], [-133, -382]]
[[1, 0], [65, 191], [-67, -191]]
[[1, 0], [65, 382], [-67, -382]]
[[1, 0], [66, 191], [-135, -382]]
[[1, 0], [66, 191], [-68, -191]]
[[1, 0], [67, 191], [-137, -382]]
[[1, 0], [67, 191], [-69, -191]]
[[1, 0], [67, 382], [-69, -382]]
[[1, 0], [68, 191], [-139, -382]]
[[1, 0], [68, 191], [-70, -191]]
[[1, 0], [69, 191], [-141, -382]]
[[1, 0], [69, 191], [-71, -191]]
[[1, 0], [69, 382], [-71, -382]]
[[1, 0], [7, 191], [-17, -382]]
[[1, 0], [7, 191], [-8, -191]]
[[1, 0], [7, 191], [-9, -191]]
[[1, 0], [7, 382], [-9, -382]]
[[1, 0], [7, 573], [-8, -573]]
[[1, 0], [70, 191], [-143, -382]]
[[1, 0], [70, 191], [-72, -191]]
[[1, 0], [70, 573], [-71, -573]]
[[1, 0], [71, 191], [-145, -382]]
[[1, 0], [71, 191], [-73, -191]]
[[1, 0], [71, 382], [-73, -382]]
[[1, 0], [72, 191], [-147, -382]]
[[1, 0], [72, 191], [-74, -191]]
[[1, 0], [73, 191], [-149, -382]]
[[1, 0], [73, 191], [-75, -191]]
[[1, 0], [73, 382], [-75, -382]]
[[1, 0], [73, 573], [-74, -573]]
[[1, 0], [74, 191], [-151, -382]]
[[1, 0], [74, 191], [-76, -191]]
[[1, 0], [75, 191], [-153, -382]]
[[1, 0], [75, 191], [-77, -191]]
[[1, 0], [75, 382], [-77, -382]]
[[1, 0], [76, 191], [-155, -382]]
[[1, 0], [76, 191], [-78, -191]]
[[1, 0], [76, 573], [-77, -573]]
[[1, 0], [77, 191], [-157, -382]]
[[1, 0], [77, 191], [-79, -191]]
[[1, 0], [77, 382], [-79, -382]]
[[1, 0], [78, 191], [-159, -382]]
[[1, 0], [78, 191], [-80, -191]]
[[1, 0], [79, 191], [-161, -382]]
[[1, 0], [79, 191], [-81, -191]]
[[1, 0], [79, 382], [-81, -382]]
[[1, 0], [8, 191], [-10, -191]]
[[1, 0], [8, 191], [-19, -382]]
[[1, 0], [8, 191], [-9, -191]]
[[1, 0], [80, 191], [-163, -382]]
[[1, 0], [80, 191], [-82, -191]]
[[1, 0], [81, 191], [-165, -382]]
[[1, 0], [81, 191], [-83, -191]]
[[1, 0], [81, 382], [-83, -382]]
[[1, 0], [82, 191], [-167, -382]]
[[1, 0], [82, 191], [-84, -191]]
[[1, 0], [83, 191], [-169, -382]]
[[1, 0], [83, 191], [-85, -191]]
[[1, 0], [83, 382], [-85, -382]]
[[1, 0], [84, 191], [-171, -382]]
[[1, 0], [84, 191], [-86, -191]]
[[1, 0], [85, 191], [-173, -382]]
[[1, 0], [85, 191], [-87, -191]]
[[1, 0], [85, 382], [-87, -382]]
[[1, 0], [86, 191], [-175, -382]]
[[1, 0], [86, 191], [-88, -191]]
[[1, 0], [87, 191], [-177, -382]]
[[1, 0], [87, 191], [-88, -191]]
[[1, 0], [87, 191], [-89, -191]]
[[1, 0], [87, 382], [-89, -382]]
[[1, 0], [88, 191], [-179, -382]]
[[1, 0], [88, 191], [-90, -191]]
[[1, 0], [88, 573], [-89, -573]]
[[1, 0], [89, 191], [-181, -382]]
[[1, 0], [89, 191], [-91, -191]]
[[1, 0], [89, 382], [-91, -382]]
[[1, 0], [9, 191], [-10, -191]]
[[1, 0], [9, 191], [-11, -191]]
[[1, 0], [9, 191], [-21, -382]]
[[1, 0], [9, 382], [-11, -382]]
[[1, 0], [90, 191], [-183, -382]]
[[1, 0], [90, 191], [-92, -191]]
[[1, 0], [91, 191], [-185, -382]]
[[1, 0], [91, 191], [-93, -191]]
[[1, 0], [91, 382], [-93, -382]]
[[1, 0], [91, 573], [-92, -573]]
[[1, 0], [92, 191], [-187, -382]]
[[1, 0], [92, 191], [-94, -191]]
[[1, 0], [93, 191], [-189, -382]]
[[1, 0], [93, 191], [-95, -191]]
[[1, 0], [93, 382], [-95, -382]]
[[1, 0], [94, 191], [-96, -191]]
[[1, 0], [94, 573], [-95, -573]]
[[1, 0], [95, 191], [-193, -382]]
[[1, 0], [95, 382], [-97, -382]]
[[1, 0], [96, 191], [-195, -382]]
[[1, 0], [97, 191], [-197, -382]]
[[1, 0], [97, 382], [-99, -382]]
[[1, 0], [98, 191], [-199, -382]]
[[1, 0], [99, 191], [-201, -382]]
[[1, 0], [99, 382], [-101, -382]]
