[[1, 0], [0, 1], [-10097, -68]]
[[1, 0], [0, 1], [-129505, -884]]
[[1, 0], [0, 1], [-1756, -1]]
[[1, 0], [0, 1], [-1757, -1756]]
[[1, 0], [0, 1], [-2195, -1464]]
[[1, 0], [0, 1], [-2195, -24]]
[[1, 0], [0, 1], [-258132, -293]]
[[1, 0], [0, 1], [-258132, -881]]
[[1, 0], [0, 1], [-2636, -1317]]
[[1, 0], [0, 1], [-3512, -1171]]
[[1, 0], [0, 1], [-3512, -3]]
[[1, 0], [0, 1], [-35559, -80]]
[[1, 0], [0, 1], [-386759, -880]]
[[1, 0], [0, 1], [-439, -16]]
[[1, 0], [0, 1], [-439, -176]]
[[1, 0], [0, 1], [-439, -80]]
[[1, 0], [0, 1], [-7463, -16]]
[[1, 0], [0, 1], [-772640, -879]]
[[1, 0], [0, 1], [-77703, -176]]
[[1, 0], [0, 1], [-880, -439]]
[[1, 0], [1, 10], [-1143, -16]]
[[1, 0], [1, 10], [-39159, -880]]
[[1, 0], [1, 10], [-3959, -80]]
[[1, 0], [1, 10], [-449, -100]]
[[1, 0], [1, 10], [-545, -182]]
[[1, 0], [1, 10], [-549, -1100]]
[[1, 0], [1, 10], [-8183, -176]]
[[1, 0], [1, 10], [-89, -12]]
[[1, 0], [1, 110], [-1143, -176]]
[[1, 0], [1, 110], [-3959, -880]]
[[1, 0], [1, 112], [-447, -896]]
[[1, 0], [1, 11], [-1079, -16]]
[[1, 0], [1, 11], [-35639, -880]]
[[1, 0], [1, 11], [-3639, -80]]
[[1, 0], [1, 11], [-41, -12]]
[[1, 0], [1, 11], [-49, -100]]
[[1, 0], [1, 11], [-7479, -176]]
[[1, 0], [1, 126], [-1763, -882]]
[[1, 0], [1, 128], [-223, -448]]
[[1, 0], [1, 12], [-155, -104]]
[[1, 0], [1, 12], [-527, -1056]]
[[1, 0], [1, 12], [-6659, -888]]
[[1, 0], [1, 1317], [-5, -1317]]
[[1, 0], [1, 13], [-10165, -884]]
[[1, 0], [1, 13], [-519, -1040]]
[[1, 0], [1, 13], [-917, -68]]
[[1, 0], [1, 14], [-14111, -882]]
[[1, 0], [1, 14], [-1763, -98]]
[[1, 0], [1, 14], [-461, -308]]
[[1, 0], [1, 14], [-503, -18]]
[[1, 0], [1, 14], [-881, -42]]
[[1, 0], [1, 150], [-89, -180]]
[[1, 0], [1, 15], [-169, -340]]
[[1, 0], [1, 16], [-12539, -440]]
[[1, 0], [1, 16], [-1539, -40]]
[[1, 0], [1, 16], [-1649, -44]]
[[1, 0], [1, 16], [-24639, -880]]
[[1, 0], [1, 16], [-251, -504]]
[[1, 0], [1, 16], [-2639, -80]]
[[1, 0], [1, 16], [-2859, -88]]
[[1, 0], [1, 16], [-447, -128]]
[[1, 0], [1, 16], [-5279, -176]]
[[1, 0], [1, 16], [-6489, -220]]
[[1, 0], [1, 16], [-879, -16]]
[[1, 0], [1, 16], [-989, -20]]
[[1, 0], [1, 1756], [-3, -1756]]
[[1, 0], [1, 176], [-1539, -440]]
[[1, 0], [1, 176], [-2639, -880]]
[[1, 0], [1, 176], [-879, -176]]
[[1, 0], [1, 176], [-989, -220]]
[[1, 0], [1, 17], [-597, -52]]
[[1, 0], [1, 18], [-1763, -126]]
[[1, 0], [1, 18], [-3821, -294]]
[[1, 0], [1, 18], [-449, -180]]
[[1, 0], [1, 18], [-55, -112]]
[[1, 0], [1, 19], [-455, -304]]
[[1, 0], [1, 20], [-19799, -880]]
[[1, 0], [1, 20], [-2199, -80]]
[[1, 0], [1, 20], [-4311, -176]]
[[1, 0], [1, 21], [-257, -129]]
[[1, 0], [1, 220], [-2199, -880]]
[[1, 0], [1, 222], [-443, -888]]
[[1, 0], [1, 22], [-18039, -880]]
[[1, 0], [1, 22], [-2039, -80]]
[[1, 0], [1, 22], [-3959, -176]]
[[1, 0], [1, 22], [-483, -968]]
[[1, 0], [1, 23], [-21, -44]]
[[1, 0], [1, 23], [-59, -40]]
[[1, 0], [1, 24], [-1183, -296]]
[[1, 0], [1, 24], [-479, -960]]
[[1, 0], [1, 26], [-441, -52]]
[[1, 0], [1, 293], [-1757, -293]]
[[1, 0], [1, 293], [-3515, -879]]
[[1, 0], [1, 294], [-881, -882]]
[[1, 0], [1, 296], [-221, -444]]
[[1, 0], [1, 2], [-14111, -126]]
[[1, 0], [1, 2], [-1757, -1756]]
[[1, 0], [1, 2], [-1763, -14]]
[[1, 0], [1, 2], [-18039, -80]]
[[1, 0], [1, 2], [-18449, -900]]
[[1, 0], [1, 2], [-194039, -880]]
[[1, 0], [1, 2], [-25031, -894]]
[[1, 0], [1, 2], [-2789, -310]]
[[1, 0], [1, 2], [-3161, -1054]]
[[1, 0], [1, 2], [-32633, -294]]
[[1, 0], [1, 2], [-39159, -176]]
[[1, 0], [1, 2], [-39515, -888]]
[[1, 0], [1, 2], [-3959, -16]]
[[1, 0], [1, 2], [-3977, -52]]
[[1, 0], [1, 2], [-4103, -304]]
[[1, 0], [1, 2], [-441, -4]]
[[1, 0], [1, 2], [-443, -8]]
[[1, 0], [1, 2], [-4445, -988]]
[[1, 0], [1, 2], [-449, -20]]
[[1, 0], [1, 2], [-459, -40]]
[[1, 0], [1, 2], [-461, -44]]
[[1, 0], [1, 2], [-483, -88]]
[[1, 0], [1, 2], [-549, -220]]
[[1, 0], [1, 2], [-5747, -958]]
[[1, 0], [1, 2], [-659, -440]]
[[1, 0], [1, 2], [-881, -6]]
[[1, 0], [1, 30], [-449, -300]]
[[1, 0], [1, 30], [-89, -36]]
[[1, 0], [1, 34], [-3977, -884]]
[[1, 0], [1, 34], [-441, -68]]
[[1, 0], [1, 36], [-155, -312]]
[[1, 0], [1, 37], [-2219, -888]]
[[1, 0], [1, 3], [-1319, -1317]]
[[1, 0], [1, 3], [-169, -68]]
[[1, 0], [1, 3], [-1757, -3]]
[[1, 0], [1, 3], [-258425, -879]]
[[1, 0], [1, 3], [-441, -439]]
[[1, 0], [1, 3], [-455, -48]]
[[1, 0], [1, 3], [-86727, -293]]
[[1, 0], [1, 40], [-10119, -880]]
[[1, 0], [1, 40], [-1319, -80]]
[[1, 0], [1, 40], [-2375, -176]]
[[1, 0], [1, 42], [-1763, -294]]
[[1, 0], [1, 42], [-461, -924]]
[[1, 0], [1, 42], [-881, -126]]
[[1, 0], [1, 439], [-11, -1317]]
[[1, 0], [1, 439], [-5, -439]]
[[1, 0], [1, 439], [-9, -1756]]
[[1, 0], [1, 440], [-1319, -880]]
[[1, 0], [1, 442], [-441, -884]]
[[1, 0], [1, 44], [-1239, -80]]
[[1, 0], [1, 44], [-2199, -176]]
[[1, 0], [1, 44], [-9239, -880]]
[[1, 0], [1, 46], [-459, -920]]
[[1, 0], [1, 4], [-11199, -896]]
[[1, 0], [1, 4], [-1171, -1172]]
[[1, 0], [1, 4], [-14271, -892]]
[[1, 0], [1, 4], [-19799, -176]]
[[1, 0], [1, 4], [-2007, -1004]]
[[1, 0], [1, 4], [-2199, -16]]
[[1, 0], [1, 4], [-2439, -976]]
[[1, 0], [1, 4], [-2651, -68]]
[[1, 0], [1, 4], [-32707, -884]]
[[1, 0], [1, 4], [-5059, -920]]
[[1, 0], [1, 4], [-527, -352]]
[[1, 0], [1, 4], [-6659, -296]]
[[1, 0], [1, 4], [-879, -1756]]
[[1, 0], [1, 4], [-9239, -80]]
[[1, 0], [1, 4], [-97239, -880]]
[[1, 0], [1, 50], [-89, -60]]
[[1, 0], [1, 52], [-2651, -884]]
[[1, 0], [1, 52], [-339, -68]]
[[1, 0], [1, 55], [-1079, -80]]
[[1, 0], [1, 55], [-1847, -176]]
[[1, 0], [1, 55], [-7479, -880]]
[[1, 0], [1, 57], [-455, -912]]
[[1, 0], [1, 5], [-147, -296]]
[[1, 0], [1, 5], [-15927, -176]]
[[1, 0], [1, 5], [-1847, -16]]
[[1, 0], [1, 5], [-4601, -177]]
[[1, 0], [1, 5], [-7479, -80]]
[[1, 0], [1, 5], [-77879, -880]]
[[1, 0], [1, 5], [-827, -184]]
[[1, 0], [1, 6], [-1763, -42]]
[[1, 0], [1, 6], [-2789, -930]]
[[1, 0], [1, 6], [-32633, -882]]
[[1, 0], [1, 6], [-3821, -98]]
[[1, 0], [1, 6], [-4103, -912]]
[[1, 0], [1, 6], [-443, -24]]
[[1, 0], [1, 6], [-449, -60]]
[[1, 0], [1, 6], [-461, -132]]
[[1, 0], [1, 6], [-659, -1320]]
[[1, 0], [1, 6], [-881, -18]]
[[1, 0], [1, 74], [-443, -296]]
[[1, 0], [1, 77], [-41, -84]]
[[1, 0], [1, 7], [-257, -43]]
[[1, 0], [1, 7], [-615, -1232]]
[[1, 0], [1, 7], [-959, -128]]
[[1, 0], [1, 80], [-1407, -176]]
[[1, 0], [1, 80], [-1649, -220]]
[[1, 0], [1, 80], [-2859, -440]]
[[1, 0], [1, 80], [-5279, -880]]
[[1, 0], [1, 80], [-879, -80]]
[[1, 0], [1, 80], [-923, -88]]
[[1, 0], [1, 878], [-5, -1756]]
[[1, 0], [1, 879], [-1757, -879]]
[[1, 0], [1, 880], [-879, -880]]
[[1, 0], [1, 88], [-1319, -176]]
[[1, 0], [1, 88], [-4839, -880]]
[[1, 0], [1, 8], [-10119, -176]]
[[1, 0], [1, 8], [-1319, -16]]
[[1, 0], [1, 8], [-221, -12]]
[[1, 0], [1, 8], [-293, -588]]
[[1, 0], [1, 8], [-479, -320]]
[[1, 0], [1, 8], [-4839, -80]]
[[1, 0], [1, 8], [-48839, -880]]
[[1, 0], [1, 90], [-449, -900]]
[[1, 0], [1, 98], [-503, -126]]
[[1, 0], [1, 98], [-881, -294]]
[[1, 0], [1, 9], [-63, -128]]
[[1, 0], [10, 1317], [-14, -1317]]
[[1, 0], [10, 439], [-14, -439]]
[[1, 0], [10, 439], [-38, -1317]]
[[1, 0], [10, 439], [-45, -1756]]
[[1, 0], [100, 1317], [-104, -1317]]
[[1, 0], [100, 439], [-104, -439]]
[[1, 0], [100, 439], [-308, -1317]]
[[1, 0], [100, 439], [-405, -1756]]
[[1, 0], [101, 1756], [-103, -1756]]
[[1, 0], [101, 439], [-105, -439]]
[[1, 0], [101, 439], [-311, -1317]]
[[1, 0], [101, 439], [-409, -1756]]
[[1, 0], [101, 878], [-205, -1756]]
[[1, 0], [102, 439], [-106, -439]]
[[1, 0], [102, 439], [-314, -1317]]
[[1, 0], [102, 439], [-413, -1756]]
[[1, 0], [103, 1317], [-107, -1317]]
[[1, 0], [103, 1756], [-105, -1756]]
[[1, 0], [103, 439], [-107, -439]]
[[1, 0], [103, 439], [-317, -1317]]
[[1, 0], [103, 439], [-417, -1756]]
[[1, 0], [103, 878], [-209, -1756]]
[[1, 0], [104, 439], [-108, -439]]
[[1, 0], [104, 439], [-320, -1317]]
[[1, 0], [104, 439], [-421, -1756]]
[[1, 0], [105, 1756], [-107, -1756]]
[[1, 0], [105, 439], [-109, -439]]
[[1, 0], [105, 439], [-323, -1317]]
[[1, 0], [105, 439], [-425, -1756]]
[[1, 0], [105, 878], [-213, -1756]]
[[1, 0], [106, 1317], [-110, -1317]]
[[1, 0], [106, 439], [-110, -439]]
[[1, 0], [106, 439], [-326, -1317]]
[[1, 0], [106, 439], [-429, -1756]]
[[1, 0], [107, 1756], [-109, -1756]]
[[1, 0], [107, 439], [-111, -439]]
[[1, 0], [107, 439], [-329, -1317]]
[[1, 0], [107, 439], [-433, -1756]]
[[1, 0], [107, 878], [-217, -1756]]
[[1, 0], [108, 439], [-112, -439]]
[[1, 0], [108, 439], [-332, -1317]]
[[1, 0], [108, 439], [-437, -1756]]
[[1, 0], [109, 1317], [-113, -1317]]
[[1, 0], [109, 1756], [-111, -1756]]
[[1, 0], [109, 439], [-113, -439]]
[[1, 0], [109, 439], [-335, -1317]]
[[1, 0], [109, 439], [-441, -1756]]
[[1, 0], [109, 878], [-221, -1756]]
[[1, 0], [11, 1756], [-13, -1756]]
[[1, 0], [11, 20], [-10339, -440]]
[[1, 0], [11, 20], [-1339, -40]]
[[1, 0], [11, 20], [-1429, -44]]
[[1, 0], [11, 20], [-20239, -880]]
[[1, 0], [11, 20], [-2239, -80]]
[[1, 0], [11, 20], [-2419, -88]]
[[1, 0], [11, 20], [-269, -90]]
[[1, 0], [11, 20], [-4399, -176]]
[[1, 0], [11, 20], [-489, -490]]
[[1, 0], [11, 20], [-50, -51]]
[[1, 0], [11, 20], [-5389, -220]]
[[1, 0], [11, 20], [-889, -20]]
[[1, 0], [11, 439], [-15, -439]]
[[1, 0], [11, 439], [-41, -1317]]
[[1, 0], [11, 439], [-49, -1756]]
[[1, 0], [11, 878], [-25, -1756]]
[[1, 0], [110, 439], [-114, -439]]
[[1, 0], [110, 439], [-338, -1317]]
[[1, 0], [110, 439], [-445, -1756]]
[[1, 0], [111, 1756], [-113, -1756]]
[[1, 0], [111, 220], [-1539, -440]]
[[1, 0], [111, 220], [-2639, -880]]
[[1, 0], [111, 220], [-989, -220]]
[[1, 0], [111, 439], [-115, -439]]
[[1, 0], [111, 439], [-341, -1317]]
[[1, 0], [111, 439], [-449, -1756]]
[[1, 0], [111, 878], [-225, -1756]]
[[1, 0], [112, 1317], [-116, -1317]]
[[1, 0], [112, 439], [-116, -439]]
[[1, 0], [112, 439], [-344, -1317]]
[[1, 0], [112, 439], [-453, -1756]]
[[1, 0], [113, 1756], [-115, -1756]]
[[1, 0], [113, 439], [-117, -439]]
[[1, 0], [113, 439], [-347, -1317]]
[[1, 0], [113, 439], [-457, -1756]]
[[1, 0], [113, 878], [-229, -1756]]
[[1, 0], [114, 439], [-118, -439]]
[[1, 0], [114, 439], [-350, -1317]]
[[1, 0], [114, 439], [-461, -1756]]
[[1, 0], [115, 1317], [-119, -1317]]
[[1, 0], [115, 1756], [-117, -1756]]
[[1, 0], [115, 439], [-119, -439]]
[[1, 0], [115, 439], [-353, -1317]]
[[1, 0], [115, 439], [-465, -1756]]
[[1, 0], [115, 878], [-233, -1756]]
[[1, 0], [116, 439], [-120, -439]]
[[1, 0], [116, 439], [-356, -1317]]
[[1, 0], [116, 439], [-469, -1756]]
[[1, 0], [117, 1756], [-119, -1756]]
[[1, 0], [117, 439], [-121, -439]]
[[1, 0], [117, 439], [-359, -1317]]
[[1, 0], [117, 439], [-473, -1756]]
[[1, 0], [117, 878], [-237, -1756]]
[[1, 0], [118, 1317], [-122, -1317]]
[[1, 0], [118, 439], [-122, -439]]
[[1, 0], [118, 439], [-362, -1317]]
[[1, 0], [118, 439], [-477, -1756]]
[[1, 0], [119, 1756], [-121, -1756]]
[[1, 0], [119, 439], [-123, -439]]
[[1, 0], [119, 439], [-365, -1317]]
[[1, 0], [119, 439], [-481, -1756]]
[[1, 0], [119, 878], [-241, -1756]]
[[1, 0], [12, 439], [-16, -439]]
[[1, 0], [12, 439], [-44, -1317]]
[[1, 0], [12, 439], [-53, -1756]]
[[1, 0], [120, 439], [-124, -439]]
[[1, 0], [120, 439], [-368, -1317]]
[[1, 0], [120, 439], [-485, -1756]]
[[1, 0], [121, 1317], [-125, -1317]]
[[1, 0], [121, 1756], [-123, -1756]]
[[1, 0], [121, 439], [-125, -439]]
[[1, 0], [121, 439], [-371, -1317]]
[[1, 0], [121, 439], [-489, -1756]]
[[1, 0], [121, 878], [-245, -1756]]
[[1, 0], [122, 439], [-126, -439]]
[[1, 0], [122, 439], [-374, -1317]]
[[1, 0], [122, 439], [-493, -1756]]
[[1, 0], [123, 1756], [-125, -1756]]
[[1, 0], [123, 439], [-127, -439]]
[[1, 0], [123, 439], [-377, -1317]]
[[1, 0], [123, 439], [-497, -1756]]
[[1, 0], [123, 878], [-249, -1756]]
[[1, 0], [124, 1317], [-128, -1317]]
[[1, 0], [124, 439], [-128, -439]]
[[1, 0], [124, 439], [-380, -1317]]
[[1, 0], [124, 439], [-501, -1756]]
[[1, 0], [125, 1756], [-127, -1756]]
[[1, 0], [125, 439], [-129, -439]]
[[1, 0], [125, 439], [-383, -1317]]
[[1, 0], [125, 439], [-505, -1756]]
[[1, 0], [125, 878], [-253, -1756]]
[[1, 0], [126, 439], [-130, -439]]
[[1, 0], [126, 439], [-386, -1317]]
[[1, 0], [126, 439], [-509, -1756]]
[[1, 0], [127, 1317], [-131, -1317]]
[[1, 0], [127, 1756], [-129, -1756]]
[[1, 0], [127, 439], [-131, -439]]
[[1, 0], [127, 439], [-389, -1317]]
[[1, 0], [127, 439], [-513, -1756]]
[[1, 0], [127, 878], [-257, -1756]]
[[1, 0], [128, 439], [-132, -439]]
[[1, 0], [128, 439], [-392, -1317]]
[[1, 0], [128, 439], [-517, -1756]]
[[1, 0], [129, 1756], [-131, -1756]]
[[1, 0], [129, 439], [-133, -439]]
[[1, 0], [129, 439], [-395, -1317]]
[[1, 0], [129, 439], [-521, -1756]]
[[1, 0], [129, 878], [-261, -1756]]
[[1, 0], [13, 1317], [-17, -1317]]
[[1, 0], [13, 1756], [-15, -1756]]
[[1, 0], [13, 24], [-1331, -296]]
[[1, 0], [13, 24], [-554, -111]]
[[1, 0], [13, 24], [-81, -82]]
[[1, 0], [13, 24], [-959, -960]]
[[1, 0], [13, 439], [-17, -439]]
[[1, 0], [13, 439], [-47, -1317]]
[[1, 0], [13, 439], [-57, -1756]]
[[1, 0], [13, 878], [-29, -1756]]
[[1, 0], [130, 1317], [-134, -1317]]
[[1, 0], [130, 439], [-134, -439]]
[[1, 0], [130, 439], [-398, -1317]]
[[1, 0], [130, 439], [-525, -1756]]
[[1, 0], [1306, 1317], [-1310, -1317]]
[[1, 0], [131, 1756], [-133, -1756]]
[[1, 0], [131, 439], [-135, -439]]
[[1, 0], [131, 439], [-401, -1317]]
[[1, 0], [131, 439], [-529, -1756]]
[[1, 0], [131, 878], [-265, -1756]]
[[1, 0], [1315, 1317], [-1319, -1317]]
[[1, 0], [132, 439], [-136, -439]]
[[1, 0], [132, 439], [-404, -1317]]
[[1, 0], [132, 439], [-533, -1756]]
[[1, 0], [133, 1317], [-137, -1317]]
[[1, 0], [133, 1756], [-135, -1756]]
[[1, 0], [133, 439], [-137, -439]]
[[1, 0], [133, 439], [-407, -1317]]
[[1, 0], [133, 439], [-537, -1756]]
[[1, 0], [133, 878], [-269, -1756]]
[[1, 0], [134, 439], [-138, -439]]
[[1, 0], [134, 439], [-410, -1317]]
[[1, 0], [134, 439], [-541, -1756]]
[[1, 0], [135, 1756], [-137, -1756]]
[[1, 0], [135, 439], [-139, -439]]
[[1, 0], [135, 439], [-413, -1317]]
[[1, 0], [135, 439], [-545, -1756]]
[[1, 0], [135, 878], [-273, -1756]]
[[1, 0], [136, 1317], [-140, -1317]]
[[1, 0], [136, 439], [-140, -439]]
[[1, 0], [136, 439], [-416, -1317]]
[[1, 0], [136, 439], [-549, -1756]]
[[1, 0], [137, 1756], [-139, -1756]]
[[1, 0], [137, 439], [-141, -439]]
[[1, 0], [137, 439], [-419, -1317]]
[[1, 0], [137, 439], [-553, -1756]]
[[1, 0], [137, 878], [-277, -1756]]
[[1, 0], [138, 439], [-142, -439]]
[[1, 0], [138, 439], [-422, -1317]]
[[1, 0], [138, 439], [-557, -1756]]
[[1, 0], [139, 1317], [-143, -1317]]
[[1, 0], [139, 1756], [-141, -1756]]
[[1, 0], [139, 439], [-143, -439]]
[[1, 0], [139, 439], [-425, -1317]]
[[1, 0], [139, 439], [-561, -1756]]
[[1, 0], [139, 878], [-281, -1756]]
[[1, 0], [14, 439], [-18, -439]]
[[1, 0], [14, 439], [-50, -1317]]
[[1, 0], [14, 439], [-61, -1756]]
[[1, 0], [140, 439], [-144, -439]]
[[1, 0], [140, 439], [-428, -1317]]
[[1, 0], [140, 439], [-565, -1756]]
[[1, 0], [141, 1756], [-143, -1756]]
[[1, 0], [141, 439], [-145, -439]]
[[1, 0], [141, 439], [-431, -1317]]
[[1, 0], [141, 439], [-569, -1756]]
[[1, 0], [141, 878], [-285, -1756]]
[[1, 0], [142, 1317], [-146, -1317]]
[[1, 0], [142, 439], [-146, -439]]
[[1, 0], [142, 439], [-434, -1317]]
[[1, 0], [142, 439], [-573, -1756]]
[[1, 0], [143, 1756], [-145, -1756]]
[[1, 0], [143, 439], [-147, -439]]
[[1, 0], [143, 439], [-437, -1317]]
[[1, 0], [143, 439], [-577, -1756]]
[[1, 0], [143, 878], [-289, -1756]]
[[1, 0], [144, 439], [-148, -439]]
[[1, 0], [144, 439], [-440, -1317]]
[[1, 0], [144, 439], [-581, -1756]]
[[1, 0], [145, 1317], [-149, -1317]]
[[1, 0], [145, 1756], [-147, -1756]]
[[1, 0], [145, 439], [-149, -439]]
[[1, 0], [145, 439], [-443, -1317]]
[[1, 0], [145, 439], [-585, -1756]]
[[1, 0], [145, 878], [-293, -1756]]
[[1, 0], [146, 439], [-150, -439]]
[[1, 0], [146, 439], [-446, -1317]]
[[1, 0], [146, 439], [-589, -1756]]
[[1, 0], [147, 1756], [-149, -1756]]
[[1, 0], [147, 439], [-151, -439]]
[[1, 0], [147, 439], [-449, -1317]]
[[1, 0], [147, 439], [-593, -1756]]
[[1, 0], [147, 878], [-297, -1756]]
[[1, 0], [148, 1317], [-152, -1317]]
[[1, 0], [148, 439], [-152, -439]]
[[1, 0], [148, 439], [-452, -1317]]
[[1, 0], [148, 439], [-597, -1756]]
[[1, 0], [149, 1756], [-151, -1756]]
[[1, 0], [149, 296], [-443, -444]]
[[1, 0], [149, 439], [-153, -439]]
[[1, 0], [149, 439], [-455, -1317]]
[[1, 0], [149, 439], [-601, -1756]]
[[1, 0], [149, 878], [-301, -1756]]
[[1, 0], [15, 1756], [-17, -1756]]
[[1, 0], [15, 28], [-559, -224]]
[[1, 0], [15, 439], [-19, -439]]
[[1, 0], [15, 439], [-53, -1317]]
[[1, 0], [15, 439], [-65, -1756]]
[[1, 0], [15, 878], [-33, -1756]]
[[1, 0], [150, 439], [-154, -439]]
[[1, 0], [150, 439], [-458, -1317]]
[[1, 0], [150, 439], [-605, -1756]]
[[1, 0], [151, 1317], [-155, -1317]]
[[1, 0], [151, 1756], [-153, -1756]]
[[1, 0], [151, 439], [-155, -439]]
[[1, 0], [151, 439], [-461, -1317]]
[[1, 0], [151, 439], [-609, -1756]]
[[1, 0], [151, 878], [-305, -1756]]
[[1, 0], [152, 439], [-156, -439]]
[[1, 0], [152, 439], [-464, -1317]]
[[1, 0], [152, 439], [-613, -1756]]
[[1, 0], [153, 1756], [-155, -1756]]
[[1, 0], [153, 439], [-157, -439]]
[[1, 0], [153, 439], [-467, -1317]]
[[1, 0], [153, 439], [-617, -1756]]
[[1, 0], [153, 878], [-309, -1756]]
[[1, 0], [154, 1317], [-158, -1317]]
[[1, 0], [154, 439], [-158, -439]]
[[1, 0], [154, 439], [-470, -1317]]
[[1, 0], [154, 439], [-621, -1756]]
[[1, 0], [155, 1756], [-157, -1756]]
[[1, 0], [155, 439], [-159, -439]]
[[1, 0], [155, 439], [-473, -1317]]
[[1, 0], [155, 439], [-625, -1756]]
[[1, 0], [155, 878], [-313, -1756]]
[[1, 0], [156, 439], [-160, -439]]
[[1, 0], [156, 439], [-476, -1317]]
[[1, 0], [156, 439], [-629, -1756]]
[[1, 0], [157, 1317], [-161, -1317]]
[[1, 0], [157, 1756], [-159, -1756]]
[[1, 0], [157, 439], [-161, -439]]
[[1, 0], [157, 439], [-479, -1317]]
[[1, 0], [157, 439], [-633, -1756]]
[[1, 0], [157, 878], [-317, -1756]]
[[1, 0], [158, 439], [-162, -439]]
[[1, 0], [158, 439], [-482, -1317]]
[[1, 0], [158, 439], [-637, -1756]]
[[1, 0], [159, 1756], [-161, -1756]]
[[1, 0], [159, 439], [-163, -439]]
[[1, 0], [159, 439], [-485, -1317]]
[[1, 0], [159, 439], [-641, -1756]]
[[1, 0], [159, 878], [-321, -1756]]
[[1, 0], [16, 1317], [-20, -1317]]
[[1, 0], [16, 439], [-20, -439]]
[[1, 0], [16, 439], [-56, -1317]]
[[1, 0], [16, 439], [-69, -1756]]
[[1, 0], [160, 1317], [-164, -1317]]
[[1, 0], [160, 439], [-164, -439]]
[[1, 0], [160, 439], [-488, -1317]]
[[1, 0], [160, 439], [-645, -1756]]
[[1, 0], [161, 1756], [-163, -1756]]
[[1, 0], [161, 439], [-165, -439]]
[[1, 0], [161, 439], [-491, -1317]]
[[1, 0], [161, 439], [-649, -1756]]
[[1, 0], [161, 878], [-325, -1756]]
[[1, 0], [162, 439], [-166, -439]]
[[1, 0], [162, 439], [-494, -1317]]
[[1, 0], [162, 439], [-653, -1756]]
[[1, 0], [163, 1317], [-167, -1317]]
[[1, 0], [163, 1756], [-165, -1756]]
[[1, 0], [163, 439], [-167, -439]]
[[1, 0], [163, 439], [-497, -1317]]
[[1, 0], [163, 439], [-657, -1756]]
[[1, 0], [163, 878], [-329, -1756]]
[[1, 0], [164, 439], [-168, -439]]
[[1, 0], [164, 439], [-500, -1317]]
[[1, 0], [164, 439], [-661, -1756]]
[[1, 0], [165, 1756], [-167, -1756]]
[[1, 0], [165, 439], [-169, -439]]
[[1, 0], [165, 439], [-503, -1317]]
[[1, 0], [165, 439], [-665, -1756]]
[[1, 0], [165, 878], [-333, -1756]]
[[1, 0], [166, 1317], [-170, -1317]]
[[1, 0], [166, 439], [-170, -439]]
[[1, 0], [166, 439], [-506, -1317]]
[[1, 0], [166, 439], [-669, -1756]]
[[1, 0], [167, 1756], [-169, -1756]]
[[1, 0], [167, 439], [-171, -439]]
[[1, 0], [167, 439], [-509, -1317]]
[[1, 0], [167, 439], [-673, -1756]]
[[1, 0], [167, 878], [-337, -1756]]
[[1, 0], [168, 439], [-172, -439]]
[[1, 0], [168, 439], [-512, -1317]]
[[1, 0], [168, 439], [-677, -1756]]
[[1, 0], [169, 1317], [-173, -1317]]
[[1, 0], [169, 1756], [-171, -1756]]
[[1, 0], [169, 439], [-173, -439]]
[[1, 0], [169, 439], [-515, -1317]]
[[1, 0], [169, 439], [-681, -1756]]
[[1, 0], [169, 878], [-341, -1756]]
[[1, 0], [17, 1756], [-19, -1756]]
[[1, 0], [17, 32], [-279, -112]]
[[1, 0], [17, 439], [-21, -439]]
[[1, 0], [17, 439], [-59, -1317]]
[[1, 0], [17, 439], [-73, -1756]]
[[1, 0], [17, 878], [-37, -1756]]
[[1, 0], [170, 439], [-174, -439]]
[[1, 0], [170, 439], [-518, -1317]]
[[1, 0], [170, 439], [-685, -1756]]
[[1, 0], [171, 1756], [-173, -1756]]
[[1, 0], [171, 439], [-175, -439]]
[[1, 0], [171, 439], [-521, -1317]]
[[1, 0], [171, 439], [-689, -1756]]
[[1, 0], [171, 878], [-345, -1756]]
[[1, 0], [172, 1317], [-176, -1317]]
[[1, 0], [172, 439], [-176, -439]]
[[1, 0], [172, 439], [-524, -1317]]
[[1, 0], [172, 439], [-693, -1756]]
[[1, 0], [173, 1756], [-175, -1756]]
[[1, 0], [173, 439], [-177, -439]]
[[1, 0], [173, 439], [-527, -1317]]
[[1, 0], [173, 439], [-697, -1756]]
[[1, 0], [173, 878], [-349, -1756]]
[[1, 0], [174, 439], [-178, -439]]
[[1, 0], [174, 439], [-530, -1317]]
[[1, 0], [174, 439], [-701, -1756]]
[[1, 0], [1749, 1756], [-1751, -1756]]
[[1, 0], [175, 1317], [-179, -1317]]
[[1, 0], [175, 1756], [-177, -1756]]
[[1, 0], [175, 439], [-179, -439]]
[[1, 0], [175, 439], [-533, -1317]]
[[1, 0], [175, 439], [-705, -1756]]
[[1, 0], [175, 878], [-353, -1756]]
[[1, 0], [1755, 1756], [-1757, -1756]]
[[1, 0], [176, 439], [-180, -439]]
[[1, 0], [176, 439], [-536, -1317]]
[[1, 0], [176, 439], [-709, -1756]]
[[1, 0], [177, 1756], [-179, -1756]]
[[1, 0], [177, 439], [-181, -439]]
[[1, 0], [177, 439], [-539, -1317]]
[[1, 0], [177, 439], [-713, -1756]]
[[1, 0], [177, 878], [-357, -1756]]
[[1, 0], [178, 1317], [-182, -1317]]
[[1, 0], [178, 439], [-182, -439]]
[[1, 0], [178, 439], [-542, -1317]]
[[1, 0], [178, 439], [-717, -1756]]
[[1, 0], [179, 1756], [-181, -1756]]
[[1, 0], [179, 439], [-183, -439]]
[[1, 0], [179, 439], [-545, -1317]]
[[1, 0], [179, 439], [-721, -1756]]
[[1, 0], [179, 878], [-361, -1756]]
[[1, 0], [18, 439], [-22, -439]]
[[1, 0], [18, 439], [-62, -1317]]
[[1, 0], [18, 439], [-77, -1756]]
[[1, 0], [180, 439], [-184, -439]]
[[1, 0], [180, 439], [-548, -1317]]
[[1, 0], [180, 439], [-725, -1756]]
[[1, 0], [181, 1317], [-185, -1317]]
[[1, 0], [181, 1756], [-183, -1756]]
[[1, 0], [181, 439], [-185, -439]]
[[1, 0], [181, 439], [-551, -1317]]
[[1, 0], [181, 439], [-729, -1756]]
[[1, 0], [181, 878], [-365, -1756]]
[[1, 0], [182, 439], [-186, -439]]
[[1, 0], [182, 439], [-554, -1317]]
[[1, 0], [182, 439], [-733, -1756]]
[[1, 0], [183, 1756], [-185, -1756]]
[[1, 0], [183, 439], [-187, -439]]
[[1, 0], [183, 439], [-557, -1317]]
[[1, 0], [183, 439], [-737, -1756]]
[[1, 0], [183, 878], [-369, -1756]]
[[1, 0], [184, 1317], [-188, -1317]]
[[1, 0], [184, 439], [-188, -439]]
[[1, 0], [184, 439], [-560, -1317]]
[[1, 0], [184, 439], [-741, -1756]]
[[1, 0], [185, 1756], [-187, -1756]]
[[1, 0], [185, 439], [-189, -439]]
[[1, 0], [185, 439], [-563, -1317]]
[[1, 0], [185, 439], [-745, -1756]]
[[1, 0], [185, 878], [-373, -1756]]
[[1, 0], [186, 439], [-190, -439]]
[[1, 0], [186, 439], [-566, -1317]]
[[1, 0], [186, 439], [-749, -1756]]
[[1, 0], [187, 1317], [-191, -1317]]
[[1, 0], [187, 1756], [-189, -1756]]
[[1, 0], [187, 439], [-191, -439]]
[[1, 0], [187, 439], [-569, -1317]]
[[1, 0], [187, 439], [-753, -1756]]
[[1, 0], [187, 878], [-377, -1756]]
[[1, 0], [188, 439], [-192, -439]]
[[1, 0], [188, 439], [-572, -1317]]
[[1, 0], [188, 439], [-757, -1756]]
[[1, 0], [189, 1756], [-191, -1756]]
[[1, 0], [189, 439], [-193, -439]]
[[1, 0], [189, 439], [-575, -1317]]
[[1, 0], [189, 439], [-761, -1756]]
[[1, 0], [189, 878], [-381, -1756]]
[[1, 0], [19, 1317], [-23, -1317]]
[[1, 0], [19, 1756], [-21, -1756]]
[[1, 0], [19, 36], [-311, -312]]
[[1, 0], [19, 439], [-23, -439]]
[[1, 0], [19, 439], [-65, -1317]]
[[1, 0], [19, 439], [-81, -1756]]
[[1, 0], [19, 878], [-41, -1756]]
[[1, 0], [190, 1317], [-194, -1317]]
[[1, 0], [190, 439], [-194, -439]]
[[1, 0], [190, 439], [-578, -1317]]
[[1, 0], [190, 439], [-765, -1756]]
[[1, 0], [191, 1756], [-193, -1756]]
[[1, 0], [191, 439], [-195, -439]]
[[1, 0], [191, 439], [-581, -1317]]
[[1, 0], [191, 439], [-769, -1756]]
[[1, 0], [191, 878], [-385, -1756]]
[[1, 0], [192, 439], [-196, -439]]
[[1, 0], [192, 439], [-584, -1317]]
[[1, 0], [192, 439], [-773, -1756]]
[[1, 0], [193, 1317], [-197, -1317]]
[[1, 0], [193, 1756], [-195, -1756]]
[[1, 0], [193, 439], [-197, -439]]
[[1, 0], [193, 439], [-587, -1317]]
[[1, 0], [193, 439], [-777, -1756]]
[[1, 0], [193, 878], [-389, -1756]]
[[1, 0], [194, 439], [-198, -439]]
[[1, 0], [194, 439], [-590, -1317]]
[[1, 0], [194, 439], [-781, -1756]]
[[1, 0], [195, 1756], [-197, -1756]]
[[1, 0], [195, 439], [-199, -439]]
[[1, 0], [195, 439], [-593, -1317]]
[[1, 0], [195, 439], [-785, -1756]]
[[1, 0], [195, 878], [-393, -1756]]
[[1, 0], [196, 1317], [-200, -1317]]
[[1, 0], [196, 439], [-200, -439]]
[[1, 0], [196, 439], [-596, -1317]]
[[1, 0], [196, 439], [-789, -1756]]
[[1, 0], [197, 1756], [-199, -1756]]
[[1, 0], [197, 439], [-201, -439]]
[[1, 0], [197, 439], [-599, -1317]]
[[1, 0], [197, 439], [-793, -1756]]
[[1, 0], [197, 878], [-397, -1756]]
[[1, 0], [198, 439], [-202, -439]]
[[1, 0], [198, 439], [-602, -1317]]
[[1, 0], [198, 439], [-797, -1756]]
[[1, 0], [199, 1317], [-203, -1317]]
[[1, 0], [199, 1756], [-201, -1756]]
[[1, 0], [199, 439], [-203, -439]]
[[1, 0], [199, 439], [-605, -1317]]
[[1, 0], [199, 439], [-801, -1756]]
[[1, 0], [199, 878], [-401, -1756]]
[[1, 0], [2, 439], [-13, -1756]]
[[1, 0], [2, 439], [-14, -1317]]
[[1, 0], [2, 439], [-6, -439]]
[[1, 0], [20, 439], [-24, -439]]
[[1, 0], [20, 439], [-68, -1317]]
[[1, 0], [20, 439], [-85, -1756]]
[[1, 0], [200, 439], [-204, -439]]
[[1, 0], [200, 439], [-608, -1317]]
[[1, 0], [200, 439], [-805, -1756]]
[[1, 0], [201, 1756], [-203, -1756]]
[[1, 0], [201, 439], [-205, -439]]
[[1, 0], [201, 439], [-611, -1317]]
[[1, 0], [201, 439], [-809, -1756]]
[[1, 0], [201, 878], [-405, -1756]]
[[1, 0], [202, 1317], [-206, -1317]]
[[1, 0], [202, 439], [-206, -439]]
[[1, 0], [202, 439], [-614, -1317]]
[[1, 0], [202, 439], [-813, -1756]]
[[1, 0], [203, 1756], [-205, -1756]]
[[1, 0], [203, 439], [-207, -439]]
[[1, 0], [203, 439], [-617, -1317]]
[[1, 0], [203, 439], [-817, -1756]]
[[1, 0], [203, 878], [-409, -1756]]
[[1, 0], [204, 439], [-208, -439]]
[[1, 0], [204, 439], [-620, -1317]]
[[1, 0], [204, 439], [-821, -1756]]
[[1, 0], [205, 1317], [-209, -1317]]
[[1, 0], [205, 1756], [-207, -1756]]
[[1, 0], [205, 439], [-209, -439]]
[[1, 0], [205, 439], [-623, -1317]]
[[1, 0], [205, 439], [-825, -1756]]
[[1, 0], [205, 878], [-413, -1756]]
[[1, 0], [206, 439], [-210, -439]]
[[1, 0], [206, 439], [-626, -1317]]
[[1, 0], [206, 439], [-829, -1756]]
[[1, 0], [207, 1756], [-209, -1756]]
[[1, 0], [207, 439], [-211, -439]]
[[1, 0], [207, 439], [-629, -1317]]
[[1, 0], [207, 439], [-833, -1756]]
[[1, 0], [207, 878], [-417, -1756]]
[[1, 0], [208, 1317], [-212, -1317]]
[[1, 0], [208, 439], [-212, -439]]
[[1, 0], [208, 439], [-632, -1317]]
[[1, 0], [208, 439], [-837, -1756]]
[[1, 0], [209, 1756], [-211, -1756]]
[[1, 0], [209, 439], [-213, -439]]
[[1, 0], [209, 439], [-635, -1317]]
[[1, 0], [209, 439], [-841, -1756]]
[[1, 0], [209, 878], [-421, -1756]]
[[1, 0], [21, 1756], [-23, -1756]]
[[1, 0], [21, 40], [-10559, -880]]
[[1, 0], [21, 40], [-1359, -80]]
[[1, 0], [21, 40], [-1451, -88]]
[[1, 0], [21, 40], [-2463, -176]]
[[1, 0], [21, 40], [-2969, -220]]
[[1, 0], [21, 40], [-5499, -440]]
[[1, 0], [21, 40], [-899, -40]]
[[1, 0], [21, 40], [-945, -44]]
[[1, 0], [21, 439], [-25, -439]]
[[1, 0], [21, 439], [-71, -1317]]
[[1, 0], [21, 439], [-89, -1756]]
[[1, 0], [21, 878], [-45, -1756]]
[[1, 0], [210, 439], [-214, -439]]
[[1, 0], [210, 439], [-638, -1317]]
[[1, 0], [210, 439], [-845, -1756]]
[[1, 0], [211, 1317], [-215, -1317]]
[[1, 0], [211, 1756], [-213, -1756]]
[[1, 0], [211, 439], [-215, -439]]
[[1, 0], [211, 439], [-641, -1317]]
[[1, 0], [211, 439], [-849, -1756]]
[[1, 0], [211, 878], [-425, -1756]]
[[1, 0], [212, 439], [-216, -439]]
[[1, 0], [212, 439], [-644, -1317]]
[[1, 0], [212, 439], [-853, -1756]]
[[1, 0], [213, 1756], [-215, -1756]]
[[1, 0], [213, 439], [-217, -439]]
[[1, 0], [213, 439], [-647, -1317]]
[[1, 0], [213, 439], [-857, -1756]]
[[1, 0], [213, 878], [-429, -1756]]
[[1, 0], [214, 1317], [-218, -1317]]
[[1, 0], [214, 439], [-218, -439]]
[[1, 0], [214, 439], [-650, -1317]]
[[1, 0], [214, 439], [-861, -1756]]
[[1, 0], [215, 1756], [-217, -1756]]
[[1, 0], [215, 439], [-219, -439]]
[[1, 0], [215, 439], [-653, -1317]]
[[1, 0], [215, 439], [-865, -1756]]
[[1, 0], [215, 878], [-433, -1756]]
[[1, 0], [216, 439], [-220, -439]]
[[1, 0], [216, 439], [-656, -1317]]
[[1, 0], [216, 439], [-869, -1756]]
[[1, 0], [217, 1317], [-221, -1317]]
[[1, 0], [217, 1756], [-219, -1756]]
[[1, 0], [217, 439], [-221, -439]]
[[1, 0], [217, 439], [-659, -1317]]
[[1, 0], [217, 439], [-873, -1756]]
[[1, 0], [217, 878], [-437, -1756]]
[[1, 0], [218, 439], [-662, -1317]]
[[1, 0], [218, 439], [-877, -1756]]
[[1, 0], [219, 1756], [-221, -1756]]
[[1, 0], [219, 439], [-665, -1317]]
[[1, 0], [219, 439], [-881, -1756]]
[[1, 0], [219, 878], [-441, -1756]]
[[1, 0], [22, 1317], [-26, -1317]]
[[1, 0], [22, 439], [-26, -439]]
[[1, 0], [22, 439], [-74, -1317]]
[[1, 0], [22, 439], [-93, -1756]]
[[1, 0], [220, 1317], [-224, -1317]]
[[1, 0], [220, 439], [-668, -1317]]
[[1, 0], [220, 439], [-885, -1756]]
[[1, 0], [221, 1756], [-223, -1756]]
[[1, 0], [221, 439], [-671, -1317]]
[[1, 0], [221, 439], [-889, -1756]]
[[1, 0], [221, 440], [-1099, -440]]
[[1, 0], [221, 440], [-1759, -880]]
[[1, 0], [221, 878], [-445, -1756]]
[[1, 0], [222, 439], [-674, -1317]]
[[1, 0], [222, 439], [-893, -1756]]
[[1, 0], [223, 1317], [-227, -1317]]
[[1, 0], [223, 1756], [-225, -1756]]
[[1, 0], [223, 439], [-677, -1317]]
[[1, 0], [223, 439], [-897, -1756]]
[[1, 0], [223, 878], [-449, -1756]]
[[1, 0], [224, 439], [-680, -1317]]
[[1, 0], [224, 439], [-901, -1756]]
[[1, 0], [225, 1756], [-227, -1756]]
[[1, 0], [225, 439], [-683, -1317]]
[[1, 0], [225, 439], [-905, -1756]]
[[1, 0], [225, 878], [-453, -1756]]
[[1, 0], [226, 1317], [-230, -1317]]
[[1, 0], [226, 439], [-686, -1317]]
[[1, 0], [226, 439], [-909, -1756]]
[[1, 0], [227, 1756], [-229, -1756]]
[[1, 0], [227, 439], [-689, -1317]]
[[1, 0], [227, 439], [-913, -1756]]
[[1, 0], [227, 878], [-457, -1756]]
[[1, 0], [228, 439], [-692, -1317]]
[[1, 0], [228, 439], [-917, -1756]]
[[1, 0], [229, 1317], [-233, -1317]]
[[1, 0], [229, 1756], [-231, -1756]]
[[1, 0], [229, 439], [-695, -1317]]
[[1, 0], [229, 439], [-921, -1756]]
[[1, 0], [229, 878], [-461, -1756]]
[[1, 0], [23, 1756], [-25, -1756]]
[[1, 0], [23, 439], [-27, -439]]
[[1, 0], [23, 439], [-77, -1317]]
[[1, 0], [23, 439], [-97, -1756]]
[[1, 0], [23, 44], [-1279, -80]]
[[1, 0], [23, 44], [-1363, -88]]
[[1, 0], [23, 44], [-2287, -176]]
[[1, 0], [23, 44], [-2749, -220]]
[[1, 0], [23, 44], [-461, -462]]
[[1, 0], [23, 44], [-5059, -440]]
[[1, 0], [23, 44], [-901, -44]]
[[1, 0], [23, 44], [-9679, -880]]
[[1, 0], [23, 878], [-49, -1756]]
[[1, 0], [230, 439], [-698, -1317]]
[[1, 0], [230, 439], [-925, -1756]]
[[1, 0], [231, 1756], [-233, -1756]]
[[1, 0], [231, 439], [-701, -1317]]
[[1, 0], [231, 439], [-929, -1756]]
[[1, 0], [231, 878], [-465, -1756]]
[[1, 0], [232, 1317], [-236, -1317]]
[[1, 0], [232, 439], [-704, -1317]]
[[1, 0], [232, 439], [-933, -1756]]
[[1, 0], [233, 1756], [-235, -1756]]
[[1, 0], [233, 439], [-707, -1317]]
[[1, 0], [233, 439], [-937, -1756]]
[[1, 0], [233, 878], [-469, -1756]]
[[1, 0], [234, 439], [-710, -1317]]
[[1, 0], [234, 439], [-941, -1756]]
[[1, 0], [235, 1317], [-239, -1317]]
[[1, 0], [235, 1756], [-237, -1756]]
[[1, 0], [235, 439], [-713, -1317]]
[[1, 0], [235, 439], [-945, -1756]]
[[1, 0], [235, 878], [-473, -1756]]
[[1, 0], [236, 439], [-716, -1317]]
[[1, 0], [236, 439], [-949, -1756]]
[[1, 0], [237, 1756], [-239, -1756]]
[[1, 0], [237, 439], [-719, -1317]]
[[1, 0], [237, 439], [-953, -1756]]
[[1, 0], [237, 878], [-477, -1756]]
[[1, 0], [238, 1317], [-242, -1317]]
[[1, 0], [238, 439], [-722, -1317]]
[[1, 0], [238, 439], [-957, -1756]]
[[1, 0], [239, 1756], [-241, -1756]]
[[1, 0], [239, 439], [-725, -1317]]
[[1, 0], [239, 439], [-961, -1756]]
[[1, 0], [239, 878], [-481, -1756]]
[[1, 0], [24, 439], [-101, -1756]]
[[1, 0], [24, 439], [-28, -439]]
[[1, 0], [24, 439], [-80, -1317]]
[[1, 0], [240, 439], [-728, -1317]]
[[1, 0], [240, 439], [-965, -1756]]
[[1, 0], [241, 1317], [-245, -1317]]
[[1, 0], [241, 1756], [-243, -1756]]
[[1, 0], [241, 439], [-731, -1317]]
[[1, 0], [241, 439], [-969, -1756]]
[[1, 0], [241, 878], [-485, -1756]]
[[1, 0], [242, 439], [-734, -1317]]
[[1, 0], [242, 439], [-973, -1756]]
[[1, 0], [243, 1756], [-245, -1756]]
[[1, 0], [243, 439], [-737, -1317]]
[[1, 0], [243, 439], [-977, -1756]]
[[1, 0], [243, 878], [-489, -1756]]
[[1, 0], [244, 1317], [-248, -1317]]
[[1, 0], [244, 439], [-740, -1317]]
[[1, 0], [244, 439], [-981, -1756]]
[[1, 0], [245, 1756], [-247, -1756]]
[[1, 0], [245, 439], [-743, -1317]]
[[1, 0], [245, 439], [-985, -1756]]
[[1, 0], [245, 878], [-493, -1756]]
[[1, 0], [246, 439], [-746, -1317]]
[[1, 0], [246, 439], [-989, -1756]]
[[1, 0], [247, 1317], [-251, -1317]]
[[1, 0], [247, 1756], [-249, -1756]]
[[1, 0], [247, 439], [-749, -1317]]
[[1, 0], [247, 439], [-993, -1756]]
[[1, 0], [247, 878], [-497, -1756]]
[[1, 0], [248, 439], [-752, -1317]]
[[1, 0], [248, 439], [-997, -1756]]
[[1, 0], [249, 1756], [-251, -1756]]
[[1, 0], [249, 439], [-1001, -1756]]
[[1, 0], [249, 439], [-755, -1317]]
[[1, 0], [249, 878], [-501, -1756]]
[[1, 0], [25, 1317], [-29, -1317]]
[[1, 0], [25, 1756], [-27, -1756]]
[[1, 0], [25, 439], [-105, -1756]]
[[1, 0], [25, 439], [-29, -439]]
[[1, 0], [25, 439], [-83, -1317]]
[[1, 0], [25, 878], [-53, -1756]]
[[1, 0], [250, 1317], [-254, -1317]]
[[1, 0], [250, 439], [-1005, -1756]]
[[1, 0], [250, 439], [-758, -1317]]
[[1, 0], [251, 1756], [-253, -1756]]
[[1, 0], [251, 439], [-1009, -1756]]
[[1, 0], [251, 439], [-761, -1317]]
[[1, 0], [251, 878], [-505, -1756]]
[[1, 0], [252, 439], [-1013, -1756]]
[[1, 0], [252, 439], [-764, -1317]]
[[1, 0], [253, 1317], [-257, -1317]]
[[1, 0], [253, 1756], [-255, -1756]]
[[1, 0], [253, 439], [-1017, -1756]]
[[1, 0], [253, 439], [-767, -1317]]
[[1, 0], [253, 878], [-509, -1756]]
[[1, 0], [254, 439], [-1021, -1756]]
[[1, 0], [254, 439], [-770, -1317]]
[[1, 0], [255, 1756], [-257, -1756]]
[[1, 0], [255, 439], [-1025, -1756]]
[[1, 0], [255, 439], [-773, -1317]]
[[1, 0], [255, 878], [-513, -1756]]
[[1, 0], [256, 1317], [-260, -1317]]
[[1, 0], [256, 439], [-1029, -1756]]
[[1, 0], [256, 439], [-776, -1317]]
[[1, 0], [257, 1756], [-259, -1756]]
[[1, 0], [257, 439], [-1033, -1756]]
[[1, 0], [257, 439], [-779, -1317]]
[[1, 0], [257, 878], [-517, -1756]]
[[1, 0], [258, 439], [-1037, -1756]]
[[1, 0], [258, 439], [-782, -1317]]
[[1, 0], [259, 1317], [-263, -1317]]
[[1, 0], [259, 1756], [-261, -1756]]
[[1, 0], [259, 439], [-1041, -1756]]
[[1, 0], [259, 439], [-785, -1317]]
[[1, 0], [259, 878], [-521, -1756]]
[[1, 0], [26, 439], [-109, -1756]]
[[1, 0], [26, 439], [-30, -439]]
[[1, 0], [26, 439], [-86, -1317]]
[[1, 0], [260, 439], [-1045, -1756]]
[[1, 0], [260, 439], [-788, -1317]]
[[1, 0], [261, 1756], [-263, -1756]]
[[1, 0], [261, 439], [-1049, -1756]]
[[1, 0], [261, 439], [-791, -1317]]
[[1, 0], [261, 878], [-525, -1756]]
[[1, 0], [262, 1317], [-266, -1317]]
[[1, 0], [262, 439], [-1053, -1756]]
[[1, 0], [262, 439], [-794, -1317]]
[[1, 0], [263, 1756], [-265, -1756]]
[[1, 0], [263, 439], [-1057, -1756]]
[[1, 0], [263, 439], [-797, -1317]]
[[1, 0], [263, 878], [-529, -1756]]
[[1, 0], [264, 439], [-1061, -1756]]
[[1, 0], [264, 439], [-800, -1317]]
[[1, 0], [265, 1317], [-269, -1317]]
[[1, 0], [265, 1756], [-267, -1756]]
[[1, 0], [265, 439], [-1065, -1756]]
[[1, 0], [265, 439], [-803, -1317]]
[[1, 0], [265, 878], [-533, -1756]]
[[1, 0], [266, 439], [-1069, -1756]]
[[1, 0], [266, 439], [-806, -1317]]
[[1, 0], [267, 1756], [-269, -1756]]
[[1, 0], [267, 439], [-1073, -1756]]
[[1, 0], [267, 439], [-809, -1317]]
[[1, 0], [267, 878], [-537, -1756]]
[[1, 0], [268, 1317], [-272, -1317]]
[[1, 0], [268, 439], [-1077, -1756]]
[[1, 0], [268, 439], [-812, -1317]]
[[1, 0], [269, 1756], [-271, -1756]]
[[1, 0], [269, 439], [-1081, -1756]]
[[1, 0], [269, 439], [-815, -1317]]
[[1, 0], [269, 878], [-541, -1756]]
[[1, 0], [27, 1756], [-29, -1756]]
[[1, 0], [27, 439], [-113, -1756]]
[[1, 0], [27, 439], [-31, -439]]
[[1, 0], [27, 439], [-89, -1317]]
[[1, 0], [27, 52], [-3093, -884]]
[[1, 0], [27, 52], [-373, -68]]
[[1, 0], [27, 52], [-883, -221]]
[[1, 0], [27, 878], [-57, -1756]]
[[1, 0], [270, 439], [-1085, -1756]]
[[1, 0], [270, 439], [-818, -1317]]
[[1, 0], [271, 1317], [-275, -1317]]
[[1, 0], [271, 1756], [-273, -1756]]
[[1, 0], [271, 439], [-1089, -1756]]
[[1, 0], [271, 439], [-821, -1317]]
[[1, 0], [271, 878], [-545, -1756]]
[[1, 0], [272, 439], [-1093, -1756]]
[[1, 0], [272, 439], [-824, -1317]]
[[1, 0], [273, 1756], [-275, -1756]]
[[1, 0], [273, 439], [-1097, -1756]]
[[1, 0], [273, 439], [-827, -1317]]
[[1, 0], [273, 878], [-549, -1756]]
[[1, 0], [274, 1317], [-278, -1317]]
[[1, 0], [274, 439], [-1101, -1756]]
[[1, 0], [274, 439], [-830, -1317]]
[[1, 0], [275, 1756], [-277, -1756]]
[[1, 0], [275, 439], [-1105, -1756]]
[[1, 0], [275, 439], [-833, -1317]]
[[1, 0], [275, 878], [-553, -1756]]
[[1, 0], [276, 439], [-1109, -1756]]
[[1, 0], [276, 439], [-836, -1317]]
[[1, 0], [277, 1317], [-281, -1317]]
[[1, 0], [277, 1756], [-279, -1756]]
[[1, 0], [277, 439], [-1113, -1756]]
[[1, 0], [277, 439], [-839, -1317]]
[[1, 0], [277, 878], [-557, -1756]]
[[1, 0], [278, 439], [-1117, -1756]]
[[1, 0], [278, 439], [-842, -1317]]
[[1, 0], [279, 1756], [-281, -1756]]
[[1, 0], [279, 439], [-1121, -1756]]
[[1, 0], [279, 439], [-845, -1317]]
[[1, 0], [279, 878], [-561, -1756]]
[[1, 0], [28, 1317], [-32, -1317]]
[[1, 0], [28, 439], [-117, -1756]]
[[1, 0], [28, 439], [-32, -439]]
[[1, 0], [28, 439], [-92, -1317]]
[[1, 0], [280, 1317], [-284, -1317]]
[[1, 0], [280, 439], [-1125, -1756]]
[[1, 0], [280, 439], [-848, -1317]]
[[1, 0], [281, 1756], [-283, -1756]]
[[1, 0], [281, 439], [-1129, -1756]]
[[1, 0], [281, 439], [-851, -1317]]
[[1, 0], [281, 878], [-565, -1756]]
[[1, 0], [282, 439], [-1133, -1756]]
[[1, 0], [282, 439], [-854, -1317]]
[[1, 0], [283, 1317], [-287, -1317]]
[[1, 0], [283, 1756], [-285, -1756]]
[[1, 0], [283, 439], [-1137, -1756]]
[[1, 0], [283, 439], [-857, -1317]]
[[1, 0], [283, 878], [-569, -1756]]
[[1, 0], [284, 439], [-1141, -1756]]
[[1, 0], [284, 439], [-860, -1317]]
[[1, 0], [285, 1756], [-287, -1756]]
[[1, 0], [285, 439], [-1145, -1756]]
[[1, 0], [285, 439], [-863, -1317]]
[[1, 0], [285, 878], [-573, -1756]]
[[1, 0], [286, 1317], [-290, -1317]]
[[1, 0], [286, 439], [-1149, -1756]]
[[1, 0], [286, 439], [-866, -1317]]
[[1, 0], [287, 1756], [-289, -1756]]
[[1, 0], [287, 439], [-1153, -1756]]
[[1, 0], [287, 439], [-869, -1317]]
[[1, 0], [287, 878], [-577, -1756]]
[[1, 0], [288, 439], [-1157, -1756]]
[[1, 0], [288, 439], [-872, -1317]]
[[1, 0], [289, 1317], [-293, -1317]]
[[1, 0], [289, 1756], [-291, -1756]]
[[1, 0], [289, 439], [-1161, -1756]]
[[1, 0], [289, 439], [-875, -1317]]
[[1, 0], [289, 878], [-581, -1756]]
[[1, 0], [29, 1756], [-31, -1756]]
[[1, 0], [29, 439], [-121, -1756]]
[[1, 0], [29, 439], [-33, -439]]
[[1, 0], [29, 439], [-95, -1317]]
[[1, 0], [29, 56], [-671, -448]]
[[1, 0], [29, 878], [-61, -1756]]
[[1, 0], [290, 439], [-1165, -1756]]
[[1, 0], [291, 1756], [-293, -1756]]
[[1, 0], [291, 439], [-1169, -1756]]
[[1, 0], [291, 439], [-881, -1317]]
[[1, 0], [291, 878], [-585, -1756]]
[[1, 0], [292, 1317], [-296, -1317]]
[[1, 0], [292, 439], [-1173, -1756]]
[[1, 0], [292, 439], [-884, -1317]]
[[1, 0], [293, 1756], [-295, -1756]]
[[1, 0], [293, 439], [-1177, -1756]]
[[1, 0], [293, 439], [-887, -1317]]
[[1, 0], [293, 878], [-589, -1756]]
[[1, 0], [294, 439], [-1181, -1756]]
[[1, 0], [294, 439], [-890, -1317]]
[[1, 0], [295, 1317], [-299, -1317]]
[[1, 0], [295, 1756], [-297, -1756]]
[[1, 0], [295, 439], [-1185, -1756]]
[[1, 0], [295, 439], [-893, -1317]]
[[1, 0], [295, 878], [-593, -1756]]
[[1, 0], [296, 439], [-1189, -1756]]
[[1, 0], [296, 439], [-896, -1317]]
[[1, 0], [297, 1756], [-299, -1756]]
[[1, 0], [297, 439], [-1193, -1756]]
[[1, 0], [297, 439], [-899, -1317]]
[[1, 0], [297, 878], [-597, -1756]]
[[1, 0], [298, 1317], [-302, -1317]]
[[1, 0], [298, 439], [-1197, -1756]]
[[1, 0], [298, 439], [-902, -1317]]
[[1, 0], [299, 1756], [-301, -1756]]
[[1, 0], [299, 439], [-1201, -1756]]
[[1, 0], [299, 439], [-905, -1317]]
[[1, 0], [299, 878], [-601, -1756]]
[[1, 0], [3, 1756], [-5, -1756]]
[[1, 0], [3, 439], [-17, -1317]]
[[1, 0], [3, 439], [-17, -1756]]
[[1, 0], [3, 439], [-7, -439]]
[[1, 0], [3, 4], [-10163, -88]]
[[1, 0], [3, 4], [-1117, -26]]
[[1, 0], [3, 4], [-11647, -896]]
[[1, 0], [3, 4], [-1323, -8]]
[[1, 0], [3, 4], [-14717, -892]]
[[1, 0], [3, 4], [-1649, -150]]
[[1, 0], [3, 4], [-1757, -1172]]
[[1, 0], [3, 4], [-1757, -1756]]
[[1, 0], [3, 4], [-19887, -176]]
[[1, 0], [3, 4], [-2207, -16]]
[[1, 0], [3, 4], [-233, -18]]
[[1, 0], [3, 4], [-24749, -220]]
[[1, 0], [3, 4], [-2509, -1004]]
[[1, 0], [3, 4], [-251, -42]]
[[1, 0], [3, 4], [-2649, -20]]
[[1, 0], [3, 4], [-2685, -68]]
[[1, 0], [3, 4], [-2927, -976]]
[[1, 0], [3, 4], [-293, -98]]
[[1, 0], [3, 4], [-33149, -884]]
[[1, 0], [3, 4], [-440, -439]]
[[1, 0], [3, 4], [-463, -32]]
[[1, 0], [3, 4], [-4859, -40]]
[[1, 0], [3, 4], [-49059, -440]]
[[1, 0], [3, 4], [-5301, -44]]
[[1, 0], [3, 4], [-5519, -920]]
[[1, 0], [3, 4], [-559, -160]]
[[1, 0], [3, 4], [-6807, -296]]
[[1, 0], [3, 4], [-703, -352]]
[[1, 0], [3, 4], [-781, -17]]
[[1, 0], [3, 4], [-8397, -221]]
[[1, 0], [3, 4], [-879, -878]]
[[1, 0], [3, 4], [-881, -4]]
[[1, 0], [3, 4], [-9279, -80]]
[[1, 0], [3, 4], [-97679, -880]]
[[1, 0], [3, 878], [-9, -1756]]
[[1, 0], [30, 439], [-125, -1756]]
[[1, 0], [30, 439], [-34, -439]]
[[1, 0], [30, 439], [-98, -1317]]
[[1, 0], [300, 439], [-1205, -1756]]
[[1, 0], [300, 439], [-908, -1317]]
[[1, 0], [301, 1317], [-305, -1317]]
[[1, 0], [301, 1756], [-303, -1756]]
[[1, 0], [301, 439], [-1209, -1756]]
[[1, 0], [301, 439], [-911, -1317]]
[[1, 0], [301, 878], [-605, -1756]]
[[1, 0], [302, 439], [-1213, -1756]]
[[1, 0], [302, 439], [-914, -1317]]
[[1, 0], [303, 1756], [-305, -1756]]
[[1, 0], [303, 439], [-1217, -1756]]
[[1, 0], [303, 439], [-917, -1317]]
[[1, 0], [303, 878], [-609, -1756]]
[[1, 0], [304, 1317], [-308, -1317]]
[[1, 0], [304, 439], [-1221, -1756]]
[[1, 0], [304, 439], [-920, -1317]]
[[1, 0], [305, 1756], [-307, -1756]]
[[1, 0], [305, 439], [-1225, -1756]]
[[1, 0], [305, 439], [-923, -1317]]
[[1, 0], [305, 878], [-613, -1756]]
[[1, 0], [306, 439], [-1229, -1756]]
[[1, 0], [306, 439], [-926, -1317]]
[[1, 0], [307, 1317], [-311, -1317]]
[[1, 0], [307, 1756], [-309, -1756]]
[[1, 0], [307, 439], [-1233, -1756]]
[[1, 0], [307, 439], [-929, -1317]]
[[1, 0], [307, 878], [-617, -1756]]
[[1, 0], [308, 439], [-1237, -1756]]
[[1, 0], [308, 439], [-932, -1317]]
[[1, 0], [309, 1756], [-311, -1756]]
[[1, 0], [309, 439], [-1241, -1756]]
[[1, 0], [309, 439], [-935, -1317]]
[[1, 0], [309, 878], [-621, -1756]]
[[1, 0], [31, 1317], [-35, -1317]]
[[1, 0], [31, 1756], [-33, -1756]]
[[1, 0], [31, 439], [-101, -1317]]
[[1, 0], [31, 439], [-129, -1756]]
[[1, 0], [31, 439], [-35, -439]]
[[1, 0], [31, 878], [-65, -1756]]
[[1, 0], [310, 1317], [-314, -1317]]
[[1, 0], [310, 439], [-1245, -1756]]
[[1, 0], [310, 439], [-938, -1317]]
[[1, 0], [311, 1756], [-313, -1756]]
[[1, 0], [311, 439], [-1249, -1756]]
[[1, 0], [311, 439], [-941, -1317]]
[[1, 0], [311, 878], [-625, -1756]]
[[1, 0], [312, 439], [-1253, -1756]]
[[1, 0], [312, 439], [-944, -1317]]
[[1, 0], [313, 1317], [-317, -1317]]
[[1, 0], [313, 1756], [-315, -1756]]
[[1, 0], [313, 439], [-1257, -1756]]
[[1, 0], [313, 439], [-947, -1317]]
[[1, 0], [313, 878], [-629, -1756]]
[[1, 0], [314, 439], [-1261, -1756]]
[[1, 0], [314, 439], [-950, -1317]]
[[1, 0], [315, 1756], [-317, -1756]]
[[1, 0], [315, 439], [-1265, -1756]]
[[1, 0], [315, 439], [-953, -1317]]
[[1, 0], [315, 878], [-633, -1756]]
[[1, 0], [316, 1317], [-320, -1317]]
[[1, 0], [316, 439], [-1269, -1756]]
[[1, 0], [316, 439], [-956, -1317]]
[[1, 0], [317, 1756], [-319, -1756]]
[[1, 0], [317, 439], [-1273, -1756]]
[[1, 0], [317, 439], [-959, -1317]]
[[1, 0], [317, 878], [-637, -1756]]
[[1, 0], [318, 439], [-1277, -1756]]
[[1, 0], [318, 439], [-962, -1317]]
[[1, 0], [319, 1317], [-323, -1317]]
[[1, 0], [319, 1756], [-321, -1756]]
[[1, 0], [319, 439], [-1281, -1756]]
[[1, 0], [319, 439], [-965, -1317]]
[[1, 0], [319, 878], [-641, -1756]]
[[1, 0], [32, 439], [-104, -1317]]
[[1, 0], [32, 439], [-133, -1756]]
[[1, 0], [32, 439], [-36, -439]]
[[1, 0], [320, 439], [-1285, -1756]]
[[1, 0], [320, 439], [-968, -1317]]
[[1, 0], [321, 1756], [-323, -1756]]
[[1, 0], [321, 439], [-1289, -1756]]
[[1, 0], [321, 439], [-971, -1317]]
[[1, 0], [321, 878], [-645, -1756]]
[[1, 0], [322, 1317], [-326, -1317]]
[[1, 0], [322, 439], [-1293, -1756]]
[[1, 0], [322, 439], [-974, -1317]]
[[1, 0], [323, 1756], [-325, -1756]]
[[1, 0], [323, 439], [-1297, -1756]]
[[1, 0], [323, 439], [-977, -1317]]
[[1, 0], [323, 878], [-649, -1756]]
[[1, 0], [324, 439], [-1301, -1756]]
[[1, 0], [324, 439], [-980, -1317]]
[[1, 0], [325, 1317], [-329, -1317]]
[[1, 0], [325, 1756], [-327, -1756]]
[[1, 0], [325, 439], [-1305, -1756]]
[[1, 0], [325, 439], [-983, -1317]]
[[1, 0], [325, 878], [-653, -1756]]
[[1, 0], [326, 439], [-1309, -1756]]
[[1, 0], [326, 439], [-986, -1317]]
[[1, 0], [327, 1756], [-329, -1756]]
[[1, 0], [327, 439], [-1313, -1756]]
[[1, 0], [327, 439], [-989, -1317]]
[[1, 0], [327, 878], [-657, -1756]]
[[1, 0], [328, 1317], [-332, -1317]]
[[1, 0], [328, 439], [-992, -1317]]
[[1, 0], [329, 1756], [-331, -1756]]
[[1, 0], [329, 439], [-1321, -1756]]
[[1, 0], [329, 439], [-995, -1317]]
[[1, 0], [329, 878], [-661, -1756]]
[[1, 0], [33, 1756], [-35, -1756]]
[[1, 0], [33, 439], [-107, -1317]]
[[1, 0], [33, 439], [-137, -1756]]
[[1, 0], [33, 439], [-37, -439]]
[[1, 0], [33, 64], [-335, -224]]
[[1, 0], [33, 878], [-69, -1756]]
[[1, 0], [330, 439], [-1325, -1756]]
[[1, 0], [330, 439], [-998, -1317]]
[[1, 0], [331, 1317], [-335, -1317]]
[[1, 0], [331, 1756], [-333, -1756]]
[[1, 0], [331, 439], [-1001, -1317]]
[[1, 0], [331, 439], [-1329, -1756]]
[[1, 0], [331, 878], [-665, -1756]]
[[1, 0], [332, 439], [-1004, -1317]]
[[1, 0], [332, 439], [-1333, -1756]]
[[1, 0], [333, 1756], [-335, -1756]]
[[1, 0], [333, 439], [-1007, -1317]]
[[1, 0], [333, 439], [-1337, -1756]]
[[1, 0], [333, 878], [-669, -1756]]
[[1, 0], [334, 1317], [-338, -1317]]
[[1, 0], [334, 439], [-1010, -1317]]
[[1, 0], [334, 439], [-1341, -1756]]
[[1, 0], [335, 1756], [-337, -1756]]
[[1, 0], [335, 439], [-1013, -1317]]
[[1, 0], [335, 439], [-1345, -1756]]
[[1, 0], [335, 878], [-673, -1756]]
[[1, 0], [336, 439], [-1016, -1317]]
[[1, 0], [336, 439], [-1349, -1756]]
[[1, 0], [337, 1317], [-341, -1317]]
[[1, 0], [337, 1756], [-339, -1756]]
[[1, 0], [337, 439], [-1019, -1317]]
[[1, 0], [337, 439], [-1353, -1756]]
[[1, 0], [337, 878], [-677, -1756]]
[[1, 0], [338, 439], [-1022, -1317]]
[[1, 0], [338, 439], [-1357, -1756]]
[[1, 0], [339, 1756], [-341, -1756]]
[[1, 0], [339, 439], [-1025, -1317]]
[[1, 0], [339, 439], [-1361, -1756]]
[[1, 0], [339, 878], [-681, -1756]]
[[1, 0], [34, 1317], [-38, -1317]]
[[1, 0], [34, 439], [-110, -1317]]
[[1, 0], [34, 439], [-141, -1756]]
[[1, 0], [34, 439], [-38, -439]]
[[1, 0], [340, 1317], [-344, -1317]]
[[1, 0], [340, 439], [-1028, -1317]]
[[1, 0], [340, 439], [-1365, -1756]]
[[1, 0], [341, 1756], [-343, -1756]]
[[1, 0], [341, 439], [-1031, -1317]]
[[1, 0], [341, 439], [-1369, -1756]]
[[1, 0], [341, 878], [-685, -1756]]
[[1, 0], [342, 439], [-1034, -1317]]
[[1, 0], [342, 439], [-1373, -1756]]
[[1, 0], [343, 1317], [-347, -1317]]
[[1, 0], [343, 1756], [-345, -1756]]
[[1, 0], [343, 439], [-1037, -1317]]
[[1, 0], [343, 439], [-1377, -1756]]
[[1, 0], [343, 878], [-689, -1756]]
[[1, 0], [344, 439], [-1040, -1317]]
[[1, 0], [344, 439], [-1381, -1756]]
[[1, 0], [345, 1756], [-347, -1756]]
[[1, 0], [345, 439], [-1043, -1317]]
[[1, 0], [345, 439], [-1385, -1756]]
[[1, 0], [345, 878], [-693, -1756]]
[[1, 0], [346, 1317], [-350, -1317]]
[[1, 0], [346, 439], [-1046, -1317]]
[[1, 0], [346, 439], [-1389, -1756]]
[[1, 0], [347, 1756], [-349, -1756]]
[[1, 0], [347, 439], [-1049, -1317]]
[[1, 0], [347, 439], [-1393, -1756]]
[[1, 0], [347, 878], [-697, -1756]]
[[1, 0], [348, 439], [-1052, -1317]]
[[1, 0], [348, 439], [-1397, -1756]]
[[1, 0], [349, 1317], [-353, -1317]]
[[1, 0], [349, 1756], [-351, -1756]]
[[1, 0], [349, 439], [-1055, -1317]]
[[1, 0], [349, 439], [-1401, -1756]]
[[1, 0], [349, 878], [-701, -1756]]
[[1, 0], [35, 1756], [-37, -1756]]
[[1, 0], [35, 439], [-113, -1317]]
[[1, 0], [35, 439], [-145, -1756]]
[[1, 0], [35, 439], [-39, -439]]
[[1, 0], [35, 68], [-1325, -442]]
[[1, 0], [35, 878], [-73, -1756]]
[[1, 0], [350, 439], [-1058, -1317]]
[[1, 0], [350, 439], [-1405, -1756]]
[[1, 0], [351, 1756], [-353, -1756]]
[[1, 0], [351, 439], [-1061, -1317]]
[[1, 0], [351, 439], [-1409, -1756]]
[[1, 0], [351, 878], [-705, -1756]]
[[1, 0], [352, 1317], [-356, -1317]]
[[1, 0], [352, 439], [-1064, -1317]]
[[1, 0], [352, 439], [-1413, -1756]]
[[1, 0], [353, 1756], [-355, -1756]]
[[1, 0], [353, 439], [-1067, -1317]]
[[1, 0], [353, 439], [-1417, -1756]]
[[1, 0], [353, 878], [-709, -1756]]
[[1, 0], [354, 439], [-1070, -1317]]
[[1, 0], [354, 439], [-1421, -1756]]
[[1, 0], [355, 1317], [-359, -1317]]
[[1, 0], [355, 1756], [-357, -1756]]
[[1, 0], [355, 439], [-1073, -1317]]
[[1, 0], [355, 439], [-1425, -1756]]
[[1, 0], [355, 878], [-713, -1756]]
[[1, 0], [356, 439], [-1076, -1317]]
[[1, 0], [356, 439], [-1429, -1756]]
[[1, 0], [357, 1756], [-359, -1756]]
[[1, 0], [357, 439], [-1079, -1317]]
[[1, 0], [357, 439], [-1433, -1756]]
[[1, 0], [357, 878], [-717, -1756]]
[[1, 0], [358, 1317], [-362, -1317]]
[[1, 0], [358, 439], [-1082, -1317]]
[[1, 0], [358, 439], [-1437, -1756]]
[[1, 0], [359, 1756], [-361, -1756]]
[[1, 0], [359, 439], [-1085, -1317]]
[[1, 0], [359, 439], [-1441, -1756]]
[[1, 0], [359, 878], [-721, -1756]]
[[1, 0], [36, 439], [-116, -1317]]
[[1, 0], [36, 439], [-149, -1756]]
[[1, 0], [36, 439], [-40, -439]]
[[1, 0], [360, 439], [-1088, -1317]]
[[1, 0], [360, 439], [-1445, -1756]]
[[1, 0], [361, 1317], [-365, -1317]]
[[1, 0], [361, 1756], [-363, -1756]]
[[1, 0], [361, 439], [-1091, -1317]]
[[1, 0], [361, 439], [-1449, -1756]]
[[1, 0], [361, 878], [-725, -1756]]
[[1, 0], [362, 439], [-1094, -1317]]
[[1, 0], [362, 439], [-1453, -1756]]
[[1, 0], [363, 1756], [-365, -1756]]
[[1, 0], [363, 439], [-1097, -1317]]
[[1, 0], [363, 439], [-1457, -1756]]
[[1, 0], [363, 878], [-729, -1756]]
[[1, 0], [364, 1317], [-368, -1317]]
[[1, 0], [364, 439], [-1100, -1317]]
[[1, 0], [364, 439], [-1461, -1756]]
[[1, 0], [365, 1756], [-367, -1756]]
[[1, 0], [365, 439], [-1103, -1317]]
[[1, 0], [365, 439], [-1465, -1756]]
[[1, 0], [365, 878], [-733, -1756]]
[[1, 0], [366, 439], [-1106, -1317]]
[[1, 0], [366, 439], [-1469, -1756]]
[[1, 0], [367, 1317], [-371, -1317]]
[[1, 0], [367, 1756], [-369, -1756]]
[[1, 0], [367, 439], [-1109, -1317]]
[[1, 0], [367, 439], [-1473, -1756]]
[[1, 0], [367, 878], [-737, -1756]]
[[1, 0], [368, 439], [-1112, -1317]]
[[1, 0], [368, 439], [-1477, -1756]]
[[1, 0], [369, 1756], [-371, -1756]]
[[1, 0], [369, 439], [-1115, -1317]]
[[1, 0], [369, 439], [-1481, -1756]]
[[1, 0], [369, 878], [-741, -1756]]
[[1, 0], [37, 1317], [-41, -1317]]
[[1, 0], [37, 1756], [-39, -1756]]
[[1, 0], [37, 439], [-119, -1317]]
[[1, 0], [37, 439], [-153, -1756]]
[[1, 0], [37, 439], [-41, -439]]
[[1, 0], [37, 878], [-77, -1756]]
[[1, 0], [370, 1317], [-374, -1317]]
[[1, 0], [370, 439], [-1118, -1317]]
[[1, 0], [370, 439], [-1485, -1756]]
[[1, 0], [371, 1756], [-373, -1756]]
[[1, 0], [371, 439], [-1121, -1317]]
[[1, 0], [371, 439], [-1489, -1756]]
[[1, 0], [371, 878], [-745, -1756]]
[[1, 0], [372, 439], [-1124, -1317]]
[[1, 0], [372, 439], [-1493, -1756]]
[[1, 0], [373, 1317], [-377, -1317]]
[[1, 0], [373, 1756], [-375, -1756]]
[[1, 0], [373, 439], [-1127, -1317]]
[[1, 0], [373, 439], [-1497, -1756]]
[[1, 0], [373, 878], [-749, -1756]]
[[1, 0], [374, 439], [-1130, -1317]]
[[1, 0], [374, 439], [-1501, -1756]]
[[1, 0], [375, 1756], [-377, -1756]]
[[1, 0], [375, 439], [-1133, -1317]]
[[1, 0], [375, 439], [-1505, -1756]]
[[1, 0], [375, 878], [-753, -1756]]
[[1, 0], [376, 1317], [-380, -1317]]
[[1, 0], [376, 439], [-1136, -1317]]
[[1, 0], [376, 439], [-1509, -1756]]
[[1, 0], [377, 1756], [-379, -1756]]
[[1, 0], [377, 439], [-1139, -1317]]
[[1, 0], [377, 439], [-1513, -1756]]
[[1, 0], [377, 878], [-757, -1756]]
[[1, 0], [378, 439], [-1142, -1317]]
[[1, 0], [378, 439], [-1517, -1756]]
[[1, 0], [379, 1317], [-383, -1317]]
[[1, 0], [379, 1756], [-381, -1756]]
[[1, 0], [379, 439], [-1145, -1317]]
[[1, 0], [379, 439], [-1521, -1756]]
[[1, 0], [379, 878], [-761, -1756]]
[[1, 0], [38, 439], [-122, -1317]]
[[1, 0], [38, 439], [-157, -1756]]
[[1, 0], [38, 439], [-42, -439]]
[[1, 0], [380, 439], [-1148, -1317]]
[[1, 0], [380, 439], [-1525, -1756]]
[[1, 0], [381, 1756], [-383, -1756]]
[[1, 0], [381, 439], [-1151, -1317]]
[[1, 0], [381, 439], [-1529, -1756]]
[[1, 0], [381, 878], [-765, -1756]]
[[1, 0], [382, 1317], [-386, -1317]]
[[1, 0], [382, 439], [-1154, -1317]]
[[1, 0], [382, 439], [-1533, -1756]]
[[1, 0], [383, 1756], [-385, -1756]]
[[1, 0], [383, 439], [-1157, -1317]]
[[1, 0], [383, 439], [-1537, -1756]]
[[1, 0], [383, 878], [-769, -1756]]
[[1, 0], [384, 439], [-1160, -1317]]
[[1, 0], [384, 439], [-1541, -1756]]
[[1, 0], [385, 1317], [-389, -1317]]
[[1, 0], [385, 1756], [-387, -1756]]
[[1, 0], [385, 439], [-1163, -1317]]
[[1, 0], [385, 439], [-1545, -1756]]
[[1, 0], [385, 878], [-773, -1756]]
[[1, 0], [386, 439], [-1166, -1317]]
[[1, 0], [386, 439], [-1549, -1756]]
[[1, 0], [387, 1756], [-389, -1756]]
[[1, 0], [387, 439], [-1169, -1317]]
[[1, 0], [387, 439], [-1553, -1756]]
[[1, 0], [387, 878], [-777, -1756]]
[[1, 0], [388, 1317], [-392, -1317]]
[[1, 0], [388, 439], [-1172, -1317]]
[[1, 0], [388, 439], [-1557, -1756]]
[[1, 0], [389, 1756], [-391, -1756]]
[[1, 0], [389, 439], [-1175, -1317]]
[[1, 0], [389, 439], [-1561, -1756]]
[[1, 0], [389, 878], [-781, -1756]]
[[1, 0], [39, 1756], [-41, -1756]]
[[1, 0], [39, 439], [-125, -1317]]
[[1, 0], [39, 439], [-161, -1756]]
[[1, 0], [39, 439], [-43, -439]]
[[1, 0], [39, 878], [-81, -1756]]
[[1, 0], [390, 439], [-1178, -1317]]
[[1, 0], [390, 439], [-1565, -1756]]
[[1, 0], [391, 1317], [-395, -1317]]
[[1, 0], [391, 1756], [-393, -1756]]
[[1, 0], [391, 439], [-1181, -1317]]
[[1, 0], [391, 439], [-1569, -1756]]
[[1, 0], [391, 878], [-785, -1756]]
[[1, 0], [392, 439], [-1184, -1317]]
[[1, 0], [392, 439], [-1573, -1756]]
[[1, 0], [393, 1756], [-395, -1756]]
[[1, 0], [393, 439], [-1187, -1317]]
[[1, 0], [393, 439], [-1577, -1756]]
[[1, 0], [393, 878], [-789, -1756]]
[[1, 0], [394, 1317], [-398, -1317]]
[[1, 0], [394, 439], [-1190, -1317]]
[[1, 0], [394, 439], [-1581, -1756]]
[[1, 0], [395, 1756], [-397, -1756]]
[[1, 0], [395, 439], [-1193, -1317]]
[[1, 0], [395, 439], [-1585, -1756]]
[[1, 0], [395, 878], [-793, -1756]]
[[1, 0], [396, 439], [-1196, -1317]]
[[1, 0], [396, 439], [-1589, -1756]]
[[1, 0], [397, 1317], [-401, -1317]]
[[1, 0], [397, 1756], [-399, -1756]]
[[1, 0], [397, 439], [-1199, -1317]]
[[1, 0], [397, 439], [-1593, -1756]]
[[1, 0], [397, 878], [-797, -1756]]
[[1, 0], [398, 439], [-1202, -1317]]
[[1, 0], [398, 439], [-1597, -1756]]
[[1, 0], [399, 1756], [-401, -1756]]
[[1, 0], [399, 439], [-1205, -1317]]
[[1, 0], [399, 439], [-1601, -1756]]
[[1, 0], [399, 878], [-801, -1756]]
[[1, 0], [4, 1317], [-8, -1317]]
[[1, 0], [4, 439], [-20, -1317]]
[[1, 0], [4, 439], [-21, -1756]]
[[1, 0], [4, 439], [-8, -439]]
[[1, 0], [40, 1317], [-44, -1317]]
[[1, 0], [40, 439], [-128, -1317]]
[[1, 0], [40, 439], [-165, -1756]]
[[1, 0], [40, 439], [-44, -439]]
[[1, 0], [400, 1317], [-404, -1317]]
[[1, 0], [400, 439], [-1208, -1317]]
[[1, 0], [400, 439], [-1605, -1756]]
[[1, 0], [401, 1756], [-403, -1756]]
[[1, 0], [401, 439], [-1211, -1317]]
[[1, 0], [401, 439], [-1609, -1756]]
[[1, 0], [401, 878], [-805, -1756]]
[[1, 0], [402, 439], [-1214, -1317]]
[[1, 0], [402, 439], [-1613, -1756]]
[[1, 0], [403, 1317], [-407, -1317]]
[[1, 0], [403, 1756], [-405, -1756]]
[[1, 0], [403, 439], [-1217, -1317]]
[[1, 0], [403, 439], [-1617, -1756]]
[[1, 0], [403, 878], [-809, -1756]]
[[1, 0], [404, 439], [-1220, -1317]]
[[1, 0], [404, 439], [-1621, -1756]]
[[1, 0], [405, 1756], [-407, -1756]]
[[1, 0], [405, 439], [-1223, -1317]]
[[1, 0], [405, 439], [-1625, -1756]]
[[1, 0], [405, 878], [-813, -1756]]
[[1, 0], [406, 1317], [-410, -1317]]
[[1, 0], [406, 439], [-1226, -1317]]
[[1, 0], [406, 439], [-1629, -1756]]
[[1, 0], [407, 1756], [-409, -1756]]
[[1, 0], [407, 439], [-1229, -1317]]
[[1, 0], [407, 439], [-1633, -1756]]
[[1, 0], [407, 878], [-817, -1756]]
[[1, 0], [408, 439], [-1232, -1317]]
[[1, 0], [408, 439], [-1637, -1756]]
[[1, 0], [409, 1317], [-413, -1317]]
[[1, 0], [409, 1756], [-411, -1756]]
[[1, 0], [409, 439], [-1235, -1317]]
[[1, 0], [409, 439], [-1641, -1756]]
[[1, 0], [409, 878], [-821, -1756]]
[[1, 0], [41, 1756], [-43, -1756]]
[[1, 0], [41, 439], [-131, -1317]]
[[1, 0], [41, 439], [-169, -1756]]
[[1, 0], [41, 439], [-45, -439]]
[[1, 0], [41, 80], [-1099, -110]]
[[1, 0], [41, 80], [-1495, -176]]
[[1, 0], [41, 80], [-1759, -220]]
[[1, 0], [41, 80], [-3079, -440]]
[[1, 0], [41, 80], [-5719, -880]]
[[1, 0], [41, 80], [-919, -80]]
[[1, 0], [41, 80], [-967, -88]]
[[1, 0], [41, 878], [-85, -1756]]
[[1, 0], [410, 439], [-1238, -1317]]
[[1, 0], [410, 439], [-1645, -1756]]
[[1, 0], [411, 1756], [-413, -1756]]
[[1, 0], [411, 439], [-1241, -1317]]
[[1, 0], [411, 439], [-1649, -1756]]
[[1, 0], [411, 878], [-825, -1756]]
[[1, 0], [412, 1317], [-416, -1317]]
[[1, 0], [412, 439], [-1244, -1317]]
[[1, 0], [412, 439], [-1653, -1756]]
[[1, 0], [413, 1756], [-415, -1756]]
[[1, 0], [413, 439], [-1247, -1317]]
[[1, 0], [413, 439], [-1657, -1756]]
[[1, 0], [413, 878], [-829, -1756]]
[[1, 0], [414, 439], [-1250, -1317]]
[[1, 0], [414, 439], [-1661, -1756]]
[[1, 0], [415, 1317], [-419, -1317]]
[[1, 0], [415, 1756], [-417, -1756]]
[[1, 0], [415, 439], [-1253, -1317]]
[[1, 0], [415, 439], [-1665, -1756]]
[[1, 0], [415, 878], [-833, -1756]]
[[1, 0], [416, 439], [-1256, -1317]]
[[1, 0], [416, 439], [-1669, -1756]]
[[1, 0], [417, 1756], [-419, -1756]]
[[1, 0], [417, 439], [-1259, -1317]]
[[1, 0], [417, 439], [-1673, -1756]]
[[1, 0], [417, 878], [-837, -1756]]
[[1, 0], [418, 1317], [-422, -1317]]
[[1, 0], [418, 439], [-1262, -1317]]
[[1, 0], [418, 439], [-1677, -1756]]
[[1, 0], [419, 1756], [-421, -1756]]
[[1, 0], [419, 439], [-1265, -1317]]
[[1, 0], [419, 439], [-1681, -1756]]
[[1, 0], [419, 878], [-841, -1756]]
[[1, 0], [42, 439], [-134, -1317]]
[[1, 0], [42, 439], [-173, -1756]]
[[1, 0], [42, 439], [-46, -439]]
[[1, 0], [420, 439], [-1268, -1317]]
[[1, 0], [420, 439], [-1685, -1756]]
[[1, 0], [421, 1317], [-425, -1317]]
[[1, 0], [421, 1756], [-423, -1756]]
[[1, 0], [421, 439], [-1271, -1317]]
[[1, 0], [421, 439], [-1689, -1756]]
[[1, 0], [421, 878], [-845, -1756]]
[[1, 0], [422, 439], [-1274, -1317]]
[[1, 0], [422, 439], [-1693, -1756]]
[[1, 0], [423, 1756], [-425, -1756]]
[[1, 0], [423, 439], [-1277, -1317]]
[[1, 0], [423, 439], [-1697, -1756]]
[[1, 0], [423, 878], [-849, -1756]]
[[1, 0], [424, 1317], [-428, -1317]]
[[1, 0], [424, 439], [-1280, -1317]]
[[1, 0], [424, 439], [-1701, -1756]]
[[1, 0], [425, 1756], [-427, -1756]]
[[1, 0], [425, 439], [-1283, -1317]]
[[1, 0], [425, 439], [-1705, -1756]]
[[1, 0], [425, 878], [-853, -1756]]
[[1, 0], [426, 439], [-1286, -1317]]
[[1, 0], [426, 439], [-1709, -1756]]
[[1, 0], [427, 1317], [-431, -1317]]
[[1, 0], [427, 1756], [-429, -1756]]
[[1, 0], [427, 439], [-1289, -1317]]
[[1, 0], [427, 439], [-1713, -1756]]
[[1, 0], [427, 878], [-857, -1756]]
[[1, 0], [428, 439], [-1292, -1317]]
[[1, 0], [428, 439], [-1717, -1756]]
[[1, 0], [428, 439], [-432, -439]]
[[1, 0], [429, 1756], [-431, -1756]]
[[1, 0], [429, 439], [-1295, -1317]]
[[1, 0], [429, 439], [-1721, -1756]]
[[1, 0], [429, 878], [-861, -1756]]
[[1, 0], [43, 1317], [-47, -1317]]
[[1, 0], [43, 1756], [-45, -1756]]
[[1, 0], [43, 439], [-137, -1317]]
[[1, 0], [43, 439], [-177, -1756]]
[[1, 0], [43, 439], [-47, -439]]
[[1, 0], [43, 878], [-89, -1756]]
[[1, 0], [430, 1317], [-434, -1317]]
[[1, 0], [430, 439], [-1298, -1317]]
[[1, 0], [430, 439], [-1725, -1756]]
[[1, 0], [431, 1756], [-433, -1756]]
[[1, 0], [431, 439], [-1301, -1317]]
[[1, 0], [431, 439], [-1729, -1756]]
[[1, 0], [431, 878], [-865, -1756]]
[[1, 0], [432, 439], [-1304, -1317]]
[[1, 0], [432, 439], [-1733, -1756]]
[[1, 0], [433, 1317], [-437, -1317]]
[[1, 0], [433, 1756], [-435, -1756]]
[[1, 0], [433, 439], [-1307, -1317]]
[[1, 0], [433, 439], [-1737, -1756]]
[[1, 0], [433, 878], [-869, -1756]]
[[1, 0], [434, 439], [-1310, -1317]]
[[1, 0], [434, 439], [-1741, -1756]]
[[1, 0], [435, 1756], [-437, -1756]]
[[1, 0], [435, 439], [-1313, -1317]]
[[1, 0], [435, 439], [-1745, -1756]]
[[1, 0], [435, 878], [-873, -1756]]
[[1, 0], [436, 1317], [-440, -1317]]
[[1, 0], [436, 439], [-1316, -1317]]
[[1, 0], [436, 439], [-1749, -1756]]
[[1, 0], [436, 439], [-440, -439]]
[[1, 0], [437, 439], [-1319, -1317]]
[[1, 0], [437, 439], [-1753, -1756]]
[[1, 0], [437, 439], [-441, -439]]
[[1, 0], [437, 878], [-877, -1756]]
[[1, 0], [438, 439], [-1322, -1317]]
[[1, 0], [438, 439], [-1757, -1756]]
[[1, 0], [44, 439], [-140, -1317]]
[[1, 0], [44, 439], [-181, -1756]]
[[1, 0], [44, 439], [-48, -439]]
[[1, 0], [441, 1756], [-443, -1756]]
[[1, 0], [441, 878], [-885, -1756]]
[[1, 0], [441, 880], [-1319, -880]]
[[1, 0], [442, 1317], [-446, -1317]]
[[1, 0], [443, 1756], [-445, -1756]]
[[1, 0], [443, 878], [-889, -1756]]
[[1, 0], [445, 1317], [-449, -1317]]
[[1, 0], [445, 1756], [-447, -1756]]
[[1, 0], [445, 878], [-893, -1756]]
[[1, 0], [447, 1756], [-449, -1756]]
[[1, 0], [447, 878], [-897, -1756]]
[[1, 0], [448, 1317], [-452, -1317]]
[[1, 0], [449, 1756], [-451, -1756]]
[[1, 0], [449, 878], [-901, -1756]]
[[1, 0], [45, 1756], [-47, -1756]]
[[1, 0], [45, 439], [-143, -1317]]
[[1, 0], [45, 439], [-185, -1756]]
[[1, 0], [45, 439], [-49, -439]]
[[1, 0], [45, 878], [-93, -1756]]
[[1, 0], [45, 88], [-1407, -176]]
[[1, 0], [45, 88], [-1649, -220]]
[[1, 0], [45, 88], [-2859, -440]]
[[1, 0], [45, 88], [-5279, -880]]
[[1, 0], [45, 88], [-923, -88]]
[[1, 0], [451, 1317], [-455, -1317]]
[[1, 0], [451, 1756], [-453, -1756]]
[[1, 0], [451, 878], [-905, -1756]]
[[1, 0], [453, 1756], [-455, -1756]]
[[1, 0], [453, 878], [-909, -1756]]
[[1, 0], [454, 1317], [-458, -1317]]
[[1, 0], [455, 1756], [-457, -1756]]
[[1, 0], [455, 878], [-913, -1756]]
[[1, 0], [457, 1317], [-461, -1317]]
[[1, 0], [457, 1756], [-459, -1756]]
[[1, 0], [457, 878], [-917, -1756]]
[[1, 0], [459, 1756], [-461, -1756]]
[[1, 0], [459, 878], [-921, -1756]]
[[1, 0], [46, 1317], [-50, -1317]]
[[1, 0], [46, 439], [-146, -1317]]
[[1, 0], [46, 439], [-189, -1756]]
[[1, 0], [46, 439], [-50, -439]]
[[1, 0], [460, 1317], [-464, -1317]]
[[1, 0], [461, 1756], [-463, -1756]]
[[1, 0], [461, 878], [-925, -1756]]
[[1, 0], [463, 1317], [-467, -1317]]
[[1, 0], [463, 1756], [-465, -1756]]
[[1, 0], [463, 878], [-929, -1756]]
[[1, 0], [465, 1756], [-467, -1756]]
[[1, 0], [465, 878], [-933, -1756]]
[[1, 0], [466, 1317], [-470, -1317]]
[[1, 0], [467, 1756], [-469, -1756]]
[[1, 0], [467, 878], [-937, -1756]]
[[1, 0], [469, 1317], [-473, -1317]]
[[1, 0], [469, 1756], [-471, -1756]]
[[1, 0], [469, 878], [-941, -1756]]
[[1, 0], [47, 1756], [-49, -1756]]
[[1, 0], [47, 439], [-149, -1317]]
[[1, 0], [47, 439], [-193, -1756]]
[[1, 0], [47, 439], [-51, -439]]
[[1, 0], [47, 878], [-97, -1756]]
[[1, 0], [471, 1756], [-473, -1756]]
[[1, 0], [471, 878], [-945, -1756]]
[[1, 0], [472, 1317], [-476, -1317]]
[[1, 0], [473, 1756], [-475, -1756]]
[[1, 0], [473, 878], [-949, -1756]]
[[1, 0], [475, 1317], [-479, -1317]]
[[1, 0], [475, 1756], [-477, -1756]]
[[1, 0], [475, 878], [-953, -1756]]
[[1, 0], [477, 1756], [-479, -1756]]
[[1, 0], [477, 878], [-957, -1756]]
[[1, 0], [478, 1317], [-482, -1317]]
[[1, 0], [479, 1756], [-481, -1756]]
[[1, 0], [479, 878], [-961, -1756]]
[[1, 0], [48, 439], [-152, -1317]]
[[1, 0], [48, 439], [-197, -1756]]
[[1, 0], [48, 439], [-52, -439]]
[[1, 0], [481, 1317], [-485, -1317]]
[[1, 0], [481, 1756], [-483, -1756]]
[[1, 0], [481, 878], [-965, -1756]]
[[1, 0], [483, 1756], [-485, -1756]]
[[1, 0], [483, 878], [-969, -1756]]
[[1, 0], [484, 1317], [-488, -1317]]
[[1, 0], [485, 1756], [-487, -1756]]
[[1, 0], [485, 878], [-973, -1756]]
[[1, 0], [487, 1317], [-491, -1317]]
[[1, 0], [487, 1756], [-489, -1756]]
[[1, 0], [487, 878], [-977, -1756]]
[[1, 0], [489, 1756], [-491, -1756]]
[[1, 0], [489, 878], [-981, -1756]]
[[1, 0], [49, 1317], [-53, -1317]]
[[1, 0], [49, 1756], [-51, -1756]]
[[1, 0], [49, 439], [-155, -1317]]
[[1, 0], [49, 439], [-201, -1756]]
[[1, 0], [49, 439], [-53, -439]]
[[1, 0], [49, 878], [-101, -1756]]
[[1, 0], [490, 1317], [-494, -1317]]
[[1, 0], [491, 1756], [-493, -1756]]
[[1, 0], [491, 878], [-985, -1756]]
[[1, 0], [493, 1317], [-497, -1317]]
[[1, 0], [493, 1756], [-495, -1756]]
[[1, 0], [493, 878], [-989, -1756]]
[[1, 0], [495, 1756], [-497, -1756]]
[[1, 0], [495, 878], [-993, -1756]]
[[1, 0], [496, 1317], [-500, -1317]]
[[1, 0], [497, 1756], [-499, -1756]]
[[1, 0], [497, 878], [-997, -1756]]
[[1, 0], [499, 1317], [-503, -1317]]
[[1, 0], [499, 1756], [-501, -1756]]
[[1, 0], [499, 878], [-1001, -1756]]
[[1, 0], [5, 439], [-23, -1317]]
[[1, 0], [5, 439], [-25, -1756]]
[[1, 0], [5, 439], [-9, -439]]
[[1, 0], [5, 878], [-13, -1756]]
[[1, 0], [5, 8], [-10207, -176]]
[[1, 0], [5, 8], [-1129, -226]]
[[1, 0], [5, 8], [-12649, -220]]
[[1, 0], [5, 8], [-1327, -16]]
[[1, 0], [5, 8], [-148, -149]]
[[1, 0], [5, 8], [-1549, -20]]
[[1, 0], [5, 8], [-227, -12]]
[[1, 0], [5, 8], [-237, -28]]
[[1, 0], [5, 8], [-24859, -440]]
[[1, 0], [5, 8], [-2659, -40]]
[[1, 0], [5, 8], [-2663, -222]]
[[1, 0], [5, 8], [-2881, -44]]
[[1, 0], [5, 8], [-377, -252]]
[[1, 0], [5, 8], [-479, -64]]
[[1, 0], [5, 8], [-4879, -80]]
[[1, 0], [5, 8], [-49279, -880]]
[[1, 0], [5, 8], [-517, -37]]
[[1, 0], [5, 8], [-5323, -88]]
[[1, 0], [5, 8], [-587, -588]]
[[1, 0], [5, 8], [-639, -320]]
[[1, 0], [5, 8], [-883, -8]]
[[1, 0], [50, 439], [-158, -1317]]
[[1, 0], [50, 439], [-205, -1756]]
[[1, 0], [50, 439], [-54, -439]]
[[1, 0], [501, 1756], [-503, -1756]]
[[1, 0], [501, 878], [-1005, -1756]]
[[1, 0], [502, 1317], [-506, -1317]]
[[1, 0], [503, 1756], [-505, -1756]]
[[1, 0], [503, 878], [-1009, -1756]]
[[1, 0], [505, 1317], [-509, -1317]]
[[1, 0], [505, 1756], [-507, -1756]]
[[1, 0], [505, 878], [-1013, -1756]]
[[1, 0], [507, 1756], [-509, -1756]]
[[1, 0], [507, 878], [-1017, -1756]]
[[1, 0], [508, 1317], [-512, -1317]]
[[1, 0], [509, 1756], [-511, -1756]]
[[1, 0], [509, 878], [-1021, -1756]]
[[1, 0], [51, 100], [-449, -450]]
[[1, 0], [51, 1756], [-53, -1756]]
[[1, 0], [51, 439], [-161, -1317]]
[[1, 0], [51, 439], [-209, -1756]]
[[1, 0], [51, 439], [-55, -439]]
[[1, 0], [51, 878], [-105, -1756]]
[[1, 0], [511, 1317], [-515, -1317]]
[[1, 0], [511, 1756], [-513, -1756]]
[[1, 0], [511, 878], [-1025, -1756]]
[[1, 0], [513, 1756], [-515, -1756]]
[[1, 0], [513, 878], [-1029, -1756]]
[[1, 0], [514, 1317], [-518, -1317]]
[[1, 0], [515, 1756], [-517, -1756]]
[[1, 0], [515, 878], [-1033, -1756]]
[[1, 0], [517, 1317], [-521, -1317]]
[[1, 0], [517, 1756], [-519, -1756]]
[[1, 0], [517, 878], [-1037, -1756]]
[[1, 0], [519, 1756], [-521, -1756]]
[[1, 0], [519, 878], [-1041, -1756]]
[[1, 0], [52, 1317], [-56, -1317]]
[[1, 0], [52, 439], [-164, -1317]]
[[1, 0], [52, 439], [-213, -1756]]
[[1, 0], [52, 439], [-56, -439]]
[[1, 0], [520, 1317], [-524, -1317]]
[[1, 0], [521, 1756], [-523, -1756]]
[[1, 0], [521, 878], [-1045, -1756]]
[[1, 0], [523, 1317], [-527, -1317]]
[[1, 0], [523, 1756], [-525, -1756]]
[[1, 0], [523, 878], [-1049, -1756]]
[[1, 0], [525, 1756], [-527, -1756]]
[[1, 0], [525, 878], [-1053, -1756]]
[[1, 0], [526, 1317], [-530, -1317]]
[[1, 0], [527, 1756], [-529, -1756]]
[[1, 0], [527, 878], [-1057, -1756]]
[[1, 0], [529, 1317], [-533, -1317]]
[[1, 0], [529, 1756], [-531, -1756]]
[[1, 0], [529, 878], [-1061, -1756]]
[[1, 0], [53, 1756], [-55, -1756]]
[[1, 0], [53, 439], [-167, -1317]]
[[1, 0], [53, 439], [-217, -1756]]
[[1, 0], [53, 439], [-57, -439]]
[[1, 0], [53, 878], [-109, -1756]]
[[1, 0], [531, 1756], [-533, -1756]]
[[1, 0], [531, 878], [-1065, -1756]]
[[1, 0], [532, 1317], [-536, -1317]]
[[1, 0], [533, 1756], [-535, -1756]]
[[1, 0], [533, 878], [-1069, -1756]]
[[1, 0], [535, 1317], [-539, -1317]]
[[1, 0], [535, 1756], [-537, -1756]]
[[1, 0], [535, 878], [-1073, -1756]]
[[1, 0], [537, 1756], [-539, -1756]]
[[1, 0], [537, 878], [-1077, -1756]]
[[1, 0], [538, 1317], [-542, -1317]]
[[1, 0], [539, 1756], [-541, -1756]]
[[1, 0], [539, 878], [-1081, -1756]]
[[1, 0], [54, 439], [-170, -1317]]
[[1, 0], [54, 439], [-221, -1756]]
[[1, 0], [54, 439], [-58, -439]]
[[1, 0], [541, 1317], [-545, -1317]]
[[1, 0], [541, 1756], [-543, -1756]]
[[1, 0], [541, 878], [-1085, -1756]]
[[1, 0], [543, 1756], [-545, -1756]]
[[1, 0], [543, 878], [-1089, -1756]]
[[1, 0], [544, 1317], [-548, -1317]]
[[1, 0], [545, 1756], [-547, -1756]]
[[1, 0], [545, 878], [-1093, -1756]]
[[1, 0], [547, 1317], [-551, -1317]]
[[1, 0], [547, 1756], [-549, -1756]]
[[1, 0], [547, 878], [-1097, -1756]]
[[1, 0], [549, 1756], [-551, -1756]]
[[1, 0], [549, 878], [-1101, -1756]]
[[1, 0], [55, 1317], [-59, -1317]]
[[1, 0], [55, 1756], [-57, -1756]]
[[1, 0], [55, 439], [-173, -1317]]
[[1, 0], [55, 439], [-225, -1756]]
[[1, 0], [55, 439], [-59, -439]]
[[1, 0], [55, 878], [-113, -1756]]
[[1, 0], [550, 1317], [-554, -1317]]
[[1, 0], [551, 1756], [-553, -1756]]
[[1, 0], [551, 878], [-1105, -1756]]
[[1, 0], [553, 1317], [-557, -1317]]
[[1, 0], [553, 1756], [-555, -1756]]
[[1, 0], [553, 878], [-1109, -1756]]
[[1, 0], [555, 1756], [-557, -1756]]
[[1, 0], [555, 878], [-1113, -1756]]
[[1, 0], [556, 1317], [-560, -1317]]
[[1, 0], [557, 1756], [-559, -1756]]
[[1, 0], [557, 878], [-1117, -1756]]
[[1, 0], [559, 1317], [-563, -1317]]
[[1, 0], [559, 1756], [-561, -1756]]
[[1, 0], [559, 878], [-1121, -1756]]
[[1, 0], [56, 439], [-176, -1317]]
[[1, 0], [56, 439], [-229, -1756]]
[[1, 0], [56, 439], [-60, -439]]
[[1, 0], [561, 1756], [-563, -1756]]
[[1, 0], [561, 878], [-1125, -1756]]
[[1, 0], [562, 1317], [-566, -1317]]
[[1, 0], [563, 1756], [-565, -1756]]
[[1, 0], [563, 878], [-1129, -1756]]
[[1, 0], [565, 1317], [-569, -1317]]
[[1, 0], [565, 1756], [-567, -1756]]
[[1, 0], [565, 878], [-1133, -1756]]
[[1, 0], [567, 1756], [-569, -1756]]
[[1, 0], [567, 878], [-1137, -1756]]
[[1, 0], [568, 1317], [-572, -1317]]
[[1, 0], [569, 1756], [-571, -1756]]
[[1, 0], [569, 878], [-1141, -1756]]
[[1, 0], [57, 112], [-895, -896]]
[[1, 0], [57, 1756], [-59, -1756]]
[[1, 0], [57, 439], [-179, -1317]]
[[1, 0], [57, 439], [-233, -1756]]
[[1, 0], [57, 439], [-61, -439]]
[[1, 0], [57, 878], [-117, -1756]]
[[1, 0], [571, 1317], [-575, -1317]]
[[1, 0], [571, 1756], [-573, -1756]]
[[1, 0], [571, 878], [-1145, -1756]]
[[1, 0], [573, 1756], [-575, -1756]]
[[1, 0], [573, 878], [-1149, -1756]]
[[1, 0], [574, 1317], [-578, -1317]]
[[1, 0], [575, 1756], [-577, -1756]]
[[1, 0], [575, 878], [-1153, -1756]]
[[1, 0], [577, 1317], [-581, -1317]]
[[1, 0], [577, 1756], [-579, -1756]]
[[1, 0], [577, 878], [-1157, -1756]]
[[1, 0], [579, 1756], [-581, -1756]]
[[1, 0], [579, 878], [-1161, -1756]]
[[1, 0], [58, 1317], [-62, -1317]]
[[1, 0], [58, 439], [-182, -1317]]
[[1, 0], [58, 439], [-237, -1756]]
[[1, 0], [58, 439], [-62, -439]]
[[1, 0], [580, 1317], [-584, -1317]]
[[1, 0], [581, 1756], [-583, -1756]]
[[1, 0], [581, 878], [-1165, -1756]]
[[1, 0], [583, 1317], [-587, -1317]]
[[1, 0], [583, 1756], [-585, -1756]]
[[1, 0], [583, 878], [-1169, -1756]]
[[1, 0], [585, 1756], [-587, -1756]]
[[1, 0], [585, 878], [-1173, -1756]]
[[1, 0], [586, 1317], [-590, -1317]]
[[1, 0], [587, 1756], [-589, -1756]]
[[1, 0], [587, 878], [-1177, -1756]]
[[1, 0], [589, 1317], [-593, -1317]]
[[1, 0], [589, 1756], [-591, -1756]]
[[1, 0], [589, 878], [-1181, -1756]]
[[1, 0], [59, 1756], [-61, -1756]]
[[1, 0], [59, 439], [-185, -1317]]
[[1, 0], [59, 439], [-241, -1756]]
[[1, 0], [59, 439], [-63, -439]]
[[1, 0], [59, 878], [-121, -1756]]
[[1, 0], [591, 1756], [-593, -1756]]
[[1, 0], [591, 878], [-1185, -1756]]
[[1, 0], [592, 1317], [-596, -1317]]
[[1, 0], [593, 1756], [-595, -1756]]
[[1, 0], [593, 878], [-1189, -1756]]
[[1, 0], [595, 1317], [-599, -1317]]
[[1, 0], [595, 1756], [-597, -1756]]
[[1, 0], [595, 878], [-1193, -1756]]
[[1, 0], [597, 1756], [-599, -1756]]
[[1, 0], [597, 878], [-1197, -1756]]
[[1, 0], [598, 1317], [-602, -1317]]
[[1, 0], [599, 1756], [-601, -1756]]
[[1, 0], [599, 878], [-1201, -1756]]
[[1, 0], [6, 439], [-10, -439]]
[[1, 0], [6, 439], [-26, -1317]]
[[1, 0], [6, 439], [-29, -1756]]
[[1, 0], [60, 439], [-188, -1317]]
[[1, 0], [60, 439], [-245, -1756]]
[[1, 0], [60, 439], [-64, -439]]
[[1, 0], [601, 1317], [-605, -1317]]
[[1, 0], [601, 1756], [-603, -1756]]
[[1, 0], [601, 878], [-1205, -1756]]
[[1, 0], [603, 1756], [-605, -1756]]
[[1, 0], [603, 878], [-1209, -1756]]
[[1, 0], [604, 1317], [-608, -1317]]
[[1, 0], [605, 1756], [-607, -1756]]
[[1, 0], [605, 878], [-1213, -1756]]
[[1, 0], [607, 1317], [-611, -1317]]
[[1, 0], [607, 1756], [-609, -1756]]
[[1, 0], [607, 878], [-1217, -1756]]
[[1, 0], [609, 1756], [-611, -1756]]
[[1, 0], [609, 878], [-1221, -1756]]
[[1, 0], [61, 1317], [-65, -1317]]
[[1, 0], [61, 1756], [-63, -1756]]
[[1, 0], [61, 439], [-191, -1317]]
[[1, 0], [61, 439], [-249, -1756]]
[[1, 0], [61, 439], [-65, -439]]
[[1, 0], [61, 878], [-125, -1756]]
[[1, 0], [610, 1317], [-614, -1317]]
[[1, 0], [611, 1756], [-613, -1756]]
[[1, 0], [611, 878], [-1225, -1756]]
[[1, 0], [613, 1317], [-617, -1317]]
[[1, 0], [613, 1756], [-615, -1756]]
[[1, 0], [613, 878], [-1229, -1756]]
[[1, 0], [615, 1756], [-617, -1756]]
[[1, 0], [615, 878], [-1233, -1756]]
[[1, 0], [616, 1317], [-620, -1317]]
[[1, 0], [617, 1756], [-619, -1756]]
[[1, 0], [617, 878], [-1237, -1756]]
[[1, 0], [619, 1317], [-623, -1317]]
[[1, 0], [619, 1756], [-621, -1756]]
[[1, 0], [619, 878], [-1241, -1756]]
[[1, 0], [62, 439], [-194, -1317]]
[[1, 0], [62, 439], [-253, -1756]]
[[1, 0], [62, 439], [-66, -439]]
[[1, 0], [621, 1756], [-623, -1756]]
[[1, 0], [621, 878], [-1245, -1756]]
[[1, 0], [622, 1317], [-626, -1317]]
[[1, 0], [623, 1756], [-625, -1756]]
[[1, 0], [623, 878], [-1249, -1756]]
[[1, 0], [625, 1317], [-629, -1317]]
[[1, 0], [625, 1756], [-627, -1756]]
[[1, 0], [625, 878], [-1253, -1756]]
[[1, 0], [627, 1756], [-629, -1756]]
[[1, 0], [627, 878], [-1257, -1756]]
[[1, 0], [628, 1317], [-632, -1317]]
[[1, 0], [629, 1756], [-631, -1756]]
[[1, 0], [629, 878], [-1261, -1756]]
[[1, 0], [63, 1756], [-65, -1756]]
[[1, 0], [63, 439], [-197, -1317]]
[[1, 0], [63, 439], [-257, -1756]]
[[1, 0], [63, 439], [-67, -439]]
[[1, 0], [63, 878], [-129, -1756]]
[[1, 0], [631, 1317], [-635, -1317]]
[[1, 0], [631, 1756], [-633, -1756]]
[[1, 0], [631, 878], [-1265, -1756]]
[[1, 0], [633, 1756], [-635, -1756]]
[[1, 0], [633, 878], [-1269, -1756]]
[[1, 0], [634, 1317], [-638, -1317]]
[[1, 0], [635, 1756], [-637, -1756]]
[[1, 0], [635, 878], [-1273, -1756]]
[[1, 0], [637, 1317], [-641, -1317]]
[[1, 0], [637, 1756], [-639, -1756]]
[[1, 0], [637, 878], [-1277, -1756]]
[[1, 0], [639, 1756], [-641, -1756]]
[[1, 0], [639, 878], [-1281, -1756]]
[[1, 0], [64, 1317], [-68, -1317]]
[[1, 0], [64, 439], [-200, -1317]]
[[1, 0], [64, 439], [-261, -1756]]
[[1, 0], [64, 439], [-68, -439]]
[[1, 0], [640, 1317], [-644, -1317]]
[[1, 0], [641, 1756], [-643, -1756]]
[[1, 0], [641, 878], [-1285, -1756]]
[[1, 0], [643, 1317], [-647, -1317]]
[[1, 0], [643, 1756], [-645, -1756]]
[[1, 0], [643, 878], [-1289, -1756]]
[[1, 0], [645, 1756], [-647, -1756]]
[[1, 0], [645, 878], [-1293, -1756]]
[[1, 0], [646, 1317], [-650, -1317]]
[[1, 0], [647, 1756], [-649, -1756]]
[[1, 0], [647, 878], [-1297, -1756]]
[[1, 0], [649, 1317], [-653, -1317]]
[[1, 0], [649, 1756], [-651, -1756]]
[[1, 0], [649, 878], [-1301, -1756]]
[[1, 0], [65, 128], [-447, -448]]
[[1, 0], [65, 1756], [-67, -1756]]
[[1, 0], [65, 439], [-203, -1317]]
[[1, 0], [65, 439], [-265, -1756]]
[[1, 0], [65, 439], [-69, -439]]
[[1, 0], [65, 878], [-133, -1756]]
[[1, 0], [651, 1756], [-653, -1756]]
[[1, 0], [651, 878], [-1305, -1756]]
[[1, 0], [652, 1317], [-656, -1317]]
[[1, 0], [653, 1756], [-655, -1756]]
[[1, 0], [653, 878], [-1309, -1756]]
[[1, 0], [655, 1317], [-659, -1317]]
[[1, 0], [655, 1756], [-657, -1756]]
[[1, 0], [655, 878], [-1313, -1756]]
[[1, 0], [657, 1756], [-659, -1756]]
[[1, 0], [659, 1756], [-661, -1756]]
[[1, 0], [659, 878], [-1321, -1756]]
[[1, 0], [66, 439], [-206, -1317]]
[[1, 0], [66, 439], [-269, -1756]]
[[1, 0], [66, 439], [-70, -439]]
[[1, 0], [661, 1756], [-663, -1756]]
[[1, 0], [661, 878], [-1325, -1756]]
[[1, 0], [663, 1756], [-665, -1756]]
[[1, 0], [663, 878], [-1329, -1756]]
[[1, 0], [665, 1756], [-667, -1756]]
[[1, 0], [665, 878], [-1333, -1756]]
[[1, 0], [667, 1756], [-669, -1756]]
[[1, 0], [667, 878], [-1337, -1756]]
[[1, 0], [669, 1756], [-671, -1756]]
[[1, 0], [669, 878], [-1341, -1756]]
[[1, 0], [67, 1317], [-71, -1317]]
[[1, 0], [67, 1756], [-69, -1756]]
[[1, 0], [67, 439], [-209, -1317]]
[[1, 0], [67, 439], [-273, -1756]]
[[1, 0], [67, 439], [-71, -439]]
[[1, 0], [67, 878], [-137, -1756]]
[[1, 0], [671, 1756], [-673, -1756]]
[[1, 0], [671, 878], [-1345, -1756]]
[[1, 0], [673, 1756], [-675, -1756]]
[[1, 0], [673, 878], [-1349, -1756]]
[[1, 0], [675, 1756], [-677, -1756]]
[[1, 0], [675, 878], [-1353, -1756]]
[[1, 0], [677, 1756], [-679, -1756]]
[[1, 0], [677, 878], [-1357, -1756]]
[[1, 0], [679, 1756], [-681, -1756]]
[[1, 0], [679, 878], [-1361, -1756]]
[[1, 0], [68, 439], [-212, -1317]]
[[1, 0], [68, 439], [-277, -1756]]
[[1, 0], [68, 439], [-72, -439]]
[[1, 0], [681, 1756], [-683, -1756]]
[[1, 0], [681, 878], [-1365, -1756]]
[[1, 0], [683, 1756], [-685, -1756]]
[[1, 0], [683, 878], [-1369, -1756]]
[[1, 0], [685, 1756], [-687, -1756]]
[[1, 0], [685, 878], [-1373, -1756]]
[[1, 0], [687, 1756], [-689, -1756]]
[[1, 0], [687, 878], [-1377, -1756]]
[[1, 0], [689, 1756], [-691, -1756]]
[[1, 0], [689, 878], [-1381, -1756]]
[[1, 0], [69, 1756], [-71, -1756]]
[[1, 0], [69, 439], [-215, -1317]]
[[1, 0], [69, 439], [-281, -1756]]
[[1, 0], [69, 439], [-73, -439]]
[[1, 0], [69, 878], [-141, -1756]]
[[1, 0], [691, 1756], [-693, -1756]]
[[1, 0], [691, 878], [-1385, -1756]]
[[1, 0], [693, 1756], [-695, -1756]]
[[1, 0], [693, 878], [-1389, -1756]]
[[1, 0], [695, 1756], [-697, -1756]]
[[1, 0], [695, 878], [-1393, -1756]]
[[1, 0], [697, 1756], [-699, -1756]]
[[1, 0], [697, 878], [-1397, -1756]]
[[1, 0], [699, 1756], [-701, -1756]]
[[1, 0], [699, 878], [-1401, -1756]]
[[1, 0], [7, 12], [-1055, -1056]]
[[1, 0], [7, 12], [-1257, -148]]
[[1, 0], [7, 12], [-177, -178]]
[[1, 0], [7, 12], [-1799, -450]]
[[1, 0], [7, 12], [-207, -104]]
[[1, 0], [7, 12], [-7103, -888]]
[[1, 0], [7, 12], [-719, -480]]
[[1, 0], [7, 1756], [-9, -1756]]
[[1, 0], [7, 439], [-29, -1317]]
[[1, 0], [7, 439], [-33, -1756]]
[[1, 0], [7, 878], [-17, -1756]]
[[1, 0], [70, 1317], [-74, -1317]]
[[1, 0], [70, 439], [-218, -1317]]
[[1, 0], [70, 439], [-285, -1756]]
[[1, 0], [70, 439], [-74, -439]]
[[1, 0], [701, 1756], [-703, -1756]]
[[1, 0], [701, 878], [-1405, -1756]]
[[1, 0], [703, 1756], [-705, -1756]]
[[1, 0], [703, 878], [-1409, -1756]]
[[1, 0], [705, 1756], [-707, -1756]]
[[1, 0], [705, 878], [-1413, -1756]]
[[1, 0], [707, 1756], [-709, -1756]]
[[1, 0], [707, 878], [-1417, -1756]]
[[1, 0], [709, 1756], [-711, -1756]]
[[1, 0], [709, 878], [-1421, -1756]]
[[1, 0], [71, 1756], [-73, -1756]]
[[1, 0], [71, 439], [-221, -1317]]
[[1, 0], [71, 439], [-289, -1756]]
[[1, 0], [71, 439], [-75, -439]]
[[1, 0], [71, 878], [-145, -1756]]
[[1, 0], [711, 1756], [-713, -1756]]
[[1, 0], [711, 878], [-1425, -1756]]
[[1, 0], [713, 1756], [-715, -1756]]
[[1, 0], [713, 878], [-1429, -1756]]
[[1, 0], [715, 1756], [-717, -1756]]
[[1, 0], [715, 878], [-1433, -1756]]
[[1, 0], [717, 1756], [-719, -1756]]
[[1, 0], [717, 878], [-1437, -1756]]
[[1, 0], [719, 1756], [-721, -1756]]
[[1, 0], [719, 878], [-1441, -1756]]
[[1, 0], [72, 439], [-224, -1317]]
[[1, 0], [72, 439], [-293, -1756]]
[[1, 0], [72, 439], [-76, -439]]
[[1, 0], [721, 1756], [-723, -1756]]
[[1, 0], [721, 878], [-1445, -1756]]
[[1, 0], [723, 1756], [-725, -1756]]
[[1, 0], [723, 878], [-1449, -1756]]
[[1, 0], [725, 1756], [-727, -1756]]
[[1, 0], [725, 878], [-1453, -1756]]
[[1, 0], [727, 1756], [-729, -1756]]
[[1, 0], [727, 878], [-1457, -1756]]
[[1, 0], [729, 1756], [-731, -1756]]
[[1, 0], [729, 878], [-1461, -1756]]
[[1, 0], [73, 1317], [-77, -1317]]
[[1, 0], [73, 1756], [-75, -1756]]
[[1, 0], [73, 439], [-227, -1317]]
[[1, 0], [73, 439], [-297, -1756]]
[[1, 0], [73, 439], [-77, -439]]
[[1, 0], [73, 878], [-149, -1756]]
[[1, 0], [731, 1756], [-733, -1756]]
[[1, 0], [731, 878], [-1465, -1756]]
[[1, 0], [733, 1756], [-735, -1756]]
[[1, 0], [733, 878], [-1469, -1756]]
[[1, 0], [735, 1756], [-737, -1756]]
[[1, 0], [735, 878], [-1473, -1756]]
[[1, 0], [737, 1756], [-739, -1756]]
[[1, 0], [737, 878], [-1477, -1756]]
[[1, 0], [739, 1756], [-741, -1756]]
[[1, 0], [739, 878], [-1481, -1756]]
[[1, 0], [74, 439], [-230, -1317]]
[[1, 0], [74, 439], [-301, -1756]]
[[1, 0], [74, 439], [-78, -439]]
[[1, 0], [741, 1756], [-743, -1756]]
[[1, 0], [741, 878], [-1485, -1756]]
[[1, 0], [743, 1756], [-745, -1756]]
[[1, 0], [743, 878], [-1489, -1756]]
[[1, 0], [745, 1756], [-747, -1756]]
[[1, 0], [745, 878], [-1493, -1756]]
[[1, 0], [747, 1756], [-749, -1756]]
[[1, 0], [747, 878], [-1497, -1756]]
[[1, 0], [749, 1756], [-751, -1756]]
[[1, 0], [749, 878], [-1501, -1756]]
[[1, 0], [75, 1756], [-77, -1756]]
[[1, 0], [75, 439], [-233, -1317]]
[[1, 0], [75, 439], [-305, -1756]]
[[1, 0], [75, 439], [-79, -439]]
[[1, 0], [75, 878], [-153, -1756]]
[[1, 0], [751, 1756], [-753, -1756]]
[[1, 0], [751, 878], [-1505, -1756]]
[[1, 0], [753, 1756], [-755, -1756]]
[[1, 0], [753, 878], [-1509, -1756]]
[[1, 0], [755, 1756], [-757, -1756]]
[[1, 0], [755, 878], [-1513, -1756]]
[[1, 0], [757, 1756], [-759, -1756]]
[[1, 0], [757, 878], [-1517, -1756]]
[[1, 0], [759, 1756], [-761, -1756]]
[[1, 0], [759, 878], [-1521, -1756]]
[[1, 0], [76, 1317], [-80, -1317]]
[[1, 0], [76, 439], [-236, -1317]]
[[1, 0], [76, 439], [-309, -1756]]
[[1, 0], [76, 439], [-80, -439]]
[[1, 0], [761, 1756], [-763, -1756]]
[[1, 0], [761, 878], [-1525, -1756]]
[[1, 0], [763, 1756], [-765, -1756]]
[[1, 0], [763, 878], [-1529, -1756]]
[[1, 0], [765, 1756], [-767, -1756]]
[[1, 0], [765, 878], [-1533, -1756]]
[[1, 0], [767, 1756], [-769, -1756]]
[[1, 0], [767, 878], [-1537, -1756]]
[[1, 0], [769, 1756], [-771, -1756]]
[[1, 0], [769, 878], [-1541, -1756]]
[[1, 0], [77, 1756], [-79, -1756]]
[[1, 0], [77, 439], [-239, -1317]]
[[1, 0], [77, 439], [-313, -1756]]
[[1, 0], [77, 439], [-81, -439]]
[[1, 0], [77, 878], [-157, -1756]]
[[1, 0], [771, 1756], [-773, -1756]]
[[1, 0], [771, 878], [-1545, -1756]]
[[1, 0], [773, 1756], [-775, -1756]]
[[1, 0], [773, 878], [-1549, -1756]]
[[1, 0], [775, 1756], [-777, -1756]]
[[1, 0], [775, 878], [-1553, -1756]]
[[1, 0], [777, 1756], [-779, -1756]]
[[1, 0], [777, 878], [-1557, -1756]]
[[1, 0], [779, 1756], [-781, -1756]]
[[1, 0], [779, 878], [-1561, -1756]]
[[1, 0], [78, 439], [-242, -1317]]
[[1, 0], [78, 439], [-317, -1756]]
[[1, 0], [78, 439], [-82, -439]]
[[1, 0], [781, 1756], [-783, -1756]]
[[1, 0], [781, 878], [-1565, -1756]]
[[1, 0], [783, 1756], [-785, -1756]]
[[1, 0], [783, 878], [-1569, -1756]]
[[1, 0], [785, 1756], [-787, -1756]]
[[1, 0], [785, 878], [-1573, -1756]]
[[1, 0], [787, 1756], [-789, -1756]]
[[1, 0], [787, 878], [-1577, -1756]]
[[1, 0], [789, 1756], [-791, -1756]]
[[1, 0], [789, 878], [-1581, -1756]]
[[1, 0], [79, 1317], [-83, -1317]]
[[1, 0], [79, 1756], [-81, -1756]]
[[1, 0], [79, 439], [-245, -1317]]
[[1, 0], [79, 439], [-321, -1756]]
[[1, 0], [79, 439], [-83, -439]]
[[1, 0], [79, 878], [-161, -1756]]
[[1, 0], [791, 1756], [-793, -1756]]
[[1, 0], [791, 878], [-1585, -1756]]
[[1, 0], [793, 1756], [-795, -1756]]
[[1, 0], [793, 878], [-1589, -1756]]
[[1, 0], [795, 1756], [-797, -1756]]
[[1, 0], [795, 878], [-1593, -1756]]
[[1, 0], [797, 1756], [-799, -1756]]
[[1, 0], [797, 878], [-1597, -1756]]
[[1, 0], [799, 1756], [-801, -1756]]
[[1, 0], [799, 878], [-1601, -1756]]
[[1, 0], [8, 439], [-12, -439]]
[[1, 0], [8, 439], [-32, -1317]]
[[1, 0], [8, 439], [-37, -1756]]
[[1, 0], [80, 439], [-248, -1317]]
[[1, 0], [80, 439], [-325, -1756]]
[[1, 0], [80, 439], [-84, -439]]
[[1, 0], [801, 1756], [-803, -1756]]
[[1, 0], [801, 878], [-1605, -1756]]
[[1, 0], [803, 1756], [-805, -1756]]
[[1, 0], [803, 878], [-1609, -1756]]
[[1, 0], [805, 1756], [-807, -1756]]
[[1, 0], [805, 878], [-1613, -1756]]
[[1, 0], [807, 1756], [-809, -1756]]
[[1, 0], [807, 878], [-1617, -1756]]
[[1, 0], [809, 1756], [-811, -1756]]
[[1, 0], [809, 878], [-1621, -1756]]
[[1, 0], [81, 1756], [-83, -1756]]
[[1, 0], [81, 439], [-251, -1317]]
[[1, 0], [81, 439], [-329, -1756]]
[[1, 0], [81, 439], [-85, -439]]
[[1, 0], [81, 878], [-165, -1756]]
[[1, 0], [811, 1756], [-813, -1756]]
[[1, 0], [811, 878], [-1625, -1756]]
[[1, 0], [813, 1756], [-815, -1756]]
[[1, 0], [813, 878], [-1629, -1756]]
[[1, 0], [815, 1756], [-817, -1756]]
[[1, 0], [815, 878], [-1633, -1756]]
[[1, 0], [817, 1756], [-819, -1756]]
[[1, 0], [817, 878], [-1637, -1756]]
[[1, 0], [819, 1756], [-821, -1756]]
[[1, 0], [819, 878], [-1641, -1756]]
[[1, 0], [82, 1317], [-86, -1317]]
[[1, 0], [82, 439], [-254, -1317]]
[[1, 0], [82, 439], [-333, -1756]]
[[1, 0], [82, 439], [-86, -439]]
[[1, 0], [821, 1756], [-823, -1756]]
[[1, 0], [821, 878], [-1645, -1756]]
[[1, 0], [823, 1756], [-825, -1756]]
[[1, 0], [823, 878], [-1649, -1756]]
[[1, 0], [825, 1756], [-827, -1756]]
[[1, 0], [825, 878], [-1653, -1756]]
[[1, 0], [827, 1756], [-829, -1756]]
[[1, 0], [827, 878], [-1657, -1756]]
[[1, 0], [829, 1756], [-831, -1756]]
[[1, 0], [829, 878], [-1661, -1756]]
[[1, 0], [83, 1756], [-85, -1756]]
[[1, 0], [83, 439], [-257, -1317]]
[[1, 0], [83, 439], [-337, -1756]]
[[1, 0], [83, 439], [-87, -439]]
[[1, 0], [83, 878], [-169, -1756]]
[[1, 0], [831, 1756], [-833, -1756]]
[[1, 0], [831, 878], [-1665, -1756]]
[[1, 0], [833, 1756], [-835, -1756]]
[[1, 0], [833, 878], [-1669, -1756]]
[[1, 0], [835, 1756], [-837, -1756]]
[[1, 0], [835, 878], [-1673, -1756]]
[[1, 0], [837, 1756], [-839, -1756]]
[[1, 0], [837, 878], [-1677, -1756]]
[[1, 0], [839, 1756], [-841, -1756]]
[[1, 0], [839, 878], [-1681, -1756]]
[[1, 0], [84, 439], [-260, -1317]]
[[1, 0], [84, 439], [-341, -1756]]
[[1, 0], [84, 439], [-88, -439]]
[[1, 0], [841, 1756], [-843, -1756]]
[[1, 0], [841, 878], [-1685, -1756]]
[[1, 0], [843, 1756], [-845, -1756]]
[[1, 0], [843, 878], [-1689, -1756]]
[[1, 0], [845, 1756], [-847, -1756]]
[[1, 0], [845, 878], [-1693, -1756]]
[[1, 0], [847, 1756], [-849, -1756]]
[[1, 0], [847, 878], [-1697, -1756]]
[[1, 0], [849, 1756], [-851, -1756]]
[[1, 0], [849, 878], [-1701, -1756]]
[[1, 0], [85, 1317], [-89, -1317]]
[[1, 0], [85, 1756], [-87, -1756]]
[[1, 0], [85, 439], [-263, -1317]]
[[1, 0], [85, 439], [-345, -1756]]
[[1, 0], [85, 439], [-89, -439]]
[[1, 0], [85, 878], [-173, -1756]]
[[1, 0], [851, 1756], [-853, -1756]]
[[1, 0], [851, 878], [-1705, -1756]]
[[1, 0], [853, 1756], [-855, -1756]]
[[1, 0], [853, 878], [-1709, -1756]]
[[1, 0], [855, 1756], [-857, -1756]]
[[1, 0], [855, 878], [-1713, -1756]]
[[1, 0], [857, 1756], [-859, -1756]]
[[1, 0], [857, 878], [-1717, -1756]]
[[1, 0], [859, 1756], [-861, -1756]]
[[1, 0], [859, 878], [-1721, -1756]]
[[1, 0], [86, 439], [-266, -1317]]
[[1, 0], [86, 439], [-349, -1756]]
[[1, 0], [86, 439], [-90, -439]]
[[1, 0], [861, 1756], [-863, -1756]]
[[1, 0], [861, 878], [-1725, -1756]]
[[1, 0], [863, 1756], [-865, -1756]]
[[1, 0], [863, 878], [-1729, -1756]]
[[1, 0], [865, 1756], [-867, -1756]]
[[1, 0], [865, 878], [-1733, -1756]]
[[1, 0], [867, 1756], [-869, -1756]]
[[1, 0], [867, 878], [-1737, -1756]]
[[1, 0], [869, 1756], [-871, -1756]]
[[1, 0], [869, 878], [-1741, -1756]]
[[1, 0], [87, 1756], [-89, -1756]]
[[1, 0], [87, 439], [-269, -1317]]
[[1, 0], [87, 439], [-353, -1756]]
[[1, 0], [87, 439], [-91, -439]]
[[1, 0], [87, 878], [-177, -1756]]
[[1, 0], [871, 1756], [-873, -1756]]
[[1, 0], [871, 878], [-1745, -1756]]
[[1, 0], [873, 1756], [-875, -1756]]
[[1, 0], [873, 878], [-1749, -1756]]
[[1, 0], [875, 1756], [-877, -1756]]
[[1, 0], [875, 878], [-1753, -1756]]
[[1, 0], [877, 1756], [-879, -1756]]
[[1, 0], [877, 878], [-1757, -1756]]
[[1, 0], [88, 1317], [-92, -1317]]
[[1, 0], [88, 439], [-272, -1317]]
[[1, 0], [88, 439], [-357, -1756]]
[[1, 0], [88, 439], [-92, -439]]
[[1, 0], [89, 1756], [-91, -1756]]
[[1, 0], [89, 176], [-1099, -220]]
[[1, 0], [89, 176], [-1759, -440]]
[[1, 0], [89, 176], [-3079, -880]]
[[1, 0], [89, 176], [-967, -176]]
[[1, 0], [89, 439], [-275, -1317]]
[[1, 0], [89, 439], [-361, -1756]]
[[1, 0], [89, 439], [-93, -439]]
[[1, 0], [89, 878], [-181, -1756]]
[[1, 0], [9, 16], [-1055, -22]]
[[1, 0], [9, 16], [-12759, -440]]
[[1, 0], [9, 16], [-1559, -40]]
[[1, 0], [9, 16], [-1671, -44]]
[[1, 0], [9, 16], [-1979, -55]]
[[1, 0], [9, 16], [-25079, -880]]
[[1, 0], [9, 16], [-251, -56]]
[[1, 0], [9, 16], [-2679, -80]]
[[1, 0], [9, 16], [-2903, -88]]
[[1, 0], [9, 16], [-3519, -110]]
[[1, 0], [9, 16], [-503, -504]]
[[1, 0], [9, 16], [-511, -128]]
[[1, 0], [9, 16], [-5367, -176]]
[[1, 0], [9, 16], [-64, -65]]
[[1, 0], [9, 16], [-6599, -220]]
[[1, 0], [9, 16], [-887, -16]]
[[1, 0], [9, 16], [-999, -20]]
[[1, 0], [9, 1756], [-11, -1756]]
[[1, 0], [9, 439], [-13, -439]]
[[1, 0], [9, 439], [-35, -1317]]
[[1, 0], [9, 439], [-41, -1756]]
[[1, 0], [9, 878], [-21, -1756]]
[[1, 0], [90, 439], [-278, -1317]]
[[1, 0], [90, 439], [-365, -1756]]
[[1, 0], [90, 439], [-94, -439]]
[[1, 0], [91, 1317], [-95, -1317]]
[[1, 0], [91, 1756], [-93, -1756]]
[[1, 0], [91, 439], [-281, -1317]]
[[1, 0], [91, 439], [-369, -1756]]
[[1, 0], [91, 439], [-95, -439]]
[[1, 0], [91, 878], [-185, -1756]]
[[1, 0], [92, 439], [-284, -1317]]
[[1, 0], [92, 439], [-373, -1756]]
[[1, 0], [92, 439], [-96, -439]]
[[1, 0], [93, 1756], [-95, -1756]]
[[1, 0], [93, 439], [-287, -1317]]
[[1, 0], [93, 439], [-377, -1756]]
[[1, 0], [93, 439], [-97, -439]]
[[1, 0], [93, 878], [-189, -1756]]
[[1, 0], [94, 1317], [-98, -1317]]
[[1, 0], [94, 439], [-290, -1317]]
[[1, 0], [94, 439], [-381, -1756]]
[[1, 0], [94, 439], [-98, -439]]
[[1, 0], [95, 1756], [-97, -1756]]
[[1, 0], [95, 439], [-293, -1317]]
[[1, 0], [95, 439], [-385, -1756]]
[[1, 0], [95, 439], [-99, -439]]
[[1, 0], [95, 878], [-193, -1756]]
[[1, 0], [96, 439], [-100, -439]]
[[1, 0], [96, 439], [-296, -1317]]
[[1, 0], [96, 439], [-389, -1756]]
[[1, 0], [97, 1317], [-101, -1317]]
[[1, 0], [97, 1756], [-99, -1756]]
[[1, 0], [97, 439], [-101, -439]]
[[1, 0], [97, 439], [-299, -1317]]
[[1, 0], [97, 439], [-393, -1756]]
[[1, 0], [97, 878], [-197, -1756]]
[[1, 0], [98, 439], [-102, -439]]
[[1, 0], [98, 439], [-302, -1317]]
[[1, 0], [98, 439], [-397, -1756]]
[[1, 0], [99, 1756], [-101, -1756]]
[[1, 0], [99, 439], [-103, -439]]
[[1, 0], [99, 439], [-305, -1317]]
[[1, 0], [99, 439], [-401, -1756]]
[[1, 0], [99, 878], [-201, -1756]]
