[[1, 0], [0, 1], [-100488, -317]]
[[1, 0], [0, 1], [-1264, -115]]
[[1, 0], [0, 1], [-1264, -11]]
[[1, 0], [0, 1], [-1584, -395]]
[[1, 0], [0, 1], [-237, -56]]
[[1, 0], [0, 1], [-237, -8]]
[[1, 0], [0, 1], [-25359, -320]]
[[1, 0], [0, 1], [-3160, -109]]
[[1, 0], [0, 1], [-3160, -29]]
[[1, 0], [0, 1], [-320, -79]]
[[1, 0], [0, 1], [-395, -144]]
[[1, 0], [0, 1], [-5135, -64]]
[[1, 0], [0, 1], [-632, -1]]
[[1, 0], [0, 1], [-633, -632]]
[[1, 0], [0, 1], [-79, -64]]
[[1, 0], [0, 1], [-869, -120]]
[[1, 0], [1, 106], [-317, -106]]
[[1, 0], [1, 106], [-635, -318]]
[[1, 0], [1, 108], [-161, -324]]
[[1, 0], [1, 10], [-2639, -320]]
[[1, 0], [1, 10], [-27, -112]]
[[1, 0], [1, 10], [-591, -64]]
[[1, 0], [1, 112], [-41, -168]]
[[1, 0], [1, 11], [-3189, -319]]
[[1, 0], [1, 12], [-1133, -324]]
[[1, 0], [1, 12], [-115, -116]]
[[1, 0], [1, 12], [-119, -480]]
[[1, 0], [1, 12], [-161, -36]]
[[1, 0], [1, 12], [-83, -48]]
[[1, 0], [1, 12], [-89, -120]]
[[1, 0], [1, 14], [-111, -448]]
[[1, 0], [1, 14], [-1287, -322]]
[[1, 0], [1, 14], [-229, -46]]
[[1, 0], [1, 14], [-35, -16]]
[[1, 0], [1, 14], [-419, -336]]
[[1, 0], [1, 158], [-11, -474]]
[[1, 0], [1, 158], [-5, -158]]
[[1, 0], [1, 158], [-9, -632]]
[[1, 0], [1, 15], [-29, -40]]
[[1, 0], [1, 160], [-239, -320]]
[[1, 0], [1, 164], [-81, -328]]
[[1, 0], [1, 16], [-1679, -320]]
[[1, 0], [1, 16], [-399, -64]]
[[1, 0], [1, 16], [-41, -24]]
[[1, 0], [1, 16], [-53, -216]]
[[1, 0], [1, 20], [-1359, -320]]
[[1, 0], [1, 20], [-17, -24]]
[[1, 0], [1, 20], [-335, -64]]
[[1, 0], [1, 20], [-99, -400]]
[[1, 0], [1, 22], [-23, -32]]
[[1, 0], [1, 22], [-9, -40]]
[[1, 0], [1, 24], [-251, -336]]
[[1, 0], [1, 24], [-95, -384]]
[[1, 0], [1, 25], [-129, -65]]
[[1, 0], [1, 25], [-19, -80]]
[[1, 0], [1, 28], [-83, -112]]
[[1, 0], [1, 29], [-1275, -319]]
[[1, 0], [1, 2], [-111, -64]]
[[1, 0], [1, 2], [-1287, -46]]
[[1, 0], [1, 2], [-12879, -320]]
[[1, 0], [1, 2], [-1319, -110]]
[[1, 0], [1, 2], [-239, -158]]
[[1, 0], [1, 2], [-25439, -318]]
[[1, 0], [1, 2], [-2639, -64]]
[[1, 0], [1, 2], [-305, -136]]
[[1, 0], [1, 2], [-317, -2]]
[[1, 0], [1, 2], [-419, -48]]
[[1, 0], [1, 2], [-4509, -328]]
[[1, 0], [1, 2], [-633, -632]]
[[1, 0], [1, 2], [-635, -6]]
[[1, 0], [1, 2], [-659, -528]]
[[1, 0], [1, 2], [-713, -474]]
[[1, 0], [1, 2], [-843, -422]]
[[1, 0], [1, 2], [-8585, -106]]
[[1, 0], [1, 2], [-8693, -322]]
[[1, 0], [1, 30], [-109, -110]]
[[1, 0], [1, 316], [-5, -632]]
[[1, 0], [1, 317], [-633, -317]]
[[1, 0], [1, 318], [-317, -318]]
[[1, 0], [1, 320], [-159, -320]]
[[1, 0], [1, 32], [-239, -64]]
[[1, 0], [1, 32], [-879, -320]]
[[1, 0], [1, 36], [-161, -108]]
[[1, 0], [1, 36], [-89, -360]]
[[1, 0], [1, 395], [-9, -395]]
[[1, 0], [1, 3], [-1379, -345]]
[[1, 0], [1, 3], [-143, -192]]
[[1, 0], [1, 3], [-2353, -107]]
[[1, 0], [1, 3], [-253, -127]]
[[1, 0], [1, 3], [-29, -8]]
[[1, 0], [1, 3], [-3269, -327]]
[[1, 0], [1, 3], [-539, -432]]
[[1, 0], [1, 3], [-643, -112]]
[[1, 0], [1, 3], [-989, -360]]
[[1, 0], [1, 40], [-207, -64]]
[[1, 0], [1, 40], [-719, -320]]
[[1, 0], [1, 41], [-245, -328]]
[[1, 0], [1, 42], [-35, -48]]
[[1, 0], [1, 44], [-87, -352]]
[[1, 0], [1, 45], [-29, -120]]
[[1, 0], [1, 474], [-5, -474]]
[[1, 0], [1, 48], [-55, -112]]
[[1, 0], [1, 4], [-1133, -108]]
[[1, 0], [1, 4], [-119, -160]]
[[1, 0], [1, 4], [-1359, -64]]
[[1, 0], [1, 4], [-1427, -336]]
[[1, 0], [1, 4], [-161, -12]]
[[1, 0], [1, 4], [-317, -632]]
[[1, 0], [1, 4], [-569, -380]]
[[1, 0], [1, 4], [-6479, -320]]
[[1, 0], [1, 4], [-81, -8]]
[[1, 0], [1, 4], [-83, -16]]
[[1, 0], [1, 4], [-87, -32]]
[[1, 0], [1, 4], [-89, -40]]
[[1, 0], [1, 4], [-99, -80]]
[[1, 0], [1, 5], [-1103, -64]]
[[1, 0], [1, 5], [-125, -72]]
[[1, 0], [1, 5], [-129, -13]]
[[1, 0], [1, 5], [-19, -16]]
[[1, 0], [1, 5], [-399, -395]]
[[1, 0], [1, 5], [-5199, -320]]
[[1, 0], [1, 5], [-65, -88]]
[[1, 0], [1, 5], [-83, -79]]
[[1, 0], [1, 60], [-17, -72]]
[[1, 0], [1, 632], [-3, -632]]
[[1, 0], [1, 64], [-159, -64]]
[[1, 0], [1, 64], [-179, -80]]
[[1, 0], [1, 64], [-279, -160]]
[[1, 0], [1, 64], [-479, -320]]
[[1, 0], [1, 6], [-109, -22]]
[[1, 0], [1, 6], [-1319, -330]]
[[1, 0], [1, 6], [-239, -474]]
[[1, 0], [1, 6], [-2967, -106]]
[[1, 0], [1, 6], [-305, -408]]
[[1, 0], [1, 6], [-317, -6]]
[[1, 0], [1, 6], [-81, -158]]
[[1, 0], [1, 6], [-8585, -318]]
[[1, 0], [1, 79], [-17, -632]]
[[1, 0], [1, 79], [-29, -395]]
[[1, 0], [1, 79], [-9, -79]]
[[1, 0], [1, 7], [-131, -48]]
[[1, 0], [1, 7], [-293, -392]]
[[1, 0], [1, 80], [-399, -320]]
[[1, 0], [1, 84], [-83, -336]]
[[1, 0], [1, 8], [-1147, -328]]
[[1, 0], [1, 8], [-159, -632]]
[[1, 0], [1, 8], [-211, -424]]
[[1, 0], [1, 8], [-251, -112]]
[[1, 0], [1, 8], [-3279, -320]]
[[1, 0], [1, 8], [-439, -352]]
[[1, 0], [1, 8], [-719, -64]]
[[1, 0], [1, 8], [-95, -128]]
[[1, 0], [1, 9], [-143, -576]]
[[1, 0], [1, 9], [-29, -24]]
[[1, 0], [10, 79], [-18, -79]]
[[1, 0], [10, 79], [-74, -395]]
[[1, 0], [10, 79], [-89, -632]]
[[1, 0], [101, 158], [-311, -474]]
[[1, 0], [101, 158], [-409, -632]]
[[1, 0], [101, 316], [-205, -632]]
[[1, 0], [101, 395], [-109, -395]]
[[1, 0], [103, 158], [-317, -474]]
[[1, 0], [103, 158], [-417, -632]]
[[1, 0], [103, 316], [-209, -632]]
[[1, 0], [103, 474], [-107, -474]]
[[1, 0], [103, 632], [-105, -632]]
[[1, 0], [105, 158], [-323, -474]]
[[1, 0], [105, 158], [-425, -632]]
[[1, 0], [105, 316], [-213, -632]]
[[1, 0], [105, 632], [-107, -632]]
[[1, 0], [106, 395], [-114, -395]]
[[1, 0], [107, 158], [-329, -474]]
[[1, 0], [107, 158], [-433, -632]]
[[1, 0], [107, 316], [-217, -632]]
[[1, 0], [107, 632], [-109, -632]]
[[1, 0], [109, 158], [-335, -474]]
[[1, 0], [109, 158], [-441, -632]]
[[1, 0], [109, 316], [-221, -632]]
[[1, 0], [109, 474], [-113, -474]]
[[1, 0], [11, 158], [-15, -158]]
[[1, 0], [11, 158], [-41, -474]]
[[1, 0], [11, 158], [-49, -632]]
[[1, 0], [11, 20], [-1519, -320]]
[[1, 0], [11, 20], [-29, -24]]
[[1, 0], [11, 20], [-299, -400]]
[[1, 0], [11, 20], [-367, -64]]
[[1, 0], [11, 316], [-25, -632]]
[[1, 0], [11, 40], [-169, -40]]
[[1, 0], [11, 40], [-223, -64]]
[[1, 0], [11, 40], [-259, -80]]
[[1, 0], [11, 40], [-439, -160]]
[[1, 0], [11, 40], [-799, -320]]
[[1, 0], [11, 40], [-89, -180]]
[[1, 0], [11, 632], [-13, -632]]
[[1, 0], [11, 79], [-97, -632]]
[[1, 0], [111, 158], [-341, -474]]
[[1, 0], [111, 158], [-449, -632]]
[[1, 0], [111, 316], [-225, -632]]
[[1, 0], [111, 395], [-119, -395]]
[[1, 0], [111, 632], [-113, -632]]
[[1, 0], [113, 158], [-347, -474]]
[[1, 0], [113, 158], [-457, -632]]
[[1, 0], [113, 316], [-229, -632]]
[[1, 0], [113, 632], [-115, -632]]
[[1, 0], [115, 158], [-353, -474]]
[[1, 0], [115, 158], [-465, -632]]
[[1, 0], [115, 316], [-233, -632]]
[[1, 0], [115, 474], [-119, -474]]
[[1, 0], [115, 632], [-117, -632]]
[[1, 0], [116, 395], [-124, -395]]
[[1, 0], [117, 158], [-359, -474]]
[[1, 0], [117, 158], [-473, -632]]
[[1, 0], [119, 158], [-365, -474]]
[[1, 0], [119, 158], [-481, -632]]
[[1, 0], [119, 316], [-241, -632]]
[[1, 0], [119, 632], [-121, -632]]
[[1, 0], [12, 79], [-105, -632]]
[[1, 0], [12, 79], [-20, -79]]
[[1, 0], [12, 79], [-84, -395]]
[[1, 0], [121, 158], [-371, -474]]
[[1, 0], [121, 158], [-489, -632]]
[[1, 0], [121, 160], [-479, -320]]
[[1, 0], [121, 316], [-245, -632]]
[[1, 0], [121, 395], [-129, -395]]
[[1, 0], [121, 474], [-125, -474]]
[[1, 0], [121, 632], [-123, -632]]
[[1, 0], [123, 158], [-377, -474]]
[[1, 0], [123, 158], [-497, -632]]
[[1, 0], [123, 316], [-249, -632]]
[[1, 0], [123, 632], [-125, -632]]
[[1, 0], [125, 158], [-383, -474]]
[[1, 0], [125, 158], [-505, -632]]
[[1, 0], [125, 316], [-253, -632]]
[[1, 0], [126, 395], [-134, -395]]
[[1, 0], [127, 158], [-389, -474]]
[[1, 0], [127, 158], [-513, -632]]
[[1, 0], [127, 316], [-257, -632]]
[[1, 0], [127, 474], [-131, -474]]
[[1, 0], [127, 632], [-129, -632]]
[[1, 0], [129, 158], [-521, -632]]
[[1, 0], [129, 316], [-261, -632]]
[[1, 0], [129, 632], [-131, -632]]
[[1, 0], [13, 158], [-17, -158]]
[[1, 0], [13, 158], [-47, -474]]
[[1, 0], [13, 158], [-57, -632]]
[[1, 0], [13, 16], [-167, -84]]
[[1, 0], [13, 16], [-1919, -320]]
[[1, 0], [13, 16], [-215, -216]]
[[1, 0], [13, 16], [-263, -32]]
[[1, 0], [13, 16], [-309, -40]]
[[1, 0], [13, 16], [-447, -64]]
[[1, 0], [13, 16], [-539, -80]]
[[1, 0], [13, 16], [-57, -58]]
[[1, 0], [13, 16], [-59, -24]]
[[1, 0], [13, 16], [-999, -160]]
[[1, 0], [13, 24], [-287, -384]]
[[1, 0], [13, 24], [-419, -336]]
[[1, 0], [13, 316], [-29, -632]]
[[1, 0], [13, 474], [-17, -474]]
[[1, 0], [13, 48], [-83, -112]]
[[1, 0], [13, 79], [-113, -632]]
[[1, 0], [13, 79], [-21, -79]]
[[1, 0], [13, 79], [-89, -395]]
[[1, 0], [131, 158], [-401, -474]]
[[1, 0], [131, 158], [-529, -632]]
[[1, 0], [131, 316], [-265, -632]]
[[1, 0], [131, 395], [-139, -395]]
[[1, 0], [131, 632], [-133, -632]]
[[1, 0], [133, 158], [-407, -474]]
[[1, 0], [133, 158], [-537, -632]]
[[1, 0], [133, 316], [-269, -632]]
[[1, 0], [133, 474], [-137, -474]]
[[1, 0], [135, 158], [-413, -474]]
[[1, 0], [135, 158], [-545, -632]]
[[1, 0], [135, 316], [-273, -632]]
[[1, 0], [135, 632], [-137, -632]]
[[1, 0], [136, 395], [-144, -395]]
[[1, 0], [137, 158], [-419, -474]]
[[1, 0], [137, 316], [-277, -632]]
[[1, 0], [137, 632], [-139, -632]]
[[1, 0], [139, 158], [-425, -474]]
[[1, 0], [139, 158], [-561, -632]]
[[1, 0], [139, 316], [-281, -632]]
[[1, 0], [139, 474], [-143, -474]]
[[1, 0], [139, 632], [-141, -632]]
[[1, 0], [14, 79], [-121, -632]]
[[1, 0], [14, 79], [-22, -79]]
[[1, 0], [14, 79], [-94, -395]]
[[1, 0], [141, 158], [-431, -474]]
[[1, 0], [141, 158], [-569, -632]]
[[1, 0], [141, 316], [-285, -632]]
[[1, 0], [141, 395], [-149, -395]]
[[1, 0], [143, 158], [-437, -474]]
[[1, 0], [143, 158], [-577, -632]]
[[1, 0], [143, 316], [-289, -632]]
[[1, 0], [143, 632], [-145, -632]]
[[1, 0], [145, 158], [-443, -474]]
[[1, 0], [145, 158], [-585, -632]]
[[1, 0], [145, 316], [-293, -632]]
[[1, 0], [145, 474], [-149, -474]]
[[1, 0], [145, 632], [-147, -632]]
[[1, 0], [146, 395], [-154, -395]]
[[1, 0], [147, 158], [-151, -158]]
[[1, 0], [147, 158], [-449, -474]]
[[1, 0], [147, 158], [-593, -632]]
[[1, 0], [147, 316], [-297, -632]]
[[1, 0], [147, 632], [-149, -632]]
[[1, 0], [149, 158], [-455, -474]]
[[1, 0], [149, 158], [-601, -632]]
[[1, 0], [149, 316], [-301, -632]]
[[1, 0], [15, 158], [-19, -158]]
[[1, 0], [15, 158], [-53, -474]]
[[1, 0], [15, 158], [-65, -632]]
[[1, 0], [15, 28], [-139, -112]]
[[1, 0], [15, 316], [-33, -632]]
[[1, 0], [15, 632], [-17, -632]]
[[1, 0], [15, 79], [-129, -632]]
[[1, 0], [15, 79], [-23, -79]]
[[1, 0], [15, 79], [-99, -395]]
[[1, 0], [151, 158], [-461, -474]]
[[1, 0], [151, 158], [-609, -632]]
[[1, 0], [151, 316], [-305, -632]]
[[1, 0], [151, 395], [-159, -395]]
[[1, 0], [151, 474], [-155, -474]]
[[1, 0], [151, 632], [-153, -632]]
[[1, 0], [153, 158], [-467, -474]]
[[1, 0], [153, 158], [-617, -632]]
[[1, 0], [153, 316], [-309, -632]]
[[1, 0], [153, 632], [-155, -632]]
[[1, 0], [155, 158], [-159, -158]]
[[1, 0], [155, 158], [-473, -474]]
[[1, 0], [155, 158], [-625, -632]]
[[1, 0], [155, 316], [-313, -632]]
[[1, 0], [155, 632], [-157, -632]]
[[1, 0], [156, 395], [-164, -395]]
[[1, 0], [157, 158], [-479, -474]]
[[1, 0], [157, 158], [-633, -632]]
[[1, 0], [157, 316], [-317, -632]]
[[1, 0], [157, 474], [-161, -474]]
[[1, 0], [159, 316], [-321, -632]]
[[1, 0], [159, 632], [-161, -632]]
[[1, 0], [16, 395], [-24, -395]]
[[1, 0], [16, 79], [-104, -395]]
[[1, 0], [16, 79], [-137, -632]]
[[1, 0], [16, 79], [-24, -79]]
[[1, 0], [161, 316], [-325, -632]]
[[1, 0], [161, 395], [-169, -395]]
[[1, 0], [161, 632], [-163, -632]]
[[1, 0], [163, 316], [-329, -632]]
[[1, 0], [163, 474], [-167, -474]]
[[1, 0], [165, 316], [-333, -632]]
[[1, 0], [166, 395], [-174, -395]]
[[1, 0], [167, 316], [-337, -632]]
[[1, 0], [167, 632], [-169, -632]]
[[1, 0], [169, 316], [-341, -632]]
[[1, 0], [169, 474], [-173, -474]]
[[1, 0], [169, 632], [-171, -632]]
[[1, 0], [17, 158], [-21, -158]]
[[1, 0], [17, 158], [-59, -474]]
[[1, 0], [17, 158], [-73, -632]]
[[1, 0], [17, 316], [-37, -632]]
[[1, 0], [17, 32], [-1039, -320]]
[[1, 0], [17, 32], [-271, -64]]
[[1, 0], [17, 632], [-19, -632]]
[[1, 0], [17, 64], [-175, -64]]
[[1, 0], [17, 64], [-199, -80]]
[[1, 0], [17, 64], [-319, -160]]
[[1, 0], [17, 64], [-559, -320]]
[[1, 0], [17, 79], [-109, -395]]
[[1, 0], [17, 79], [-145, -632]]
[[1, 0], [17, 79], [-25, -79]]
[[1, 0], [171, 316], [-345, -632]]
[[1, 0], [171, 395], [-179, -395]]
[[1, 0], [171, 632], [-173, -632]]
[[1, 0], [173, 316], [-349, -632]]
[[1, 0], [175, 316], [-353, -632]]
[[1, 0], [175, 474], [-179, -474]]
[[1, 0], [175, 632], [-177, -632]]
[[1, 0], [176, 395], [-184, -395]]
[[1, 0], [177, 316], [-357, -632]]
[[1, 0], [177, 632], [-179, -632]]
[[1, 0], [179, 316], [-361, -632]]
[[1, 0], [179, 632], [-181, -632]]
[[1, 0], [18, 79], [-114, -395]]
[[1, 0], [18, 79], [-153, -632]]
[[1, 0], [18, 79], [-26, -79]]
[[1, 0], [181, 316], [-365, -632]]
[[1, 0], [181, 395], [-189, -395]]
[[1, 0], [181, 474], [-185, -474]]
[[1, 0], [183, 316], [-369, -632]]
[[1, 0], [183, 632], [-185, -632]]
[[1, 0], [185, 316], [-373, -632]]
[[1, 0], [185, 632], [-187, -632]]
[[1, 0], [186, 395], [-194, -395]]
[[1, 0], [187, 316], [-377, -632]]
[[1, 0], [187, 474], [-191, -474]]
[[1, 0], [187, 632], [-189, -632]]
[[1, 0], [189, 316], [-381, -632]]
[[1, 0], [19, 158], [-23, -158]]
[[1, 0], [19, 158], [-65, -474]]
[[1, 0], [19, 158], [-81, -632]]
[[1, 0], [19, 24], [-383, -384]]
[[1, 0], [19, 24], [-503, -336]]
[[1, 0], [19, 24], [-67, -68]]
[[1, 0], [19, 24], [-97, -56]]
[[1, 0], [19, 316], [-41, -632]]
[[1, 0], [19, 36], [-215, -108]]
[[1, 0], [19, 36], [-269, -360]]
[[1, 0], [19, 474], [-23, -474]]
[[1, 0], [19, 632], [-21, -632]]
[[1, 0], [19, 79], [-119, -395]]
[[1, 0], [19, 79], [-161, -632]]
[[1, 0], [19, 79], [-27, -79]]
[[1, 0], [191, 316], [-385, -632]]
[[1, 0], [191, 395], [-199, -395]]
[[1, 0], [191, 632], [-193, -632]]
[[1, 0], [193, 316], [-389, -632]]
[[1, 0], [193, 474], [-197, -474]]
[[1, 0], [193, 632], [-195, -632]]
[[1, 0], [195, 316], [-393, -632]]
[[1, 0], [195, 632], [-197, -632]]
[[1, 0], [197, 316], [-397, -632]]
[[1, 0], [199, 316], [-401, -632]]
[[1, 0], [199, 474], [-203, -474]]
[[1, 0], [199, 632], [-201, -632]]
[[1, 0], [2, 79], [-10, -79]]
[[1, 0], [2, 79], [-25, -632]]
[[1, 0], [2, 79], [-34, -395]]
[[1, 0], [20, 79], [-124, -395]]
[[1, 0], [20, 79], [-169, -632]]
[[1, 0], [20, 79], [-28, -79]]
[[1, 0], [201, 316], [-405, -632]]
[[1, 0], [201, 632], [-203, -632]]
[[1, 0], [203, 316], [-409, -632]]
[[1, 0], [203, 632], [-205, -632]]
[[1, 0], [205, 316], [-413, -632]]
[[1, 0], [205, 474], [-209, -474]]
[[1, 0], [207, 316], [-417, -632]]
[[1, 0], [207, 632], [-209, -632]]
[[1, 0], [209, 316], [-421, -632]]
[[1, 0], [209, 632], [-211, -632]]
[[1, 0], [21, 158], [-25, -158]]
[[1, 0], [21, 158], [-71, -474]]
[[1, 0], [21, 158], [-89, -632]]
[[1, 0], [21, 316], [-45, -632]]
[[1, 0], [21, 395], [-29, -395]]
[[1, 0], [21, 40], [-239, -64]]
[[1, 0], [21, 40], [-879, -320]]
[[1, 0], [21, 79], [-129, -395]]
[[1, 0], [21, 79], [-177, -632]]
[[1, 0], [21, 79], [-29, -79]]
[[1, 0], [21, 80], [-179, -80]]
[[1, 0], [21, 80], [-279, -160]]
[[1, 0], [21, 80], [-479, -320]]
[[1, 0], [211, 316], [-425, -632]]
[[1, 0], [211, 474], [-215, -474]]
[[1, 0], [211, 632], [-213, -632]]
[[1, 0], [213, 316], [-429, -632]]
[[1, 0], [215, 316], [-433, -632]]
[[1, 0], [215, 632], [-217, -632]]
[[1, 0], [217, 316], [-437, -632]]
[[1, 0], [217, 474], [-221, -474]]
[[1, 0], [217, 632], [-219, -632]]
[[1, 0], [219, 316], [-441, -632]]
[[1, 0], [219, 632], [-221, -632]]
[[1, 0], [22, 79], [-134, -395]]
[[1, 0], [22, 79], [-185, -632]]
[[1, 0], [22, 79], [-30, -79]]
[[1, 0], [221, 316], [-445, -632]]
[[1, 0], [223, 316], [-449, -632]]
[[1, 0], [223, 474], [-227, -474]]
[[1, 0], [223, 632], [-225, -632]]
[[1, 0], [225, 316], [-453, -632]]
[[1, 0], [225, 632], [-227, -632]]
[[1, 0], [227, 316], [-457, -632]]
[[1, 0], [227, 632], [-229, -632]]
[[1, 0], [229, 316], [-461, -632]]
[[1, 0], [229, 474], [-233, -474]]
[[1, 0], [23, 158], [-27, -158]]
[[1, 0], [23, 158], [-77, -474]]
[[1, 0], [23, 158], [-97, -632]]
[[1, 0], [23, 316], [-49, -632]]
[[1, 0], [23, 44], [-263, -352]]
[[1, 0], [23, 632], [-25, -632]]
[[1, 0], [23, 79], [-139, -395]]
[[1, 0], [23, 79], [-193, -632]]
[[1, 0], [23, 79], [-31, -79]]
[[1, 0], [231, 316], [-465, -632]]
[[1, 0], [231, 632], [-233, -632]]
[[1, 0], [233, 316], [-469, -632]]
[[1, 0], [233, 632], [-235, -632]]
[[1, 0], [235, 316], [-473, -632]]
[[1, 0], [235, 474], [-239, -474]]
[[1, 0], [239, 316], [-481, -632]]
[[1, 0], [239, 632], [-241, -632]]
[[1, 0], [24, 79], [-144, -395]]
[[1, 0], [24, 79], [-201, -632]]
[[1, 0], [24, 79], [-32, -79]]
[[1, 0], [241, 316], [-485, -632]]
[[1, 0], [241, 320], [-399, -320]]
[[1, 0], [241, 632], [-243, -632]]
[[1, 0], [243, 316], [-489, -632]]
[[1, 0], [243, 632], [-245, -632]]
[[1, 0], [245, 316], [-493, -632]]
[[1, 0], [247, 316], [-497, -632]]
[[1, 0], [247, 632], [-249, -632]]
[[1, 0], [249, 316], [-501, -632]]
[[1, 0], [249, 632], [-251, -632]]
[[1, 0], [25, 158], [-105, -632]]
[[1, 0], [25, 158], [-29, -158]]
[[1, 0], [25, 158], [-83, -474]]
[[1, 0], [25, 316], [-53, -632]]
[[1, 0], [25, 32], [-1119, -320]]
[[1, 0], [25, 32], [-209, -40]]
[[1, 0], [25, 32], [-287, -64]]
[[1, 0], [25, 32], [-339, -80]]
[[1, 0], [25, 32], [-599, -160]]
[[1, 0], [25, 474], [-29, -474]]
[[1, 0], [25, 48], [-111, -112]]
[[1, 0], [25, 632], [-27, -632]]
[[1, 0], [25, 79], [-149, -395]]
[[1, 0], [25, 79], [-209, -632]]
[[1, 0], [25, 79], [-33, -79]]
[[1, 0], [251, 316], [-505, -632]]
[[1, 0], [251, 632], [-253, -632]]
[[1, 0], [253, 316], [-509, -632]]
[[1, 0], [255, 316], [-513, -632]]
[[1, 0], [255, 632], [-257, -632]]
[[1, 0], [257, 316], [-517, -632]]
[[1, 0], [257, 632], [-259, -632]]
[[1, 0], [259, 316], [-521, -632]]
[[1, 0], [259, 632], [-261, -632]]
[[1, 0], [26, 395], [-34, -395]]
[[1, 0], [26, 79], [-154, -395]]
[[1, 0], [26, 79], [-217, -632]]
[[1, 0], [26, 79], [-34, -79]]
[[1, 0], [261, 316], [-525, -632]]
[[1, 0], [263, 316], [-529, -632]]
[[1, 0], [263, 632], [-265, -632]]
[[1, 0], [265, 316], [-533, -632]]
[[1, 0], [265, 632], [-267, -632]]
[[1, 0], [267, 316], [-537, -632]]
[[1, 0], [267, 632], [-269, -632]]
[[1, 0], [269, 316], [-541, -632]]
[[1, 0], [27, 158], [-113, -632]]
[[1, 0], [27, 158], [-31, -158]]
[[1, 0], [27, 158], [-89, -474]]
[[1, 0], [27, 316], [-57, -632]]
[[1, 0], [27, 632], [-29, -632]]
[[1, 0], [27, 79], [-159, -395]]
[[1, 0], [27, 79], [-225, -632]]
[[1, 0], [27, 79], [-35, -79]]
[[1, 0], [271, 316], [-545, -632]]
[[1, 0], [271, 632], [-273, -632]]
[[1, 0], [273, 316], [-549, -632]]
[[1, 0], [273, 632], [-275, -632]]
[[1, 0], [275, 632], [-277, -632]]
[[1, 0], [277, 316], [-557, -632]]
[[1, 0], [279, 316], [-561, -632]]
[[1, 0], [279, 632], [-281, -632]]
[[1, 0], [28, 79], [-164, -395]]
[[1, 0], [28, 79], [-233, -632]]
[[1, 0], [28, 79], [-36, -79]]
[[1, 0], [281, 316], [-565, -632]]
[[1, 0], [281, 632], [-283, -632]]
[[1, 0], [283, 316], [-569, -632]]
[[1, 0], [283, 632], [-285, -632]]
[[1, 0], [285, 316], [-573, -632]]
[[1, 0], [287, 316], [-577, -632]]
[[1, 0], [287, 632], [-289, -632]]
[[1, 0], [289, 316], [-581, -632]]
[[1, 0], [289, 632], [-291, -632]]
[[1, 0], [29, 112], [-83, -168]]
[[1, 0], [29, 158], [-121, -632]]
[[1, 0], [29, 158], [-33, -158]]
[[1, 0], [29, 158], [-95, -474]]
[[1, 0], [29, 316], [-61, -632]]
[[1, 0], [29, 79], [-169, -395]]
[[1, 0], [29, 79], [-241, -632]]
[[1, 0], [29, 79], [-37, -79]]
[[1, 0], [291, 316], [-585, -632]]
[[1, 0], [291, 632], [-293, -632]]
[[1, 0], [293, 316], [-589, -632]]
[[1, 0], [295, 316], [-593, -632]]
[[1, 0], [295, 632], [-297, -632]]
[[1, 0], [297, 316], [-597, -632]]
[[1, 0], [297, 632], [-299, -632]]
[[1, 0], [299, 316], [-601, -632]]
[[1, 0], [299, 632], [-301, -632]]
[[1, 0], [3, 158], [-17, -474]]
[[1, 0], [3, 158], [-17, -632]]
[[1, 0], [3, 158], [-7, -158]]
[[1, 0], [3, 316], [-9, -632]]
[[1, 0], [3, 4], [-103, -32]]
[[1, 0], [3, 4], [-109, -40]]
[[1, 0], [3, 4], [-1187, -108]]
[[1, 0], [3, 4], [-139, -80]]
[[1, 0], [3, 4], [-1391, -64]]
[[1, 0], [3, 4], [-1595, -336]]
[[1, 0], [3, 4], [-167, -12]]
[[1, 0], [3, 4], [-199, -160]]
[[1, 0], [3, 4], [-633, -632]]
[[1, 0], [3, 4], [-6639, -320]]
[[1, 0], [3, 4], [-759, -380]]
[[1, 0], [3, 4], [-85, -8]]
[[1, 0], [3, 4], [-91, -16]]
[[1, 0], [3, 632], [-5, -632]]
[[1, 0], [3, 79], [-11, -79]]
[[1, 0], [3, 79], [-33, -632]]
[[1, 0], [3, 79], [-39, -395]]
[[1, 0], [3, 8], [-1229, -328]]
[[1, 0], [3, 8], [-127, -128]]
[[1, 0], [3, 8], [-159, -316]]
[[1, 0], [3, 8], [-161, -8]]
[[1, 0], [3, 8], [-1719, -160]]
[[1, 0], [3, 8], [-243, -16]]
[[1, 0], [3, 8], [-279, -112]]
[[1, 0], [3, 8], [-317, -424]]
[[1, 0], [3, 8], [-317, -632]]
[[1, 0], [3, 8], [-327, -82]]
[[1, 0], [3, 8], [-3359, -320]]
[[1, 0], [3, 8], [-407, -32]]
[[1, 0], [3, 8], [-48, -49]]
[[1, 0], [3, 8], [-489, -40]]
[[1, 0], [3, 8], [-527, -352]]
[[1, 0], [3, 8], [-53, -36]]
[[1, 0], [3, 8], [-735, -64]]
[[1, 0], [3, 8], [-899, -80]]
[[1, 0], [30, 79], [-174, -395]]
[[1, 0], [30, 79], [-249, -632]]
[[1, 0], [30, 79], [-38, -79]]
[[1, 0], [301, 316], [-605, -632]]
[[1, 0], [303, 316], [-609, -632]]
[[1, 0], [303, 632], [-305, -632]]
[[1, 0], [305, 316], [-613, -632]]
[[1, 0], [305, 632], [-307, -632]]
[[1, 0], [307, 316], [-617, -632]]
[[1, 0], [307, 632], [-309, -632]]
[[1, 0], [309, 316], [-621, -632]]
[[1, 0], [31, 158], [-101, -474]]
[[1, 0], [31, 158], [-129, -632]]
[[1, 0], [31, 158], [-35, -158]]
[[1, 0], [31, 316], [-65, -632]]
[[1, 0], [31, 395], [-39, -395]]
[[1, 0], [31, 40], [-179, -180]]
[[1, 0], [31, 40], [-255, -64]]
[[1, 0], [31, 40], [-299, -80]]
[[1, 0], [31, 40], [-519, -160]]
[[1, 0], [31, 40], [-959, -320]]
[[1, 0], [31, 474], [-35, -474]]
[[1, 0], [31, 60], [-53, -72]]
[[1, 0], [31, 632], [-33, -632]]
[[1, 0], [31, 79], [-179, -395]]
[[1, 0], [31, 79], [-257, -632]]
[[1, 0], [31, 79], [-39, -79]]
[[1, 0], [311, 316], [-625, -632]]
[[1, 0], [311, 632], [-313, -632]]
[[1, 0], [313, 316], [-629, -632]]
[[1, 0], [313, 632], [-315, -632]]
[[1, 0], [315, 316], [-633, -632]]
[[1, 0], [315, 632], [-317, -632]]
[[1, 0], [32, 79], [-184, -395]]
[[1, 0], [32, 79], [-265, -632]]
[[1, 0], [32, 79], [-40, -79]]
[[1, 0], [321, 632], [-323, -632]]
[[1, 0], [329, 632], [-331, -632]]
[[1, 0], [33, 158], [-107, -474]]
[[1, 0], [33, 158], [-137, -632]]
[[1, 0], [33, 158], [-37, -158]]
[[1, 0], [33, 316], [-69, -632]]
[[1, 0], [33, 632], [-35, -632]]
[[1, 0], [33, 64], [-219, -80]]
[[1, 0], [33, 64], [-359, -160]]
[[1, 0], [33, 64], [-639, -320]]
[[1, 0], [33, 79], [-189, -395]]
[[1, 0], [33, 79], [-273, -632]]
[[1, 0], [33, 79], [-41, -79]]
[[1, 0], [337, 632], [-339, -632]]
[[1, 0], [34, 79], [-194, -395]]
[[1, 0], [34, 79], [-281, -632]]
[[1, 0], [34, 79], [-42, -79]]
[[1, 0], [345, 632], [-347, -632]]
[[1, 0], [35, 158], [-113, -474]]
[[1, 0], [35, 158], [-145, -632]]
[[1, 0], [35, 158], [-39, -158]]
[[1, 0], [35, 316], [-73, -632]]
[[1, 0], [35, 632], [-37, -632]]
[[1, 0], [35, 79], [-199, -395]]
[[1, 0], [35, 79], [-289, -632]]
[[1, 0], [35, 79], [-43, -79]]
[[1, 0], [353, 632], [-355, -632]]
[[1, 0], [36, 395], [-44, -395]]
[[1, 0], [36, 79], [-204, -395]]
[[1, 0], [36, 79], [-297, -632]]
[[1, 0], [361, 632], [-363, -632]]
[[1, 0], [369, 632], [-371, -632]]
[[1, 0], [37, 158], [-119, -474]]
[[1, 0], [37, 158], [-153, -632]]
[[1, 0], [37, 158], [-41, -158]]
[[1, 0], [37, 316], [-77, -632]]
[[1, 0], [37, 474], [-41, -474]]
[[1, 0], [37, 48], [-139, -112]]
[[1, 0], [37, 79], [-209, -395]]
[[1, 0], [37, 79], [-305, -632]]
[[1, 0], [376, 395], [-384, -395]]
[[1, 0], [377, 632], [-379, -632]]
[[1, 0], [38, 79], [-214, -395]]
[[1, 0], [38, 79], [-313, -632]]
[[1, 0], [385, 632], [-387, -632]]
[[1, 0], [39, 158], [-125, -474]]
[[1, 0], [39, 158], [-161, -632]]
[[1, 0], [39, 158], [-43, -158]]
[[1, 0], [39, 316], [-81, -632]]
[[1, 0], [39, 632], [-41, -632]]
[[1, 0], [39, 79], [-219, -395]]
[[1, 0], [39, 79], [-321, -632]]
[[1, 0], [391, 395], [-399, -395]]
[[1, 0], [4, 79], [-12, -79]]
[[1, 0], [4, 79], [-41, -632]]
[[1, 0], [4, 79], [-44, -395]]
[[1, 0], [40, 79], [-224, -395]]
[[1, 0], [40, 79], [-329, -632]]
[[1, 0], [401, 632], [-403, -632]]
[[1, 0], [409, 632], [-411, -632]]
[[1, 0], [41, 158], [-131, -474]]
[[1, 0], [41, 158], [-169, -632]]
[[1, 0], [41, 158], [-45, -158]]
[[1, 0], [41, 160], [-199, -160]]
[[1, 0], [41, 160], [-319, -320]]
[[1, 0], [41, 316], [-85, -632]]
[[1, 0], [41, 395], [-49, -395]]
[[1, 0], [41, 632], [-43, -632]]
[[1, 0], [41, 79], [-229, -395]]
[[1, 0], [41, 79], [-337, -632]]
[[1, 0], [41, 80], [-559, -320]]
[[1, 0], [417, 632], [-419, -632]]
[[1, 0], [42, 79], [-234, -395]]
[[1, 0], [42, 79], [-345, -632]]
[[1, 0], [425, 632], [-427, -632]]
[[1, 0], [43, 158], [-137, -474]]
[[1, 0], [43, 158], [-177, -632]]
[[1, 0], [43, 158], [-47, -158]]
[[1, 0], [43, 316], [-89, -632]]
[[1, 0], [43, 474], [-47, -474]]
[[1, 0], [43, 632], [-45, -632]]
[[1, 0], [43, 79], [-239, -395]]
[[1, 0], [43, 79], [-353, -632]]
[[1, 0], [43, 84], [-251, -336]]
[[1, 0], [433, 632], [-435, -632]]
[[1, 0], [44, 79], [-244, -395]]
[[1, 0], [44, 79], [-361, -632]]
[[1, 0], [441, 632], [-443, -632]]
[[1, 0], [449, 632], [-451, -632]]
[[1, 0], [45, 158], [-143, -474]]
[[1, 0], [45, 158], [-185, -632]]
[[1, 0], [45, 158], [-49, -158]]
[[1, 0], [45, 316], [-93, -632]]
[[1, 0], [45, 79], [-249, -395]]
[[1, 0], [45, 79], [-369, -632]]
[[1, 0], [457, 632], [-459, -632]]
[[1, 0], [46, 395], [-54, -395]]
[[1, 0], [46, 79], [-254, -395]]
[[1, 0], [46, 79], [-377, -632]]
[[1, 0], [463, 474], [-467, -474]]
[[1, 0], [465, 632], [-467, -632]]
[[1, 0], [467, 632], [-469, -632]]
[[1, 0], [47, 158], [-149, -474]]
[[1, 0], [47, 158], [-193, -632]]
[[1, 0], [47, 158], [-51, -158]]
[[1, 0], [47, 316], [-97, -632]]
[[1, 0], [47, 632], [-49, -632]]
[[1, 0], [47, 79], [-259, -395]]
[[1, 0], [47, 79], [-385, -632]]
[[1, 0], [473, 632], [-475, -632]]
[[1, 0], [48, 79], [-264, -395]]
[[1, 0], [48, 79], [-393, -632]]
[[1, 0], [481, 632], [-483, -632]]
[[1, 0], [489, 632], [-491, -632]]
[[1, 0], [49, 158], [-155, -474]]
[[1, 0], [49, 158], [-201, -632]]
[[1, 0], [49, 158], [-53, -158]]
[[1, 0], [49, 316], [-101, -632]]
[[1, 0], [49, 474], [-53, -474]]
[[1, 0], [49, 632], [-51, -632]]
[[1, 0], [49, 64], [-207, -64]]
[[1, 0], [49, 64], [-239, -80]]
[[1, 0], [49, 64], [-399, -160]]
[[1, 0], [49, 64], [-719, -320]]
[[1, 0], [49, 79], [-269, -395]]
[[1, 0], [49, 79], [-401, -632]]
[[1, 0], [497, 632], [-499, -632]]
[[1, 0], [5, 158], [-23, -474]]
[[1, 0], [5, 158], [-25, -632]]
[[1, 0], [5, 158], [-9, -158]]
[[1, 0], [5, 16], [-107, -216]]
[[1, 0], [5, 16], [-125, -84]]
[[1, 0], [5, 16], [-163, -16]]
[[1, 0], [5, 16], [-1759, -320]]
[[1, 0], [5, 16], [-22, -23]]
[[1, 0], [5, 16], [-247, -32]]
[[1, 0], [5, 16], [-289, -40]]
[[1, 0], [5, 16], [-415, -64]]
[[1, 0], [5, 16], [-47, -24]]
[[1, 0], [5, 16], [-499, -80]]
[[1, 0], [5, 16], [-919, -160]]
[[1, 0], [5, 316], [-13, -632]]
[[1, 0], [5, 79], [-13, -79]]
[[1, 0], [5, 79], [-49, -395]]
[[1, 0], [5, 79], [-49, -632]]
[[1, 0], [5, 8], [-1311, -328]]
[[1, 0], [5, 8], [-159, -128]]
[[1, 0], [5, 8], [-307, -112]]
[[1, 0], [5, 8], [-3439, -320]]
[[1, 0], [5, 8], [-423, -424]]
[[1, 0], [5, 8], [-475, -632]]
[[1, 0], [5, 8], [-615, -352]]
[[1, 0], [5, 8], [-751, -64]]
[[1, 0], [50, 79], [-274, -395]]
[[1, 0], [50, 79], [-409, -632]]
[[1, 0], [505, 632], [-507, -632]]
[[1, 0], [51, 158], [-161, -474]]
[[1, 0], [51, 158], [-209, -632]]
[[1, 0], [51, 158], [-55, -158]]
[[1, 0], [51, 316], [-105, -632]]
[[1, 0], [51, 395], [-59, -395]]
[[1, 0], [51, 632], [-53, -632]]
[[1, 0], [51, 79], [-279, -395]]
[[1, 0], [51, 79], [-417, -632]]
[[1, 0], [513, 632], [-515, -632]]
[[1, 0], [52, 79], [-284, -395]]
[[1, 0], [52, 79], [-425, -632]]
[[1, 0], [521, 632], [-523, -632]]
[[1, 0], [529, 632], [-531, -632]]
[[1, 0], [53, 158], [-167, -474]]
[[1, 0], [53, 158], [-217, -632]]
[[1, 0], [53, 158], [-57, -158]]
[[1, 0], [53, 316], [-109, -632]]
[[1, 0], [53, 79], [-289, -395]]
[[1, 0], [53, 79], [-433, -632]]
[[1, 0], [537, 632], [-539, -632]]
[[1, 0], [54, 79], [-294, -395]]
[[1, 0], [54, 79], [-441, -632]]
[[1, 0], [545, 632], [-547, -632]]
[[1, 0], [55, 108], [-323, -324]]
[[1, 0], [55, 158], [-173, -474]]
[[1, 0], [55, 158], [-225, -632]]
[[1, 0], [55, 158], [-59, -158]]
[[1, 0], [55, 316], [-113, -632]]
[[1, 0], [55, 474], [-59, -474]]
[[1, 0], [55, 632], [-57, -632]]
[[1, 0], [55, 79], [-299, -395]]
[[1, 0], [55, 79], [-449, -632]]
[[1, 0], [56, 395], [-64, -395]]
[[1, 0], [56, 79], [-304, -395]]
[[1, 0], [56, 79], [-457, -632]]
[[1, 0], [561, 632], [-563, -632]]
[[1, 0], [569, 632], [-571, -632]]
[[1, 0], [57, 112], [-125, -168]]
[[1, 0], [57, 158], [-179, -474]]
[[1, 0], [57, 158], [-233, -632]]
[[1, 0], [57, 158], [-61, -158]]
[[1, 0], [57, 316], [-117, -632]]
[[1, 0], [57, 632], [-59, -632]]
[[1, 0], [57, 79], [-309, -395]]
[[1, 0], [57, 79], [-465, -632]]
[[1, 0], [577, 632], [-579, -632]]
[[1, 0], [58, 79], [-314, -395]]
[[1, 0], [58, 79], [-473, -632]]
[[1, 0], [585, 632], [-587, -632]]
[[1, 0], [59, 158], [-185, -474]]
[[1, 0], [59, 158], [-241, -632]]
[[1, 0], [59, 158], [-63, -158]]
[[1, 0], [59, 316], [-121, -632]]
[[1, 0], [59, 632], [-61, -632]]
[[1, 0], [59, 79], [-319, -395]]
[[1, 0], [59, 79], [-481, -632]]
[[1, 0], [593, 632], [-595, -632]]
[[1, 0], [6, 395], [-14, -395]]
[[1, 0], [6, 79], [-14, -79]]
[[1, 0], [6, 79], [-54, -395]]
[[1, 0], [6, 79], [-57, -632]]
[[1, 0], [60, 79], [-324, -395]]
[[1, 0], [60, 79], [-489, -632]]
[[1, 0], [60, 79], [-68, -79]]
[[1, 0], [601, 632], [-603, -632]]
[[1, 0], [609, 632], [-611, -632]]
[[1, 0], [61, 158], [-191, -474]]
[[1, 0], [61, 158], [-249, -632]]
[[1, 0], [61, 158], [-65, -158]]
[[1, 0], [61, 316], [-125, -632]]
[[1, 0], [61, 395], [-69, -395]]
[[1, 0], [61, 474], [-65, -474]]
[[1, 0], [61, 79], [-329, -395]]
[[1, 0], [61, 79], [-497, -632]]
[[1, 0], [61, 80], [-359, -160]]
[[1, 0], [61, 80], [-639, -320]]
[[1, 0], [617, 632], [-619, -632]]
[[1, 0], [62, 79], [-334, -395]]
[[1, 0], [62, 79], [-505, -632]]
[[1, 0], [625, 632], [-627, -632]]
[[1, 0], [63, 158], [-197, -474]]
[[1, 0], [63, 158], [-257, -632]]
[[1, 0], [63, 158], [-67, -158]]
[[1, 0], [63, 316], [-129, -632]]
[[1, 0], [63, 632], [-65, -632]]
[[1, 0], [63, 79], [-339, -395]]
[[1, 0], [63, 79], [-513, -632]]
[[1, 0], [631, 632], [-633, -632]]
[[1, 0], [64, 79], [-344, -395]]
[[1, 0], [64, 79], [-521, -632]]
[[1, 0], [65, 158], [-203, -474]]
[[1, 0], [65, 158], [-265, -632]]
[[1, 0], [65, 158], [-69, -158]]
[[1, 0], [65, 316], [-133, -632]]
[[1, 0], [65, 632], [-67, -632]]
[[1, 0], [65, 79], [-349, -395]]
[[1, 0], [65, 79], [-529, -632]]
[[1, 0], [66, 395], [-74, -395]]
[[1, 0], [66, 79], [-354, -395]]
[[1, 0], [66, 79], [-537, -632]]
[[1, 0], [67, 158], [-209, -474]]
[[1, 0], [67, 158], [-273, -632]]
[[1, 0], [67, 158], [-71, -158]]
[[1, 0], [67, 316], [-137, -632]]
[[1, 0], [67, 474], [-71, -474]]
[[1, 0], [67, 632], [-69, -632]]
[[1, 0], [67, 79], [-359, -395]]
[[1, 0], [67, 79], [-545, -632]]
[[1, 0], [68, 79], [-364, -395]]
[[1, 0], [69, 158], [-215, -474]]
[[1, 0], [69, 158], [-281, -632]]
[[1, 0], [69, 158], [-73, -158]]
[[1, 0], [69, 316], [-141, -632]]
[[1, 0], [69, 79], [-369, -395]]
[[1, 0], [69, 79], [-561, -632]]
[[1, 0], [7, 12], [-107, -48]]
[[1, 0], [7, 12], [-1295, -324]]
[[1, 0], [7, 12], [-149, -120]]
[[1, 0], [7, 12], [-173, -116]]
[[1, 0], [7, 12], [-179, -36]]
[[1, 0], [7, 12], [-359, -480]]
[[1, 0], [7, 158], [-29, -474]]
[[1, 0], [7, 158], [-33, -632]]
[[1, 0], [7, 24], [-191, -384]]
[[1, 0], [7, 24], [-33, -68]]
[[1, 0], [7, 24], [-335, -336]]
[[1, 0], [7, 24], [-69, -56]]
[[1, 0], [7, 316], [-17, -632]]
[[1, 0], [7, 632], [-9, -632]]
[[1, 0], [7, 79], [-15, -79]]
[[1, 0], [7, 79], [-59, -395]]
[[1, 0], [7, 79], [-65, -632]]
[[1, 0], [7, 8], [-1393, -328]]
[[1, 0], [7, 8], [-159, -158]]
[[1, 0], [7, 8], [-1799, -160]]
[[1, 0], [7, 8], [-191, -128]]
[[1, 0], [7, 8], [-251, -16]]
[[1, 0], [7, 8], [-317, -316]]
[[1, 0], [7, 8], [-335, -112]]
[[1, 0], [7, 8], [-3519, -320]]
[[1, 0], [7, 8], [-423, -32]]
[[1, 0], [7, 8], [-509, -40]]
[[1, 0], [7, 8], [-529, -424]]
[[1, 0], [7, 8], [-633, -632]]
[[1, 0], [7, 8], [-703, -352]]
[[1, 0], [7, 8], [-71, -36]]
[[1, 0], [7, 8], [-767, -64]]
[[1, 0], [7, 8], [-80, -79]]
[[1, 0], [7, 8], [-939, -80]]
[[1, 0], [70, 79], [-374, -395]]
[[1, 0], [70, 79], [-569, -632]]
[[1, 0], [71, 158], [-221, -474]]
[[1, 0], [71, 158], [-289, -632]]
[[1, 0], [71, 158], [-75, -158]]
[[1, 0], [71, 316], [-145, -632]]
[[1, 0], [71, 632], [-73, -632]]
[[1, 0], [71, 79], [-379, -395]]
[[1, 0], [71, 79], [-577, -632]]
[[1, 0], [72, 79], [-384, -395]]
[[1, 0], [72, 79], [-585, -632]]
[[1, 0], [72, 79], [-80, -79]]
[[1, 0], [73, 158], [-227, -474]]
[[1, 0], [73, 158], [-297, -632]]
[[1, 0], [73, 158], [-77, -158]]
[[1, 0], [73, 316], [-149, -632]]
[[1, 0], [73, 474], [-77, -474]]
[[1, 0], [73, 632], [-75, -632]]
[[1, 0], [73, 79], [-389, -395]]
[[1, 0], [73, 79], [-593, -632]]
[[1, 0], [73, 79], [-81, -79]]
[[1, 0], [74, 79], [-394, -395]]
[[1, 0], [74, 79], [-601, -632]]
[[1, 0], [74, 79], [-82, -79]]
[[1, 0], [75, 158], [-233, -474]]
[[1, 0], [75, 158], [-305, -632]]
[[1, 0], [75, 316], [-153, -632]]
[[1, 0], [75, 632], [-77, -632]]
[[1, 0], [75, 79], [-399, -395]]
[[1, 0], [75, 79], [-609, -632]]
[[1, 0], [75, 79], [-83, -79]]
[[1, 0], [76, 395], [-84, -395]]
[[1, 0], [76, 79], [-404, -395]]
[[1, 0], [76, 79], [-617, -632]]
[[1, 0], [77, 158], [-239, -474]]
[[1, 0], [77, 158], [-313, -632]]
[[1, 0], [77, 158], [-81, -158]]
[[1, 0], [77, 316], [-157, -632]]
[[1, 0], [77, 79], [-409, -395]]
[[1, 0], [77, 79], [-625, -632]]
[[1, 0], [78, 79], [-414, -395]]
[[1, 0], [78, 79], [-633, -632]]
[[1, 0], [8, 79], [-16, -79]]
[[1, 0], [8, 79], [-64, -395]]
[[1, 0], [8, 79], [-73, -632]]
[[1, 0], [81, 158], [-251, -474]]
[[1, 0], [81, 158], [-329, -632]]
[[1, 0], [81, 160], [-399, -320]]
[[1, 0], [81, 316], [-165, -632]]
[[1, 0], [81, 320], [-239, -320]]
[[1, 0], [81, 395], [-89, -395]]
[[1, 0], [81, 632], [-83, -632]]
[[1, 0], [83, 158], [-257, -474]]
[[1, 0], [83, 158], [-337, -632]]
[[1, 0], [83, 164], [-245, -328]]
[[1, 0], [83, 316], [-169, -632]]
[[1, 0], [83, 632], [-85, -632]]
[[1, 0], [85, 112], [-167, -168]]
[[1, 0], [85, 158], [-263, -474]]
[[1, 0], [85, 158], [-345, -632]]
[[1, 0], [85, 316], [-173, -632]]
[[1, 0], [85, 474], [-89, -474]]
[[1, 0], [86, 395], [-94, -395]]
[[1, 0], [87, 158], [-269, -474]]
[[1, 0], [87, 158], [-353, -632]]
[[1, 0], [87, 316], [-177, -632]]
[[1, 0], [87, 632], [-89, -632]]
[[1, 0], [89, 158], [-275, -474]]
[[1, 0], [89, 158], [-361, -632]]
[[1, 0], [89, 316], [-181, -632]]
[[1, 0], [89, 632], [-91, -632]]
[[1, 0], [9, 158], [-13, -158]]
[[1, 0], [9, 158], [-35, -474]]
[[1, 0], [9, 158], [-41, -632]]
[[1, 0], [9, 16], [-161, -216]]
[[1, 0], [9, 16], [-1839, -320]]
[[1, 0], [9, 16], [-431, -64]]
[[1, 0], [9, 16], [-53, -24]]
[[1, 0], [9, 316], [-21, -632]]
[[1, 0], [9, 32], [-167, -32]]
[[1, 0], [9, 32], [-189, -40]]
[[1, 0], [9, 32], [-255, -64]]
[[1, 0], [9, 32], [-299, -80]]
[[1, 0], [9, 32], [-519, -160]]
[[1, 0], [9, 32], [-959, -320]]
[[1, 0], [9, 632], [-11, -632]]
[[1, 0], [9, 79], [-17, -79]]
[[1, 0], [9, 79], [-69, -395]]
[[1, 0], [9, 79], [-81, -632]]
[[1, 0], [91, 158], [-281, -474]]
[[1, 0], [91, 158], [-369, -632]]
[[1, 0], [91, 316], [-185, -632]]
[[1, 0], [91, 395], [-99, -395]]
[[1, 0], [91, 474], [-95, -474]]
[[1, 0], [91, 632], [-93, -632]]
[[1, 0], [93, 158], [-287, -474]]
[[1, 0], [93, 158], [-377, -632]]
[[1, 0], [93, 316], [-189, -632]]
[[1, 0], [95, 158], [-293, -474]]
[[1, 0], [95, 158], [-385, -632]]
[[1, 0], [95, 316], [-193, -632]]
[[1, 0], [95, 632], [-97, -632]]
[[1, 0], [96, 395], [-104, -395]]
[[1, 0], [97, 158], [-299, -474]]
[[1, 0], [97, 158], [-393, -632]]
[[1, 0], [97, 316], [-197, -632]]
[[1, 0], [97, 474], [-101, -474]]
[[1, 0], [97, 632], [-99, -632]]
[[1, 0], [99, 158], [-305, -474]]
[[1, 0], [99, 158], [-401, -632]]
[[1, 0], [99, 316], [-201, -632]]
[[1, 0], [99, 632], [-101, -632]]
