[[1, 0], [0, 1], [-1023, -464]]
[[1, 0], [0, 1], [-102399, -320]]
[[1, 0], [0, 1], [-10527, -329]]
[[1, 0], [0, 1], [-10527, -32]]
[[1, 0], [0, 1], [-110, -29]]
[[1, 0], [0, 1], [-116, -11]]
[[1, 0], [0, 1], [-116, -99]]
[[1, 0], [0, 1], [-1199, -435]]
[[1, 0], [0, 1], [-1247, -429]]
[[1, 0], [0, 1], [-1287, -116]]
[[1, 0], [0, 1], [-13079, -327]]
[[1, 0], [0, 1], [-13079, -40]]
[[1, 0], [0, 1], [-143, -116]]
[[1, 0], [0, 1], [-1479, -407]]
[[1, 0], [0, 1], [-1595, -114]]
[[1, 0], [0, 1], [-1595, -14]]
[[1, 0], [0, 1], [-1595, -19]]
[[1, 0], [0, 1], [-1595, -399]]
[[1, 0], [0, 1], [-1595, -4]]
[[1, 0], [0, 1], [-1595, -84]]
[[1, 0], [0, 1], [-1624, -55]]
[[1, 0], [0, 1], [-165, -29]]
[[1, 0], [0, 1], [-1711, -176]]
[[1, 0], [0, 1], [-17226, -107]]
[[1, 0], [0, 1], [-17226, -161]]
[[1, 0], [0, 1], [-174, -11]]
[[1, 0], [0, 1], [-174, -77]]
[[1, 0], [0, 1], [-1914, -383]]
[[1, 0], [0, 1], [-1914, -5]]
[[1, 0], [0, 1], [-1925, -174]]
[[1, 0], [0, 1], [-1943, -66]]
[[1, 0], [0, 1], [-203, -132]]
[[1, 0], [0, 1], [-20735, -324]]
[[1, 0], [0, 1], [-20735, -64]]
[[1, 0], [0, 1], [-2079, -377]]
[[1, 0], [0, 1], [-2175, -374]]
[[1, 0], [0, 1], [-242, -87]]
[[1, 0], [0, 1], [-2552, -111]]
[[1, 0], [0, 1], [-2552, -23]]
[[1, 0], [0, 1], [-25839, -323]]
[[1, 0], [0, 1], [-25839, -80]]
[[1, 0], [0, 1], [-2639, -363]]
[[1, 0], [0, 1], [-275, -174]]
[[1, 0], [0, 1], [-2871, -359]]
[[1, 0], [0, 1], [-2871, -8]]
[[1, 0], [0, 1], [-29, -11]]
[[1, 0], [0, 1], [-29, -22]]
[[1, 0], [0, 1], [-319, -160]]
[[1, 0], [0, 1], [-319, -16]]
[[1, 0], [0, 1], [-319, -1]]
[[1, 0], [0, 1], [-319, -20]]
[[1, 0], [0, 1], [-319, -2]]
[[1, 0], [0, 1], [-319, -40]]
[[1, 0], [0, 1], [-319, -4]]
[[1, 0], [0, 1], [-319, -5]]
[[1, 0], [0, 1], [-319, -64]]
[[1, 0], [0, 1], [-319, -80]]
[[1, 0], [0, 1], [-319, -8]]
[[1, 0], [0, 1], [-320, -319]]
[[1, 0], [0, 1], [-3219, -110]]
[[1, 0], [0, 1], [-33, -29]]
[[1, 0], [0, 1], [-330, -29]]
[[1, 0], [0, 1], [-348, -11]]
[[1, 0], [0, 1], [-3509, -10]]
[[1, 0], [0, 1], [-3509, -351]]
[[1, 0], [0, 1], [-3509, -54]]
[[1, 0], [0, 1], [-3509, -65]]
[[1, 0], [0, 1], [-377, -77]]
[[1, 0], [0, 1], [-3839, -348]]
[[1, 0], [0, 1], [-435, -44]]
[[1, 0], [0, 1], [-4814, -165]]
[[1, 0], [0, 1], [-4959, -341]]
[[1, 0], [0, 1], [-51359, -160]]
[[1, 0], [0, 1], [-51359, -321]]
[[1, 0], [0, 1], [-5423, -16]]
[[1, 0], [0, 1], [-5423, -339]]
[[1, 0], [0, 1], [-55, -29]]
[[1, 0], [0, 1], [-551, -132]]
[[1, 0], [0, 1], [-58, -11]]
[[1, 0], [0, 1], [-638, -1]]
[[1, 0], [0, 1], [-638, -213]]
[[1, 0], [0, 1], [-638, -3]]
[[1, 0], [0, 1], [-638, -71]]
[[1, 0], [0, 1], [-638, -9]]
[[1, 0], [0, 1], [-639, -638]]
[[1, 0], [0, 1], [-649, -58]]
[[1, 0], [0, 1], [-66, -29]]
[[1, 0], [0, 1], [-667, -22]]
[[1, 0], [0, 1], [-6699, -20]]
[[1, 0], [0, 1], [-6699, -335]]
[[1, 0], [0, 1], [-671, -609]]
[[1, 0], [0, 1], [-748, -203]]
[[1, 0], [0, 1], [-759, -551]]
[[1, 0], [0, 1], [-783, -539]]
[[1, 0], [0, 1], [-899, -495]]
[[1, 0], [0, 1], [-957, -2]]
[[1, 0], [0, 1], [-957, -479]]
[[1, 0], [0, 1], [-9599, -330]]
[[1, 0], [0, 1], [-968, -87]]
[[1, 0], [0, 1], [-986, -33]]
[[1, 0], [1, 107], [-320, -107]]
[[1, 0], [1, 107], [-641, -321]]
[[1, 0], [1, 108], [-161, -162]]
[[1, 0], [1, 10], [-1019, -330]]
[[1, 0], [1, 10], [-10559, -320]]
[[1, 0], [1, 10], [-128, -33]]
[[1, 0], [1, 10], [-1343, -32]]
[[1, 0], [1, 10], [-1599, -40]]
[[1, 0], [1, 10], [-194, -55]]
[[1, 0], [1, 10], [-227, -66]]
[[1, 0], [1, 10], [-2367, -64]]
[[1, 0], [1, 10], [-27, -116]]
[[1, 0], [1, 10], [-2879, -80]]
[[1, 0], [1, 10], [-359, -110]]
[[1, 0], [1, 10], [-4, -11]]
[[1, 0], [1, 10], [-524, -165]]
[[1, 0], [1, 10], [-5439, -160]]
[[1, 0], [1, 10], [-62, -11]]
[[1, 0], [1, 10], [-639, -10]]
[[1, 0], [1, 10], [-71, -72]]
[[1, 0], [1, 10], [-831, -16]]
[[1, 0], [1, 10], [-95, -22]]
[[1, 0], [1, 10], [-959, -20]]
[[1, 0], [1, 110], [-119, -330]]
[[1, 0], [1, 110], [-59, -110]]
[[1, 0], [1, 110], [-74, -165]]
[[1, 0], [1, 116], [-15, -464]]
[[1, 0], [1, 116], [-23, -116]]
[[1, 0], [1, 116], [-4, -145]]
[[1, 0], [1, 116], [-47, -348]]
[[1, 0], [1, 11], [-117, -638]]
[[1, 0], [1, 11], [-119, -33]]
[[1, 0], [1, 11], [-131, -484]]
[[1, 0], [1, 11], [-155, -429]]
[[1, 0], [1, 11], [-179, -55]]
[[1, 0], [1, 11], [-237, -374]]
[[1, 0], [1, 11], [-30, -11]]
[[1, 0], [1, 11], [-31, -22]]
[[1, 0], [1, 11], [-329, -110]]
[[1, 0], [1, 11], [-34, -55]]
[[1, 0], [1, 11], [-35, -66]]
[[1, 0], [1, 11], [-351, -352]]
[[1, 0], [1, 11], [-39, -110]]
[[1, 0], [1, 11], [-479, -165]]
[[1, 0], [1, 11], [-59, -11]]
[[1, 0], [1, 11], [-59, -319]]
[[1, 0], [1, 11], [-89, -22]]
[[1, 0], [1, 11], [-929, -330]]
[[1, 0], [1, 11], [-95, -88]]
[[1, 0], [1, 11], [-98, -121]]
[[1, 0], [1, 121], [-32, -363]]
[[1, 0], [1, 12], [-111, -56]]
[[1, 0], [1, 12], [-127, -116]]
[[1, 0], [1, 12], [-161, -18]]
[[1, 0], [1, 12], [-185, -174]]
[[1, 0], [1, 12], [-23, -44]]
[[1, 0], [1, 12], [-359, -348]]
[[1, 0], [1, 12], [-40, -29]]
[[1, 0], [1, 12], [-647, -108]]
[[1, 0], [1, 12], [-69, -58]]
[[1, 0], [1, 12], [-89, -198]]
[[1, 0], [1, 12], [-98, -87]]
[[1, 0], [1, 13], [-194, -377]]
[[1, 0], [1, 13], [-20, -29]]
[[1, 0], [1, 13], [-324, -65]]
[[1, 0], [1, 13], [-51, -286]]
[[1, 0], [1, 145], [-14, -435]]
[[1, 0], [1, 14], [-139, -406]]
[[1, 0], [1, 14], [-20, -77]]
[[1, 0], [1, 14], [-23, -58]]
[[1, 0], [1, 14], [-2575, -322]]
[[1, 0], [1, 14], [-459, -46]]
[[1, 0], [1, 15], [-10, -29]]
[[1, 0], [1, 15], [-114, -115]]
[[1, 0], [1, 15], [-139, -55]]
[[1, 0], [1, 15], [-161, -66]]
[[1, 0], [1, 15], [-249, -110]]
[[1, 0], [1, 15], [-359, -165]]
[[1, 0], [1, 15], [-39, -145]]
[[1, 0], [1, 15], [-689, -330]]
[[1, 0], [1, 15], [-73, -22]]
[[1, 0], [1, 15], [-8, -33]]
[[1, 0], [1, 15], [-95, -33]]
[[1, 0], [1, 160], [-639, -160]]
[[1, 0], [1, 160], [-959, -320]]
[[1, 0], [1, 161], [-321, -322]]
[[1, 0], [1, 165], [-59, -165]]
[[1, 0], [1, 165], [-89, -330]]
[[1, 0], [1, 16], [-1119, -40]]
[[1, 0], [1, 16], [-127, -176]]
[[1, 0], [1, 16], [-1599, -64]]
[[1, 0], [1, 16], [-1919, -80]]
[[1, 0], [1, 16], [-3519, -160]]
[[1, 0], [1, 16], [-39, -44]]
[[1, 0], [1, 16], [-5, -22]]
[[1, 0], [1, 16], [-639, -16]]
[[1, 0], [1, 16], [-6719, -320]]
[[1, 0], [1, 16], [-719, -20]]
[[1, 0], [1, 16], [-8, -29]]
[[1, 0], [1, 16], [-95, -464]]
[[1, 0], [1, 16], [-959, -32]]
[[1, 0], [1, 174], [-23, -174]]
[[1, 0], [1, 174], [-35, -348]]
[[1, 0], [1, 176], [-31, -352]]
[[1, 0], [1, 17], [-1614, -323]]
[[1, 0], [1, 17], [-170, -19]]
[[1, 0], [1, 17], [-20, -21]]
[[1, 0], [1, 17], [-3, -22]]
[[1, 0], [1, 17], [-339, -340]]
[[1, 0], [1, 17], [-84, -493]]
[[1, 0], [1, 18], [-14, -87]]
[[1, 0], [1, 18], [-161, -27]]
[[1, 0], [1, 18], [-23, -66]]
[[1, 0], [1, 18], [-647, -162]]
[[1, 0], [1, 19], [-5, -29]]
[[1, 0], [1, 203], [-13, -406]]
[[1, 0], [1, 20], [-1343, -64]]
[[1, 0], [1, 20], [-1599, -80]]
[[1, 0], [1, 20], [-2879, -160]]
[[1, 0], [1, 20], [-5439, -320]]
[[1, 0], [1, 20], [-639, -20]]
[[1, 0], [1, 20], [-831, -32]]
[[1, 0], [1, 20], [-84, -85]]
[[1, 0], [1, 20], [-959, -40]]
[[1, 0], [1, 21], [-335, -336]]
[[1, 0], [1, 21], [-4, -29]]
[[1, 0], [1, 21], [-62, -609]]
[[1, 0], [1, 22], [-104, -55]]
[[1, 0], [1, 22], [-119, -66]]
[[1, 0], [1, 22], [-179, -110]]
[[1, 0], [1, 22], [-254, -165]]
[[1, 0], [1, 22], [-30, -319]]
[[1, 0], [1, 22], [-31, -44]]
[[1, 0], [1, 22], [-35, -132]]
[[1, 0], [1, 22], [-39, -220]]
[[1, 0], [1, 22], [-479, -330]]
[[1, 0], [1, 22], [-59, -22]]
[[1, 0], [1, 22], [-59, -638]]
[[1, 0], [1, 22], [-74, -33]]
[[1, 0], [1, 22], [-95, -176]]
[[1, 0], [1, 23], [-1609, -322]]
[[1, 0], [1, 23], [-321, -46]]
[[1, 0], [1, 24], [-111, -112]]
[[1, 0], [1, 24], [-5, -33]]
[[1, 0], [1, 25], [-194, -65]]
[[1, 0], [1, 26], [-51, -572]]
[[1, 0], [1, 27], [-17, -198]]
[[1, 0], [1, 27], [-323, -108]]
[[1, 0], [1, 29], [-12, -29]]
[[1, 0], [1, 29], [-13, -58]]
[[1, 0], [1, 29], [-14, -87]]
[[1, 0], [1, 29], [-15, -116]]
[[1, 0], [1, 29], [-155, -348]]
[[1, 0], [1, 29], [-17, -174]]
[[1, 0], [1, 29], [-23, -29]]
[[1, 0], [1, 29], [-23, -319]]
[[1, 0], [1, 29], [-35, -58]]
[[1, 0], [1, 29], [-45, -638]]
[[1, 0], [1, 29], [-47, -87]]
[[1, 0], [1, 29], [-50, -493]]
[[1, 0], [1, 29], [-59, -116]]
[[1, 0], [1, 29], [-59, -435]]
[[1, 0], [1, 29], [-69, -406]]
[[1, 0], [1, 29], [-83, -174]]
[[1, 0], [1, 29], [-90, -377]]
[[1, 0], [1, 2], [-1019, -66]]
[[1, 0], [1, 2], [-1055, -174]]
[[1, 0], [1, 2], [-10559, -64]]
[[1, 0], [1, 2], [-1119, -5]]
[[1, 0], [1, 2], [-127, -22]]
[[1, 0], [1, 2], [-13119, -80]]
[[1, 0], [1, 2], [-139, -58]]
[[1, 0], [1, 2], [-1520, -169]]
[[1, 0], [1, 2], [-1599, -8]]
[[1, 0], [1, 2], [-161, -3]]
[[1, 0], [1, 2], [-1679, -110]]
[[1, 0], [1, 2], [-1679, -168]]
[[1, 0], [1, 2], [-17387, -322]]
[[1, 0], [1, 2], [-185, -29]]
[[1, 0], [1, 2], [-1887, -352]]
[[1, 0], [1, 2], [-1919, -10]]
[[1, 0], [1, 2], [-194, -11]]
[[1, 0], [1, 2], [-20, -11]]
[[1, 0], [1, 2], [-2099, -348]]
[[1, 0], [1, 2], [-213, -107]]
[[1, 0], [1, 2], [-215, -198]]
[[1, 0], [1, 2], [-2504, -165]]
[[1, 0], [1, 2], [-251, -154]]
[[1, 0], [1, 2], [-2575, -46]]
[[1, 0], [1, 2], [-25919, -160]]
[[1, 0], [1, 2], [-2879, -16]]
[[1, 0], [1, 2], [-320, -319]]
[[1, 0], [1, 2], [-335, -264]]
[[1, 0], [1, 2], [-344, -253]]
[[1, 0], [1, 2], [-3519, -20]]
[[1, 0], [1, 2], [-3563, -108]]
[[1, 0], [1, 2], [-359, -22]]
[[1, 0], [1, 2], [-359, -58]]
[[1, 0], [1, 2], [-383, -128]]
[[1, 0], [1, 2], [-479, -88]]
[[1, 0], [1, 2], [-482, -7]]
[[1, 0], [1, 2], [-4979, -330]]
[[1, 0], [1, 2], [-51, -44]]
[[1, 0], [1, 2], [-51519, -320]]
[[1, 0], [1, 2], [-524, -33]]
[[1, 0], [1, 2], [-533, -87]]
[[1, 0], [1, 2], [-5439, -32]]
[[1, 0], [1, 2], [-639, -2]]
[[1, 0], [1, 2], [-639, -638]]
[[1, 0], [1, 2], [-647, -18]]
[[1, 0], [1, 2], [-6719, -40]]
[[1, 0], [1, 2], [-707, -116]]
[[1, 0], [1, 2], [-851, -426]]
[[1, 0], [1, 2], [-854, -55]]
[[1, 0], [1, 2], [-89, -33]]
[[1, 0], [1, 2], [-95, -58]]
[[1, 0], [1, 2], [-951, -406]]
[[1, 0], [1, 2], [-959, -4]]
[[1, 0], [1, 30], [-139, -110]]
[[1, 0], [1, 30], [-194, -165]]
[[1, 0], [1, 30], [-359, -330]]
[[1, 0], [1, 30], [-62, -33]]
[[1, 0], [1, 30], [-84, -55]]
[[1, 0], [1, 30], [-95, -66]]
[[1, 0], [1, 319], [-2, -319]]
[[1, 0], [1, 319], [-3, -319]]
[[1, 0], [1, 319], [-5, -638]]
[[1, 0], [1, 31], [-185, -341]]
[[1, 0], [1, 320], [-639, -320]]
[[1, 0], [1, 321], [-320, -321]]
[[1, 0], [1, 32], [-1119, -80]]
[[1, 0], [1, 32], [-127, -352]]
[[1, 0], [1, 32], [-1919, -160]]
[[1, 0], [1, 32], [-3519, -320]]
[[1, 0], [1, 32], [-39, -88]]
[[1, 0], [1, 32], [-639, -32]]
[[1, 0], [1, 32], [-719, -40]]
[[1, 0], [1, 32], [-959, -64]]
[[1, 0], [1, 330], [-59, -330]]
[[1, 0], [1, 33], [-129, -110]]
[[1, 0], [1, 33], [-15, -176]]
[[1, 0], [1, 33], [-179, -165]]
[[1, 0], [1, 33], [-329, -330]]
[[1, 0], [1, 33], [-35, -198]]
[[1, 0], [1, 33], [-59, -33]]
[[1, 0], [1, 33], [-79, -55]]
[[1, 0], [1, 33], [-89, -66]]
[[1, 0], [1, 33], [-98, -363]]
[[1, 0], [1, 341], [-30, -341]]
[[1, 0], [1, 348], [-23, -348]]
[[1, 0], [1, 34], [-3, -44]]
[[1, 0], [1, 35], [-14, -55]]
[[1, 0], [1, 35], [-69, -385]]
[[1, 0], [1, 36], [-161, -54]]
[[1, 0], [1, 36], [-23, -132]]
[[1, 0], [1, 36], [-647, -324]]
[[1, 0], [1, 377], [-12, -377]]
[[1, 0], [1, 3], [-111, -14]]
[[1, 0], [1, 3], [-1129, -110]]
[[1, 0], [1, 3], [-114, -23]]
[[1, 0], [1, 3], [-127, -29]]
[[1, 0], [1, 3], [-139, -11]]
[[1, 0], [1, 3], [-1403, -348]]
[[1, 0], [1, 3], [-1525, -109]]
[[1, 0], [1, 3], [-160, -161]]
[[1, 0], [1, 3], [-1679, -165]]
[[1, 0], [1, 3], [-17, -22]]
[[1, 0], [1, 3], [-1709, -342]]
[[1, 0], [1, 3], [-17333, -321]]
[[1, 0], [1, 3], [-184, -145]]
[[1, 0], [1, 3], [-215, -297]]
[[1, 0], [1, 3], [-23, -11]]
[[1, 0], [1, 3], [-243, -58]]
[[1, 0], [1, 3], [-249, -22]]
[[1, 0], [1, 3], [-251, -231]]
[[1, 0], [1, 3], [-2663, -333]]
[[1, 0], [1, 3], [-320, -3]]
[[1, 0], [1, 3], [-323, -12]]
[[1, 0], [1, 3], [-3329, -330]]
[[1, 0], [1, 3], [-335, -48]]
[[1, 0], [1, 3], [-340, -121]]
[[1, 0], [1, 3], [-3563, -162]]
[[1, 0], [1, 3], [-359, -120]]
[[1, 0], [1, 3], [-359, -33]]
[[1, 0], [1, 3], [-359, -87]]
[[1, 0], [1, 3], [-383, -192]]
[[1, 0], [1, 3], [-39, -29]]
[[1, 0], [1, 3], [-449, -522]]
[[1, 0], [1, 3], [-475, -116]]
[[1, 0], [1, 3], [-479, -480]]
[[1, 0], [1, 3], [-579, -55]]
[[1, 0], [1, 3], [-5884, -107]]
[[1, 0], [1, 3], [-62, -87]]
[[1, 0], [1, 3], [-647, -27]]
[[1, 0], [1, 3], [-683, -396]]
[[1, 0], [1, 3], [-689, -66]]
[[1, 0], [1, 3], [-707, -174]]
[[1, 0], [1, 40], [-1599, -160]]
[[1, 0], [1, 40], [-2879, -320]]
[[1, 0], [1, 40], [-639, -40]]
[[1, 0], [1, 40], [-831, -64]]
[[1, 0], [1, 40], [-959, -80]]
[[1, 0], [1, 41], [-327, -328]]
[[1, 0], [1, 41], [-40, -451]]
[[1, 0], [1, 42], [-20, -231]]
[[1, 0], [1, 44], [-10, -121]]
[[1, 0], [1, 44], [-31, -88]]
[[1, 0], [1, 44], [-39, -440]]
[[1, 0], [1, 44], [-95, -352]]
[[1, 0], [1, 45], [-8, -99]]
[[1, 0], [1, 46], [-482, -161]]
[[1, 0], [1, 48], [-5, -66]]
[[1, 0], [1, 4], [-1055, -348]]
[[1, 0], [1, 4], [-1119, -10]]
[[1, 0], [1, 4], [-127, -44]]
[[1, 0], [1, 4], [-13119, -160]]
[[1, 0], [1, 4], [-1376, -81]]
[[1, 0], [1, 4], [-1599, -16]]
[[1, 0], [1, 4], [-161, -6]]
[[1, 0], [1, 4], [-1679, -336]]
[[1, 0], [1, 4], [-185, -58]]
[[1, 0], [1, 4], [-1919, -20]]
[[1, 0], [1, 4], [-213, -214]]
[[1, 0], [1, 4], [-25919, -320]]
[[1, 0], [1, 4], [-272, -87]]
[[1, 0], [1, 4], [-2879, -32]]
[[1, 0], [1, 4], [-335, -528]]
[[1, 0], [1, 4], [-3519, -40]]
[[1, 0], [1, 4], [-359, -116]]
[[1, 0], [1, 4], [-39, -11]]
[[1, 0], [1, 4], [-409, -41]]
[[1, 0], [1, 4], [-41, -77]]
[[1, 0], [1, 4], [-479, -176]]
[[1, 0], [1, 4], [-533, -174]]
[[1, 0], [1, 4], [-5439, -64]]
[[1, 0], [1, 4], [-639, -4]]
[[1, 0], [1, 4], [-647, -36]]
[[1, 0], [1, 4], [-6719, -80]]
[[1, 0], [1, 4], [-719, -5]]
[[1, 0], [1, 4], [-84, -17]]
[[1, 0], [1, 4], [-89, -66]]
[[1, 0], [1, 4], [-95, -116]]
[[1, 0], [1, 4], [-959, -8]]
[[1, 0], [1, 4], [-98, -29]]
[[1, 0], [1, 50], [-4, -55]]
[[1, 0], [1, 54], [-161, -81]]
[[1, 0], [1, 55], [-119, -165]]
[[1, 0], [1, 55], [-13, -77]]
[[1, 0], [1, 55], [-59, -55]]
[[1, 0], [1, 55], [-65, -66]]
[[1, 0], [1, 55], [-89, -110]]
[[1, 0], [1, 58], [-12, -319]]
[[1, 0], [1, 58], [-15, -232]]
[[1, 0], [1, 58], [-20, -203]]
[[1, 0], [1, 58], [-23, -58]]
[[1, 0], [1, 58], [-23, -638]]
[[1, 0], [1, 58], [-35, -116]]
[[1, 0], [1, 58], [-47, -174]]
[[1, 0], [1, 58], [-83, -348]]
[[1, 0], [1, 5], [-1019, -165]]
[[1, 0], [1, 5], [-10559, -160]]
[[1, 0], [1, 5], [-1343, -16]]
[[1, 0], [1, 5], [-1599, -20]]
[[1, 0], [1, 5], [-161, -22]]
[[1, 0], [1, 5], [-194, -13]]
[[1, 0], [1, 5], [-2009, -330]]
[[1, 0], [1, 5], [-20799, -320]]
[[1, 0], [1, 5], [-227, -33]]
[[1, 0], [1, 5], [-2367, -32]]
[[1, 0], [1, 5], [-259, -580]]
[[1, 0], [1, 5], [-27, -58]]
[[1, 0], [1, 5], [-2879, -40]]
[[1, 0], [1, 5], [-324, -25]]
[[1, 0], [1, 5], [-329, -435]]
[[1, 0], [1, 5], [-3574, -325]]
[[1, 0], [1, 5], [-359, -55]]
[[1, 0], [1, 5], [-399, -400]]
[[1, 0], [1, 5], [-425, -66]]
[[1, 0], [1, 5], [-4415, -64]]
[[1, 0], [1, 5], [-454, -385]]
[[1, 0], [1, 5], [-5439, -80]]
[[1, 0], [1, 5], [-639, -5]]
[[1, 0], [1, 5], [-68, -87]]
[[1, 0], [1, 5], [-689, -110]]
[[1, 0], [1, 5], [-69, -55]]
[[1, 0], [1, 5], [-709, -355]]
[[1, 0], [1, 5], [-71, -36]]
[[1, 0], [1, 5], [-8, -11]]
[[1, 0], [1, 5], [-80, -81]]
[[1, 0], [1, 5], [-831, -8]]
[[1, 0], [1, 5], [-95, -11]]
[[1, 0], [1, 5], [-959, -10]]
[[1, 0], [1, 638], [-3, -638]]
[[1, 0], [1, 64], [-1119, -160]]
[[1, 0], [1, 64], [-1919, -320]]
[[1, 0], [1, 64], [-639, -64]]
[[1, 0], [1, 64], [-719, -80]]
[[1, 0], [1, 65], [-324, -325]]
[[1, 0], [1, 66], [-104, -165]]
[[1, 0], [1, 66], [-179, -330]]
[[1, 0], [1, 66], [-35, -396]]
[[1, 0], [1, 66], [-59, -66]]
[[1, 0], [1, 66], [-6, -77]]
[[1, 0], [1, 66], [-79, -110]]
[[1, 0], [1, 6], [-111, -28]]
[[1, 0], [1, 6], [-127, -58]]
[[1, 0], [1, 6], [-139, -22]]
[[1, 0], [1, 6], [-14, -29]]
[[1, 0], [1, 6], [-161, -9]]
[[1, 0], [1, 6], [-1679, -330]]
[[1, 0], [1, 6], [-185, -87]]
[[1, 0], [1, 6], [-194, -33]]
[[1, 0], [1, 6], [-20, -33]]
[[1, 0], [1, 6], [-215, -594]]
[[1, 0], [1, 6], [-23, -22]]
[[1, 0], [1, 6], [-243, -116]]
[[1, 0], [1, 6], [-251, -462]]
[[1, 0], [1, 6], [-304, -55]]
[[1, 0], [1, 6], [-3563, -324]]
[[1, 0], [1, 6], [-359, -174]]
[[1, 0], [1, 6], [-359, -66]]
[[1, 0], [1, 6], [-383, -384]]
[[1, 0], [1, 6], [-579, -110]]
[[1, 0], [1, 6], [-64, -65]]
[[1, 0], [1, 6], [-647, -54]]
[[1, 0], [1, 6], [-69, -29]]
[[1, 0], [1, 6], [-707, -348]]
[[1, 0], [1, 6], [-84, -11]]
[[1, 0], [1, 6], [-854, -165]]
[[1, 0], [1, 6], [-89, -99]]
[[1, 0], [1, 77], [-34, -385]]
[[1, 0], [1, 7], [-139, -203]]
[[1, 0], [1, 7], [-14, -11]]
[[1, 0], [1, 7], [-23, -29]]
[[1, 0], [1, 7], [-2575, -161]]
[[1, 0], [1, 7], [-321, -14]]
[[1, 0], [1, 7], [-335, -112]]
[[1, 0], [1, 7], [-459, -23]]
[[1, 0], [1, 7], [-62, -203]]
[[1, 0], [1, 7], [-69, -77]]
[[1, 0], [1, 80], [-1599, -320]]
[[1, 0], [1, 80], [-639, -80]]
[[1, 0], [1, 80], [-959, -160]]
[[1, 0], [1, 81], [-323, -324]]
[[1, 0], [1, 87], [-17, -522]]
[[1, 0], [1, 87], [-23, -87]]
[[1, 0], [1, 87], [-27, -116]]
[[1, 0], [1, 87], [-35, -174]]
[[1, 0], [1, 87], [-59, -348]]
[[1, 0], [1, 87], [-6, -203]]
[[1, 0], [1, 87], [-9, -145]]
[[1, 0], [1, 88], [-31, -176]]
[[1, 0], [1, 8], [-1119, -20]]
[[1, 0], [1, 8], [-127, -88]]
[[1, 0], [1, 8], [-13119, -320]]
[[1, 0], [1, 8], [-1599, -32]]
[[1, 0], [1, 8], [-1919, -40]]
[[1, 0], [1, 8], [-2879, -64]]
[[1, 0], [1, 8], [-3519, -80]]
[[1, 0], [1, 8], [-39, -22]]
[[1, 0], [1, 8], [-409, -82]]
[[1, 0], [1, 8], [-41, -154]]
[[1, 0], [1, 8], [-479, -352]]
[[1, 0], [1, 8], [-5, -11]]
[[1, 0], [1, 8], [-639, -8]]
[[1, 0], [1, 8], [-6719, -160]]
[[1, 0], [1, 8], [-719, -10]]
[[1, 0], [1, 8], [-95, -232]]
[[1, 0], [1, 8], [-959, -16]]
[[1, 0], [1, 957], [-2, -957]]
[[1, 0], [1, 9], [-17, -66]]
[[1, 0], [1, 9], [-19, -55]]
[[1, 0], [1, 9], [-23, -33]]
[[1, 0], [1, 9], [-323, -36]]
[[1, 0], [1, 9], [-359, -360]]
[[1, 0], [1, 9], [-40, -41]]
[[1, 0], [1, 9], [-647, -81]]
[[1, 0], [10, 11], [-107, -22]]
[[1, 0], [10, 11], [-129, -110]]
[[1, 0], [10, 11], [-146, -33]]
[[1, 0], [10, 11], [-167, -88]]
[[1, 0], [10, 11], [-179, -165]]
[[1, 0], [10, 11], [-197, -121]]
[[1, 0], [10, 11], [-224, -55]]
[[1, 0], [10, 11], [-263, -66]]
[[1, 0], [10, 11], [-30, -29]]
[[1, 0], [10, 11], [-320, -319]]
[[1, 0], [10, 11], [-419, -110]]
[[1, 0], [10, 11], [-49, -22]]
[[1, 0], [10, 11], [-524, -385]]
[[1, 0], [10, 11], [-527, -484]]
[[1, 0], [10, 11], [-543, -374]]
[[1, 0], [10, 11], [-59, -33]]
[[1, 0], [10, 11], [-59, -58]]
[[1, 0], [10, 11], [-614, -165]]
[[1, 0], [10, 11], [-639, -352]]
[[1, 0], [10, 11], [-639, -638]]
[[1, 0], [10, 11], [-774, -341]]
[[1, 0], [10, 11], [-79, -55]]
[[1, 0], [10, 11], [-89, -66]]
[[1, 0], [10, 29], [-122, -319]]
[[1, 0], [10, 29], [-137, -174]]
[[1, 0], [10, 29], [-194, -435]]
[[1, 0], [10, 29], [-195, -406]]
[[1, 0], [10, 29], [-207, -377]]
[[1, 0], [10, 29], [-243, -638]]
[[1, 0], [10, 29], [-263, -348]]
[[1, 0], [10, 29], [-31, -58]]
[[1, 0], [10, 29], [-32, -29]]
[[1, 0], [10, 29], [-41, -87]]
[[1, 0], [10, 29], [-51, -116]]
[[1, 0], [10, 29], [-53, -58]]
[[1, 0], [10, 29], [-71, -174]]
[[1, 0], [10, 29], [-74, -87]]
[[1, 0], [10, 29], [-95, -116]]
[[1, 0], [10, 319], [-12, -319]]
[[1, 0], [10, 319], [-23, -638]]
[[1, 0], [10, 33], [-107, -66]]
[[1, 0], [10, 33], [-159, -110]]
[[1, 0], [10, 33], [-179, -495]]
[[1, 0], [10, 33], [-197, -363]]
[[1, 0], [10, 33], [-224, -165]]
[[1, 0], [10, 33], [-23, -44]]
[[1, 0], [10, 33], [-419, -330]]
[[1, 0], [10, 33], [-63, -176]]
[[1, 0], [10, 33], [-68, -33]]
[[1, 0], [10, 33], [-89, -198]]
[[1, 0], [10, 33], [-94, -55]]
[[1, 0], [10, 87], [-24, -145]]
[[1, 0], [10, 87], [-27, -203]]
[[1, 0], [10, 87], [-32, -87]]
[[1, 0], [10, 87], [-39, -116]]
[[1, 0], [10, 87], [-53, -174]]
[[1, 0], [10, 87], [-71, -522]]
[[1, 0], [10, 87], [-95, -348]]
[[1, 0], [10, 99], [-23, -132]]
[[1, 0], [100, 121], [-329, -363]]
[[1, 0], [100, 319], [-102, -319]]
[[1, 0], [101, 110], [-159, -110]]
[[1, 0], [101, 110], [-224, -165]]
[[1, 0], [101, 110], [-419, -330]]
[[1, 0], [101, 116], [-123, -116]]
[[1, 0], [101, 116], [-129, -145]]
[[1, 0], [101, 116], [-179, -174]]
[[1, 0], [101, 116], [-347, -348]]
[[1, 0], [101, 116], [-415, -464]]
[[1, 0], [101, 145], [-314, -435]]
[[1, 0], [101, 319], [-103, -319]]
[[1, 0], [101, 319], [-205, -638]]
[[1, 0], [101, 638], [-103, -638]]
[[1, 0], [102, 319], [-104, -319]]
[[1, 0], [102, 319], [-207, -638]]
[[1, 0], [103, 174], [-239, -348]]
[[1, 0], [103, 319], [-105, -319]]
[[1, 0], [103, 638], [-105, -638]]
[[1, 0], [104, 319], [-211, -638]]
[[1, 0], [105, 116], [-127, -116]]
[[1, 0], [105, 116], [-134, -145]]
[[1, 0], [105, 116], [-185, -174]]
[[1, 0], [105, 116], [-359, -348]]
[[1, 0], [105, 116], [-431, -464]]
[[1, 0], [105, 319], [-107, -319]]
[[1, 0], [105, 319], [-213, -638]]
[[1, 0], [105, 638], [-107, -638]]
[[1, 0], [106, 145], [-329, -435]]
[[1, 0], [106, 165], [-299, -330]]
[[1, 0], [106, 203], [-223, -406]]
[[1, 0], [106, 319], [-108, -319]]
[[1, 0], [106, 319], [-215, -638]]
[[1, 0], [106, 957], [-107, -957]]
[[1, 0], [107, 319], [-108, -319]]
[[1, 0], [107, 319], [-109, -319]]
[[1, 0], [107, 319], [-217, -638]]
[[1, 0], [107, 638], [-109, -638]]
[[1, 0], [108, 319], [-109, -319]]
[[1, 0], [108, 319], [-219, -638]]
[[1, 0], [109, 116], [-139, -145]]
[[1, 0], [109, 116], [-191, -174]]
[[1, 0], [109, 116], [-371, -348]]
[[1, 0], [109, 116], [-447, -464]]
[[1, 0], [109, 174], [-251, -348]]
[[1, 0], [109, 319], [-111, -319]]
[[1, 0], [109, 319], [-221, -638]]
[[1, 0], [109, 348], [-131, -348]]
[[1, 0], [109, 638], [-111, -638]]
[[1, 0], [11, 145], [-44, -435]]
[[1, 0], [11, 29], [-133, -319]]
[[1, 0], [11, 29], [-143, -174]]
[[1, 0], [11, 29], [-209, -406]]
[[1, 0], [11, 29], [-209, -435]]
[[1, 0], [11, 29], [-220, -377]]
[[1, 0], [11, 29], [-220, -493]]
[[1, 0], [11, 29], [-265, -638]]
[[1, 0], [11, 29], [-275, -348]]
[[1, 0], [11, 29], [-33, -29]]
[[1, 0], [11, 29], [-33, -58]]
[[1, 0], [11, 29], [-44, -87]]
[[1, 0], [11, 29], [-55, -116]]
[[1, 0], [11, 29], [-55, -58]]
[[1, 0], [11, 29], [-77, -174]]
[[1, 0], [11, 29], [-77, -87]]
[[1, 0], [11, 29], [-99, -116]]
[[1, 0], [11, 58], [-133, -638]]
[[1, 0], [11, 58], [-143, -348]]
[[1, 0], [11, 58], [-33, -58]]
[[1, 0], [11, 58], [-44, -87]]
[[1, 0], [11, 58], [-55, -116]]
[[1, 0], [11, 58], [-55, -203]]
[[1, 0], [11, 58], [-55, -232]]
[[1, 0], [11, 58], [-67, -319]]
[[1, 0], [11, 58], [-77, -174]]
[[1, 0], [111, 121], [-362, -363]]
[[1, 0], [111, 145], [-344, -435]]
[[1, 0], [111, 319], [-113, -319]]
[[1, 0], [111, 319], [-225, -638]]
[[1, 0], [111, 638], [-113, -638]]
[[1, 0], [112, 319], [-114, -319]]
[[1, 0], [112, 319], [-227, -638]]
[[1, 0], [113, 116], [-144, -145]]
[[1, 0], [113, 116], [-197, -174]]
[[1, 0], [113, 116], [-383, -348]]
[[1, 0], [113, 116], [-463, -464]]
[[1, 0], [113, 176], [-255, -352]]
[[1, 0], [113, 203], [-237, -406]]
[[1, 0], [113, 319], [-115, -319]]
[[1, 0], [113, 319], [-229, -638]]
[[1, 0], [113, 638], [-115, -638]]
[[1, 0], [115, 174], [-263, -348]]
[[1, 0], [115, 319], [-233, -638]]
[[1, 0], [117, 319], [-119, -319]]
[[1, 0], [117, 319], [-237, -638]]
[[1, 0], [117, 638], [-119, -638]]
[[1, 0], [118, 319], [-120, -319]]
[[1, 0], [118, 319], [-239, -638]]
[[1, 0], [118, 377], [-129, -377]]
[[1, 0], [119, 319], [-241, -638]]
[[1, 0], [12, 121], [-65, -363]]
[[1, 0], [12, 29], [-103, -116]]
[[1, 0], [12, 29], [-144, -319]]
[[1, 0], [12, 29], [-149, -174]]
[[1, 0], [12, 29], [-223, -406]]
[[1, 0], [12, 29], [-224, -435]]
[[1, 0], [12, 29], [-233, -377]]
[[1, 0], [12, 29], [-237, -493]]
[[1, 0], [12, 29], [-287, -348]]
[[1, 0], [12, 29], [-287, -638]]
[[1, 0], [12, 29], [-34, -29]]
[[1, 0], [12, 29], [-35, -58]]
[[1, 0], [12, 29], [-47, -87]]
[[1, 0], [12, 29], [-57, -58]]
[[1, 0], [12, 29], [-59, -116]]
[[1, 0], [12, 29], [-80, -87]]
[[1, 0], [12, 29], [-83, -174]]
[[1, 0], [12, 319], [-13, -319]]
[[1, 0], [12, 319], [-14, -319]]
[[1, 0], [12, 319], [-27, -638]]
[[1, 0], [120, 203], [-251, -406]]
[[1, 0], [120, 319], [-122, -319]]
[[1, 0], [120, 319], [-243, -638]]
[[1, 0], [121, 145], [-374, -435]]
[[1, 0], [121, 174], [-275, -348]]
[[1, 0], [121, 348], [-143, -348]]
[[1, 0], [122, 319], [-124, -319]]
[[1, 0], [122, 319], [-247, -638]]
[[1, 0], [123, 319], [-125, -319]]
[[1, 0], [123, 319], [-249, -638]]
[[1, 0], [123, 638], [-125, -638]]
[[1, 0], [124, 319], [-126, -319]]
[[1, 0], [124, 319], [-251, -638]]
[[1, 0], [125, 319], [-127, -319]]
[[1, 0], [125, 638], [-127, -638]]
[[1, 0], [126, 145], [-389, -435]]
[[1, 0], [126, 319], [-255, -638]]
[[1, 0], [127, 174], [-149, -174]]
[[1, 0], [127, 174], [-287, -348]]
[[1, 0], [127, 203], [-265, -406]]
[[1, 0], [127, 319], [-129, -319]]
[[1, 0], [127, 319], [-257, -638]]
[[1, 0], [127, 638], [-129, -638]]
[[1, 0], [127, 957], [-128, -957]]
[[1, 0], [128, 319], [-129, -319]]
[[1, 0], [128, 319], [-130, -319]]
[[1, 0], [128, 319], [-259, -638]]
[[1, 0], [129, 176], [-287, -352]]
[[1, 0], [129, 319], [-131, -319]]
[[1, 0], [129, 638], [-131, -638]]
[[1, 0], [13, 116], [-19, -145]]
[[1, 0], [13, 116], [-35, -116]]
[[1, 0], [13, 116], [-47, -174]]
[[1, 0], [13, 116], [-63, -464]]
[[1, 0], [13, 116], [-83, -348]]
[[1, 0], [13, 174], [-35, -174]]
[[1, 0], [13, 174], [-59, -348]]
[[1, 0], [13, 22], [-107, -132]]
[[1, 0], [13, 22], [-134, -55]]
[[1, 0], [13, 22], [-155, -66]]
[[1, 0], [13, 22], [-159, -220]]
[[1, 0], [13, 22], [-191, -176]]
[[1, 0], [13, 22], [-204, -319]]
[[1, 0], [13, 22], [-239, -110]]
[[1, 0], [13, 22], [-344, -165]]
[[1, 0], [13, 22], [-659, -330]]
[[1, 0], [13, 22], [-71, -22]]
[[1, 0], [13, 22], [-92, -33]]
[[1, 0], [13, 29], [-107, -116]]
[[1, 0], [13, 29], [-155, -174]]
[[1, 0], [13, 29], [-155, -319]]
[[1, 0], [13, 29], [-237, -406]]
[[1, 0], [13, 29], [-239, -435]]
[[1, 0], [13, 29], [-246, -377]]
[[1, 0], [13, 29], [-254, -493]]
[[1, 0], [13, 29], [-299, -348]]
[[1, 0], [13, 29], [-309, -638]]
[[1, 0], [13, 29], [-35, -29]]
[[1, 0], [13, 29], [-37, -58]]
[[1, 0], [13, 29], [-50, -87]]
[[1, 0], [13, 29], [-59, -58]]
[[1, 0], [13, 29], [-63, -116]]
[[1, 0], [13, 29], [-83, -87]]
[[1, 0], [13, 29], [-89, -174]]
[[1, 0], [13, 319], [-14, -319]]
[[1, 0], [13, 319], [-15, -319]]
[[1, 0], [13, 33], [-107, -198]]
[[1, 0], [13, 33], [-113, -66]]
[[1, 0], [13, 33], [-169, -110]]
[[1, 0], [13, 33], [-224, -495]]
[[1, 0], [13, 33], [-230, -363]]
[[1, 0], [13, 33], [-239, -165]]
[[1, 0], [13, 33], [-27, -44]]
[[1, 0], [13, 33], [-449, -330]]
[[1, 0], [13, 33], [-71, -33]]
[[1, 0], [13, 33], [-79, -176]]
[[1, 0], [13, 348], [-35, -348]]
[[1, 0], [13, 44], [-159, -440]]
[[1, 0], [13, 44], [-191, -352]]
[[1, 0], [13, 44], [-43, -121]]
[[1, 0], [13, 58], [-155, -348]]
[[1, 0], [13, 58], [-155, -638]]
[[1, 0], [13, 58], [-35, -58]]
[[1, 0], [13, 58], [-47, -87]]
[[1, 0], [13, 58], [-59, -116]]
[[1, 0], [13, 58], [-62, -203]]
[[1, 0], [13, 58], [-63, -232]]
[[1, 0], [13, 58], [-78, -319]]
[[1, 0], [13, 58], [-83, -174]]
[[1, 0], [13, 638], [-15, -638]]
[[1, 0], [13, 66], [-107, -396]]
[[1, 0], [13, 66], [-134, -165]]
[[1, 0], [13, 66], [-20, -77]]
[[1, 0], [13, 66], [-239, -330]]
[[1, 0], [13, 66], [-71, -66]]
[[1, 0], [13, 87], [-107, -348]]
[[1, 0], [13, 87], [-34, -203]]
[[1, 0], [13, 87], [-35, -87]]
[[1, 0], [13, 87], [-43, -116]]
[[1, 0], [13, 87], [-59, -174]]
[[1, 0], [13, 87], [-89, -522]]
[[1, 0], [13, 957], [-14, -957]]
[[1, 0], [130, 319], [-263, -638]]
[[1, 0], [130, 957], [-131, -957]]
[[1, 0], [131, 145], [-404, -435]]
[[1, 0], [131, 319], [-133, -319]]
[[1, 0], [131, 319], [-265, -638]]
[[1, 0], [131, 377], [-142, -377]]
[[1, 0], [131, 638], [-133, -638]]
[[1, 0], [133, 174], [-299, -348]]
[[1, 0], [133, 319], [-135, -319]]
[[1, 0], [133, 319], [-269, -638]]
[[1, 0], [133, 348], [-155, -348]]
[[1, 0], [133, 638], [-135, -638]]
[[1, 0], [134, 203], [-279, -406]]
[[1, 0], [134, 319], [-136, -319]]
[[1, 0], [134, 319], [-271, -638]]
[[1, 0], [135, 319], [-137, -319]]
[[1, 0], [135, 319], [-273, -638]]
[[1, 0], [135, 638], [-137, -638]]
[[1, 0], [136, 145], [-419, -435]]
[[1, 0], [136, 165], [-194, -165]]
[[1, 0], [136, 165], [-359, -330]]
[[1, 0], [136, 319], [-138, -319]]
[[1, 0], [137, 319], [-138, -319]]
[[1, 0], [137, 319], [-277, -638]]
[[1, 0], [138, 319], [-140, -319]]
[[1, 0], [138, 319], [-279, -638]]
[[1, 0], [139, 174], [-311, -348]]
[[1, 0], [139, 319], [-140, -319]]
[[1, 0], [139, 319], [-141, -319]]
[[1, 0], [139, 319], [-281, -638]]
[[1, 0], [139, 638], [-141, -638]]
[[1, 0], [139, 957], [-140, -957]]
[[1, 0], [14, 29], [-111, -116]]
[[1, 0], [14, 29], [-161, -174]]
[[1, 0], [14, 29], [-166, -319]]
[[1, 0], [14, 29], [-251, -406]]
[[1, 0], [14, 29], [-254, -435]]
[[1, 0], [14, 29], [-259, -377]]
[[1, 0], [14, 29], [-271, -493]]
[[1, 0], [14, 29], [-311, -348]]
[[1, 0], [14, 29], [-331, -638]]
[[1, 0], [14, 29], [-36, -29]]
[[1, 0], [14, 29], [-39, -58]]
[[1, 0], [14, 29], [-53, -87]]
[[1, 0], [14, 29], [-61, -58]]
[[1, 0], [14, 29], [-67, -116]]
[[1, 0], [14, 29], [-86, -87]]
[[1, 0], [14, 29], [-95, -174]]
[[1, 0], [14, 319], [-16, -319]]
[[1, 0], [14, 319], [-31, -638]]
[[1, 0], [140, 319], [-142, -319]]
[[1, 0], [140, 319], [-283, -638]]
[[1, 0], [141, 145], [-434, -435]]
[[1, 0], [141, 203], [-293, -406]]
[[1, 0], [141, 319], [-285, -638]]
[[1, 0], [142, 319], [-144, -319]]
[[1, 0], [142, 319], [-287, -638]]
[[1, 0], [144, 319], [-146, -319]]
[[1, 0], [144, 319], [-291, -638]]
[[1, 0], [144, 377], [-155, -377]]
[[1, 0], [146, 319], [-148, -319]]
[[1, 0], [146, 319], [-295, -638]]
[[1, 0], [147, 319], [-149, -319]]
[[1, 0], [147, 638], [-149, -638]]
[[1, 0], [148, 203], [-307, -406]]
[[1, 0], [148, 319], [-299, -638]]
[[1, 0], [149, 319], [-151, -319]]
[[1, 0], [149, 319], [-301, -638]]
[[1, 0], [149, 638], [-151, -638]]
[[1, 0], [15, 203], [-41, -406]]
[[1, 0], [15, 22], [-119, -132]]
[[1, 0], [15, 22], [-139, -55]]
[[1, 0], [15, 22], [-161, -66]]
[[1, 0], [15, 22], [-179, -220]]
[[1, 0], [15, 22], [-207, -176]]
[[1, 0], [15, 22], [-233, -319]]
[[1, 0], [15, 22], [-249, -110]]
[[1, 0], [15, 22], [-359, -165]]
[[1, 0], [15, 22], [-465, -638]]
[[1, 0], [15, 22], [-59, -44]]
[[1, 0], [15, 22], [-689, -330]]
[[1, 0], [15, 22], [-73, -22]]
[[1, 0], [15, 22], [-89, -30]]
[[1, 0], [15, 22], [-95, -33]]
[[1, 0], [15, 29], [-101, -174]]
[[1, 0], [15, 29], [-115, -116]]
[[1, 0], [15, 29], [-167, -174]]
[[1, 0], [15, 29], [-177, -319]]
[[1, 0], [15, 29], [-265, -406]]
[[1, 0], [15, 29], [-269, -435]]
[[1, 0], [15, 29], [-272, -377]]
[[1, 0], [15, 29], [-288, -493]]
[[1, 0], [15, 29], [-323, -348]]
[[1, 0], [15, 29], [-353, -638]]
[[1, 0], [15, 29], [-37, -29]]
[[1, 0], [15, 29], [-41, -58]]
[[1, 0], [15, 29], [-56, -87]]
[[1, 0], [15, 29], [-63, -58]]
[[1, 0], [15, 29], [-71, -116]]
[[1, 0], [15, 29], [-89, -87]]
[[1, 0], [15, 319], [-17, -319]]
[[1, 0], [15, 58], [-167, -348]]
[[1, 0], [15, 58], [-177, -638]]
[[1, 0], [15, 58], [-37, -58]]
[[1, 0], [15, 58], [-50, -87]]
[[1, 0], [15, 58], [-63, -116]]
[[1, 0], [15, 58], [-69, -203]]
[[1, 0], [15, 58], [-71, -232]]
[[1, 0], [15, 58], [-89, -174]]
[[1, 0], [15, 58], [-89, -319]]
[[1, 0], [15, 638], [-17, -638]]
[[1, 0], [15, 77], [-104, -385]]
[[1, 0], [150, 319], [-303, -638]]
[[1, 0], [151, 165], [-389, -330]]
[[1, 0], [151, 174], [-335, -348]]
[[1, 0], [151, 319], [-153, -319]]
[[1, 0], [151, 319], [-305, -638]]
[[1, 0], [151, 638], [-153, -638]]
[[1, 0], [151, 957], [-152, -957]]
[[1, 0], [152, 319], [-307, -638]]
[[1, 0], [153, 319], [-155, -319]]
[[1, 0], [153, 319], [-309, -638]]
[[1, 0], [153, 638], [-155, -638]]
[[1, 0], [155, 203], [-321, -406]]
[[1, 0], [155, 319], [-157, -319]]
[[1, 0], [155, 319], [-313, -638]]
[[1, 0], [155, 638], [-157, -638]]
[[1, 0], [156, 319], [-158, -319]]
[[1, 0], [156, 319], [-315, -638]]
[[1, 0], [156, 341], [-185, -341]]
[[1, 0], [157, 174], [-179, -174]]
[[1, 0], [157, 174], [-347, -348]]
[[1, 0], [157, 319], [-159, -319]]
[[1, 0], [157, 319], [-317, -638]]
[[1, 0], [157, 348], [-179, -348]]
[[1, 0], [157, 377], [-168, -377]]
[[1, 0], [157, 638], [-159, -638]]
[[1, 0], [158, 319], [-160, -319]]
[[1, 0], [159, 319], [-321, -638]]
[[1, 0], [16, 145], [-59, -435]]
[[1, 0], [16, 165], [-119, -330]]
[[1, 0], [16, 165], [-74, -165]]
[[1, 0], [16, 29], [-107, -174]]
[[1, 0], [16, 29], [-119, -116]]
[[1, 0], [16, 29], [-173, -174]]
[[1, 0], [16, 29], [-188, -319]]
[[1, 0], [16, 29], [-279, -406]]
[[1, 0], [16, 29], [-284, -435]]
[[1, 0], [16, 29], [-285, -377]]
[[1, 0], [16, 29], [-305, -493]]
[[1, 0], [16, 29], [-335, -348]]
[[1, 0], [16, 29], [-375, -638]]
[[1, 0], [16, 29], [-38, -29]]
[[1, 0], [16, 29], [-43, -58]]
[[1, 0], [16, 29], [-59, -87]]
[[1, 0], [16, 29], [-65, -58]]
[[1, 0], [16, 29], [-75, -116]]
[[1, 0], [16, 29], [-92, -87]]
[[1, 0], [16, 319], [-17, -319]]
[[1, 0], [16, 319], [-35, -638]]
[[1, 0], [16, 33], [-104, -55]]
[[1, 0], [16, 33], [-119, -66]]
[[1, 0], [16, 33], [-125, -198]]
[[1, 0], [16, 33], [-179, -110]]
[[1, 0], [16, 33], [-254, -165]]
[[1, 0], [16, 33], [-263, -363]]
[[1, 0], [16, 33], [-269, -495]]
[[1, 0], [16, 33], [-31, -44]]
[[1, 0], [16, 33], [-479, -330]]
[[1, 0], [16, 33], [-74, -33]]
[[1, 0], [16, 33], [-95, -176]]
[[1, 0], [16, 55], [-119, -110]]
[[1, 0], [16, 55], [-164, -165]]
[[1, 0], [16, 55], [-299, -330]]
[[1, 0], [16, 55], [-34, -77]]
[[1, 0], [16, 55], [-74, -55]]
[[1, 0], [16, 55], [-83, -66]]
[[1, 0], [16, 87], [-107, -522]]
[[1, 0], [16, 87], [-119, -348]]
[[1, 0], [16, 87], [-34, -145]]
[[1, 0], [16, 87], [-38, -87]]
[[1, 0], [16, 87], [-41, -203]]
[[1, 0], [16, 87], [-47, -116]]
[[1, 0], [16, 87], [-65, -174]]
[[1, 0], [16, 957], [-17, -957]]
[[1, 0], [160, 319], [-323, -638]]
[[1, 0], [161, 176], [-351, -352]]
[[1, 0], [161, 319], [-325, -638]]
[[1, 0], [161, 638], [-163, -638]]
[[1, 0], [162, 203], [-335, -406]]
[[1, 0], [162, 319], [-327, -638]]
[[1, 0], [163, 174], [-185, -174]]
[[1, 0], [163, 174], [-359, -348]]
[[1, 0], [163, 319], [-329, -638]]
[[1, 0], [163, 957], [-164, -957]]
[[1, 0], [164, 319], [-331, -638]]
[[1, 0], [166, 319], [-335, -638]]
[[1, 0], [167, 319], [-169, -319]]
[[1, 0], [167, 319], [-337, -638]]
[[1, 0], [167, 638], [-169, -638]]
[[1, 0], [168, 319], [-169, -319]]
[[1, 0], [168, 319], [-339, -638]]
[[1, 0], [169, 174], [-371, -348]]
[[1, 0], [169, 203], [-349, -406]]
[[1, 0], [169, 319], [-171, -319]]
[[1, 0], [169, 638], [-171, -638]]
[[1, 0], [17, 116], [-24, -145]]
[[1, 0], [17, 116], [-39, -116]]
[[1, 0], [17, 116], [-53, -174]]
[[1, 0], [17, 116], [-79, -464]]
[[1, 0], [17, 116], [-95, -348]]
[[1, 0], [17, 176], [-63, -352]]
[[1, 0], [17, 22], [-131, -132]]
[[1, 0], [17, 22], [-144, -55]]
[[1, 0], [17, 22], [-167, -66]]
[[1, 0], [17, 22], [-199, -220]]
[[1, 0], [17, 22], [-223, -176]]
[[1, 0], [17, 22], [-259, -110]]
[[1, 0], [17, 22], [-262, -319]]
[[1, 0], [17, 22], [-523, -638]]
[[1, 0], [17, 22], [-63, -44]]
[[1, 0], [17, 22], [-719, -330]]
[[1, 0], [17, 22], [-98, -33]]
[[1, 0], [17, 29], [-113, -174]]
[[1, 0], [17, 29], [-123, -116]]
[[1, 0], [17, 29], [-179, -174]]
[[1, 0], [17, 29], [-199, -319]]
[[1, 0], [17, 29], [-293, -406]]
[[1, 0], [17, 29], [-298, -377]]
[[1, 0], [17, 29], [-299, -435]]
[[1, 0], [17, 29], [-322, -493]]
[[1, 0], [17, 29], [-347, -348]]
[[1, 0], [17, 29], [-39, -29]]
[[1, 0], [17, 29], [-397, -638]]
[[1, 0], [17, 29], [-45, -58]]
[[1, 0], [17, 29], [-62, -87]]
[[1, 0], [17, 29], [-67, -58]]
[[1, 0], [17, 29], [-79, -116]]
[[1, 0], [17, 29], [-95, -87]]
[[1, 0], [17, 319], [-18, -319]]
[[1, 0], [17, 319], [-19, -319]]
[[1, 0], [17, 319], [-37, -638]]
[[1, 0], [17, 44], [-199, -440]]
[[1, 0], [17, 44], [-223, -352]]
[[1, 0], [17, 44], [-54, -121]]
[[1, 0], [17, 44], [-63, -88]]
[[1, 0], [17, 58], [-100, -319]]
[[1, 0], [17, 58], [-179, -348]]
[[1, 0], [17, 58], [-199, -638]]
[[1, 0], [17, 58], [-39, -58]]
[[1, 0], [17, 58], [-53, -87]]
[[1, 0], [17, 58], [-67, -116]]
[[1, 0], [17, 58], [-76, -203]]
[[1, 0], [17, 58], [-79, -232]]
[[1, 0], [17, 58], [-95, -174]]
[[1, 0], [17, 638], [-19, -638]]
[[1, 0], [17, 88], [-63, -176]]
[[1, 0], [170, 319], [-343, -638]]
[[1, 0], [170, 377], [-181, -377]]
[[1, 0], [171, 319], [-345, -638]]
[[1, 0], [171, 638], [-173, -638]]
[[1, 0], [172, 319], [-347, -638]]
[[1, 0], [172, 957], [-173, -957]]
[[1, 0], [173, 319], [-349, -638]]
[[1, 0], [173, 638], [-175, -638]]
[[1, 0], [175, 319], [-353, -638]]
[[1, 0], [175, 638], [-177, -638]]
[[1, 0], [176, 203], [-363, -406]]
[[1, 0], [177, 319], [-357, -638]]
[[1, 0], [177, 638], [-179, -638]]
[[1, 0], [178, 319], [-359, -638]]
[[1, 0], [179, 319], [-361, -638]]
[[1, 0], [18, 29], [-119, -174]]
[[1, 0], [18, 29], [-127, -116]]
[[1, 0], [18, 29], [-185, -174]]
[[1, 0], [18, 29], [-210, -319]]
[[1, 0], [18, 29], [-307, -406]]
[[1, 0], [18, 29], [-311, -377]]
[[1, 0], [18, 29], [-314, -435]]
[[1, 0], [18, 29], [-339, -493]]
[[1, 0], [18, 29], [-359, -348]]
[[1, 0], [18, 29], [-40, -29]]
[[1, 0], [18, 29], [-419, -638]]
[[1, 0], [18, 29], [-47, -58]]
[[1, 0], [18, 29], [-65, -87]]
[[1, 0], [18, 29], [-69, -58]]
[[1, 0], [18, 29], [-83, -116]]
[[1, 0], [18, 29], [-98, -87]]
[[1, 0], [18, 319], [-19, -319]]
[[1, 0], [18, 319], [-20, -319]]
[[1, 0], [18, 319], [-39, -638]]
[[1, 0], [180, 319], [-182, -319]]
[[1, 0], [181, 319], [-365, -638]]
[[1, 0], [182, 319], [-367, -638]]
[[1, 0], [183, 319], [-369, -638]]
[[1, 0], [183, 377], [-194, -377]]
[[1, 0], [183, 638], [-185, -638]]
[[1, 0], [184, 319], [-371, -638]]
[[1, 0], [185, 319], [-373, -638]]
[[1, 0], [186, 319], [-375, -638]]
[[1, 0], [188, 319], [-379, -638]]
[[1, 0], [189, 319], [-190, -319]]
[[1, 0], [189, 319], [-381, -638]]
[[1, 0], [189, 638], [-191, -638]]
[[1, 0], [19, 174], [-41, -174]]
[[1, 0], [19, 174], [-71, -348]]
[[1, 0], [19, 22], [-101, -33]]
[[1, 0], [19, 22], [-149, -55]]
[[1, 0], [19, 22], [-173, -66]]
[[1, 0], [19, 22], [-219, -220]]
[[1, 0], [19, 22], [-239, -176]]
[[1, 0], [19, 22], [-269, -110]]
[[1, 0], [19, 22], [-291, -319]]
[[1, 0], [19, 22], [-389, -165]]
[[1, 0], [19, 22], [-45, -46]]
[[1, 0], [19, 22], [-581, -638]]
[[1, 0], [19, 22], [-67, -44]]
[[1, 0], [19, 22], [-749, -330]]
[[1, 0], [19, 29], [-101, -87]]
[[1, 0], [19, 29], [-125, -174]]
[[1, 0], [19, 29], [-131, -116]]
[[1, 0], [19, 29], [-191, -174]]
[[1, 0], [19, 29], [-221, -319]]
[[1, 0], [19, 29], [-30, -29]]
[[1, 0], [19, 29], [-321, -406]]
[[1, 0], [19, 29], [-324, -377]]
[[1, 0], [19, 29], [-329, -435]]
[[1, 0], [19, 29], [-356, -493]]
[[1, 0], [19, 29], [-371, -348]]
[[1, 0], [19, 29], [-441, -638]]
[[1, 0], [19, 29], [-49, -58]]
[[1, 0], [19, 29], [-68, -87]]
[[1, 0], [19, 29], [-71, -58]]
[[1, 0], [19, 319], [-21, -319]]
[[1, 0], [19, 319], [-41, -638]]
[[1, 0], [19, 33], [-109, -55]]
[[1, 0], [19, 33], [-111, -176]]
[[1, 0], [19, 33], [-125, -66]]
[[1, 0], [19, 33], [-189, -110]]
[[1, 0], [19, 33], [-269, -165]]
[[1, 0], [19, 33], [-296, -363]]
[[1, 0], [19, 33], [-314, -495]]
[[1, 0], [19, 33], [-35, -44]]
[[1, 0], [19, 33], [-509, -330]]
[[1, 0], [19, 58], [-101, -174]]
[[1, 0], [19, 58], [-111, -319]]
[[1, 0], [19, 58], [-191, -348]]
[[1, 0], [19, 58], [-221, -638]]
[[1, 0], [19, 58], [-56, -87]]
[[1, 0], [19, 58], [-71, -116]]
[[1, 0], [19, 58], [-83, -203]]
[[1, 0], [19, 638], [-21, -638]]
[[1, 0], [19, 66], [-109, -110]]
[[1, 0], [19, 66], [-149, -165]]
[[1, 0], [19, 66], [-269, -330]]
[[1, 0], [19, 66], [-27, -77]]
[[1, 0], [19, 87], [-125, -522]]
[[1, 0], [19, 87], [-131, -348]]
[[1, 0], [19, 87], [-39, -145]]
[[1, 0], [19, 87], [-41, -87]]
[[1, 0], [19, 87], [-48, -203]]
[[1, 0], [19, 87], [-51, -116]]
[[1, 0], [19, 87], [-71, -174]]
[[1, 0], [19, 957], [-20, -957]]
[[1, 0], [19, 99], [-35, -132]]
[[1, 0], [190, 203], [-391, -406]]
[[1, 0], [190, 319], [-383, -638]]
[[1, 0], [191, 319], [-193, -319]]
[[1, 0], [191, 638], [-193, -638]]
[[1, 0], [192, 319], [-387, -638]]
[[1, 0], [193, 319], [-389, -638]]
[[1, 0], [193, 638], [-195, -638]]
[[1, 0], [194, 319], [-391, -638]]
[[1, 0], [195, 319], [-393, -638]]
[[1, 0], [195, 638], [-197, -638]]
[[1, 0], [196, 319], [-395, -638]]
[[1, 0], [197, 203], [-405, -406]]
[[1, 0], [197, 319], [-397, -638]]
[[1, 0], [197, 638], [-199, -638]]
[[1, 0], [199, 319], [-401, -638]]
[[1, 0], [199, 638], [-201, -638]]
[[1, 0], [199, 957], [-200, -957]]
[[1, 0], [2, 11], [-103, -88]]
[[1, 0], [2, 11], [-109, -121]]
[[1, 0], [2, 11], [-122, -33]]
[[1, 0], [2, 11], [-175, -484]]
[[1, 0], [2, 11], [-175, -638]]
[[1, 0], [2, 11], [-184, -55]]
[[1, 0], [2, 11], [-194, -429]]
[[1, 0], [2, 11], [-215, -66]]
[[1, 0], [2, 11], [-244, -385]]
[[1, 0], [2, 11], [-271, -374]]
[[1, 0], [2, 11], [-31, -11]]
[[1, 0], [2, 11], [-339, -110]]
[[1, 0], [2, 11], [-35, -33]]
[[1, 0], [2, 11], [-383, -352]]
[[1, 0], [2, 11], [-39, -55]]
[[1, 0], [2, 11], [-41, -66]]
[[1, 0], [2, 11], [-49, -110]]
[[1, 0], [2, 11], [-494, -165]]
[[1, 0], [2, 11], [-526, -341]]
[[1, 0], [2, 11], [-59, -165]]
[[1, 0], [2, 11], [-60, -11]]
[[1, 0], [2, 11], [-61, -31]]
[[1, 0], [2, 11], [-91, -22]]
[[1, 0], [2, 11], [-959, -330]]
[[1, 0], [2, 29], [-103, -377]]
[[1, 0], [2, 29], [-13, -29]]
[[1, 0], [2, 29], [-15, -58]]
[[1, 0], [2, 29], [-167, -348]]
[[1, 0], [2, 29], [-17, -87]]
[[1, 0], [2, 29], [-19, -116]]
[[1, 0], [2, 29], [-23, -174]]
[[1, 0], [2, 29], [-24, -29]]
[[1, 0], [2, 29], [-34, -319]]
[[1, 0], [2, 29], [-37, -58]]
[[1, 0], [2, 29], [-50, -87]]
[[1, 0], [2, 29], [-63, -116]]
[[1, 0], [2, 29], [-67, -493]]
[[1, 0], [2, 29], [-67, -638]]
[[1, 0], [2, 29], [-74, -435]]
[[1, 0], [2, 29], [-83, -406]]
[[1, 0], [2, 29], [-89, -174]]
[[1, 0], [2, 319], [-3, -319]]
[[1, 0], [2, 319], [-4, -319]]
[[1, 0], [2, 319], [-7, -638]]
[[1, 0], [20, 29], [-104, -87]]
[[1, 0], [20, 29], [-131, -174]]
[[1, 0], [20, 29], [-135, -116]]
[[1, 0], [20, 29], [-197, -174]]
[[1, 0], [20, 29], [-31, -29]]
[[1, 0], [20, 29], [-335, -406]]
[[1, 0], [20, 29], [-337, -377]]
[[1, 0], [20, 29], [-344, -435]]
[[1, 0], [20, 29], [-373, -493]]
[[1, 0], [20, 29], [-383, -348]]
[[1, 0], [20, 29], [-463, -638]]
[[1, 0], [20, 29], [-51, -58]]
[[1, 0], [20, 29], [-71, -87]]
[[1, 0], [20, 29], [-73, -58]]
[[1, 0], [20, 29], [-91, -116]]
[[1, 0], [20, 319], [-43, -638]]
[[1, 0], [200, 319], [-403, -638]]
[[1, 0], [201, 319], [-405, -638]]
[[1, 0], [202, 319], [-204, -319]]
[[1, 0], [204, 319], [-205, -319]]
[[1, 0], [204, 319], [-411, -638]]
[[1, 0], [205, 319], [-413, -638]]
[[1, 0], [205, 638], [-207, -638]]
[[1, 0], [206, 319], [-415, -638]]
[[1, 0], [207, 319], [-417, -638]]
[[1, 0], [208, 319], [-419, -638]]
[[1, 0], [21, 110], [-104, -165]]
[[1, 0], [21, 110], [-179, -330]]
[[1, 0], [21, 110], [-79, -110]]
[[1, 0], [21, 116], [-107, -348]]
[[1, 0], [21, 116], [-43, -116]]
[[1, 0], [21, 116], [-59, -174]]
[[1, 0], [21, 116], [-95, -464]]
[[1, 0], [21, 145], [-74, -435]]
[[1, 0], [21, 22], [-104, -33]]
[[1, 0], [21, 22], [-155, -132]]
[[1, 0], [21, 22], [-179, -66]]
[[1, 0], [21, 22], [-239, -220]]
[[1, 0], [21, 22], [-255, -176]]
[[1, 0], [21, 22], [-279, -110]]
[[1, 0], [21, 22], [-30, -29]]
[[1, 0], [21, 22], [-320, -319]]
[[1, 0], [21, 22], [-404, -165]]
[[1, 0], [21, 22], [-59, -58]]
[[1, 0], [21, 22], [-639, -638]]
[[1, 0], [21, 22], [-71, -44]]
[[1, 0], [21, 22], [-779, -330]]
[[1, 0], [21, 29], [-107, -87]]
[[1, 0], [21, 29], [-137, -174]]
[[1, 0], [21, 29], [-139, -116]]
[[1, 0], [21, 29], [-243, -319]]
[[1, 0], [21, 29], [-32, -29]]
[[1, 0], [21, 29], [-349, -406]]
[[1, 0], [21, 29], [-350, -377]]
[[1, 0], [21, 29], [-359, -435]]
[[1, 0], [21, 29], [-390, -493]]
[[1, 0], [21, 29], [-395, -348]]
[[1, 0], [21, 29], [-485, -638]]
[[1, 0], [21, 29], [-53, -58]]
[[1, 0], [21, 29], [-74, -87]]
[[1, 0], [21, 29], [-75, -58]]
[[1, 0], [21, 29], [-95, -116]]
[[1, 0], [21, 319], [-23, -319]]
[[1, 0], [21, 319], [-45, -638]]
[[1, 0], [21, 44], [-239, -440]]
[[1, 0], [21, 44], [-255, -352]]
[[1, 0], [21, 44], [-65, -121]]
[[1, 0], [21, 44], [-71, -88]]
[[1, 0], [21, 55], [-129, -110]]
[[1, 0], [21, 55], [-179, -165]]
[[1, 0], [21, 55], [-329, -330]]
[[1, 0], [21, 55], [-41, -77]]
[[1, 0], [21, 55], [-79, -55]]
[[1, 0], [21, 55], [-89, -66]]
[[1, 0], [21, 58], [-107, -174]]
[[1, 0], [21, 58], [-122, -319]]
[[1, 0], [21, 58], [-243, -638]]
[[1, 0], [21, 58], [-59, -87]]
[[1, 0], [21, 58], [-75, -116]]
[[1, 0], [21, 58], [-90, -203]]
[[1, 0], [21, 58], [-95, -232]]
[[1, 0], [21, 638], [-23, -638]]
[[1, 0], [210, 319], [-423, -638]]
[[1, 0], [211, 319], [-425, -638]]
[[1, 0], [211, 330], [-269, -330]]
[[1, 0], [211, 638], [-213, -638]]
[[1, 0], [212, 319], [-427, -638]]
[[1, 0], [213, 319], [-215, -319]]
[[1, 0], [213, 638], [-215, -638]]
[[1, 0], [214, 319], [-431, -638]]
[[1, 0], [214, 957], [-215, -957]]
[[1, 0], [215, 319], [-433, -638]]
[[1, 0], [215, 638], [-217, -638]]
[[1, 0], [217, 319], [-437, -638]]
[[1, 0], [217, 638], [-219, -638]]
[[1, 0], [218, 319], [-439, -638]]
[[1, 0], [219, 319], [-441, -638]]
[[1, 0], [219, 638], [-221, -638]]
[[1, 0], [22, 203], [-55, -406]]
[[1, 0], [22, 29], [-110, -87]]
[[1, 0], [22, 29], [-143, -116]]
[[1, 0], [22, 29], [-143, -174]]
[[1, 0], [22, 29], [-209, -174]]
[[1, 0], [22, 29], [-254, -319]]
[[1, 0], [22, 29], [-33, -29]]
[[1, 0], [22, 29], [-363, -377]]
[[1, 0], [22, 29], [-363, -406]]
[[1, 0], [22, 29], [-374, -435]]
[[1, 0], [22, 29], [-407, -348]]
[[1, 0], [22, 29], [-407, -493]]
[[1, 0], [22, 29], [-507, -638]]
[[1, 0], [22, 29], [-55, -58]]
[[1, 0], [22, 29], [-77, -58]]
[[1, 0], [22, 29], [-77, -87]]
[[1, 0], [22, 29], [-99, -116]]
[[1, 0], [22, 87], [-143, -348]]
[[1, 0], [22, 87], [-143, -522]]
[[1, 0], [22, 87], [-44, -145]]
[[1, 0], [22, 87], [-44, -87]]
[[1, 0], [22, 87], [-55, -116]]
[[1, 0], [22, 87], [-55, -203]]
[[1, 0], [22, 87], [-77, -174]]
[[1, 0], [221, 319], [-445, -638]]
[[1, 0], [221, 638], [-223, -638]]
[[1, 0], [222, 319], [-447, -638]]
[[1, 0], [223, 319], [-449, -638]]
[[1, 0], [223, 638], [-225, -638]]
[[1, 0], [224, 319], [-226, -319]]
[[1, 0], [225, 319], [-227, -319]]
[[1, 0], [225, 319], [-453, -638]]
[[1, 0], [226, 319], [-455, -638]]
[[1, 0], [226, 957], [-227, -957]]
[[1, 0], [227, 319], [-457, -638]]
[[1, 0], [227, 638], [-229, -638]]
[[1, 0], [228, 319], [-459, -638]]
[[1, 0], [229, 319], [-461, -638]]
[[1, 0], [229, 957], [-230, -957]]
[[1, 0], [23, 121], [-98, -363]]
[[1, 0], [23, 29], [-103, -116]]
[[1, 0], [23, 29], [-113, -87]]
[[1, 0], [23, 29], [-147, -116]]
[[1, 0], [23, 29], [-149, -174]]
[[1, 0], [23, 29], [-215, -174]]
[[1, 0], [23, 29], [-265, -319]]
[[1, 0], [23, 29], [-34, -29]]
[[1, 0], [23, 29], [-376, -377]]
[[1, 0], [23, 29], [-389, -435]]
[[1, 0], [23, 29], [-419, -348]]
[[1, 0], [23, 29], [-424, -493]]
[[1, 0], [23, 29], [-529, -638]]
[[1, 0], [23, 29], [-57, -58]]
[[1, 0], [23, 29], [-79, -58]]
[[1, 0], [23, 29], [-80, -87]]
[[1, 0], [23, 319], [-24, -319]]
[[1, 0], [23, 319], [-25, -319]]
[[1, 0], [23, 319], [-49, -638]]
[[1, 0], [23, 58], [-103, -232]]
[[1, 0], [23, 58], [-113, -174]]
[[1, 0], [23, 58], [-133, -319]]
[[1, 0], [23, 58], [-215, -348]]
[[1, 0], [23, 58], [-265, -638]]
[[1, 0], [23, 58], [-62, -87]]
[[1, 0], [23, 58], [-79, -116]]
[[1, 0], [23, 58], [-97, -203]]
[[1, 0], [23, 638], [-25, -638]]
[[1, 0], [230, 319], [-463, -638]]
[[1, 0], [233, 319], [-469, -638]]
[[1, 0], [233, 638], [-235, -638]]
[[1, 0], [234, 319], [-471, -638]]
[[1, 0], [235, 319], [-237, -319]]
[[1, 0], [235, 638], [-237, -638]]
[[1, 0], [236, 319], [-475, -638]]
[[1, 0], [237, 319], [-477, -638]]
[[1, 0], [238, 319], [-479, -638]]
[[1, 0], [239, 319], [-481, -638]]
[[1, 0], [239, 638], [-241, -638]]
[[1, 0], [24, 29], [-107, -116]]
[[1, 0], [24, 29], [-151, -116]]
[[1, 0], [24, 29], [-155, -174]]
[[1, 0], [24, 29], [-221, -174]]
[[1, 0], [24, 29], [-276, -319]]
[[1, 0], [24, 29], [-389, -377]]
[[1, 0], [24, 29], [-391, -406]]
[[1, 0], [24, 29], [-404, -435]]
[[1, 0], [24, 29], [-431, -348]]
[[1, 0], [24, 29], [-441, -493]]
[[1, 0], [24, 29], [-59, -58]]
[[1, 0], [24, 29], [-81, -58]]
[[1, 0], [24, 29], [-83, -87]]
[[1, 0], [24, 319], [-25, -319]]
[[1, 0], [24, 319], [-26, -319]]
[[1, 0], [24, 319], [-51, -638]]
[[1, 0], [240, 319], [-483, -638]]
[[1, 0], [241, 319], [-485, -638]]
[[1, 0], [241, 638], [-243, -638]]
[[1, 0], [243, 319], [-489, -638]]
[[1, 0], [243, 638], [-245, -638]]
[[1, 0], [244, 319], [-491, -638]]
[[1, 0], [244, 957], [-245, -957]]
[[1, 0], [245, 638], [-247, -638]]
[[1, 0], [246, 319], [-248, -319]]
[[1, 0], [247, 319], [-497, -638]]
[[1, 0], [248, 319], [-499, -638]]
[[1, 0], [249, 319], [-501, -638]]
[[1, 0], [249, 638], [-251, -638]]
[[1, 0], [25, 116], [-111, -464]]
[[1, 0], [25, 116], [-119, -348]]
[[1, 0], [25, 116], [-34, -145]]
[[1, 0], [25, 116], [-65, -174]]
[[1, 0], [25, 174], [-83, -348]]
[[1, 0], [25, 29], [-111, -116]]
[[1, 0], [25, 29], [-119, -87]]
[[1, 0], [25, 29], [-155, -116]]
[[1, 0], [25, 29], [-161, -174]]
[[1, 0], [25, 29], [-227, -174]]
[[1, 0], [25, 29], [-287, -319]]
[[1, 0], [25, 29], [-402, -377]]
[[1, 0], [25, 29], [-405, -406]]
[[1, 0], [25, 29], [-419, -435]]
[[1, 0], [25, 29], [-443, -348]]
[[1, 0], [25, 29], [-458, -493]]
[[1, 0], [25, 29], [-573, -638]]
[[1, 0], [25, 29], [-61, -58]]
[[1, 0], [25, 29], [-83, -58]]
[[1, 0], [25, 29], [-86, -87]]
[[1, 0], [25, 319], [-27, -319]]
[[1, 0], [25, 319], [-53, -638]]
[[1, 0], [25, 33], [-119, -55]]
[[1, 0], [25, 33], [-137, -66]]
[[1, 0], [25, 33], [-179, -198]]
[[1, 0], [25, 33], [-299, -165]]
[[1, 0], [25, 33], [-362, -363]]
[[1, 0], [25, 33], [-404, -495]]
[[1, 0], [25, 33], [-43, -44]]
[[1, 0], [25, 33], [-569, -330]]
[[1, 0], [25, 44], [-279, -440]]
[[1, 0], [25, 44], [-287, -352]]
[[1, 0], [25, 44], [-76, -121]]
[[1, 0], [25, 44], [-79, -88]]
[[1, 0], [25, 58], [-104, -203]]
[[1, 0], [25, 58], [-111, -232]]
[[1, 0], [25, 58], [-119, -174]]
[[1, 0], [25, 58], [-144, -319]]
[[1, 0], [25, 58], [-227, -348]]
[[1, 0], [25, 58], [-287, -638]]
[[1, 0], [25, 58], [-65, -87]]
[[1, 0], [25, 58], [-83, -116]]
[[1, 0], [25, 638], [-27, -638]]
[[1, 0], [25, 66], [-119, -110]]
[[1, 0], [25, 66], [-164, -165]]
[[1, 0], [25, 66], [-179, -396]]
[[1, 0], [25, 66], [-299, -330]]
[[1, 0], [25, 66], [-34, -77]]
[[1, 0], [25, 66], [-83, -66]]
[[1, 0], [25, 87], [-155, -348]]
[[1, 0], [25, 87], [-161, -522]]
[[1, 0], [25, 87], [-49, -145]]
[[1, 0], [25, 87], [-59, -116]]
[[1, 0], [25, 87], [-62, -203]]
[[1, 0], [25, 87], [-83, -174]]
[[1, 0], [25, 88], [-79, -176]]
[[1, 0], [250, 319], [-503, -638]]
[[1, 0], [251, 319], [-505, -638]]
[[1, 0], [252, 319], [-507, -638]]
[[1, 0], [254, 319], [-256, -319]]
[[1, 0], [254, 319], [-511, -638]]
[[1, 0], [255, 319], [-256, -319]]
[[1, 0], [255, 319], [-513, -638]]
[[1, 0], [255, 638], [-257, -638]]
[[1, 0], [256, 319], [-515, -638]]
[[1, 0], [257, 319], [-259, -319]]
[[1, 0], [257, 638], [-259, -638]]
[[1, 0], [258, 319], [-519, -638]]
[[1, 0], [259, 319], [-521, -638]]
[[1, 0], [26, 145], [-89, -435]]
[[1, 0], [26, 29], [-115, -116]]
[[1, 0], [26, 29], [-122, -87]]
[[1, 0], [26, 29], [-159, -116]]
[[1, 0], [26, 29], [-167, -174]]
[[1, 0], [26, 29], [-233, -174]]
[[1, 0], [26, 29], [-298, -319]]
[[1, 0], [26, 29], [-415, -377]]
[[1, 0], [26, 29], [-419, -406]]
[[1, 0], [26, 29], [-434, -435]]
[[1, 0], [26, 29], [-455, -348]]
[[1, 0], [26, 29], [-475, -493]]
[[1, 0], [26, 29], [-595, -638]]
[[1, 0], [26, 29], [-63, -58]]
[[1, 0], [26, 29], [-85, -58]]
[[1, 0], [26, 29], [-89, -87]]
[[1, 0], [26, 319], [-28, -319]]
[[1, 0], [26, 55], [-139, -110]]
[[1, 0], [26, 55], [-194, -165]]
[[1, 0], [26, 55], [-359, -330]]
[[1, 0], [26, 55], [-48, -77]]
[[1, 0], [26, 55], [-84, -55]]
[[1, 0], [26, 55], [-95, -66]]
[[1, 0], [260, 319], [-523, -638]]
[[1, 0], [262, 319], [-527, -638]]
[[1, 0], [263, 319], [-529, -638]]
[[1, 0], [263, 638], [-265, -638]]
[[1, 0], [265, 319], [-533, -638]]
[[1, 0], [265, 638], [-267, -638]]
[[1, 0], [266, 319], [-535, -638]]
[[1, 0], [267, 319], [-537, -638]]
[[1, 0], [267, 638], [-269, -638]]
[[1, 0], [268, 319], [-270, -319]]
[[1, 0], [269, 319], [-541, -638]]
[[1, 0], [27, 29], [-119, -116]]
[[1, 0], [27, 29], [-125, -87]]
[[1, 0], [27, 29], [-163, -116]]
[[1, 0], [27, 29], [-173, -174]]
[[1, 0], [27, 29], [-239, -174]]
[[1, 0], [27, 29], [-30, -31]]
[[1, 0], [27, 29], [-309, -319]]
[[1, 0], [27, 29], [-428, -377]]
[[1, 0], [27, 29], [-433, -406]]
[[1, 0], [27, 29], [-449, -435]]
[[1, 0], [27, 29], [-467, -348]]
[[1, 0], [27, 29], [-492, -493]]
[[1, 0], [27, 29], [-617, -638]]
[[1, 0], [27, 29], [-65, -58]]
[[1, 0], [27, 29], [-92, -87]]
[[1, 0], [27, 319], [-28, -319]]
[[1, 0], [27, 319], [-57, -638]]
[[1, 0], [27, 377], [-38, -377]]
[[1, 0], [27, 58], [-111, -203]]
[[1, 0], [27, 58], [-119, -232]]
[[1, 0], [27, 58], [-125, -174]]
[[1, 0], [27, 58], [-155, -319]]
[[1, 0], [27, 58], [-239, -348]]
[[1, 0], [27, 58], [-309, -638]]
[[1, 0], [27, 58], [-68, -87]]
[[1, 0], [270, 319], [-543, -638]]
[[1, 0], [271, 319], [-545, -638]]
[[1, 0], [271, 638], [-273, -638]]
[[1, 0], [272, 319], [-547, -638]]
[[1, 0], [273, 319], [-549, -638]]
[[1, 0], [276, 319], [-555, -638]]
[[1, 0], [277, 319], [-278, -319]]
[[1, 0], [277, 319], [-557, -638]]
[[1, 0], [277, 638], [-279, -638]]
[[1, 0], [277, 957], [-278, -957]]
[[1, 0], [278, 319], [-559, -638]]
[[1, 0], [279, 319], [-281, -319]]
[[1, 0], [279, 638], [-281, -638]]
[[1, 0], [28, 29], [-123, -116]]
[[1, 0], [28, 29], [-128, -87]]
[[1, 0], [28, 29], [-167, -116]]
[[1, 0], [28, 29], [-179, -174]]
[[1, 0], [28, 29], [-245, -174]]
[[1, 0], [28, 29], [-320, -319]]
[[1, 0], [28, 29], [-441, -377]]
[[1, 0], [28, 29], [-447, -406]]
[[1, 0], [28, 29], [-479, -348]]
[[1, 0], [28, 29], [-509, -493]]
[[1, 0], [28, 29], [-639, -638]]
[[1, 0], [28, 29], [-67, -58]]
[[1, 0], [28, 29], [-89, -58]]
[[1, 0], [28, 29], [-95, -87]]
[[1, 0], [28, 319], [-30, -319]]
[[1, 0], [28, 319], [-59, -638]]
[[1, 0], [28, 33], [-124, -55]]
[[1, 0], [28, 33], [-159, -176]]
[[1, 0], [28, 33], [-197, -198]]
[[1, 0], [28, 33], [-219, -110]]
[[1, 0], [28, 33], [-314, -165]]
[[1, 0], [28, 33], [-395, -363]]
[[1, 0], [28, 33], [-449, -495]]
[[1, 0], [28, 33], [-47, -44]]
[[1, 0], [28, 33], [-599, -330]]
[[1, 0], [28, 87], [-167, -348]]
[[1, 0], [28, 87], [-179, -522]]
[[1, 0], [28, 87], [-50, -87]]
[[1, 0], [28, 87], [-54, -145]]
[[1, 0], [28, 87], [-63, -116]]
[[1, 0], [28, 87], [-69, -203]]
[[1, 0], [28, 87], [-89, -174]]
[[1, 0], [28, 99], [-47, -132]]
[[1, 0], [280, 319], [-563, -638]]
[[1, 0], [280, 341], [-309, -341]]
[[1, 0], [281, 319], [-565, -638]]
[[1, 0], [281, 638], [-283, -638]]
[[1, 0], [282, 319], [-567, -638]]
[[1, 0], [283, 319], [-569, -638]]
[[1, 0], [283, 638], [-285, -638]]
[[1, 0], [284, 319], [-571, -638]]
[[1, 0], [285, 319], [-573, -638]]
[[1, 0], [285, 638], [-287, -638]]
[[1, 0], [287, 319], [-289, -319]]
[[1, 0], [287, 319], [-577, -638]]
[[1, 0], [287, 638], [-289, -638]]
[[1, 0], [288, 319], [-579, -638]]
[[1, 0], [289, 319], [-581, -638]]
[[1, 0], [289, 638], [-291, -638]]
[[1, 0], [29, 44], [-87, -121]]
[[1, 0], [29, 44], [-87, -88]]
[[1, 0], [29, 77], [-174, -385]]
[[1, 0], [291, 319], [-585, -638]]
[[1, 0], [291, 638], [-293, -638]]
[[1, 0], [292, 319], [-587, -638]]
[[1, 0], [292, 957], [-293, -957]]
[[1, 0], [293, 319], [-589, -638]]
[[1, 0], [293, 638], [-295, -638]]
[[1, 0], [294, 319], [-591, -638]]
[[1, 0], [295, 319], [-593, -638]]
[[1, 0], [295, 957], [-296, -957]]
[[1, 0], [296, 319], [-595, -638]]
[[1, 0], [298, 319], [-599, -638]]
[[1, 0], [299, 319], [-300, -319]]
[[1, 0], [299, 319], [-601, -638]]
[[1, 0], [299, 638], [-301, -638]]
[[1, 0], [3, 11], [-111, -88]]
[[1, 0], [3, 11], [-117, -319]]
[[1, 0], [3, 11], [-120, -121]]
[[1, 0], [3, 11], [-125, -33]]
[[1, 0], [3, 11], [-189, -55]]
[[1, 0], [3, 11], [-219, -484]]
[[1, 0], [3, 11], [-221, -66]]
[[1, 0], [3, 11], [-233, -429]]
[[1, 0], [3, 11], [-233, -638]]
[[1, 0], [3, 11], [-279, -385]]
[[1, 0], [3, 11], [-305, -374]]
[[1, 0], [3, 11], [-33, -34]]
[[1, 0], [3, 11], [-349, -110]]
[[1, 0], [3, 11], [-35, -22]]
[[1, 0], [3, 11], [-38, -33]]
[[1, 0], [3, 11], [-415, -352]]
[[1, 0], [3, 11], [-47, -66]]
[[1, 0], [3, 11], [-509, -165]]
[[1, 0], [3, 11], [-557, -341]]
[[1, 0], [3, 11], [-59, -110]]
[[1, 0], [3, 11], [-61, -11]]
[[1, 0], [3, 11], [-74, -165]]
[[1, 0], [3, 11], [-93, -22]]
[[1, 0], [3, 11], [-989, -330]]
[[1, 0], [3, 22], [-109, -55]]
[[1, 0], [3, 22], [-111, -176]]
[[1, 0], [3, 22], [-117, -638]]
[[1, 0], [3, 22], [-125, -66]]
[[1, 0], [3, 22], [-189, -110]]
[[1, 0], [3, 22], [-269, -165]]
[[1, 0], [3, 22], [-35, -44]]
[[1, 0], [3, 22], [-47, -132]]
[[1, 0], [3, 22], [-509, -330]]
[[1, 0], [3, 22], [-59, -220]]
[[1, 0], [3, 22], [-59, -319]]
[[1, 0], [3, 22], [-61, -22]]
[[1, 0], [3, 29], [-14, -29]]
[[1, 0], [3, 29], [-17, -58]]
[[1, 0], [3, 29], [-179, -348]]
[[1, 0], [3, 29], [-20, -87]]
[[1, 0], [3, 29], [-23, -116]]
[[1, 0], [3, 29], [-25, -29]]
[[1, 0], [3, 29], [-39, -58]]
[[1, 0], [3, 29], [-45, -319]]
[[1, 0], [3, 29], [-53, -87]]
[[1, 0], [3, 29], [-67, -116]]
[[1, 0], [3, 29], [-84, -493]]
[[1, 0], [3, 29], [-89, -435]]
[[1, 0], [3, 29], [-89, -638]]
[[1, 0], [3, 29], [-95, -174]]
[[1, 0], [3, 29], [-97, -406]]
[[1, 0], [3, 319], [-5, -319]]
[[1, 0], [3, 319], [-9, -638]]
[[1, 0], [3, 58], [-23, -232]]
[[1, 0], [3, 58], [-23, -319]]
[[1, 0], [3, 58], [-25, -58]]
[[1, 0], [3, 58], [-27, -203]]
[[1, 0], [3, 58], [-32, -87]]
[[1, 0], [3, 58], [-39, -116]]
[[1, 0], [3, 58], [-45, -638]]
[[1, 0], [3, 58], [-53, -174]]
[[1, 0], [3, 58], [-95, -348]]
[[1, 0], [3, 638], [-5, -638]]
[[1, 0], [30, 319], [-31, -319]]
[[1, 0], [30, 319], [-63, -638]]
[[1, 0], [300, 319], [-603, -638]]
[[1, 0], [301, 319], [-303, -319]]
[[1, 0], [301, 330], [-359, -330]]
[[1, 0], [301, 348], [-323, -348]]
[[1, 0], [301, 638], [-303, -638]]
[[1, 0], [302, 319], [-607, -638]]
[[1, 0], [303, 638], [-305, -638]]
[[1, 0], [304, 319], [-611, -638]]
[[1, 0], [305, 319], [-613, -638]]
[[1, 0], [305, 638], [-307, -638]]
[[1, 0], [306, 319], [-615, -638]]
[[1, 0], [307, 319], [-617, -638]]
[[1, 0], [307, 638], [-309, -638]]
[[1, 0], [309, 319], [-621, -638]]
[[1, 0], [309, 638], [-311, -638]]
[[1, 0], [31, 110], [-119, -165]]
[[1, 0], [31, 145], [-104, -435]]
[[1, 0], [31, 165], [-149, -330]]
[[1, 0], [31, 165], [-89, -165]]
[[1, 0], [31, 174], [-53, -174]]
[[1, 0], [31, 174], [-95, -348]]
[[1, 0], [31, 319], [-65, -638]]
[[1, 0], [31, 330], [-89, -330]]
[[1, 0], [31, 33], [-129, -55]]
[[1, 0], [31, 33], [-149, -66]]
[[1, 0], [31, 33], [-175, -176]]
[[1, 0], [31, 33], [-215, -198]]
[[1, 0], [31, 33], [-229, -110]]
[[1, 0], [31, 33], [-329, -165]]
[[1, 0], [31, 33], [-428, -363]]
[[1, 0], [31, 33], [-494, -495]]
[[1, 0], [31, 33], [-51, -44]]
[[1, 0], [31, 33], [-59, -60]]
[[1, 0], [31, 33], [-629, -330]]
[[1, 0], [31, 55], [-101, -66]]
[[1, 0], [31, 55], [-149, -110]]
[[1, 0], [31, 55], [-389, -330]]
[[1, 0], [31, 58], [-125, -203]]
[[1, 0], [31, 58], [-135, -232]]
[[1, 0], [31, 58], [-137, -174]]
[[1, 0], [31, 58], [-177, -319]]
[[1, 0], [31, 58], [-263, -348]]
[[1, 0], [31, 58], [-353, -638]]
[[1, 0], [31, 58], [-74, -87]]
[[1, 0], [31, 58], [-95, -116]]
[[1, 0], [31, 66], [-129, -110]]
[[1, 0], [31, 66], [-179, -165]]
[[1, 0], [31, 66], [-215, -396]]
[[1, 0], [31, 66], [-329, -330]]
[[1, 0], [31, 66], [-41, -77]]
[[1, 0], [31, 66], [-89, -66]]
[[1, 0], [31, 87], [-179, -348]]
[[1, 0], [31, 87], [-197, -522]]
[[1, 0], [31, 87], [-53, -87]]
[[1, 0], [31, 87], [-59, -145]]
[[1, 0], [31, 87], [-67, -116]]
[[1, 0], [31, 87], [-76, -203]]
[[1, 0], [31, 87], [-95, -174]]
[[1, 0], [31, 957], [-32, -957]]
[[1, 0], [310, 319], [-623, -638]]
[[1, 0], [311, 319], [-625, -638]]
[[1, 0], [311, 638], [-313, -638]]
[[1, 0], [312, 319], [-314, -319]]
[[1, 0], [313, 319], [-629, -638]]
[[1, 0], [314, 319], [-631, -638]]
[[1, 0], [315, 319], [-633, -638]]
[[1, 0], [315, 638], [-317, -638]]
[[1, 0], [316, 319], [-635, -638]]
[[1, 0], [317, 319], [-637, -638]]
[[1, 0], [318, 319], [-320, -319]]
[[1, 0], [318, 319], [-639, -638]]
[[1, 0], [32, 319], [-34, -319]]
[[1, 0], [32, 319], [-67, -638]]
[[1, 0], [323, 638], [-325, -638]]
[[1, 0], [33, 116], [-143, -348]]
[[1, 0], [33, 116], [-143, -464]]
[[1, 0], [33, 116], [-44, -145]]
[[1, 0], [33, 116], [-55, -116]]
[[1, 0], [33, 116], [-77, -174]]
[[1, 0], [33, 58], [-132, -203]]
[[1, 0], [33, 58], [-143, -174]]
[[1, 0], [33, 58], [-143, -232]]
[[1, 0], [33, 58], [-188, -319]]
[[1, 0], [33, 58], [-275, -348]]
[[1, 0], [33, 58], [-375, -638]]
[[1, 0], [33, 58], [-77, -87]]
[[1, 0], [33, 58], [-99, -116]]
[[1, 0], [337, 348], [-359, -348]]
[[1, 0], [34, 121], [-131, -363]]
[[1, 0], [34, 319], [-35, -319]]
[[1, 0], [34, 319], [-36, -319]]
[[1, 0], [34, 319], [-71, -638]]
[[1, 0], [34, 87], [-101, -174]]
[[1, 0], [34, 87], [-191, -348]]
[[1, 0], [34, 87], [-215, -522]]
[[1, 0], [34, 87], [-64, -145]]
[[1, 0], [34, 87], [-71, -116]]
[[1, 0], [34, 87], [-83, -203]]
[[1, 0], [34, 957], [-35, -957]]
[[1, 0], [349, 957], [-350, -957]]
[[1, 0], [35, 319], [-36, -319]]
[[1, 0], [35, 319], [-37, -319]]
[[1, 0], [35, 319], [-73, -638]]
[[1, 0], [35, 58], [-103, -116]]
[[1, 0], [35, 58], [-139, -203]]
[[1, 0], [35, 58], [-149, -174]]
[[1, 0], [35, 58], [-151, -232]]
[[1, 0], [35, 58], [-199, -319]]
[[1, 0], [35, 58], [-287, -348]]
[[1, 0], [35, 58], [-397, -638]]
[[1, 0], [35, 58], [-80, -87]]
[[1, 0], [35, 638], [-37, -638]]
[[1, 0], [352, 377], [-363, -377]]
[[1, 0], [36, 145], [-119, -435]]
[[1, 0], [36, 203], [-83, -406]]
[[1, 0], [36, 319], [-38, -319]]
[[1, 0], [36, 319], [-75, -638]]
[[1, 0], [36, 55], [-107, -66]]
[[1, 0], [36, 55], [-159, -110]]
[[1, 0], [36, 55], [-224, -165]]
[[1, 0], [36, 55], [-419, -330]]
[[1, 0], [36, 55], [-62, -77]]
[[1, 0], [367, 638], [-369, -638]]
[[1, 0], [37, 116], [-155, -348]]
[[1, 0], [37, 116], [-159, -464]]
[[1, 0], [37, 116], [-49, -145]]
[[1, 0], [37, 116], [-59, -116]]
[[1, 0], [37, 116], [-83, -174]]
[[1, 0], [37, 174], [-107, -348]]
[[1, 0], [37, 174], [-59, -174]]
[[1, 0], [37, 319], [-39, -319]]
[[1, 0], [37, 348], [-59, -348]]
[[1, 0], [37, 44], [-103, -88]]
[[1, 0], [37, 44], [-109, -121]]
[[1, 0], [37, 44], [-383, -352]]
[[1, 0], [37, 44], [-399, -440]]
[[1, 0], [37, 58], [-107, -116]]
[[1, 0], [37, 58], [-146, -203]]
[[1, 0], [37, 58], [-155, -174]]
[[1, 0], [37, 58], [-159, -232]]
[[1, 0], [37, 58], [-210, -319]]
[[1, 0], [37, 58], [-299, -348]]
[[1, 0], [37, 58], [-419, -638]]
[[1, 0], [37, 58], [-59, -58]]
[[1, 0], [37, 58], [-83, -87]]
[[1, 0], [37, 638], [-39, -638]]
[[1, 0], [37, 66], [-139, -110]]
[[1, 0], [37, 66], [-194, -165]]
[[1, 0], [37, 66], [-251, -396]]
[[1, 0], [37, 66], [-359, -330]]
[[1, 0], [37, 66], [-48, -77]]
[[1, 0], [37, 66], [-95, -66]]
[[1, 0], [37, 87], [-107, -174]]
[[1, 0], [37, 87], [-233, -522]]
[[1, 0], [37, 87], [-69, -145]]
[[1, 0], [37, 87], [-75, -116]]
[[1, 0], [37, 87], [-90, -203]]
[[1, 0], [37, 99], [-59, -132]]
[[1, 0], [38, 319], [-39, -319]]
[[1, 0], [38, 319], [-79, -638]]
[[1, 0], [389, 638], [-391, -638]]
[[1, 0], [39, 319], [-41, -319]]
[[1, 0], [39, 319], [-81, -638]]
[[1, 0], [39, 58], [-111, -116]]
[[1, 0], [39, 58], [-153, -203]]
[[1, 0], [39, 58], [-161, -174]]
[[1, 0], [39, 58], [-167, -232]]
[[1, 0], [39, 58], [-221, -319]]
[[1, 0], [39, 58], [-311, -348]]
[[1, 0], [39, 58], [-441, -638]]
[[1, 0], [39, 58], [-61, -58]]
[[1, 0], [39, 58], [-86, -87]]
[[1, 0], [39, 638], [-41, -638]]
[[1, 0], [399, 638], [-401, -638]]
[[1, 0], [4, 11], [-1019, -330]]
[[1, 0], [4, 11], [-119, -30]]
[[1, 0], [4, 11], [-119, -88]]
[[1, 0], [4, 11], [-128, -33]]
[[1, 0], [4, 11], [-131, -121]]
[[1, 0], [4, 11], [-146, -319]]
[[1, 0], [4, 11], [-194, -55]]
[[1, 0], [4, 11], [-227, -66]]
[[1, 0], [4, 11], [-263, -484]]
[[1, 0], [4, 11], [-272, -429]]
[[1, 0], [4, 11], [-291, -638]]
[[1, 0], [4, 11], [-314, -385]]
[[1, 0], [4, 11], [-339, -374]]
[[1, 0], [4, 11], [-359, -110]]
[[1, 0], [4, 11], [-37, -22]]
[[1, 0], [4, 11], [-41, -33]]
[[1, 0], [4, 11], [-447, -352]]
[[1, 0], [4, 11], [-49, -55]]
[[1, 0], [4, 11], [-524, -165]]
[[1, 0], [4, 11], [-53, -66]]
[[1, 0], [4, 11], [-588, -341]]
[[1, 0], [4, 11], [-62, -11]]
[[1, 0], [4, 11], [-69, -110]]
[[1, 0], [4, 11], [-74, -15]]
[[1, 0], [4, 11], [-89, -165]]
[[1, 0], [4, 11], [-95, -22]]
[[1, 0], [4, 29], [-101, -174]]
[[1, 0], [4, 29], [-101, -493]]
[[1, 0], [4, 29], [-104, -435]]
[[1, 0], [4, 29], [-111, -406]]
[[1, 0], [4, 29], [-111, -638]]
[[1, 0], [4, 29], [-129, -377]]
[[1, 0], [4, 29], [-15, -29]]
[[1, 0], [4, 29], [-19, -58]]
[[1, 0], [4, 29], [-191, -348]]
[[1, 0], [4, 29], [-23, -87]]
[[1, 0], [4, 29], [-27, -116]]
[[1, 0], [4, 29], [-35, -174]]
[[1, 0], [4, 29], [-41, -58]]
[[1, 0], [4, 29], [-56, -319]]
[[1, 0], [4, 29], [-56, -87]]
[[1, 0], [4, 29], [-71, -116]]
[[1, 0], [4, 319], [-6, -319]]
[[1, 0], [4, 33], [-131, -363]]
[[1, 0], [4, 33], [-139, -110]]
[[1, 0], [4, 33], [-15, -44]]
[[1, 0], [4, 33], [-194, -165]]
[[1, 0], [4, 33], [-31, -176]]
[[1, 0], [4, 33], [-359, -330]]
[[1, 0], [4, 33], [-53, -198]]
[[1, 0], [4, 33], [-62, -33]]
[[1, 0], [4, 33], [-84, -55]]
[[1, 0], [4, 33], [-89, -495]]
[[1, 0], [4, 33], [-95, -66]]
[[1, 0], [4, 87], [-13, -203]]
[[1, 0], [4, 87], [-14, -145]]
[[1, 0], [4, 87], [-26, -87]]
[[1, 0], [4, 87], [-31, -116]]
[[1, 0], [4, 87], [-35, -522]]
[[1, 0], [4, 87], [-41, -174]]
[[1, 0], [4, 87], [-71, -348]]
[[1, 0], [40, 319], [-42, -319]]
[[1, 0], [40, 319], [-83, -638]]
[[1, 0], [40, 377], [-51, -377]]
[[1, 0], [40, 87], [-113, -174]]
[[1, 0], [40, 87], [-215, -348]]
[[1, 0], [40, 87], [-251, -522]]
[[1, 0], [40, 87], [-62, -87]]
[[1, 0], [40, 87], [-74, -145]]
[[1, 0], [40, 87], [-79, -116]]
[[1, 0], [40, 87], [-97, -203]]
[[1, 0], [40, 957], [-41, -957]]
[[1, 0], [41, 110], [-134, -165]]
[[1, 0], [41, 110], [-239, -330]]
[[1, 0], [41, 116], [-167, -348]]
[[1, 0], [41, 116], [-175, -464]]
[[1, 0], [41, 116], [-54, -145]]
[[1, 0], [41, 116], [-63, -116]]
[[1, 0], [41, 116], [-89, -174]]
[[1, 0], [41, 145], [-134, -435]]
[[1, 0], [41, 319], [-43, -319]]
[[1, 0], [41, 319], [-85, -638]]
[[1, 0], [41, 44], [-111, -88]]
[[1, 0], [41, 44], [-120, -121]]
[[1, 0], [41, 44], [-415, -352]]
[[1, 0], [41, 44], [-439, -440]]
[[1, 0], [41, 55], [-113, -66]]
[[1, 0], [41, 55], [-169, -110]]
[[1, 0], [41, 55], [-239, -165]]
[[1, 0], [41, 55], [-449, -330]]
[[1, 0], [41, 55], [-69, -77]]
[[1, 0], [41, 58], [-115, -116]]
[[1, 0], [41, 58], [-160, -203]]
[[1, 0], [41, 58], [-167, -174]]
[[1, 0], [41, 58], [-175, -232]]
[[1, 0], [41, 58], [-323, -348]]
[[1, 0], [41, 58], [-463, -638]]
[[1, 0], [41, 58], [-63, -58]]
[[1, 0], [41, 58], [-89, -87]]
[[1, 0], [41, 638], [-43, -638]]
[[1, 0], [41, 88], [-111, -176]]
[[1, 0], [411, 638], [-413, -638]]
[[1, 0], [415, 957], [-416, -957]]
[[1, 0], [43, 174], [-119, -348]]
[[1, 0], [43, 174], [-65, -174]]
[[1, 0], [43, 203], [-97, -406]]
[[1, 0], [43, 319], [-45, -319]]
[[1, 0], [43, 319], [-89, -638]]
[[1, 0], [43, 58], [-119, -116]]
[[1, 0], [43, 58], [-167, -203]]
[[1, 0], [43, 58], [-173, -174]]
[[1, 0], [43, 58], [-183, -232]]
[[1, 0], [43, 58], [-243, -319]]
[[1, 0], [43, 58], [-335, -348]]
[[1, 0], [43, 58], [-485, -638]]
[[1, 0], [43, 58], [-65, -58]]
[[1, 0], [43, 58], [-92, -87]]
[[1, 0], [43, 638], [-45, -638]]
[[1, 0], [43, 66], [-149, -110]]
[[1, 0], [43, 66], [-287, -396]]
[[1, 0], [43, 66], [-389, -330]]
[[1, 0], [43, 77], [-244, -385]]
[[1, 0], [43, 87], [-104, -203]]
[[1, 0], [43, 87], [-119, -174]]
[[1, 0], [43, 87], [-227, -348]]
[[1, 0], [43, 87], [-269, -522]]
[[1, 0], [43, 87], [-79, -145]]
[[1, 0], [43, 87], [-83, -116]]
[[1, 0], [442, 957], [-443, -957]]
[[1, 0], [45, 116], [-179, -348]]
[[1, 0], [45, 116], [-191, -464]]
[[1, 0], [45, 116], [-59, -145]]
[[1, 0], [45, 116], [-67, -116]]
[[1, 0], [45, 116], [-95, -174]]
[[1, 0], [45, 121], [-164, -363]]
[[1, 0], [45, 319], [-46, -319]]
[[1, 0], [45, 319], [-47, -319]]
[[1, 0], [45, 319], [-93, -638]]
[[1, 0], [45, 58], [-123, -116]]
[[1, 0], [45, 58], [-179, -174]]
[[1, 0], [45, 58], [-191, -232]]
[[1, 0], [45, 58], [-254, -319]]
[[1, 0], [45, 58], [-347, -348]]
[[1, 0], [45, 58], [-507, -638]]
[[1, 0], [45, 58], [-67, -58]]
[[1, 0], [45, 58], [-95, -87]]
[[1, 0], [45, 638], [-47, -638]]
[[1, 0], [455, 638], [-457, -638]]
[[1, 0], [457, 638], [-459, -638]]
[[1, 0], [46, 145], [-149, -435]]
[[1, 0], [46, 165], [-104, -165]]
[[1, 0], [46, 165], [-179, -330]]
[[1, 0], [46, 319], [-47, -319]]
[[1, 0], [46, 319], [-48, -319]]
[[1, 0], [46, 319], [-95, -638]]
[[1, 0], [46, 55], [-104, -55]]
[[1, 0], [46, 55], [-119, -66]]
[[1, 0], [46, 55], [-179, -110]]
[[1, 0], [46, 55], [-254, -165]]
[[1, 0], [46, 55], [-479, -330]]
[[1, 0], [46, 55], [-76, -77]]
[[1, 0], [46, 87], [-111, -203]]
[[1, 0], [46, 87], [-125, -174]]
[[1, 0], [46, 87], [-239, -348]]
[[1, 0], [46, 87], [-287, -522]]
[[1, 0], [46, 87], [-84, -145]]
[[1, 0], [46, 957], [-47, -957]]
[[1, 0], [46, 99], [-71, -132]]
[[1, 0], [47, 319], [-49, -319]]
[[1, 0], [47, 319], [-97, -638]]
[[1, 0], [47, 58], [-127, -116]]
[[1, 0], [47, 58], [-181, -203]]
[[1, 0], [47, 58], [-185, -174]]
[[1, 0], [47, 58], [-199, -232]]
[[1, 0], [47, 58], [-265, -319]]
[[1, 0], [47, 58], [-359, -348]]
[[1, 0], [47, 58], [-529, -638]]
[[1, 0], [47, 58], [-69, -58]]
[[1, 0], [47, 58], [-98, -87]]
[[1, 0], [47, 638], [-49, -638]]
[[1, 0], [475, 957], [-476, -957]]
[[1, 0], [477, 638], [-479, -638]]
[[1, 0], [48, 319], [-50, -319]]
[[1, 0], [49, 116], [-101, -174]]
[[1, 0], [49, 116], [-191, -348]]
[[1, 0], [49, 116], [-207, -464]]
[[1, 0], [49, 116], [-64, -145]]
[[1, 0], [49, 174], [-131, -348]]
[[1, 0], [49, 174], [-71, -174]]
[[1, 0], [49, 176], [-127, -352]]
[[1, 0], [49, 319], [-101, -638]]
[[1, 0], [49, 348], [-71, -348]]
[[1, 0], [49, 58], [-101, -87]]
[[1, 0], [49, 58], [-131, -116]]
[[1, 0], [49, 58], [-188, -203]]
[[1, 0], [49, 58], [-191, -174]]
[[1, 0], [49, 58], [-207, -232]]
[[1, 0], [49, 58], [-276, -319]]
[[1, 0], [49, 58], [-371, -348]]
[[1, 0], [49, 66], [-159, -110]]
[[1, 0], [49, 66], [-224, -165]]
[[1, 0], [49, 66], [-323, -396]]
[[1, 0], [49, 66], [-419, -330]]
[[1, 0], [49, 66], [-62, -77]]
[[1, 0], [49, 87], [-118, -203]]
[[1, 0], [49, 87], [-131, -174]]
[[1, 0], [49, 87], [-251, -348]]
[[1, 0], [49, 87], [-305, -522]]
[[1, 0], [49, 87], [-89, -145]]
[[1, 0], [49, 87], [-91, -116]]
[[1, 0], [49, 88], [-127, -176]]
[[1, 0], [49, 957], [-50, -957]]
[[1, 0], [499, 638], [-501, -638]]
[[1, 0], [5, 116], [-27, -116]]
[[1, 0], [5, 116], [-31, -464]]
[[1, 0], [5, 116], [-35, -174]]
[[1, 0], [5, 116], [-59, -348]]
[[1, 0], [5, 116], [-9, -145]]
[[1, 0], [5, 11], [-104, -165]]
[[1, 0], [5, 11], [-1049, -330]]
[[1, 0], [5, 11], [-127, -88]]
[[1, 0], [5, 11], [-131, -33]]
[[1, 0], [5, 11], [-142, -121]]
[[1, 0], [5, 11], [-175, -319]]
[[1, 0], [5, 11], [-199, -55]]
[[1, 0], [5, 11], [-233, -66]]
[[1, 0], [5, 11], [-307, -484]]
[[1, 0], [5, 11], [-31, -16]]
[[1, 0], [5, 11], [-311, -429]]
[[1, 0], [5, 11], [-34, -11]]
[[1, 0], [5, 11], [-349, -385]]
[[1, 0], [5, 11], [-349, -638]]
[[1, 0], [5, 11], [-369, -110]]
[[1, 0], [5, 11], [-373, -374]]
[[1, 0], [5, 11], [-39, -22]]
[[1, 0], [5, 11], [-479, -352]]
[[1, 0], [5, 11], [-54, -55]]
[[1, 0], [5, 11], [-59, -66]]
[[1, 0], [5, 11], [-619, -341]]
[[1, 0], [5, 11], [-79, -110]]
[[1, 0], [5, 11], [-97, -22]]
[[1, 0], [5, 22], [-114, -55]]
[[1, 0], [5, 22], [-127, -176]]
[[1, 0], [5, 22], [-131, -66]]
[[1, 0], [5, 22], [-175, -638]]
[[1, 0], [5, 22], [-199, -110]]
[[1, 0], [5, 22], [-284, -165]]
[[1, 0], [5, 22], [-31, -32]]
[[1, 0], [5, 22], [-39, -44]]
[[1, 0], [5, 22], [-59, -132]]
[[1, 0], [5, 22], [-79, -220]]
[[1, 0], [5, 22], [-80, -33]]
[[1, 0], [5, 29], [-107, -174]]
[[1, 0], [5, 29], [-118, -493]]
[[1, 0], [5, 29], [-119, -435]]
[[1, 0], [5, 29], [-125, -406]]
[[1, 0], [5, 29], [-133, -638]]
[[1, 0], [5, 29], [-142, -377]]
[[1, 0], [5, 29], [-16, -29]]
[[1, 0], [5, 29], [-21, -58]]
[[1, 0], [5, 29], [-26, -87]]
[[1, 0], [5, 29], [-31, -116]]
[[1, 0], [5, 29], [-41, -174]]
[[1, 0], [5, 29], [-43, -58]]
[[1, 0], [5, 29], [-59, -87]]
[[1, 0], [5, 29], [-67, -319]]
[[1, 0], [5, 29], [-75, -116]]
[[1, 0], [5, 319], [-13, -638]]
[[1, 0], [5, 319], [-6, -319]]
[[1, 0], [5, 44], [-127, -352]]
[[1, 0], [5, 44], [-21, -121]]
[[1, 0], [5, 44], [-39, -88]]
[[1, 0], [5, 44], [-79, -440]]
[[1, 0], [5, 58], [-107, -348]]
[[1, 0], [5, 58], [-27, -58]]
[[1, 0], [5, 58], [-31, -232]]
[[1, 0], [5, 58], [-34, -203]]
[[1, 0], [5, 58], [-34, -319]]
[[1, 0], [5, 58], [-35, -87]]
[[1, 0], [5, 58], [-43, -116]]
[[1, 0], [5, 58], [-59, -174]]
[[1, 0], [5, 58], [-67, -638]]
[[1, 0], [50, 203], [-111, -406]]
[[1, 0], [50, 319], [-103, -638]]
[[1, 0], [50, 319], [-51, -319]]
[[1, 0], [50, 319], [-52, -319]]
[[1, 0], [50, 77], [-279, -385]]
[[1, 0], [51, 110], [-149, -165]]
[[1, 0], [51, 110], [-269, -330]]
[[1, 0], [51, 145], [-164, -435]]
[[1, 0], [51, 319], [-105, -638]]
[[1, 0], [51, 319], [-53, -319]]
[[1, 0], [51, 55], [-125, -66]]
[[1, 0], [51, 55], [-189, -110]]
[[1, 0], [51, 55], [-269, -165]]
[[1, 0], [51, 55], [-509, -330]]
[[1, 0], [51, 55], [-83, -77]]
[[1, 0], [51, 58], [-104, -87]]
[[1, 0], [51, 58], [-135, -116]]
[[1, 0], [51, 58], [-195, -203]]
[[1, 0], [51, 58], [-197, -174]]
[[1, 0], [51, 58], [-215, -232]]
[[1, 0], [51, 58], [-287, -319]]
[[1, 0], [51, 58], [-383, -348]]
[[1, 0], [51, 58], [-573, -638]]
[[1, 0], [51, 638], [-53, -638]]
[[1, 0], [52, 319], [-107, -638]]
[[1, 0], [52, 319], [-54, -319]]
[[1, 0], [52, 87], [-125, -203]]
[[1, 0], [52, 87], [-137, -174]]
[[1, 0], [52, 87], [-263, -348]]
[[1, 0], [52, 87], [-323, -522]]
[[1, 0], [52, 87], [-94, -145]]
[[1, 0], [52, 87], [-95, -116]]
[[1, 0], [52, 957], [-53, -957]]
[[1, 0], [521, 638], [-523, -638]]
[[1, 0], [53, 116], [-107, -174]]
[[1, 0], [53, 116], [-223, -464]]
[[1, 0], [53, 116], [-69, -145]]
[[1, 0], [53, 319], [-109, -638]]
[[1, 0], [53, 377], [-64, -377]]
[[1, 0], [53, 58], [-107, -87]]
[[1, 0], [53, 58], [-139, -116]]
[[1, 0], [53, 58], [-202, -203]]
[[1, 0], [53, 58], [-223, -232]]
[[1, 0], [53, 58], [-298, -319]]
[[1, 0], [53, 58], [-395, -348]]
[[1, 0], [53, 58], [-595, -638]]
[[1, 0], [54, 319], [-111, -638]]
[[1, 0], [54, 319], [-56, -319]]
[[1, 0], [543, 638], [-545, -638]]
[[1, 0], [55, 174], [-143, -348]]
[[1, 0], [55, 174], [-77, -174]]
[[1, 0], [55, 58], [-110, -87]]
[[1, 0], [55, 58], [-143, -116]]
[[1, 0], [55, 58], [-209, -174]]
[[1, 0], [55, 58], [-209, -203]]
[[1, 0], [55, 58], [-231, -232]]
[[1, 0], [55, 58], [-309, -319]]
[[1, 0], [55, 58], [-407, -348]]
[[1, 0], [55, 58], [-617, -638]]
[[1, 0], [55, 87], [-132, -203]]
[[1, 0], [55, 87], [-143, -174]]
[[1, 0], [55, 87], [-275, -348]]
[[1, 0], [55, 87], [-341, -522]]
[[1, 0], [55, 87], [-99, -116]]
[[1, 0], [55, 87], [-99, -145]]
[[1, 0], [556, 957], [-557, -957]]
[[1, 0], [56, 121], [-197, -363]]
[[1, 0], [56, 145], [-179, -435]]
[[1, 0], [56, 319], [-115, -638]]
[[1, 0], [565, 638], [-567, -638]]
[[1, 0], [57, 116], [-113, -174]]
[[1, 0], [57, 116], [-215, -348]]
[[1, 0], [57, 116], [-239, -464]]
[[1, 0], [57, 116], [-74, -145]]
[[1, 0], [57, 203], [-125, -406]]
[[1, 0], [57, 319], [-117, -638]]
[[1, 0], [57, 319], [-59, -319]]
[[1, 0], [57, 58], [-113, -87]]
[[1, 0], [57, 58], [-147, -116]]
[[1, 0], [57, 58], [-215, -174]]
[[1, 0], [57, 58], [-216, -203]]
[[1, 0], [57, 58], [-239, -232]]
[[1, 0], [57, 58], [-320, -319]]
[[1, 0], [57, 58], [-419, -348]]
[[1, 0], [57, 58], [-639, -638]]
[[1, 0], [57, 638], [-59, -638]]
[[1, 0], [57, 77], [-314, -385]]
[[1, 0], [573, 638], [-575, -638]]
[[1, 0], [574, 957], [-575, -957]]
[[1, 0], [587, 638], [-589, -638]]
[[1, 0], [59, 319], [-60, -319]]
[[1, 0], [59, 319], [-61, -319]]
[[1, 0], [59, 638], [-61, -638]]
[[1, 0], [6, 11], [-1079, -330]]
[[1, 0], [6, 11], [-119, -165]]
[[1, 0], [6, 11], [-134, -33]]
[[1, 0], [6, 11], [-135, -88]]
[[1, 0], [6, 11], [-153, -121]]
[[1, 0], [6, 11], [-204, -319]]
[[1, 0], [6, 11], [-204, -55]]
[[1, 0], [6, 11], [-239, -66]]
[[1, 0], [6, 11], [-35, -11]]
[[1, 0], [6, 11], [-350, -429]]
[[1, 0], [6, 11], [-351, -484]]
[[1, 0], [6, 11], [-36, -37]]
[[1, 0], [6, 11], [-379, -110]]
[[1, 0], [6, 11], [-384, -385]]
[[1, 0], [6, 11], [-41, -22]]
[[1, 0], [6, 11], [-47, -33]]
[[1, 0], [6, 11], [-511, -352]]
[[1, 0], [6, 11], [-554, -165]]
[[1, 0], [6, 11], [-59, -55]]
[[1, 0], [6, 11], [-65, -66]]
[[1, 0], [6, 11], [-650, -341]]
[[1, 0], [6, 11], [-89, -110]]
[[1, 0], [6, 29], [-113, -174]]
[[1, 0], [6, 29], [-134, -435]]
[[1, 0], [6, 29], [-135, -493]]
[[1, 0], [6, 29], [-139, -406]]
[[1, 0], [6, 29], [-155, -377]]
[[1, 0], [6, 29], [-155, -638]]
[[1, 0], [6, 29], [-17, -29]]
[[1, 0], [6, 29], [-215, -348]]
[[1, 0], [6, 29], [-23, -58]]
[[1, 0], [6, 29], [-35, -116]]
[[1, 0], [6, 29], [-45, -58]]
[[1, 0], [6, 29], [-47, -174]]
[[1, 0], [6, 29], [-62, -87]]
[[1, 0], [6, 29], [-78, -319]]
[[1, 0], [6, 29], [-79, -116]]
[[1, 0], [6, 319], [-15, -638]]
[[1, 0], [6, 319], [-7, -319]]
[[1, 0], [6, 319], [-8, -319]]
[[1, 0], [6, 55], [-134, -165]]
[[1, 0], [6, 55], [-20, -77]]
[[1, 0], [6, 55], [-239, -330]]
[[1, 0], [6, 55], [-71, -66]]
[[1, 0], [60, 319], [-123, -638]]
[[1, 0], [60, 319], [-61, -319]]
[[1, 0], [61, 110], [-164, -165]]
[[1, 0], [61, 110], [-299, -330]]
[[1, 0], [61, 116], [-119, -174]]
[[1, 0], [61, 116], [-227, -348]]
[[1, 0], [61, 116], [-255, -464]]
[[1, 0], [61, 116], [-79, -145]]
[[1, 0], [61, 145], [-194, -435]]
[[1, 0], [61, 174], [-155, -348]]
[[1, 0], [61, 174], [-83, -174]]
[[1, 0], [61, 319], [-125, -638]]
[[1, 0], [61, 319], [-62, -319]]
[[1, 0], [61, 319], [-63, -319]]
[[1, 0], [61, 348], [-83, -348]]
[[1, 0], [61, 638], [-63, -638]]
[[1, 0], [61, 66], [-179, -110]]
[[1, 0], [61, 66], [-254, -165]]
[[1, 0], [61, 66], [-395, -396]]
[[1, 0], [61, 66], [-479, -330]]
[[1, 0], [61, 66], [-76, -77]]
[[1, 0], [61, 87], [-107, -116]]
[[1, 0], [61, 87], [-109, -145]]
[[1, 0], [61, 87], [-146, -203]]
[[1, 0], [61, 87], [-155, -174]]
[[1, 0], [61, 87], [-299, -348]]
[[1, 0], [61, 957], [-62, -957]]
[[1, 0], [62, 319], [-127, -638]]
[[1, 0], [62, 319], [-64, -319]]
[[1, 0], [63, 319], [-129, -638]]
[[1, 0], [63, 341], [-92, -341]]
[[1, 0], [631, 638], [-633, -638]]
[[1, 0], [637, 638], [-639, -638]]
[[1, 0], [64, 203], [-139, -406]]
[[1, 0], [64, 319], [-131, -638]]
[[1, 0], [64, 77], [-349, -385]]
[[1, 0], [64, 87], [-111, -116]]
[[1, 0], [64, 87], [-114, -145]]
[[1, 0], [64, 87], [-153, -203]]
[[1, 0], [64, 87], [-161, -174]]
[[1, 0], [64, 87], [-311, -348]]
[[1, 0], [64, 87], [-395, -522]]
[[1, 0], [64, 957], [-65, -957]]
[[1, 0], [64, 99], [-95, -132]]
[[1, 0], [65, 116], [-125, -174]]
[[1, 0], [65, 116], [-239, -348]]
[[1, 0], [65, 116], [-271, -464]]
[[1, 0], [65, 116], [-84, -145]]
[[1, 0], [65, 176], [-159, -352]]
[[1, 0], [65, 319], [-133, -638]]
[[1, 0], [65, 319], [-67, -319]]
[[1, 0], [65, 638], [-67, -638]]
[[1, 0], [65, 88], [-159, -176]]
[[1, 0], [66, 145], [-209, -435]]
[[1, 0], [66, 377], [-77, -377]]
[[1, 0], [67, 121], [-230, -363]]
[[1, 0], [67, 174], [-167, -348]]
[[1, 0], [67, 174], [-89, -174]]
[[1, 0], [67, 319], [-137, -638]]
[[1, 0], [67, 319], [-69, -319]]
[[1, 0], [67, 638], [-69, -638]]
[[1, 0], [67, 87], [-115, -116]]
[[1, 0], [67, 87], [-119, -145]]
[[1, 0], [67, 87], [-160, -203]]
[[1, 0], [67, 87], [-167, -174]]
[[1, 0], [67, 87], [-323, -348]]
[[1, 0], [67, 87], [-413, -522]]
[[1, 0], [67, 87], [-89, -87]]
[[1, 0], [67, 957], [-68, -957]]
[[1, 0], [68, 319], [-139, -638]]
[[1, 0], [68, 319], [-70, -319]]
[[1, 0], [688, 957], [-689, -957]]
[[1, 0], [69, 116], [-131, -174]]
[[1, 0], [69, 116], [-251, -348]]
[[1, 0], [69, 116], [-287, -464]]
[[1, 0], [69, 116], [-89, -145]]
[[1, 0], [69, 116], [-91, -116]]
[[1, 0], [69, 319], [-141, -638]]
[[1, 0], [69, 319], [-71, -319]]
[[1, 0], [69, 638], [-71, -638]]
[[1, 0], [7, 11], [-101, -22]]
[[1, 0], [7, 11], [-1109, -330]]
[[1, 0], [7, 11], [-134, -165]]
[[1, 0], [7, 11], [-137, -33]]
[[1, 0], [7, 11], [-164, -121]]
[[1, 0], [7, 11], [-233, -319]]
[[1, 0], [7, 11], [-245, -66]]
[[1, 0], [7, 11], [-36, -11]]
[[1, 0], [7, 11], [-38, -39]]
[[1, 0], [7, 11], [-389, -110]]
[[1, 0], [7, 11], [-389, -429]]
[[1, 0], [7, 11], [-395, -484]]
[[1, 0], [7, 11], [-419, -385]]
[[1, 0], [7, 11], [-43, -22]]
[[1, 0], [7, 11], [-441, -374]]
[[1, 0], [7, 11], [-465, -638]]
[[1, 0], [7, 11], [-50, -33]]
[[1, 0], [7, 11], [-543, -352]]
[[1, 0], [7, 11], [-569, -165]]
[[1, 0], [7, 11], [-64, -55]]
[[1, 0], [7, 11], [-681, -341]]
[[1, 0], [7, 11], [-71, -66]]
[[1, 0], [7, 174], [-47, -348]]
[[1, 0], [7, 22], [-117, -319]]
[[1, 0], [7, 22], [-119, -55]]
[[1, 0], [7, 22], [-137, -66]]
[[1, 0], [7, 22], [-233, -638]]
[[1, 0], [7, 22], [-299, -165]]
[[1, 0], [7, 22], [-43, -44]]
[[1, 0], [7, 22], [-569, -330]]
[[1, 0], [7, 22], [-71, -132]]
[[1, 0], [7, 22], [-83, -33]]
[[1, 0], [7, 29], [-119, -174]]
[[1, 0], [7, 29], [-149, -435]]
[[1, 0], [7, 29], [-152, -493]]
[[1, 0], [7, 29], [-153, -406]]
[[1, 0], [7, 29], [-168, -377]]
[[1, 0], [7, 29], [-177, -638]]
[[1, 0], [7, 29], [-18, -29]]
[[1, 0], [7, 29], [-227, -348]]
[[1, 0], [7, 29], [-25, -58]]
[[1, 0], [7, 29], [-32, -87]]
[[1, 0], [7, 29], [-39, -116]]
[[1, 0], [7, 29], [-47, -58]]
[[1, 0], [7, 29], [-53, -174]]
[[1, 0], [7, 29], [-65, -87]]
[[1, 0], [7, 29], [-83, -116]]
[[1, 0], [7, 29], [-89, -319]]
[[1, 0], [7, 319], [-17, -638]]
[[1, 0], [7, 319], [-8, -319]]
[[1, 0], [7, 319], [-9, -319]]
[[1, 0], [7, 33], [-101, -66]]
[[1, 0], [7, 33], [-134, -495]]
[[1, 0], [7, 33], [-149, -110]]
[[1, 0], [7, 33], [-164, -363]]
[[1, 0], [7, 33], [-19, -44]]
[[1, 0], [7, 33], [-389, -330]]
[[1, 0], [7, 33], [-47, -176]]
[[1, 0], [7, 33], [-71, -198]]
[[1, 0], [7, 33], [-89, -55]]
[[1, 0], [7, 58], [-119, -348]]
[[1, 0], [7, 58], [-38, -87]]
[[1, 0], [7, 58], [-39, -232]]
[[1, 0], [7, 58], [-41, -203]]
[[1, 0], [7, 58], [-45, -319]]
[[1, 0], [7, 58], [-47, -116]]
[[1, 0], [7, 58], [-65, -174]]
[[1, 0], [7, 58], [-89, -638]]
[[1, 0], [7, 638], [-9, -638]]
[[1, 0], [7, 66], [-119, -165]]
[[1, 0], [7, 66], [-13, -77]]
[[1, 0], [7, 66], [-71, -396]]
[[1, 0], [7, 66], [-89, -110]]
[[1, 0], [7, 87], [-19, -145]]
[[1, 0], [7, 87], [-20, -203]]
[[1, 0], [7, 87], [-35, -116]]
[[1, 0], [7, 87], [-47, -174]]
[[1, 0], [7, 87], [-53, -522]]
[[1, 0], [7, 87], [-83, -348]]
[[1, 0], [7, 957], [-8, -957]]
[[1, 0], [70, 319], [-72, -319]]
[[1, 0], [70, 87], [-119, -116]]
[[1, 0], [70, 87], [-124, -145]]
[[1, 0], [70, 87], [-167, -203]]
[[1, 0], [70, 87], [-173, -174]]
[[1, 0], [70, 87], [-335, -348]]
[[1, 0], [70, 87], [-431, -522]]
[[1, 0], [70, 87], [-92, -87]]
[[1, 0], [71, 110], [-129, -110]]
[[1, 0], [71, 110], [-179, -165]]
[[1, 0], [71, 110], [-329, -330]]
[[1, 0], [71, 145], [-224, -435]]
[[1, 0], [71, 203], [-153, -406]]
[[1, 0], [71, 77], [-384, -385]]
[[1, 0], [72, 319], [-147, -638]]
[[1, 0], [72, 319], [-74, -319]]
[[1, 0], [73, 116], [-137, -174]]
[[1, 0], [73, 116], [-263, -348]]
[[1, 0], [73, 116], [-303, -464]]
[[1, 0], [73, 116], [-94, -145]]
[[1, 0], [73, 174], [-179, -348]]
[[1, 0], [73, 174], [-95, -174]]
[[1, 0], [73, 319], [-149, -638]]
[[1, 0], [73, 319], [-74, -319]]
[[1, 0], [73, 319], [-75, -319]]
[[1, 0], [73, 348], [-95, -348]]
[[1, 0], [73, 638], [-75, -638]]
[[1, 0], [73, 87], [-123, -116]]
[[1, 0], [73, 87], [-129, -145]]
[[1, 0], [73, 87], [-179, -174]]
[[1, 0], [73, 87], [-347, -348]]
[[1, 0], [73, 87], [-449, -522]]
[[1, 0], [73, 87], [-95, -87]]
[[1, 0], [73, 88], [-175, -176]]
[[1, 0], [73, 957], [-74, -957]]
[[1, 0], [73, 99], [-107, -132]]
[[1, 0], [74, 319], [-151, -638]]
[[1, 0], [74, 319], [-76, -319]]
[[1, 0], [75, 319], [-153, -638]]
[[1, 0], [76, 145], [-239, -435]]
[[1, 0], [76, 165], [-239, -330]]
[[1, 0], [76, 319], [-155, -638]]
[[1, 0], [76, 319], [-78, -319]]
[[1, 0], [76, 87], [-127, -116]]
[[1, 0], [76, 87], [-134, -145]]
[[1, 0], [76, 87], [-181, -203]]
[[1, 0], [76, 87], [-185, -174]]
[[1, 0], [76, 87], [-359, -348]]
[[1, 0], [76, 87], [-467, -522]]
[[1, 0], [76, 87], [-98, -87]]
[[1, 0], [77, 116], [-143, -174]]
[[1, 0], [77, 116], [-275, -348]]
[[1, 0], [77, 116], [-99, -145]]
[[1, 0], [78, 121], [-263, -363]]
[[1, 0], [78, 203], [-167, -406]]
[[1, 0], [78, 319], [-159, -638]]
[[1, 0], [78, 319], [-80, -319]]
[[1, 0], [79, 174], [-191, -348]]
[[1, 0], [79, 319], [-161, -638]]
[[1, 0], [79, 319], [-80, -319]]
[[1, 0], [79, 319], [-81, -319]]
[[1, 0], [79, 377], [-90, -377]]
[[1, 0], [79, 638], [-81, -638]]
[[1, 0], [79, 87], [-131, -116]]
[[1, 0], [79, 87], [-139, -145]]
[[1, 0], [79, 87], [-188, -203]]
[[1, 0], [79, 87], [-191, -174]]
[[1, 0], [79, 87], [-371, -348]]
[[1, 0], [79, 87], [-485, -522]]
[[1, 0], [79, 957], [-80, -957]]
[[1, 0], [8, 11], [-103, -22]]
[[1, 0], [8, 11], [-109, -110]]
[[1, 0], [8, 11], [-1139, -330]]
[[1, 0], [8, 11], [-140, -33]]
[[1, 0], [8, 11], [-149, -165]]
[[1, 0], [8, 11], [-151, -88]]
[[1, 0], [8, 11], [-175, -121]]
[[1, 0], [8, 11], [-214, -55]]
[[1, 0], [8, 11], [-22, -23]]
[[1, 0], [8, 11], [-251, -66]]
[[1, 0], [8, 11], [-262, -319]]
[[1, 0], [8, 11], [-399, -110]]
[[1, 0], [8, 11], [-428, -429]]
[[1, 0], [8, 11], [-439, -484]]
[[1, 0], [8, 11], [-45, -22]]
[[1, 0], [8, 11], [-454, -385]]
[[1, 0], [8, 11], [-475, -374]]
[[1, 0], [8, 11], [-523, -638]]
[[1, 0], [8, 11], [-53, -33]]
[[1, 0], [8, 11], [-575, -352]]
[[1, 0], [8, 11], [-584, -165]]
[[1, 0], [8, 11], [-69, -55]]
[[1, 0], [8, 11], [-712, -341]]
[[1, 0], [8, 203], [-27, -406]]
[[1, 0], [8, 29], [-100, -319]]
[[1, 0], [8, 29], [-125, -174]]
[[1, 0], [8, 29], [-164, -435]]
[[1, 0], [8, 29], [-167, -406]]
[[1, 0], [8, 29], [-169, -493]]
[[1, 0], [8, 29], [-181, -377]]
[[1, 0], [8, 29], [-19, -29]]
[[1, 0], [8, 29], [-199, -638]]
[[1, 0], [8, 29], [-239, -348]]
[[1, 0], [8, 29], [-27, -58]]
[[1, 0], [8, 29], [-30, -29]]
[[1, 0], [8, 29], [-35, -87]]
[[1, 0], [8, 29], [-43, -116]]
[[1, 0], [8, 29], [-49, -58]]
[[1, 0], [8, 29], [-59, -174]]
[[1, 0], [8, 29], [-68, -87]]
[[1, 0], [8, 319], [-10, -319]]
[[1, 0], [8, 319], [-19, -638]]
[[1, 0], [8, 319], [-9, -319]]
[[1, 0], [8, 77], [-69, -385]]
[[1, 0], [80, 319], [-163, -638]]
[[1, 0], [80, 319], [-82, -319]]
[[1, 0], [81, 110], [-139, -110]]
[[1, 0], [81, 110], [-194, -165]]
[[1, 0], [81, 110], [-359, -330]]
[[1, 0], [81, 116], [-104, -145]]
[[1, 0], [81, 116], [-149, -174]]
[[1, 0], [81, 116], [-287, -348]]
[[1, 0], [81, 116], [-335, -464]]
[[1, 0], [81, 145], [-254, -435]]
[[1, 0], [81, 176], [-191, -352]]
[[1, 0], [81, 319], [-83, -319]]
[[1, 0], [81, 638], [-83, -638]]
[[1, 0], [81, 88], [-191, -176]]
[[1, 0], [82, 319], [-167, -638]]
[[1, 0], [82, 87], [-135, -116]]
[[1, 0], [82, 87], [-144, -145]]
[[1, 0], [82, 87], [-195, -203]]
[[1, 0], [82, 87], [-197, -174]]
[[1, 0], [82, 87], [-383, -348]]
[[1, 0], [82, 87], [-503, -522]]
[[1, 0], [82, 99], [-119, -132]]
[[1, 0], [83, 319], [-169, -638]]
[[1, 0], [83, 319], [-85, -319]]
[[1, 0], [83, 638], [-85, -638]]
[[1, 0], [84, 319], [-171, -638]]
[[1, 0], [84, 319], [-86, -319]]
[[1, 0], [85, 116], [-109, -145]]
[[1, 0], [85, 116], [-155, -174]]
[[1, 0], [85, 116], [-299, -348]]
[[1, 0], [85, 116], [-351, -464]]
[[1, 0], [85, 203], [-181, -406]]
[[1, 0], [85, 319], [-173, -638]]
[[1, 0], [85, 348], [-107, -348]]
[[1, 0], [85, 87], [-139, -116]]
[[1, 0], [85, 87], [-149, -145]]
[[1, 0], [85, 87], [-202, -203]]
[[1, 0], [85, 87], [-395, -348]]
[[1, 0], [85, 87], [-521, -522]]
[[1, 0], [85, 957], [-86, -957]]
[[1, 0], [86, 145], [-269, -435]]
[[1, 0], [86, 319], [-175, -638]]
[[1, 0], [89, 116], [-114, -145]]
[[1, 0], [89, 116], [-161, -174]]
[[1, 0], [89, 116], [-311, -348]]
[[1, 0], [89, 116], [-367, -464]]
[[1, 0], [89, 121], [-296, -363]]
[[1, 0], [89, 319], [-181, -638]]
[[1, 0], [89, 319], [-91, -319]]
[[1, 0], [89, 638], [-91, -638]]
[[1, 0], [9, 116], [-14, -145]]
[[1, 0], [9, 116], [-31, -116]]
[[1, 0], [9, 116], [-41, -174]]
[[1, 0], [9, 116], [-47, -464]]
[[1, 0], [9, 116], [-71, -348]]
[[1, 0], [9, 11], [-105, -22]]
[[1, 0], [9, 11], [-1169, -330]]
[[1, 0], [9, 11], [-119, -110]]
[[1, 0], [9, 11], [-159, -88]]
[[1, 0], [9, 11], [-164, -165]]
[[1, 0], [9, 11], [-186, -121]]
[[1, 0], [9, 11], [-19, -20]]
[[1, 0], [9, 11], [-219, -55]]
[[1, 0], [9, 11], [-257, -66]]
[[1, 0], [9, 11], [-291, -319]]
[[1, 0], [9, 11], [-409, -110]]
[[1, 0], [9, 11], [-467, -429]]
[[1, 0], [9, 11], [-47, -22]]
[[1, 0], [9, 11], [-48, -49]]
[[1, 0], [9, 11], [-483, -484]]
[[1, 0], [9, 11], [-489, -385]]
[[1, 0], [9, 11], [-509, -374]]
[[1, 0], [9, 11], [-56, -33]]
[[1, 0], [9, 11], [-581, -638]]
[[1, 0], [9, 11], [-599, -165]]
[[1, 0], [9, 11], [-607, -352]]
[[1, 0], [9, 11], [-67, -11]]
[[1, 0], [9, 11], [-74, -55]]
[[1, 0], [9, 11], [-743, -341]]
[[1, 0], [9, 11], [-83, -66]]
[[1, 0], [9, 22], [-119, -220]]
[[1, 0], [9, 22], [-124, -55]]
[[1, 0], [9, 22], [-146, -319]]
[[1, 0], [9, 22], [-159, -176]]
[[1, 0], [9, 22], [-219, -110]]
[[1, 0], [9, 22], [-291, -638]]
[[1, 0], [9, 22], [-314, -165]]
[[1, 0], [9, 22], [-47, -44]]
[[1, 0], [9, 22], [-599, -330]]
[[1, 0], [9, 22], [-67, -22]]
[[1, 0], [9, 22], [-83, -132]]
[[1, 0], [9, 22], [-86, -33]]
[[1, 0], [9, 29], [-111, -319]]
[[1, 0], [9, 29], [-131, -174]]
[[1, 0], [9, 29], [-179, -435]]
[[1, 0], [9, 29], [-181, -406]]
[[1, 0], [9, 29], [-186, -493]]
[[1, 0], [9, 29], [-194, -377]]
[[1, 0], [9, 29], [-20, -29]]
[[1, 0], [9, 29], [-221, -638]]
[[1, 0], [9, 29], [-251, -348]]
[[1, 0], [9, 29], [-31, -29]]
[[1, 0], [9, 29], [-38, -87]]
[[1, 0], [9, 29], [-47, -116]]
[[1, 0], [9, 29], [-51, -58]]
[[1, 0], [9, 29], [-65, -174]]
[[1, 0], [9, 29], [-71, -87]]
[[1, 0], [9, 29], [-91, -116]]
[[1, 0], [9, 319], [-10, -319]]
[[1, 0], [9, 319], [-21, -638]]
[[1, 0], [9, 44], [-119, -440]]
[[1, 0], [9, 44], [-159, -352]]
[[1, 0], [9, 44], [-32, -121]]
[[1, 0], [9, 44], [-47, -88]]
[[1, 0], [9, 58], [-111, -638]]
[[1, 0], [9, 58], [-131, -348]]
[[1, 0], [9, 58], [-31, -58]]
[[1, 0], [9, 58], [-41, -87]]
[[1, 0], [9, 58], [-47, -232]]
[[1, 0], [9, 58], [-48, -203]]
[[1, 0], [9, 58], [-51, -116]]
[[1, 0], [9, 58], [-56, -319]]
[[1, 0], [9, 58], [-71, -174]]
[[1, 0], [9, 88], [-47, -176]]
[[1, 0], [90, 319], [-183, -638]]
[[1, 0], [90, 319], [-92, -319]]
[[1, 0], [91, 110], [-389, -330]]
[[1, 0], [91, 145], [-284, -435]]
[[1, 0], [91, 165], [-269, -330]]
[[1, 0], [91, 174], [-215, -348]]
[[1, 0], [91, 319], [-185, -638]]
[[1, 0], [91, 319], [-93, -319]]
[[1, 0], [91, 330], [-149, -330]]
[[1, 0], [91, 638], [-93, -638]]
[[1, 0], [91, 99], [-131, -132]]
[[1, 0], [92, 203], [-195, -406]]
[[1, 0], [92, 377], [-103, -377]]
[[1, 0], [93, 116], [-119, -145]]
[[1, 0], [93, 116], [-167, -174]]
[[1, 0], [93, 116], [-323, -348]]
[[1, 0], [93, 116], [-383, -464]]
[[1, 0], [93, 319], [-189, -638]]
[[1, 0], [94, 319], [-191, -638]]
[[1, 0], [94, 319], [-95, -319]]
[[1, 0], [94, 319], [-96, -319]]
[[1, 0], [94, 341], [-123, -341]]
[[1, 0], [94, 957], [-95, -957]]
[[1, 0], [95, 319], [-193, -638]]
[[1, 0], [95, 319], [-97, -319]]
[[1, 0], [95, 638], [-97, -638]]
[[1, 0], [96, 145], [-299, -435]]
[[1, 0], [96, 319], [-195, -638]]
[[1, 0], [96, 319], [-97, -319]]
[[1, 0], [96, 319], [-98, -319]]
[[1, 0], [97, 116], [-119, -116]]
[[1, 0], [97, 116], [-124, -145]]
[[1, 0], [97, 116], [-173, -174]]
[[1, 0], [97, 116], [-335, -348]]
[[1, 0], [97, 116], [-399, -464]]
[[1, 0], [97, 174], [-227, -348]]
[[1, 0], [97, 176], [-223, -352]]
[[1, 0], [97, 319], [-197, -638]]
[[1, 0], [97, 319], [-98, -319]]
[[1, 0], [97, 348], [-119, -348]]
[[1, 0], [97, 957], [-98, -957]]
[[1, 0], [98, 319], [-100, -319]]
[[1, 0], [98, 319], [-199, -638]]
[[1, 0], [99, 203], [-209, -406]]
