[[1, 0], [0, 1], [-101387, -142]]
[[1, 0], [0, 1], [-101387, -714]]
[[1, 0], [0, 1], [-1418, -11]]
[[1, 0], [0, 1], [-1418, -129]]
[[1, 0], [0, 1], [-1418, -1]]
[[1, 0], [0, 1], [-1418, -33]]
[[1, 0], [0, 1], [-1418, -3]]
[[1, 0], [0, 1], [-1418, -43]]
[[1, 0], [0, 1], [-1418, -473]]
[[1, 0], [0, 1], [-1419, -1418]]
[[1, 0], [0, 1], [-17016, -119]]
[[1, 0], [0, 1], [-17016, -143]]
[[1, 0], [0, 1], [-2127, -1064]]
[[1, 0], [0, 1], [-2127, -14]]
[[1, 0], [0, 1], [-2127, -152]]
[[1, 0], [0, 1], [-2127, -266]]
[[1, 0], [0, 1], [-2127, -2]]
[[1, 0], [0, 1], [-2127, -38]]
[[1, 0], [0, 1], [-2127, -56]]
[[1, 0], [0, 1], [-2127, -8]]
[[1, 0], [0, 1], [-21270, -239]]
[[1, 0], [0, 1], [-21270, -89]]
[[1, 0], [0, 1], [-252404, -355]]
[[1, 0], [0, 1], [-252404, -711]]
[[1, 0], [0, 1], [-28360, -359]]
[[1, 0], [0, 1], [-28360, -79]]
[[1, 0], [0, 1], [-3545, -394]]
[[1, 0], [0, 1], [-3545, -9]]
[[1, 0], [0, 1], [-4254, -185]]
[[1, 0], [0, 1], [-4254, -23]]
[[1, 0], [0, 1], [-4254, -5]]
[[1, 0], [0, 1], [-4254, -851]]
[[1, 0], [0, 1], [-4963, -146]]
[[1, 0], [0, 1], [-4963, -34]]
[[1, 0], [0, 1], [-504099, -710]]
[[1, 0], [0, 1], [-51048, -719]]
[[1, 0], [0, 1], [-51048, -71]]
[[1, 0], [0, 1], [-5672, -183]]
[[1, 0], [0, 1], [-5672, -31]]
[[1, 0], [0, 1], [-709, -10]]
[[1, 0], [0, 1], [-709, -142]]
[[1, 0], [0, 1], [-709, -1]]
[[1, 0], [0, 1], [-709, -2]]
[[1, 0], [0, 1], [-709, -355]]
[[1, 0], [0, 1], [-709, -5]]
[[1, 0], [0, 1], [-709, -71]]
[[1, 0], [0, 1], [-710, -709]]
[[1, 0], [0, 1], [-7799, -10]]
[[1, 0], [0, 1], [-7799, -120]]
[[1, 0], [0, 1], [-7799, -65]]
[[1, 0], [0, 1], [-7799, -780]]
[[1, 0], [0, 1], [-84371, -237]]
[[1, 0], [0, 1], [-84371, -356]]
[[1, 0], [1, 102], [-475, -238]]
[[1, 0], [1, 10], [-1007, -144]]
[[1, 0], [1, 10], [-10791, -142]]
[[1, 0], [1, 10], [-1419, -10]]
[[1, 0], [1, 10], [-143, -12]]
[[1, 0], [1, 10], [-25914, -355]]
[[1, 0], [1, 10], [-359, -45]]
[[1, 0], [1, 10], [-394, -395]]
[[1, 0], [1, 10], [-51119, -710]]
[[1, 0], [1, 10], [-5750, -71]]
[[1, 0], [1, 11], [-1451, -363]]
[[1, 0], [1, 11], [-259, -13]]
[[1, 0], [1, 11], [-71, -72]]
[[1, 0], [1, 11], [-714, -55]]
[[1, 0], [1, 11], [-780, -781]]
[[1, 0], [1, 11], [-7864, -715]]
[[1, 0], [1, 120], [-143, -144]]
[[1, 0], [1, 12], [-129, -130]]
[[1, 0], [1, 12], [-185, -93]]
[[1, 0], [1, 12], [-719, -120]]
[[1, 0], [1, 13], [-1429, -143]]
[[1, 0], [1, 13], [-2183, -728]]
[[1, 0], [1, 13], [-56, -19]]
[[1, 0], [1, 13], [-714, -65]]
[[1, 0], [1, 1418], [-3, -1418]]
[[1, 0], [1, 142], [-1419, -142]]
[[1, 0], [1, 142], [-2484, -355]]
[[1, 0], [1, 142], [-4259, -710]]
[[1, 0], [1, 143], [-714, -715]]
[[1, 0], [1, 14], [-356, -21]]
[[1, 0], [1, 14], [-662, -51]]
[[1, 0], [1, 15], [-143, -18]]
[[1, 0], [1, 15], [-152, -153]]
[[1, 0], [1, 15], [-239, -40]]
[[1, 0], [1, 15], [-489, -245]]
[[1, 0], [1, 16], [-183, -92]]
[[1, 0], [1, 16], [-359, -72]]
[[1, 0], [1, 178], [-711, -356]]
[[1, 0], [1, 17], [-1461, -731]]
[[1, 0], [1, 17], [-2141, -238]]
[[1, 0], [1, 17], [-43, -22]]
[[1, 0], [1, 18], [-239, -48]]
[[1, 0], [1, 18], [-719, -180]]
[[1, 0], [1, 19], [-2165, -722]]
[[1, 0], [1, 20], [-143, -24]]
[[1, 0], [1, 20], [-359, -90]]
[[1, 0], [1, 2127], [-2, -2127]]
[[1, 0], [1, 21], [-373, -34]]
[[1, 0], [1, 21], [-4997, -714]]
[[1, 0], [1, 21], [-951, -119]]
[[1, 0], [1, 22], [-1451, -726]]
[[1, 0], [1, 237], [-1421, -711]]
[[1, 0], [1, 237], [-710, -237]]
[[1, 0], [1, 238], [-356, -357]]
[[1, 0], [1, 23], [-5703, -713]]
[[1, 0], [1, 24], [-185, -186]]
[[1, 0], [1, 24], [-719, -240]]
[[1, 0], [1, 2], [-126734, -355]]
[[1, 0], [1, 2], [-1419, -1418]]
[[1, 0], [1, 2], [-1419, -2]]
[[1, 0], [1, 2], [-1451, -66]]
[[1, 0], [1, 2], [-1547, -258]]
[[1, 0], [1, 2], [-17135, -238]]
[[1, 0], [1, 2], [-1891, -946]]
[[1, 0], [1, 2], [-21359, -178]]
[[1, 0], [1, 2], [-2484, -5]]
[[1, 0], [1, 2], [-252759, -710]]
[[1, 0], [1, 2], [-25914, -71]]
[[1, 0], [1, 2], [-28719, -718]]
[[1, 0], [1, 2], [-356, -3]]
[[1, 0], [1, 2], [-359, -9]]
[[1, 0], [1, 2], [-3939, -788]]
[[1, 0], [1, 2], [-394, -79]]
[[1, 0], [1, 2], [-4259, -10]]
[[1, 0], [1, 2], [-4439, -370]]
[[1, 0], [1, 2], [-473, -237]]
[[1, 0], [1, 2], [-51119, -142]]
[[1, 0], [1, 2], [-5855, -366]]
[[1, 0], [1, 2], [-710, -709]]
[[1, 0], [1, 2], [-711, -4]]
[[1, 0], [1, 2], [-719, -20]]
[[1, 0], [1, 2], [-7919, -240]]
[[1, 0], [1, 2], [-84727, -712]]
[[1, 0], [1, 2], [-851, -284]]
[[1, 0], [1, 30], [-143, -36]]
[[1, 0], [1, 30], [-239, -80]]
[[1, 0], [1, 31], [-4277, -713]]
[[1, 0], [1, 32], [-183, -184]]
[[1, 0], [1, 34], [-356, -51]]
[[1, 0], [1, 34], [-43, -44]]
[[1, 0], [1, 355], [-1419, -355]]
[[1, 0], [1, 355], [-2129, -710]]
[[1, 0], [1, 356], [-711, -712]]
[[1, 0], [1, 35], [-146, -147]]
[[1, 0], [1, 36], [-719, -360]]
[[1, 0], [1, 39], [-56, -57]]
[[1, 0], [1, 3], [-1064, -1065]]
[[1, 0], [1, 3], [-1421, -9]]
[[1, 0], [1, 3], [-1547, -387]]
[[1, 0], [1, 3], [-17135, -357]]
[[1, 0], [1, 3], [-2141, -42]]
[[1, 0], [1, 3], [-21509, -717]]
[[1, 0], [1, 3], [-239, -8]]
[[1, 0], [1, 3], [-2393, -798]]
[[1, 0], [1, 3], [-266, -89]]
[[1, 0], [1, 3], [-28439, -237]]
[[1, 0], [1, 3], [-355, -356]]
[[1, 0], [1, 3], [-475, -7]]
[[1, 0], [1, 3], [-489, -49]]
[[1, 0], [1, 3], [-4997, -102]]
[[1, 0], [1, 3], [-710, -3]]
[[1, 0], [1, 3], [-719, -30]]
[[1, 0], [1, 3], [-7919, -360]]
[[1, 0], [1, 3], [-84608, -711]]
[[1, 0], [1, 3], [-851, -426]]
[[1, 0], [1, 3], [-951, -17]]
[[1, 0], [1, 3], [-9716, -79]]
[[1, 0], [1, 40], [-143, -48]]
[[1, 0], [1, 40], [-359, -180]]
[[1, 0], [1, 42], [-951, -238]]
[[1, 0], [1, 45], [-239, -120]]
[[1, 0], [1, 4], [-183, -23]]
[[1, 0], [1, 4], [-185, -31]]
[[1, 0], [1, 4], [-21359, -356]]
[[1, 0], [1, 4], [-359, -18]]
[[1, 0], [1, 4], [-4439, -740]]
[[1, 0], [1, 4], [-473, -474]]
[[1, 0], [1, 4], [-5517, -89]]
[[1, 0], [1, 4], [-5855, -732]]
[[1, 0], [1, 4], [-711, -8]]
[[1, 0], [1, 4], [-719, -40]]
[[1, 0], [1, 4], [-909, -91]]
[[1, 0], [1, 51], [-2141, -714]]
[[1, 0], [1, 51], [-475, -119]]
[[1, 0], [1, 55], [-259, -65]]
[[1, 0], [1, 55], [-428, -143]]
[[1, 0], [1, 5], [-1007, -72]]
[[1, 0], [1, 5], [-101529, -710]]
[[1, 0], [1, 5], [-10791, -71]]
[[1, 0], [1, 5], [-1419, -5]]
[[1, 0], [1, 5], [-1429, -55]]
[[1, 0], [1, 5], [-143, -6]]
[[1, 0], [1, 5], [-146, -21]]
[[1, 0], [1, 5], [-152, -51]]
[[1, 0], [1, 5], [-17159, -715]]
[[1, 0], [1, 5], [-20873, -142]]
[[1, 0], [1, 5], [-2129, -10]]
[[1, 0], [1, 5], [-2279, -760]]
[[1, 0], [1, 5], [-428, -13]]
[[1, 0], [1, 5], [-5109, -730]]
[[1, 0], [1, 5], [-51119, -355]]
[[1, 0], [1, 60], [-143, -72]]
[[1, 0], [1, 65], [-1429, -715]]
[[1, 0], [1, 66], [-120, -121]]
[[1, 0], [1, 6], [-120, -11]]
[[1, 0], [1, 6], [-129, -65]]
[[1, 0], [1, 6], [-142, -143]]
[[1, 0], [1, 6], [-1547, -774]]
[[1, 0], [1, 6], [-17135, -714]]
[[1, 0], [1, 6], [-239, -16]]
[[1, 0], [1, 6], [-2974, -119]]
[[1, 0], [1, 6], [-475, -14]]
[[1, 0], [1, 6], [-719, -60]]
[[1, 0], [1, 6], [-7919, -720]]
[[1, 0], [1, 6], [-851, -852]]
[[1, 0], [1, 6], [-951, -34]]
[[1, 0], [1, 709], [-2, -709]]
[[1, 0], [1, 709], [-3, -709]]
[[1, 0], [1, 709], [-5, -1418]]
[[1, 0], [1, 710], [-1419, -710]]
[[1, 0], [1, 711], [-710, -711]]
[[1, 0], [1, 71], [-1419, -71]]
[[1, 0], [1, 71], [-2129, -142]]
[[1, 0], [1, 71], [-4259, -355]]
[[1, 0], [1, 71], [-7809, -710]]
[[1, 0], [1, 72], [-719, -720]]
[[1, 0], [1, 79], [-1421, -237]]
[[1, 0], [1, 79], [-3554, -711]]
[[1, 0], [1, 79], [-710, -79]]
[[1, 0], [1, 7], [-4997, -238]]
[[1, 0], [1, 80], [-359, -360]]
[[1, 0], [1, 89], [-2135, -712]]
[[1, 0], [1, 89], [-711, -178]]
[[1, 0], [1, 8], [-183, -46]]
[[1, 0], [1, 8], [-185, -62]]
[[1, 0], [1, 8], [-21359, -712]]
[[1, 0], [1, 8], [-359, -36]]
[[1, 0], [1, 8], [-5517, -178]]
[[1, 0], [1, 8], [-719, -80]]
[[1, 0], [1, 8], [-909, -182]]
[[1, 0], [1, 90], [-239, -240]]
[[1, 0], [1, 9], [-239, -24]]
[[1, 0], [1, 9], [-266, -267]]
[[1, 0], [1, 9], [-28439, -711]]
[[1, 0], [1, 9], [-3475, -79]]
[[1, 0], [1, 9], [-710, -9]]
[[1, 0], [1, 9], [-719, -90]]
[[1, 0], [1, 9], [-9716, -237]]
[[1, 0], [10, 2127], [-11, -2127]]
[[1, 0], [10, 709], [-11, -709]]
[[1, 0], [10, 709], [-12, -709]]
[[1, 0], [10, 709], [-23, -1418]]
[[1, 0], [100, 2127], [-101, -2127]]
[[1, 0], [100, 709], [-102, -709]]
[[1, 0], [100, 709], [-203, -1418]]
[[1, 0], [101, 1418], [-103, -1418]]
[[1, 0], [101, 709], [-102, -709]]
[[1, 0], [101, 709], [-103, -709]]
[[1, 0], [101, 709], [-205, -1418]]
[[1, 0], [102, 709], [-103, -709]]
[[1, 0], [102, 709], [-104, -709]]
[[1, 0], [102, 709], [-207, -1418]]
[[1, 0], [103, 1418], [-105, -1418]]
[[1, 0], [103, 2127], [-104, -2127]]
[[1, 0], [103, 709], [-105, -709]]
[[1, 0], [103, 709], [-209, -1418]]
[[1, 0], [104, 709], [-106, -709]]
[[1, 0], [104, 709], [-211, -1418]]
[[1, 0], [105, 1418], [-107, -1418]]
[[1, 0], [105, 709], [-107, -709]]
[[1, 0], [105, 709], [-213, -1418]]
[[1, 0], [106, 2127], [-107, -2127]]
[[1, 0], [106, 709], [-108, -709]]
[[1, 0], [106, 709], [-215, -1418]]
[[1, 0], [107, 1418], [-109, -1418]]
[[1, 0], [107, 709], [-109, -709]]
[[1, 0], [107, 709], [-217, -1418]]
[[1, 0], [108, 709], [-110, -709]]
[[1, 0], [108, 709], [-219, -1418]]
[[1, 0], [109, 1418], [-111, -1418]]
[[1, 0], [109, 709], [-111, -709]]
[[1, 0], [109, 709], [-221, -1418]]
[[1, 0], [11, 1418], [-13, -1418]]
[[1, 0], [11, 709], [-12, -709]]
[[1, 0], [11, 709], [-13, -709]]
[[1, 0], [11, 709], [-25, -1418]]
[[1, 0], [110, 709], [-112, -709]]
[[1, 0], [110, 709], [-223, -1418]]
[[1, 0], [111, 1418], [-113, -1418]]
[[1, 0], [111, 709], [-113, -709]]
[[1, 0], [111, 709], [-225, -1418]]
[[1, 0], [112, 709], [-114, -709]]
[[1, 0], [112, 709], [-227, -1418]]
[[1, 0], [113, 1418], [-115, -1418]]
[[1, 0], [113, 709], [-114, -709]]
[[1, 0], [113, 709], [-115, -709]]
[[1, 0], [113, 709], [-229, -1418]]
[[1, 0], [114, 709], [-116, -709]]
[[1, 0], [114, 709], [-231, -1418]]
[[1, 0], [115, 1418], [-117, -1418]]
[[1, 0], [115, 709], [-117, -709]]
[[1, 0], [115, 709], [-233, -1418]]
[[1, 0], [116, 709], [-118, -709]]
[[1, 0], [116, 709], [-235, -1418]]
[[1, 0], [117, 1418], [-119, -1418]]
[[1, 0], [117, 709], [-119, -709]]
[[1, 0], [117, 709], [-237, -1418]]
[[1, 0], [118, 2127], [-119, -2127]]
[[1, 0], [118, 709], [-120, -709]]
[[1, 0], [118, 709], [-239, -1418]]
[[1, 0], [119, 1418], [-121, -1418]]
[[1, 0], [119, 709], [-121, -709]]
[[1, 0], [119, 709], [-241, -1418]]
[[1, 0], [12, 709], [-13, -709]]
[[1, 0], [12, 709], [-14, -709]]
[[1, 0], [12, 709], [-27, -1418]]
[[1, 0], [120, 709], [-122, -709]]
[[1, 0], [120, 709], [-243, -1418]]
[[1, 0], [121, 1418], [-123, -1418]]
[[1, 0], [121, 2127], [-122, -2127]]
[[1, 0], [121, 709], [-122, -709]]
[[1, 0], [121, 709], [-123, -709]]
[[1, 0], [121, 709], [-245, -1418]]
[[1, 0], [122, 709], [-124, -709]]
[[1, 0], [122, 709], [-247, -1418]]
[[1, 0], [123, 1418], [-125, -1418]]
[[1, 0], [123, 709], [-125, -709]]
[[1, 0], [123, 709], [-249, -1418]]
[[1, 0], [124, 2127], [-125, -2127]]
[[1, 0], [124, 709], [-125, -709]]
[[1, 0], [124, 709], [-126, -709]]
[[1, 0], [124, 709], [-251, -1418]]
[[1, 0], [125, 1418], [-127, -1418]]
[[1, 0], [125, 709], [-126, -709]]
[[1, 0], [125, 709], [-127, -709]]
[[1, 0], [125, 709], [-253, -1418]]
[[1, 0], [126, 709], [-128, -709]]
[[1, 0], [126, 709], [-255, -1418]]
[[1, 0], [127, 1418], [-129, -1418]]
[[1, 0], [127, 709], [-129, -709]]
[[1, 0], [127, 709], [-257, -1418]]
[[1, 0], [1276, 2127], [-1277, -2127]]
[[1, 0], [128, 709], [-130, -709]]
[[1, 0], [128, 709], [-259, -1418]]
[[1, 0], [129, 1418], [-131, -1418]]
[[1, 0], [129, 709], [-131, -709]]
[[1, 0], [129, 709], [-261, -1418]]
[[1, 0], [13, 1418], [-15, -1418]]
[[1, 0], [13, 2127], [-14, -2127]]
[[1, 0], [13, 709], [-14, -709]]
[[1, 0], [13, 709], [-15, -709]]
[[1, 0], [13, 709], [-29, -1418]]
[[1, 0], [130, 2127], [-131, -2127]]
[[1, 0], [130, 709], [-132, -709]]
[[1, 0], [130, 709], [-263, -1418]]
[[1, 0], [131, 1418], [-133, -1418]]
[[1, 0], [131, 709], [-133, -709]]
[[1, 0], [131, 709], [-265, -1418]]
[[1, 0], [132, 709], [-134, -709]]
[[1, 0], [132, 709], [-267, -1418]]
[[1, 0], [133, 1418], [-135, -1418]]
[[1, 0], [133, 709], [-135, -709]]
[[1, 0], [133, 709], [-269, -1418]]
[[1, 0], [134, 709], [-136, -709]]
[[1, 0], [134, 709], [-271, -1418]]
[[1, 0], [135, 1418], [-137, -1418]]
[[1, 0], [135, 709], [-137, -709]]
[[1, 0], [135, 709], [-273, -1418]]
[[1, 0], [136, 2127], [-137, -2127]]
[[1, 0], [136, 709], [-137, -709]]
[[1, 0], [136, 709], [-138, -709]]
[[1, 0], [136, 709], [-275, -1418]]
[[1, 0], [137, 1418], [-139, -1418]]
[[1, 0], [137, 709], [-138, -709]]
[[1, 0], [137, 709], [-139, -709]]
[[1, 0], [137, 709], [-277, -1418]]
[[1, 0], [138, 709], [-140, -709]]
[[1, 0], [138, 709], [-279, -1418]]
[[1, 0], [139, 1418], [-141, -1418]]
[[1, 0], [139, 2127], [-140, -2127]]
[[1, 0], [139, 709], [-141, -709]]
[[1, 0], [139, 709], [-281, -1418]]
[[1, 0], [14, 709], [-15, -709]]
[[1, 0], [14, 709], [-16, -709]]
[[1, 0], [14, 709], [-31, -1418]]
[[1, 0], [140, 709], [-141, -709]]
[[1, 0], [140, 709], [-142, -709]]
[[1, 0], [140, 709], [-283, -1418]]
[[1, 0], [141, 1418], [-143, -1418]]
[[1, 0], [141, 709], [-143, -709]]
[[1, 0], [141, 709], [-285, -1418]]
[[1, 0], [1411, 1418], [-1413, -1418]]
[[1, 0], [1417, 1418], [-1419, -1418]]
[[1, 0], [142, 709], [-144, -709]]
[[1, 0], [142, 709], [-287, -1418]]
[[1, 0], [143, 1418], [-145, -1418]]
[[1, 0], [143, 709], [-145, -709]]
[[1, 0], [143, 709], [-289, -1418]]
[[1, 0], [144, 709], [-146, -709]]
[[1, 0], [144, 709], [-291, -1418]]
[[1, 0], [145, 1418], [-147, -1418]]
[[1, 0], [145, 709], [-147, -709]]
[[1, 0], [145, 709], [-293, -1418]]
[[1, 0], [146, 709], [-148, -709]]
[[1, 0], [146, 709], [-295, -1418]]
[[1, 0], [147, 1418], [-149, -1418]]
[[1, 0], [147, 709], [-149, -709]]
[[1, 0], [147, 709], [-297, -1418]]
[[1, 0], [148, 2127], [-149, -2127]]
[[1, 0], [148, 709], [-150, -709]]
[[1, 0], [148, 709], [-299, -1418]]
[[1, 0], [149, 1418], [-151, -1418]]
[[1, 0], [149, 709], [-151, -709]]
[[1, 0], [149, 709], [-301, -1418]]
[[1, 0], [15, 1418], [-17, -1418]]
[[1, 0], [15, 709], [-16, -709]]
[[1, 0], [15, 709], [-17, -709]]
[[1, 0], [15, 709], [-33, -1418]]
[[1, 0], [150, 709], [-152, -709]]
[[1, 0], [150, 709], [-303, -1418]]
[[1, 0], [151, 1418], [-153, -1418]]
[[1, 0], [151, 709], [-153, -709]]
[[1, 0], [151, 709], [-305, -1418]]
[[1, 0], [152, 709], [-154, -709]]
[[1, 0], [152, 709], [-307, -1418]]
[[1, 0], [153, 1418], [-155, -1418]]
[[1, 0], [153, 709], [-154, -709]]
[[1, 0], [153, 709], [-155, -709]]
[[1, 0], [153, 709], [-309, -1418]]
[[1, 0], [154, 2127], [-155, -2127]]
[[1, 0], [154, 709], [-155, -709]]
[[1, 0], [154, 709], [-156, -709]]
[[1, 0], [154, 709], [-311, -1418]]
[[1, 0], [155, 1418], [-157, -1418]]
[[1, 0], [155, 709], [-157, -709]]
[[1, 0], [155, 709], [-313, -1418]]
[[1, 0], [156, 709], [-158, -709]]
[[1, 0], [156, 709], [-315, -1418]]
[[1, 0], [157, 1418], [-159, -1418]]
[[1, 0], [157, 2127], [-158, -2127]]
[[1, 0], [157, 709], [-159, -709]]
[[1, 0], [157, 709], [-317, -1418]]
[[1, 0], [158, 709], [-159, -709]]
[[1, 0], [158, 709], [-160, -709]]
[[1, 0], [158, 709], [-319, -1418]]
[[1, 0], [159, 1418], [-161, -1418]]
[[1, 0], [159, 709], [-160, -709]]
[[1, 0], [159, 709], [-161, -709]]
[[1, 0], [159, 709], [-321, -1418]]
[[1, 0], [16, 2127], [-17, -2127]]
[[1, 0], [16, 709], [-17, -709]]
[[1, 0], [16, 709], [-18, -709]]
[[1, 0], [16, 709], [-35, -1418]]
[[1, 0], [160, 2127], [-161, -2127]]
[[1, 0], [160, 709], [-161, -709]]
[[1, 0], [160, 709], [-162, -709]]
[[1, 0], [160, 709], [-323, -1418]]
[[1, 0], [161, 1418], [-163, -1418]]
[[1, 0], [161, 709], [-162, -709]]
[[1, 0], [161, 709], [-163, -709]]
[[1, 0], [161, 709], [-325, -1418]]
[[1, 0], [162, 709], [-164, -709]]
[[1, 0], [162, 709], [-327, -1418]]
[[1, 0], [163, 1418], [-165, -1418]]
[[1, 0], [163, 2127], [-164, -2127]]
[[1, 0], [163, 709], [-165, -709]]
[[1, 0], [163, 709], [-329, -1418]]
[[1, 0], [164, 709], [-165, -709]]
[[1, 0], [164, 709], [-166, -709]]
[[1, 0], [164, 709], [-331, -1418]]
[[1, 0], [165, 1418], [-167, -1418]]
[[1, 0], [165, 709], [-166, -709]]
[[1, 0], [165, 709], [-167, -709]]
[[1, 0], [165, 709], [-333, -1418]]
[[1, 0], [166, 2127], [-167, -2127]]
[[1, 0], [166, 709], [-167, -709]]
[[1, 0], [166, 709], [-168, -709]]
[[1, 0], [166, 709], [-335, -1418]]
[[1, 0], [167, 1418], [-169, -1418]]
[[1, 0], [167, 709], [-168, -709]]
[[1, 0], [167, 709], [-169, -709]]
[[1, 0], [167, 709], [-337, -1418]]
[[1, 0], [168, 709], [-169, -709]]
[[1, 0], [168, 709], [-170, -709]]
[[1, 0], [168, 709], [-339, -1418]]
[[1, 0], [169, 1418], [-171, -1418]]
[[1, 0], [169, 2127], [-170, -2127]]
[[1, 0], [169, 709], [-170, -709]]
[[1, 0], [169, 709], [-171, -709]]
[[1, 0], [169, 709], [-341, -1418]]
[[1, 0], [17, 1418], [-19, -1418]]
[[1, 0], [17, 709], [-18, -709]]
[[1, 0], [17, 709], [-19, -709]]
[[1, 0], [17, 709], [-37, -1418]]
[[1, 0], [170, 709], [-172, -709]]
[[1, 0], [170, 709], [-343, -1418]]
[[1, 0], [171, 1418], [-173, -1418]]
[[1, 0], [171, 709], [-173, -709]]
[[1, 0], [171, 709], [-345, -1418]]
[[1, 0], [172, 2127], [-173, -2127]]
[[1, 0], [172, 709], [-174, -709]]
[[1, 0], [172, 709], [-347, -1418]]
[[1, 0], [173, 1418], [-175, -1418]]
[[1, 0], [173, 709], [-174, -709]]
[[1, 0], [173, 709], [-175, -709]]
[[1, 0], [173, 709], [-349, -1418]]
[[1, 0], [174, 709], [-176, -709]]
[[1, 0], [174, 709], [-351, -1418]]
[[1, 0], [175, 1418], [-177, -1418]]
[[1, 0], [175, 709], [-177, -709]]
[[1, 0], [175, 709], [-353, -1418]]
[[1, 0], [176, 709], [-178, -709]]
[[1, 0], [176, 709], [-355, -1418]]
[[1, 0], [177, 1418], [-179, -1418]]
[[1, 0], [177, 709], [-179, -709]]
[[1, 0], [177, 709], [-357, -1418]]
[[1, 0], [178, 2127], [-179, -2127]]
[[1, 0], [178, 709], [-179, -709]]
[[1, 0], [178, 709], [-180, -709]]
[[1, 0], [178, 709], [-359, -1418]]
[[1, 0], [179, 1418], [-181, -1418]]
[[1, 0], [179, 709], [-180, -709]]
[[1, 0], [179, 709], [-181, -709]]
[[1, 0], [179, 709], [-361, -1418]]
[[1, 0], [18, 709], [-19, -709]]
[[1, 0], [18, 709], [-20, -709]]
[[1, 0], [18, 709], [-39, -1418]]
[[1, 0], [180, 709], [-182, -709]]
[[1, 0], [180, 709], [-363, -1418]]
[[1, 0], [181, 1418], [-183, -1418]]
[[1, 0], [181, 709], [-183, -709]]
[[1, 0], [181, 709], [-365, -1418]]
[[1, 0], [182, 709], [-184, -709]]
[[1, 0], [182, 709], [-367, -1418]]
[[1, 0], [183, 1418], [-185, -1418]]
[[1, 0], [183, 709], [-185, -709]]
[[1, 0], [183, 709], [-369, -1418]]
[[1, 0], [184, 709], [-186, -709]]
[[1, 0], [184, 709], [-371, -1418]]
[[1, 0], [185, 1418], [-187, -1418]]
[[1, 0], [185, 709], [-187, -709]]
[[1, 0], [185, 709], [-373, -1418]]
[[1, 0], [186, 709], [-188, -709]]
[[1, 0], [186, 709], [-375, -1418]]
[[1, 0], [187, 1418], [-189, -1418]]
[[1, 0], [187, 709], [-189, -709]]
[[1, 0], [187, 709], [-377, -1418]]
[[1, 0], [188, 709], [-190, -709]]
[[1, 0], [188, 709], [-379, -1418]]
[[1, 0], [189, 1418], [-191, -1418]]
[[1, 0], [189, 709], [-191, -709]]
[[1, 0], [189, 709], [-381, -1418]]
[[1, 0], [19, 1418], [-21, -1418]]
[[1, 0], [19, 2127], [-20, -2127]]
[[1, 0], [19, 709], [-20, -709]]
[[1, 0], [19, 709], [-21, -709]]
[[1, 0], [19, 709], [-41, -1418]]
[[1, 0], [190, 2127], [-191, -2127]]
[[1, 0], [190, 709], [-192, -709]]
[[1, 0], [190, 709], [-383, -1418]]
[[1, 0], [191, 1418], [-193, -1418]]
[[1, 0], [191, 709], [-193, -709]]
[[1, 0], [191, 709], [-385, -1418]]
[[1, 0], [192, 709], [-194, -709]]
[[1, 0], [192, 709], [-387, -1418]]
[[1, 0], [193, 1418], [-195, -1418]]
[[1, 0], [193, 2127], [-194, -2127]]
[[1, 0], [193, 709], [-195, -709]]
[[1, 0], [193, 709], [-389, -1418]]
[[1, 0], [194, 709], [-196, -709]]
[[1, 0], [194, 709], [-391, -1418]]
[[1, 0], [195, 1418], [-197, -1418]]
[[1, 0], [195, 709], [-197, -709]]
[[1, 0], [195, 709], [-393, -1418]]
[[1, 0], [196, 2127], [-197, -2127]]
[[1, 0], [196, 709], [-198, -709]]
[[1, 0], [196, 709], [-395, -1418]]
[[1, 0], [197, 1418], [-199, -1418]]
[[1, 0], [197, 709], [-199, -709]]
[[1, 0], [197, 709], [-397, -1418]]
[[1, 0], [198, 709], [-200, -709]]
[[1, 0], [198, 709], [-399, -1418]]
[[1, 0], [199, 1418], [-201, -1418]]
[[1, 0], [199, 2127], [-200, -2127]]
[[1, 0], [199, 709], [-201, -709]]
[[1, 0], [199, 709], [-401, -1418]]
[[1, 0], [2, 709], [-3, -709]]
[[1, 0], [2, 709], [-4, -709]]
[[1, 0], [2, 709], [-7, -1418]]
[[1, 0], [20, 709], [-21, -709]]
[[1, 0], [20, 709], [-22, -709]]
[[1, 0], [20, 709], [-43, -1418]]
[[1, 0], [200, 709], [-202, -709]]
[[1, 0], [200, 709], [-403, -1418]]
[[1, 0], [201, 1418], [-203, -1418]]
[[1, 0], [201, 709], [-203, -709]]
[[1, 0], [201, 709], [-405, -1418]]
[[1, 0], [202, 709], [-204, -709]]
[[1, 0], [202, 709], [-407, -1418]]
[[1, 0], [203, 1418], [-205, -1418]]
[[1, 0], [203, 709], [-204, -709]]
[[1, 0], [203, 709], [-205, -709]]
[[1, 0], [203, 709], [-409, -1418]]
[[1, 0], [204, 709], [-206, -709]]
[[1, 0], [204, 709], [-411, -1418]]
[[1, 0], [205, 1418], [-207, -1418]]
[[1, 0], [205, 709], [-207, -709]]
[[1, 0], [205, 709], [-413, -1418]]
[[1, 0], [206, 709], [-208, -709]]
[[1, 0], [206, 709], [-415, -1418]]
[[1, 0], [207, 1418], [-209, -1418]]
[[1, 0], [207, 709], [-209, -709]]
[[1, 0], [207, 709], [-417, -1418]]
[[1, 0], [208, 2127], [-209, -2127]]
[[1, 0], [208, 709], [-209, -709]]
[[1, 0], [208, 709], [-210, -709]]
[[1, 0], [208, 709], [-419, -1418]]
[[1, 0], [209, 1418], [-211, -1418]]
[[1, 0], [209, 709], [-210, -709]]
[[1, 0], [209, 709], [-211, -709]]
[[1, 0], [209, 709], [-421, -1418]]
[[1, 0], [21, 1418], [-23, -1418]]
[[1, 0], [21, 709], [-22, -709]]
[[1, 0], [21, 709], [-23, -709]]
[[1, 0], [21, 709], [-45, -1418]]
[[1, 0], [210, 709], [-212, -709]]
[[1, 0], [210, 709], [-423, -1418]]
[[1, 0], [211, 1418], [-213, -1418]]
[[1, 0], [211, 2127], [-212, -2127]]
[[1, 0], [211, 709], [-213, -709]]
[[1, 0], [211, 709], [-425, -1418]]
[[1, 0], [212, 709], [-214, -709]]
[[1, 0], [212, 709], [-427, -1418]]
[[1, 0], [213, 1418], [-215, -1418]]
[[1, 0], [213, 709], [-214, -709]]
[[1, 0], [213, 709], [-215, -709]]
[[1, 0], [213, 709], [-429, -1418]]
[[1, 0], [214, 2127], [-215, -2127]]
[[1, 0], [214, 709], [-215, -709]]
[[1, 0], [214, 709], [-216, -709]]
[[1, 0], [214, 709], [-431, -1418]]
[[1, 0], [215, 1418], [-217, -1418]]
[[1, 0], [215, 709], [-216, -709]]
[[1, 0], [215, 709], [-217, -709]]
[[1, 0], [215, 709], [-433, -1418]]
[[1, 0], [216, 709], [-217, -709]]
[[1, 0], [216, 709], [-218, -709]]
[[1, 0], [216, 709], [-435, -1418]]
[[1, 0], [217, 1418], [-219, -1418]]
[[1, 0], [217, 2127], [-218, -2127]]
[[1, 0], [217, 709], [-218, -709]]
[[1, 0], [217, 709], [-219, -709]]
[[1, 0], [217, 709], [-437, -1418]]
[[1, 0], [218, 709], [-219, -709]]
[[1, 0], [218, 709], [-220, -709]]
[[1, 0], [218, 709], [-439, -1418]]
[[1, 0], [219, 1418], [-221, -1418]]
[[1, 0], [219, 709], [-221, -709]]
[[1, 0], [219, 709], [-441, -1418]]
[[1, 0], [22, 2127], [-23, -2127]]
[[1, 0], [22, 709], [-23, -709]]
[[1, 0], [22, 709], [-24, -709]]
[[1, 0], [22, 709], [-47, -1418]]
[[1, 0], [220, 709], [-222, -709]]
[[1, 0], [220, 709], [-443, -1418]]
[[1, 0], [221, 1418], [-223, -1418]]
[[1, 0], [221, 709], [-223, -709]]
[[1, 0], [221, 709], [-445, -1418]]
[[1, 0], [222, 709], [-224, -709]]
[[1, 0], [222, 709], [-447, -1418]]
[[1, 0], [223, 1418], [-225, -1418]]
[[1, 0], [223, 709], [-225, -709]]
[[1, 0], [223, 709], [-449, -1418]]
[[1, 0], [224, 709], [-225, -709]]
[[1, 0], [224, 709], [-226, -709]]
[[1, 0], [224, 709], [-451, -1418]]
[[1, 0], [225, 1418], [-227, -1418]]
[[1, 0], [225, 709], [-227, -709]]
[[1, 0], [225, 709], [-453, -1418]]
[[1, 0], [226, 709], [-228, -709]]
[[1, 0], [226, 709], [-455, -1418]]
[[1, 0], [227, 1418], [-229, -1418]]
[[1, 0], [227, 709], [-228, -709]]
[[1, 0], [227, 709], [-229, -709]]
[[1, 0], [227, 709], [-457, -1418]]
[[1, 0], [228, 709], [-230, -709]]
[[1, 0], [228, 709], [-459, -1418]]
[[1, 0], [229, 1418], [-231, -1418]]
[[1, 0], [229, 2127], [-230, -2127]]
[[1, 0], [229, 709], [-231, -709]]
[[1, 0], [229, 709], [-461, -1418]]
[[1, 0], [23, 1418], [-25, -1418]]
[[1, 0], [23, 709], [-24, -709]]
[[1, 0], [23, 709], [-25, -709]]
[[1, 0], [23, 709], [-49, -1418]]
[[1, 0], [230, 709], [-231, -709]]
[[1, 0], [230, 709], [-232, -709]]
[[1, 0], [230, 709], [-463, -1418]]
[[1, 0], [231, 1418], [-233, -1418]]
[[1, 0], [231, 709], [-232, -709]]
[[1, 0], [231, 709], [-233, -709]]
[[1, 0], [231, 709], [-465, -1418]]
[[1, 0], [232, 2127], [-233, -2127]]
[[1, 0], [232, 709], [-234, -709]]
[[1, 0], [232, 709], [-467, -1418]]
[[1, 0], [233, 1418], [-235, -1418]]
[[1, 0], [233, 709], [-235, -709]]
[[1, 0], [233, 709], [-469, -1418]]
[[1, 0], [234, 709], [-236, -709]]
[[1, 0], [234, 709], [-471, -1418]]
[[1, 0], [235, 1418], [-237, -1418]]
[[1, 0], [235, 2127], [-236, -2127]]
[[1, 0], [235, 709], [-237, -709]]
[[1, 0], [235, 709], [-473, -1418]]
[[1, 0], [236, 709], [-238, -709]]
[[1, 0], [236, 709], [-475, -1418]]
[[1, 0], [237, 1418], [-239, -1418]]
[[1, 0], [237, 709], [-238, -709]]
[[1, 0], [237, 709], [-239, -709]]
[[1, 0], [237, 709], [-477, -1418]]
[[1, 0], [238, 709], [-240, -709]]
[[1, 0], [238, 709], [-479, -1418]]
[[1, 0], [239, 1418], [-241, -1418]]
[[1, 0], [239, 709], [-241, -709]]
[[1, 0], [239, 709], [-481, -1418]]
[[1, 0], [24, 709], [-25, -709]]
[[1, 0], [24, 709], [-26, -709]]
[[1, 0], [24, 709], [-51, -1418]]
[[1, 0], [240, 709], [-241, -709]]
[[1, 0], [240, 709], [-242, -709]]
[[1, 0], [240, 709], [-483, -1418]]
[[1, 0], [241, 1418], [-243, -1418]]
[[1, 0], [241, 709], [-243, -709]]
[[1, 0], [241, 709], [-485, -1418]]
[[1, 0], [242, 709], [-244, -709]]
[[1, 0], [242, 709], [-487, -1418]]
[[1, 0], [243, 1418], [-245, -1418]]
[[1, 0], [243, 709], [-245, -709]]
[[1, 0], [243, 709], [-489, -1418]]
[[1, 0], [244, 709], [-246, -709]]
[[1, 0], [244, 709], [-491, -1418]]
[[1, 0], [245, 1418], [-247, -1418]]
[[1, 0], [245, 709], [-247, -709]]
[[1, 0], [245, 709], [-493, -1418]]
[[1, 0], [246, 709], [-248, -709]]
[[1, 0], [246, 709], [-495, -1418]]
[[1, 0], [247, 1418], [-249, -1418]]
[[1, 0], [247, 709], [-249, -709]]
[[1, 0], [247, 709], [-497, -1418]]
[[1, 0], [248, 709], [-250, -709]]
[[1, 0], [248, 709], [-499, -1418]]
[[1, 0], [249, 1418], [-251, -1418]]
[[1, 0], [249, 709], [-251, -709]]
[[1, 0], [249, 709], [-501, -1418]]
[[1, 0], [25, 1418], [-27, -1418]]
[[1, 0], [25, 2127], [-26, -2127]]
[[1, 0], [25, 709], [-26, -709]]
[[1, 0], [25, 709], [-27, -709]]
[[1, 0], [25, 709], [-53, -1418]]
[[1, 0], [250, 2127], [-251, -2127]]
[[1, 0], [250, 709], [-252, -709]]
[[1, 0], [250, 709], [-503, -1418]]
[[1, 0], [251, 1418], [-253, -1418]]
[[1, 0], [251, 709], [-253, -709]]
[[1, 0], [251, 709], [-505, -1418]]
[[1, 0], [252, 709], [-254, -709]]
[[1, 0], [252, 709], [-507, -1418]]
[[1, 0], [253, 1418], [-255, -1418]]
[[1, 0], [253, 2127], [-254, -2127]]
[[1, 0], [253, 709], [-255, -709]]
[[1, 0], [253, 709], [-509, -1418]]
[[1, 0], [254, 709], [-256, -709]]
[[1, 0], [254, 709], [-511, -1418]]
[[1, 0], [255, 1418], [-257, -1418]]
[[1, 0], [255, 709], [-257, -709]]
[[1, 0], [255, 709], [-513, -1418]]
[[1, 0], [256, 2127], [-257, -2127]]
[[1, 0], [256, 709], [-258, -709]]
[[1, 0], [256, 709], [-515, -1418]]
[[1, 0], [257, 1418], [-259, -1418]]
[[1, 0], [257, 709], [-259, -709]]
[[1, 0], [257, 709], [-517, -1418]]
[[1, 0], [258, 709], [-260, -709]]
[[1, 0], [258, 709], [-519, -1418]]
[[1, 0], [259, 1418], [-261, -1418]]
[[1, 0], [259, 2127], [-260, -2127]]
[[1, 0], [259, 709], [-261, -709]]
[[1, 0], [259, 709], [-521, -1418]]
[[1, 0], [26, 709], [-27, -709]]
[[1, 0], [26, 709], [-28, -709]]
[[1, 0], [26, 709], [-55, -1418]]
[[1, 0], [260, 709], [-262, -709]]
[[1, 0], [260, 709], [-523, -1418]]
[[1, 0], [261, 1418], [-263, -1418]]
[[1, 0], [261, 709], [-263, -709]]
[[1, 0], [261, 709], [-525, -1418]]
[[1, 0], [262, 2127], [-263, -2127]]
[[1, 0], [262, 709], [-264, -709]]
[[1, 0], [262, 709], [-527, -1418]]
[[1, 0], [263, 1418], [-265, -1418]]
[[1, 0], [263, 709], [-265, -709]]
[[1, 0], [263, 709], [-529, -1418]]
[[1, 0], [264, 709], [-266, -709]]
[[1, 0], [264, 709], [-531, -1418]]
[[1, 0], [265, 1418], [-267, -1418]]
[[1, 0], [265, 709], [-267, -709]]
[[1, 0], [265, 709], [-533, -1418]]
[[1, 0], [266, 709], [-268, -709]]
[[1, 0], [266, 709], [-535, -1418]]
[[1, 0], [267, 1418], [-269, -1418]]
[[1, 0], [267, 709], [-269, -709]]
[[1, 0], [267, 709], [-537, -1418]]
[[1, 0], [268, 2127], [-269, -2127]]
[[1, 0], [268, 709], [-270, -709]]
[[1, 0], [268, 709], [-539, -1418]]
[[1, 0], [269, 1418], [-271, -1418]]
[[1, 0], [269, 709], [-270, -709]]
[[1, 0], [269, 709], [-271, -709]]
[[1, 0], [269, 709], [-541, -1418]]
[[1, 0], [27, 1418], [-29, -1418]]
[[1, 0], [27, 709], [-28, -709]]
[[1, 0], [27, 709], [-29, -709]]
[[1, 0], [27, 709], [-57, -1418]]
[[1, 0], [270, 709], [-272, -709]]
[[1, 0], [270, 709], [-543, -1418]]
[[1, 0], [271, 1418], [-273, -1418]]
[[1, 0], [271, 2127], [-272, -2127]]
[[1, 0], [271, 709], [-273, -709]]
[[1, 0], [271, 709], [-545, -1418]]
[[1, 0], [272, 709], [-274, -709]]
[[1, 0], [272, 709], [-547, -1418]]
[[1, 0], [273, 1418], [-275, -1418]]
[[1, 0], [273, 709], [-275, -709]]
[[1, 0], [273, 709], [-549, -1418]]
[[1, 0], [274, 2127], [-275, -2127]]
[[1, 0], [274, 709], [-276, -709]]
[[1, 0], [274, 709], [-551, -1418]]
[[1, 0], [275, 1418], [-277, -1418]]
[[1, 0], [275, 709], [-277, -709]]
[[1, 0], [275, 709], [-553, -1418]]
[[1, 0], [276, 709], [-278, -709]]
[[1, 0], [276, 709], [-555, -1418]]
[[1, 0], [277, 1418], [-279, -1418]]
[[1, 0], [277, 709], [-279, -709]]
[[1, 0], [277, 709], [-557, -1418]]
[[1, 0], [278, 709], [-280, -709]]
[[1, 0], [278, 709], [-559, -1418]]
[[1, 0], [279, 1418], [-281, -1418]]
[[1, 0], [279, 709], [-281, -709]]
[[1, 0], [279, 709], [-561, -1418]]
[[1, 0], [28, 2127], [-29, -2127]]
[[1, 0], [28, 709], [-29, -709]]
[[1, 0], [28, 709], [-30, -709]]
[[1, 0], [28, 709], [-59, -1418]]
[[1, 0], [280, 2127], [-281, -2127]]
[[1, 0], [280, 709], [-282, -709]]
[[1, 0], [280, 709], [-563, -1418]]
[[1, 0], [281, 1418], [-283, -1418]]
[[1, 0], [281, 709], [-283, -709]]
[[1, 0], [281, 709], [-565, -1418]]
[[1, 0], [282, 709], [-284, -709]]
[[1, 0], [282, 709], [-567, -1418]]
[[1, 0], [283, 1418], [-285, -1418]]
[[1, 0], [283, 2127], [-284, -2127]]
[[1, 0], [283, 709], [-285, -709]]
[[1, 0], [283, 709], [-569, -1418]]
[[1, 0], [284, 709], [-286, -709]]
[[1, 0], [284, 709], [-571, -1418]]
[[1, 0], [285, 1418], [-287, -1418]]
[[1, 0], [285, 709], [-287, -709]]
[[1, 0], [285, 709], [-573, -1418]]
[[1, 0], [286, 2127], [-287, -2127]]
[[1, 0], [286, 709], [-288, -709]]
[[1, 0], [286, 709], [-575, -1418]]
[[1, 0], [287, 1418], [-289, -1418]]
[[1, 0], [287, 709], [-289, -709]]
[[1, 0], [287, 709], [-577, -1418]]
[[1, 0], [288, 709], [-290, -709]]
[[1, 0], [288, 709], [-579, -1418]]
[[1, 0], [289, 1418], [-291, -1418]]
[[1, 0], [289, 709], [-291, -709]]
[[1, 0], [289, 709], [-581, -1418]]
[[1, 0], [29, 1418], [-31, -1418]]
[[1, 0], [29, 709], [-30, -709]]
[[1, 0], [29, 709], [-31, -709]]
[[1, 0], [29, 709], [-61, -1418]]
[[1, 0], [290, 709], [-292, -709]]
[[1, 0], [290, 709], [-583, -1418]]
[[1, 0], [291, 1418], [-293, -1418]]
[[1, 0], [291, 709], [-293, -709]]
[[1, 0], [291, 709], [-585, -1418]]
[[1, 0], [292, 709], [-294, -709]]
[[1, 0], [292, 709], [-587, -1418]]
[[1, 0], [293, 1418], [-295, -1418]]
[[1, 0], [293, 709], [-295, -709]]
[[1, 0], [293, 709], [-589, -1418]]
[[1, 0], [294, 709], [-296, -709]]
[[1, 0], [294, 709], [-591, -1418]]
[[1, 0], [295, 1418], [-297, -1418]]
[[1, 0], [295, 2127], [-296, -2127]]
[[1, 0], [295, 709], [-297, -709]]
[[1, 0], [295, 709], [-593, -1418]]
[[1, 0], [296, 709], [-298, -709]]
[[1, 0], [296, 709], [-595, -1418]]
[[1, 0], [297, 1418], [-299, -1418]]
[[1, 0], [297, 709], [-299, -709]]
[[1, 0], [297, 709], [-597, -1418]]
[[1, 0], [298, 2127], [-299, -2127]]
[[1, 0], [298, 709], [-300, -709]]
[[1, 0], [298, 709], [-599, -1418]]
[[1, 0], [299, 1418], [-301, -1418]]
[[1, 0], [299, 709], [-301, -709]]
[[1, 0], [299, 709], [-601, -1418]]
[[1, 0], [3, 1418], [-5, -1418]]
[[1, 0], [3, 709], [-4, -709]]
[[1, 0], [3, 709], [-5, -709]]
[[1, 0], [3, 709], [-9, -1418]]
[[1, 0], [30, 709], [-31, -709]]
[[1, 0], [30, 709], [-32, -709]]
[[1, 0], [30, 709], [-63, -1418]]
[[1, 0], [300, 709], [-302, -709]]
[[1, 0], [300, 709], [-603, -1418]]
[[1, 0], [301, 1418], [-303, -1418]]
[[1, 0], [301, 709], [-303, -709]]
[[1, 0], [301, 709], [-605, -1418]]
[[1, 0], [302, 709], [-304, -709]]
[[1, 0], [302, 709], [-607, -1418]]
[[1, 0], [303, 1418], [-305, -1418]]
[[1, 0], [303, 709], [-305, -709]]
[[1, 0], [303, 709], [-609, -1418]]
[[1, 0], [304, 709], [-306, -709]]
[[1, 0], [304, 709], [-611, -1418]]
[[1, 0], [305, 1418], [-307, -1418]]
[[1, 0], [305, 709], [-307, -709]]
[[1, 0], [305, 709], [-613, -1418]]
[[1, 0], [306, 709], [-308, -709]]
[[1, 0], [306, 709], [-615, -1418]]
[[1, 0], [307, 1418], [-309, -1418]]
[[1, 0], [307, 709], [-309, -709]]
[[1, 0], [307, 709], [-617, -1418]]
[[1, 0], [308, 709], [-310, -709]]
[[1, 0], [308, 709], [-619, -1418]]
[[1, 0], [309, 1418], [-311, -1418]]
[[1, 0], [309, 709], [-311, -709]]
[[1, 0], [309, 709], [-621, -1418]]
[[1, 0], [31, 1418], [-33, -1418]]
[[1, 0], [31, 2127], [-32, -2127]]
[[1, 0], [31, 709], [-32, -709]]
[[1, 0], [31, 709], [-33, -709]]
[[1, 0], [31, 709], [-65, -1418]]
[[1, 0], [310, 2127], [-311, -2127]]
[[1, 0], [310, 709], [-312, -709]]
[[1, 0], [310, 709], [-623, -1418]]
[[1, 0], [311, 1418], [-313, -1418]]
[[1, 0], [311, 709], [-313, -709]]
[[1, 0], [311, 709], [-625, -1418]]
[[1, 0], [312, 709], [-314, -709]]
[[1, 0], [312, 709], [-627, -1418]]
[[1, 0], [313, 1418], [-315, -1418]]
[[1, 0], [313, 709], [-315, -709]]
[[1, 0], [313, 709], [-629, -1418]]
[[1, 0], [314, 709], [-316, -709]]
[[1, 0], [314, 709], [-631, -1418]]
[[1, 0], [315, 1418], [-317, -1418]]
[[1, 0], [315, 709], [-317, -709]]
[[1, 0], [315, 709], [-633, -1418]]
[[1, 0], [316, 709], [-318, -709]]
[[1, 0], [316, 709], [-635, -1418]]
[[1, 0], [317, 1418], [-319, -1418]]
[[1, 0], [317, 709], [-319, -709]]
[[1, 0], [317, 709], [-637, -1418]]
[[1, 0], [318, 709], [-320, -709]]
[[1, 0], [318, 709], [-639, -1418]]
[[1, 0], [319, 1418], [-321, -1418]]
[[1, 0], [319, 709], [-321, -709]]
[[1, 0], [319, 709], [-641, -1418]]
[[1, 0], [32, 709], [-33, -709]]
[[1, 0], [32, 709], [-34, -709]]
[[1, 0], [32, 709], [-67, -1418]]
[[1, 0], [320, 709], [-322, -709]]
[[1, 0], [320, 709], [-643, -1418]]
[[1, 0], [321, 1418], [-323, -1418]]
[[1, 0], [321, 709], [-323, -709]]
[[1, 0], [321, 709], [-645, -1418]]
[[1, 0], [322, 2127], [-323, -2127]]
[[1, 0], [322, 709], [-324, -709]]
[[1, 0], [322, 709], [-647, -1418]]
[[1, 0], [323, 1418], [-325, -1418]]
[[1, 0], [323, 709], [-325, -709]]
[[1, 0], [323, 709], [-649, -1418]]
[[1, 0], [324, 709], [-326, -709]]
[[1, 0], [324, 709], [-651, -1418]]
[[1, 0], [325, 1418], [-327, -1418]]
[[1, 0], [325, 2127], [-326, -2127]]
[[1, 0], [325, 709], [-327, -709]]
[[1, 0], [325, 709], [-653, -1418]]
[[1, 0], [326, 709], [-328, -709]]
[[1, 0], [326, 709], [-655, -1418]]
[[1, 0], [327, 1418], [-329, -1418]]
[[1, 0], [327, 709], [-329, -709]]
[[1, 0], [327, 709], [-657, -1418]]
[[1, 0], [328, 709], [-330, -709]]
[[1, 0], [328, 709], [-659, -1418]]
[[1, 0], [329, 1418], [-331, -1418]]
[[1, 0], [329, 709], [-331, -709]]
[[1, 0], [329, 709], [-661, -1418]]
[[1, 0], [33, 1418], [-35, -1418]]
[[1, 0], [33, 709], [-34, -709]]
[[1, 0], [33, 709], [-35, -709]]
[[1, 0], [33, 709], [-69, -1418]]
[[1, 0], [330, 709], [-332, -709]]
[[1, 0], [330, 709], [-663, -1418]]
[[1, 0], [331, 1418], [-333, -1418]]
[[1, 0], [331, 2127], [-332, -2127]]
[[1, 0], [331, 709], [-333, -709]]
[[1, 0], [331, 709], [-665, -1418]]
[[1, 0], [332, 709], [-334, -709]]
[[1, 0], [332, 709], [-667, -1418]]
[[1, 0], [333, 1418], [-335, -1418]]
[[1, 0], [333, 709], [-335, -709]]
[[1, 0], [333, 709], [-669, -1418]]
[[1, 0], [334, 709], [-336, -709]]
[[1, 0], [334, 709], [-671, -1418]]
[[1, 0], [335, 1418], [-337, -1418]]
[[1, 0], [335, 709], [-337, -709]]
[[1, 0], [335, 709], [-673, -1418]]
[[1, 0], [336, 709], [-338, -709]]
[[1, 0], [336, 709], [-675, -1418]]
[[1, 0], [337, 1418], [-339, -1418]]
[[1, 0], [337, 2127], [-338, -2127]]
[[1, 0], [337, 709], [-339, -709]]
[[1, 0], [337, 709], [-677, -1418]]
[[1, 0], [338, 709], [-340, -709]]
[[1, 0], [338, 709], [-679, -1418]]
[[1, 0], [339, 1418], [-341, -1418]]
[[1, 0], [339, 709], [-341, -709]]
[[1, 0], [339, 709], [-681, -1418]]
[[1, 0], [34, 2127], [-35, -2127]]
[[1, 0], [34, 709], [-35, -709]]
[[1, 0], [34, 709], [-36, -709]]
[[1, 0], [34, 709], [-71, -1418]]
[[1, 0], [340, 709], [-342, -709]]
[[1, 0], [340, 709], [-683, -1418]]
[[1, 0], [341, 1418], [-343, -1418]]
[[1, 0], [341, 709], [-343, -709]]
[[1, 0], [341, 709], [-685, -1418]]
[[1, 0], [342, 709], [-344, -709]]
[[1, 0], [342, 709], [-687, -1418]]
[[1, 0], [343, 1418], [-345, -1418]]
[[1, 0], [343, 2127], [-344, -2127]]
[[1, 0], [343, 709], [-345, -709]]
[[1, 0], [343, 709], [-689, -1418]]
[[1, 0], [344, 709], [-346, -709]]
[[1, 0], [344, 709], [-691, -1418]]
[[1, 0], [345, 1418], [-347, -1418]]
[[1, 0], [345, 709], [-347, -709]]
[[1, 0], [345, 709], [-693, -1418]]
[[1, 0], [346, 709], [-348, -709]]
[[1, 0], [346, 709], [-695, -1418]]
[[1, 0], [347, 1418], [-349, -1418]]
[[1, 0], [347, 709], [-349, -709]]
[[1, 0], [347, 709], [-697, -1418]]
[[1, 0], [348, 709], [-350, -709]]
[[1, 0], [348, 709], [-699, -1418]]
[[1, 0], [349, 1418], [-351, -1418]]
[[1, 0], [349, 709], [-351, -709]]
[[1, 0], [349, 709], [-701, -1418]]
[[1, 0], [35, 1418], [-37, -1418]]
[[1, 0], [35, 709], [-36, -709]]
[[1, 0], [35, 709], [-37, -709]]
[[1, 0], [35, 709], [-73, -1418]]
[[1, 0], [350, 709], [-352, -709]]
[[1, 0], [350, 709], [-703, -1418]]
[[1, 0], [351, 1418], [-353, -1418]]
[[1, 0], [351, 709], [-353, -709]]
[[1, 0], [351, 709], [-705, -1418]]
[[1, 0], [352, 709], [-354, -709]]
[[1, 0], [352, 709], [-707, -1418]]
[[1, 0], [353, 1418], [-355, -1418]]
[[1, 0], [353, 709], [-355, -709]]
[[1, 0], [354, 709], [-711, -1418]]
[[1, 0], [355, 1418], [-357, -1418]]
[[1, 0], [355, 2127], [-356, -2127]]
[[1, 0], [355, 709], [-713, -1418]]
[[1, 0], [356, 709], [-715, -1418]]
[[1, 0], [357, 1418], [-359, -1418]]
[[1, 0], [357, 709], [-717, -1418]]
[[1, 0], [358, 709], [-719, -1418]]
[[1, 0], [359, 1418], [-361, -1418]]
[[1, 0], [359, 709], [-721, -1418]]
[[1, 0], [36, 709], [-37, -709]]
[[1, 0], [36, 709], [-38, -709]]
[[1, 0], [36, 709], [-75, -1418]]
[[1, 0], [360, 709], [-723, -1418]]
[[1, 0], [361, 1418], [-363, -1418]]
[[1, 0], [361, 709], [-725, -1418]]
[[1, 0], [362, 709], [-727, -1418]]
[[1, 0], [363, 1418], [-365, -1418]]
[[1, 0], [363, 709], [-729, -1418]]
[[1, 0], [364, 2127], [-365, -2127]]
[[1, 0], [364, 709], [-731, -1418]]
[[1, 0], [365, 1418], [-367, -1418]]
[[1, 0], [365, 709], [-733, -1418]]
[[1, 0], [366, 709], [-735, -1418]]
[[1, 0], [367, 1418], [-369, -1418]]
[[1, 0], [367, 2127], [-368, -2127]]
[[1, 0], [367, 709], [-737, -1418]]
[[1, 0], [368, 709], [-739, -1418]]
[[1, 0], [369, 1418], [-371, -1418]]
[[1, 0], [369, 709], [-741, -1418]]
[[1, 0], [37, 1418], [-39, -1418]]
[[1, 0], [37, 2127], [-38, -2127]]
[[1, 0], [37, 709], [-38, -709]]
[[1, 0], [37, 709], [-39, -709]]
[[1, 0], [37, 709], [-77, -1418]]
[[1, 0], [370, 709], [-743, -1418]]
[[1, 0], [371, 1418], [-373, -1418]]
[[1, 0], [371, 709], [-745, -1418]]
[[1, 0], [372, 709], [-747, -1418]]
[[1, 0], [373, 1418], [-375, -1418]]
[[1, 0], [373, 2127], [-374, -2127]]
[[1, 0], [373, 709], [-749, -1418]]
[[1, 0], [374, 709], [-751, -1418]]
[[1, 0], [375, 1418], [-377, -1418]]
[[1, 0], [375, 709], [-753, -1418]]
[[1, 0], [376, 2127], [-377, -2127]]
[[1, 0], [376, 709], [-755, -1418]]
[[1, 0], [377, 1418], [-379, -1418]]
[[1, 0], [377, 709], [-757, -1418]]
[[1, 0], [378, 709], [-759, -1418]]
[[1, 0], [379, 1418], [-381, -1418]]
[[1, 0], [379, 2127], [-380, -2127]]
[[1, 0], [379, 709], [-761, -1418]]
[[1, 0], [38, 709], [-39, -709]]
[[1, 0], [38, 709], [-40, -709]]
[[1, 0], [38, 709], [-79, -1418]]
[[1, 0], [380, 709], [-763, -1418]]
[[1, 0], [381, 1418], [-383, -1418]]
[[1, 0], [381, 709], [-765, -1418]]
[[1, 0], [382, 709], [-767, -1418]]
[[1, 0], [383, 1418], [-385, -1418]]
[[1, 0], [383, 709], [-769, -1418]]
[[1, 0], [384, 709], [-771, -1418]]
[[1, 0], [385, 1418], [-387, -1418]]
[[1, 0], [385, 2127], [-386, -2127]]
[[1, 0], [385, 709], [-773, -1418]]
[[1, 0], [386, 709], [-775, -1418]]
[[1, 0], [387, 1418], [-389, -1418]]
[[1, 0], [387, 709], [-777, -1418]]
[[1, 0], [388, 2127], [-389, -2127]]
[[1, 0], [388, 709], [-779, -1418]]
[[1, 0], [389, 1418], [-391, -1418]]
[[1, 0], [389, 709], [-781, -1418]]
[[1, 0], [39, 1418], [-41, -1418]]
[[1, 0], [39, 709], [-40, -709]]
[[1, 0], [39, 709], [-41, -709]]
[[1, 0], [39, 709], [-81, -1418]]
[[1, 0], [390, 709], [-783, -1418]]
[[1, 0], [391, 1418], [-393, -1418]]
[[1, 0], [391, 709], [-785, -1418]]
[[1, 0], [392, 709], [-787, -1418]]
[[1, 0], [393, 1418], [-395, -1418]]
[[1, 0], [393, 709], [-789, -1418]]
[[1, 0], [394, 709], [-791, -1418]]
[[1, 0], [395, 1418], [-397, -1418]]
[[1, 0], [395, 709], [-793, -1418]]
[[1, 0], [396, 709], [-795, -1418]]
[[1, 0], [397, 1418], [-399, -1418]]
[[1, 0], [397, 709], [-797, -1418]]
[[1, 0], [398, 709], [-799, -1418]]
[[1, 0], [399, 1418], [-401, -1418]]
[[1, 0], [399, 709], [-801, -1418]]
[[1, 0], [4, 709], [-11, -1418]]
[[1, 0], [4, 709], [-6, -709]]
[[1, 0], [40, 2127], [-41, -2127]]
[[1, 0], [40, 709], [-41, -709]]
[[1, 0], [40, 709], [-42, -709]]
[[1, 0], [40, 709], [-83, -1418]]
[[1, 0], [400, 709], [-803, -1418]]
[[1, 0], [401, 1418], [-403, -1418]]
[[1, 0], [401, 709], [-805, -1418]]
[[1, 0], [402, 709], [-807, -1418]]
[[1, 0], [403, 1418], [-405, -1418]]
[[1, 0], [403, 709], [-809, -1418]]
[[1, 0], [404, 709], [-811, -1418]]
[[1, 0], [405, 1418], [-407, -1418]]
[[1, 0], [405, 709], [-813, -1418]]
[[1, 0], [406, 2127], [-407, -2127]]
[[1, 0], [406, 709], [-815, -1418]]
[[1, 0], [407, 1418], [-409, -1418]]
[[1, 0], [407, 709], [-817, -1418]]
[[1, 0], [408, 709], [-819, -1418]]
[[1, 0], [409, 1418], [-411, -1418]]
[[1, 0], [409, 709], [-821, -1418]]
[[1, 0], [41, 1418], [-43, -1418]]
[[1, 0], [41, 709], [-42, -709]]
[[1, 0], [41, 709], [-43, -709]]
[[1, 0], [41, 709], [-85, -1418]]
[[1, 0], [410, 709], [-823, -1418]]
[[1, 0], [411, 1418], [-413, -1418]]
[[1, 0], [411, 709], [-825, -1418]]
[[1, 0], [412, 709], [-827, -1418]]
[[1, 0], [413, 1418], [-415, -1418]]
[[1, 0], [413, 709], [-829, -1418]]
[[1, 0], [414, 709], [-831, -1418]]
[[1, 0], [415, 1418], [-417, -1418]]
[[1, 0], [415, 709], [-833, -1418]]
[[1, 0], [416, 709], [-835, -1418]]
[[1, 0], [417, 1418], [-419, -1418]]
[[1, 0], [417, 709], [-837, -1418]]
[[1, 0], [418, 2127], [-419, -2127]]
[[1, 0], [418, 709], [-839, -1418]]
[[1, 0], [419, 1418], [-421, -1418]]
[[1, 0], [419, 709], [-841, -1418]]
[[1, 0], [42, 709], [-44, -709]]
[[1, 0], [42, 709], [-87, -1418]]
[[1, 0], [420, 709], [-843, -1418]]
[[1, 0], [421, 1418], [-423, -1418]]
[[1, 0], [421, 2127], [-422, -2127]]
[[1, 0], [421, 709], [-845, -1418]]
[[1, 0], [422, 709], [-847, -1418]]
[[1, 0], [423, 1418], [-425, -1418]]
[[1, 0], [423, 709], [-849, -1418]]
[[1, 0], [424, 2127], [-425, -2127]]
[[1, 0], [424, 709], [-851, -1418]]
[[1, 0], [425, 1418], [-427, -1418]]
[[1, 0], [425, 709], [-853, -1418]]
[[1, 0], [426, 709], [-855, -1418]]
[[1, 0], [427, 1418], [-429, -1418]]
[[1, 0], [427, 709], [-857, -1418]]
[[1, 0], [428, 709], [-859, -1418]]
[[1, 0], [429, 1418], [-431, -1418]]
[[1, 0], [429, 709], [-861, -1418]]
[[1, 0], [43, 1418], [-45, -1418]]
[[1, 0], [43, 2127], [-44, -2127]]
[[1, 0], [43, 709], [-45, -709]]
[[1, 0], [43, 709], [-89, -1418]]
[[1, 0], [430, 709], [-863, -1418]]
[[1, 0], [431, 1418], [-433, -1418]]
[[1, 0], [431, 709], [-865, -1418]]
[[1, 0], [432, 709], [-867, -1418]]
[[1, 0], [433, 1418], [-435, -1418]]
[[1, 0], [433, 709], [-869, -1418]]
[[1, 0], [434, 709], [-871, -1418]]
[[1, 0], [435, 1418], [-437, -1418]]
[[1, 0], [435, 709], [-873, -1418]]
[[1, 0], [436, 2127], [-437, -2127]]
[[1, 0], [436, 709], [-875, -1418]]
[[1, 0], [437, 1418], [-439, -1418]]
[[1, 0], [437, 709], [-877, -1418]]
[[1, 0], [438, 709], [-879, -1418]]
[[1, 0], [439, 1418], [-441, -1418]]
[[1, 0], [439, 709], [-881, -1418]]
[[1, 0], [44, 709], [-45, -709]]
[[1, 0], [44, 709], [-46, -709]]
[[1, 0], [44, 709], [-91, -1418]]
[[1, 0], [440, 709], [-883, -1418]]
[[1, 0], [441, 1418], [-443, -1418]]
[[1, 0], [441, 709], [-885, -1418]]
[[1, 0], [442, 2127], [-443, -2127]]
[[1, 0], [442, 709], [-887, -1418]]
[[1, 0], [443, 1418], [-445, -1418]]
[[1, 0], [443, 709], [-889, -1418]]
[[1, 0], [444, 709], [-891, -1418]]
[[1, 0], [445, 1418], [-447, -1418]]
[[1, 0], [445, 709], [-893, -1418]]
[[1, 0], [446, 709], [-895, -1418]]
[[1, 0], [447, 1418], [-449, -1418]]
[[1, 0], [447, 709], [-897, -1418]]
[[1, 0], [448, 2127], [-449, -2127]]
[[1, 0], [448, 709], [-899, -1418]]
[[1, 0], [449, 1418], [-451, -1418]]
[[1, 0], [449, 709], [-901, -1418]]
[[1, 0], [45, 1418], [-47, -1418]]
[[1, 0], [45, 709], [-46, -709]]
[[1, 0], [45, 709], [-47, -709]]
[[1, 0], [45, 709], [-93, -1418]]
[[1, 0], [450, 709], [-903, -1418]]
[[1, 0], [451, 1418], [-453, -1418]]
[[1, 0], [451, 709], [-905, -1418]]
[[1, 0], [452, 709], [-907, -1418]]
[[1, 0], [453, 1418], [-455, -1418]]
[[1, 0], [453, 709], [-909, -1418]]
[[1, 0], [454, 709], [-911, -1418]]
[[1, 0], [455, 1418], [-457, -1418]]
[[1, 0], [455, 709], [-913, -1418]]
[[1, 0], [456, 709], [-915, -1418]]
[[1, 0], [457, 1418], [-459, -1418]]
[[1, 0], [457, 709], [-917, -1418]]
[[1, 0], [458, 709], [-919, -1418]]
[[1, 0], [459, 1418], [-461, -1418]]
[[1, 0], [459, 709], [-921, -1418]]
[[1, 0], [46, 2127], [-47, -2127]]
[[1, 0], [46, 709], [-47, -709]]
[[1, 0], [46, 709], [-48, -709]]
[[1, 0], [46, 709], [-95, -1418]]
[[1, 0], [460, 2127], [-461, -2127]]
[[1, 0], [460, 709], [-923, -1418]]
[[1, 0], [461, 1418], [-463, -1418]]
[[1, 0], [461, 709], [-925, -1418]]
[[1, 0], [462, 709], [-927, -1418]]
[[1, 0], [463, 1418], [-465, -1418]]
[[1, 0], [463, 2127], [-464, -2127]]
[[1, 0], [463, 709], [-929, -1418]]
[[1, 0], [464, 709], [-931, -1418]]
[[1, 0], [465, 1418], [-467, -1418]]
[[1, 0], [465, 709], [-933, -1418]]
[[1, 0], [466, 709], [-935, -1418]]
[[1, 0], [467, 1418], [-469, -1418]]
[[1, 0], [467, 709], [-937, -1418]]
[[1, 0], [468, 709], [-939, -1418]]
[[1, 0], [469, 1418], [-471, -1418]]
[[1, 0], [469, 709], [-941, -1418]]
[[1, 0], [47, 1418], [-49, -1418]]
[[1, 0], [47, 709], [-48, -709]]
[[1, 0], [47, 709], [-49, -709]]
[[1, 0], [47, 709], [-97, -1418]]
[[1, 0], [470, 709], [-943, -1418]]
[[1, 0], [471, 1418], [-473, -1418]]
[[1, 0], [471, 709], [-945, -1418]]
[[1, 0], [472, 709], [-947, -1418]]
[[1, 0], [473, 1418], [-475, -1418]]
[[1, 0], [473, 709], [-949, -1418]]
[[1, 0], [474, 709], [-951, -1418]]
[[1, 0], [475, 1418], [-477, -1418]]
[[1, 0], [475, 2127], [-476, -2127]]
[[1, 0], [475, 709], [-953, -1418]]
[[1, 0], [476, 709], [-955, -1418]]
[[1, 0], [477, 1418], [-479, -1418]]
[[1, 0], [477, 709], [-957, -1418]]
[[1, 0], [478, 709], [-959, -1418]]
[[1, 0], [479, 1418], [-481, -1418]]
[[1, 0], [479, 709], [-961, -1418]]
[[1, 0], [48, 709], [-49, -709]]
[[1, 0], [48, 709], [-50, -709]]
[[1, 0], [48, 709], [-99, -1418]]
[[1, 0], [480, 709], [-963, -1418]]
[[1, 0], [481, 1418], [-483, -1418]]
[[1, 0], [481, 2127], [-482, -2127]]
[[1, 0], [481, 709], [-965, -1418]]
[[1, 0], [482, 709], [-967, -1418]]
[[1, 0], [483, 1418], [-485, -1418]]
[[1, 0], [483, 709], [-969, -1418]]
[[1, 0], [484, 709], [-971, -1418]]
[[1, 0], [485, 1418], [-487, -1418]]
[[1, 0], [485, 709], [-973, -1418]]
[[1, 0], [486, 709], [-975, -1418]]
[[1, 0], [487, 1418], [-489, -1418]]
[[1, 0], [487, 2127], [-488, -2127]]
[[1, 0], [487, 709], [-977, -1418]]
[[1, 0], [488, 709], [-979, -1418]]
[[1, 0], [489, 1418], [-491, -1418]]
[[1, 0], [489, 709], [-981, -1418]]
[[1, 0], [49, 1418], [-51, -1418]]
[[1, 0], [49, 2127], [-50, -2127]]
[[1, 0], [49, 709], [-101, -1418]]
[[1, 0], [49, 709], [-50, -709]]
[[1, 0], [49, 709], [-51, -709]]
[[1, 0], [490, 2127], [-491, -2127]]
[[1, 0], [490, 709], [-983, -1418]]
[[1, 0], [491, 1418], [-493, -1418]]
[[1, 0], [491, 709], [-985, -1418]]
[[1, 0], [492, 709], [-987, -1418]]
[[1, 0], [493, 1418], [-495, -1418]]
[[1, 0], [493, 2127], [-494, -2127]]
[[1, 0], [493, 709], [-989, -1418]]
[[1, 0], [494, 709], [-991, -1418]]
[[1, 0], [495, 1418], [-497, -1418]]
[[1, 0], [495, 709], [-993, -1418]]
[[1, 0], [496, 709], [-995, -1418]]
[[1, 0], [497, 1418], [-499, -1418]]
[[1, 0], [497, 709], [-997, -1418]]
[[1, 0], [498, 709], [-999, -1418]]
[[1, 0], [499, 1418], [-501, -1418]]
[[1, 0], [499, 709], [-1001, -1418]]
[[1, 0], [5, 709], [-13, -1418]]
[[1, 0], [5, 709], [-6, -709]]
[[1, 0], [50, 709], [-103, -1418]]
[[1, 0], [50, 709], [-51, -709]]
[[1, 0], [50, 709], [-52, -709]]
[[1, 0], [500, 709], [-1003, -1418]]
[[1, 0], [501, 1418], [-503, -1418]]
[[1, 0], [501, 709], [-1005, -1418]]
[[1, 0], [502, 709], [-1007, -1418]]
[[1, 0], [503, 1418], [-505, -1418]]
[[1, 0], [503, 709], [-1009, -1418]]
[[1, 0], [504, 709], [-1011, -1418]]
[[1, 0], [505, 1418], [-507, -1418]]
[[1, 0], [505, 709], [-1013, -1418]]
[[1, 0], [506, 709], [-1015, -1418]]
[[1, 0], [507, 1418], [-509, -1418]]
[[1, 0], [507, 709], [-1017, -1418]]
[[1, 0], [508, 2127], [-509, -2127]]
[[1, 0], [508, 709], [-1019, -1418]]
[[1, 0], [509, 1418], [-511, -1418]]
[[1, 0], [509, 709], [-1021, -1418]]
[[1, 0], [51, 1418], [-53, -1418]]
[[1, 0], [51, 709], [-105, -1418]]
[[1, 0], [51, 709], [-52, -709]]
[[1, 0], [51, 709], [-53, -709]]
[[1, 0], [510, 709], [-1023, -1418]]
[[1, 0], [511, 1418], [-513, -1418]]
[[1, 0], [511, 2127], [-512, -2127]]
[[1, 0], [511, 709], [-1025, -1418]]
[[1, 0], [512, 709], [-1027, -1418]]
[[1, 0], [513, 1418], [-515, -1418]]
[[1, 0], [513, 709], [-1029, -1418]]
[[1, 0], [514, 709], [-1031, -1418]]
[[1, 0], [515, 1418], [-517, -1418]]
[[1, 0], [515, 709], [-1033, -1418]]
[[1, 0], [516, 709], [-1035, -1418]]
[[1, 0], [517, 1418], [-519, -1418]]
[[1, 0], [517, 709], [-1037, -1418]]
[[1, 0], [518, 709], [-1039, -1418]]
[[1, 0], [519, 1418], [-521, -1418]]
[[1, 0], [519, 709], [-1041, -1418]]
[[1, 0], [52, 2127], [-53, -2127]]
[[1, 0], [52, 709], [-107, -1418]]
[[1, 0], [52, 709], [-53, -709]]
[[1, 0], [52, 709], [-54, -709]]
[[1, 0], [520, 2127], [-521, -2127]]
[[1, 0], [520, 709], [-1043, -1418]]
[[1, 0], [521, 1418], [-523, -1418]]
[[1, 0], [521, 709], [-1045, -1418]]
[[1, 0], [522, 709], [-1047, -1418]]
[[1, 0], [523, 1418], [-525, -1418]]
[[1, 0], [523, 2127], [-524, -2127]]
[[1, 0], [523, 709], [-1049, -1418]]
[[1, 0], [524, 709], [-1051, -1418]]
[[1, 0], [525, 1418], [-527, -1418]]
[[1, 0], [525, 709], [-1053, -1418]]
[[1, 0], [526, 709], [-1055, -1418]]
[[1, 0], [527, 1418], [-529, -1418]]
[[1, 0], [527, 709], [-1057, -1418]]
[[1, 0], [528, 709], [-1059, -1418]]
[[1, 0], [529, 1418], [-531, -1418]]
[[1, 0], [529, 709], [-1061, -1418]]
[[1, 0], [53, 1418], [-55, -1418]]
[[1, 0], [53, 709], [-109, -1418]]
[[1, 0], [53, 709], [-54, -709]]
[[1, 0], [53, 709], [-55, -709]]
[[1, 0], [530, 709], [-1063, -1418]]
[[1, 0], [531, 1418], [-533, -1418]]
[[1, 0], [531, 709], [-1065, -1418]]
[[1, 0], [532, 709], [-1067, -1418]]
[[1, 0], [533, 1418], [-535, -1418]]
[[1, 0], [533, 709], [-1069, -1418]]
[[1, 0], [534, 709], [-1071, -1418]]
[[1, 0], [535, 1418], [-537, -1418]]
[[1, 0], [535, 709], [-1073, -1418]]
[[1, 0], [536, 709], [-1075, -1418]]
[[1, 0], [537, 1418], [-539, -1418]]
[[1, 0], [537, 709], [-1077, -1418]]
[[1, 0], [538, 709], [-1079, -1418]]
[[1, 0], [539, 1418], [-541, -1418]]
[[1, 0], [539, 709], [-1081, -1418]]
[[1, 0], [54, 709], [-111, -1418]]
[[1, 0], [54, 709], [-55, -709]]
[[1, 0], [54, 709], [-56, -709]]
[[1, 0], [540, 709], [-1083, -1418]]
[[1, 0], [541, 1418], [-543, -1418]]
[[1, 0], [541, 709], [-1085, -1418]]
[[1, 0], [542, 709], [-1087, -1418]]
[[1, 0], [543, 1418], [-545, -1418]]
[[1, 0], [543, 709], [-1089, -1418]]
[[1, 0], [544, 709], [-1091, -1418]]
[[1, 0], [545, 1418], [-547, -1418]]
[[1, 0], [545, 709], [-1093, -1418]]
[[1, 0], [546, 709], [-1095, -1418]]
[[1, 0], [547, 1418], [-549, -1418]]
[[1, 0], [547, 709], [-1097, -1418]]
[[1, 0], [548, 709], [-1099, -1418]]
[[1, 0], [549, 1418], [-551, -1418]]
[[1, 0], [549, 709], [-1101, -1418]]
[[1, 0], [55, 1418], [-57, -1418]]
[[1, 0], [55, 709], [-113, -1418]]
[[1, 0], [55, 709], [-57, -709]]
[[1, 0], [550, 709], [-1103, -1418]]
[[1, 0], [551, 1418], [-553, -1418]]
[[1, 0], [551, 709], [-1105, -1418]]
[[1, 0], [552, 709], [-1107, -1418]]
[[1, 0], [553, 1418], [-555, -1418]]
[[1, 0], [553, 709], [-1109, -1418]]
[[1, 0], [554, 709], [-1111, -1418]]
[[1, 0], [555, 1418], [-557, -1418]]
[[1, 0], [555, 709], [-1113, -1418]]
[[1, 0], [556, 2127], [-557, -2127]]
[[1, 0], [556, 709], [-1115, -1418]]
[[1, 0], [557, 1418], [-559, -1418]]
[[1, 0], [557, 709], [-1117, -1418]]
[[1, 0], [558, 709], [-1119, -1418]]
[[1, 0], [559, 1418], [-561, -1418]]
[[1, 0], [559, 2127], [-560, -2127]]
[[1, 0], [559, 709], [-1121, -1418]]
[[1, 0], [56, 709], [-115, -1418]]
[[1, 0], [56, 709], [-58, -709]]
[[1, 0], [560, 709], [-1123, -1418]]
[[1, 0], [561, 1418], [-563, -1418]]
[[1, 0], [561, 709], [-1125, -1418]]
[[1, 0], [562, 709], [-1127, -1418]]
[[1, 0], [563, 1418], [-565, -1418]]
[[1, 0], [563, 709], [-1129, -1418]]
[[1, 0], [564, 709], [-1131, -1418]]
[[1, 0], [565, 1418], [-567, -1418]]
[[1, 0], [565, 709], [-1133, -1418]]
[[1, 0], [566, 709], [-1135, -1418]]
[[1, 0], [567, 1418], [-569, -1418]]
[[1, 0], [567, 709], [-1137, -1418]]
[[1, 0], [567, 709], [-568, -709]]
[[1, 0], [568, 709], [-1139, -1418]]
[[1, 0], [569, 1418], [-571, -1418]]
[[1, 0], [569, 709], [-1141, -1418]]
[[1, 0], [57, 1418], [-59, -1418]]
[[1, 0], [57, 709], [-117, -1418]]
[[1, 0], [57, 709], [-58, -709]]
[[1, 0], [57, 709], [-59, -709]]
[[1, 0], [570, 709], [-1143, -1418]]
[[1, 0], [571, 1418], [-573, -1418]]
[[1, 0], [571, 709], [-1145, -1418]]
[[1, 0], [572, 709], [-1147, -1418]]
[[1, 0], [573, 1418], [-575, -1418]]
[[1, 0], [573, 709], [-1149, -1418]]
[[1, 0], [574, 709], [-1151, -1418]]
[[1, 0], [575, 1418], [-577, -1418]]
[[1, 0], [575, 709], [-1153, -1418]]
[[1, 0], [576, 709], [-1155, -1418]]
[[1, 0], [577, 1418], [-579, -1418]]
[[1, 0], [577, 709], [-1157, -1418]]
[[1, 0], [578, 709], [-1159, -1418]]
[[1, 0], [579, 1418], [-581, -1418]]
[[1, 0], [579, 709], [-1161, -1418]]
[[1, 0], [58, 2127], [-59, -2127]]
[[1, 0], [58, 709], [-119, -1418]]
[[1, 0], [58, 709], [-60, -709]]
[[1, 0], [580, 709], [-1163, -1418]]
[[1, 0], [581, 1418], [-583, -1418]]
[[1, 0], [581, 709], [-1165, -1418]]
[[1, 0], [582, 709], [-1167, -1418]]
[[1, 0], [583, 1418], [-585, -1418]]
[[1, 0], [583, 709], [-1169, -1418]]
[[1, 0], [584, 709], [-1171, -1418]]
[[1, 0], [585, 1418], [-587, -1418]]
[[1, 0], [585, 709], [-1173, -1418]]
[[1, 0], [586, 709], [-1175, -1418]]
[[1, 0], [587, 1418], [-589, -1418]]
[[1, 0], [587, 709], [-1177, -1418]]
[[1, 0], [588, 709], [-1179, -1418]]
[[1, 0], [589, 1418], [-591, -1418]]
[[1, 0], [589, 709], [-1181, -1418]]
[[1, 0], [59, 1418], [-61, -1418]]
[[1, 0], [59, 709], [-121, -1418]]
[[1, 0], [59, 709], [-61, -709]]
[[1, 0], [590, 709], [-1183, -1418]]
[[1, 0], [591, 1418], [-593, -1418]]
[[1, 0], [591, 709], [-1185, -1418]]
[[1, 0], [592, 709], [-1187, -1418]]
[[1, 0], [593, 1418], [-595, -1418]]
[[1, 0], [593, 709], [-1189, -1418]]
[[1, 0], [594, 709], [-1191, -1418]]
[[1, 0], [595, 1418], [-597, -1418]]
[[1, 0], [595, 709], [-1193, -1418]]
[[1, 0], [596, 709], [-1195, -1418]]
[[1, 0], [597, 1418], [-599, -1418]]
[[1, 0], [597, 709], [-1197, -1418]]
[[1, 0], [598, 2127], [-599, -2127]]
[[1, 0], [598, 709], [-1199, -1418]]
[[1, 0], [599, 1418], [-601, -1418]]
[[1, 0], [599, 709], [-1201, -1418]]
[[1, 0], [6, 709], [-15, -1418]]
[[1, 0], [6, 709], [-7, -709]]
[[1, 0], [6, 709], [-8, -709]]
[[1, 0], [60, 709], [-123, -1418]]
[[1, 0], [60, 709], [-61, -709]]
[[1, 0], [60, 709], [-62, -709]]
[[1, 0], [600, 709], [-1203, -1418]]
[[1, 0], [601, 1418], [-603, -1418]]
[[1, 0], [601, 709], [-1205, -1418]]
[[1, 0], [602, 709], [-1207, -1418]]
[[1, 0], [603, 1418], [-605, -1418]]
[[1, 0], [603, 709], [-1209, -1418]]
[[1, 0], [604, 2127], [-605, -2127]]
[[1, 0], [604, 709], [-1211, -1418]]
[[1, 0], [605, 1418], [-607, -1418]]
[[1, 0], [605, 709], [-1213, -1418]]
[[1, 0], [606, 709], [-1215, -1418]]
[[1, 0], [607, 1418], [-609, -1418]]
[[1, 0], [607, 709], [-1217, -1418]]
[[1, 0], [608, 709], [-1219, -1418]]
[[1, 0], [609, 1418], [-611, -1418]]
[[1, 0], [609, 709], [-1221, -1418]]
[[1, 0], [61, 1418], [-63, -1418]]
[[1, 0], [61, 2127], [-62, -2127]]
[[1, 0], [61, 709], [-125, -1418]]
[[1, 0], [61, 709], [-62, -709]]
[[1, 0], [61, 709], [-63, -709]]
[[1, 0], [610, 2127], [-611, -2127]]
[[1, 0], [610, 709], [-1223, -1418]]
[[1, 0], [611, 1418], [-613, -1418]]
[[1, 0], [611, 709], [-1225, -1418]]
[[1, 0], [612, 709], [-1227, -1418]]
[[1, 0], [613, 1418], [-615, -1418]]
[[1, 0], [613, 2127], [-614, -2127]]
[[1, 0], [613, 709], [-1229, -1418]]
[[1, 0], [614, 709], [-1231, -1418]]
[[1, 0], [615, 1418], [-617, -1418]]
[[1, 0], [615, 709], [-1233, -1418]]
[[1, 0], [616, 709], [-1235, -1418]]
[[1, 0], [617, 1418], [-619, -1418]]
[[1, 0], [617, 709], [-1237, -1418]]
[[1, 0], [618, 709], [-1239, -1418]]
[[1, 0], [619, 1418], [-621, -1418]]
[[1, 0], [619, 709], [-1241, -1418]]
[[1, 0], [62, 709], [-127, -1418]]
[[1, 0], [62, 709], [-64, -709]]
[[1, 0], [620, 709], [-1243, -1418]]
[[1, 0], [621, 1418], [-623, -1418]]
[[1, 0], [621, 709], [-1245, -1418]]
[[1, 0], [622, 709], [-1247, -1418]]
[[1, 0], [623, 1418], [-625, -1418]]
[[1, 0], [623, 709], [-1249, -1418]]
[[1, 0], [624, 709], [-1251, -1418]]
[[1, 0], [625, 1418], [-627, -1418]]
[[1, 0], [625, 709], [-1253, -1418]]
[[1, 0], [626, 709], [-1255, -1418]]
[[1, 0], [627, 1418], [-629, -1418]]
[[1, 0], [627, 709], [-1257, -1418]]
[[1, 0], [628, 709], [-1259, -1418]]
[[1, 0], [629, 1418], [-631, -1418]]
[[1, 0], [629, 709], [-1261, -1418]]
[[1, 0], [63, 1418], [-65, -1418]]
[[1, 0], [63, 709], [-129, -1418]]
[[1, 0], [63, 709], [-65, -709]]
[[1, 0], [630, 709], [-1263, -1418]]
[[1, 0], [631, 1418], [-633, -1418]]
[[1, 0], [631, 709], [-1265, -1418]]
[[1, 0], [632, 709], [-1267, -1418]]
[[1, 0], [633, 1418], [-635, -1418]]
[[1, 0], [633, 709], [-1269, -1418]]
[[1, 0], [634, 709], [-1271, -1418]]
[[1, 0], [635, 1418], [-637, -1418]]
[[1, 0], [635, 709], [-1273, -1418]]
[[1, 0], [636, 709], [-1275, -1418]]
[[1, 0], [637, 1418], [-639, -1418]]
[[1, 0], [637, 709], [-1277, -1418]]
[[1, 0], [638, 709], [-1279, -1418]]
[[1, 0], [639, 1418], [-641, -1418]]
[[1, 0], [639, 709], [-1281, -1418]]
[[1, 0], [64, 2127], [-65, -2127]]
[[1, 0], [64, 709], [-131, -1418]]
[[1, 0], [64, 709], [-65, -709]]
[[1, 0], [64, 709], [-66, -709]]
[[1, 0], [640, 709], [-1283, -1418]]
[[1, 0], [641, 1418], [-643, -1418]]
[[1, 0], [641, 709], [-1285, -1418]]
[[1, 0], [642, 709], [-1287, -1418]]
[[1, 0], [643, 1418], [-645, -1418]]
[[1, 0], [643, 2127], [-644, -2127]]
[[1, 0], [643, 709], [-1289, -1418]]
[[1, 0], [644, 709], [-1291, -1418]]
[[1, 0], [645, 1418], [-647, -1418]]
[[1, 0], [645, 709], [-1293, -1418]]
[[1, 0], [646, 709], [-1295, -1418]]
[[1, 0], [647, 1418], [-649, -1418]]
[[1, 0], [647, 709], [-1297, -1418]]
[[1, 0], [648, 709], [-1299, -1418]]
[[1, 0], [649, 1418], [-651, -1418]]
[[1, 0], [649, 2127], [-650, -2127]]
[[1, 0], [649, 709], [-1301, -1418]]
[[1, 0], [65, 1418], [-67, -1418]]
[[1, 0], [65, 709], [-133, -1418]]
[[1, 0], [65, 709], [-66, -709]]
[[1, 0], [65, 709], [-67, -709]]
[[1, 0], [650, 709], [-1303, -1418]]
[[1, 0], [651, 1418], [-653, -1418]]
[[1, 0], [651, 709], [-1305, -1418]]
[[1, 0], [652, 709], [-1307, -1418]]
[[1, 0], [653, 1418], [-655, -1418]]
[[1, 0], [653, 709], [-1309, -1418]]
[[1, 0], [654, 709], [-1311, -1418]]
[[1, 0], [655, 1418], [-657, -1418]]
[[1, 0], [655, 709], [-1313, -1418]]
[[1, 0], [656, 709], [-1315, -1418]]
[[1, 0], [657, 1418], [-659, -1418]]
[[1, 0], [657, 709], [-1317, -1418]]
[[1, 0], [658, 709], [-1319, -1418]]
[[1, 0], [659, 1418], [-661, -1418]]
[[1, 0], [659, 709], [-1321, -1418]]
[[1, 0], [66, 709], [-135, -1418]]
[[1, 0], [66, 709], [-67, -709]]
[[1, 0], [66, 709], [-68, -709]]
[[1, 0], [660, 709], [-1323, -1418]]
[[1, 0], [661, 1418], [-663, -1418]]
[[1, 0], [661, 2127], [-662, -2127]]
[[1, 0], [661, 709], [-1325, -1418]]
[[1, 0], [662, 709], [-1327, -1418]]
[[1, 0], [663, 1418], [-665, -1418]]
[[1, 0], [663, 709], [-1329, -1418]]
[[1, 0], [664, 2127], [-665, -2127]]
[[1, 0], [664, 709], [-1331, -1418]]
[[1, 0], [665, 1418], [-667, -1418]]
[[1, 0], [665, 709], [-1333, -1418]]
[[1, 0], [666, 709], [-1335, -1418]]
[[1, 0], [667, 1418], [-669, -1418]]
[[1, 0], [667, 709], [-1337, -1418]]
[[1, 0], [668, 709], [-1339, -1418]]
[[1, 0], [669, 1418], [-671, -1418]]
[[1, 0], [669, 709], [-1341, -1418]]
[[1, 0], [67, 1418], [-69, -1418]]
[[1, 0], [67, 2127], [-68, -2127]]
[[1, 0], [67, 709], [-137, -1418]]
[[1, 0], [67, 709], [-68, -709]]
[[1, 0], [67, 709], [-69, -709]]
[[1, 0], [670, 709], [-1343, -1418]]
[[1, 0], [671, 1418], [-673, -1418]]
[[1, 0], [671, 709], [-1345, -1418]]
[[1, 0], [672, 709], [-1347, -1418]]
[[1, 0], [673, 1418], [-675, -1418]]
[[1, 0], [673, 709], [-1349, -1418]]
[[1, 0], [674, 709], [-1351, -1418]]
[[1, 0], [675, 1418], [-677, -1418]]
[[1, 0], [675, 709], [-1353, -1418]]
[[1, 0], [676, 709], [-1355, -1418]]
[[1, 0], [677, 1418], [-679, -1418]]
[[1, 0], [677, 709], [-1357, -1418]]
[[1, 0], [678, 709], [-1359, -1418]]
[[1, 0], [679, 1418], [-681, -1418]]
[[1, 0], [679, 709], [-1361, -1418]]
[[1, 0], [68, 709], [-139, -1418]]
[[1, 0], [68, 709], [-69, -709]]
[[1, 0], [68, 709], [-70, -709]]
[[1, 0], [680, 709], [-1363, -1418]]
[[1, 0], [681, 1418], [-683, -1418]]
[[1, 0], [681, 709], [-1365, -1418]]
[[1, 0], [682, 2127], [-683, -2127]]
[[1, 0], [682, 709], [-1367, -1418]]
[[1, 0], [683, 1418], [-685, -1418]]
[[1, 0], [683, 709], [-1369, -1418]]
[[1, 0], [684, 709], [-1371, -1418]]
[[1, 0], [685, 1418], [-687, -1418]]
[[1, 0], [685, 709], [-1373, -1418]]
[[1, 0], [686, 709], [-1375, -1418]]
[[1, 0], [687, 1418], [-689, -1418]]
[[1, 0], [687, 709], [-1377, -1418]]
[[1, 0], [688, 2127], [-689, -2127]]
[[1, 0], [688, 709], [-1379, -1418]]
[[1, 0], [689, 1418], [-691, -1418]]
[[1, 0], [689, 709], [-1381, -1418]]
[[1, 0], [69, 1418], [-71, -1418]]
[[1, 0], [69, 709], [-141, -1418]]
[[1, 0], [69, 709], [-70, -709]]
[[1, 0], [69, 709], [-71, -709]]
[[1, 0], [690, 709], [-1383, -1418]]
[[1, 0], [691, 1418], [-693, -1418]]
[[1, 0], [691, 709], [-1385, -1418]]
[[1, 0], [692, 709], [-1387, -1418]]
[[1, 0], [693, 1418], [-695, -1418]]
[[1, 0], [693, 709], [-1389, -1418]]
[[1, 0], [694, 709], [-1391, -1418]]
[[1, 0], [695, 1418], [-697, -1418]]
[[1, 0], [695, 709], [-1393, -1418]]
[[1, 0], [696, 709], [-1395, -1418]]
[[1, 0], [697, 1418], [-699, -1418]]
[[1, 0], [697, 709], [-1397, -1418]]
[[1, 0], [698, 709], [-1399, -1418]]
[[1, 0], [699, 1418], [-701, -1418]]
[[1, 0], [699, 709], [-1401, -1418]]
[[1, 0], [7, 1418], [-9, -1418]]
[[1, 0], [7, 2127], [-8, -2127]]
[[1, 0], [7, 709], [-17, -1418]]
[[1, 0], [7, 709], [-8, -709]]
[[1, 0], [7, 709], [-9, -709]]
[[1, 0], [70, 2127], [-71, -2127]]
[[1, 0], [70, 709], [-143, -1418]]
[[1, 0], [70, 709], [-72, -709]]
[[1, 0], [700, 709], [-1403, -1418]]
[[1, 0], [701, 1418], [-703, -1418]]
[[1, 0], [701, 709], [-1405, -1418]]
[[1, 0], [702, 709], [-1407, -1418]]
[[1, 0], [702, 709], [-704, -709]]
[[1, 0], [703, 1418], [-705, -1418]]
[[1, 0], [703, 709], [-1409, -1418]]
[[1, 0], [704, 709], [-1411, -1418]]
[[1, 0], [705, 1418], [-707, -1418]]
[[1, 0], [705, 709], [-1413, -1418]]
[[1, 0], [706, 709], [-1415, -1418]]
[[1, 0], [707, 709], [-1417, -1418]]
[[1, 0], [708, 709], [-1419, -1418]]
[[1, 0], [708, 709], [-710, -709]]
[[1, 0], [71, 1418], [-73, -1418]]
[[1, 0], [71, 709], [-145, -1418]]
[[1, 0], [71, 709], [-73, -709]]
[[1, 0], [715, 2127], [-716, -2127]]
[[1, 0], [72, 709], [-147, -1418]]
[[1, 0], [72, 709], [-74, -709]]
[[1, 0], [73, 1418], [-75, -1418]]
[[1, 0], [73, 2127], [-74, -2127]]
[[1, 0], [73, 709], [-149, -1418]]
[[1, 0], [73, 709], [-75, -709]]
[[1, 0], [74, 709], [-151, -1418]]
[[1, 0], [74, 709], [-75, -709]]
[[1, 0], [74, 709], [-76, -709]]
[[1, 0], [745, 2127], [-746, -2127]]
[[1, 0], [75, 1418], [-77, -1418]]
[[1, 0], [75, 709], [-153, -1418]]
[[1, 0], [75, 709], [-77, -709]]
[[1, 0], [76, 709], [-155, -1418]]
[[1, 0], [76, 709], [-78, -709]]
[[1, 0], [77, 1418], [-79, -1418]]
[[1, 0], [77, 709], [-157, -1418]]
[[1, 0], [77, 709], [-78, -709]]
[[1, 0], [77, 709], [-79, -709]]
[[1, 0], [78, 709], [-159, -1418]]
[[1, 0], [78, 709], [-79, -709]]
[[1, 0], [78, 709], [-80, -709]]
[[1, 0], [79, 1418], [-81, -1418]]
[[1, 0], [79, 2127], [-80, -2127]]
[[1, 0], [79, 709], [-161, -1418]]
[[1, 0], [79, 709], [-80, -709]]
[[1, 0], [79, 709], [-81, -709]]
[[1, 0], [8, 709], [-10, -709]]
[[1, 0], [8, 709], [-19, -1418]]
[[1, 0], [8, 709], [-9, -709]]
[[1, 0], [80, 709], [-163, -1418]]
[[1, 0], [80, 709], [-82, -709]]
[[1, 0], [81, 1418], [-83, -1418]]
[[1, 0], [81, 709], [-165, -1418]]
[[1, 0], [81, 709], [-83, -709]]
[[1, 0], [82, 2127], [-83, -2127]]
[[1, 0], [82, 709], [-167, -1418]]
[[1, 0], [82, 709], [-83, -709]]
[[1, 0], [82, 709], [-84, -709]]
[[1, 0], [83, 1418], [-85, -1418]]
[[1, 0], [83, 709], [-169, -1418]]
[[1, 0], [83, 709], [-84, -709]]
[[1, 0], [83, 709], [-85, -709]]
[[1, 0], [84, 709], [-171, -1418]]
[[1, 0], [84, 709], [-85, -709]]
[[1, 0], [84, 709], [-86, -709]]
[[1, 0], [85, 1418], [-87, -1418]]
[[1, 0], [85, 2127], [-86, -2127]]
[[1, 0], [85, 709], [-173, -1418]]
[[1, 0], [85, 709], [-86, -709]]
[[1, 0], [85, 709], [-87, -709]]
[[1, 0], [86, 709], [-175, -1418]]
[[1, 0], [86, 709], [-87, -709]]
[[1, 0], [86, 709], [-88, -709]]
[[1, 0], [87, 1418], [-89, -1418]]
[[1, 0], [87, 709], [-177, -1418]]
[[1, 0], [87, 709], [-88, -709]]
[[1, 0], [87, 709], [-89, -709]]
[[1, 0], [88, 2127], [-89, -2127]]
[[1, 0], [88, 709], [-179, -1418]]
[[1, 0], [88, 709], [-89, -709]]
[[1, 0], [88, 709], [-90, -709]]
[[1, 0], [89, 1418], [-91, -1418]]
[[1, 0], [89, 709], [-181, -1418]]
[[1, 0], [89, 709], [-90, -709]]
[[1, 0], [89, 709], [-91, -709]]
[[1, 0], [9, 1418], [-11, -1418]]
[[1, 0], [9, 709], [-10, -709]]
[[1, 0], [9, 709], [-11, -709]]
[[1, 0], [9, 709], [-21, -1418]]
[[1, 0], [90, 709], [-183, -1418]]
[[1, 0], [90, 709], [-91, -709]]
[[1, 0], [90, 709], [-92, -709]]
[[1, 0], [91, 1418], [-93, -1418]]
[[1, 0], [91, 2127], [-92, -2127]]
[[1, 0], [91, 709], [-185, -1418]]
[[1, 0], [91, 709], [-92, -709]]
[[1, 0], [91, 709], [-93, -709]]
[[1, 0], [92, 709], [-187, -1418]]
[[1, 0], [92, 709], [-94, -709]]
[[1, 0], [93, 1418], [-95, -1418]]
[[1, 0], [93, 709], [-189, -1418]]
[[1, 0], [93, 709], [-95, -709]]
[[1, 0], [94, 2127], [-95, -2127]]
[[1, 0], [94, 709], [-191, -1418]]
[[1, 0], [94, 709], [-95, -709]]
[[1, 0], [94, 709], [-96, -709]]
[[1, 0], [95, 1418], [-97, -1418]]
[[1, 0], [95, 709], [-193, -1418]]
[[1, 0], [95, 709], [-96, -709]]
[[1, 0], [95, 709], [-97, -709]]
[[1, 0], [96, 709], [-195, -1418]]
[[1, 0], [96, 709], [-98, -709]]
[[1, 0], [97, 1418], [-99, -1418]]
[[1, 0], [97, 2127], [-98, -2127]]
[[1, 0], [97, 709], [-197, -1418]]
[[1, 0], [97, 709], [-98, -709]]
[[1, 0], [97, 709], [-99, -709]]
[[1, 0], [98, 709], [-100, -709]]
[[1, 0], [98, 709], [-199, -1418]]
[[1, 0], [98, 709], [-99, -709]]
[[1, 0], [99, 1418], [-101, -1418]]
[[1, 0], [99, 709], [-101, -709]]
[[1, 0], [99, 709], [-201, -1418]]
