[[1, 0], [0, 1], [-1023, -92]]
[[1, 0], [0, 1], [-1035, -44]]
[[1, 0], [0, 1], [-10879, -128]]
[[1, 0], [0, 1], [-10879, -85]]
[[1, 0], [0, 1], [-110, -69]]
[[1, 0], [0, 1], [-1104, -143]]
[[1, 0], [0, 1], [-115, -44]]
[[1, 0], [0, 1], [-132, -23]]
[[1, 0], [0, 1], [-138, -11]]
[[1, 0], [0, 1], [-1529, -138]]
[[1, 0], [0, 1], [-1541, -66]]
[[1, 0], [0, 1], [-1650, -299]]
[[1, 0], [0, 1], [-184, -55]]
[[1, 0], [0, 1], [-2024, -135]]
[[1, 0], [0, 1], [-2024, -15]]
[[1, 0], [0, 1], [-2047, -88]]
[[1, 0], [0, 1], [-207, -143]]
[[1, 0], [0, 1], [-207, -44]]
[[1, 0], [0, 1], [-2277, -134]]
[[1, 0], [0, 1], [-2277, -17]]
[[1, 0], [0, 1], [-23, -11]]
[[1, 0], [0, 1], [-253, -127]]
[[1, 0], [0, 1], [-253, -1]]
[[1, 0], [0, 1], [-253, -2]]
[[1, 0], [0, 1], [-254, -253]]
[[1, 0], [0, 1], [-264, -23]]
[[1, 0], [0, 1], [-276, -11]]
[[1, 0], [0, 1], [-2783, -32]]
[[1, 0], [0, 1], [-2783, -87]]
[[1, 0], [0, 1], [-299, -220]]
[[1, 0], [0, 1], [-3047, -276]]
[[1, 0], [0, 1], [-3059, -132]]
[[1, 0], [0, 1], [-3174, -275]]
[[1, 0], [0, 1], [-319, -115]]
[[1, 0], [0, 1], [-322, -209]]
[[1, 0], [0, 1], [-32384, -127]]
[[1, 0], [0, 1], [-32384, -255]]
[[1, 0], [0, 1], [-33, -23]]
[[1, 0], [0, 1], [-407, -184]]
[[1, 0], [0, 1], [-44, -23]]
[[1, 0], [0, 1], [-46, -11]]
[[1, 0], [0, 1], [-506, -13]]
[[1, 0], [0, 1], [-506, -169]]
[[1, 0], [0, 1], [-506, -1]]
[[1, 0], [0, 1], [-506, -39]]
[[1, 0], [0, 1], [-506, -3]]
[[1, 0], [0, 1], [-507, -506]]
[[1, 0], [0, 1], [-517, -46]]
[[1, 0], [0, 1], [-529, -22]]
[[1, 0], [0, 1], [-575, -99]]
[[1, 0], [0, 1], [-594, -161]]
[[1, 0], [0, 1], [-6095, -264]]
[[1, 0], [0, 1], [-644, -55]]
[[1, 0], [0, 1], [-64515, -254]]
[[1, 0], [0, 1], [-6578, -129]]
[[1, 0], [0, 1], [-6578, -51]]
[[1, 0], [0, 1], [-66, -23]]
[[1, 0], [0, 1], [-69, -11]]
[[1, 0], [0, 1], [-713, -154]]
[[1, 0], [0, 1], [-759, -152]]
[[1, 0], [0, 1], [-759, -20]]
[[1, 0], [0, 1], [-759, -2]]
[[1, 0], [0, 1], [-759, -380]]
[[1, 0], [0, 1], [-759, -38]]
[[1, 0], [0, 1], [-759, -5]]
[[1, 0], [0, 1], [-759, -8]]
[[1, 0], [0, 1], [-759, -95]]
[[1, 0], [0, 1], [-77, -69]]
[[1, 0], [0, 1], [-770, -69]]
[[1, 0], [0, 1], [-782, -33]]
[[1, 0], [0, 1], [-88, -23]]
[[1, 0], [0, 1], [-92, -11]]
[[1, 0], [1, 10], [-519, -130]]
[[1, 0], [1, 10], [-74, -165]]
[[1, 0], [1, 10], [-8, -11]]
[[1, 0], [1, 115], [-14, -345]]
[[1, 0], [1, 11], [-104, -385]]
[[1, 0], [1, 11], [-119, -44]]
[[1, 0], [1, 11], [-123, -341]]
[[1, 0], [1, 11], [-144, -319]]
[[1, 0], [1, 11], [-167, -66]]
[[1, 0], [1, 11], [-188, -297]]
[[1, 0], [1, 11], [-215, -88]]
[[1, 0], [1, 11], [-233, -286]]
[[1, 0], [1, 11], [-24, -11]]
[[1, 0], [1, 11], [-25, -22]]
[[1, 0], [1, 11], [-26, -33]]
[[1, 0], [1, 11], [-27, -44]]
[[1, 0], [1, 11], [-29, -66]]
[[1, 0], [1, 11], [-31, -88]]
[[1, 0], [1, 11], [-311, -132]]
[[1, 0], [1, 11], [-324, -275]]
[[1, 0], [1, 11], [-35, -132]]
[[1, 0], [1, 11], [-47, -11]]
[[1, 0], [1, 11], [-47, -253]]
[[1, 0], [1, 11], [-599, -264]]
[[1, 0], [1, 11], [-71, -22]]
[[1, 0], [1, 11], [-74, -55]]
[[1, 0], [1, 11], [-83, -154]]
[[1, 0], [1, 11], [-93, -506]]
[[1, 0], [1, 11], [-95, -33]]
[[1, 0], [1, 127], [-507, -127]]
[[1, 0], [1, 127], [-761, -254]]
[[1, 0], [1, 128], [-255, -256]]
[[1, 0], [1, 12], [-103, -92]]
[[1, 0], [1, 12], [-111, -44]]
[[1, 0], [1, 12], [-149, -138]]
[[1, 0], [1, 12], [-15, -88]]
[[1, 0], [1, 12], [-155, -66]]
[[1, 0], [1, 12], [-17, -66]]
[[1, 0], [1, 12], [-199, -88]]
[[1, 0], [1, 12], [-287, -132]]
[[1, 0], [1, 12], [-287, -276]]
[[1, 0], [1, 12], [-34, -23]]
[[1, 0], [1, 12], [-551, -264]]
[[1, 0], [1, 12], [-57, -46]]
[[1, 0], [1, 12], [-67, -22]]
[[1, 0], [1, 12], [-80, -69]]
[[1, 0], [1, 12], [-89, -33]]
[[1, 0], [1, 132], [-47, -132]]
[[1, 0], [1, 132], [-71, -264]]
[[1, 0], [1, 138], [-35, -276]]
[[1, 0], [1, 13], [-103, -143]]
[[1, 0], [1, 13], [-155, -299]]
[[1, 0], [1, 13], [-17, -23]]
[[1, 0], [1, 13], [-779, -260]]
[[1, 0], [1, 143], [-25, -286]]
[[1, 0], [1, 14], [-111, -322]]
[[1, 0], [1, 14], [-19, -46]]
[[1, 0], [1, 14], [-39, -40]]
[[1, 0], [1, 14], [-75, -38]]
[[1, 0], [1, 15], [-19, -55]]
[[1, 0], [1, 15], [-20, -69]]
[[1, 0], [1, 15], [-2294, -255]]
[[1, 0], [1, 15], [-254, -15]]
[[1, 0], [1, 15], [-271, -17]]
[[1, 0], [1, 15], [-3, -22]]
[[1, 0], [1, 15], [-560, -51]]
[[1, 0], [1, 15], [-849, -85]]
[[1, 0], [1, 15], [-89, -345]]
[[1, 0], [1, 161], [-13, -322]]
[[1, 0], [1, 16], [-135, -136]]
[[1, 0], [1, 16], [-255, -32]]
[[1, 0], [1, 16], [-39, -184]]
[[1, 0], [1, 16], [-767, -128]]
[[1, 0], [1, 17], [-2039, -255]]
[[1, 0], [1, 17], [-254, -17]]
[[1, 0], [1, 17], [-509, -51]]
[[1, 0], [1, 17], [-67, -391]]
[[1, 0], [1, 17], [-764, -85]]
[[1, 0], [1, 18], [-134, -135]]
[[1, 0], [1, 18], [-17, -99]]
[[1, 0], [1, 19], [-56, -437]]
[[1, 0], [1, 20], [-14, -115]]
[[1, 0], [1, 20], [-519, -260]]
[[1, 0], [1, 21], [-38, -39]]
[[1, 0], [1, 21], [-8, -69]]
[[1, 0], [1, 22], [-119, -88]]
[[1, 0], [1, 22], [-14, -55]]
[[1, 0], [1, 22], [-167, -132]]
[[1, 0], [1, 22], [-24, -253]]
[[1, 0], [1, 22], [-31, -176]]
[[1, 0], [1, 22], [-311, -264]]
[[1, 0], [1, 22], [-47, -22]]
[[1, 0], [1, 22], [-47, -506]]
[[1, 0], [1, 22], [-59, -33]]
[[1, 0], [1, 22], [-64, -143]]
[[1, 0], [1, 22], [-71, -44]]
[[1, 0], [1, 22], [-83, -308]]
[[1, 0], [1, 22], [-95, -66]]
[[1, 0], [1, 23], [-12, -23]]
[[1, 0], [1, 23], [-13, -46]]
[[1, 0], [1, 23], [-14, -69]]
[[1, 0], [1, 23], [-15, -92]]
[[1, 0], [1, 23], [-155, -276]]
[[1, 0], [1, 23], [-17, -138]]
[[1, 0], [1, 23], [-35, -46]]
[[1, 0], [1, 23], [-45, -506]]
[[1, 0], [1, 23], [-47, -69]]
[[1, 0], [1, 23], [-50, -391]]
[[1, 0], [1, 23], [-59, -345]]
[[1, 0], [1, 23], [-59, -92]]
[[1, 0], [1, 23], [-83, -138]]
[[1, 0], [1, 23], [-90, -299]]
[[1, 0], [1, 24], [-111, -88]]
[[1, 0], [1, 24], [-15, -176]]
[[1, 0], [1, 24], [-155, -132]]
[[1, 0], [1, 24], [-287, -264]]
[[1, 0], [1, 24], [-56, -33]]
[[1, 0], [1, 24], [-67, -44]]
[[1, 0], [1, 24], [-89, -66]]
[[1, 0], [1, 253], [-2, -253]]
[[1, 0], [1, 253], [-3, -253]]
[[1, 0], [1, 253], [-5, -506]]
[[1, 0], [1, 254], [-507, -254]]
[[1, 0], [1, 255], [-254, -255]]
[[1, 0], [1, 25], [-149, -275]]
[[1, 0], [1, 25], [-39, -55]]
[[1, 0], [1, 25], [-9, -110]]
[[1, 0], [1, 264], [-47, -264]]
[[1, 0], [1, 26], [-103, -286]]
[[1, 0], [1, 26], [-129, -65]]
[[1, 0], [1, 275], [-24, -275]]
[[1, 0], [1, 27], [-14, -33]]
[[1, 0], [1, 27], [-5, -66]]
[[1, 0], [1, 27], [-80, -297]]
[[1, 0], [1, 28], [-20, -77]]
[[1, 0], [1, 299], [-12, -299]]
[[1, 0], [1, 29], [-57, -319]]
[[1, 0], [1, 2], [-103, -22]]
[[1, 0], [1, 2], [-1079, -88]]
[[1, 0], [1, 2], [-11007, -256]]
[[1, 0], [1, 2], [-111, -46]]
[[1, 0], [1, 2], [-1160, -43]]
[[1, 0], [1, 2], [-1247, -286]]
[[1, 0], [1, 2], [-128, -3]]
[[1, 0], [1, 2], [-129, -115]]
[[1, 0], [1, 2], [-129, -5]]
[[1, 0], [1, 2], [-134, -15]]
[[1, 0], [1, 2], [-135, -17]]
[[1, 0], [1, 2], [-149, -23]]
[[1, 0], [1, 2], [-152, -51]]
[[1, 0], [1, 2], [-155, -11]]
[[1, 0], [1, 2], [-159, -88]]
[[1, 0], [1, 2], [-1607, -132]]
[[1, 0], [1, 2], [-16382, -127]]
[[1, 0], [1, 2], [-1667, -276]]
[[1, 0], [1, 2], [-169, -85]]
[[1, 0], [1, 2], [-17, -11]]
[[1, 0], [1, 2], [-179, -138]]
[[1, 0], [1, 2], [-2159, -270]]
[[1, 0], [1, 2], [-239, -110]]
[[1, 0], [1, 2], [-2411, -268]]
[[1, 0], [1, 2], [-254, -253]]
[[1, 0], [1, 2], [-255, -4]]
[[1, 0], [1, 2], [-2815, -64]]
[[1, 0], [1, 2], [-287, -22]]
[[1, 0], [1, 2], [-287, -46]]
[[1, 0], [1, 2], [-3191, -264]]
[[1, 0], [1, 2], [-32511, -254]]
[[1, 0], [1, 2], [-39, -23]]
[[1, 0], [1, 2], [-419, -33]]
[[1, 0], [1, 2], [-425, -69]]
[[1, 0], [1, 2], [-507, -2]]
[[1, 0], [1, 2], [-507, -506]]
[[1, 0], [1, 2], [-519, -26]]
[[1, 0], [1, 2], [-519, -440]]
[[1, 0], [1, 2], [-531, -418]]
[[1, 0], [1, 2], [-551, -44]]
[[1, 0], [1, 2], [-563, -92]]
[[1, 0], [1, 2], [-591, -368]]
[[1, 0], [1, 2], [-6707, -258]]
[[1, 0], [1, 2], [-675, -338]]
[[1, 0], [1, 2], [-74, -33]]
[[1, 0], [1, 2], [-755, -322]]
[[1, 0], [1, 2], [-767, -16]]
[[1, 0], [1, 2], [-815, -66]]
[[1, 0], [1, 2], [-839, -138]]
[[1, 0], [1, 2], [-867, -308]]
[[1, 0], [1, 2], [-911, -304]]
[[1, 0], [1, 30], [-19, -110]]
[[1, 0], [1, 30], [-3, -44]]
[[1, 0], [1, 30], [-8, -33]]
[[1, 0], [1, 32], [-255, -64]]
[[1, 0], [1, 32], [-767, -256]]
[[1, 0], [1, 33], [-119, -132]]
[[1, 0], [1, 33], [-12, -143]]
[[1, 0], [1, 33], [-215, -264]]
[[1, 0], [1, 33], [-26, -99]]
[[1, 0], [1, 33], [-35, -396]]
[[1, 0], [1, 33], [-47, -33]]
[[1, 0], [1, 33], [-71, -66]]
[[1, 0], [1, 33], [-87, -88]]
[[1, 0], [1, 35], [-34, -385]]
[[1, 0], [1, 36], [-17, -198]]
[[1, 0], [1, 3], [-103, -23]]
[[1, 0], [1, 3], [-1079, -132]]
[[1, 0], [1, 3], [-10964, -255]]
[[1, 0], [1, 3], [-111, -11]]
[[1, 0], [1, 3], [-1115, -276]]
[[1, 0], [1, 3], [-127, -128]]
[[1, 0], [1, 3], [-15, -22]]
[[1, 0], [1, 3], [-179, -207]]
[[1, 0], [1, 3], [-19, -11]]
[[1, 0], [1, 3], [-195, -46]]
[[1, 0], [1, 3], [-199, -22]]
[[1, 0], [1, 3], [-2135, -264]]
[[1, 0], [1, 3], [-2294, -51]]
[[1, 0], [1, 3], [-239, -165]]
[[1, 0], [1, 3], [-254, -3]]
[[1, 0], [1, 3], [-287, -33]]
[[1, 0], [1, 3], [-287, -69]]
[[1, 0], [1, 3], [-2870, -261]]
[[1, 0], [1, 3], [-339, -5]]
[[1, 0], [1, 3], [-347, -29]]
[[1, 0], [1, 3], [-350, -429]]
[[1, 0], [1, 3], [-3739, -85]]
[[1, 0], [1, 3], [-375, -44]]
[[1, 0], [1, 3], [-379, -92]]
[[1, 0], [1, 3], [-380, -381]]
[[1, 0], [1, 3], [-41, -46]]
[[1, 0], [1, 3], [-434, -345]]
[[1, 0], [1, 3], [-551, -66]]
[[1, 0], [1, 3], [-563, -138]]
[[1, 0], [1, 3], [-674, -297]]
[[1, 0], [1, 3], [-727, -88]]
[[1, 0], [1, 3], [-764, -15]]
[[1, 0], [1, 3], [-80, -33]]
[[1, 0], [1, 3], [-849, -17]]
[[1, 0], [1, 3], [-854, -285]]
[[1, 0], [1, 3], [-89, -69]]
[[1, 0], [1, 3], [-95, -32]]
[[1, 0], [1, 44], [-167, -264]]
[[1, 0], [1, 44], [-31, -352]]
[[1, 0], [1, 44], [-47, -44]]
[[1, 0], [1, 44], [-59, -66]]
[[1, 0], [1, 44], [-71, -88]]
[[1, 0], [1, 44], [-8, -99]]
[[1, 0], [1, 44], [-95, -132]]
[[1, 0], [1, 46], [-12, -253]]
[[1, 0], [1, 46], [-15, -184]]
[[1, 0], [1, 46], [-20, -161]]
[[1, 0], [1, 46], [-29, -69]]
[[1, 0], [1, 46], [-35, -92]]
[[1, 0], [1, 46], [-47, -138]]
[[1, 0], [1, 46], [-83, -276]]
[[1, 0], [1, 4], [-129, -10]]
[[1, 0], [1, 4], [-129, -230]]
[[1, 0], [1, 4], [-135, -34]]
[[1, 0], [1, 4], [-14, -23]]
[[1, 0], [1, 4], [-149, -46]]
[[1, 0], [1, 4], [-155, -22]]
[[1, 0], [1, 4], [-159, -176]]
[[1, 0], [1, 4], [-1607, -264]]
[[1, 0], [1, 4], [-169, -170]]
[[1, 0], [1, 4], [-17, -22]]
[[1, 0], [1, 4], [-20, -11]]
[[1, 0], [1, 4], [-218, -69]]
[[1, 0], [1, 4], [-221, -33]]
[[1, 0], [1, 4], [-255, -8]]
[[1, 0], [1, 4], [-2815, -128]]
[[1, 0], [1, 4], [-287, -44]]
[[1, 0], [1, 4], [-287, -92]]
[[1, 0], [1, 4], [-39, -46]]
[[1, 0], [1, 4], [-419, -66]]
[[1, 0], [1, 4], [-425, -138]]
[[1, 0], [1, 4], [-519, -52]]
[[1, 0], [1, 4], [-551, -88]]
[[1, 0], [1, 4], [-767, -32]]
[[1, 0], [1, 4], [-80, -23]]
[[1, 0], [1, 4], [-815, -132]]
[[1, 0], [1, 4], [-839, -276]]
[[1, 0], [1, 4], [-89, -11]]
[[1, 0], [1, 506], [-3, -506]]
[[1, 0], [1, 51], [-254, -51]]
[[1, 0], [1, 51], [-339, -85]]
[[1, 0], [1, 51], [-764, -255]]
[[1, 0], [1, 52], [-129, -130]]
[[1, 0], [1, 55], [-24, -55]]
[[1, 0], [1, 55], [-29, -330]]
[[1, 0], [1, 55], [-6, -77]]
[[1, 0], [1, 55], [-74, -275]]
[[1, 0], [1, 5], [-1427, -51]]
[[1, 0], [1, 5], [-149, -55]]
[[1, 0], [1, 5], [-20, -23]]
[[1, 0], [1, 5], [-2294, -85]]
[[1, 0], [1, 5], [-254, -5]]
[[1, 0], [1, 5], [-34, -55]]
[[1, 0], [1, 5], [-39, -11]]
[[1, 0], [1, 5], [-509, -15]]
[[1, 0], [1, 5], [-519, -65]]
[[1, 0], [1, 5], [-560, -17]]
[[1, 0], [1, 5], [-6629, -255]]
[[1, 0], [1, 5], [-699, -275]]
[[1, 0], [1, 5], [-89, -115]]
[[1, 0], [1, 5], [-9, -22]]
[[1, 0], [1, 64], [-255, -128]]
[[1, 0], [1, 66], [-119, -264]]
[[1, 0], [1, 66], [-14, -165]]
[[1, 0], [1, 66], [-47, -66]]
[[1, 0], [1, 66], [-71, -132]]
[[1, 0], [1, 69], [-17, -414]]
[[1, 0], [1, 69], [-27, -92]]
[[1, 0], [1, 69], [-35, -138]]
[[1, 0], [1, 69], [-59, -276]]
[[1, 0], [1, 69], [-6, -161]]
[[1, 0], [1, 69], [-9, -115]]
[[1, 0], [1, 6], [-103, -46]]
[[1, 0], [1, 6], [-1079, -264]]
[[1, 0], [1, 6], [-111, -22]]
[[1, 0], [1, 6], [-1160, -129]]
[[1, 0], [1, 6], [-134, -45]]
[[1, 0], [1, 6], [-149, -69]]
[[1, 0], [1, 6], [-15, -44]]
[[1, 0], [1, 6], [-152, -153]]
[[1, 0], [1, 6], [-155, -33]]
[[1, 0], [1, 6], [-17, -33]]
[[1, 0], [1, 6], [-179, -414]]
[[1, 0], [1, 6], [-19, -22]]
[[1, 0], [1, 6], [-195, -92]]
[[1, 0], [1, 6], [-199, -44]]
[[1, 0], [1, 6], [-239, -330]]
[[1, 0], [1, 6], [-287, -138]]
[[1, 0], [1, 6], [-287, -66]]
[[1, 0], [1, 6], [-375, -88]]
[[1, 0], [1, 6], [-551, -132]]
[[1, 0], [1, 6], [-563, -276]]
[[1, 0], [1, 6], [-57, -23]]
[[1, 0], [1, 6], [-67, -11]]
[[1, 0], [1, 759], [-2, -759]]
[[1, 0], [1, 77], [-27, -308]]
[[1, 0], [1, 7], [-111, -161]]
[[1, 0], [1, 7], [-146, -483]]
[[1, 0], [1, 7], [-19, -23]]
[[1, 0], [1, 7], [-251, -308]]
[[1, 0], [1, 7], [-34, -77]]
[[1, 0], [1, 7], [-38, -13]]
[[1, 0], [1, 7], [-39, -20]]
[[1, 0], [1, 7], [-545, -273]]
[[1, 0], [1, 7], [-75, -19]]
[[1, 0], [1, 7], [-797, -266]]
[[1, 0], [1, 7], [-8, -23]]
[[1, 0], [1, 85], [-254, -85]]
[[1, 0], [1, 85], [-509, -255]]
[[1, 0], [1, 86], [-128, -129]]
[[1, 0], [1, 88], [-47, -88]]
[[1, 0], [1, 88], [-59, -132]]
[[1, 0], [1, 88], [-95, -264]]
[[1, 0], [1, 8], [-122, -33]]
[[1, 0], [1, 8], [-135, -68]]
[[1, 0], [1, 8], [-155, -44]]
[[1, 0], [1, 8], [-159, -352]]
[[1, 0], [1, 8], [-221, -66]]
[[1, 0], [1, 8], [-255, -16]]
[[1, 0], [1, 8], [-2815, -256]]
[[1, 0], [1, 8], [-287, -88]]
[[1, 0], [1, 8], [-39, -92]]
[[1, 0], [1, 8], [-419, -132]]
[[1, 0], [1, 8], [-56, -11]]
[[1, 0], [1, 8], [-767, -64]]
[[1, 0], [1, 8], [-815, -264]]
[[1, 0], [1, 8], [-89, -22]]
[[1, 0], [1, 92], [-15, -368]]
[[1, 0], [1, 92], [-29, -138]]
[[1, 0], [1, 92], [-4, -115]]
[[1, 0], [1, 92], [-47, -276]]
[[1, 0], [1, 99], [-26, -297]]
[[1, 0], [1, 9], [-14, -11]]
[[1, 0], [1, 9], [-347, -87]]
[[1, 0], [1, 9], [-41, -138]]
[[1, 0], [1, 9], [-5, -22]]
[[1, 0], [1, 9], [-80, -99]]
[[1, 0], [1, 9], [-95, -96]]
[[1, 0], [10, 11], [-103, -88]]
[[1, 0], [10, 11], [-119, -55]]
[[1, 0], [10, 11], [-122, -33]]
[[1, 0], [10, 11], [-155, -44]]
[[1, 0], [10, 11], [-221, -66]]
[[1, 0], [10, 11], [-24, -23]]
[[1, 0], [10, 11], [-254, -253]]
[[1, 0], [10, 11], [-287, -88]]
[[1, 0], [10, 11], [-402, -341]]
[[1, 0], [10, 11], [-405, -319]]
[[1, 0], [10, 11], [-419, -132]]
[[1, 0], [10, 11], [-419, -385]]
[[1, 0], [10, 11], [-43, -22]]
[[1, 0], [10, 11], [-431, -297]]
[[1, 0], [10, 11], [-467, -286]]
[[1, 0], [10, 11], [-47, -46]]
[[1, 0], [10, 11], [-507, -506]]
[[1, 0], [10, 11], [-53, -33]]
[[1, 0], [10, 11], [-549, -275]]
[[1, 0], [10, 11], [-56, -11]]
[[1, 0], [10, 11], [-59, -12]]
[[1, 0], [10, 11], [-63, -44]]
[[1, 0], [10, 11], [-815, -264]]
[[1, 0], [10, 11], [-83, -66]]
[[1, 0], [10, 11], [-89, -22]]
[[1, 0], [10, 11], [-95, -24]]
[[1, 0], [10, 23], [-122, -253]]
[[1, 0], [10, 23], [-137, -138]]
[[1, 0], [10, 23], [-194, -345]]
[[1, 0], [10, 23], [-195, -322]]
[[1, 0], [10, 23], [-203, -391]]
[[1, 0], [10, 23], [-243, -506]]
[[1, 0], [10, 23], [-263, -276]]
[[1, 0], [10, 23], [-31, -46]]
[[1, 0], [10, 23], [-32, -23]]
[[1, 0], [10, 23], [-41, -69]]
[[1, 0], [10, 23], [-51, -92]]
[[1, 0], [10, 23], [-53, -46]]
[[1, 0], [10, 23], [-71, -138]]
[[1, 0], [10, 23], [-74, -69]]
[[1, 0], [10, 23], [-95, -92]]
[[1, 0], [10, 253], [-12, -253]]
[[1, 0], [10, 33], [-111, -88]]
[[1, 0], [10, 33], [-155, -132]]
[[1, 0], [10, 33], [-287, -264]]
[[1, 0], [10, 33], [-51, -143]]
[[1, 0], [10, 33], [-53, -99]]
[[1, 0], [10, 33], [-56, -33]]
[[1, 0], [10, 33], [-67, -44]]
[[1, 0], [10, 33], [-89, -66]]
[[1, 0], [10, 69], [-24, -115]]
[[1, 0], [10, 69], [-27, -161]]
[[1, 0], [10, 69], [-32, -69]]
[[1, 0], [10, 69], [-39, -92]]
[[1, 0], [10, 69], [-53, -138]]
[[1, 0], [10, 69], [-71, -414]]
[[1, 0], [10, 69], [-95, -276]]
[[1, 0], [10, 99], [-53, -297]]
[[1, 0], [100, 253], [-102, -253]]
[[1, 0], [100, 253], [-203, -506]]
[[1, 0], [100, 759], [-101, -759]]
[[1, 0], [101, 115], [-314, -345]]
[[1, 0], [101, 253], [-102, -253]]
[[1, 0], [101, 253], [-103, -253]]
[[1, 0], [101, 253], [-205, -506]]
[[1, 0], [101, 275], [-124, -275]]
[[1, 0], [101, 506], [-103, -506]]
[[1, 0], [102, 253], [-104, -253]]
[[1, 0], [103, 138], [-239, -276]]
[[1, 0], [103, 253], [-105, -253]]
[[1, 0], [103, 506], [-105, -506]]
[[1, 0], [104, 253], [-211, -506]]
[[1, 0], [105, 143], [-233, -286]]
[[1, 0], [105, 253], [-107, -253]]
[[1, 0], [105, 253], [-213, -506]]
[[1, 0], [105, 299], [-116, -299]]
[[1, 0], [105, 506], [-107, -506]]
[[1, 0], [106, 115], [-329, -345]]
[[1, 0], [106, 161], [-223, -322]]
[[1, 0], [106, 253], [-108, -253]]
[[1, 0], [106, 253], [-215, -506]]
[[1, 0], [106, 759], [-107, -759]]
[[1, 0], [107, 253], [-109, -253]]
[[1, 0], [107, 253], [-217, -506]]
[[1, 0], [107, 506], [-109, -506]]
[[1, 0], [108, 253], [-219, -506]]
[[1, 0], [109, 132], [-155, -132]]
[[1, 0], [109, 132], [-287, -264]]
[[1, 0], [109, 138], [-251, -276]]
[[1, 0], [109, 253], [-111, -253]]
[[1, 0], [109, 253], [-221, -506]]
[[1, 0], [109, 276], [-131, -276]]
[[1, 0], [109, 506], [-111, -506]]
[[1, 0], [11, 115], [-44, -345]]
[[1, 0], [11, 23], [-133, -253]]
[[1, 0], [11, 23], [-143, -138]]
[[1, 0], [11, 23], [-209, -322]]
[[1, 0], [11, 23], [-209, -345]]
[[1, 0], [11, 23], [-220, -299]]
[[1, 0], [11, 23], [-220, -391]]
[[1, 0], [11, 23], [-265, -506]]
[[1, 0], [11, 23], [-275, -276]]
[[1, 0], [11, 23], [-33, -23]]
[[1, 0], [11, 23], [-33, -46]]
[[1, 0], [11, 23], [-44, -69]]
[[1, 0], [11, 23], [-55, -46]]
[[1, 0], [11, 23], [-55, -92]]
[[1, 0], [11, 23], [-77, -138]]
[[1, 0], [11, 23], [-77, -69]]
[[1, 0], [11, 23], [-99, -92]]
[[1, 0], [11, 46], [-133, -506]]
[[1, 0], [11, 46], [-143, -276]]
[[1, 0], [11, 46], [-33, -46]]
[[1, 0], [11, 46], [-44, -69]]
[[1, 0], [11, 46], [-55, -161]]
[[1, 0], [11, 46], [-55, -184]]
[[1, 0], [11, 46], [-55, -92]]
[[1, 0], [11, 46], [-67, -253]]
[[1, 0], [11, 46], [-77, -138]]
[[1, 0], [111, 115], [-344, -345]]
[[1, 0], [111, 253], [-113, -253]]
[[1, 0], [111, 253], [-225, -506]]
[[1, 0], [111, 506], [-113, -506]]
[[1, 0], [112, 253], [-114, -253]]
[[1, 0], [112, 253], [-227, -506]]
[[1, 0], [113, 161], [-237, -322]]
[[1, 0], [113, 253], [-229, -506]]
[[1, 0], [114, 253], [-116, -253]]
[[1, 0], [116, 253], [-118, -253]]
[[1, 0], [116, 253], [-235, -506]]
[[1, 0], [117, 253], [-119, -253]]
[[1, 0], [117, 253], [-237, -506]]
[[1, 0], [117, 506], [-119, -506]]
[[1, 0], [118, 143], [-259, -286]]
[[1, 0], [118, 253], [-120, -253]]
[[1, 0], [118, 253], [-239, -506]]
[[1, 0], [118, 299], [-129, -299]]
[[1, 0], [118, 759], [-119, -759]]
[[1, 0], [119, 253], [-241, -506]]
[[1, 0], [12, 23], [-103, -92]]
[[1, 0], [12, 23], [-144, -253]]
[[1, 0], [12, 23], [-149, -138]]
[[1, 0], [12, 23], [-223, -322]]
[[1, 0], [12, 23], [-224, -345]]
[[1, 0], [12, 23], [-233, -299]]
[[1, 0], [12, 23], [-237, -391]]
[[1, 0], [12, 23], [-287, -276]]
[[1, 0], [12, 23], [-287, -506]]
[[1, 0], [12, 23], [-34, -23]]
[[1, 0], [12, 23], [-35, -46]]
[[1, 0], [12, 23], [-47, -69]]
[[1, 0], [12, 23], [-57, -46]]
[[1, 0], [12, 23], [-59, -92]]
[[1, 0], [12, 23], [-80, -69]]
[[1, 0], [12, 23], [-83, -138]]
[[1, 0], [12, 253], [-13, -253]]
[[1, 0], [12, 253], [-14, -253]]
[[1, 0], [12, 253], [-27, -506]]
[[1, 0], [120, 161], [-251, -322]]
[[1, 0], [120, 253], [-243, -506]]
[[1, 0], [121, 138], [-143, -138]]
[[1, 0], [121, 138], [-275, -276]]
[[1, 0], [121, 276], [-143, -276]]
[[1, 0], [122, 253], [-124, -253]]
[[1, 0], [122, 253], [-247, -506]]
[[1, 0], [123, 253], [-125, -253]]
[[1, 0], [123, 253], [-249, -506]]
[[1, 0], [123, 506], [-125, -506]]
[[1, 0], [124, 253], [-125, -253]]
[[1, 0], [124, 253], [-126, -253]]
[[1, 0], [124, 253], [-251, -506]]
[[1, 0], [125, 253], [-127, -253]]
[[1, 0], [125, 506], [-127, -506]]
[[1, 0], [126, 253], [-255, -506]]
[[1, 0], [126, 275], [-149, -275]]
[[1, 0], [127, 138], [-149, -138]]
[[1, 0], [127, 138], [-287, -276]]
[[1, 0], [127, 161], [-265, -322]]
[[1, 0], [127, 253], [-257, -506]]
[[1, 0], [127, 506], [-129, -506]]
[[1, 0], [127, 759], [-128, -759]]
[[1, 0], [128, 253], [-259, -506]]
[[1, 0], [129, 253], [-261, -506]]
[[1, 0], [129, 506], [-131, -506]]
[[1, 0], [13, 132], [-59, -132]]
[[1, 0], [13, 132], [-95, -264]]
[[1, 0], [13, 138], [-35, -138]]
[[1, 0], [13, 138], [-59, -276]]
[[1, 0], [13, 22], [-127, -176]]
[[1, 0], [13, 22], [-131, -66]]
[[1, 0], [13, 22], [-142, -143]]
[[1, 0], [13, 22], [-162, -253]]
[[1, 0], [13, 22], [-167, -88]]
[[1, 0], [13, 22], [-239, -132]]
[[1, 0], [13, 22], [-251, -308]]
[[1, 0], [13, 22], [-27, -28]]
[[1, 0], [13, 22], [-323, -506]]
[[1, 0], [13, 22], [-455, -264]]
[[1, 0], [13, 22], [-95, -44]]
[[1, 0], [13, 23], [-107, -92]]
[[1, 0], [13, 23], [-155, -138]]
[[1, 0], [13, 23], [-155, -253]]
[[1, 0], [13, 23], [-237, -322]]
[[1, 0], [13, 23], [-239, -345]]
[[1, 0], [13, 23], [-24, -23]]
[[1, 0], [13, 23], [-246, -299]]
[[1, 0], [13, 23], [-254, -391]]
[[1, 0], [13, 23], [-309, -506]]
[[1, 0], [13, 23], [-37, -46]]
[[1, 0], [13, 23], [-50, -69]]
[[1, 0], [13, 23], [-59, -46]]
[[1, 0], [13, 23], [-63, -92]]
[[1, 0], [13, 23], [-83, -69]]
[[1, 0], [13, 23], [-89, -138]]
[[1, 0], [13, 253], [-14, -253]]
[[1, 0], [13, 253], [-15, -253]]
[[1, 0], [13, 253], [-29, -506]]
[[1, 0], [13, 276], [-35, -276]]
[[1, 0], [13, 33], [-119, -88]]
[[1, 0], [13, 33], [-167, -132]]
[[1, 0], [13, 33], [-179, -396]]
[[1, 0], [13, 33], [-311, -264]]
[[1, 0], [13, 33], [-62, -99]]
[[1, 0], [13, 33], [-64, -143]]
[[1, 0], [13, 33], [-71, -44]]
[[1, 0], [13, 33], [-95, -66]]
[[1, 0], [13, 44], [-127, -352]]
[[1, 0], [13, 44], [-131, -132]]
[[1, 0], [13, 44], [-239, -264]]
[[1, 0], [13, 44], [-35, -99]]
[[1, 0], [13, 44], [-59, -44]]
[[1, 0], [13, 44], [-95, -88]]
[[1, 0], [13, 46], [-155, -276]]
[[1, 0], [13, 46], [-155, -506]]
[[1, 0], [13, 46], [-47, -69]]
[[1, 0], [13, 46], [-59, -92]]
[[1, 0], [13, 46], [-62, -161]]
[[1, 0], [13, 46], [-63, -184]]
[[1, 0], [13, 46], [-78, -253]]
[[1, 0], [13, 46], [-83, -138]]
[[1, 0], [13, 506], [-15, -506]]
[[1, 0], [13, 66], [-167, -264]]
[[1, 0], [13, 66], [-71, -88]]
[[1, 0], [13, 66], [-95, -132]]
[[1, 0], [13, 69], [-107, -276]]
[[1, 0], [13, 69], [-29, -115]]
[[1, 0], [13, 69], [-34, -161]]
[[1, 0], [13, 69], [-35, -69]]
[[1, 0], [13, 69], [-43, -92]]
[[1, 0], [13, 69], [-59, -138]]
[[1, 0], [13, 69], [-89, -414]]
[[1, 0], [13, 759], [-14, -759]]
[[1, 0], [13, 92], [-19, -115]]
[[1, 0], [13, 92], [-35, -92]]
[[1, 0], [13, 92], [-47, -138]]
[[1, 0], [13, 92], [-63, -368]]
[[1, 0], [13, 92], [-83, -276]]
[[1, 0], [130, 253], [-263, -506]]
[[1, 0], [130, 759], [-131, -759]]
[[1, 0], [131, 143], [-285, -286]]
[[1, 0], [131, 253], [-133, -253]]
[[1, 0], [131, 253], [-265, -506]]
[[1, 0], [131, 299], [-142, -299]]
[[1, 0], [131, 506], [-133, -506]]
[[1, 0], [133, 253], [-269, -506]]
[[1, 0], [133, 506], [-135, -506]]
[[1, 0], [134, 161], [-279, -322]]
[[1, 0], [134, 253], [-271, -506]]
[[1, 0], [135, 253], [-273, -506]]
[[1, 0], [135, 506], [-137, -506]]
[[1, 0], [136, 759], [-137, -759]]
[[1, 0], [137, 253], [-277, -506]]
[[1, 0], [139, 253], [-281, -506]]
[[1, 0], [139, 506], [-141, -506]]
[[1, 0], [14, 143], [-51, -286]]
[[1, 0], [14, 23], [-111, -92]]
[[1, 0], [14, 23], [-166, -253]]
[[1, 0], [14, 23], [-251, -322]]
[[1, 0], [14, 23], [-254, -345]]
[[1, 0], [14, 23], [-259, -299]]
[[1, 0], [14, 23], [-271, -391]]
[[1, 0], [14, 23], [-311, -276]]
[[1, 0], [14, 23], [-331, -506]]
[[1, 0], [14, 23], [-39, -46]]
[[1, 0], [14, 23], [-53, -69]]
[[1, 0], [14, 23], [-61, -46]]
[[1, 0], [14, 23], [-67, -92]]
[[1, 0], [14, 23], [-86, -69]]
[[1, 0], [14, 23], [-95, -138]]
[[1, 0], [14, 253], [-16, -253]]
[[1, 0], [14, 253], [-31, -506]]
[[1, 0], [140, 253], [-283, -506]]
[[1, 0], [141, 161], [-293, -322]]
[[1, 0], [141, 253], [-285, -506]]
[[1, 0], [142, 253], [-287, -506]]
[[1, 0], [144, 253], [-291, -506]]
[[1, 0], [144, 299], [-155, -299]]
[[1, 0], [145, 253], [-146, -253]]
[[1, 0], [145, 253], [-293, -506]]
[[1, 0], [145, 506], [-147, -506]]
[[1, 0], [145, 759], [-146, -759]]
[[1, 0], [146, 253], [-295, -506]]
[[1, 0], [147, 253], [-148, -253]]
[[1, 0], [147, 253], [-149, -253]]
[[1, 0], [147, 506], [-149, -506]]
[[1, 0], [148, 161], [-307, -322]]
[[1, 0], [148, 759], [-149, -759]]
[[1, 0], [149, 253], [-301, -506]]
[[1, 0], [149, 506], [-151, -506]]
[[1, 0], [15, 161], [-41, -322]]
[[1, 0], [15, 22], [-137, -66]]
[[1, 0], [15, 22], [-155, -143]]
[[1, 0], [15, 22], [-175, -88]]
[[1, 0], [15, 22], [-185, -253]]
[[1, 0], [15, 22], [-251, -132]]
[[1, 0], [15, 22], [-279, -308]]
[[1, 0], [15, 22], [-369, -506]]
[[1, 0], [15, 22], [-479, -264]]
[[1, 0], [15, 22], [-49, -55]]
[[1, 0], [15, 22], [-61, -22]]
[[1, 0], [15, 22], [-80, -33]]
[[1, 0], [15, 23], [-101, -138]]
[[1, 0], [15, 23], [-167, -138]]
[[1, 0], [15, 23], [-177, -253]]
[[1, 0], [15, 23], [-26, -23]]
[[1, 0], [15, 23], [-265, -322]]
[[1, 0], [15, 23], [-269, -345]]
[[1, 0], [15, 23], [-272, -299]]
[[1, 0], [15, 23], [-288, -391]]
[[1, 0], [15, 23], [-323, -276]]
[[1, 0], [15, 23], [-353, -506]]
[[1, 0], [15, 23], [-41, -46]]
[[1, 0], [15, 23], [-56, -69]]
[[1, 0], [15, 23], [-63, -46]]
[[1, 0], [15, 23], [-71, -92]]
[[1, 0], [15, 23], [-89, -69]]
[[1, 0], [15, 253], [-17, -253]]
[[1, 0], [15, 46], [-167, -276]]
[[1, 0], [15, 46], [-177, -506]]
[[1, 0], [15, 46], [-50, -69]]
[[1, 0], [15, 46], [-63, -92]]
[[1, 0], [15, 46], [-71, -184]]
[[1, 0], [15, 46], [-89, -138]]
[[1, 0], [15, 46], [-89, -253]]
[[1, 0], [15, 506], [-17, -506]]
[[1, 0], [15, 77], [-83, -308]]
[[1, 0], [150, 253], [-303, -506]]
[[1, 0], [151, 253], [-305, -506]]
[[1, 0], [151, 506], [-153, -506]]
[[1, 0], [152, 253], [-307, -506]]
[[1, 0], [153, 253], [-309, -506]]
[[1, 0], [153, 506], [-155, -506]]
[[1, 0], [155, 161], [-321, -322]]
[[1, 0], [155, 253], [-313, -506]]
[[1, 0], [155, 506], [-157, -506]]
[[1, 0], [156, 253], [-157, -253]]
[[1, 0], [156, 253], [-315, -506]]
[[1, 0], [157, 253], [-317, -506]]
[[1, 0], [157, 506], [-159, -506]]
[[1, 0], [159, 253], [-321, -506]]
[[1, 0], [16, 115], [-59, -345]]
[[1, 0], [16, 23], [-107, -138]]
[[1, 0], [16, 23], [-119, -92]]
[[1, 0], [16, 23], [-173, -138]]
[[1, 0], [16, 23], [-188, -253]]
[[1, 0], [16, 23], [-27, -23]]
[[1, 0], [16, 23], [-279, -322]]
[[1, 0], [16, 23], [-284, -345]]
[[1, 0], [16, 23], [-285, -299]]
[[1, 0], [16, 23], [-305, -391]]
[[1, 0], [16, 23], [-335, -276]]
[[1, 0], [16, 23], [-375, -506]]
[[1, 0], [16, 23], [-43, -46]]
[[1, 0], [16, 23], [-59, -69]]
[[1, 0], [16, 23], [-65, -46]]
[[1, 0], [16, 23], [-75, -92]]
[[1, 0], [16, 253], [-17, -253]]
[[1, 0], [16, 253], [-35, -506]]
[[1, 0], [16, 33], [-101, -66]]
[[1, 0], [16, 33], [-127, -88]]
[[1, 0], [16, 33], [-179, -132]]
[[1, 0], [16, 33], [-215, -396]]
[[1, 0], [16, 33], [-335, -264]]
[[1, 0], [16, 33], [-71, -99]]
[[1, 0], [16, 33], [-75, -44]]
[[1, 0], [16, 55], [-119, -330]]
[[1, 0], [16, 55], [-149, -275]]
[[1, 0], [16, 55], [-27, -77]]
[[1, 0], [16, 55], [-39, -55]]
[[1, 0], [16, 69], [-107, -414]]
[[1, 0], [16, 69], [-119, -276]]
[[1, 0], [16, 69], [-34, -115]]
[[1, 0], [16, 69], [-38, -69]]
[[1, 0], [16, 69], [-41, -161]]
[[1, 0], [16, 69], [-47, -92]]
[[1, 0], [16, 69], [-65, -138]]
[[1, 0], [16, 759], [-17, -759]]
[[1, 0], [160, 253], [-323, -506]]
[[1, 0], [162, 253], [-327, -506]]
[[1, 0], [163, 253], [-329, -506]]
[[1, 0], [164, 253], [-331, -506]]
[[1, 0], [166, 253], [-335, -506]]
[[1, 0], [167, 253], [-337, -506]]
[[1, 0], [167, 506], [-169, -506]]
[[1, 0], [168, 253], [-339, -506]]
[[1, 0], [169, 253], [-171, -253]]
[[1, 0], [169, 264], [-215, -264]]
[[1, 0], [169, 506], [-171, -506]]
[[1, 0], [17, 22], [-103, -44]]
[[1, 0], [17, 22], [-159, -176]]
[[1, 0], [17, 22], [-168, -143]]
[[1, 0], [17, 22], [-183, -88]]
[[1, 0], [17, 22], [-208, -253]]
[[1, 0], [17, 22], [-263, -132]]
[[1, 0], [17, 22], [-307, -308]]
[[1, 0], [17, 22], [-31, -32]]
[[1, 0], [17, 22], [-415, -506]]
[[1, 0], [17, 22], [-503, -264]]
[[1, 0], [17, 22], [-54, -55]]
[[1, 0], [17, 22], [-83, -33]]
[[1, 0], [17, 23], [-113, -138]]
[[1, 0], [17, 23], [-123, -92]]
[[1, 0], [17, 23], [-179, -138]]
[[1, 0], [17, 23], [-199, -253]]
[[1, 0], [17, 23], [-28, -23]]
[[1, 0], [17, 23], [-293, -322]]
[[1, 0], [17, 23], [-298, -299]]
[[1, 0], [17, 23], [-347, -276]]
[[1, 0], [17, 23], [-397, -506]]
[[1, 0], [17, 23], [-45, -46]]
[[1, 0], [17, 23], [-62, -69]]
[[1, 0], [17, 23], [-67, -46]]
[[1, 0], [17, 23], [-79, -92]]
[[1, 0], [17, 23], [-95, -69]]
[[1, 0], [17, 253], [-18, -253]]
[[1, 0], [17, 253], [-19, -253]]
[[1, 0], [17, 253], [-37, -506]]
[[1, 0], [17, 44], [-103, -88]]
[[1, 0], [17, 44], [-159, -352]]
[[1, 0], [17, 44], [-263, -264]]
[[1, 0], [17, 44], [-63, -44]]
[[1, 0], [17, 44], [-83, -66]]
[[1, 0], [17, 46], [-100, -253]]
[[1, 0], [17, 46], [-179, -276]]
[[1, 0], [17, 46], [-199, -506]]
[[1, 0], [17, 46], [-53, -69]]
[[1, 0], [17, 46], [-67, -92]]
[[1, 0], [17, 46], [-76, -161]]
[[1, 0], [17, 46], [-79, -184]]
[[1, 0], [17, 46], [-95, -138]]
[[1, 0], [17, 506], [-19, -506]]
[[1, 0], [17, 88], [-63, -88]]
[[1, 0], [17, 88], [-83, -132]]
[[1, 0], [17, 92], [-24, -115]]
[[1, 0], [17, 92], [-39, -92]]
[[1, 0], [17, 92], [-53, -138]]
[[1, 0], [17, 92], [-79, -368]]
[[1, 0], [17, 92], [-95, -276]]
[[1, 0], [170, 253], [-343, -506]]
[[1, 0], [171, 506], [-173, -506]]
[[1, 0], [172, 253], [-347, -506]]
[[1, 0], [173, 253], [-349, -506]]
[[1, 0], [173, 506], [-175, -506]]
[[1, 0], [174, 253], [-351, -506]]
[[1, 0], [175, 253], [-353, -506]]
[[1, 0], [175, 506], [-177, -506]]
[[1, 0], [177, 253], [-179, -253]]
[[1, 0], [177, 253], [-357, -506]]
[[1, 0], [177, 506], [-179, -506]]
[[1, 0], [178, 253], [-179, -253]]
[[1, 0], [178, 253], [-359, -506]]
[[1, 0], [179, 253], [-361, -506]]
[[1, 0], [179, 506], [-181, -506]]
[[1, 0], [18, 23], [-119, -138]]
[[1, 0], [18, 23], [-127, -92]]
[[1, 0], [18, 23], [-185, -138]]
[[1, 0], [18, 23], [-210, -253]]
[[1, 0], [18, 23], [-307, -322]]
[[1, 0], [18, 23], [-311, -299]]
[[1, 0], [18, 23], [-314, -345]]
[[1, 0], [18, 23], [-339, -391]]
[[1, 0], [18, 23], [-359, -276]]
[[1, 0], [18, 23], [-419, -506]]
[[1, 0], [18, 23], [-47, -46]]
[[1, 0], [18, 23], [-65, -69]]
[[1, 0], [18, 23], [-83, -92]]
[[1, 0], [18, 23], [-98, -69]]
[[1, 0], [18, 253], [-20, -253]]
[[1, 0], [18, 253], [-39, -506]]
[[1, 0], [180, 253], [-182, -253]]
[[1, 0], [181, 253], [-365, -506]]
[[1, 0], [182, 253], [-367, -506]]
[[1, 0], [183, 253], [-369, -506]]
[[1, 0], [183, 506], [-185, -506]]
[[1, 0], [185, 253], [-373, -506]]
[[1, 0], [186, 253], [-375, -506]]
[[1, 0], [188, 253], [-379, -506]]
[[1, 0], [189, 253], [-381, -506]]
[[1, 0], [19, 138], [-41, -138]]
[[1, 0], [19, 138], [-71, -276]]
[[1, 0], [19, 22], [-107, -44]]
[[1, 0], [19, 22], [-149, -66]]
[[1, 0], [19, 22], [-175, -176]]
[[1, 0], [19, 22], [-181, -143]]
[[1, 0], [19, 22], [-191, -88]]
[[1, 0], [19, 22], [-335, -308]]
[[1, 0], [19, 22], [-37, -38]]
[[1, 0], [19, 22], [-461, -506]]
[[1, 0], [19, 22], [-527, -264]]
[[1, 0], [19, 22], [-59, -55]]
[[1, 0], [19, 22], [-86, -33]]
[[1, 0], [19, 23], [-101, -69]]
[[1, 0], [19, 23], [-125, -138]]
[[1, 0], [19, 23], [-131, -92]]
[[1, 0], [19, 23], [-191, -138]]
[[1, 0], [19, 23], [-221, -253]]
[[1, 0], [19, 23], [-321, -322]]
[[1, 0], [19, 23], [-324, -299]]
[[1, 0], [19, 23], [-329, -345]]
[[1, 0], [19, 23], [-356, -391]]
[[1, 0], [19, 23], [-371, -276]]
[[1, 0], [19, 23], [-441, -506]]
[[1, 0], [19, 23], [-49, -46]]
[[1, 0], [19, 23], [-68, -69]]
[[1, 0], [19, 23], [-71, -46]]
[[1, 0], [19, 23], [-87, -92]]
[[1, 0], [19, 253], [-20, -253]]
[[1, 0], [19, 253], [-21, -253]]
[[1, 0], [19, 253], [-41, -506]]
[[1, 0], [19, 33], [-107, -66]]
[[1, 0], [19, 33], [-135, -88]]
[[1, 0], [19, 33], [-191, -132]]
[[1, 0], [19, 33], [-251, -396]]
[[1, 0], [19, 33], [-359, -264]]
[[1, 0], [19, 33], [-79, -44]]
[[1, 0], [19, 33], [-80, -99]]
[[1, 0], [19, 33], [-90, -143]]
[[1, 0], [19, 46], [-101, -138]]
[[1, 0], [19, 46], [-111, -253]]
[[1, 0], [19, 46], [-191, -276]]
[[1, 0], [19, 46], [-221, -506]]
[[1, 0], [19, 46], [-56, -69]]
[[1, 0], [19, 46], [-71, -92]]
[[1, 0], [19, 46], [-83, -161]]
[[1, 0], [19, 46], [-87, -184]]
[[1, 0], [19, 506], [-21, -506]]
[[1, 0], [19, 66], [-107, -132]]
[[1, 0], [19, 66], [-191, -264]]
[[1, 0], [19, 66], [-59, -165]]
[[1, 0], [19, 66], [-79, -88]]
[[1, 0], [19, 69], [-125, -414]]
[[1, 0], [19, 69], [-131, -276]]
[[1, 0], [19, 69], [-39, -115]]
[[1, 0], [19, 69], [-41, -69]]
[[1, 0], [19, 69], [-48, -161]]
[[1, 0], [19, 69], [-51, -92]]
[[1, 0], [19, 69], [-71, -138]]
[[1, 0], [19, 759], [-20, -759]]
[[1, 0], [19, 99], [-80, -297]]
[[1, 0], [190, 253], [-383, -506]]
[[1, 0], [191, 253], [-193, -253]]
[[1, 0], [191, 506], [-193, -506]]
[[1, 0], [192, 253], [-387, -506]]
[[1, 0], [193, 253], [-389, -506]]
[[1, 0], [193, 506], [-195, -506]]
[[1, 0], [193, 759], [-194, -759]]
[[1, 0], [195, 253], [-393, -506]]
[[1, 0], [195, 506], [-197, -506]]
[[1, 0], [196, 253], [-395, -506]]
[[1, 0], [197, 253], [-397, -506]]
[[1, 0], [197, 506], [-199, -506]]
[[1, 0], [199, 253], [-401, -506]]
[[1, 0], [199, 506], [-201, -506]]
[[1, 0], [2, 11], [-123, -44]]
[[1, 0], [2, 11], [-13, -14]]
[[1, 0], [2, 11], [-139, -385]]
[[1, 0], [2, 11], [-139, -506]]
[[1, 0], [2, 11], [-173, -319]]
[[1, 0], [2, 11], [-173, -66]]
[[1, 0], [2, 11], [-215, -297]]
[[1, 0], [2, 11], [-223, -88]]
[[1, 0], [2, 11], [-25, -11]]
[[1, 0], [2, 11], [-259, -286]]
[[1, 0], [2, 11], [-27, -22]]
[[1, 0], [2, 11], [-29, -33]]
[[1, 0], [2, 11], [-31, -44]]
[[1, 0], [2, 11], [-323, -132]]
[[1, 0], [2, 11], [-349, -275]]
[[1, 0], [2, 11], [-35, -66]]
[[1, 0], [2, 11], [-39, -88]]
[[1, 0], [2, 11], [-47, -132]]
[[1, 0], [2, 11], [-48, -11]]
[[1, 0], [2, 11], [-623, -264]]
[[1, 0], [2, 11], [-70, -253]]
[[1, 0], [2, 11], [-73, -22]]
[[1, 0], [2, 11], [-79, -55]]
[[1, 0], [2, 11], [-97, -154]]
[[1, 0], [2, 11], [-98, -33]]
[[1, 0], [2, 23], [-103, -299]]
[[1, 0], [2, 23], [-13, -23]]
[[1, 0], [2, 23], [-15, -46]]
[[1, 0], [2, 23], [-167, -276]]
[[1, 0], [2, 23], [-17, -69]]
[[1, 0], [2, 23], [-19, -92]]
[[1, 0], [2, 23], [-34, -253]]
[[1, 0], [2, 23], [-37, -46]]
[[1, 0], [2, 23], [-50, -69]]
[[1, 0], [2, 23], [-63, -92]]
[[1, 0], [2, 23], [-67, -391]]
[[1, 0], [2, 23], [-67, -506]]
[[1, 0], [2, 23], [-74, -345]]
[[1, 0], [2, 23], [-83, -322]]
[[1, 0], [2, 23], [-89, -138]]
[[1, 0], [2, 253], [-3, -253]]
[[1, 0], [2, 253], [-4, -253]]
[[1, 0], [2, 253], [-7, -506]]
[[1, 0], [20, 23], [-104, -69]]
[[1, 0], [20, 23], [-131, -138]]
[[1, 0], [20, 23], [-135, -92]]
[[1, 0], [20, 23], [-197, -138]]
[[1, 0], [20, 23], [-232, -253]]
[[1, 0], [20, 23], [-335, -322]]
[[1, 0], [20, 23], [-337, -299]]
[[1, 0], [20, 23], [-344, -345]]
[[1, 0], [20, 23], [-373, -391]]
[[1, 0], [20, 23], [-383, -276]]
[[1, 0], [20, 23], [-463, -506]]
[[1, 0], [20, 23], [-51, -46]]
[[1, 0], [20, 23], [-71, -69]]
[[1, 0], [20, 23], [-73, -46]]
[[1, 0], [20, 23], [-91, -92]]
[[1, 0], [20, 253], [-43, -506]]
[[1, 0], [200, 253], [-202, -253]]
[[1, 0], [200, 253], [-403, -506]]
[[1, 0], [201, 253], [-405, -506]]
[[1, 0], [201, 506], [-203, -506]]
[[1, 0], [202, 253], [-204, -253]]
[[1, 0], [203, 253], [-409, -506]]
[[1, 0], [204, 253], [-411, -506]]
[[1, 0], [205, 253], [-413, -506]]
[[1, 0], [206, 253], [-415, -506]]
[[1, 0], [208, 253], [-419, -506]]
[[1, 0], [21, 115], [-74, -345]]
[[1, 0], [21, 22], [-111, -44]]
[[1, 0], [21, 22], [-155, -66]]
[[1, 0], [21, 22], [-191, -176]]
[[1, 0], [21, 22], [-194, -143]]
[[1, 0], [21, 22], [-199, -88]]
[[1, 0], [21, 22], [-24, -23]]
[[1, 0], [21, 22], [-254, -253]]
[[1, 0], [21, 22], [-287, -132]]
[[1, 0], [21, 22], [-47, -46]]
[[1, 0], [21, 22], [-507, -506]]
[[1, 0], [21, 22], [-551, -264]]
[[1, 0], [21, 22], [-64, -55]]
[[1, 0], [21, 22], [-67, -22]]
[[1, 0], [21, 22], [-71, -24]]
[[1, 0], [21, 22], [-89, -33]]
[[1, 0], [21, 23], [-107, -69]]
[[1, 0], [21, 23], [-137, -138]]
[[1, 0], [21, 23], [-139, -92]]
[[1, 0], [21, 23], [-203, -138]]
[[1, 0], [21, 23], [-243, -253]]
[[1, 0], [21, 23], [-27, -28]]
[[1, 0], [21, 23], [-32, -23]]
[[1, 0], [21, 23], [-349, -322]]
[[1, 0], [21, 23], [-350, -299]]
[[1, 0], [21, 23], [-359, -345]]
[[1, 0], [21, 23], [-390, -391]]
[[1, 0], [21, 23], [-395, -276]]
[[1, 0], [21, 23], [-485, -506]]
[[1, 0], [21, 23], [-53, -46]]
[[1, 0], [21, 23], [-74, -69]]
[[1, 0], [21, 23], [-75, -46]]
[[1, 0], [21, 23], [-95, -92]]
[[1, 0], [21, 253], [-45, -506]]
[[1, 0], [21, 44], [-111, -88]]
[[1, 0], [21, 44], [-155, -132]]
[[1, 0], [21, 44], [-191, -352]]
[[1, 0], [21, 44], [-287, -264]]
[[1, 0], [21, 44], [-53, -99]]
[[1, 0], [21, 44], [-67, -44]]
[[1, 0], [21, 44], [-89, -66]]
[[1, 0], [21, 46], [-107, -138]]
[[1, 0], [21, 46], [-122, -253]]
[[1, 0], [21, 46], [-203, -276]]
[[1, 0], [21, 46], [-243, -506]]
[[1, 0], [21, 46], [-59, -69]]
[[1, 0], [21, 46], [-75, -92]]
[[1, 0], [21, 46], [-90, -161]]
[[1, 0], [21, 46], [-95, -184]]
[[1, 0], [21, 55], [-149, -330]]
[[1, 0], [21, 55], [-174, -275]]
[[1, 0], [21, 55], [-34, -77]]
[[1, 0], [21, 92], [-107, -276]]
[[1, 0], [21, 92], [-29, -115]]
[[1, 0], [21, 92], [-43, -92]]
[[1, 0], [21, 92], [-59, -138]]
[[1, 0], [21, 92], [-95, -368]]
[[1, 0], [210, 253], [-423, -506]]
[[1, 0], [211, 253], [-425, -506]]
[[1, 0], [211, 506], [-213, -506]]
[[1, 0], [212, 253], [-427, -506]]
[[1, 0], [213, 253], [-215, -253]]
[[1, 0], [213, 506], [-215, -506]]
[[1, 0], [214, 253], [-431, -506]]
[[1, 0], [214, 759], [-215, -759]]
[[1, 0], [215, 253], [-433, -506]]
[[1, 0], [215, 506], [-217, -506]]
[[1, 0], [216, 253], [-435, -506]]
[[1, 0], [217, 506], [-219, -506]]
[[1, 0], [218, 253], [-439, -506]]
[[1, 0], [219, 253], [-441, -506]]
[[1, 0], [219, 506], [-221, -506]]
[[1, 0], [22, 161], [-55, -322]]
[[1, 0], [22, 23], [-110, -69]]
[[1, 0], [22, 23], [-143, -138]]
[[1, 0], [22, 23], [-143, -92]]
[[1, 0], [22, 23], [-209, -138]]
[[1, 0], [22, 23], [-254, -253]]
[[1, 0], [22, 23], [-363, -299]]
[[1, 0], [22, 23], [-363, -322]]
[[1, 0], [22, 23], [-374, -345]]
[[1, 0], [22, 23], [-407, -276]]
[[1, 0], [22, 23], [-407, -391]]
[[1, 0], [22, 23], [-44, -23]]
[[1, 0], [22, 23], [-507, -506]]
[[1, 0], [22, 23], [-55, -46]]
[[1, 0], [22, 23], [-77, -46]]
[[1, 0], [22, 23], [-77, -69]]
[[1, 0], [22, 23], [-99, -92]]
[[1, 0], [22, 69], [-143, -276]]
[[1, 0], [22, 69], [-143, -414]]
[[1, 0], [22, 69], [-44, -115]]
[[1, 0], [22, 69], [-44, -69]]
[[1, 0], [22, 69], [-55, -161]]
[[1, 0], [22, 69], [-55, -92]]
[[1, 0], [22, 69], [-77, -138]]
[[1, 0], [221, 253], [-445, -506]]
[[1, 0], [221, 506], [-223, -506]]
[[1, 0], [222, 253], [-447, -506]]
[[1, 0], [223, 253], [-225, -253]]
[[1, 0], [223, 253], [-449, -506]]
[[1, 0], [223, 506], [-225, -506]]
[[1, 0], [224, 253], [-226, -253]]
[[1, 0], [225, 253], [-453, -506]]
[[1, 0], [226, 253], [-455, -506]]
[[1, 0], [226, 275], [-249, -275]]
[[1, 0], [227, 253], [-457, -506]]
[[1, 0], [227, 506], [-229, -506]]
[[1, 0], [228, 253], [-459, -506]]
[[1, 0], [229, 253], [-461, -506]]
[[1, 0], [229, 276], [-251, -276]]
[[1, 0], [232, 253], [-467, -506]]
[[1, 0], [233, 253], [-469, -506]]
[[1, 0], [233, 506], [-235, -506]]
[[1, 0], [234, 253], [-471, -506]]
[[1, 0], [235, 253], [-237, -253]]
[[1, 0], [236, 253], [-475, -506]]
[[1, 0], [237, 253], [-477, -506]]
[[1, 0], [237, 506], [-239, -506]]
[[1, 0], [238, 253], [-479, -506]]
[[1, 0], [239, 253], [-481, -506]]
[[1, 0], [239, 506], [-241, -506]]
[[1, 0], [24, 253], [-25, -253]]
[[1, 0], [24, 253], [-26, -253]]
[[1, 0], [24, 253], [-51, -506]]
[[1, 0], [241, 253], [-485, -506]]
[[1, 0], [241, 264], [-287, -264]]
[[1, 0], [241, 506], [-243, -506]]
[[1, 0], [243, 253], [-489, -506]]
[[1, 0], [243, 506], [-245, -506]]
[[1, 0], [244, 253], [-491, -506]]
[[1, 0], [245, 253], [-493, -506]]
[[1, 0], [245, 506], [-247, -506]]
[[1, 0], [246, 253], [-248, -253]]
[[1, 0], [247, 253], [-497, -506]]
[[1, 0], [248, 253], [-499, -506]]
[[1, 0], [249, 253], [-501, -506]]
[[1, 0], [249, 506], [-251, -506]]
[[1, 0], [25, 132], [-119, -264]]
[[1, 0], [25, 132], [-71, -132]]
[[1, 0], [25, 138], [-83, -276]]
[[1, 0], [25, 253], [-27, -253]]
[[1, 0], [25, 253], [-53, -506]]
[[1, 0], [25, 264], [-71, -264]]
[[1, 0], [25, 33], [-116, -143]]
[[1, 0], [25, 33], [-119, -66]]
[[1, 0], [25, 33], [-151, -88]]
[[1, 0], [25, 33], [-215, -132]]
[[1, 0], [25, 33], [-323, -396]]
[[1, 0], [25, 33], [-71, -33]]
[[1, 0], [25, 33], [-87, -44]]
[[1, 0], [25, 33], [-98, -99]]
[[1, 0], [25, 44], [-119, -88]]
[[1, 0], [25, 44], [-167, -132]]
[[1, 0], [25, 44], [-223, -352]]
[[1, 0], [25, 44], [-311, -264]]
[[1, 0], [25, 44], [-62, -99]]
[[1, 0], [25, 44], [-95, -66]]
[[1, 0], [25, 46], [-104, -161]]
[[1, 0], [25, 46], [-111, -184]]
[[1, 0], [25, 46], [-119, -138]]
[[1, 0], [25, 46], [-144, -253]]
[[1, 0], [25, 46], [-227, -276]]
[[1, 0], [25, 46], [-287, -506]]
[[1, 0], [25, 46], [-65, -69]]
[[1, 0], [25, 46], [-83, -92]]
[[1, 0], [25, 506], [-27, -506]]
[[1, 0], [25, 66], [-119, -132]]
[[1, 0], [25, 66], [-215, -264]]
[[1, 0], [25, 66], [-71, -66]]
[[1, 0], [25, 66], [-74, -165]]
[[1, 0], [25, 66], [-87, -88]]
[[1, 0], [25, 69], [-155, -276]]
[[1, 0], [25, 69], [-49, -115]]
[[1, 0], [25, 69], [-59, -92]]
[[1, 0], [25, 69], [-62, -161]]
[[1, 0], [25, 69], [-83, -138]]
[[1, 0], [25, 88], [-167, -264]]
[[1, 0], [25, 88], [-95, -132]]
[[1, 0], [25, 92], [-111, -368]]
[[1, 0], [25, 92], [-119, -276]]
[[1, 0], [25, 92], [-34, -115]]
[[1, 0], [25, 92], [-65, -138]]
[[1, 0], [250, 253], [-503, -506]]
[[1, 0], [251, 253], [-505, -506]]
[[1, 0], [252, 253], [-254, -253]]
[[1, 0], [252, 253], [-507, -506]]
[[1, 0], [257, 506], [-259, -506]]
[[1, 0], [26, 115], [-89, -345]]
[[1, 0], [26, 253], [-28, -253]]
[[1, 0], [26, 55], [-179, -330]]
[[1, 0], [26, 55], [-199, -275]]
[[1, 0], [26, 55], [-41, -77]]
[[1, 0], [262, 759], [-263, -759]]
[[1, 0], [265, 276], [-287, -276]]
[[1, 0], [269, 506], [-271, -506]]
[[1, 0], [27, 253], [-57, -506]]
[[1, 0], [27, 299], [-38, -299]]
[[1, 0], [27, 46], [-111, -161]]
[[1, 0], [27, 46], [-119, -184]]
[[1, 0], [27, 46], [-125, -138]]
[[1, 0], [27, 46], [-155, -253]]
[[1, 0], [27, 46], [-239, -276]]
[[1, 0], [27, 46], [-309, -506]]
[[1, 0], [27, 46], [-49, -46]]
[[1, 0], [27, 46], [-68, -69]]
[[1, 0], [27, 46], [-87, -92]]
[[1, 0], [274, 299], [-285, -299]]
[[1, 0], [279, 506], [-281, -506]]
[[1, 0], [28, 253], [-59, -506]]
[[1, 0], [28, 33], [-107, -99]]
[[1, 0], [28, 33], [-125, -66]]
[[1, 0], [28, 33], [-129, -143]]
[[1, 0], [28, 33], [-159, -88]]
[[1, 0], [28, 33], [-227, -132]]
[[1, 0], [28, 33], [-359, -396]]
[[1, 0], [28, 33], [-431, -264]]
[[1, 0], [28, 33], [-91, -44]]
[[1, 0], [28, 69], [-167, -276]]
[[1, 0], [28, 69], [-179, -414]]
[[1, 0], [28, 69], [-54, -115]]
[[1, 0], [28, 69], [-63, -92]]
[[1, 0], [28, 69], [-89, -138]]
[[1, 0], [28, 759], [-29, -759]]
[[1, 0], [28, 99], [-107, -297]]
[[1, 0], [29, 253], [-31, -253]]
[[1, 0], [29, 253], [-61, -506]]
[[1, 0], [29, 44], [-101, -66]]
[[1, 0], [29, 44], [-127, -88]]
[[1, 0], [29, 44], [-179, -132]]
[[1, 0], [29, 44], [-255, -352]]
[[1, 0], [29, 44], [-335, -264]]
[[1, 0], [29, 44], [-71, -99]]
[[1, 0], [29, 46], [-118, -161]]
[[1, 0], [29, 46], [-127, -184]]
[[1, 0], [29, 46], [-131, -138]]
[[1, 0], [29, 46], [-166, -253]]
[[1, 0], [29, 46], [-251, -276]]
[[1, 0], [29, 46], [-331, -506]]
[[1, 0], [29, 46], [-51, -46]]
[[1, 0], [29, 46], [-71, -69]]
[[1, 0], [29, 46], [-91, -92]]
[[1, 0], [29, 506], [-31, -506]]
[[1, 0], [29, 77], [-139, -308]]
[[1, 0], [29, 92], [-127, -368]]
[[1, 0], [29, 92], [-131, -276]]
[[1, 0], [29, 92], [-39, -115]]
[[1, 0], [29, 92], [-51, -92]]
[[1, 0], [29, 92], [-71, -138]]
[[1, 0], [3, 11], [-101, -33]]
[[1, 0], [3, 11], [-111, -154]]
[[1, 0], [3, 11], [-127, -44]]
[[1, 0], [3, 11], [-174, -385]]
[[1, 0], [3, 11], [-179, -66]]
[[1, 0], [3, 11], [-185, -341]]
[[1, 0], [3, 11], [-185, -506]]
[[1, 0], [3, 11], [-202, -319]]
[[1, 0], [3, 11], [-26, -11]]
[[1, 0], [3, 11], [-285, -286]]
[[1, 0], [3, 11], [-29, -22]]
[[1, 0], [3, 11], [-32, -33]]
[[1, 0], [3, 11], [-335, -132]]
[[1, 0], [3, 11], [-35, -44]]
[[1, 0], [3, 11], [-41, -66]]
[[1, 0], [3, 11], [-47, -88]]
[[1, 0], [3, 11], [-49, -11]]
[[1, 0], [3, 11], [-59, -132]]
[[1, 0], [3, 11], [-647, -264]]
[[1, 0], [3, 11], [-75, -22]]
[[1, 0], [3, 11], [-84, -55]]
[[1, 0], [3, 11], [-93, -253]]
[[1, 0], [3, 22], [-101, -66]]
[[1, 0], [3, 22], [-111, -308]]
[[1, 0], [3, 22], [-127, -88]]
[[1, 0], [3, 22], [-179, -132]]
[[1, 0], [3, 22], [-19, -55]]
[[1, 0], [3, 22], [-335, -264]]
[[1, 0], [3, 22], [-47, -176]]
[[1, 0], [3, 22], [-47, -253]]
[[1, 0], [3, 22], [-49, -22]]
[[1, 0], [3, 22], [-62, -33]]
[[1, 0], [3, 22], [-75, -44]]
[[1, 0], [3, 22], [-93, -506]]
[[1, 0], [3, 23], [-116, -299]]
[[1, 0], [3, 23], [-14, -23]]
[[1, 0], [3, 23], [-17, -46]]
[[1, 0], [3, 23], [-179, -276]]
[[1, 0], [3, 23], [-20, -69]]
[[1, 0], [3, 23], [-25, -23]]
[[1, 0], [3, 23], [-29, -138]]
[[1, 0], [3, 23], [-39, -46]]
[[1, 0], [3, 23], [-45, -253]]
[[1, 0], [3, 23], [-53, -69]]
[[1, 0], [3, 23], [-67, -92]]
[[1, 0], [3, 23], [-84, -391]]
[[1, 0], [3, 23], [-89, -345]]
[[1, 0], [3, 23], [-89, -506]]
[[1, 0], [3, 23], [-95, -138]]
[[1, 0], [3, 23], [-97, -322]]
[[1, 0], [3, 253], [-5, -253]]
[[1, 0], [3, 253], [-9, -506]]
[[1, 0], [3, 46], [-25, -46]]
[[1, 0], [3, 46], [-27, -161]]
[[1, 0], [3, 46], [-32, -69]]
[[1, 0], [3, 46], [-39, -92]]
[[1, 0], [3, 46], [-45, -506]]
[[1, 0], [3, 46], [-53, -138]]
[[1, 0], [3, 46], [-95, -276]]
[[1, 0], [3, 506], [-5, -506]]
[[1, 0], [30, 253], [-31, -253]]
[[1, 0], [30, 253], [-32, -253]]
[[1, 0], [30, 253], [-63, -506]]
[[1, 0], [301, 506], [-303, -506]]
[[1, 0], [304, 759], [-305, -759]]
[[1, 0], [31, 115], [-104, -345]]
[[1, 0], [31, 138], [-53, -138]]
[[1, 0], [31, 138], [-95, -276]]
[[1, 0], [31, 253], [-32, -253]]
[[1, 0], [31, 253], [-65, -506]]
[[1, 0], [31, 33], [-116, -99]]
[[1, 0], [31, 33], [-131, -66]]
[[1, 0], [31, 33], [-142, -143]]
[[1, 0], [31, 33], [-167, -88]]
[[1, 0], [31, 33], [-239, -132]]
[[1, 0], [31, 33], [-395, -396]]
[[1, 0], [31, 33], [-455, -264]]
[[1, 0], [31, 33], [-50, -51]]
[[1, 0], [31, 33], [-95, -44]]
[[1, 0], [31, 46], [-125, -161]]
[[1, 0], [31, 46], [-135, -184]]
[[1, 0], [31, 46], [-137, -138]]
[[1, 0], [31, 46], [-177, -253]]
[[1, 0], [31, 46], [-263, -276]]
[[1, 0], [31, 46], [-353, -506]]
[[1, 0], [31, 46], [-53, -46]]
[[1, 0], [31, 46], [-74, -69]]
[[1, 0], [31, 46], [-95, -92]]
[[1, 0], [31, 55], [-224, -275]]
[[1, 0], [31, 55], [-48, -77]]
[[1, 0], [31, 66], [-131, -132]]
[[1, 0], [31, 66], [-239, -264]]
[[1, 0], [31, 66], [-89, -165]]
[[1, 0], [31, 66], [-95, -88]]
[[1, 0], [31, 69], [-179, -276]]
[[1, 0], [31, 69], [-197, -414]]
[[1, 0], [31, 69], [-59, -115]]
[[1, 0], [31, 69], [-67, -92]]
[[1, 0], [31, 69], [-76, -161]]
[[1, 0], [31, 69], [-95, -138]]
[[1, 0], [31, 759], [-32, -759]]
[[1, 0], [315, 506], [-317, -506]]
[[1, 0], [32, 253], [-34, -253]]
[[1, 0], [32, 253], [-67, -506]]
[[1, 0], [323, 506], [-325, -506]]
[[1, 0], [33, 46], [-132, -161]]
[[1, 0], [33, 46], [-143, -138]]
[[1, 0], [33, 46], [-143, -184]]
[[1, 0], [33, 46], [-188, -253]]
[[1, 0], [33, 46], [-275, -276]]
[[1, 0], [33, 46], [-375, -506]]
[[1, 0], [33, 46], [-55, -46]]
[[1, 0], [33, 46], [-77, -69]]
[[1, 0], [33, 46], [-99, -92]]
[[1, 0], [33, 92], [-143, -276]]
[[1, 0], [33, 92], [-143, -368]]
[[1, 0], [33, 92], [-44, -115]]
[[1, 0], [33, 92], [-55, -92]]
[[1, 0], [33, 92], [-77, -138]]
[[1, 0], [34, 253], [-35, -253]]
[[1, 0], [34, 253], [-36, -253]]
[[1, 0], [34, 253], [-71, -506]]
[[1, 0], [34, 69], [-101, -138]]
[[1, 0], [34, 69], [-191, -276]]
[[1, 0], [34, 69], [-215, -414]]
[[1, 0], [34, 69], [-64, -115]]
[[1, 0], [34, 69], [-71, -92]]
[[1, 0], [34, 69], [-83, -161]]
[[1, 0], [34, 759], [-35, -759]]
[[1, 0], [343, 759], [-344, -759]]
[[1, 0], [35, 253], [-37, -253]]
[[1, 0], [35, 253], [-73, -506]]
[[1, 0], [35, 46], [-103, -92]]
[[1, 0], [35, 46], [-139, -161]]
[[1, 0], [35, 46], [-149, -138]]
[[1, 0], [35, 46], [-151, -184]]
[[1, 0], [35, 46], [-199, -253]]
[[1, 0], [35, 46], [-287, -276]]
[[1, 0], [35, 46], [-397, -506]]
[[1, 0], [35, 46], [-57, -46]]
[[1, 0], [35, 46], [-80, -69]]
[[1, 0], [35, 506], [-37, -506]]
[[1, 0], [36, 115], [-119, -345]]
[[1, 0], [36, 161], [-83, -322]]
[[1, 0], [36, 253], [-38, -253]]
[[1, 0], [36, 253], [-75, -506]]
[[1, 0], [36, 55], [-239, -330]]
[[1, 0], [36, 55], [-249, -275]]
[[1, 0], [36, 55], [-59, -55]]
[[1, 0], [36, 77], [-167, -308]]
[[1, 0], [367, 506], [-369, -506]]
[[1, 0], [37, 132], [-83, -132]]
[[1, 0], [37, 138], [-107, -276]]
[[1, 0], [37, 138], [-59, -138]]
[[1, 0], [37, 253], [-39, -253]]
[[1, 0], [37, 276], [-59, -276]]
[[1, 0], [37, 44], [-113, -66]]
[[1, 0], [37, 44], [-203, -132]]
[[1, 0], [37, 44], [-383, -264]]
[[1, 0], [37, 44], [-83, -44]]
[[1, 0], [37, 44], [-89, -99]]
[[1, 0], [37, 46], [-107, -92]]
[[1, 0], [37, 46], [-146, -161]]
[[1, 0], [37, 46], [-155, -138]]
[[1, 0], [37, 46], [-159, -184]]
[[1, 0], [37, 46], [-210, -253]]
[[1, 0], [37, 46], [-419, -506]]
[[1, 0], [37, 46], [-83, -69]]
[[1, 0], [37, 506], [-39, -506]]
[[1, 0], [37, 66], [-103, -88]]
[[1, 0], [37, 66], [-104, -165]]
[[1, 0], [37, 66], [-263, -264]]
[[1, 0], [37, 66], [-83, -66]]
[[1, 0], [37, 69], [-107, -138]]
[[1, 0], [37, 69], [-203, -276]]
[[1, 0], [37, 69], [-233, -414]]
[[1, 0], [37, 69], [-75, -92]]
[[1, 0], [37, 69], [-90, -161]]
[[1, 0], [37, 92], [-155, -276]]
[[1, 0], [37, 92], [-159, -368]]
[[1, 0], [37, 92], [-49, -115]]
[[1, 0], [37, 92], [-83, -138]]
[[1, 0], [37, 99], [-134, -297]]
[[1, 0], [38, 253], [-79, -506]]
[[1, 0], [39, 253], [-41, -253]]
[[1, 0], [39, 253], [-81, -506]]
[[1, 0], [39, 46], [-111, -92]]
[[1, 0], [39, 46], [-153, -161]]
[[1, 0], [39, 46], [-167, -184]]
[[1, 0], [39, 46], [-221, -253]]
[[1, 0], [39, 46], [-311, -276]]
[[1, 0], [39, 46], [-441, -506]]
[[1, 0], [39, 46], [-86, -69]]
[[1, 0], [39, 506], [-41, -506]]
[[1, 0], [4, 11], [-104, -33]]
[[1, 0], [4, 11], [-116, -253]]
[[1, 0], [4, 11], [-125, -154]]
[[1, 0], [4, 11], [-131, -44]]
[[1, 0], [4, 11], [-185, -66]]
[[1, 0], [4, 11], [-216, -341]]
[[1, 0], [4, 11], [-239, -88]]
[[1, 0], [4, 11], [-269, -297]]
[[1, 0], [4, 11], [-31, -22]]
[[1, 0], [4, 11], [-311, -286]]
[[1, 0], [4, 11], [-347, -132]]
[[1, 0], [4, 11], [-35, -33]]
[[1, 0], [4, 11], [-39, -44]]
[[1, 0], [4, 11], [-399, -275]]
[[1, 0], [4, 11], [-47, -66]]
[[1, 0], [4, 11], [-50, -11]]
[[1, 0], [4, 11], [-71, -132]]
[[1, 0], [4, 11], [-89, -55]]
[[1, 0], [4, 23], [-101, -138]]
[[1, 0], [4, 23], [-101, -391]]
[[1, 0], [4, 23], [-104, -345]]
[[1, 0], [4, 23], [-111, -322]]
[[1, 0], [4, 23], [-111, -506]]
[[1, 0], [4, 23], [-129, -299]]
[[1, 0], [4, 23], [-15, -23]]
[[1, 0], [4, 23], [-19, -46]]
[[1, 0], [4, 23], [-191, -276]]
[[1, 0], [4, 23], [-26, -23]]
[[1, 0], [4, 23], [-27, -92]]
[[1, 0], [4, 23], [-35, -138]]
[[1, 0], [4, 23], [-41, -46]]
[[1, 0], [4, 23], [-56, -253]]
[[1, 0], [4, 23], [-56, -69]]
[[1, 0], [4, 23], [-71, -92]]
[[1, 0], [4, 253], [-6, -253]]
[[1, 0], [4, 33], [-131, -132]]
[[1, 0], [4, 33], [-239, -264]]
[[1, 0], [4, 33], [-25, -143]]
[[1, 0], [4, 33], [-35, -99]]
[[1, 0], [4, 33], [-50, -33]]
[[1, 0], [4, 33], [-59, -44]]
[[1, 0], [4, 33], [-71, -396]]
[[1, 0], [4, 33], [-95, -88]]
[[1, 0], [4, 69], [-13, -161]]
[[1, 0], [4, 69], [-14, -115]]
[[1, 0], [4, 69], [-26, -69]]
[[1, 0], [4, 69], [-31, -92]]
[[1, 0], [4, 69], [-35, -414]]
[[1, 0], [4, 69], [-41, -138]]
[[1, 0], [4, 69], [-71, -276]]
[[1, 0], [40, 143], [-103, -286]]
[[1, 0], [40, 253], [-42, -253]]
[[1, 0], [40, 253], [-83, -506]]
[[1, 0], [40, 299], [-51, -299]]
[[1, 0], [40, 69], [-113, -138]]
[[1, 0], [40, 69], [-215, -276]]
[[1, 0], [40, 69], [-251, -414]]
[[1, 0], [40, 69], [-74, -115]]
[[1, 0], [40, 69], [-79, -92]]
[[1, 0], [40, 69], [-97, -161]]
[[1, 0], [400, 759], [-401, -759]]
[[1, 0], [41, 115], [-134, -345]]
[[1, 0], [41, 253], [-42, -253]]
[[1, 0], [41, 253], [-43, -253]]
[[1, 0], [41, 253], [-85, -506]]
[[1, 0], [41, 44], [-119, -66]]
[[1, 0], [41, 44], [-151, -88]]
[[1, 0], [41, 44], [-215, -132]]
[[1, 0], [41, 44], [-351, -352]]
[[1, 0], [41, 44], [-98, -99]]
[[1, 0], [41, 46], [-160, -161]]
[[1, 0], [41, 46], [-167, -138]]
[[1, 0], [41, 46], [-175, -184]]
[[1, 0], [41, 46], [-232, -253]]
[[1, 0], [41, 46], [-323, -276]]
[[1, 0], [41, 46], [-463, -506]]
[[1, 0], [41, 46], [-89, -69]]
[[1, 0], [41, 506], [-43, -506]]
[[1, 0], [41, 55], [-269, -330]]
[[1, 0], [41, 55], [-274, -275]]
[[1, 0], [41, 55], [-62, -77]]
[[1, 0], [41, 55], [-64, -55]]
[[1, 0], [41, 88], [-119, -132]]
[[1, 0], [41, 88], [-215, -264]]
[[1, 0], [41, 92], [-167, -276]]
[[1, 0], [41, 92], [-175, -368]]
[[1, 0], [41, 92], [-54, -115]]
[[1, 0], [41, 92], [-89, -138]]
[[1, 0], [42, 253], [-87, -506]]
[[1, 0], [43, 138], [-119, -276]]
[[1, 0], [43, 138], [-65, -138]]
[[1, 0], [43, 161], [-97, -322]]
[[1, 0], [43, 253], [-45, -253]]
[[1, 0], [43, 253], [-89, -506]]
[[1, 0], [43, 46], [-119, -92]]
[[1, 0], [43, 46], [-167, -161]]
[[1, 0], [43, 46], [-173, -138]]
[[1, 0], [43, 46], [-183, -184]]
[[1, 0], [43, 46], [-243, -253]]
[[1, 0], [43, 46], [-335, -276]]
[[1, 0], [43, 46], [-485, -506]]
[[1, 0], [43, 506], [-45, -506]]
[[1, 0], [43, 66], [-111, -88]]
[[1, 0], [43, 66], [-119, -165]]
[[1, 0], [43, 66], [-155, -132]]
[[1, 0], [43, 66], [-287, -264]]
[[1, 0], [43, 66], [-89, -66]]
[[1, 0], [43, 69], [-104, -161]]
[[1, 0], [43, 69], [-119, -138]]
[[1, 0], [43, 69], [-227, -276]]
[[1, 0], [43, 69], [-269, -414]]
[[1, 0], [43, 69], [-79, -115]]
[[1, 0], [43, 69], [-83, -92]]
[[1, 0], [43, 77], [-195, -308]]
[[1, 0], [433, 506], [-435, -506]]
[[1, 0], [442, 759], [-443, -759]]
[[1, 0], [45, 253], [-47, -253]]
[[1, 0], [45, 253], [-93, -506]]
[[1, 0], [45, 46], [-123, -92]]
[[1, 0], [45, 46], [-174, -161]]
[[1, 0], [45, 46], [-179, -138]]
[[1, 0], [45, 46], [-191, -184]]
[[1, 0], [45, 46], [-254, -253]]
[[1, 0], [45, 46], [-347, -276]]
[[1, 0], [45, 46], [-507, -506]]
[[1, 0], [45, 46], [-67, -46]]
[[1, 0], [45, 46], [-95, -69]]
[[1, 0], [45, 506], [-47, -506]]
[[1, 0], [45, 92], [-179, -276]]
[[1, 0], [45, 92], [-191, -368]]
[[1, 0], [45, 92], [-59, -115]]
[[1, 0], [45, 92], [-67, -92]]
[[1, 0], [45, 92], [-95, -138]]
[[1, 0], [453, 506], [-455, -506]]
[[1, 0], [455, 506], [-457, -506]]
[[1, 0], [457, 759], [-458, -759]]
[[1, 0], [46, 55], [-299, -275]]
[[1, 0], [46, 55], [-299, -330]]
[[1, 0], [46, 55], [-69, -77]]
[[1, 0], [46, 99], [-161, -297]]
[[1, 0], [469, 759], [-470, -759]]
[[1, 0], [47, 253], [-48, -253]]
[[1, 0], [47, 253], [-49, -253]]
[[1, 0], [47, 253], [-97, -506]]
[[1, 0], [47, 506], [-49, -506]]
[[1, 0], [477, 506], [-479, -506]]
[[1, 0], [48, 253], [-50, -253]]
[[1, 0], [49, 132], [-167, -264]]
[[1, 0], [49, 138], [-131, -276]]
[[1, 0], [49, 138], [-71, -138]]
[[1, 0], [49, 253], [-101, -506]]
[[1, 0], [49, 276], [-71, -276]]
[[1, 0], [49, 66], [-119, -88]]
[[1, 0], [49, 66], [-134, -165]]
[[1, 0], [49, 66], [-167, -132]]
[[1, 0], [49, 66], [-311, -264]]
[[1, 0], [49, 69], [-118, -161]]
[[1, 0], [49, 69], [-131, -138]]
[[1, 0], [49, 69], [-251, -276]]
[[1, 0], [49, 69], [-305, -414]]
[[1, 0], [49, 69], [-71, -69]]
[[1, 0], [49, 69], [-89, -115]]
[[1, 0], [49, 69], [-91, -92]]
[[1, 0], [49, 88], [-131, -132]]
[[1, 0], [49, 88], [-239, -264]]
[[1, 0], [49, 92], [-101, -138]]
[[1, 0], [49, 92], [-191, -276]]
[[1, 0], [49, 92], [-64, -115]]
[[1, 0], [499, 506], [-501, -506]]
[[1, 0], [5, 11], [-107, -33]]
[[1, 0], [5, 11], [-135, -44]]
[[1, 0], [5, 11], [-139, -154]]
[[1, 0], [5, 11], [-139, -253]]
[[1, 0], [5, 11], [-191, -66]]
[[1, 0], [5, 11], [-244, -385]]
[[1, 0], [5, 11], [-247, -341]]
[[1, 0], [5, 11], [-247, -88]]
[[1, 0], [5, 11], [-260, -319]]
[[1, 0], [5, 11], [-277, -506]]
[[1, 0], [5, 11], [-28, -11]]
[[1, 0], [5, 11], [-296, -297]]
[[1, 0], [5, 11], [-337, -286]]
[[1, 0], [5, 11], [-359, -132]]
[[1, 0], [5, 11], [-38, -33]]
[[1, 0], [5, 11], [-424, -275]]
[[1, 0], [5, 11], [-43, -44]]
[[1, 0], [5, 11], [-49, -25]]
[[1, 0], [5, 11], [-53, -66]]
[[1, 0], [5, 11], [-63, -88]]
[[1, 0], [5, 11], [-695, -264]]
[[1, 0], [5, 11], [-79, -22]]
[[1, 0], [5, 11], [-83, -132]]
[[1, 0], [5, 11], [-94, -55]]
[[1, 0], [5, 22], [-107, -66]]
[[1, 0], [5, 22], [-135, -88]]
[[1, 0], [5, 22], [-139, -308]]
[[1, 0], [5, 22], [-139, -506]]
[[1, 0], [5, 22], [-191, -132]]
[[1, 0], [5, 22], [-24, -55]]
[[1, 0], [5, 22], [-359, -264]]
[[1, 0], [5, 22], [-63, -176]]
[[1, 0], [5, 22], [-65, -33]]
[[1, 0], [5, 22], [-70, -253]]
[[1, 0], [5, 22], [-79, -44]]
[[1, 0], [5, 22], [-90, -143]]
[[1, 0], [5, 23], [-107, -138]]
[[1, 0], [5, 23], [-118, -391]]
[[1, 0], [5, 23], [-119, -345]]
[[1, 0], [5, 23], [-125, -322]]
[[1, 0], [5, 23], [-133, -506]]
[[1, 0], [5, 23], [-142, -299]]
[[1, 0], [5, 23], [-16, -23]]
[[1, 0], [5, 23], [-203, -276]]
[[1, 0], [5, 23], [-21, -46]]
[[1, 0], [5, 23], [-26, -69]]
[[1, 0], [5, 23], [-27, -23]]
[[1, 0], [5, 23], [-31, -92]]
[[1, 0], [5, 23], [-41, -138]]
[[1, 0], [5, 23], [-43, -46]]
[[1, 0], [5, 23], [-59, -69]]
[[1, 0], [5, 23], [-67, -253]]
[[1, 0], [5, 23], [-75, -92]]
[[1, 0], [5, 253], [-13, -506]]
[[1, 0], [5, 253], [-6, -253]]
[[1, 0], [5, 44], [-107, -132]]
[[1, 0], [5, 44], [-17, -99]]
[[1, 0], [5, 44], [-191, -264]]
[[1, 0], [5, 44], [-63, -352]]
[[1, 0], [5, 44], [-65, -66]]
[[1, 0], [5, 44], [-79, -88]]
[[1, 0], [5, 46], [-107, -276]]
[[1, 0], [5, 46], [-27, -46]]
[[1, 0], [5, 46], [-31, -184]]
[[1, 0], [5, 46], [-34, -161]]
[[1, 0], [5, 46], [-34, -253]]
[[1, 0], [5, 46], [-35, -69]]
[[1, 0], [5, 46], [-43, -92]]
[[1, 0], [5, 46], [-59, -138]]
[[1, 0], [5, 46], [-67, -506]]
[[1, 0], [5, 92], [-27, -92]]
[[1, 0], [5, 92], [-31, -368]]
[[1, 0], [5, 92], [-35, -138]]
[[1, 0], [5, 92], [-59, -276]]
[[1, 0], [5, 92], [-9, -115]]
[[1, 0], [50, 161], [-111, -322]]
[[1, 0], [50, 253], [-103, -506]]
[[1, 0], [50, 253], [-52, -253]]
[[1, 0], [50, 77], [-223, -308]]
[[1, 0], [505, 506], [-507, -506]]
[[1, 0], [51, 115], [-164, -345]]
[[1, 0], [51, 253], [-105, -506]]
[[1, 0], [51, 253], [-52, -253]]
[[1, 0], [51, 275], [-74, -275]]
[[1, 0], [51, 55], [-324, -275]]
[[1, 0], [51, 55], [-329, -330]]
[[1, 0], [51, 55], [-76, -77]]
[[1, 0], [52, 253], [-107, -506]]
[[1, 0], [52, 253], [-54, -253]]
[[1, 0], [52, 69], [-125, -161]]
[[1, 0], [52, 69], [-137, -138]]
[[1, 0], [52, 69], [-263, -276]]
[[1, 0], [52, 69], [-323, -414]]
[[1, 0], [52, 69], [-74, -69]]
[[1, 0], [52, 69], [-94, -115]]
[[1, 0], [52, 69], [-95, -92]]
[[1, 0], [53, 143], [-129, -286]]
[[1, 0], [53, 253], [-109, -506]]
[[1, 0], [53, 253], [-54, -253]]
[[1, 0], [53, 299], [-64, -299]]
[[1, 0], [53, 92], [-107, -138]]
[[1, 0], [53, 92], [-203, -276]]
[[1, 0], [53, 92], [-223, -368]]
[[1, 0], [54, 253], [-111, -506]]
[[1, 0], [54, 253], [-56, -253]]
[[1, 0], [55, 138], [-143, -276]]
[[1, 0], [55, 138], [-77, -138]]
[[1, 0], [55, 69], [-132, -161]]
[[1, 0], [55, 69], [-143, -138]]
[[1, 0], [55, 69], [-275, -276]]
[[1, 0], [55, 69], [-341, -414]]
[[1, 0], [55, 69], [-77, -69]]
[[1, 0], [55, 69], [-99, -115]]
[[1, 0], [55, 69], [-99, -92]]
[[1, 0], [56, 115], [-179, -345]]
[[1, 0], [56, 253], [-57, -253]]
[[1, 0], [56, 253], [-58, -253]]
[[1, 0], [57, 161], [-125, -322]]
[[1, 0], [57, 253], [-117, -506]]
[[1, 0], [57, 253], [-59, -253]]
[[1, 0], [57, 506], [-59, -506]]
[[1, 0], [57, 77], [-251, -308]]
[[1, 0], [57, 88], [-103, -88]]
[[1, 0], [57, 88], [-263, -264]]
[[1, 0], [57, 92], [-113, -138]]
[[1, 0], [57, 92], [-215, -276]]
[[1, 0], [57, 92], [-239, -368]]
[[1, 0], [57, 92], [-74, -115]]
[[1, 0], [58, 253], [-119, -506]]
[[1, 0], [58, 253], [-60, -253]]
[[1, 0], [58, 69], [-103, -92]]
[[1, 0], [58, 69], [-104, -115]]
[[1, 0], [58, 69], [-139, -161]]
[[1, 0], [58, 69], [-149, -138]]
[[1, 0], [58, 69], [-287, -276]]
[[1, 0], [58, 69], [-359, -414]]
[[1, 0], [58, 69], [-80, -69]]
[[1, 0], [59, 253], [-61, -253]]
[[1, 0], [59, 506], [-61, -506]]
[[1, 0], [6, 115], [-29, -345]]
[[1, 0], [6, 11], [-139, -44]]
[[1, 0], [6, 11], [-15, -16]]
[[1, 0], [6, 11], [-153, -154]]
[[1, 0], [6, 11], [-162, -253]]
[[1, 0], [6, 11], [-197, -66]]
[[1, 0], [6, 11], [-255, -88]]
[[1, 0], [6, 11], [-278, -341]]
[[1, 0], [6, 11], [-279, -385]]
[[1, 0], [6, 11], [-289, -319]]
[[1, 0], [6, 11], [-29, -11]]
[[1, 0], [6, 11], [-323, -297]]
[[1, 0], [6, 11], [-323, -506]]
[[1, 0], [6, 11], [-35, -22]]
[[1, 0], [6, 11], [-371, -132]]
[[1, 0], [6, 11], [-41, -33]]
[[1, 0], [6, 11], [-449, -275]]
[[1, 0], [6, 11], [-47, -44]]
[[1, 0], [6, 11], [-59, -66]]
[[1, 0], [6, 11], [-71, -88]]
[[1, 0], [6, 11], [-719, -264]]
[[1, 0], [6, 11], [-81, -22]]
[[1, 0], [6, 11], [-95, -132]]
[[1, 0], [6, 23], [-113, -138]]
[[1, 0], [6, 23], [-134, -345]]
[[1, 0], [6, 23], [-135, -391]]
[[1, 0], [6, 23], [-139, -322]]
[[1, 0], [6, 23], [-155, -299]]
[[1, 0], [6, 23], [-155, -506]]
[[1, 0], [6, 23], [-17, -23]]
[[1, 0], [6, 23], [-215, -276]]
[[1, 0], [6, 23], [-28, -23]]
[[1, 0], [6, 23], [-29, -69]]
[[1, 0], [6, 23], [-35, -92]]
[[1, 0], [6, 23], [-45, -46]]
[[1, 0], [6, 23], [-47, -138]]
[[1, 0], [6, 23], [-62, -69]]
[[1, 0], [6, 23], [-78, -253]]
[[1, 0], [6, 23], [-79, -92]]
[[1, 0], [6, 253], [-15, -506]]
[[1, 0], [6, 253], [-8, -253]]
[[1, 0], [6, 55], [-13, -77]]
[[1, 0], [6, 55], [-29, -55]]
[[1, 0], [6, 55], [-59, -330]]
[[1, 0], [60, 253], [-123, -506]]
[[1, 0], [60, 253], [-61, -253]]
[[1, 0], [607, 759], [-608, -759]]
[[1, 0], [61, 115], [-194, -345]]
[[1, 0], [61, 132], [-191, -264]]
[[1, 0], [61, 138], [-155, -276]]
[[1, 0], [61, 253], [-125, -506]]
[[1, 0], [61, 253], [-62, -253]]
[[1, 0], [61, 253], [-63, -253]]
[[1, 0], [61, 276], [-83, -276]]
[[1, 0], [61, 506], [-63, -506]]
[[1, 0], [61, 66], [-135, -88]]
[[1, 0], [61, 66], [-164, -165]]
[[1, 0], [61, 66], [-191, -132]]
[[1, 0], [61, 66], [-359, -264]]
[[1, 0], [61, 69], [-107, -92]]
[[1, 0], [61, 69], [-109, -115]]
[[1, 0], [61, 69], [-146, -161]]
[[1, 0], [61, 69], [-155, -138]]
[[1, 0], [61, 69], [-377, -414]]
[[1, 0], [61, 759], [-62, -759]]
[[1, 0], [61, 92], [-119, -138]]
[[1, 0], [61, 92], [-227, -276]]
[[1, 0], [61, 92], [-255, -368]]
[[1, 0], [61, 92], [-79, -115]]
[[1, 0], [62, 253], [-127, -506]]
[[1, 0], [62, 253], [-64, -253]]
[[1, 0], [63, 253], [-129, -506]]
[[1, 0], [63, 253], [-65, -253]]
[[1, 0], [63, 506], [-65, -506]]
[[1, 0], [64, 161], [-139, -322]]
[[1, 0], [64, 253], [-131, -506]]
[[1, 0], [64, 253], [-65, -253]]
[[1, 0], [64, 69], [-111, -92]]
[[1, 0], [64, 69], [-114, -115]]
[[1, 0], [64, 69], [-153, -161]]
[[1, 0], [64, 69], [-311, -276]]
[[1, 0], [64, 69], [-395, -414]]
[[1, 0], [64, 759], [-65, -759]]
[[1, 0], [64, 77], [-279, -308]]
[[1, 0], [64, 99], [-215, -297]]
[[1, 0], [65, 253], [-133, -506]]
[[1, 0], [65, 253], [-67, -253]]
[[1, 0], [65, 506], [-67, -506]]
[[1, 0], [65, 88], [-111, -88]]
[[1, 0], [65, 88], [-155, -132]]
[[1, 0], [65, 88], [-287, -264]]
[[1, 0], [65, 92], [-125, -138]]
[[1, 0], [65, 92], [-239, -276]]
[[1, 0], [65, 92], [-271, -368]]
[[1, 0], [65, 92], [-84, -115]]
[[1, 0], [66, 115], [-209, -345]]
[[1, 0], [66, 299], [-77, -299]]
[[1, 0], [67, 138], [-167, -276]]
[[1, 0], [67, 253], [-137, -506]]
[[1, 0], [67, 69], [-119, -115]]
[[1, 0], [67, 69], [-160, -161]]
[[1, 0], [67, 69], [-167, -138]]
[[1, 0], [67, 69], [-323, -276]]
[[1, 0], [67, 69], [-413, -414]]
[[1, 0], [68, 253], [-139, -506]]
[[1, 0], [68, 253], [-70, -253]]
[[1, 0], [7, 11], [-104, -55]]
[[1, 0], [7, 11], [-107, -132]]
[[1, 0], [7, 11], [-113, -33]]
[[1, 0], [7, 11], [-167, -154]]
[[1, 0], [7, 11], [-185, -253]]
[[1, 0], [7, 11], [-203, -66]]
[[1, 0], [7, 11], [-25, -13]]
[[1, 0], [7, 11], [-263, -88]]
[[1, 0], [7, 11], [-309, -341]]
[[1, 0], [7, 11], [-314, -385]]
[[1, 0], [7, 11], [-318, -319]]
[[1, 0], [7, 11], [-350, -297]]
[[1, 0], [7, 11], [-369, -506]]
[[1, 0], [7, 11], [-37, -22]]
[[1, 0], [7, 11], [-383, -132]]
[[1, 0], [7, 11], [-389, -286]]
[[1, 0], [7, 11], [-474, -275]]
[[1, 0], [7, 11], [-51, -44]]
[[1, 0], [7, 11], [-65, -66]]
[[1, 0], [7, 11], [-743, -264]]
[[1, 0], [7, 11], [-79, -88]]
[[1, 0], [7, 11], [-83, -22]]
[[1, 0], [7, 138], [-29, -138]]
[[1, 0], [7, 138], [-47, -276]]
[[1, 0], [7, 22], [-103, -143]]
[[1, 0], [7, 22], [-113, -66]]
[[1, 0], [7, 22], [-167, -308]]
[[1, 0], [7, 22], [-185, -506]]
[[1, 0], [7, 22], [-203, -132]]
[[1, 0], [7, 22], [-25, -26]]
[[1, 0], [7, 22], [-29, -55]]
[[1, 0], [7, 22], [-383, -264]]
[[1, 0], [7, 22], [-53, -22]]
[[1, 0], [7, 22], [-68, -33]]
[[1, 0], [7, 22], [-79, -176]]
[[1, 0], [7, 22], [-83, -44]]
[[1, 0], [7, 22], [-93, -253]]
[[1, 0], [7, 23], [-119, -138]]
[[1, 0], [7, 23], [-149, -345]]
[[1, 0], [7, 23], [-152, -391]]
[[1, 0], [7, 23], [-153, -322]]
[[1, 0], [7, 23], [-168, -299]]
[[1, 0], [7, 23], [-177, -506]]
[[1, 0], [7, 23], [-227, -276]]
[[1, 0], [7, 23], [-25, -46]]
[[1, 0], [7, 23], [-29, -23]]
[[1, 0], [7, 23], [-32, -69]]
[[1, 0], [7, 23], [-39, -92]]
[[1, 0], [7, 23], [-47, -46]]
[[1, 0], [7, 23], [-53, -138]]
[[1, 0], [7, 23], [-65, -69]]
[[1, 0], [7, 23], [-83, -92]]
[[1, 0], [7, 23], [-89, -253]]
[[1, 0], [7, 253], [-17, -506]]
[[1, 0], [7, 253], [-8, -253]]
[[1, 0], [7, 253], [-9, -253]]
[[1, 0], [7, 33], [-103, -88]]
[[1, 0], [7, 33], [-107, -396]]
[[1, 0], [7, 33], [-263, -264]]
[[1, 0], [7, 33], [-38, -143]]
[[1, 0], [7, 33], [-53, -33]]
[[1, 0], [7, 33], [-63, -44]]
[[1, 0], [7, 33], [-83, -66]]
[[1, 0], [7, 46], [-119, -276]]
[[1, 0], [7, 46], [-29, -46]]
[[1, 0], [7, 46], [-38, -69]]
[[1, 0], [7, 46], [-39, -184]]
[[1, 0], [7, 46], [-41, -161]]
[[1, 0], [7, 46], [-45, -253]]
[[1, 0], [7, 46], [-47, -92]]
[[1, 0], [7, 46], [-65, -138]]
[[1, 0], [7, 46], [-89, -506]]
[[1, 0], [7, 506], [-9, -506]]
[[1, 0], [7, 66], [-29, -165]]
[[1, 0], [7, 66], [-53, -66]]
[[1, 0], [7, 66], [-63, -88]]
[[1, 0], [7, 66], [-83, -132]]
[[1, 0], [7, 69], [-19, -115]]
[[1, 0], [7, 69], [-20, -161]]
[[1, 0], [7, 69], [-29, -69]]
[[1, 0], [7, 69], [-35, -92]]
[[1, 0], [7, 69], [-47, -138]]
[[1, 0], [7, 69], [-53, -414]]
[[1, 0], [7, 69], [-83, -276]]
[[1, 0], [7, 759], [-8, -759]]
[[1, 0], [70, 253], [-72, -253]]
[[1, 0], [70, 759], [-71, -759]]
[[1, 0], [71, 115], [-224, -345]]
[[1, 0], [71, 161], [-153, -322]]
[[1, 0], [71, 253], [-145, -506]]
[[1, 0], [71, 77], [-307, -308]]
[[1, 0], [72, 253], [-147, -506]]
[[1, 0], [72, 253], [-74, -253]]
[[1, 0], [73, 132], [-215, -264]]
[[1, 0], [73, 138], [-179, -276]]
[[1, 0], [73, 253], [-149, -506]]
[[1, 0], [73, 253], [-75, -253]]
[[1, 0], [73, 264], [-119, -264]]
[[1, 0], [73, 276], [-95, -276]]
[[1, 0], [73, 506], [-75, -506]]
[[1, 0], [73, 88], [-167, -132]]
[[1, 0], [73, 88], [-311, -264]]
[[1, 0], [73, 92], [-137, -138]]
[[1, 0], [73, 92], [-263, -276]]
[[1, 0], [73, 92], [-303, -368]]
[[1, 0], [73, 92], [-94, -115]]
[[1, 0], [73, 92], [-95, -92]]
[[1, 0], [74, 253], [-151, -506]]
[[1, 0], [75, 253], [-153, -506]]
[[1, 0], [76, 115], [-239, -345]]
[[1, 0], [76, 253], [-155, -506]]
[[1, 0], [76, 253], [-78, -253]]
[[1, 0], [77, 92], [-143, -138]]
[[1, 0], [77, 92], [-275, -276]]
[[1, 0], [77, 92], [-319, -368]]
[[1, 0], [77, 92], [-99, -115]]
[[1, 0], [77, 92], [-99, -92]]
[[1, 0], [78, 161], [-167, -322]]
[[1, 0], [78, 253], [-159, -506]]
[[1, 0], [78, 253], [-80, -253]]
[[1, 0], [79, 138], [-191, -276]]
[[1, 0], [79, 143], [-181, -286]]
[[1, 0], [79, 253], [-80, -253]]
[[1, 0], [79, 253], [-81, -253]]
[[1, 0], [79, 299], [-90, -299]]
[[1, 0], [79, 506], [-81, -506]]
[[1, 0], [79, 759], [-80, -759]]
[[1, 0], [8, 11], [-109, -55]]
[[1, 0], [8, 11], [-116, -33]]
[[1, 0], [8, 11], [-119, -132]]
[[1, 0], [8, 11], [-147, -44]]
[[1, 0], [8, 11], [-18, -19]]
[[1, 0], [8, 11], [-181, -154]]
[[1, 0], [8, 11], [-208, -253]]
[[1, 0], [8, 11], [-271, -88]]
[[1, 0], [8, 11], [-340, -341]]
[[1, 0], [8, 11], [-347, -319]]
[[1, 0], [8, 11], [-349, -385]]
[[1, 0], [8, 11], [-377, -297]]
[[1, 0], [8, 11], [-39, -22]]
[[1, 0], [8, 11], [-395, -132]]
[[1, 0], [8, 11], [-415, -286]]
[[1, 0], [8, 11], [-415, -506]]
[[1, 0], [8, 11], [-47, -33]]
[[1, 0], [8, 11], [-499, -275]]
[[1, 0], [8, 11], [-71, -66]]
[[1, 0], [8, 11], [-767, -264]]
[[1, 0], [8, 11], [-85, -22]]
[[1, 0], [8, 11], [-87, -88]]
[[1, 0], [8, 161], [-27, -322]]
[[1, 0], [8, 23], [-100, -253]]
[[1, 0], [8, 23], [-125, -138]]
[[1, 0], [8, 23], [-164, -345]]
[[1, 0], [8, 23], [-167, -322]]
[[1, 0], [8, 23], [-169, -391]]
[[1, 0], [8, 23], [-181, -299]]
[[1, 0], [8, 23], [-199, -506]]
[[1, 0], [8, 23], [-239, -276]]
[[1, 0], [8, 23], [-27, -46]]
[[1, 0], [8, 23], [-30, -23]]
[[1, 0], [8, 23], [-35, -69]]
[[1, 0], [8, 23], [-43, -92]]
[[1, 0], [8, 23], [-49, -46]]
[[1, 0], [8, 23], [-59, -138]]
[[1, 0], [8, 23], [-68, -69]]
[[1, 0], [8, 23], [-87, -92]]
[[1, 0], [8, 253], [-10, -253]]
[[1, 0], [8, 253], [-19, -506]]
[[1, 0], [8, 253], [-9, -253]]
[[1, 0], [80, 253], [-163, -506]]
[[1, 0], [80, 253], [-82, -253]]
[[1, 0], [81, 115], [-254, -345]]
[[1, 0], [81, 253], [-83, -253]]
[[1, 0], [81, 506], [-83, -506]]
[[1, 0], [81, 88], [-127, -88]]
[[1, 0], [81, 88], [-179, -132]]
[[1, 0], [81, 88], [-335, -264]]
[[1, 0], [81, 92], [-103, -92]]
[[1, 0], [81, 92], [-104, -115]]
[[1, 0], [81, 92], [-149, -138]]
[[1, 0], [81, 92], [-287, -276]]
[[1, 0], [81, 92], [-335, -368]]
[[1, 0], [82, 253], [-167, -506]]
[[1, 0], [82, 99], [-269, -297]]
[[1, 0], [83, 253], [-169, -506]]
[[1, 0], [83, 253], [-84, -253]]
[[1, 0], [83, 253], [-85, -253]]
[[1, 0], [83, 506], [-85, -506]]
[[1, 0], [84, 253], [-171, -506]]
[[1, 0], [84, 253], [-86, -253]]
[[1, 0], [85, 132], [-239, -264]]
[[1, 0], [85, 138], [-203, -276]]
[[1, 0], [85, 161], [-181, -322]]
[[1, 0], [85, 253], [-173, -506]]
[[1, 0], [85, 253], [-87, -253]]
[[1, 0], [85, 276], [-107, -276]]
[[1, 0], [85, 506], [-87, -506]]
[[1, 0], [85, 759], [-86, -759]]
[[1, 0], [85, 92], [-109, -115]]
[[1, 0], [85, 92], [-155, -138]]
[[1, 0], [85, 92], [-351, -368]]
[[1, 0], [86, 115], [-269, -345]]
[[1, 0], [86, 253], [-175, -506]]
[[1, 0], [87, 253], [-177, -506]]
[[1, 0], [87, 253], [-89, -253]]
[[1, 0], [87, 506], [-89, -506]]
[[1, 0], [89, 253], [-181, -506]]
[[1, 0], [89, 253], [-91, -253]]
[[1, 0], [89, 506], [-91, -506]]
[[1, 0], [89, 92], [-114, -115]]
[[1, 0], [89, 92], [-311, -276]]
[[1, 0], [89, 92], [-367, -368]]
[[1, 0], [9, 11], [-114, -55]]
[[1, 0], [9, 11], [-119, -33]]
[[1, 0], [9, 11], [-131, -132]]
[[1, 0], [9, 11], [-151, -44]]
[[1, 0], [9, 11], [-16, -17]]
[[1, 0], [9, 11], [-195, -154]]
[[1, 0], [9, 11], [-215, -66]]
[[1, 0], [9, 11], [-279, -88]]
[[1, 0], [9, 11], [-371, -341]]
[[1, 0], [9, 11], [-376, -319]]
[[1, 0], [9, 11], [-384, -385]]
[[1, 0], [9, 11], [-39, -40]]
[[1, 0], [9, 11], [-404, -297]]
[[1, 0], [9, 11], [-41, -22]]
[[1, 0], [9, 11], [-441, -286]]
[[1, 0], [9, 11], [-461, -506]]
[[1, 0], [9, 11], [-50, -33]]
[[1, 0], [9, 11], [-524, -275]]
[[1, 0], [9, 11], [-59, -44]]
[[1, 0], [9, 11], [-791, -264]]
[[1, 0], [9, 11], [-87, -22]]
[[1, 0], [9, 11], [-95, -88]]
[[1, 0], [9, 22], [-116, -143]]
[[1, 0], [9, 22], [-116, -253]]
[[1, 0], [9, 22], [-119, -66]]
[[1, 0], [9, 22], [-151, -88]]
[[1, 0], [9, 22], [-195, -308]]
[[1, 0], [9, 22], [-215, -132]]
[[1, 0], [9, 22], [-34, -55]]
[[1, 0], [9, 22], [-71, -33]]
[[1, 0], [9, 22], [-87, -44]]
[[1, 0], [9, 22], [-95, -176]]
[[1, 0], [9, 23], [-111, -253]]
[[1, 0], [9, 23], [-131, -138]]
[[1, 0], [9, 23], [-179, -345]]
[[1, 0], [9, 23], [-181, -322]]
[[1, 0], [9, 23], [-186, -391]]
[[1, 0], [9, 23], [-194, -299]]
[[1, 0], [9, 23], [-221, -506]]
[[1, 0], [9, 23], [-251, -276]]
[[1, 0], [9, 23], [-29, -46]]
[[1, 0], [9, 23], [-31, -23]]
[[1, 0], [9, 23], [-38, -69]]
[[1, 0], [9, 23], [-47, -92]]
[[1, 0], [9, 23], [-51, -46]]
[[1, 0], [9, 23], [-65, -138]]
[[1, 0], [9, 23], [-71, -69]]
[[1, 0], [9, 23], [-91, -92]]
[[1, 0], [9, 253], [-10, -253]]
[[1, 0], [9, 253], [-21, -506]]
[[1, 0], [9, 44], [-119, -132]]
[[1, 0], [9, 44], [-215, -264]]
[[1, 0], [9, 44], [-26, -99]]
[[1, 0], [9, 44], [-71, -66]]
[[1, 0], [9, 44], [-87, -88]]
[[1, 0], [9, 44], [-95, -352]]
[[1, 0], [9, 46], [-111, -506]]
[[1, 0], [9, 46], [-131, -276]]
[[1, 0], [9, 46], [-31, -46]]
[[1, 0], [9, 46], [-41, -69]]
[[1, 0], [9, 46], [-47, -184]]
[[1, 0], [9, 46], [-48, -161]]
[[1, 0], [9, 46], [-51, -92]]
[[1, 0], [9, 46], [-56, -253]]
[[1, 0], [9, 46], [-71, -138]]
[[1, 0], [9, 88], [-119, -264]]
[[1, 0], [9, 88], [-71, -132]]
[[1, 0], [9, 92], [-14, -115]]
[[1, 0], [9, 92], [-31, -92]]
[[1, 0], [9, 92], [-41, -138]]
[[1, 0], [9, 92], [-47, -368]]
[[1, 0], [9, 92], [-71, -276]]
[[1, 0], [90, 253], [-183, -506]]
[[1, 0], [90, 253], [-91, -253]]
[[1, 0], [91, 115], [-284, -345]]
[[1, 0], [91, 138], [-113, -138]]
[[1, 0], [91, 138], [-215, -276]]
[[1, 0], [91, 253], [-185, -506]]
[[1, 0], [91, 253], [-93, -253]]
[[1, 0], [91, 506], [-93, -506]]
[[1, 0], [91, 99], [-296, -297]]
[[1, 0], [92, 143], [-207, -286]]
[[1, 0], [93, 253], [-189, -506]]
[[1, 0], [93, 253], [-95, -253]]
[[1, 0], [93, 506], [-95, -506]]
[[1, 0], [94, 253], [-191, -506]]
[[1, 0], [94, 253], [-96, -253]]
[[1, 0], [95, 253], [-193, -506]]
[[1, 0], [95, 253], [-97, -253]]
[[1, 0], [95, 506], [-97, -506]]
[[1, 0], [96, 253], [-195, -506]]
[[1, 0], [96, 253], [-98, -253]]
[[1, 0], [97, 132], [-263, -264]]
[[1, 0], [97, 138], [-227, -276]]
[[1, 0], [97, 253], [-197, -506]]
[[1, 0], [97, 276], [-119, -276]]
[[1, 0], [97, 759], [-98, -759]]
[[1, 0], [98, 253], [-100, -253]]
[[1, 0], [98, 253], [-199, -506]]
[[1, 0], [99, 161], [-209, -322]]
