[[1, 0], [0, 1], [-129059, -720]]
[[1, 0], [0, 1], [-1432, -1]]
[[1, 0], [0, 1], [-1433, -1432]]
[[1, 0], [0, 1], [-14499, -80]]
[[1, 0], [0, 1], [-1672, -1253]]
[[1, 0], [0, 1], [-171840, -239]]
[[1, 0], [0, 1], [-171840, -719]]
[[1, 0], [0, 1], [-179, -144]]
[[1, 0], [0, 1], [-179, -16]]
[[1, 0], [0, 1], [-179, -48]]
[[1, 0], [0, 1], [-179, -80]]
[[1, 0], [0, 1], [-240, -179]]
[[1, 0], [0, 1], [-25955, -144]]
[[1, 0], [0, 1], [-2864, -3]]
[[1, 0], [0, 1], [-2864, -955]]
[[1, 0], [0, 1], [-3043, -16]]
[[1, 0], [0, 1], [-3401, -56]]
[[1, 0], [0, 1], [-3584, -895]]
[[1, 0], [0, 1], [-43139, -240]]
[[1, 0], [0, 1], [-43497, -728]]
[[1, 0], [0, 1], [-514088, -717]]
[[1, 0], [0, 1], [-537, -8]]
[[1, 0], [0, 1], [-6265, -104]]
[[1, 0], [0, 1], [-720, -179]]
[[1, 0], [0, 1], [-8771, -48]]
[[1, 0], [1, 1074], [-5, -1074]]
[[1, 0], [1, 10], [-1043, -48]]
[[1, 0], [1, 10], [-13139, -720]]
[[1, 0], [1, 10], [-1329, -760]]
[[1, 0], [1, 10], [-1619, -80]]
[[1, 0], [1, 10], [-2771, -144]]
[[1, 0], [1, 10], [-299, -1200]]
[[1, 0], [1, 10], [-39, -32]]
[[1, 0], [1, 10], [-4499, -240]]
[[1, 0], [1, 10], [-467, -16]]
[[1, 0], [1, 120], [-1259, -720]]
[[1, 0], [1, 120], [-395, -144]]
[[1, 0], [1, 120], [-539, -240]]
[[1, 0], [1, 124], [-185, -744]]
[[1, 0], [1, 12], [-10979, -720]]
[[1, 0], [1, 12], [-1379, -80]]
[[1, 0], [1, 12], [-1673, -744]]
[[1, 0], [1, 12], [-2339, -144]]
[[1, 0], [1, 12], [-269, -1080]]
[[1, 0], [1, 12], [-3779, -240]]
[[1, 0], [1, 12], [-419, -16]]
[[1, 0], [1, 12], [-899, -48]]
[[1, 0], [1, 12], [-959, -768]]
[[1, 0], [1, 12], [-975, -244]]
[[1, 0], [1, 13], [-259, -1040]]
[[1, 0], [1, 13], [-321, -56]]
[[1, 0], [1, 13], [-3457, -728]]
[[1, 0], [1, 13], [-545, -104]]
[[1, 0], [1, 1432], [-3, -1432]]
[[1, 0], [1, 144], [-1079, -720]]
[[1, 0], [1, 144], [-359, -144]]
[[1, 0], [1, 144], [-479, -240]]
[[1, 0], [1, 144], [-629, -360]]
[[1, 0], [1, 14], [-251, -1008]]
[[1, 0], [1, 15], [-1139, -80]]
[[1, 0], [1, 15], [-1907, -144]]
[[1, 0], [1, 15], [-3059, -240]]
[[1, 0], [1, 15], [-371, -16]]
[[1, 0], [1, 15], [-755, -48]]
[[1, 0], [1, 15], [-8819, -720]]
[[1, 0], [1, 16], [-1079, -80]]
[[1, 0], [1, 16], [-1529, -120]]
[[1, 0], [1, 16], [-1799, -144]]
[[1, 0], [1, 16], [-239, -960]]
[[1, 0], [1, 16], [-2879, -240]]
[[1, 0], [1, 16], [-293, -392]]
[[1, 0], [1, 16], [-359, -16]]
[[1, 0], [1, 16], [-4229, -360]]
[[1, 0], [1, 16], [-449, -24]]
[[1, 0], [1, 16], [-629, -40]]
[[1, 0], [1, 16], [-719, -48]]
[[1, 0], [1, 16], [-8279, -720]]
[[1, 0], [1, 16], [-989, -72]]
[[1, 0], [1, 179], [-17, -1432]]
[[1, 0], [1, 179], [-29, -895]]
[[1, 0], [1, 179], [-9, -179]]
[[1, 0], [1, 17], [-171, -43]]
[[1, 0], [1, 180], [-419, -240]]
[[1, 0], [1, 180], [-899, -720]]
[[1, 0], [1, 184], [-183, -736]]
[[1, 0], [1, 186], [-61, -248]]
[[1, 0], [1, 18], [-1619, -144]]
[[1, 0], [1, 18], [-2579, -240]]
[[1, 0], [1, 18], [-491, -246]]
[[1, 0], [1, 18], [-659, -48]]
[[1, 0], [1, 18], [-7379, -720]]
[[1, 0], [1, 18], [-77, -312]]
[[1, 0], [1, 18], [-979, -80]]
[[1, 0], [1, 19], [-227, -912]]
[[1, 0], [1, 20], [-1475, -144]]
[[1, 0], [1, 20], [-2339, -240]]
[[1, 0], [1, 20], [-45, -184]]
[[1, 0], [1, 20], [-611, -48]]
[[1, 0], [1, 20], [-6659, -720]]
[[1, 0], [1, 20], [-899, -80]]
[[1, 0], [1, 21], [-489, -245]]
[[1, 0], [1, 22], [-219, -880]]
[[1, 0], [1, 239], [-1433, -239]]
[[1, 0], [1, 239], [-2867, -717]]
[[1, 0], [1, 23], [-87, -32]]
[[1, 0], [1, 240], [-359, -240]]
[[1, 0], [1, 240], [-449, -360]]
[[1, 0], [1, 240], [-719, -720]]
[[1, 0], [1, 24], [-1259, -144]]
[[1, 0], [1, 24], [-1979, -240]]
[[1, 0], [1, 24], [-215, -864]]
[[1, 0], [1, 24], [-539, -48]]
[[1, 0], [1, 24], [-5579, -720]]
[[1, 0], [1, 24], [-779, -80]]
[[1, 0], [1, 25], [-173, -29]]
[[1, 0], [1, 28], [-1637, -728]]
[[1, 0], [1, 28], [-181, -56]]
[[1, 0], [1, 28], [-209, -840]]
[[1, 0], [1, 28], [-285, -104]]
[[1, 0], [1, 2], [-129239, -718]]
[[1, 0], [1, 2], [-13139, -144]]
[[1, 0], [1, 2], [-1329, -152]]
[[1, 0], [1, 2], [-1385, -264]]
[[1, 0], [1, 2], [-1433, -1432]]
[[1, 0], [1, 2], [-1613, -1074]]
[[1, 0], [1, 2], [-1619, -16]]
[[1, 0], [1, 2], [-187, -16]]
[[1, 0], [1, 2], [-203, -48]]
[[1, 0], [1, 2], [-21779, -240]]
[[1, 0], [1, 2], [-219, -80]]
[[1, 0], [1, 2], [-251, -144]]
[[1, 0], [1, 2], [-299, -240]]
[[1, 0], [1, 2], [-4499, -48]]
[[1, 0], [1, 2], [-539, -358]]
[[1, 0], [1, 2], [-64979, -720]]
[[1, 0], [1, 2], [-717, -2]]
[[1, 0], [1, 2], [-7379, -80]]
[[1, 0], [1, 30], [-1043, -144]]
[[1, 0], [1, 30], [-1619, -240]]
[[1, 0], [1, 30], [-4499, -720]]
[[1, 0], [1, 30], [-467, -48]]
[[1, 0], [1, 30], [-659, -80]]
[[1, 0], [1, 30], [-69, -280]]
[[1, 0], [1, 32], [-459, -368]]
[[1, 0], [1, 34], [-203, -816]]
[[1, 0], [1, 358], [-11, -1074]]
[[1, 0], [1, 358], [-5, -358]]
[[1, 0], [1, 358], [-9, -1432]]
[[1, 0], [1, 35], [-29, -120]]
[[1, 0], [1, 360], [-539, -720]]
[[1, 0], [1, 364], [-181, -728]]
[[1, 0], [1, 36], [-1379, -240]]
[[1, 0], [1, 36], [-3779, -720]]
[[1, 0], [1, 36], [-419, -48]]
[[1, 0], [1, 36], [-579, -80]]
[[1, 0], [1, 36], [-899, -144]]
[[1, 0], [1, 3], [-1139, -16]]
[[1, 0], [1, 3], [-1433, -3]]
[[1, 0], [1, 3], [-14579, -240]]
[[1, 0], [1, 3], [-172079, -717]]
[[1, 0], [1, 3], [-2469, -247]]
[[1, 0], [1, 3], [-3059, -48]]
[[1, 0], [1, 3], [-323, -432]]
[[1, 0], [1, 3], [-43379, -720]]
[[1, 0], [1, 3], [-489, -35]]
[[1, 0], [1, 3], [-4979, -80]]
[[1, 0], [1, 3], [-573, -287]]
[[1, 0], [1, 3], [-57837, -239]]
[[1, 0], [1, 3], [-747, -272]]
[[1, 0], [1, 3], [-8819, -144]]
[[1, 0], [1, 40], [-1259, -240]]
[[1, 0], [1, 40], [-199, -800]]
[[1, 0], [1, 40], [-3419, -720]]
[[1, 0], [1, 40], [-395, -48]]
[[1, 0], [1, 40], [-539, -80]]
[[1, 0], [1, 40], [-827, -144]]
[[1, 0], [1, 44], [-197, -792]]
[[1, 0], [1, 45], [-1139, -240]]
[[1, 0], [1, 45], [-3059, -720]]
[[1, 0], [1, 45], [-371, -48]]
[[1, 0], [1, 45], [-499, -80]]
[[1, 0], [1, 45], [-755, -144]]
[[1, 0], [1, 48], [-1079, -240]]
[[1, 0], [1, 48], [-1529, -360]]
[[1, 0], [1, 48], [-2879, -720]]
[[1, 0], [1, 48], [-359, -48]]
[[1, 0], [1, 48], [-449, -72]]
[[1, 0], [1, 48], [-479, -80]]
[[1, 0], [1, 48], [-629, -120]]
[[1, 0], [1, 48], [-719, -144]]
[[1, 0], [1, 49], [-195, -784]]
[[1, 0], [1, 4], [-10979, -240]]
[[1, 0], [1, 4], [-11101, -728]]
[[1, 0], [1, 4], [-1119, -896]]
[[1, 0], [1, 4], [-1289, -860]]
[[1, 0], [1, 4], [-1637, -104]]
[[1, 0], [1, 4], [-1673, -248]]
[[1, 0], [1, 4], [-181, -8]]
[[1, 0], [1, 4], [-185, -24]]
[[1, 0], [1, 4], [-189, -40]]
[[1, 0], [1, 4], [-197, -72]]
[[1, 0], [1, 4], [-1989, -796]]
[[1, 0], [1, 4], [-209, -120]]
[[1, 0], [1, 4], [-2339, -48]]
[[1, 0], [1, 4], [-2521, -776]]
[[1, 0], [1, 4], [-269, -360]]
[[1, 0], [1, 4], [-3055, -764]]
[[1, 0], [1, 4], [-32579, -720]]
[[1, 0], [1, 4], [-3779, -80]]
[[1, 0], [1, 4], [-3947, -752]]
[[1, 0], [1, 4], [-6659, -144]]
[[1, 0], [1, 4], [-6807, -736]]
[[1, 0], [1, 4], [-717, -1432]]
[[1, 0], [1, 4], [-8417, -732]]
[[1, 0], [1, 4], [-899, -16]]
[[1, 0], [1, 4], [-909, -56]]
[[1, 0], [1, 4], [-955, -956]]
[[1, 0], [1, 4], [-959, -256]]
[[1, 0], [1, 50], [-39, -160]]
[[1, 0], [1, 52], [-125, -56]]
[[1, 0], [1, 52], [-15, -64]]
[[1, 0], [1, 52], [-181, -104]]
[[1, 0], [1, 52], [-909, -728]]
[[1, 0], [1, 5], [-1175, -147]]
[[1, 0], [1, 5], [-183, -179]]
[[1, 0], [1, 5], [-1907, -48]]
[[1, 0], [1, 5], [-26099, -720]]
[[1, 0], [1, 5], [-3059, -80]]
[[1, 0], [1, 5], [-5363, -144]]
[[1, 0], [1, 5], [-603, -151]]
[[1, 0], [1, 5], [-755, -16]]
[[1, 0], [1, 5], [-8819, -240]]
[[1, 0], [1, 5], [-899, -895]]
[[1, 0], [1, 60], [-2339, -720]]
[[1, 0], [1, 60], [-419, -80]]
[[1, 0], [1, 60], [-611, -144]]
[[1, 0], [1, 60], [-899, -240]]
[[1, 0], [1, 64], [-191, -768]]
[[1, 0], [1, 6], [-1385, -792]]
[[1, 0], [1, 6], [-1619, -48]]
[[1, 0], [1, 6], [-181, -358]]
[[1, 0], [1, 6], [-21779, -720]]
[[1, 0], [1, 6], [-2579, -80]]
[[1, 0], [1, 6], [-4499, -144]]
[[1, 0], [1, 6], [-491, -82]]
[[1, 0], [1, 6], [-539, -1074]]
[[1, 0], [1, 6], [-61, -8]]
[[1, 0], [1, 6], [-659, -16]]
[[1, 0], [1, 6], [-69, -56]]
[[1, 0], [1, 6], [-7379, -240]]
[[1, 0], [1, 6], [-77, -104]]
[[1, 0], [1, 716], [-5, -1432]]
[[1, 0], [1, 717], [-1433, -717]]
[[1, 0], [1, 718], [-717, -718]]
[[1, 0], [1, 720], [-359, -720]]
[[1, 0], [1, 72], [-1979, -720]]
[[1, 0], [1, 72], [-379, -80]]
[[1, 0], [1, 72], [-539, -144]]
[[1, 0], [1, 72], [-779, -240]]
[[1, 0], [1, 76], [-189, -760]]
[[1, 0], [1, 7], [-129, -8]]
[[1, 0], [1, 7], [-195, -112]]
[[1, 0], [1, 7], [-2265, -103]]
[[1, 0], [1, 7], [-29, -24]]
[[1, 0], [1, 7], [-419, -1253]]
[[1, 0], [1, 7], [-545, -56]]
[[1, 0], [1, 7], [-61, -179]]
[[1, 0], [1, 7], [-6369, -728]]
[[1, 0], [1, 7], [-95, -128]]
[[1, 0], [1, 7], [-961, -104]]
[[1, 0], [1, 80], [-1799, -720]]
[[1, 0], [1, 80], [-359, -80]]
[[1, 0], [1, 80], [-449, -120]]
[[1, 0], [1, 80], [-503, -144]]
[[1, 0], [1, 80], [-719, -240]]
[[1, 0], [1, 80], [-989, -360]]
[[1, 0], [1, 895], [-9, -895]]
[[1, 0], [1, 8], [-1259, -48]]
[[1, 0], [1, 8], [-16379, -720]]
[[1, 0], [1, 8], [-183, -32]]
[[1, 0], [1, 8], [-1979, -80]]
[[1, 0], [1, 8], [-199, -160]]
[[1, 0], [1, 8], [-215, -288]]
[[1, 0], [1, 8], [-3419, -144]]
[[1, 0], [1, 8], [-359, -1432]]
[[1, 0], [1, 8], [-539, -16]]
[[1, 0], [1, 8], [-5579, -240]]
[[1, 0], [1, 90], [-1619, -720]]
[[1, 0], [1, 90], [-467, -144]]
[[1, 0], [1, 90], [-659, -240]]
[[1, 0], [1, 91], [-129, -104]]
[[1, 0], [1, 91], [-545, -728]]
[[1, 0], [1, 94], [-187, -752]]
[[1, 0], [1, 9], [-1139, -48]]
[[1, 0], [1, 9], [-14579, -720]]
[[1, 0], [1, 9], [-1779, -80]]
[[1, 0], [1, 9], [-3059, -144]]
[[1, 0], [1, 9], [-323, -1296]]
[[1, 0], [1, 9], [-4979, -240]]
[[1, 0], [1, 9], [-499, -16]]
[[1, 0], [10, 179], [-18, -179]]
[[1, 0], [10, 179], [-74, -895]]
[[1, 0], [10, 179], [-89, -1432]]
[[1, 0], [100, 179], [-524, -895]]
[[1, 0], [100, 179], [-809, -1432]]
[[1, 0], [1001, 1432], [-1003, -1432]]
[[1, 0], [1009, 1432], [-1011, -1432]]
[[1, 0], [101, 179], [-529, -895]]
[[1, 0], [101, 179], [-817, -1432]]
[[1, 0], [101, 358], [-105, -358]]
[[1, 0], [101, 358], [-311, -1074]]
[[1, 0], [101, 358], [-409, -1432]]
[[1, 0], [101, 716], [-205, -1432]]
[[1, 0], [101, 895], [-109, -895]]
[[1, 0], [1017, 1432], [-1019, -1432]]
[[1, 0], [102, 179], [-534, -895]]
[[1, 0], [102, 179], [-825, -1432]]
[[1, 0], [1025, 1432], [-1027, -1432]]
[[1, 0], [103, 1074], [-107, -1074]]
[[1, 0], [103, 1432], [-105, -1432]]
[[1, 0], [103, 179], [-539, -895]]
[[1, 0], [103, 179], [-833, -1432]]
[[1, 0], [103, 358], [-107, -358]]
[[1, 0], [103, 358], [-317, -1074]]
[[1, 0], [103, 358], [-417, -1432]]
[[1, 0], [103, 716], [-209, -1432]]
[[1, 0], [1033, 1432], [-1035, -1432]]
[[1, 0], [104, 179], [-544, -895]]
[[1, 0], [104, 179], [-841, -1432]]
[[1, 0], [1041, 1432], [-1043, -1432]]
[[1, 0], [1049, 1432], [-1051, -1432]]
[[1, 0], [105, 1432], [-107, -1432]]
[[1, 0], [105, 179], [-549, -895]]
[[1, 0], [105, 179], [-849, -1432]]
[[1, 0], [105, 358], [-109, -358]]
[[1, 0], [105, 358], [-323, -1074]]
[[1, 0], [105, 358], [-425, -1432]]
[[1, 0], [105, 716], [-213, -1432]]
[[1, 0], [1057, 1432], [-1059, -1432]]
[[1, 0], [106, 179], [-554, -895]]
[[1, 0], [106, 179], [-857, -1432]]
[[1, 0], [106, 895], [-114, -895]]
[[1, 0], [1063, 1074], [-1067, -1074]]
[[1, 0], [1065, 1432], [-1067, -1432]]
[[1, 0], [1067, 1432], [-1069, -1432]]
[[1, 0], [107, 1432], [-109, -1432]]
[[1, 0], [107, 179], [-559, -895]]
[[1, 0], [107, 179], [-865, -1432]]
[[1, 0], [107, 358], [-111, -358]]
[[1, 0], [107, 358], [-329, -1074]]
[[1, 0], [107, 358], [-433, -1432]]
[[1, 0], [107, 716], [-217, -1432]]
[[1, 0], [1073, 1432], [-1075, -1432]]
[[1, 0], [108, 179], [-564, -895]]
[[1, 0], [108, 179], [-873, -1432]]
[[1, 0], [1081, 1432], [-1083, -1432]]
[[1, 0], [1089, 1432], [-1091, -1432]]
[[1, 0], [109, 1074], [-113, -1074]]
[[1, 0], [109, 144], [-1619, -720]]
[[1, 0], [109, 144], [-467, -144]]
[[1, 0], [109, 144], [-539, -180]]
[[1, 0], [109, 144], [-659, -240]]
[[1, 0], [109, 144], [-899, -360]]
[[1, 0], [109, 179], [-569, -895]]
[[1, 0], [109, 179], [-881, -1432]]
[[1, 0], [109, 358], [-113, -358]]
[[1, 0], [109, 358], [-335, -1074]]
[[1, 0], [109, 358], [-441, -1432]]
[[1, 0], [109, 716], [-221, -1432]]
[[1, 0], [1097, 1432], [-1099, -1432]]
[[1, 0], [11, 1432], [-13, -1432]]
[[1, 0], [11, 179], [-79, -895]]
[[1, 0], [11, 179], [-97, -1432]]
[[1, 0], [11, 20], [-137, -184]]
[[1, 0], [11, 20], [-1547, -144]]
[[1, 0], [11, 20], [-2459, -240]]
[[1, 0], [11, 20], [-635, -48]]
[[1, 0], [11, 20], [-7019, -720]]
[[1, 0], [11, 20], [-939, -80]]
[[1, 0], [11, 358], [-15, -358]]
[[1, 0], [11, 358], [-41, -1074]]
[[1, 0], [11, 358], [-49, -1432]]
[[1, 0], [11, 40], [-1319, -240]]
[[1, 0], [11, 40], [-1889, -360]]
[[1, 0], [11, 40], [-3599, -720]]
[[1, 0], [11, 40], [-369, -40]]
[[1, 0], [11, 40], [-399, -800]]
[[1, 0], [11, 40], [-407, -48]]
[[1, 0], [11, 40], [-41, -84]]
[[1, 0], [11, 40], [-521, -72]]
[[1, 0], [11, 40], [-559, -80]]
[[1, 0], [11, 40], [-749, -120]]
[[1, 0], [11, 40], [-863, -144]]
[[1, 0], [11, 716], [-25, -1432]]
[[1, 0], [110, 179], [-574, -895]]
[[1, 0], [110, 179], [-889, -1432]]
[[1, 0], [1105, 1432], [-1107, -1432]]
[[1, 0], [111, 1432], [-113, -1432]]
[[1, 0], [111, 179], [-579, -895]]
[[1, 0], [111, 179], [-897, -1432]]
[[1, 0], [111, 358], [-115, -358]]
[[1, 0], [111, 358], [-341, -1074]]
[[1, 0], [111, 358], [-449, -1432]]
[[1, 0], [111, 716], [-225, -1432]]
[[1, 0], [111, 895], [-119, -895]]
[[1, 0], [1113, 1432], [-1115, -1432]]
[[1, 0], [112, 179], [-584, -895]]
[[1, 0], [112, 179], [-905, -1432]]
[[1, 0], [1121, 1432], [-1123, -1432]]
[[1, 0], [1129, 1432], [-1131, -1432]]
[[1, 0], [113, 1432], [-115, -1432]]
[[1, 0], [113, 179], [-589, -895]]
[[1, 0], [113, 179], [-913, -1432]]
[[1, 0], [113, 358], [-117, -358]]
[[1, 0], [113, 358], [-347, -1074]]
[[1, 0], [113, 358], [-457, -1432]]
[[1, 0], [113, 716], [-229, -1432]]
[[1, 0], [1137, 1432], [-1139, -1432]]
[[1, 0], [114, 179], [-594, -895]]
[[1, 0], [114, 179], [-921, -1432]]
[[1, 0], [1145, 1432], [-1147, -1432]]
[[1, 0], [115, 1074], [-119, -1074]]
[[1, 0], [115, 1432], [-117, -1432]]
[[1, 0], [115, 179], [-599, -895]]
[[1, 0], [115, 179], [-929, -1432]]
[[1, 0], [115, 358], [-119, -358]]
[[1, 0], [115, 358], [-353, -1074]]
[[1, 0], [115, 358], [-465, -1432]]
[[1, 0], [115, 716], [-233, -1432]]
[[1, 0], [1153, 1432], [-1155, -1432]]
[[1, 0], [116, 179], [-604, -895]]
[[1, 0], [116, 179], [-937, -1432]]
[[1, 0], [116, 895], [-124, -895]]
[[1, 0], [1161, 1432], [-1163, -1432]]
[[1, 0], [1169, 1432], [-1171, -1432]]
[[1, 0], [117, 179], [-609, -895]]
[[1, 0], [117, 179], [-945, -1432]]
[[1, 0], [117, 358], [-121, -358]]
[[1, 0], [117, 358], [-359, -1074]]
[[1, 0], [117, 358], [-473, -1432]]
[[1, 0], [117, 716], [-237, -1432]]
[[1, 0], [1177, 1432], [-1179, -1432]]
[[1, 0], [118, 179], [-614, -895]]
[[1, 0], [118, 179], [-953, -1432]]
[[1, 0], [1185, 1432], [-1187, -1432]]
[[1, 0], [119, 1432], [-121, -1432]]
[[1, 0], [119, 179], [-619, -895]]
[[1, 0], [119, 179], [-961, -1432]]
[[1, 0], [119, 358], [-123, -358]]
[[1, 0], [119, 358], [-365, -1074]]
[[1, 0], [119, 358], [-481, -1432]]
[[1, 0], [119, 716], [-241, -1432]]
[[1, 0], [1193, 1432], [-1195, -1432]]
[[1, 0], [12, 179], [-105, -1432]]
[[1, 0], [12, 179], [-20, -179]]
[[1, 0], [12, 179], [-84, -895]]
[[1, 0], [120, 179], [-624, -895]]
[[1, 0], [120, 179], [-969, -1432]]
[[1, 0], [1201, 1432], [-1203, -1432]]
[[1, 0], [1209, 1432], [-1211, -1432]]
[[1, 0], [121, 1074], [-125, -1074]]
[[1, 0], [121, 1432], [-123, -1432]]
[[1, 0], [121, 179], [-629, -895]]
[[1, 0], [121, 179], [-977, -1432]]
[[1, 0], [121, 240], [-1079, -720]]
[[1, 0], [121, 240], [-629, -360]]
[[1, 0], [121, 358], [-125, -358]]
[[1, 0], [121, 358], [-371, -1074]]
[[1, 0], [121, 358], [-489, -1432]]
[[1, 0], [121, 716], [-245, -1432]]
[[1, 0], [121, 895], [-129, -895]]
[[1, 0], [1217, 1432], [-1219, -1432]]
[[1, 0], [122, 179], [-634, -895]]
[[1, 0], [122, 179], [-985, -1432]]
[[1, 0], [1225, 1432], [-1227, -1432]]
[[1, 0], [123, 1432], [-125, -1432]]
[[1, 0], [123, 179], [-639, -895]]
[[1, 0], [123, 179], [-993, -1432]]
[[1, 0], [123, 358], [-127, -358]]
[[1, 0], [123, 358], [-377, -1074]]
[[1, 0], [123, 358], [-497, -1432]]
[[1, 0], [123, 716], [-249, -1432]]
[[1, 0], [1233, 1432], [-1235, -1432]]
[[1, 0], [124, 179], [-1001, -1432]]
[[1, 0], [124, 179], [-644, -895]]
[[1, 0], [1241, 1432], [-1243, -1432]]
[[1, 0], [1249, 1432], [-1251, -1432]]
[[1, 0], [125, 179], [-1009, -1432]]
[[1, 0], [125, 179], [-649, -895]]
[[1, 0], [125, 358], [-129, -358]]
[[1, 0], [125, 358], [-383, -1074]]
[[1, 0], [125, 358], [-505, -1432]]
[[1, 0], [125, 716], [-253, -1432]]
[[1, 0], [1257, 1432], [-1259, -1432]]
[[1, 0], [126, 179], [-1017, -1432]]
[[1, 0], [126, 179], [-654, -895]]
[[1, 0], [126, 895], [-134, -895]]
[[1, 0], [1265, 1432], [-1267, -1432]]
[[1, 0], [127, 1074], [-131, -1074]]
[[1, 0], [127, 1432], [-129, -1432]]
[[1, 0], [127, 179], [-1025, -1432]]
[[1, 0], [127, 179], [-659, -895]]
[[1, 0], [127, 358], [-131, -358]]
[[1, 0], [127, 358], [-389, -1074]]
[[1, 0], [127, 358], [-513, -1432]]
[[1, 0], [127, 716], [-257, -1432]]
[[1, 0], [1273, 1432], [-1275, -1432]]
[[1, 0], [128, 179], [-1033, -1432]]
[[1, 0], [128, 179], [-664, -895]]
[[1, 0], [1281, 1432], [-1283, -1432]]
[[1, 0], [1289, 1432], [-1291, -1432]]
[[1, 0], [129, 1432], [-131, -1432]]
[[1, 0], [129, 179], [-1041, -1432]]
[[1, 0], [129, 179], [-669, -895]]
[[1, 0], [129, 358], [-133, -358]]
[[1, 0], [129, 358], [-395, -1074]]
[[1, 0], [129, 358], [-521, -1432]]
[[1, 0], [129, 716], [-261, -1432]]
[[1, 0], [1297, 1432], [-1299, -1432]]
[[1, 0], [13, 1074], [-17, -1074]]
[[1, 0], [13, 16], [-1043, -72]]
[[1, 0], [13, 16], [-1139, -80]]
[[1, 0], [13, 16], [-1259, -90]]
[[1, 0], [13, 16], [-1619, -120]]
[[1, 0], [13, 16], [-1907, -144]]
[[1, 0], [13, 16], [-2339, -180]]
[[1, 0], [13, 16], [-243, -244]]
[[1, 0], [13, 16], [-3059, -240]]
[[1, 0], [13, 16], [-335, -192]]
[[1, 0], [13, 16], [-371, -16]]
[[1, 0], [13, 16], [-395, -18]]
[[1, 0], [13, 16], [-419, -20]]
[[1, 0], [13, 16], [-4499, -360]]
[[1, 0], [13, 16], [-467, -24]]
[[1, 0], [13, 16], [-539, -30]]
[[1, 0], [13, 16], [-587, -392]]
[[1, 0], [13, 16], [-597, -184]]
[[1, 0], [13, 16], [-611, -36]]
[[1, 0], [13, 16], [-64, -65]]
[[1, 0], [13, 16], [-659, -40]]
[[1, 0], [13, 16], [-719, -45]]
[[1, 0], [13, 16], [-755, -48]]
[[1, 0], [13, 16], [-8819, -720]]
[[1, 0], [13, 16], [-899, -60]]
[[1, 0], [13, 16], [-959, -960]]
[[1, 0], [13, 179], [-113, -1432]]
[[1, 0], [13, 179], [-21, -179]]
[[1, 0], [13, 179], [-89, -895]]
[[1, 0], [13, 24], [-1331, -144]]
[[1, 0], [13, 24], [-2099, -240]]
[[1, 0], [13, 24], [-563, -48]]
[[1, 0], [13, 24], [-5939, -720]]
[[1, 0], [13, 24], [-647, -864]]
[[1, 0], [13, 24], [-819, -80]]
[[1, 0], [13, 358], [-17, -358]]
[[1, 0], [13, 358], [-47, -1074]]
[[1, 0], [13, 358], [-57, -1432]]
[[1, 0], [13, 48], [-1139, -240]]
[[1, 0], [13, 48], [-1619, -360]]
[[1, 0], [13, 48], [-3059, -720]]
[[1, 0], [13, 48], [-371, -48]]
[[1, 0], [13, 48], [-419, -60]]
[[1, 0], [13, 48], [-467, -72]]
[[1, 0], [13, 48], [-499, -80]]
[[1, 0], [13, 48], [-539, -90]]
[[1, 0], [13, 48], [-659, -120]]
[[1, 0], [13, 48], [-755, -144]]
[[1, 0], [13, 48], [-899, -180]]
[[1, 0], [13, 716], [-29, -1432]]
[[1, 0], [130, 179], [-1049, -1432]]
[[1, 0], [130, 179], [-674, -895]]
[[1, 0], [1305, 1432], [-1307, -1432]]
[[1, 0], [131, 1432], [-133, -1432]]
[[1, 0], [131, 179], [-1057, -1432]]
[[1, 0], [131, 179], [-679, -895]]
[[1, 0], [131, 358], [-135, -358]]
[[1, 0], [131, 358], [-401, -1074]]
[[1, 0], [131, 358], [-529, -1432]]
[[1, 0], [131, 716], [-265, -1432]]
[[1, 0], [131, 895], [-139, -895]]
[[1, 0], [1313, 1432], [-1315, -1432]]
[[1, 0], [132, 179], [-1065, -1432]]
[[1, 0], [132, 179], [-684, -895]]
[[1, 0], [1321, 1432], [-1323, -1432]]
[[1, 0], [1329, 1432], [-1331, -1432]]
[[1, 0], [133, 1074], [-137, -1074]]
[[1, 0], [133, 179], [-1073, -1432]]
[[1, 0], [133, 179], [-689, -895]]
[[1, 0], [133, 358], [-137, -358]]
[[1, 0], [133, 358], [-407, -1074]]
[[1, 0], [133, 716], [-269, -1432]]
[[1, 0], [1337, 1432], [-1339, -1432]]
[[1, 0], [134, 179], [-1081, -1432]]
[[1, 0], [134, 179], [-694, -895]]
[[1, 0], [1345, 1432], [-1347, -1432]]
[[1, 0], [135, 1432], [-137, -1432]]
[[1, 0], [135, 179], [-1089, -1432]]
[[1, 0], [135, 179], [-699, -895]]
[[1, 0], [135, 358], [-139, -358]]
[[1, 0], [135, 358], [-413, -1074]]
[[1, 0], [135, 358], [-545, -1432]]
[[1, 0], [135, 716], [-273, -1432]]
[[1, 0], [1353, 1432], [-1355, -1432]]
[[1, 0], [136, 179], [-1097, -1432]]
[[1, 0], [136, 179], [-704, -895]]
[[1, 0], [136, 895], [-144, -895]]
[[1, 0], [1361, 1432], [-1363, -1432]]
[[1, 0], [1369, 1432], [-1371, -1432]]
[[1, 0], [137, 1432], [-139, -1432]]
[[1, 0], [137, 179], [-1105, -1432]]
[[1, 0], [137, 179], [-709, -895]]
[[1, 0], [137, 358], [-141, -358]]
[[1, 0], [137, 358], [-419, -1074]]
[[1, 0], [137, 358], [-553, -1432]]
[[1, 0], [137, 716], [-277, -1432]]
[[1, 0], [1377, 1432], [-1379, -1432]]
[[1, 0], [138, 179], [-1113, -1432]]
[[1, 0], [138, 179], [-714, -895]]
[[1, 0], [1385, 1432], [-1387, -1432]]
[[1, 0], [139, 1074], [-143, -1074]]
[[1, 0], [139, 1432], [-141, -1432]]
[[1, 0], [139, 179], [-1121, -1432]]
[[1, 0], [139, 179], [-719, -895]]
[[1, 0], [139, 184], [-735, -736]]
[[1, 0], [139, 358], [-143, -358]]
[[1, 0], [139, 358], [-425, -1074]]
[[1, 0], [139, 358], [-561, -1432]]
[[1, 0], [139, 716], [-281, -1432]]
[[1, 0], [1393, 1432], [-1395, -1432]]
[[1, 0], [14, 179], [-121, -1432]]
[[1, 0], [14, 179], [-22, -179]]
[[1, 0], [14, 179], [-94, -895]]
[[1, 0], [140, 179], [-1129, -1432]]
[[1, 0], [140, 179], [-724, -895]]
[[1, 0], [1401, 1432], [-1403, -1432]]
[[1, 0], [1409, 1432], [-1411, -1432]]
[[1, 0], [141, 179], [-1137, -1432]]
[[1, 0], [141, 179], [-729, -895]]
[[1, 0], [141, 358], [-145, -358]]
[[1, 0], [141, 358], [-431, -1074]]
[[1, 0], [141, 358], [-569, -1432]]
[[1, 0], [141, 716], [-285, -1432]]
[[1, 0], [141, 895], [-149, -895]]
[[1, 0], [1417, 1432], [-1419, -1432]]
[[1, 0], [142, 179], [-1145, -1432]]
[[1, 0], [142, 179], [-734, -895]]
[[1, 0], [1425, 1432], [-1427, -1432]]
[[1, 0], [143, 1432], [-145, -1432]]
[[1, 0], [143, 179], [-1153, -1432]]
[[1, 0], [143, 179], [-739, -895]]
[[1, 0], [143, 358], [-147, -358]]
[[1, 0], [143, 358], [-437, -1074]]
[[1, 0], [143, 358], [-577, -1432]]
[[1, 0], [143, 716], [-289, -1432]]
[[1, 0], [1431, 1432], [-1433, -1432]]
[[1, 0], [144, 179], [-1161, -1432]]
[[1, 0], [144, 179], [-744, -895]]
[[1, 0], [145, 1074], [-149, -1074]]
[[1, 0], [145, 1432], [-147, -1432]]
[[1, 0], [145, 179], [-1169, -1432]]
[[1, 0], [145, 179], [-749, -895]]
[[1, 0], [145, 358], [-149, -358]]
[[1, 0], [145, 358], [-443, -1074]]
[[1, 0], [145, 358], [-585, -1432]]
[[1, 0], [145, 716], [-293, -1432]]
[[1, 0], [146, 179], [-1177, -1432]]
[[1, 0], [146, 179], [-754, -895]]
[[1, 0], [146, 895], [-154, -895]]
[[1, 0], [147, 1432], [-149, -1432]]
[[1, 0], [147, 179], [-1185, -1432]]
[[1, 0], [147, 179], [-759, -895]]
[[1, 0], [147, 358], [-151, -358]]
[[1, 0], [147, 358], [-449, -1074]]
[[1, 0], [147, 358], [-593, -1432]]
[[1, 0], [147, 716], [-297, -1432]]
[[1, 0], [148, 179], [-1193, -1432]]
[[1, 0], [148, 179], [-764, -895]]
[[1, 0], [149, 179], [-1201, -1432]]
[[1, 0], [149, 179], [-769, -895]]
[[1, 0], [149, 358], [-153, -358]]
[[1, 0], [149, 358], [-455, -1074]]
[[1, 0], [149, 358], [-601, -1432]]
[[1, 0], [149, 716], [-301, -1432]]
[[1, 0], [15, 1432], [-17, -1432]]
[[1, 0], [15, 179], [-129, -1432]]
[[1, 0], [15, 179], [-23, -179]]
[[1, 0], [15, 179], [-99, -895]]
[[1, 0], [15, 28], [-2001, -728]]
[[1, 0], [15, 28], [-209, -56]]
[[1, 0], [15, 28], [-337, -104]]
[[1, 0], [15, 28], [-629, -840]]
[[1, 0], [15, 358], [-19, -358]]
[[1, 0], [15, 358], [-53, -1074]]
[[1, 0], [15, 358], [-65, -1432]]
[[1, 0], [15, 56], [-181, -91]]
[[1, 0], [15, 56], [-545, -364]]
[[1, 0], [15, 716], [-33, -1432]]
[[1, 0], [150, 179], [-1209, -1432]]
[[1, 0], [150, 179], [-774, -895]]
[[1, 0], [151, 1074], [-155, -1074]]
[[1, 0], [151, 1432], [-153, -1432]]
[[1, 0], [151, 179], [-1217, -1432]]
[[1, 0], [151, 179], [-779, -895]]
[[1, 0], [151, 358], [-155, -358]]
[[1, 0], [151, 358], [-461, -1074]]
[[1, 0], [151, 358], [-609, -1432]]
[[1, 0], [151, 716], [-305, -1432]]
[[1, 0], [151, 895], [-159, -895]]
[[1, 0], [152, 179], [-1225, -1432]]
[[1, 0], [152, 179], [-784, -895]]
[[1, 0], [153, 1432], [-155, -1432]]
[[1, 0], [153, 179], [-1233, -1432]]
[[1, 0], [153, 179], [-789, -895]]
[[1, 0], [153, 358], [-157, -358]]
[[1, 0], [153, 358], [-467, -1074]]
[[1, 0], [153, 358], [-617, -1432]]
[[1, 0], [153, 716], [-309, -1432]]
[[1, 0], [154, 179], [-1241, -1432]]
[[1, 0], [154, 179], [-794, -895]]
[[1, 0], [155, 1432], [-157, -1432]]
[[1, 0], [155, 179], [-1249, -1432]]
[[1, 0], [155, 179], [-799, -895]]
[[1, 0], [155, 358], [-159, -358]]
[[1, 0], [155, 358], [-473, -1074]]
[[1, 0], [155, 358], [-625, -1432]]
[[1, 0], [155, 716], [-313, -1432]]
[[1, 0], [156, 179], [-1257, -1432]]
[[1, 0], [156, 179], [-804, -895]]
[[1, 0], [156, 895], [-164, -895]]
[[1, 0], [157, 1074], [-161, -1074]]
[[1, 0], [157, 179], [-1265, -1432]]
[[1, 0], [157, 179], [-809, -895]]
[[1, 0], [157, 358], [-161, -358]]
[[1, 0], [157, 358], [-479, -1074]]
[[1, 0], [157, 358], [-633, -1432]]
[[1, 0], [157, 716], [-317, -1432]]
[[1, 0], [158, 179], [-1273, -1432]]
[[1, 0], [158, 179], [-814, -895]]
[[1, 0], [159, 1432], [-161, -1432]]
[[1, 0], [159, 179], [-1281, -1432]]
[[1, 0], [159, 179], [-819, -895]]
[[1, 0], [159, 358], [-163, -358]]
[[1, 0], [159, 358], [-485, -1074]]
[[1, 0], [159, 358], [-641, -1432]]
[[1, 0], [159, 716], [-321, -1432]]
[[1, 0], [16, 179], [-104, -895]]
[[1, 0], [16, 179], [-137, -1432]]
[[1, 0], [16, 179], [-24, -179]]
[[1, 0], [16, 895], [-24, -895]]
[[1, 0], [160, 179], [-1289, -1432]]
[[1, 0], [160, 179], [-168, -179]]
[[1, 0], [160, 179], [-824, -895]]
[[1, 0], [161, 1432], [-163, -1432]]
[[1, 0], [161, 179], [-1297, -1432]]
[[1, 0], [161, 179], [-829, -895]]
[[1, 0], [161, 358], [-165, -358]]
[[1, 0], [161, 358], [-491, -1074]]
[[1, 0], [161, 358], [-649, -1432]]
[[1, 0], [161, 716], [-325, -1432]]
[[1, 0], [161, 895], [-169, -895]]
[[1, 0], [162, 179], [-1305, -1432]]
[[1, 0], [162, 179], [-834, -895]]
[[1, 0], [163, 1074], [-167, -1074]]
[[1, 0], [163, 1432], [-165, -1432]]
[[1, 0], [163, 179], [-1313, -1432]]
[[1, 0], [163, 179], [-839, -895]]
[[1, 0], [163, 358], [-167, -358]]
[[1, 0], [163, 358], [-497, -1074]]
[[1, 0], [163, 358], [-657, -1432]]
[[1, 0], [163, 716], [-329, -1432]]
[[1, 0], [164, 179], [-1321, -1432]]
[[1, 0], [164, 179], [-844, -895]]
[[1, 0], [165, 179], [-1329, -1432]]
[[1, 0], [165, 179], [-849, -895]]
[[1, 0], [165, 358], [-169, -358]]
[[1, 0], [165, 358], [-503, -1074]]
[[1, 0], [165, 358], [-665, -1432]]
[[1, 0], [165, 716], [-333, -1432]]
[[1, 0], [166, 179], [-1337, -1432]]
[[1, 0], [166, 179], [-854, -895]]
[[1, 0], [166, 895], [-174, -895]]
[[1, 0], [167, 1432], [-169, -1432]]
[[1, 0], [167, 179], [-1345, -1432]]
[[1, 0], [167, 179], [-859, -895]]
[[1, 0], [167, 358], [-171, -358]]
[[1, 0], [167, 358], [-509, -1074]]
[[1, 0], [167, 358], [-673, -1432]]
[[1, 0], [167, 716], [-337, -1432]]
[[1, 0], [168, 179], [-1353, -1432]]
[[1, 0], [168, 179], [-864, -895]]
[[1, 0], [169, 1074], [-173, -1074]]
[[1, 0], [169, 1432], [-171, -1432]]
[[1, 0], [169, 179], [-1361, -1432]]
[[1, 0], [169, 179], [-869, -895]]
[[1, 0], [169, 358], [-173, -358]]
[[1, 0], [169, 358], [-515, -1074]]
[[1, 0], [169, 358], [-681, -1432]]
[[1, 0], [169, 716], [-341, -1432]]
[[1, 0], [17, 1432], [-19, -1432]]
[[1, 0], [17, 179], [-109, -895]]
[[1, 0], [17, 179], [-145, -1432]]
[[1, 0], [17, 179], [-25, -179]]
[[1, 0], [17, 32], [-643, -368]]
[[1, 0], [17, 358], [-21, -358]]
[[1, 0], [17, 358], [-59, -1074]]
[[1, 0], [17, 358], [-73, -1432]]
[[1, 0], [17, 64], [-383, -768]]
[[1, 0], [17, 716], [-37, -1432]]
[[1, 0], [170, 179], [-1369, -1432]]
[[1, 0], [170, 179], [-874, -895]]
[[1, 0], [171, 1432], [-173, -1432]]
[[1, 0], [171, 179], [-1377, -1432]]
[[1, 0], [171, 179], [-879, -895]]
[[1, 0], [171, 358], [-175, -358]]
[[1, 0], [171, 358], [-521, -1074]]
[[1, 0], [171, 358], [-689, -1432]]
[[1, 0], [171, 716], [-345, -1432]]
[[1, 0], [172, 179], [-1385, -1432]]
[[1, 0], [172, 179], [-180, -179]]
[[1, 0], [172, 179], [-884, -895]]
[[1, 0], [173, 179], [-1393, -1432]]
[[1, 0], [173, 179], [-181, -179]]
[[1, 0], [173, 179], [-889, -895]]
[[1, 0], [173, 358], [-177, -358]]
[[1, 0], [173, 358], [-527, -1074]]
[[1, 0], [173, 358], [-697, -1432]]
[[1, 0], [173, 716], [-349, -1432]]
[[1, 0], [174, 179], [-1401, -1432]]
[[1, 0], [174, 179], [-182, -179]]
[[1, 0], [174, 179], [-894, -895]]
[[1, 0], [175, 1432], [-177, -1432]]
[[1, 0], [175, 179], [-1409, -1432]]
[[1, 0], [175, 179], [-183, -179]]
[[1, 0], [175, 179], [-899, -895]]
[[1, 0], [175, 358], [-533, -1074]]
[[1, 0], [175, 358], [-705, -1432]]
[[1, 0], [175, 716], [-353, -1432]]
[[1, 0], [176, 179], [-1417, -1432]]
[[1, 0], [176, 179], [-904, -895]]
[[1, 0], [176, 895], [-184, -895]]
[[1, 0], [177, 179], [-1425, -1432]]
[[1, 0], [177, 179], [-909, -895]]
[[1, 0], [177, 358], [-181, -358]]
[[1, 0], [177, 358], [-539, -1074]]
[[1, 0], [177, 358], [-713, -1432]]
[[1, 0], [177, 716], [-357, -1432]]
[[1, 0], [178, 179], [-1433, -1432]]
[[1, 0], [178, 179], [-914, -895]]
[[1, 0], [18, 179], [-114, -895]]
[[1, 0], [18, 179], [-153, -1432]]
[[1, 0], [18, 179], [-26, -179]]
[[1, 0], [181, 1074], [-185, -1074]]
[[1, 0], [181, 240], [-1259, -720]]
[[1, 0], [181, 240], [-539, -240]]
[[1, 0], [181, 240], [-719, -360]]
[[1, 0], [181, 358], [-551, -1074]]
[[1, 0], [181, 358], [-729, -1432]]
[[1, 0], [181, 360], [-899, -720]]
[[1, 0], [181, 716], [-365, -1432]]
[[1, 0], [181, 720], [-539, -720]]
[[1, 0], [181, 895], [-189, -895]]
[[1, 0], [183, 1432], [-185, -1432]]
[[1, 0], [183, 358], [-557, -1074]]
[[1, 0], [183, 358], [-737, -1432]]
[[1, 0], [183, 364], [-545, -728]]
[[1, 0], [183, 716], [-369, -1432]]
[[1, 0], [185, 1432], [-187, -1432]]
[[1, 0], [185, 358], [-563, -1074]]
[[1, 0], [185, 358], [-745, -1432]]
[[1, 0], [185, 716], [-373, -1432]]
[[1, 0], [186, 895], [-194, -895]]
[[1, 0], [187, 1074], [-191, -1074]]
[[1, 0], [187, 1432], [-189, -1432]]
[[1, 0], [187, 358], [-569, -1074]]
[[1, 0], [187, 358], [-753, -1432]]
[[1, 0], [187, 716], [-377, -1432]]
[[1, 0], [189, 358], [-575, -1074]]
[[1, 0], [189, 358], [-761, -1432]]
[[1, 0], [189, 716], [-381, -1432]]
[[1, 0], [19, 1074], [-23, -1074]]
[[1, 0], [19, 1432], [-21, -1432]]
[[1, 0], [19, 179], [-119, -895]]
[[1, 0], [19, 179], [-161, -1432]]
[[1, 0], [19, 179], [-27, -179]]
[[1, 0], [19, 24], [-1169, -120]]
[[1, 0], [19, 24], [-1367, -144]]
[[1, 0], [19, 24], [-147, -148]]
[[1, 0], [19, 24], [-2159, -240]]
[[1, 0], [19, 24], [-3149, -360]]
[[1, 0], [19, 24], [-371, -186]]
[[1, 0], [19, 24], [-509, -40]]
[[1, 0], [19, 24], [-575, -48]]
[[1, 0], [19, 24], [-6119, -720]]
[[1, 0], [19, 24], [-773, -72]]
[[1, 0], [19, 24], [-839, -80]]
[[1, 0], [19, 24], [-863, -864]]
[[1, 0], [19, 358], [-23, -358]]
[[1, 0], [19, 358], [-65, -1074]]
[[1, 0], [19, 358], [-81, -1432]]
[[1, 0], [19, 36], [-1499, -240]]
[[1, 0], [19, 36], [-4139, -720]]
[[1, 0], [19, 36], [-443, -48]]
[[1, 0], [19, 36], [-619, -80]]
[[1, 0], [19, 36], [-971, -144]]
[[1, 0], [19, 716], [-41, -1432]]
[[1, 0], [19, 72], [-1169, -360]]
[[1, 0], [19, 72], [-2159, -720]]
[[1, 0], [19, 72], [-377, -72]]
[[1, 0], [19, 72], [-399, -80]]
[[1, 0], [19, 72], [-509, -120]]
[[1, 0], [19, 72], [-575, -144]]
[[1, 0], [19, 72], [-839, -240]]
[[1, 0], [191, 1432], [-193, -1432]]
[[1, 0], [191, 358], [-581, -1074]]
[[1, 0], [191, 358], [-769, -1432]]
[[1, 0], [191, 716], [-385, -1432]]
[[1, 0], [191, 895], [-199, -895]]
[[1, 0], [193, 1074], [-197, -1074]]
[[1, 0], [193, 1432], [-195, -1432]]
[[1, 0], [193, 358], [-587, -1074]]
[[1, 0], [193, 358], [-777, -1432]]
[[1, 0], [193, 716], [-389, -1432]]
[[1, 0], [195, 1432], [-197, -1432]]
[[1, 0], [195, 358], [-593, -1074]]
[[1, 0], [195, 358], [-785, -1432]]
[[1, 0], [195, 716], [-393, -1432]]
[[1, 0], [196, 895], [-204, -895]]
[[1, 0], [197, 358], [-599, -1074]]
[[1, 0], [197, 358], [-793, -1432]]
[[1, 0], [197, 716], [-397, -1432]]
[[1, 0], [199, 1074], [-203, -1074]]
[[1, 0], [199, 1432], [-201, -1432]]
[[1, 0], [199, 358], [-605, -1074]]
[[1, 0], [199, 358], [-801, -1432]]
[[1, 0], [199, 716], [-401, -1432]]
[[1, 0], [2, 179], [-10, -179]]
[[1, 0], [2, 179], [-25, -1432]]
[[1, 0], [2, 179], [-34, -895]]
[[1, 0], [20, 179], [-124, -895]]
[[1, 0], [20, 179], [-169, -1432]]
[[1, 0], [20, 179], [-28, -179]]
[[1, 0], [201, 1432], [-203, -1432]]
[[1, 0], [201, 358], [-611, -1074]]
[[1, 0], [201, 358], [-809, -1432]]
[[1, 0], [201, 716], [-405, -1432]]
[[1, 0], [201, 895], [-209, -895]]
[[1, 0], [203, 1432], [-205, -1432]]
[[1, 0], [203, 358], [-617, -1074]]
[[1, 0], [203, 358], [-817, -1432]]
[[1, 0], [203, 716], [-409, -1432]]
[[1, 0], [205, 1074], [-209, -1074]]
[[1, 0], [205, 358], [-623, -1074]]
[[1, 0], [205, 358], [-825, -1432]]
[[1, 0], [205, 716], [-413, -1432]]
[[1, 0], [206, 895], [-214, -895]]
[[1, 0], [207, 1432], [-209, -1432]]
[[1, 0], [207, 358], [-629, -1074]]
[[1, 0], [207, 358], [-833, -1432]]
[[1, 0], [207, 716], [-417, -1432]]
[[1, 0], [209, 1432], [-211, -1432]]
[[1, 0], [209, 358], [-635, -1074]]
[[1, 0], [209, 358], [-841, -1432]]
[[1, 0], [209, 716], [-421, -1432]]
[[1, 0], [21, 179], [-129, -895]]
[[1, 0], [21, 179], [-177, -1432]]
[[1, 0], [21, 179], [-29, -179]]
[[1, 0], [21, 358], [-25, -358]]
[[1, 0], [21, 358], [-71, -1074]]
[[1, 0], [21, 358], [-89, -1432]]
[[1, 0], [21, 40], [-1379, -240]]
[[1, 0], [21, 40], [-3779, -720]]
[[1, 0], [21, 40], [-419, -48]]
[[1, 0], [21, 40], [-579, -80]]
[[1, 0], [21, 40], [-599, -800]]
[[1, 0], [21, 40], [-899, -144]]
[[1, 0], [21, 716], [-45, -1432]]
[[1, 0], [21, 80], [-1079, -360]]
[[1, 0], [21, 80], [-1979, -720]]
[[1, 0], [21, 80], [-379, -80]]
[[1, 0], [21, 80], [-479, -120]]
[[1, 0], [21, 80], [-539, -144]]
[[1, 0], [21, 80], [-629, -180]]
[[1, 0], [21, 80], [-779, -240]]
[[1, 0], [21, 895], [-29, -895]]
[[1, 0], [211, 1074], [-215, -1074]]
[[1, 0], [211, 1432], [-213, -1432]]
[[1, 0], [211, 358], [-641, -1074]]
[[1, 0], [211, 358], [-849, -1432]]
[[1, 0], [211, 716], [-425, -1432]]
[[1, 0], [211, 895], [-219, -895]]
[[1, 0], [213, 358], [-647, -1074]]
[[1, 0], [213, 358], [-857, -1432]]
[[1, 0], [213, 716], [-429, -1432]]
[[1, 0], [215, 1432], [-217, -1432]]
[[1, 0], [215, 358], [-653, -1074]]
[[1, 0], [215, 358], [-865, -1432]]
[[1, 0], [215, 716], [-433, -1432]]
[[1, 0], [216, 895], [-224, -895]]
[[1, 0], [217, 1074], [-221, -1074]]
[[1, 0], [217, 1432], [-219, -1432]]
[[1, 0], [217, 358], [-659, -1074]]
[[1, 0], [217, 358], [-873, -1432]]
[[1, 0], [217, 716], [-437, -1432]]
[[1, 0], [219, 1432], [-221, -1432]]
[[1, 0], [219, 358], [-665, -1074]]
[[1, 0], [219, 358], [-881, -1432]]
[[1, 0], [219, 716], [-441, -1432]]
[[1, 0], [22, 179], [-134, -895]]
[[1, 0], [22, 179], [-185, -1432]]
[[1, 0], [22, 179], [-30, -179]]
[[1, 0], [221, 358], [-671, -1074]]
[[1, 0], [221, 358], [-889, -1432]]
[[1, 0], [221, 716], [-445, -1432]]
[[1, 0], [221, 895], [-229, -895]]
[[1, 0], [223, 1074], [-227, -1074]]
[[1, 0], [223, 1432], [-225, -1432]]
[[1, 0], [223, 358], [-677, -1074]]
[[1, 0], [223, 358], [-897, -1432]]
[[1, 0], [223, 716], [-449, -1432]]
[[1, 0], [225, 1432], [-227, -1432]]
[[1, 0], [225, 358], [-683, -1074]]
[[1, 0], [225, 358], [-905, -1432]]
[[1, 0], [225, 716], [-453, -1432]]
[[1, 0], [226, 895], [-234, -895]]
[[1, 0], [227, 1432], [-229, -1432]]
[[1, 0], [227, 358], [-689, -1074]]
[[1, 0], [227, 358], [-913, -1432]]
[[1, 0], [227, 716], [-457, -1432]]
[[1, 0], [229, 1074], [-233, -1074]]
[[1, 0], [229, 358], [-695, -1074]]
[[1, 0], [229, 358], [-921, -1432]]
[[1, 0], [229, 716], [-461, -1432]]
[[1, 0], [23, 1432], [-25, -1432]]
[[1, 0], [23, 179], [-139, -895]]
[[1, 0], [23, 179], [-193, -1432]]
[[1, 0], [23, 179], [-31, -179]]
[[1, 0], [23, 358], [-27, -358]]
[[1, 0], [23, 358], [-77, -1074]]
[[1, 0], [23, 358], [-97, -1432]]
[[1, 0], [23, 44], [-593, -792]]
[[1, 0], [23, 716], [-49, -1432]]
[[1, 0], [231, 1432], [-233, -1432]]
[[1, 0], [231, 358], [-701, -1074]]
[[1, 0], [231, 358], [-929, -1432]]
[[1, 0], [231, 716], [-465, -1432]]
[[1, 0], [231, 895], [-239, -895]]
[[1, 0], [233, 1432], [-235, -1432]]
[[1, 0], [233, 358], [-707, -1074]]
[[1, 0], [233, 358], [-937, -1432]]
[[1, 0], [233, 716], [-469, -1432]]
[[1, 0], [235, 1074], [-239, -1074]]
[[1, 0], [235, 1432], [-237, -1432]]
[[1, 0], [235, 358], [-713, -1074]]
[[1, 0], [235, 358], [-945, -1432]]
[[1, 0], [235, 716], [-473, -1432]]
[[1, 0], [236, 895], [-244, -895]]
[[1, 0], [237, 358], [-719, -1074]]
[[1, 0], [237, 358], [-953, -1432]]
[[1, 0], [237, 716], [-477, -1432]]
[[1, 0], [239, 1432], [-241, -1432]]
[[1, 0], [239, 358], [-725, -1074]]
[[1, 0], [239, 358], [-961, -1432]]
[[1, 0], [239, 716], [-481, -1432]]
[[1, 0], [24, 179], [-144, -895]]
[[1, 0], [24, 179], [-201, -1432]]
[[1, 0], [24, 179], [-32, -179]]
[[1, 0], [241, 1074], [-245, -1074]]
[[1, 0], [241, 1432], [-243, -1432]]
[[1, 0], [241, 358], [-731, -1074]]
[[1, 0], [241, 358], [-969, -1432]]
[[1, 0], [241, 716], [-485, -1432]]
[[1, 0], [241, 895], [-249, -895]]
[[1, 0], [243, 1432], [-245, -1432]]
[[1, 0], [243, 358], [-737, -1074]]
[[1, 0], [243, 358], [-977, -1432]]
[[1, 0], [243, 716], [-489, -1432]]
[[1, 0], [245, 358], [-743, -1074]]
[[1, 0], [245, 358], [-985, -1432]]
[[1, 0], [245, 716], [-493, -1432]]
[[1, 0], [246, 895], [-254, -895]]
[[1, 0], [247, 1074], [-251, -1074]]
[[1, 0], [247, 1432], [-249, -1432]]
[[1, 0], [247, 358], [-749, -1074]]
[[1, 0], [247, 358], [-993, -1432]]
[[1, 0], [247, 716], [-497, -1432]]
[[1, 0], [249, 1432], [-251, -1432]]
[[1, 0], [249, 358], [-1001, -1432]]
[[1, 0], [249, 358], [-755, -1074]]
[[1, 0], [249, 716], [-501, -1432]]
[[1, 0], [25, 1074], [-29, -1074]]
[[1, 0], [25, 1432], [-27, -1432]]
[[1, 0], [25, 179], [-149, -895]]
[[1, 0], [25, 179], [-209, -1432]]
[[1, 0], [25, 179], [-33, -179]]
[[1, 0], [25, 32], [-479, -384]]
[[1, 0], [25, 32], [-735, -368]]
[[1, 0], [25, 358], [-105, -1432]]
[[1, 0], [25, 358], [-29, -358]]
[[1, 0], [25, 358], [-83, -1074]]
[[1, 0], [25, 48], [-1199, -240]]
[[1, 0], [25, 48], [-1709, -360]]
[[1, 0], [25, 48], [-3239, -720]]
[[1, 0], [25, 48], [-485, -72]]
[[1, 0], [25, 48], [-519, -80]]
[[1, 0], [25, 48], [-689, -120]]
[[1, 0], [25, 48], [-791, -144]]
[[1, 0], [25, 716], [-53, -1432]]
[[1, 0], [251, 1432], [-253, -1432]]
[[1, 0], [251, 358], [-1009, -1432]]
[[1, 0], [251, 358], [-761, -1074]]
[[1, 0], [251, 716], [-505, -1432]]
[[1, 0], [251, 895], [-259, -895]]
[[1, 0], [253, 1074], [-257, -1074]]
[[1, 0], [253, 358], [-1017, -1432]]
[[1, 0], [253, 358], [-767, -1074]]
[[1, 0], [253, 716], [-509, -1432]]
[[1, 0], [255, 1432], [-257, -1432]]
[[1, 0], [255, 358], [-1025, -1432]]
[[1, 0], [255, 358], [-773, -1074]]
[[1, 0], [255, 716], [-513, -1432]]
[[1, 0], [256, 895], [-264, -895]]
[[1, 0], [257, 1432], [-259, -1432]]
[[1, 0], [257, 358], [-1033, -1432]]
[[1, 0], [257, 358], [-779, -1074]]
[[1, 0], [257, 716], [-517, -1432]]
[[1, 0], [259, 1074], [-263, -1074]]
[[1, 0], [259, 1432], [-261, -1432]]
[[1, 0], [259, 358], [-1041, -1432]]
[[1, 0], [259, 358], [-785, -1074]]
[[1, 0], [259, 716], [-521, -1432]]
[[1, 0], [26, 179], [-154, -895]]
[[1, 0], [26, 179], [-217, -1432]]
[[1, 0], [26, 179], [-34, -179]]
[[1, 0], [26, 895], [-34, -895]]
[[1, 0], [261, 358], [-1049, -1432]]
[[1, 0], [261, 358], [-791, -1074]]
[[1, 0], [261, 716], [-525, -1432]]
[[1, 0], [261, 895], [-269, -895]]
[[1, 0], [263, 1432], [-265, -1432]]
[[1, 0], [263, 358], [-1057, -1432]]
[[1, 0], [263, 358], [-797, -1074]]
[[1, 0], [263, 716], [-529, -1432]]
[[1, 0], [265, 1074], [-269, -1074]]
[[1, 0], [265, 1432], [-267, -1432]]
[[1, 0], [265, 358], [-1065, -1432]]
[[1, 0], [265, 358], [-803, -1074]]
[[1, 0], [265, 716], [-533, -1432]]
[[1, 0], [266, 895], [-274, -895]]
[[1, 0], [267, 1432], [-269, -1432]]
[[1, 0], [267, 358], [-1073, -1432]]
[[1, 0], [267, 358], [-809, -1074]]
[[1, 0], [269, 358], [-1081, -1432]]
[[1, 0], [269, 358], [-815, -1074]]
[[1, 0], [269, 716], [-541, -1432]]
[[1, 0], [27, 104], [-363, -364]]
[[1, 0], [27, 1432], [-29, -1432]]
[[1, 0], [27, 179], [-159, -895]]
[[1, 0], [27, 179], [-225, -1432]]
[[1, 0], [27, 179], [-35, -179]]
[[1, 0], [27, 358], [-113, -1432]]
[[1, 0], [27, 358], [-31, -358]]
[[1, 0], [27, 358], [-89, -1074]]
[[1, 0], [27, 52], [-1273, -728]]
[[1, 0], [27, 52], [-153, -56]]
[[1, 0], [27, 52], [-233, -104]]
[[1, 0], [27, 52], [-47, -64]]
[[1, 0], [27, 716], [-57, -1432]]
[[1, 0], [271, 1074], [-275, -1074]]
[[1, 0], [271, 1432], [-273, -1432]]
[[1, 0], [271, 358], [-1089, -1432]]
[[1, 0], [271, 358], [-821, -1074]]
[[1, 0], [271, 360], [-1079, -720]]
[[1, 0], [271, 716], [-545, -1432]]
[[1, 0], [271, 895], [-279, -895]]
[[1, 0], [273, 1432], [-275, -1432]]
[[1, 0], [273, 358], [-1097, -1432]]
[[1, 0], [273, 358], [-827, -1074]]
[[1, 0], [273, 716], [-549, -1432]]
[[1, 0], [275, 1432], [-277, -1432]]
[[1, 0], [275, 358], [-1105, -1432]]
[[1, 0], [275, 358], [-833, -1074]]
[[1, 0], [275, 716], [-553, -1432]]
[[1, 0], [276, 895], [-284, -895]]
[[1, 0], [277, 1074], [-281, -1074]]
[[1, 0], [277, 358], [-1113, -1432]]
[[1, 0], [277, 358], [-839, -1074]]
[[1, 0], [277, 716], [-557, -1432]]
[[1, 0], [279, 1432], [-281, -1432]]
[[1, 0], [279, 358], [-1121, -1432]]
[[1, 0], [279, 358], [-845, -1074]]
[[1, 0], [279, 716], [-561, -1432]]
[[1, 0], [28, 179], [-164, -895]]
[[1, 0], [28, 179], [-233, -1432]]
[[1, 0], [28, 179], [-36, -179]]
[[1, 0], [281, 1432], [-283, -1432]]
[[1, 0], [281, 358], [-1129, -1432]]
[[1, 0], [281, 358], [-851, -1074]]
[[1, 0], [281, 716], [-565, -1432]]
[[1, 0], [281, 895], [-289, -895]]
[[1, 0], [283, 1074], [-287, -1074]]
[[1, 0], [283, 1432], [-285, -1432]]
[[1, 0], [283, 358], [-1137, -1432]]
[[1, 0], [283, 358], [-857, -1074]]
[[1, 0], [283, 716], [-569, -1432]]
[[1, 0], [285, 358], [-1145, -1432]]
[[1, 0], [285, 358], [-863, -1074]]
[[1, 0], [285, 716], [-573, -1432]]
[[1, 0], [286, 895], [-294, -895]]
[[1, 0], [287, 1432], [-289, -1432]]
[[1, 0], [287, 358], [-1153, -1432]]
[[1, 0], [287, 358], [-869, -1074]]
[[1, 0], [287, 716], [-577, -1432]]
[[1, 0], [289, 1074], [-293, -1074]]
[[1, 0], [289, 1432], [-291, -1432]]
[[1, 0], [289, 358], [-1161, -1432]]
[[1, 0], [289, 358], [-875, -1074]]
[[1, 0], [289, 716], [-581, -1432]]
[[1, 0], [29, 179], [-169, -895]]
[[1, 0], [29, 179], [-241, -1432]]
[[1, 0], [29, 179], [-37, -179]]
[[1, 0], [29, 358], [-121, -1432]]
[[1, 0], [29, 358], [-33, -358]]
[[1, 0], [29, 358], [-95, -1074]]
[[1, 0], [29, 716], [-61, -1432]]
[[1, 0], [291, 1432], [-293, -1432]]
[[1, 0], [291, 358], [-1169, -1432]]
[[1, 0], [291, 358], [-881, -1074]]
[[1, 0], [291, 716], [-585, -1432]]
[[1, 0], [291, 895], [-299, -895]]
[[1, 0], [293, 358], [-1177, -1432]]
[[1, 0], [293, 358], [-887, -1074]]
[[1, 0], [293, 716], [-589, -1432]]
[[1, 0], [295, 1074], [-299, -1074]]
[[1, 0], [295, 1432], [-297, -1432]]
[[1, 0], [295, 358], [-1185, -1432]]
[[1, 0], [295, 358], [-893, -1074]]
[[1, 0], [295, 716], [-593, -1432]]
[[1, 0], [296, 895], [-304, -895]]
[[1, 0], [297, 1432], [-299, -1432]]
[[1, 0], [297, 358], [-1193, -1432]]
[[1, 0], [297, 358], [-899, -1074]]
[[1, 0], [297, 716], [-597, -1432]]
[[1, 0], [299, 1432], [-301, -1432]]
[[1, 0], [299, 358], [-1201, -1432]]
[[1, 0], [299, 358], [-905, -1074]]
[[1, 0], [299, 716], [-601, -1432]]
[[1, 0], [3, 1432], [-5, -1432]]
[[1, 0], [3, 179], [-11, -179]]
[[1, 0], [3, 179], [-33, -1432]]
[[1, 0], [3, 179], [-39, -895]]
[[1, 0], [3, 358], [-17, -1074]]
[[1, 0], [3, 358], [-17, -1432]]
[[1, 0], [3, 358], [-7, -358]]
[[1, 0], [3, 4], [-1087, -256]]
[[1, 0], [3, 4], [-11099, -240]]
[[1, 0], [3, 4], [-11465, -728]]
[[1, 0], [3, 4], [-1433, -1432]]
[[1, 0], [3, 4], [-1433, -956]]
[[1, 0], [3, 4], [-1567, -896]]
[[1, 0], [3, 4], [-1689, -104]]
[[1, 0], [3, 4], [-1719, -860]]
[[1, 0], [3, 4], [-1797, -248]]
[[1, 0], [3, 4], [-185, -8]]
[[1, 0], [3, 4], [-197, -24]]
[[1, 0], [3, 4], [-209, -40]]
[[1, 0], [3, 4], [-233, -72]]
[[1, 0], [3, 4], [-2363, -48]]
[[1, 0], [3, 4], [-2387, -796]]
[[1, 0], [3, 4], [-269, -120]]
[[1, 0], [3, 4], [-2909, -776]]
[[1, 0], [3, 4], [-32939, -720]]
[[1, 0], [3, 4], [-3437, -764]]
[[1, 0], [3, 4], [-3819, -80]]
[[1, 0], [3, 4], [-4323, -752]]
[[1, 0], [3, 4], [-449, -360]]
[[1, 0], [3, 4], [-6731, -144]]
[[1, 0], [3, 4], [-7175, -736]]
[[1, 0], [3, 4], [-8783, -732]]
[[1, 0], [3, 4], [-907, -16]]
[[1, 0], [3, 4], [-937, -56]]
[[1, 0], [3, 716], [-9, -1432]]
[[1, 0], [3, 8], [-108, -109]]
[[1, 0], [3, 8], [-1089, -40]]
[[1, 0], [3, 8], [-1271, -48]]
[[1, 0], [3, 8], [-16559, -720]]
[[1, 0], [3, 8], [-1817, -72]]
[[1, 0], [3, 8], [-191, -32]]
[[1, 0], [3, 8], [-193, -97]]
[[1, 0], [3, 8], [-1999, -80]]
[[1, 0], [3, 8], [-215, -96]]
[[1, 0], [3, 8], [-239, -160]]
[[1, 0], [3, 8], [-247, -62]]
[[1, 0], [3, 8], [-279, -28]]
[[1, 0], [3, 8], [-287, -288]]
[[1, 0], [3, 8], [-2909, -120]]
[[1, 0], [3, 8], [-2911, -364]]
[[1, 0], [3, 8], [-3455, -144]]
[[1, 0], [3, 8], [-359, -480]]
[[1, 0], [3, 8], [-359, -716]]
[[1, 0], [3, 8], [-361, -8]]
[[1, 0], [3, 8], [-467, -52]]
[[1, 0], [3, 8], [-543, -16]]
[[1, 0], [3, 8], [-5639, -240]]
[[1, 0], [3, 8], [-717, -1432]]
[[1, 0], [3, 8], [-725, -24]]
[[1, 0], [3, 8], [-8369, -360]]
[[1, 0], [30, 179], [-174, -895]]
[[1, 0], [30, 179], [-249, -1432]]
[[1, 0], [30, 179], [-38, -179]]
[[1, 0], [301, 1074], [-305, -1074]]
[[1, 0], [301, 358], [-1209, -1432]]
[[1, 0], [301, 358], [-911, -1074]]
[[1, 0], [301, 716], [-605, -1432]]
[[1, 0], [301, 895], [-309, -895]]
[[1, 0], [303, 1432], [-305, -1432]]
[[1, 0], [303, 358], [-1217, -1432]]
[[1, 0], [303, 358], [-917, -1074]]
[[1, 0], [303, 716], [-609, -1432]]
[[1, 0], [305, 1432], [-307, -1432]]
[[1, 0], [305, 358], [-1225, -1432]]
[[1, 0], [305, 358], [-923, -1074]]
[[1, 0], [305, 716], [-613, -1432]]
[[1, 0], [306, 895], [-314, -895]]
[[1, 0], [307, 1074], [-311, -1074]]
[[1, 0], [307, 1432], [-309, -1432]]
[[1, 0], [307, 358], [-1233, -1432]]
[[1, 0], [307, 358], [-929, -1074]]
[[1, 0], [307, 716], [-617, -1432]]
[[1, 0], [309, 358], [-1241, -1432]]
[[1, 0], [309, 358], [-935, -1074]]
[[1, 0], [309, 716], [-621, -1432]]
[[1, 0], [31, 1074], [-35, -1074]]
[[1, 0], [31, 120], [-1439, -720]]
[[1, 0], [31, 120], [-389, -120]]
[[1, 0], [31, 120], [-431, -144]]
[[1, 0], [31, 120], [-599, -240]]
[[1, 0], [31, 120], [-809, -360]]
[[1, 0], [31, 1432], [-33, -1432]]
[[1, 0], [31, 179], [-257, -1432]]
[[1, 0], [31, 179], [-39, -179]]
[[1, 0], [31, 358], [-101, -1074]]
[[1, 0], [31, 358], [-129, -1432]]
[[1, 0], [31, 358], [-35, -358]]
[[1, 0], [31, 40], [-1439, -240]]
[[1, 0], [31, 40], [-2069, -360]]
[[1, 0], [31, 40], [-3959, -720]]
[[1, 0], [31, 40], [-431, -48]]
[[1, 0], [31, 40], [-557, -72]]
[[1, 0], [31, 40], [-599, -80]]
[[1, 0], [31, 40], [-799, -800]]
[[1, 0], [31, 40], [-809, -120]]
[[1, 0], [31, 40], [-83, -84]]
[[1, 0], [31, 40], [-935, -144]]
[[1, 0], [31, 60], [-1019, -240]]
[[1, 0], [31, 60], [-2699, -720]]
[[1, 0], [31, 60], [-459, -80]]
[[1, 0], [31, 60], [-683, -144]]
[[1, 0], [31, 716], [-65, -1432]]
[[1, 0], [31, 895], [-39, -895]]
[[1, 0], [311, 1432], [-313, -1432]]
[[1, 0], [311, 358], [-1249, -1432]]
[[1, 0], [311, 358], [-941, -1074]]
[[1, 0], [311, 716], [-625, -1432]]
[[1, 0], [311, 895], [-319, -895]]
[[1, 0], [313, 1074], [-317, -1074]]
[[1, 0], [313, 1432], [-315, -1432]]
[[1, 0], [313, 358], [-1257, -1432]]
[[1, 0], [313, 358], [-947, -1074]]
[[1, 0], [313, 716], [-629, -1432]]
[[1, 0], [315, 1432], [-317, -1432]]
[[1, 0], [315, 358], [-1265, -1432]]
[[1, 0], [315, 358], [-953, -1074]]
[[1, 0], [315, 716], [-633, -1432]]
[[1, 0], [316, 895], [-324, -895]]
[[1, 0], [317, 358], [-1273, -1432]]
[[1, 0], [317, 358], [-959, -1074]]
[[1, 0], [317, 716], [-637, -1432]]
[[1, 0], [319, 1074], [-323, -1074]]
[[1, 0], [319, 1432], [-321, -1432]]
[[1, 0], [319, 358], [-1281, -1432]]
[[1, 0], [319, 358], [-965, -1074]]
[[1, 0], [319, 716], [-641, -1432]]
[[1, 0], [32, 179], [-184, -895]]
[[1, 0], [32, 179], [-265, -1432]]
[[1, 0], [32, 179], [-40, -179]]
[[1, 0], [321, 1432], [-323, -1432]]
[[1, 0], [321, 358], [-1289, -1432]]
[[1, 0], [321, 358], [-971, -1074]]
[[1, 0], [321, 716], [-645, -1432]]
[[1, 0], [321, 895], [-329, -895]]
[[1, 0], [323, 1432], [-325, -1432]]
[[1, 0], [323, 358], [-1297, -1432]]
[[1, 0], [323, 358], [-977, -1074]]
[[1, 0], [323, 716], [-649, -1432]]
[[1, 0], [325, 1074], [-329, -1074]]
[[1, 0], [325, 358], [-1305, -1432]]
[[1, 0], [325, 358], [-983, -1074]]
[[1, 0], [325, 716], [-653, -1432]]
[[1, 0], [326, 895], [-334, -895]]
[[1, 0], [327, 1432], [-329, -1432]]
[[1, 0], [327, 358], [-1313, -1432]]
[[1, 0], [327, 358], [-989, -1074]]
[[1, 0], [327, 716], [-657, -1432]]
[[1, 0], [329, 1432], [-331, -1432]]
[[1, 0], [329, 358], [-1321, -1432]]
[[1, 0], [329, 358], [-995, -1074]]
[[1, 0], [329, 716], [-661, -1432]]
[[1, 0], [33, 1432], [-35, -1432]]
[[1, 0], [33, 179], [-189, -895]]
[[1, 0], [33, 179], [-273, -1432]]
[[1, 0], [33, 179], [-41, -179]]
[[1, 0], [33, 358], [-107, -1074]]
[[1, 0], [33, 358], [-137, -1432]]
[[1, 0], [33, 358], [-37, -358]]
[[1, 0], [33, 64], [-575, -768]]
[[1, 0], [33, 716], [-69, -1432]]
[[1, 0], [331, 1074], [-335, -1074]]
[[1, 0], [331, 1432], [-333, -1432]]
[[1, 0], [331, 358], [-1001, -1074]]
[[1, 0], [331, 358], [-1329, -1432]]
[[1, 0], [331, 716], [-665, -1432]]
[[1, 0], [331, 895], [-339, -895]]
[[1, 0], [333, 358], [-1007, -1074]]
[[1, 0], [333, 358], [-1337, -1432]]
[[1, 0], [333, 716], [-669, -1432]]
[[1, 0], [335, 1432], [-337, -1432]]
[[1, 0], [335, 358], [-1013, -1074]]
[[1, 0], [335, 358], [-1345, -1432]]
[[1, 0], [335, 716], [-673, -1432]]
[[1, 0], [336, 895], [-344, -895]]
[[1, 0], [337, 1074], [-341, -1074]]
[[1, 0], [337, 1432], [-339, -1432]]
[[1, 0], [337, 358], [-1019, -1074]]
[[1, 0], [337, 358], [-1353, -1432]]
[[1, 0], [337, 716], [-677, -1432]]
[[1, 0], [339, 1432], [-341, -1432]]
[[1, 0], [339, 358], [-1025, -1074]]
[[1, 0], [339, 358], [-1361, -1432]]
[[1, 0], [339, 716], [-681, -1432]]
[[1, 0], [34, 179], [-194, -895]]
[[1, 0], [34, 179], [-281, -1432]]
[[1, 0], [34, 179], [-42, -179]]
[[1, 0], [341, 358], [-1031, -1074]]
[[1, 0], [341, 358], [-1369, -1432]]
[[1, 0], [341, 716], [-685, -1432]]
[[1, 0], [341, 895], [-349, -895]]
[[1, 0], [343, 1074], [-347, -1074]]
[[1, 0], [343, 1432], [-345, -1432]]
[[1, 0], [343, 358], [-1037, -1074]]
[[1, 0], [343, 358], [-1377, -1432]]
[[1, 0], [343, 716], [-689, -1432]]
[[1, 0], [345, 1432], [-347, -1432]]
[[1, 0], [345, 358], [-1043, -1074]]
[[1, 0], [345, 358], [-1385, -1432]]
[[1, 0], [345, 716], [-693, -1432]]
[[1, 0], [346, 895], [-354, -895]]
[[1, 0], [347, 1432], [-349, -1432]]
[[1, 0], [347, 358], [-1049, -1074]]
[[1, 0], [347, 358], [-1393, -1432]]
[[1, 0], [347, 358], [-351, -358]]
[[1, 0], [347, 716], [-697, -1432]]
[[1, 0], [349, 1074], [-353, -1074]]
[[1, 0], [349, 358], [-1055, -1074]]
[[1, 0], [349, 358], [-1401, -1432]]
[[1, 0], [349, 716], [-701, -1432]]
[[1, 0], [35, 1432], [-37, -1432]]
[[1, 0], [35, 179], [-199, -895]]
[[1, 0], [35, 179], [-289, -1432]]
[[1, 0], [35, 179], [-43, -179]]
[[1, 0], [35, 358], [-113, -1074]]
[[1, 0], [35, 358], [-145, -1432]]
[[1, 0], [35, 358], [-39, -358]]
[[1, 0], [35, 716], [-73, -1432]]
[[1, 0], [351, 1432], [-353, -1432]]
[[1, 0], [351, 358], [-1061, -1074]]
[[1, 0], [351, 358], [-1409, -1432]]
[[1, 0], [351, 716], [-705, -1432]]
[[1, 0], [351, 895], [-359, -895]]
[[1, 0], [353, 1432], [-355, -1432]]
[[1, 0], [353, 358], [-1067, -1074]]
[[1, 0], [353, 358], [-1417, -1432]]
[[1, 0], [353, 716], [-709, -1432]]
[[1, 0], [355, 1074], [-359, -1074]]
[[1, 0], [355, 1432], [-357, -1432]]
[[1, 0], [355, 358], [-1073, -1074]]
[[1, 0], [355, 358], [-1425, -1432]]
[[1, 0], [355, 358], [-359, -358]]
[[1, 0], [355, 716], [-713, -1432]]
[[1, 0], [356, 895], [-364, -895]]
[[1, 0], [357, 358], [-1079, -1074]]
[[1, 0], [357, 358], [-1433, -1432]]
[[1, 0], [357, 716], [-717, -1432]]
[[1, 0], [359, 1432], [-361, -1432]]
[[1, 0], [359, 716], [-721, -1432]]
[[1, 0], [36, 179], [-204, -895]]
[[1, 0], [36, 179], [-297, -1432]]
[[1, 0], [36, 179], [-44, -179]]
[[1, 0], [36, 895], [-44, -895]]
[[1, 0], [361, 1074], [-365, -1074]]
[[1, 0], [361, 1432], [-363, -1432]]
[[1, 0], [361, 716], [-725, -1432]]
[[1, 0], [361, 895], [-369, -895]]
[[1, 0], [363, 716], [-729, -1432]]
[[1, 0], [365, 716], [-733, -1432]]
[[1, 0], [366, 895], [-374, -895]]
[[1, 0], [367, 1074], [-371, -1074]]
[[1, 0], [367, 1432], [-369, -1432]]
[[1, 0], [367, 716], [-737, -1432]]
[[1, 0], [369, 1432], [-371, -1432]]
[[1, 0], [369, 716], [-741, -1432]]
[[1, 0], [37, 1074], [-41, -1074]]
[[1, 0], [37, 144], [-1259, -720]]
[[1, 0], [37, 144], [-395, -144]]
[[1, 0], [37, 144], [-449, -180]]
[[1, 0], [37, 144], [-539, -240]]
[[1, 0], [37, 144], [-719, -360]]
[[1, 0], [37, 179], [-209, -895]]
[[1, 0], [37, 179], [-305, -1432]]
[[1, 0], [37, 179], [-45, -179]]
[[1, 0], [37, 358], [-119, -1074]]
[[1, 0], [37, 358], [-153, -1432]]
[[1, 0], [37, 358], [-41, -358]]
[[1, 0], [37, 48], [-101, -102]]
[[1, 0], [37, 48], [-1259, -240]]
[[1, 0], [37, 48], [-1799, -360]]
[[1, 0], [37, 48], [-3419, -720]]
[[1, 0], [37, 48], [-395, -48]]
[[1, 0], [37, 48], [-449, -60]]
[[1, 0], [37, 48], [-503, -72]]
[[1, 0], [37, 48], [-539, -80]]
[[1, 0], [37, 48], [-719, -120]]
[[1, 0], [37, 48], [-827, -144]]
[[1, 0], [37, 48], [-989, -180]]
[[1, 0], [37, 716], [-77, -1432]]
[[1, 0], [37, 72], [-2339, -720]]
[[1, 0], [37, 72], [-419, -80]]
[[1, 0], [37, 72], [-611, -144]]
[[1, 0], [37, 72], [-899, -240]]
[[1, 0], [371, 1432], [-373, -1432]]
[[1, 0], [371, 716], [-745, -1432]]
[[1, 0], [371, 895], [-379, -895]]
[[1, 0], [373, 1074], [-377, -1074]]
[[1, 0], [373, 716], [-749, -1432]]
[[1, 0], [375, 1432], [-377, -1432]]
[[1, 0], [375, 716], [-753, -1432]]
[[1, 0], [376, 895], [-384, -895]]
[[1, 0], [377, 1432], [-379, -1432]]
[[1, 0], [377, 716], [-757, -1432]]
[[1, 0], [379, 1074], [-383, -1074]]
[[1, 0], [379, 1432], [-381, -1432]]
[[1, 0], [379, 716], [-761, -1432]]
[[1, 0], [38, 179], [-214, -895]]
[[1, 0], [38, 179], [-313, -1432]]
[[1, 0], [38, 179], [-46, -179]]
[[1, 0], [381, 716], [-765, -1432]]
[[1, 0], [381, 895], [-389, -895]]
[[1, 0], [383, 1432], [-385, -1432]]
[[1, 0], [383, 716], [-769, -1432]]
[[1, 0], [385, 1074], [-389, -1074]]
[[1, 0], [385, 1432], [-387, -1432]]
[[1, 0], [385, 716], [-773, -1432]]
[[1, 0], [386, 895], [-394, -895]]
[[1, 0], [387, 1432], [-389, -1432]]
[[1, 0], [387, 716], [-777, -1432]]
[[1, 0], [389, 716], [-781, -1432]]
[[1, 0], [39, 1432], [-41, -1432]]
[[1, 0], [39, 179], [-219, -895]]
[[1, 0], [39, 179], [-321, -1432]]
[[1, 0], [39, 179], [-47, -179]]
[[1, 0], [39, 358], [-125, -1074]]
[[1, 0], [39, 358], [-161, -1432]]
[[1, 0], [39, 358], [-43, -358]]
[[1, 0], [39, 716], [-81, -1432]]
[[1, 0], [39, 76], [-569, -760]]
[[1, 0], [391, 1074], [-395, -1074]]
[[1, 0], [391, 1432], [-393, -1432]]
[[1, 0], [391, 716], [-785, -1432]]
[[1, 0], [391, 895], [-399, -895]]
[[1, 0], [393, 1432], [-395, -1432]]
[[1, 0], [393, 716], [-789, -1432]]
[[1, 0], [395, 1432], [-397, -1432]]
[[1, 0], [395, 716], [-793, -1432]]
[[1, 0], [396, 895], [-404, -895]]
[[1, 0], [397, 1074], [-401, -1074]]
[[1, 0], [397, 716], [-797, -1432]]
[[1, 0], [399, 1432], [-401, -1432]]
[[1, 0], [399, 716], [-801, -1432]]
[[1, 0], [4, 179], [-12, -179]]
[[1, 0], [4, 179], [-41, -1432]]
[[1, 0], [4, 179], [-44, -895]]
[[1, 0], [40, 179], [-224, -895]]
[[1, 0], [40, 179], [-329, -1432]]
[[1, 0], [40, 179], [-48, -179]]
[[1, 0], [401, 1432], [-403, -1432]]
[[1, 0], [401, 716], [-805, -1432]]
[[1, 0], [401, 895], [-409, -895]]
[[1, 0], [403, 1074], [-407, -1074]]
[[1, 0], [403, 1432], [-405, -1432]]
[[1, 0], [403, 716], [-809, -1432]]
[[1, 0], [405, 716], [-813, -1432]]
[[1, 0], [406, 895], [-414, -895]]
[[1, 0], [407, 1432], [-409, -1432]]
[[1, 0], [407, 716], [-817, -1432]]
[[1, 0], [409, 1074], [-413, -1074]]
[[1, 0], [409, 1432], [-411, -1432]]
[[1, 0], [409, 716], [-821, -1432]]
[[1, 0], [41, 1432], [-43, -1432]]
[[1, 0], [41, 179], [-229, -895]]
[[1, 0], [41, 179], [-337, -1432]]
[[1, 0], [41, 179], [-49, -179]]
[[1, 0], [41, 358], [-131, -1074]]
[[1, 0], [41, 358], [-169, -1432]]
[[1, 0], [41, 358], [-45, -358]]
[[1, 0], [41, 716], [-85, -1432]]
[[1, 0], [41, 80], [-1169, -360]]
[[1, 0], [41, 80], [-2159, -720]]
[[1, 0], [41, 80], [-509, -120]]
[[1, 0], [41, 80], [-575, -144]]
[[1, 0], [41, 80], [-839, -240]]
[[1, 0], [41, 895], [-49, -895]]
[[1, 0], [411, 1432], [-413, -1432]]
[[1, 0], [411, 716], [-825, -1432]]
[[1, 0], [411, 895], [-419, -895]]
[[1, 0], [413, 716], [-829, -1432]]
[[1, 0], [415, 1074], [-419, -1074]]
[[1, 0], [415, 1432], [-417, -1432]]
[[1, 0], [415, 716], [-833, -1432]]
[[1, 0], [416, 895], [-424, -895]]
[[1, 0], [417, 1432], [-419, -1432]]
[[1, 0], [417, 716], [-837, -1432]]
[[1, 0], [419, 1432], [-421, -1432]]
[[1, 0], [419, 716], [-841, -1432]]
[[1, 0], [42, 179], [-234, -895]]
[[1, 0], [42, 179], [-345, -1432]]
[[1, 0], [42, 179], [-50, -179]]
[[1, 0], [421, 1074], [-425, -1074]]
[[1, 0], [421, 716], [-845, -1432]]
[[1, 0], [421, 895], [-429, -895]]
[[1, 0], [423, 1432], [-425, -1432]]
[[1, 0], [423, 716], [-849, -1432]]
[[1, 0], [425, 1432], [-427, -1432]]
[[1, 0], [425, 716], [-853, -1432]]
[[1, 0], [426, 895], [-434, -895]]
[[1, 0], [427, 1074], [-431, -1074]]
[[1, 0], [427, 1432], [-429, -1432]]
[[1, 0], [427, 716], [-857, -1432]]
[[1, 0], [429, 716], [-861, -1432]]
[[1, 0], [43, 1074], [-47, -1074]]
[[1, 0], [43, 1432], [-45, -1432]]
[[1, 0], [43, 179], [-239, -895]]
[[1, 0], [43, 179], [-353, -1432]]
[[1, 0], [43, 179], [-51, -179]]
[[1, 0], [43, 358], [-137, -1074]]
[[1, 0], [43, 358], [-177, -1432]]
[[1, 0], [43, 358], [-47, -358]]
[[1, 0], [43, 56], [-727, -364]]
[[1, 0], [43, 716], [-89, -1432]]
[[1, 0], [431, 1432], [-433, -1432]]
[[1, 0], [431, 716], [-865, -1432]]
[[1, 0], [431, 895], [-439, -895]]
[[1, 0], [433, 1074], [-437, -1074]]
[[1, 0], [433, 1432], [-435, -1432]]
[[1, 0], [433, 716], [-869, -1432]]
[[1, 0], [435, 1432], [-437, -1432]]
[[1, 0], [435, 716], [-873, -1432]]
[[1, 0], [436, 895], [-444, -895]]
[[1, 0], [437, 716], [-877, -1432]]
[[1, 0], [439, 1074], [-443, -1074]]
[[1, 0], [439, 1432], [-441, -1432]]
[[1, 0], [439, 716], [-881, -1432]]
[[1, 0], [44, 179], [-244, -895]]
[[1, 0], [44, 179], [-361, -1432]]
[[1, 0], [44, 179], [-52, -179]]
[[1, 0], [441, 1432], [-443, -1432]]
[[1, 0], [441, 716], [-885, -1432]]
[[1, 0], [441, 895], [-449, -895]]
[[1, 0], [443, 1432], [-445, -1432]]
[[1, 0], [443, 716], [-889, -1432]]
[[1, 0], [445, 1074], [-449, -1074]]
[[1, 0], [445, 716], [-893, -1432]]
[[1, 0], [447, 1432], [-449, -1432]]
[[1, 0], [447, 716], [-897, -1432]]
[[1, 0], [449, 1432], [-451, -1432]]
[[1, 0], [449, 716], [-901, -1432]]
[[1, 0], [45, 179], [-249, -895]]
[[1, 0], [45, 179], [-369, -1432]]
[[1, 0], [45, 179], [-53, -179]]
[[1, 0], [45, 358], [-143, -1074]]
[[1, 0], [45, 358], [-185, -1432]]
[[1, 0], [45, 358], [-49, -358]]
[[1, 0], [45, 716], [-93, -1432]]
[[1, 0], [451, 1074], [-455, -1074]]
[[1, 0], [451, 1432], [-453, -1432]]
[[1, 0], [451, 716], [-905, -1432]]
[[1, 0], [453, 716], [-909, -1432]]
[[1, 0], [455, 1432], [-457, -1432]]
[[1, 0], [455, 716], [-913, -1432]]
[[1, 0], [457, 1074], [-461, -1074]]
[[1, 0], [457, 1432], [-459, -1432]]
[[1, 0], [457, 716], [-917, -1432]]
[[1, 0], [459, 1432], [-461, -1432]]
[[1, 0], [459, 716], [-921, -1432]]
[[1, 0], [46, 179], [-254, -895]]
[[1, 0], [46, 179], [-377, -1432]]
[[1, 0], [46, 179], [-54, -179]]
[[1, 0], [46, 895], [-54, -895]]
[[1, 0], [461, 716], [-925, -1432]]
[[1, 0], [463, 1074], [-467, -1074]]
[[1, 0], [463, 1432], [-465, -1432]]
[[1, 0], [463, 716], [-929, -1432]]
[[1, 0], [465, 1432], [-467, -1432]]
[[1, 0], [465, 716], [-933, -1432]]
[[1, 0], [467, 1432], [-469, -1432]]
[[1, 0], [467, 716], [-937, -1432]]
[[1, 0], [469, 1074], [-473, -1074]]
[[1, 0], [469, 716], [-941, -1432]]
[[1, 0], [47, 1432], [-49, -1432]]
[[1, 0], [47, 179], [-259, -895]]
[[1, 0], [47, 179], [-385, -1432]]
[[1, 0], [47, 179], [-55, -179]]
[[1, 0], [47, 184], [-367, -736]]
[[1, 0], [47, 358], [-149, -1074]]
[[1, 0], [47, 358], [-193, -1432]]
[[1, 0], [47, 358], [-51, -358]]
[[1, 0], [47, 716], [-97, -1432]]
[[1, 0], [471, 1432], [-473, -1432]]
[[1, 0], [471, 716], [-945, -1432]]
[[1, 0], [473, 1432], [-475, -1432]]
[[1, 0], [473, 716], [-949, -1432]]
[[1, 0], [475, 1074], [-479, -1074]]
[[1, 0], [475, 1432], [-477, -1432]]
[[1, 0], [475, 716], [-953, -1432]]
[[1, 0], [477, 716], [-957, -1432]]
[[1, 0], [479, 1432], [-481, -1432]]
[[1, 0], [479, 716], [-961, -1432]]
[[1, 0], [48, 179], [-264, -895]]
[[1, 0], [48, 179], [-393, -1432]]
[[1, 0], [48, 179], [-56, -179]]
[[1, 0], [481, 1074], [-485, -1074]]
[[1, 0], [481, 1432], [-483, -1432]]
[[1, 0], [481, 716], [-965, -1432]]
[[1, 0], [483, 1432], [-485, -1432]]
[[1, 0], [483, 716], [-969, -1432]]
[[1, 0], [485, 716], [-973, -1432]]
[[1, 0], [487, 1074], [-491, -1074]]
[[1, 0], [487, 1432], [-489, -1432]]
[[1, 0], [487, 716], [-977, -1432]]
[[1, 0], [489, 1432], [-491, -1432]]
[[1, 0], [489, 716], [-981, -1432]]
[[1, 0], [49, 1074], [-53, -1074]]
[[1, 0], [49, 1432], [-51, -1432]]
[[1, 0], [49, 179], [-269, -895]]
[[1, 0], [49, 179], [-401, -1432]]
[[1, 0], [49, 179], [-57, -179]]
[[1, 0], [49, 358], [-155, -1074]]
[[1, 0], [49, 358], [-201, -1432]]
[[1, 0], [49, 358], [-53, -358]]
[[1, 0], [49, 64], [-767, -768]]
[[1, 0], [49, 716], [-101, -1432]]
[[1, 0], [491, 1432], [-493, -1432]]
[[1, 0], [491, 716], [-985, -1432]]
[[1, 0], [493, 1074], [-497, -1074]]
[[1, 0], [493, 716], [-989, -1432]]
[[1, 0], [495, 1432], [-497, -1432]]
[[1, 0], [495, 716], [-993, -1432]]
[[1, 0], [497, 1432], [-499, -1432]]
[[1, 0], [497, 716], [-997, -1432]]
[[1, 0], [499, 1074], [-503, -1074]]
[[1, 0], [499, 1432], [-501, -1432]]
[[1, 0], [499, 716], [-1001, -1432]]
[[1, 0], [5, 16], [-1007, -72]]
[[1, 0], [5, 16], [-1099, -80]]
[[1, 0], [5, 16], [-121, -244]]
[[1, 0], [5, 16], [-1559, -120]]
[[1, 0], [5, 16], [-1835, -144]]
[[1, 0], [5, 16], [-2249, -180]]
[[1, 0], [5, 16], [-239, -192]]
[[1, 0], [5, 16], [-2939, -240]]
[[1, 0], [5, 16], [-33, -34]]
[[1, 0], [5, 16], [-363, -16]]
[[1, 0], [5, 16], [-391, -392]]
[[1, 0], [5, 16], [-409, -20]]
[[1, 0], [5, 16], [-4319, -360]]
[[1, 0], [5, 16], [-455, -24]]
[[1, 0], [5, 16], [-479, -960]]
[[1, 0], [5, 16], [-505, -184]]
[[1, 0], [5, 16], [-593, -36]]
[[1, 0], [5, 16], [-639, -40]]
[[1, 0], [5, 16], [-731, -48]]
[[1, 0], [5, 16], [-8459, -720]]
[[1, 0], [5, 16], [-869, -60]]
[[1, 0], [5, 16], [-93, -47]]
[[1, 0], [5, 179], [-13, -179]]
[[1, 0], [5, 179], [-49, -1432]]
[[1, 0], [5, 179], [-49, -895]]
[[1, 0], [5, 358], [-23, -1074]]
[[1, 0], [5, 358], [-25, -1432]]
[[1, 0], [5, 358], [-9, -358]]
[[1, 0], [5, 716], [-13, -1432]]
[[1, 0], [5, 8], [-1075, -1432]]
[[1, 0], [5, 8], [-1283, -48]]
[[1, 0], [5, 8], [-16739, -720]]
[[1, 0], [5, 8], [-199, -32]]
[[1, 0], [5, 8], [-2019, -80]]
[[1, 0], [5, 8], [-279, -160]]
[[1, 0], [5, 8], [-3491, -144]]
[[1, 0], [5, 8], [-359, -288]]
[[1, 0], [5, 8], [-547, -16]]
[[1, 0], [5, 8], [-5699, -240]]
[[1, 0], [50, 179], [-274, -895]]
[[1, 0], [50, 179], [-409, -1432]]
[[1, 0], [50, 179], [-58, -179]]
[[1, 0], [501, 716], [-1005, -1432]]
[[1, 0], [503, 1432], [-505, -1432]]
[[1, 0], [503, 716], [-1009, -1432]]
[[1, 0], [505, 1074], [-509, -1074]]
[[1, 0], [505, 1432], [-507, -1432]]
[[1, 0], [505, 716], [-1013, -1432]]
[[1, 0], [507, 1432], [-509, -1432]]
[[1, 0], [507, 716], [-1017, -1432]]
[[1, 0], [509, 716], [-1021, -1432]]
[[1, 0], [51, 1432], [-53, -1432]]
[[1, 0], [51, 179], [-279, -895]]
[[1, 0], [51, 179], [-417, -1432]]
[[1, 0], [51, 179], [-59, -179]]
[[1, 0], [51, 358], [-161, -1074]]
[[1, 0], [51, 358], [-209, -1432]]
[[1, 0], [51, 358], [-55, -358]]
[[1, 0], [51, 716], [-105, -1432]]
[[1, 0], [51, 895], [-59, -895]]
[[1, 0], [511, 1074], [-515, -1074]]
[[1, 0], [511, 1432], [-513, -1432]]
[[1, 0], [511, 716], [-1025, -1432]]
[[1, 0], [513, 1432], [-515, -1432]]
[[1, 0], [513, 716], [-1029, -1432]]
[[1, 0], [515, 1432], [-517, -1432]]
[[1, 0], [515, 716], [-1033, -1432]]
[[1, 0], [517, 1074], [-521, -1074]]
[[1, 0], [517, 716], [-1037, -1432]]
[[1, 0], [519, 1432], [-521, -1432]]
[[1, 0], [519, 716], [-1041, -1432]]
[[1, 0], [52, 179], [-284, -895]]
[[1, 0], [52, 179], [-425, -1432]]
[[1, 0], [52, 179], [-60, -179]]
[[1, 0], [521, 1432], [-523, -1432]]
[[1, 0], [521, 716], [-1045, -1432]]
[[1, 0], [523, 1074], [-527, -1074]]
[[1, 0], [523, 1432], [-525, -1432]]
[[1, 0], [523, 716], [-1049, -1432]]
[[1, 0], [525, 716], [-1053, -1432]]
[[1, 0], [527, 1432], [-529, -1432]]
[[1, 0], [527, 716], [-1057, -1432]]
[[1, 0], [529, 1074], [-533, -1074]]
[[1, 0], [529, 1432], [-531, -1432]]
[[1, 0], [529, 716], [-1061, -1432]]
[[1, 0], [53, 179], [-289, -895]]
[[1, 0], [53, 179], [-433, -1432]]
[[1, 0], [53, 179], [-61, -179]]
[[1, 0], [53, 358], [-167, -1074]]
[[1, 0], [53, 358], [-217, -1432]]
[[1, 0], [53, 358], [-57, -358]]
[[1, 0], [53, 716], [-109, -1432]]
[[1, 0], [531, 1432], [-533, -1432]]
[[1, 0], [531, 716], [-1065, -1432]]
[[1, 0], [533, 716], [-1069, -1432]]
[[1, 0], [535, 1074], [-539, -1074]]
[[1, 0], [535, 716], [-1073, -1432]]
[[1, 0], [539, 1432], [-541, -1432]]
[[1, 0], [539, 716], [-1081, -1432]]
[[1, 0], [54, 179], [-294, -895]]
[[1, 0], [54, 179], [-441, -1432]]
[[1, 0], [54, 179], [-62, -179]]
[[1, 0], [541, 716], [-1085, -1432]]
[[1, 0], [541, 720], [-899, -720]]
[[1, 0], [543, 1432], [-545, -1432]]
[[1, 0], [543, 716], [-1089, -1432]]
[[1, 0], [545, 1432], [-547, -1432]]
[[1, 0], [545, 716], [-1093, -1432]]
[[1, 0], [547, 1432], [-549, -1432]]
[[1, 0], [547, 716], [-1097, -1432]]
[[1, 0], [549, 716], [-1101, -1432]]
[[1, 0], [55, 1074], [-59, -1074]]
[[1, 0], [55, 1432], [-57, -1432]]
[[1, 0], [55, 179], [-299, -895]]
[[1, 0], [55, 179], [-449, -1432]]
[[1, 0], [55, 179], [-63, -179]]
[[1, 0], [55, 358], [-173, -1074]]
[[1, 0], [55, 358], [-225, -1432]]
[[1, 0], [55, 358], [-59, -358]]
[[1, 0], [55, 716], [-113, -1432]]
[[1, 0], [55, 72], [-1349, -360]]
[[1, 0], [55, 72], [-2519, -720]]
[[1, 0], [55, 72], [-439, -80]]
[[1, 0], [55, 72], [-569, -120]]
[[1, 0], [55, 72], [-647, -144]]
[[1, 0], [55, 72], [-959, -240]]
[[1, 0], [55, 72], [-98, -99]]
[[1, 0], [551, 1432], [-553, -1432]]
[[1, 0], [551, 716], [-1105, -1432]]
[[1, 0], [553, 1432], [-555, -1432]]
[[1, 0], [553, 716], [-1109, -1432]]
[[1, 0], [555, 1432], [-557, -1432]]
[[1, 0], [555, 716], [-1113, -1432]]
[[1, 0], [557, 716], [-1117, -1432]]
[[1, 0], [559, 1432], [-561, -1432]]
[[1, 0], [559, 716], [-1121, -1432]]
[[1, 0], [56, 179], [-304, -895]]
[[1, 0], [56, 179], [-457, -1432]]
[[1, 0], [56, 179], [-64, -179]]
[[1, 0], [56, 895], [-64, -895]]
[[1, 0], [561, 1432], [-563, -1432]]
[[1, 0], [561, 716], [-1125, -1432]]
[[1, 0], [563, 1432], [-565, -1432]]
[[1, 0], [563, 716], [-1129, -1432]]
[[1, 0], [565, 716], [-1133, -1432]]
[[1, 0], [567, 1432], [-569, -1432]]
[[1, 0], [567, 716], [-1137, -1432]]
[[1, 0], [569, 1432], [-571, -1432]]
[[1, 0], [569, 716], [-1141, -1432]]
[[1, 0], [57, 1432], [-59, -1432]]
[[1, 0], [57, 179], [-309, -895]]
[[1, 0], [57, 179], [-465, -1432]]
[[1, 0], [57, 179], [-65, -179]]
[[1, 0], [57, 358], [-233, -1432]]
[[1, 0], [57, 358], [-61, -358]]
[[1, 0], [57, 716], [-117, -1432]]
[[1, 0], [571, 1432], [-573, -1432]]
[[1, 0], [571, 716], [-1145, -1432]]
[[1, 0], [573, 716], [-1149, -1432]]
[[1, 0], [575, 1432], [-577, -1432]]
[[1, 0], [575, 716], [-1153, -1432]]
[[1, 0], [577, 1432], [-579, -1432]]
[[1, 0], [577, 716], [-1157, -1432]]
[[1, 0], [579, 1432], [-581, -1432]]
[[1, 0], [579, 716], [-1161, -1432]]
[[1, 0], [58, 179], [-314, -895]]
[[1, 0], [58, 179], [-473, -1432]]
[[1, 0], [58, 179], [-66, -179]]
[[1, 0], [581, 716], [-1165, -1432]]
[[1, 0], [583, 1432], [-585, -1432]]
[[1, 0], [583, 716], [-1169, -1432]]
[[1, 0], [585, 1432], [-587, -1432]]
[[1, 0], [585, 716], [-1173, -1432]]
[[1, 0], [587, 1432], [-589, -1432]]
[[1, 0], [587, 716], [-1177, -1432]]
[[1, 0], [589, 716], [-1181, -1432]]
[[1, 0], [59, 1432], [-61, -1432]]
[[1, 0], [59, 179], [-319, -895]]
[[1, 0], [59, 179], [-481, -1432]]
[[1, 0], [59, 179], [-67, -179]]
[[1, 0], [59, 358], [-185, -1074]]
[[1, 0], [59, 358], [-241, -1432]]
[[1, 0], [59, 358], [-63, -358]]
[[1, 0], [59, 716], [-121, -1432]]
[[1, 0], [591, 1432], [-593, -1432]]
[[1, 0], [591, 716], [-1185, -1432]]
[[1, 0], [593, 1432], [-595, -1432]]
[[1, 0], [593, 716], [-1189, -1432]]
[[1, 0], [595, 1432], [-597, -1432]]
[[1, 0], [595, 716], [-1193, -1432]]
[[1, 0], [597, 716], [-1197, -1432]]
[[1, 0], [599, 1432], [-601, -1432]]
[[1, 0], [599, 716], [-1201, -1432]]
[[1, 0], [6, 179], [-14, -179]]
[[1, 0], [6, 179], [-54, -895]]
[[1, 0], [6, 179], [-57, -1432]]
[[1, 0], [6, 895], [-14, -895]]
[[1, 0], [60, 179], [-324, -895]]
[[1, 0], [60, 179], [-489, -1432]]
[[1, 0], [60, 179], [-68, -179]]
[[1, 0], [601, 1432], [-603, -1432]]
[[1, 0], [601, 716], [-1205, -1432]]
[[1, 0], [603, 1432], [-605, -1432]]
[[1, 0], [603, 716], [-1209, -1432]]
[[1, 0], [605, 716], [-1213, -1432]]
[[1, 0], [607, 1432], [-609, -1432]]
[[1, 0], [607, 716], [-1217, -1432]]
[[1, 0], [609, 1432], [-611, -1432]]
[[1, 0], [609, 716], [-1221, -1432]]
[[1, 0], [61, 1074], [-65, -1074]]
[[1, 0], [61, 120], [-1619, -720]]
[[1, 0], [61, 120], [-467, -144]]
[[1, 0], [61, 120], [-659, -240]]
[[1, 0], [61, 179], [-329, -895]]
[[1, 0], [61, 179], [-497, -1432]]
[[1, 0], [61, 179], [-69, -179]]
[[1, 0], [61, 240], [-419, -240]]
[[1, 0], [61, 240], [-539, -360]]
[[1, 0], [61, 240], [-899, -720]]
[[1, 0], [61, 358], [-191, -1074]]
[[1, 0], [61, 358], [-249, -1432]]
[[1, 0], [61, 358], [-65, -358]]
[[1, 0], [61, 716], [-125, -1432]]
[[1, 0], [61, 80], [-1259, -360]]
[[1, 0], [61, 80], [-2339, -720]]
[[1, 0], [61, 80], [-419, -80]]
[[1, 0], [61, 80], [-449, -90]]
[[1, 0], [61, 80], [-539, -120]]
[[1, 0], [61, 80], [-611, -144]]
[[1, 0], [61, 80], [-719, -180]]
[[1, 0], [61, 80], [-899, -240]]
[[1, 0], [61, 895], [-69, -895]]
[[1, 0], [611, 1432], [-613, -1432]]
[[1, 0], [611, 716], [-1225, -1432]]
[[1, 0], [613, 716], [-1229, -1432]]
[[1, 0], [615, 1432], [-617, -1432]]
[[1, 0], [615, 716], [-1233, -1432]]
[[1, 0], [617, 1432], [-619, -1432]]
[[1, 0], [617, 716], [-1237, -1432]]
[[1, 0], [619, 1432], [-621, -1432]]
[[1, 0], [619, 716], [-1241, -1432]]
[[1, 0], [62, 179], [-334, -895]]
[[1, 0], [62, 179], [-505, -1432]]
[[1, 0], [62, 179], [-70, -179]]
[[1, 0], [621, 716], [-1245, -1432]]
[[1, 0], [623, 1432], [-625, -1432]]
[[1, 0], [623, 716], [-1249, -1432]]
[[1, 0], [625, 1432], [-627, -1432]]
[[1, 0], [627, 1432], [-629, -1432]]
[[1, 0], [627, 716], [-1257, -1432]]
[[1, 0], [629, 716], [-1261, -1432]]
[[1, 0], [63, 124], [-557, -744]]
[[1, 0], [63, 1432], [-65, -1432]]
[[1, 0], [63, 179], [-339, -895]]
[[1, 0], [63, 179], [-513, -1432]]
[[1, 0], [63, 179], [-71, -179]]
[[1, 0], [63, 358], [-197, -1074]]
[[1, 0], [63, 358], [-257, -1432]]
[[1, 0], [63, 358], [-67, -358]]
[[1, 0], [63, 716], [-129, -1432]]
[[1, 0], [631, 1432], [-633, -1432]]
[[1, 0], [631, 716], [-1265, -1432]]
[[1, 0], [633, 1432], [-635, -1432]]
[[1, 0], [633, 716], [-1269, -1432]]
[[1, 0], [635, 1432], [-637, -1432]]
[[1, 0], [635, 716], [-1273, -1432]]
[[1, 0], [637, 716], [-1277, -1432]]
[[1, 0], [639, 1432], [-641, -1432]]
[[1, 0], [639, 716], [-1281, -1432]]
[[1, 0], [64, 179], [-344, -895]]
[[1, 0], [64, 179], [-521, -1432]]
[[1, 0], [64, 179], [-72, -179]]
[[1, 0], [641, 1432], [-643, -1432]]
[[1, 0], [641, 716], [-1285, -1432]]
[[1, 0], [643, 1432], [-645, -1432]]
[[1, 0], [643, 716], [-1289, -1432]]
[[1, 0], [645, 716], [-1293, -1432]]
[[1, 0], [647, 1432], [-649, -1432]]
[[1, 0], [647, 716], [-1297, -1432]]
[[1, 0], [649, 1432], [-651, -1432]]
[[1, 0], [649, 716], [-1301, -1432]]
[[1, 0], [65, 1432], [-67, -1432]]
[[1, 0], [65, 179], [-349, -895]]
[[1, 0], [65, 179], [-529, -1432]]
[[1, 0], [65, 179], [-73, -179]]
[[1, 0], [65, 358], [-203, -1074]]
[[1, 0], [65, 358], [-265, -1432]]
[[1, 0], [65, 358], [-69, -358]]
[[1, 0], [65, 716], [-133, -1432]]
[[1, 0], [651, 1432], [-653, -1432]]
[[1, 0], [651, 716], [-1305, -1432]]
[[1, 0], [653, 716], [-1309, -1432]]
[[1, 0], [655, 1432], [-657, -1432]]
[[1, 0], [655, 716], [-1313, -1432]]
[[1, 0], [657, 1432], [-659, -1432]]
[[1, 0], [657, 716], [-1317, -1432]]
[[1, 0], [659, 1432], [-661, -1432]]
[[1, 0], [659, 716], [-1321, -1432]]
[[1, 0], [66, 179], [-354, -895]]
[[1, 0], [66, 179], [-74, -179]]
[[1, 0], [66, 895], [-74, -895]]
[[1, 0], [661, 716], [-1325, -1432]]
[[1, 0], [663, 1432], [-665, -1432]]
[[1, 0], [663, 716], [-1329, -1432]]
[[1, 0], [665, 1432], [-667, -1432]]
[[1, 0], [665, 716], [-1333, -1432]]
[[1, 0], [667, 1432], [-669, -1432]]
[[1, 0], [667, 716], [-1337, -1432]]
[[1, 0], [669, 716], [-1341, -1432]]
[[1, 0], [67, 1074], [-71, -1074]]
[[1, 0], [67, 1432], [-69, -1432]]
[[1, 0], [67, 179], [-359, -895]]
[[1, 0], [67, 179], [-545, -1432]]
[[1, 0], [67, 179], [-75, -179]]
[[1, 0], [67, 358], [-209, -1074]]
[[1, 0], [67, 358], [-273, -1432]]
[[1, 0], [67, 358], [-71, -358]]
[[1, 0], [67, 716], [-137, -1432]]
[[1, 0], [671, 1432], [-673, -1432]]
[[1, 0], [671, 716], [-1345, -1432]]
[[1, 0], [673, 1432], [-675, -1432]]
[[1, 0], [673, 716], [-1349, -1432]]
[[1, 0], [675, 1432], [-677, -1432]]
[[1, 0], [675, 716], [-1353, -1432]]
[[1, 0], [677, 716], [-1357, -1432]]
[[1, 0], [679, 1432], [-681, -1432]]
[[1, 0], [679, 716], [-1361, -1432]]
[[1, 0], [68, 179], [-364, -895]]
[[1, 0], [68, 179], [-553, -1432]]
[[1, 0], [68, 179], [-76, -179]]
[[1, 0], [681, 1432], [-683, -1432]]
[[1, 0], [681, 716], [-1365, -1432]]
[[1, 0], [683, 1432], [-685, -1432]]
[[1, 0], [683, 716], [-1369, -1432]]
[[1, 0], [685, 716], [-1373, -1432]]
[[1, 0], [687, 1432], [-689, -1432]]
[[1, 0], [687, 716], [-1377, -1432]]
[[1, 0], [689, 1432], [-691, -1432]]
[[1, 0], [689, 716], [-1381, -1432]]
[[1, 0], [69, 179], [-369, -895]]
[[1, 0], [69, 179], [-561, -1432]]
[[1, 0], [69, 179], [-77, -179]]
[[1, 0], [69, 358], [-215, -1074]]
[[1, 0], [69, 358], [-281, -1432]]
[[1, 0], [69, 358], [-73, -358]]
[[1, 0], [69, 716], [-141, -1432]]
[[1, 0], [691, 1432], [-693, -1432]]
[[1, 0], [691, 716], [-1385, -1432]]
[[1, 0], [693, 716], [-1389, -1432]]
[[1, 0], [695, 1432], [-697, -1432]]
[[1, 0], [695, 716], [-1393, -1432]]
[[1, 0], [697, 1432], [-699, -1432]]
[[1, 0], [697, 716], [-1397, -1432]]
[[1, 0], [699, 1432], [-701, -1432]]
[[1, 0], [699, 716], [-1401, -1432]]
[[1, 0], [7, 12], [-1097, -244]]
[[1, 0], [7, 12], [-11339, -720]]
[[1, 0], [7, 12], [-1343, -768]]
[[1, 0], [7, 12], [-1419, -80]]
[[1, 0], [7, 12], [-2045, -744]]
[[1, 0], [7, 12], [-2411, -144]]
[[1, 0], [7, 12], [-3899, -240]]
[[1, 0], [7, 12], [-427, -16]]
[[1, 0], [7, 12], [-809, -1080]]
[[1, 0], [7, 12], [-923, -48]]
[[1, 0], [7, 1432], [-9, -1432]]
[[1, 0], [7, 179], [-15, -179]]
[[1, 0], [7, 179], [-59, -895]]
[[1, 0], [7, 179], [-65, -1432]]
[[1, 0], [7, 24], [-1109, -120]]
[[1, 0], [7, 24], [-1295, -144]]
[[1, 0], [7, 24], [-2039, -240]]
[[1, 0], [7, 24], [-2969, -360]]
[[1, 0], [7, 24], [-32, -33]]
[[1, 0], [7, 24], [-365, -24]]
[[1, 0], [7, 24], [-431, -864]]
[[1, 0], [7, 24], [-489, -40]]
[[1, 0], [7, 24], [-551, -48]]
[[1, 0], [7, 24], [-5759, -720]]
[[1, 0], [7, 24], [-73, -148]]
[[1, 0], [7, 24], [-737, -72]]
[[1, 0], [7, 24], [-799, -80]]
[[1, 0], [7, 358], [-29, -1074]]
[[1, 0], [7, 358], [-33, -1432]]
[[1, 0], [7, 716], [-17, -1432]]
[[1, 0], [7, 8], [-1109, -40]]
[[1, 0], [7, 8], [-1295, -48]]
[[1, 0], [7, 8], [-1433, -1432]]
[[1, 0], [7, 8], [-168, -13]]
[[1, 0], [7, 8], [-16919, -720]]
[[1, 0], [7, 8], [-180, -179]]
[[1, 0], [7, 8], [-1853, -72]]
[[1, 0], [7, 8], [-2039, -80]]
[[1, 0], [7, 8], [-207, -32]]
[[1, 0], [7, 8], [-263, -96]]
[[1, 0], [7, 8], [-293, -28]]
[[1, 0], [7, 8], [-2969, -120]]
[[1, 0], [7, 8], [-3093, -364]]
[[1, 0], [7, 8], [-319, -160]]
[[1, 0], [7, 8], [-32, -11]]
[[1, 0], [7, 8], [-3527, -144]]
[[1, 0], [7, 8], [-359, -358]]
[[1, 0], [7, 8], [-431, -288]]
[[1, 0], [7, 8], [-493, -52]]
[[1, 0], [7, 8], [-551, -16]]
[[1, 0], [7, 8], [-569, -190]]
[[1, 0], [7, 8], [-5759, -240]]
[[1, 0], [7, 8], [-599, -480]]
[[1, 0], [7, 8], [-717, -716]]
[[1, 0], [7, 8], [-737, -24]]
[[1, 0], [7, 8], [-818, -91]]
[[1, 0], [7, 8], [-8549, -360]]
[[1, 0], [70, 179], [-374, -895]]
[[1, 0], [70, 179], [-569, -1432]]
[[1, 0], [70, 179], [-78, -179]]
[[1, 0], [701, 716], [-1405, -1432]]
[[1, 0], [703, 1432], [-705, -1432]]
[[1, 0], [703, 716], [-1409, -1432]]
[[1, 0], [705, 1432], [-707, -1432]]
[[1, 0], [705, 716], [-1413, -1432]]
[[1, 0], [707, 1432], [-709, -1432]]
[[1, 0], [707, 716], [-1417, -1432]]
[[1, 0], [709, 716], [-1421, -1432]]
[[1, 0], [71, 1432], [-73, -1432]]
[[1, 0], [71, 179], [-379, -895]]
[[1, 0], [71, 179], [-577, -1432]]
[[1, 0], [71, 179], [-79, -179]]
[[1, 0], [71, 358], [-221, -1074]]
[[1, 0], [71, 358], [-289, -1432]]
[[1, 0], [71, 358], [-75, -358]]
[[1, 0], [71, 716], [-145, -1432]]
[[1, 0], [71, 895], [-79, -895]]
[[1, 0], [711, 1432], [-713, -1432]]
[[1, 0], [711, 716], [-1425, -1432]]
[[1, 0], [713, 1432], [-715, -1432]]
[[1, 0], [713, 716], [-1429, -1432]]
[[1, 0], [715, 1432], [-717, -1432]]
[[1, 0], [715, 716], [-1433, -1432]]
[[1, 0], [72, 179], [-384, -895]]
[[1, 0], [72, 179], [-585, -1432]]
[[1, 0], [72, 179], [-80, -179]]
[[1, 0], [721, 1432], [-723, -1432]]
[[1, 0], [729, 1432], [-731, -1432]]
[[1, 0], [73, 1074], [-77, -1074]]
[[1, 0], [73, 1432], [-75, -1432]]
[[1, 0], [73, 144], [-1439, -720]]
[[1, 0], [73, 144], [-599, -240]]
[[1, 0], [73, 144], [-809, -360]]
[[1, 0], [73, 179], [-389, -895]]
[[1, 0], [73, 179], [-593, -1432]]
[[1, 0], [73, 179], [-81, -179]]
[[1, 0], [73, 358], [-227, -1074]]
[[1, 0], [73, 358], [-297, -1432]]
[[1, 0], [73, 358], [-77, -358]]
[[1, 0], [73, 716], [-149, -1432]]
[[1, 0], [737, 1432], [-739, -1432]]
[[1, 0], [74, 179], [-394, -895]]
[[1, 0], [74, 179], [-601, -1432]]
[[1, 0], [74, 179], [-82, -179]]
[[1, 0], [745, 1432], [-747, -1432]]
[[1, 0], [75, 1432], [-77, -1432]]
[[1, 0], [75, 179], [-399, -895]]
[[1, 0], [75, 179], [-609, -1432]]
[[1, 0], [75, 179], [-83, -179]]
[[1, 0], [75, 358], [-233, -1074]]
[[1, 0], [75, 358], [-305, -1432]]
[[1, 0], [75, 358], [-79, -358]]
[[1, 0], [75, 716], [-153, -1432]]
[[1, 0], [753, 1432], [-755, -1432]]
[[1, 0], [76, 179], [-404, -895]]
[[1, 0], [76, 179], [-617, -1432]]
[[1, 0], [76, 179], [-84, -179]]
[[1, 0], [76, 895], [-84, -895]]
[[1, 0], [761, 1432], [-763, -1432]]
[[1, 0], [769, 1432], [-771, -1432]]
[[1, 0], [77, 179], [-409, -895]]
[[1, 0], [77, 179], [-625, -1432]]
[[1, 0], [77, 179], [-85, -179]]
[[1, 0], [77, 358], [-239, -1074]]
[[1, 0], [77, 358], [-313, -1432]]
[[1, 0], [77, 358], [-81, -358]]
[[1, 0], [77, 716], [-157, -1432]]
[[1, 0], [777, 1432], [-779, -1432]]
[[1, 0], [78, 179], [-414, -895]]
[[1, 0], [78, 179], [-633, -1432]]
[[1, 0], [78, 179], [-86, -179]]
[[1, 0], [785, 1432], [-787, -1432]]
[[1, 0], [79, 104], [-545, -364]]
[[1, 0], [79, 1074], [-83, -1074]]
[[1, 0], [79, 1432], [-81, -1432]]
[[1, 0], [79, 179], [-419, -895]]
[[1, 0], [79, 179], [-641, -1432]]
[[1, 0], [79, 179], [-87, -179]]
[[1, 0], [79, 358], [-245, -1074]]
[[1, 0], [79, 358], [-321, -1432]]
[[1, 0], [79, 358], [-83, -358]]
[[1, 0], [79, 716], [-161, -1432]]
[[1, 0], [793, 1432], [-795, -1432]]
[[1, 0], [8, 179], [-16, -179]]
[[1, 0], [8, 179], [-64, -895]]
[[1, 0], [8, 179], [-73, -1432]]
[[1, 0], [80, 179], [-424, -895]]
[[1, 0], [80, 179], [-649, -1432]]
[[1, 0], [80, 179], [-88, -179]]
[[1, 0], [801, 1432], [-803, -1432]]
[[1, 0], [809, 1432], [-811, -1432]]
[[1, 0], [81, 1432], [-83, -1432]]
[[1, 0], [81, 179], [-429, -895]]
[[1, 0], [81, 179], [-657, -1432]]
[[1, 0], [81, 179], [-89, -179]]
[[1, 0], [81, 358], [-251, -1074]]
[[1, 0], [81, 358], [-329, -1432]]
[[1, 0], [81, 358], [-85, -358]]
[[1, 0], [81, 716], [-165, -1432]]
[[1, 0], [81, 895], [-89, -895]]
[[1, 0], [817, 1432], [-819, -1432]]
[[1, 0], [82, 179], [-434, -895]]
[[1, 0], [82, 179], [-665, -1432]]
[[1, 0], [82, 179], [-90, -179]]
[[1, 0], [825, 1432], [-827, -1432]]
[[1, 0], [83, 1432], [-85, -1432]]
[[1, 0], [83, 179], [-439, -895]]
[[1, 0], [83, 179], [-673, -1432]]
[[1, 0], [83, 179], [-91, -179]]
[[1, 0], [83, 358], [-257, -1074]]
[[1, 0], [83, 358], [-337, -1432]]
[[1, 0], [83, 358], [-87, -358]]
[[1, 0], [83, 716], [-169, -1432]]
[[1, 0], [833, 1432], [-835, -1432]]
[[1, 0], [84, 179], [-444, -895]]
[[1, 0], [84, 179], [-681, -1432]]
[[1, 0], [84, 179], [-92, -179]]
[[1, 0], [841, 1432], [-843, -1432]]
[[1, 0], [849, 1432], [-851, -1432]]
[[1, 0], [85, 1074], [-89, -1074]]
[[1, 0], [85, 179], [-449, -895]]
[[1, 0], [85, 179], [-689, -1432]]
[[1, 0], [85, 179], [-93, -179]]
[[1, 0], [85, 358], [-263, -1074]]
[[1, 0], [85, 358], [-345, -1432]]
[[1, 0], [85, 358], [-89, -358]]
[[1, 0], [85, 716], [-173, -1432]]
[[1, 0], [857, 1432], [-859, -1432]]
[[1, 0], [86, 179], [-454, -895]]
[[1, 0], [86, 179], [-697, -1432]]
[[1, 0], [86, 895], [-94, -895]]
[[1, 0], [865, 1432], [-867, -1432]]
[[1, 0], [87, 1432], [-89, -1432]]
[[1, 0], [87, 179], [-459, -895]]
[[1, 0], [87, 179], [-705, -1432]]
[[1, 0], [87, 358], [-269, -1074]]
[[1, 0], [87, 358], [-353, -1432]]
[[1, 0], [87, 358], [-91, -358]]
[[1, 0], [87, 716], [-177, -1432]]
[[1, 0], [873, 1432], [-875, -1432]]
[[1, 0], [876, 895], [-884, -895]]
[[1, 0], [88, 179], [-464, -895]]
[[1, 0], [88, 179], [-713, -1432]]
[[1, 0], [881, 1432], [-883, -1432]]
[[1, 0], [889, 1432], [-891, -1432]]
[[1, 0], [89, 1432], [-91, -1432]]
[[1, 0], [89, 179], [-469, -895]]
[[1, 0], [89, 179], [-721, -1432]]
[[1, 0], [89, 358], [-275, -1074]]
[[1, 0], [89, 358], [-361, -1432]]
[[1, 0], [89, 358], [-93, -358]]
[[1, 0], [89, 716], [-181, -1432]]
[[1, 0], [891, 895], [-899, -895]]
[[1, 0], [897, 1432], [-899, -1432]]
[[1, 0], [9, 1432], [-11, -1432]]
[[1, 0], [9, 16], [-1025, -72]]
[[1, 0], [9, 16], [-1119, -80]]
[[1, 0], [9, 16], [-1589, -120]]
[[1, 0], [9, 16], [-1871, -144]]
[[1, 0], [9, 16], [-2999, -240]]
[[1, 0], [9, 16], [-4409, -360]]
[[1, 0], [9, 16], [-461, -24]]
[[1, 0], [9, 16], [-489, -392]]
[[1, 0], [9, 16], [-649, -40]]
[[1, 0], [9, 16], [-719, -960]]
[[1, 0], [9, 16], [-743, -48]]
[[1, 0], [9, 16], [-8639, -720]]
[[1, 0], [9, 179], [-17, -179]]
[[1, 0], [9, 179], [-69, -895]]
[[1, 0], [9, 179], [-81, -1432]]
[[1, 0], [9, 32], [-287, -384]]
[[1, 0], [9, 32], [-551, -368]]
[[1, 0], [9, 358], [-13, -358]]
[[1, 0], [9, 358], [-35, -1074]]
[[1, 0], [9, 358], [-41, -1432]]
[[1, 0], [9, 716], [-21, -1432]]
[[1, 0], [90, 179], [-474, -895]]
[[1, 0], [90, 179], [-729, -1432]]
[[1, 0], [905, 1432], [-907, -1432]]
[[1, 0], [91, 1074], [-95, -1074]]
[[1, 0], [91, 120], [-1799, -720]]
[[1, 0], [91, 120], [-503, -144]]
[[1, 0], [91, 120], [-719, -240]]
[[1, 0], [91, 120], [-989, -360]]
[[1, 0], [91, 1432], [-93, -1432]]
[[1, 0], [91, 179], [-479, -895]]
[[1, 0], [91, 179], [-737, -1432]]
[[1, 0], [91, 180], [-1259, -720]]
[[1, 0], [91, 180], [-539, -240]]
[[1, 0], [91, 358], [-281, -1074]]
[[1, 0], [91, 358], [-369, -1432]]
[[1, 0], [91, 358], [-95, -358]]
[[1, 0], [91, 360], [-449, -360]]
[[1, 0], [91, 360], [-719, -720]]
[[1, 0], [91, 716], [-185, -1432]]
[[1, 0], [91, 895], [-99, -895]]
[[1, 0], [913, 1432], [-915, -1432]]
[[1, 0], [92, 179], [-484, -895]]
[[1, 0], [92, 179], [-745, -1432]]
[[1, 0], [921, 1432], [-923, -1432]]
[[1, 0], [929, 1432], [-931, -1432]]
[[1, 0], [93, 179], [-489, -895]]
[[1, 0], [93, 179], [-753, -1432]]
[[1, 0], [93, 184], [-551, -736]]
[[1, 0], [93, 358], [-287, -1074]]
[[1, 0], [93, 358], [-377, -1432]]
[[1, 0], [93, 358], [-97, -358]]
[[1, 0], [93, 716], [-189, -1432]]
[[1, 0], [937, 1432], [-939, -1432]]
[[1, 0], [94, 179], [-494, -895]]
[[1, 0], [94, 179], [-761, -1432]]
[[1, 0], [945, 1432], [-947, -1432]]
[[1, 0], [95, 1432], [-97, -1432]]
[[1, 0], [95, 179], [-499, -895]]
[[1, 0], [95, 179], [-769, -1432]]
[[1, 0], [95, 358], [-293, -1074]]
[[1, 0], [95, 358], [-385, -1432]]
[[1, 0], [95, 358], [-99, -358]]
[[1, 0], [95, 716], [-193, -1432]]
[[1, 0], [953, 1432], [-955, -1432]]
[[1, 0], [96, 179], [-504, -895]]
[[1, 0], [96, 179], [-777, -1432]]
[[1, 0], [96, 895], [-104, -895]]
[[1, 0], [961, 1432], [-963, -1432]]
[[1, 0], [969, 1432], [-971, -1432]]
[[1, 0], [97, 1074], [-101, -1074]]
[[1, 0], [97, 1432], [-99, -1432]]
[[1, 0], [97, 179], [-509, -895]]
[[1, 0], [97, 179], [-785, -1432]]
[[1, 0], [97, 358], [-101, -358]]
[[1, 0], [97, 358], [-299, -1074]]
[[1, 0], [97, 358], [-393, -1432]]
[[1, 0], [97, 716], [-197, -1432]]
[[1, 0], [977, 1432], [-979, -1432]]
[[1, 0], [98, 179], [-514, -895]]
[[1, 0], [98, 179], [-793, -1432]]
[[1, 0], [985, 1432], [-987, -1432]]
[[1, 0], [99, 1432], [-101, -1432]]
[[1, 0], [99, 179], [-519, -895]]
[[1, 0], [99, 179], [-801, -1432]]
[[1, 0], [99, 358], [-103, -358]]
[[1, 0], [99, 358], [-305, -1074]]
[[1, 0], [99, 358], [-401, -1432]]
[[1, 0], [99, 716], [-201, -1432]]
[[1, 0], [993, 1432], [-995, -1432]]
