[[1, 0], [0, 1], [-119315, -244]]
[[1, 0], [0, 1], [-119315, -489]]
[[1, 0], [0, 1], [-1461, -17]]
[[1, 0], [0, 1], [-1461, -2]]
[[1, 0], [0, 1], [-1461, -731]]
[[1, 0], [0, 1], [-1461, -86]]
[[1, 0], [0, 1], [-16071, -164]]
[[1, 0], [0, 1], [-16071, -98]]
[[1, 0], [0, 1], [-238143, -488]]
[[1, 0], [0, 1], [-2435, -14]]
[[1, 0], [0, 1], [-2435, -174]]
[[1, 0], [0, 1], [-2435, -29]]
[[1, 0], [0, 1], [-2435, -4]]
[[1, 0], [0, 1], [-2435, -609]]
[[1, 0], [0, 1], [-2435, -84]]
[[1, 0], [0, 1], [-30194, -495]]
[[1, 0], [0, 1], [-30194, -61]]
[[1, 0], [0, 1], [-3409, -55]]
[[1, 0], [0, 1], [-3409, -62]]
[[1, 0], [0, 1], [-39934, -163]]
[[1, 0], [0, 1], [-39934, -245]]
[[1, 0], [0, 1], [-4383, -548]]
[[1, 0], [0, 1], [-4383, -8]]
[[1, 0], [0, 1], [-487, -122]]
[[1, 0], [0, 1], [-487, -1]]
[[1, 0], [0, 1], [-487, -244]]
[[1, 0], [0, 1], [-487, -2]]
[[1, 0], [0, 1], [-487, -4]]
[[1, 0], [0, 1], [-487, -61]]
[[1, 0], [0, 1], [-487, -8]]
[[1, 0], [0, 1], [-488, -487]]
[[1, 0], [0, 1], [-5844, -167]]
[[1, 0], [0, 1], [-5844, -35]]
[[1, 0], [0, 1], [-59901, -122]]
[[1, 0], [0, 1], [-59901, -491]]
[[1, 0], [0, 1], [-974, -13]]
[[1, 0], [0, 1], [-974, -15]]
[[1, 0], [0, 1], [-974, -195]]
[[1, 0], [0, 1], [-974, -1]]
[[1, 0], [0, 1], [-974, -25]]
[[1, 0], [0, 1], [-974, -325]]
[[1, 0], [0, 1], [-974, -39]]
[[1, 0], [0, 1], [-974, -3]]
[[1, 0], [0, 1], [-974, -5]]
[[1, 0], [0, 1], [-974, -65]]
[[1, 0], [0, 1], [-974, -75]]
[[1, 0], [0, 1], [-975, -974]]
[[1, 0], [1, 10], [-1763, -98]]
[[1, 0], [1, 10], [-391, -14]]
[[1, 0], [1, 10], [-4164, -245]]
[[1, 0], [1, 10], [-734, -35]]
[[1, 0], [1, 10], [-999, -250]]
[[1, 0], [1, 11], [-137, -46]]
[[1, 0], [1, 11], [-314, -45]]
[[1, 0], [1, 11], [-989, -165]]
[[1, 0], [1, 122], [-1463, -244]]
[[1, 0], [1, 122], [-2439, -488]]
[[1, 0], [1, 122], [-975, -122]]
[[1, 0], [1, 123], [-491, -492]]
[[1, 0], [1, 12], [-1106, -123]]
[[1, 0], [1, 12], [-167, -56]]
[[1, 0], [1, 13], [-1013, -507]]
[[1, 0], [1, 13], [-39, -20]]
[[1, 0], [1, 1461], [-2, -1461]]
[[1, 0], [1, 14], [-5879, -490]]
[[1, 0], [1, 14], [-734, -49]]
[[1, 0], [1, 14], [-75, -76]]
[[1, 0], [1, 14], [-979, -70]]
[[1, 0], [1, 15], [-174, -175]]
[[1, 0], [1, 15], [-197, -33]]
[[1, 0], [1, 163], [-488, -163]]
[[1, 0], [1, 163], [-977, -489]]
[[1, 0], [1, 164], [-245, -246]]
[[1, 0], [1, 16], [-65, -66]]
[[1, 0], [1, 17], [-2464, -493]]
[[1, 0], [1, 18], [-167, -84]]
[[1, 0], [1, 18], [-86, -87]]
[[1, 0], [1, 19], [-987, -247]]
[[1, 0], [1, 20], [-999, -500]]
[[1, 0], [1, 244], [-1463, -488]]
[[1, 0], [1, 244], [-975, -244]]
[[1, 0], [1, 245], [-489, -490]]
[[1, 0], [1, 26], [-39, -40]]
[[1, 0], [1, 26], [-740, -247]]
[[1, 0], [1, 29], [-1478, -493]]
[[1, 0], [1, 2], [-1039, -130]]
[[1, 0], [1, 2], [-119559, -488]]
[[1, 0], [1, 2], [-1299, -650]]
[[1, 0], [1, 2], [-1463, -4]]
[[1, 0], [1, 2], [-15371, -61]]
[[1, 0], [1, 2], [-1547, -172]]
[[1, 0], [1, 2], [-2439, -8]]
[[1, 0], [1, 2], [-245, -3]]
[[1, 0], [1, 2], [-2519, -168]]
[[1, 0], [1, 2], [-30255, -122]]
[[1, 0], [1, 2], [-325, -163]]
[[1, 0], [1, 2], [-3471, -124]]
[[1, 0], [1, 2], [-40179, -490]]
[[1, 0], [1, 2], [-4164, -49]]
[[1, 0], [1, 2], [-488, -487]]
[[1, 0], [1, 2], [-495, -16]]
[[1, 0], [1, 2], [-5879, -70]]
[[1, 0], [1, 2], [-60023, -244]]
[[1, 0], [1, 2], [-6149, -123]]
[[1, 0], [1, 2], [-734, -7]]
[[1, 0], [1, 2], [-740, -19]]
[[1, 0], [1, 2], [-797, -133]]
[[1, 0], [1, 2], [-975, -2]]
[[1, 0], [1, 2], [-975, -974]]
[[1, 0], [1, 2], [-979, -10]]
[[1, 0], [1, 2], [-987, -26]]
[[1, 0], [1, 2], [-999, -50]]
[[1, 0], [1, 30], [-84, -85]]
[[1, 0], [1, 31], [-495, -248]]
[[1, 0], [1, 33], [-164, -55]]
[[1, 0], [1, 33], [-989, -495]]
[[1, 0], [1, 35], [-2449, -490]]
[[1, 0], [1, 35], [-391, -49]]
[[1, 0], [1, 35], [-489, -70]]
[[1, 0], [1, 36], [-167, -168]]
[[1, 0], [1, 38], [-987, -494]]
[[1, 0], [1, 3], [-1169, -585]]
[[1, 0], [1, 3], [-13528, -163]]
[[1, 0], [1, 3], [-1547, -258]]
[[1, 0], [1, 3], [-16235, -492]]
[[1, 0], [1, 3], [-164, -5]]
[[1, 0], [1, 3], [-167, -14]]
[[1, 0], [1, 3], [-174, -35]]
[[1, 0], [1, 3], [-195, -98]]
[[1, 0], [1, 3], [-244, -245]]
[[1, 0], [1, 3], [-2519, -252]]
[[1, 0], [1, 3], [-2609, -522]]
[[1, 0], [1, 3], [-2787, -82]]
[[1, 0], [1, 3], [-3464, -165]]
[[1, 0], [1, 3], [-40097, -489]]
[[1, 0], [1, 3], [-488, -3]]
[[1, 0], [1, 3], [-491, -12]]
[[1, 0], [1, 3], [-548, -183]]
[[1, 0], [1, 3], [-6011, -501]]
[[1, 0], [1, 3], [-731, -732]]
[[1, 0], [1, 3], [-989, -45]]
[[1, 0], [1, 41], [-491, -164]]
[[1, 0], [1, 45], [-197, -99]]
[[1, 0], [1, 487], [-2, -487]]
[[1, 0], [1, 487], [-3, -487]]
[[1, 0], [1, 487], [-5, -974]]
[[1, 0], [1, 488], [-975, -488]]
[[1, 0], [1, 489], [-488, -489]]
[[1, 0], [1, 49], [-489, -98]]
[[1, 0], [1, 49], [-979, -245]]
[[1, 0], [1, 4], [-1039, -260]]
[[1, 0], [1, 4], [-1106, -41]]
[[1, 0], [1, 4], [-1463, -8]]
[[1, 0], [1, 4], [-15371, -122]]
[[1, 0], [1, 4], [-245, -6]]
[[1, 0], [1, 4], [-30255, -244]]
[[1, 0], [1, 4], [-325, -326]]
[[1, 0], [1, 4], [-3471, -248]]
[[1, 0], [1, 4], [-60023, -488]]
[[1, 0], [1, 4], [-6149, -246]]
[[1, 0], [1, 4], [-7929, -61]]
[[1, 0], [1, 4], [-797, -266]]
[[1, 0], [1, 4], [-975, -4]]
[[1, 0], [1, 4], [-999, -100]]
[[1, 0], [1, 56], [-62, -63]]
[[1, 0], [1, 5], [-122, -123]]
[[1, 0], [1, 5], [-1286, -99]]
[[1, 0], [1, 5], [-16169, -490]]
[[1, 0], [1, 5], [-1763, -49]]
[[1, 0], [1, 5], [-197, -11]]
[[1, 0], [1, 5], [-2449, -70]]
[[1, 0], [1, 5], [-391, -7]]
[[1, 0], [1, 5], [-489, -10]]
[[1, 0], [1, 5], [-609, -610]]
[[1, 0], [1, 5], [-999, -125]]
[[1, 0], [1, 61], [-1463, -122]]
[[1, 0], [1, 61], [-2439, -244]]
[[1, 0], [1, 61], [-4391, -488]]
[[1, 0], [1, 61], [-975, -61]]
[[1, 0], [1, 62], [-495, -496]]
[[1, 0], [1, 6], [-1547, -516]]
[[1, 0], [1, 6], [-167, -28]]
[[1, 0], [1, 6], [-195, -196]]
[[1, 0], [1, 6], [-2519, -504]]
[[1, 0], [1, 6], [-2787, -164]]
[[1, 0], [1, 6], [-84, -17]]
[[1, 0], [1, 6], [-86, -29]]
[[1, 0], [1, 70], [-391, -98]]
[[1, 0], [1, 70], [-734, -245]]
[[1, 0], [1, 7], [-1049, -525]]
[[1, 0], [1, 7], [-2449, -98]]
[[1, 0], [1, 7], [-489, -14]]
[[1, 0], [1, 7], [-5879, -245]]
[[1, 0], [1, 7], [-75, -38]]
[[1, 0], [1, 7], [-979, -35]]
[[1, 0], [1, 82], [-245, -123]]
[[1, 0], [1, 8], [-1039, -520]]
[[1, 0], [1, 8], [-15371, -244]]
[[1, 0], [1, 8], [-30255, -488]]
[[1, 0], [1, 8], [-3471, -496]]
[[1, 0], [1, 8], [-4208, -61]]
[[1, 0], [1, 8], [-62, -9]]
[[1, 0], [1, 8], [-65, -33]]
[[1, 0], [1, 8], [-7929, -122]]
[[1, 0], [1, 8], [-975, -8]]
[[1, 0], [1, 974], [-3, -974]]
[[1, 0], [1, 98], [-979, -490]]
[[1, 0], [1, 99], [-164, -165]]
[[1, 0], [1, 9], [-164, -15]]
[[1, 0], [1, 9], [-167, -42]]
[[1, 0], [1, 9], [-3464, -495]]
[[1, 0], [1, 9], [-439, -55]]
[[1, 0], [1, 9], [-548, -549]]
[[1, 0], [1, 9], [-61, -62]]
[[1, 0], [10, 1461], [-11, -1461]]
[[1, 0], [10, 487], [-11, -487]]
[[1, 0], [10, 487], [-12, -487]]
[[1, 0], [10, 487], [-23, -974]]
[[1, 0], [100, 1461], [-101, -1461]]
[[1, 0], [100, 487], [-101, -487]]
[[1, 0], [100, 487], [-102, -487]]
[[1, 0], [100, 487], [-203, -974]]
[[1, 0], [101, 487], [-102, -487]]
[[1, 0], [101, 487], [-103, -487]]
[[1, 0], [101, 487], [-205, -974]]
[[1, 0], [101, 974], [-103, -974]]
[[1, 0], [102, 487], [-104, -487]]
[[1, 0], [102, 487], [-207, -974]]
[[1, 0], [103, 1461], [-104, -1461]]
[[1, 0], [103, 487], [-105, -487]]
[[1, 0], [103, 487], [-209, -974]]
[[1, 0], [103, 974], [-105, -974]]
[[1, 0], [104, 487], [-105, -487]]
[[1, 0], [104, 487], [-106, -487]]
[[1, 0], [104, 487], [-211, -974]]
[[1, 0], [105, 487], [-106, -487]]
[[1, 0], [105, 487], [-107, -487]]
[[1, 0], [105, 487], [-213, -974]]
[[1, 0], [105, 974], [-107, -974]]
[[1, 0], [106, 1461], [-107, -1461]]
[[1, 0], [106, 487], [-107, -487]]
[[1, 0], [106, 487], [-108, -487]]
[[1, 0], [106, 487], [-215, -974]]
[[1, 0], [107, 487], [-108, -487]]
[[1, 0], [107, 487], [-109, -487]]
[[1, 0], [107, 487], [-217, -974]]
[[1, 0], [107, 974], [-109, -974]]
[[1, 0], [108, 487], [-109, -487]]
[[1, 0], [108, 487], [-110, -487]]
[[1, 0], [108, 487], [-219, -974]]
[[1, 0], [109, 1461], [-110, -1461]]
[[1, 0], [109, 487], [-111, -487]]
[[1, 0], [109, 487], [-221, -974]]
[[1, 0], [109, 974], [-111, -974]]
[[1, 0], [11, 487], [-12, -487]]
[[1, 0], [11, 487], [-13, -487]]
[[1, 0], [11, 487], [-25, -974]]
[[1, 0], [11, 974], [-13, -974]]
[[1, 0], [110, 487], [-112, -487]]
[[1, 0], [110, 487], [-223, -974]]
[[1, 0], [111, 487], [-113, -487]]
[[1, 0], [111, 487], [-225, -974]]
[[1, 0], [111, 974], [-113, -974]]
[[1, 0], [112, 1461], [-113, -1461]]
[[1, 0], [112, 487], [-114, -487]]
[[1, 0], [112, 487], [-227, -974]]
[[1, 0], [113, 487], [-115, -487]]
[[1, 0], [113, 487], [-229, -974]]
[[1, 0], [113, 974], [-115, -974]]
[[1, 0], [114, 487], [-116, -487]]
[[1, 0], [114, 487], [-231, -974]]
[[1, 0], [115, 1461], [-116, -1461]]
[[1, 0], [115, 487], [-117, -487]]
[[1, 0], [115, 487], [-233, -974]]
[[1, 0], [115, 974], [-117, -974]]
[[1, 0], [116, 487], [-118, -487]]
[[1, 0], [116, 487], [-235, -974]]
[[1, 0], [117, 487], [-118, -487]]
[[1, 0], [117, 487], [-119, -487]]
[[1, 0], [117, 487], [-237, -974]]
[[1, 0], [117, 974], [-119, -974]]
[[1, 0], [118, 1461], [-119, -1461]]
[[1, 0], [118, 487], [-119, -487]]
[[1, 0], [118, 487], [-120, -487]]
[[1, 0], [118, 487], [-239, -974]]
[[1, 0], [119, 487], [-121, -487]]
[[1, 0], [119, 487], [-241, -974]]
[[1, 0], [119, 974], [-121, -974]]
[[1, 0], [12, 487], [-13, -487]]
[[1, 0], [12, 487], [-14, -487]]
[[1, 0], [12, 487], [-27, -974]]
[[1, 0], [120, 487], [-122, -487]]
[[1, 0], [120, 487], [-243, -974]]
[[1, 0], [121, 1461], [-122, -1461]]
[[1, 0], [121, 487], [-123, -487]]
[[1, 0], [121, 487], [-245, -974]]
[[1, 0], [121, 974], [-123, -974]]
[[1, 0], [122, 487], [-124, -487]]
[[1, 0], [122, 487], [-247, -974]]
[[1, 0], [123, 487], [-124, -487]]
[[1, 0], [123, 487], [-125, -487]]
[[1, 0], [123, 487], [-249, -974]]
[[1, 0], [123, 974], [-125, -974]]
[[1, 0], [124, 1461], [-125, -1461]]
[[1, 0], [124, 487], [-125, -487]]
[[1, 0], [124, 487], [-126, -487]]
[[1, 0], [124, 487], [-251, -974]]
[[1, 0], [125, 487], [-126, -487]]
[[1, 0], [125, 487], [-127, -487]]
[[1, 0], [125, 487], [-253, -974]]
[[1, 0], [125, 974], [-127, -974]]
[[1, 0], [126, 487], [-128, -487]]
[[1, 0], [126, 487], [-255, -974]]
[[1, 0], [127, 487], [-129, -487]]
[[1, 0], [127, 487], [-257, -974]]
[[1, 0], [127, 974], [-129, -974]]
[[1, 0], [128, 487], [-129, -487]]
[[1, 0], [128, 487], [-130, -487]]
[[1, 0], [128, 487], [-259, -974]]
[[1, 0], [129, 487], [-130, -487]]
[[1, 0], [129, 487], [-131, -487]]
[[1, 0], [129, 487], [-261, -974]]
[[1, 0], [129, 974], [-131, -974]]
[[1, 0], [13, 1461], [-14, -1461]]
[[1, 0], [13, 487], [-14, -487]]
[[1, 0], [13, 487], [-15, -487]]
[[1, 0], [13, 487], [-29, -974]]
[[1, 0], [13, 974], [-15, -974]]
[[1, 0], [130, 1461], [-131, -1461]]
[[1, 0], [130, 487], [-131, -487]]
[[1, 0], [130, 487], [-132, -487]]
[[1, 0], [130, 487], [-263, -974]]
[[1, 0], [131, 487], [-133, -487]]
[[1, 0], [131, 487], [-265, -974]]
[[1, 0], [131, 974], [-133, -974]]
[[1, 0], [132, 487], [-134, -487]]
[[1, 0], [132, 487], [-267, -974]]
[[1, 0], [133, 1461], [-134, -1461]]
[[1, 0], [133, 487], [-134, -487]]
[[1, 0], [133, 487], [-135, -487]]
[[1, 0], [133, 487], [-269, -974]]
[[1, 0], [133, 974], [-135, -974]]
[[1, 0], [134, 487], [-136, -487]]
[[1, 0], [134, 487], [-271, -974]]
[[1, 0], [135, 487], [-137, -487]]
[[1, 0], [135, 487], [-273, -974]]
[[1, 0], [135, 974], [-137, -974]]
[[1, 0], [136, 487], [-138, -487]]
[[1, 0], [136, 487], [-275, -974]]
[[1, 0], [137, 487], [-139, -487]]
[[1, 0], [137, 487], [-277, -974]]
[[1, 0], [137, 974], [-139, -974]]
[[1, 0], [138, 487], [-140, -487]]
[[1, 0], [138, 487], [-279, -974]]
[[1, 0], [139, 1461], [-140, -1461]]
[[1, 0], [139, 487], [-141, -487]]
[[1, 0], [139, 487], [-281, -974]]
[[1, 0], [139, 974], [-141, -974]]
[[1, 0], [14, 487], [-15, -487]]
[[1, 0], [14, 487], [-16, -487]]
[[1, 0], [14, 487], [-31, -974]]
[[1, 0], [140, 487], [-142, -487]]
[[1, 0], [140, 487], [-283, -974]]
[[1, 0], [141, 487], [-143, -487]]
[[1, 0], [141, 487], [-285, -974]]
[[1, 0], [141, 974], [-143, -974]]
[[1, 0], [142, 1461], [-143, -1461]]
[[1, 0], [142, 487], [-144, -487]]
[[1, 0], [142, 487], [-287, -974]]
[[1, 0], [143, 487], [-145, -487]]
[[1, 0], [143, 487], [-289, -974]]
[[1, 0], [143, 974], [-145, -974]]
[[1, 0], [144, 487], [-145, -487]]
[[1, 0], [144, 487], [-146, -487]]
[[1, 0], [144, 487], [-291, -974]]
[[1, 0], [145, 487], [-147, -487]]
[[1, 0], [145, 487], [-293, -974]]
[[1, 0], [145, 974], [-147, -974]]
[[1, 0], [146, 487], [-148, -487]]
[[1, 0], [146, 487], [-295, -974]]
[[1, 0], [147, 487], [-149, -487]]
[[1, 0], [147, 487], [-297, -974]]
[[1, 0], [147, 974], [-149, -974]]
[[1, 0], [148, 1461], [-149, -1461]]
[[1, 0], [148, 487], [-150, -487]]
[[1, 0], [148, 487], [-299, -974]]
[[1, 0], [149, 487], [-151, -487]]
[[1, 0], [149, 487], [-301, -974]]
[[1, 0], [149, 974], [-151, -974]]
[[1, 0], [15, 487], [-16, -487]]
[[1, 0], [15, 487], [-17, -487]]
[[1, 0], [15, 487], [-33, -974]]
[[1, 0], [15, 974], [-17, -974]]
[[1, 0], [150, 487], [-152, -487]]
[[1, 0], [150, 487], [-303, -974]]
[[1, 0], [151, 1461], [-152, -1461]]
[[1, 0], [151, 487], [-153, -487]]
[[1, 0], [151, 487], [-305, -974]]
[[1, 0], [151, 974], [-153, -974]]
[[1, 0], [152, 487], [-153, -487]]
[[1, 0], [152, 487], [-154, -487]]
[[1, 0], [152, 487], [-307, -974]]
[[1, 0], [153, 487], [-155, -487]]
[[1, 0], [153, 487], [-309, -974]]
[[1, 0], [153, 974], [-155, -974]]
[[1, 0], [154, 1461], [-155, -1461]]
[[1, 0], [154, 487], [-156, -487]]
[[1, 0], [154, 487], [-311, -974]]
[[1, 0], [155, 487], [-157, -487]]
[[1, 0], [155, 487], [-313, -974]]
[[1, 0], [155, 974], [-157, -974]]
[[1, 0], [156, 487], [-158, -487]]
[[1, 0], [156, 487], [-315, -974]]
[[1, 0], [157, 1461], [-158, -1461]]
[[1, 0], [157, 487], [-159, -487]]
[[1, 0], [157, 487], [-317, -974]]
[[1, 0], [157, 974], [-159, -974]]
[[1, 0], [158, 487], [-160, -487]]
[[1, 0], [158, 487], [-319, -974]]
[[1, 0], [159, 487], [-161, -487]]
[[1, 0], [159, 487], [-321, -974]]
[[1, 0], [159, 974], [-161, -974]]
[[1, 0], [16, 1461], [-17, -1461]]
[[1, 0], [16, 487], [-17, -487]]
[[1, 0], [16, 487], [-18, -487]]
[[1, 0], [16, 487], [-35, -974]]
[[1, 0], [160, 1461], [-161, -1461]]
[[1, 0], [160, 487], [-162, -487]]
[[1, 0], [160, 487], [-323, -974]]
[[1, 0], [161, 487], [-163, -487]]
[[1, 0], [161, 487], [-325, -974]]
[[1, 0], [161, 974], [-163, -974]]
[[1, 0], [162, 487], [-164, -487]]
[[1, 0], [162, 487], [-327, -974]]
[[1, 0], [163, 487], [-165, -487]]
[[1, 0], [163, 487], [-329, -974]]
[[1, 0], [163, 974], [-165, -974]]
[[1, 0], [164, 487], [-166, -487]]
[[1, 0], [164, 487], [-331, -974]]
[[1, 0], [165, 487], [-167, -487]]
[[1, 0], [165, 487], [-333, -974]]
[[1, 0], [165, 974], [-167, -974]]
[[1, 0], [166, 487], [-168, -487]]
[[1, 0], [166, 487], [-335, -974]]
[[1, 0], [167, 487], [-169, -487]]
[[1, 0], [167, 487], [-337, -974]]
[[1, 0], [167, 974], [-169, -974]]
[[1, 0], [168, 487], [-169, -487]]
[[1, 0], [168, 487], [-170, -487]]
[[1, 0], [168, 487], [-339, -974]]
[[1, 0], [169, 1461], [-170, -1461]]
[[1, 0], [169, 487], [-171, -487]]
[[1, 0], [169, 487], [-341, -974]]
[[1, 0], [169, 974], [-171, -974]]
[[1, 0], [17, 487], [-18, -487]]
[[1, 0], [17, 487], [-19, -487]]
[[1, 0], [17, 487], [-37, -974]]
[[1, 0], [17, 974], [-19, -974]]
[[1, 0], [170, 487], [-172, -487]]
[[1, 0], [170, 487], [-343, -974]]
[[1, 0], [171, 487], [-173, -487]]
[[1, 0], [171, 487], [-345, -974]]
[[1, 0], [171, 974], [-173, -974]]
[[1, 0], [172, 487], [-174, -487]]
[[1, 0], [172, 487], [-347, -974]]
[[1, 0], [173, 487], [-175, -487]]
[[1, 0], [173, 487], [-349, -974]]
[[1, 0], [173, 974], [-175, -974]]
[[1, 0], [174, 487], [-176, -487]]
[[1, 0], [174, 487], [-351, -974]]
[[1, 0], [175, 1461], [-176, -1461]]
[[1, 0], [175, 487], [-177, -487]]
[[1, 0], [175, 487], [-353, -974]]
[[1, 0], [175, 974], [-177, -974]]
[[1, 0], [176, 487], [-178, -487]]
[[1, 0], [176, 487], [-355, -974]]
[[1, 0], [177, 487], [-179, -487]]
[[1, 0], [177, 487], [-357, -974]]
[[1, 0], [177, 974], [-179, -974]]
[[1, 0], [178, 1461], [-179, -1461]]
[[1, 0], [178, 487], [-180, -487]]
[[1, 0], [178, 487], [-359, -974]]
[[1, 0], [179, 487], [-181, -487]]
[[1, 0], [179, 487], [-361, -974]]
[[1, 0], [179, 974], [-181, -974]]
[[1, 0], [18, 487], [-19, -487]]
[[1, 0], [18, 487], [-20, -487]]
[[1, 0], [18, 487], [-39, -974]]
[[1, 0], [180, 487], [-182, -487]]
[[1, 0], [180, 487], [-363, -974]]
[[1, 0], [181, 487], [-183, -487]]
[[1, 0], [181, 487], [-365, -974]]
[[1, 0], [181, 974], [-183, -974]]
[[1, 0], [182, 487], [-184, -487]]
[[1, 0], [182, 487], [-367, -974]]
[[1, 0], [183, 487], [-185, -487]]
[[1, 0], [183, 487], [-369, -974]]
[[1, 0], [183, 974], [-185, -974]]
[[1, 0], [184, 1461], [-185, -1461]]
[[1, 0], [184, 487], [-186, -487]]
[[1, 0], [184, 487], [-371, -974]]
[[1, 0], [185, 487], [-187, -487]]
[[1, 0], [185, 487], [-373, -974]]
[[1, 0], [185, 974], [-187, -974]]
[[1, 0], [186, 487], [-188, -487]]
[[1, 0], [186, 487], [-375, -974]]
[[1, 0], [187, 487], [-189, -487]]
[[1, 0], [187, 487], [-377, -974]]
[[1, 0], [187, 974], [-189, -974]]
[[1, 0], [188, 487], [-190, -487]]
[[1, 0], [188, 487], [-379, -974]]
[[1, 0], [189, 487], [-191, -487]]
[[1, 0], [189, 487], [-381, -974]]
[[1, 0], [189, 974], [-191, -974]]
[[1, 0], [19, 1461], [-20, -1461]]
[[1, 0], [19, 487], [-20, -487]]
[[1, 0], [19, 487], [-21, -487]]
[[1, 0], [19, 487], [-41, -974]]
[[1, 0], [19, 974], [-21, -974]]
[[1, 0], [190, 1461], [-191, -1461]]
[[1, 0], [190, 487], [-192, -487]]
[[1, 0], [190, 487], [-383, -974]]
[[1, 0], [191, 487], [-193, -487]]
[[1, 0], [191, 487], [-385, -974]]
[[1, 0], [191, 974], [-193, -974]]
[[1, 0], [192, 487], [-194, -487]]
[[1, 0], [192, 487], [-387, -974]]
[[1, 0], [193, 1461], [-194, -1461]]
[[1, 0], [193, 487], [-195, -487]]
[[1, 0], [193, 487], [-389, -974]]
[[1, 0], [193, 974], [-195, -974]]
[[1, 0], [194, 487], [-196, -487]]
[[1, 0], [194, 487], [-391, -974]]
[[1, 0], [195, 487], [-197, -487]]
[[1, 0], [195, 487], [-393, -974]]
[[1, 0], [195, 974], [-197, -974]]
[[1, 0], [196, 487], [-198, -487]]
[[1, 0], [196, 487], [-395, -974]]
[[1, 0], [197, 487], [-199, -487]]
[[1, 0], [197, 487], [-397, -974]]
[[1, 0], [197, 974], [-199, -974]]
[[1, 0], [198, 487], [-200, -487]]
[[1, 0], [198, 487], [-399, -974]]
[[1, 0], [199, 1461], [-200, -1461]]
[[1, 0], [199, 487], [-201, -487]]
[[1, 0], [199, 487], [-401, -974]]
[[1, 0], [199, 974], [-201, -974]]
[[1, 0], [2, 487], [-3, -487]]
[[1, 0], [2, 487], [-4, -487]]
[[1, 0], [2, 487], [-7, -974]]
[[1, 0], [20, 487], [-21, -487]]
[[1, 0], [20, 487], [-22, -487]]
[[1, 0], [20, 487], [-43, -974]]
[[1, 0], [200, 487], [-202, -487]]
[[1, 0], [200, 487], [-403, -974]]
[[1, 0], [201, 487], [-203, -487]]
[[1, 0], [201, 487], [-405, -974]]
[[1, 0], [201, 974], [-203, -974]]
[[1, 0], [202, 1461], [-203, -1461]]
[[1, 0], [202, 487], [-204, -487]]
[[1, 0], [202, 487], [-407, -974]]
[[1, 0], [203, 487], [-205, -487]]
[[1, 0], [203, 487], [-409, -974]]
[[1, 0], [203, 974], [-205, -974]]
[[1, 0], [204, 487], [-206, -487]]
[[1, 0], [204, 487], [-411, -974]]
[[1, 0], [205, 1461], [-206, -1461]]
[[1, 0], [205, 487], [-207, -487]]
[[1, 0], [205, 487], [-413, -974]]
[[1, 0], [205, 974], [-207, -974]]
[[1, 0], [206, 487], [-208, -487]]
[[1, 0], [206, 487], [-415, -974]]
[[1, 0], [207, 487], [-209, -487]]
[[1, 0], [207, 487], [-417, -974]]
[[1, 0], [207, 974], [-209, -974]]
[[1, 0], [208, 1461], [-209, -1461]]
[[1, 0], [208, 487], [-210, -487]]
[[1, 0], [208, 487], [-419, -974]]
[[1, 0], [209, 487], [-211, -487]]
[[1, 0], [209, 487], [-421, -974]]
[[1, 0], [209, 974], [-211, -974]]
[[1, 0], [21, 487], [-22, -487]]
[[1, 0], [21, 487], [-23, -487]]
[[1, 0], [21, 487], [-45, -974]]
[[1, 0], [21, 974], [-23, -974]]
[[1, 0], [210, 487], [-212, -487]]
[[1, 0], [210, 487], [-423, -974]]
[[1, 0], [211, 1461], [-212, -1461]]
[[1, 0], [211, 487], [-213, -487]]
[[1, 0], [211, 487], [-425, -974]]
[[1, 0], [211, 974], [-213, -974]]
[[1, 0], [212, 487], [-214, -487]]
[[1, 0], [212, 487], [-427, -974]]
[[1, 0], [213, 487], [-215, -487]]
[[1, 0], [213, 487], [-429, -974]]
[[1, 0], [213, 974], [-215, -974]]
[[1, 0], [214, 1461], [-215, -1461]]
[[1, 0], [214, 487], [-216, -487]]
[[1, 0], [214, 487], [-431, -974]]
[[1, 0], [215, 487], [-217, -487]]
[[1, 0], [215, 487], [-433, -974]]
[[1, 0], [215, 974], [-217, -974]]
[[1, 0], [216, 487], [-218, -487]]
[[1, 0], [216, 487], [-435, -974]]
[[1, 0], [217, 1461], [-218, -1461]]
[[1, 0], [217, 487], [-219, -487]]
[[1, 0], [217, 487], [-437, -974]]
[[1, 0], [217, 974], [-219, -974]]
[[1, 0], [218, 487], [-220, -487]]
[[1, 0], [218, 487], [-439, -974]]
[[1, 0], [219, 487], [-221, -487]]
[[1, 0], [219, 487], [-441, -974]]
[[1, 0], [219, 974], [-221, -974]]
[[1, 0], [22, 1461], [-23, -1461]]
[[1, 0], [22, 487], [-23, -487]]
[[1, 0], [22, 487], [-24, -487]]
[[1, 0], [22, 487], [-47, -974]]
[[1, 0], [220, 487], [-222, -487]]
[[1, 0], [220, 487], [-443, -974]]
[[1, 0], [221, 487], [-223, -487]]
[[1, 0], [221, 487], [-445, -974]]
[[1, 0], [221, 974], [-223, -974]]
[[1, 0], [222, 487], [-224, -487]]
[[1, 0], [222, 487], [-447, -974]]
[[1, 0], [223, 487], [-225, -487]]
[[1, 0], [223, 487], [-449, -974]]
[[1, 0], [223, 974], [-225, -974]]
[[1, 0], [224, 487], [-226, -487]]
[[1, 0], [224, 487], [-451, -974]]
[[1, 0], [225, 487], [-227, -487]]
[[1, 0], [225, 487], [-453, -974]]
[[1, 0], [225, 974], [-227, -974]]
[[1, 0], [226, 1461], [-227, -1461]]
[[1, 0], [226, 487], [-228, -487]]
[[1, 0], [226, 487], [-455, -974]]
[[1, 0], [227, 487], [-229, -487]]
[[1, 0], [227, 487], [-457, -974]]
[[1, 0], [227, 974], [-229, -974]]
[[1, 0], [228, 487], [-230, -487]]
[[1, 0], [228, 487], [-459, -974]]
[[1, 0], [229, 1461], [-230, -1461]]
[[1, 0], [229, 487], [-231, -487]]
[[1, 0], [229, 487], [-461, -974]]
[[1, 0], [229, 974], [-231, -974]]
[[1, 0], [23, 487], [-24, -487]]
[[1, 0], [23, 487], [-25, -487]]
[[1, 0], [23, 487], [-49, -974]]
[[1, 0], [23, 974], [-25, -974]]
[[1, 0], [230, 487], [-232, -487]]
[[1, 0], [230, 487], [-463, -974]]
[[1, 0], [231, 487], [-233, -487]]
[[1, 0], [231, 487], [-465, -974]]
[[1, 0], [231, 974], [-233, -974]]
[[1, 0], [232, 1461], [-233, -1461]]
[[1, 0], [232, 487], [-233, -487]]
[[1, 0], [232, 487], [-234, -487]]
[[1, 0], [232, 487], [-467, -974]]
[[1, 0], [233, 487], [-235, -487]]
[[1, 0], [233, 487], [-469, -974]]
[[1, 0], [233, 974], [-235, -974]]
[[1, 0], [234, 487], [-236, -487]]
[[1, 0], [234, 487], [-471, -974]]
[[1, 0], [235, 487], [-237, -487]]
[[1, 0], [235, 487], [-473, -974]]
[[1, 0], [235, 974], [-237, -974]]
[[1, 0], [236, 487], [-238, -487]]
[[1, 0], [236, 487], [-475, -974]]
[[1, 0], [237, 487], [-239, -487]]
[[1, 0], [237, 487], [-477, -974]]
[[1, 0], [237, 974], [-239, -974]]
[[1, 0], [238, 1461], [-239, -1461]]
[[1, 0], [238, 487], [-240, -487]]
[[1, 0], [238, 487], [-479, -974]]
[[1, 0], [239, 487], [-241, -487]]
[[1, 0], [239, 487], [-481, -974]]
[[1, 0], [239, 974], [-241, -974]]
[[1, 0], [24, 487], [-25, -487]]
[[1, 0], [24, 487], [-26, -487]]
[[1, 0], [24, 487], [-51, -974]]
[[1, 0], [240, 487], [-242, -487]]
[[1, 0], [240, 487], [-483, -974]]
[[1, 0], [241, 487], [-243, -487]]
[[1, 0], [241, 487], [-485, -974]]
[[1, 0], [241, 974], [-243, -974]]
[[1, 0], [242, 487], [-244, -487]]
[[1, 0], [243, 487], [-489, -974]]
[[1, 0], [243, 974], [-245, -974]]
[[1, 0], [244, 1461], [-245, -1461]]
[[1, 0], [244, 487], [-491, -974]]
[[1, 0], [245, 487], [-493, -974]]
[[1, 0], [245, 974], [-247, -974]]
[[1, 0], [246, 487], [-495, -974]]
[[1, 0], [247, 1461], [-248, -1461]]
[[1, 0], [247, 487], [-497, -974]]
[[1, 0], [247, 974], [-249, -974]]
[[1, 0], [248, 487], [-499, -974]]
[[1, 0], [249, 487], [-501, -974]]
[[1, 0], [249, 974], [-251, -974]]
[[1, 0], [25, 1461], [-26, -1461]]
[[1, 0], [25, 487], [-26, -487]]
[[1, 0], [25, 487], [-27, -487]]
[[1, 0], [25, 487], [-53, -974]]
[[1, 0], [25, 974], [-27, -974]]
[[1, 0], [250, 1461], [-251, -1461]]
[[1, 0], [250, 487], [-503, -974]]
[[1, 0], [251, 487], [-505, -974]]
[[1, 0], [251, 974], [-253, -974]]
[[1, 0], [252, 487], [-507, -974]]
[[1, 0], [253, 1461], [-254, -1461]]
[[1, 0], [253, 487], [-509, -974]]
[[1, 0], [253, 974], [-255, -974]]
[[1, 0], [254, 487], [-511, -974]]
[[1, 0], [255, 487], [-513, -974]]
[[1, 0], [255, 974], [-257, -974]]
[[1, 0], [256, 1461], [-257, -1461]]
[[1, 0], [256, 487], [-515, -974]]
[[1, 0], [257, 487], [-517, -974]]
[[1, 0], [257, 974], [-259, -974]]
[[1, 0], [258, 487], [-519, -974]]
[[1, 0], [259, 487], [-521, -974]]
[[1, 0], [259, 974], [-261, -974]]
[[1, 0], [26, 487], [-28, -487]]
[[1, 0], [26, 487], [-55, -974]]
[[1, 0], [260, 487], [-523, -974]]
[[1, 0], [261, 487], [-525, -974]]
[[1, 0], [261, 974], [-263, -974]]
[[1, 0], [262, 487], [-527, -974]]
[[1, 0], [263, 487], [-529, -974]]
[[1, 0], [263, 974], [-265, -974]]
[[1, 0], [264, 487], [-531, -974]]
[[1, 0], [265, 1461], [-266, -1461]]
[[1, 0], [265, 487], [-533, -974]]
[[1, 0], [265, 974], [-267, -974]]
[[1, 0], [266, 487], [-535, -974]]
[[1, 0], [267, 487], [-537, -974]]
[[1, 0], [267, 974], [-269, -974]]
[[1, 0], [268, 487], [-539, -974]]
[[1, 0], [269, 487], [-541, -974]]
[[1, 0], [269, 974], [-271, -974]]
[[1, 0], [27, 487], [-29, -487]]
[[1, 0], [27, 487], [-57, -974]]
[[1, 0], [27, 974], [-29, -974]]
[[1, 0], [270, 487], [-543, -974]]
[[1, 0], [271, 487], [-545, -974]]
[[1, 0], [271, 974], [-273, -974]]
[[1, 0], [272, 487], [-547, -974]]
[[1, 0], [273, 487], [-549, -974]]
[[1, 0], [273, 974], [-275, -974]]
[[1, 0], [274, 487], [-551, -974]]
[[1, 0], [275, 487], [-553, -974]]
[[1, 0], [275, 974], [-277, -974]]
[[1, 0], [276, 487], [-555, -974]]
[[1, 0], [277, 487], [-557, -974]]
[[1, 0], [277, 974], [-279, -974]]
[[1, 0], [278, 487], [-559, -974]]
[[1, 0], [279, 487], [-561, -974]]
[[1, 0], [279, 974], [-281, -974]]
[[1, 0], [28, 1461], [-29, -1461]]
[[1, 0], [28, 487], [-29, -487]]
[[1, 0], [28, 487], [-30, -487]]
[[1, 0], [28, 487], [-59, -974]]
[[1, 0], [280, 487], [-563, -974]]
[[1, 0], [281, 487], [-565, -974]]
[[1, 0], [281, 974], [-283, -974]]
[[1, 0], [282, 487], [-567, -974]]
[[1, 0], [283, 1461], [-284, -1461]]
[[1, 0], [283, 487], [-569, -974]]
[[1, 0], [283, 974], [-285, -974]]
[[1, 0], [284, 487], [-571, -974]]
[[1, 0], [285, 487], [-573, -974]]
[[1, 0], [285, 974], [-287, -974]]
[[1, 0], [286, 487], [-575, -974]]
[[1, 0], [287, 487], [-577, -974]]
[[1, 0], [287, 974], [-289, -974]]
[[1, 0], [288, 487], [-579, -974]]
[[1, 0], [289, 487], [-581, -974]]
[[1, 0], [289, 974], [-291, -974]]
[[1, 0], [29, 487], [-30, -487]]
[[1, 0], [29, 487], [-31, -487]]
[[1, 0], [29, 487], [-61, -974]]
[[1, 0], [29, 974], [-31, -974]]
[[1, 0], [290, 487], [-583, -974]]
[[1, 0], [291, 487], [-585, -974]]
[[1, 0], [291, 974], [-293, -974]]
[[1, 0], [292, 1461], [-293, -1461]]
[[1, 0], [292, 487], [-293, -487]]
[[1, 0], [292, 487], [-587, -974]]
[[1, 0], [293, 487], [-589, -974]]
[[1, 0], [293, 974], [-295, -974]]
[[1, 0], [294, 487], [-591, -974]]
[[1, 0], [295, 487], [-593, -974]]
[[1, 0], [295, 974], [-297, -974]]
[[1, 0], [296, 487], [-595, -974]]
[[1, 0], [297, 487], [-597, -974]]
[[1, 0], [297, 974], [-299, -974]]
[[1, 0], [298, 487], [-599, -974]]
[[1, 0], [299, 487], [-601, -974]]
[[1, 0], [299, 974], [-301, -974]]
[[1, 0], [3, 487], [-4, -487]]
[[1, 0], [3, 487], [-5, -487]]
[[1, 0], [3, 487], [-9, -974]]
[[1, 0], [3, 974], [-5, -974]]
[[1, 0], [30, 487], [-31, -487]]
[[1, 0], [30, 487], [-32, -487]]
[[1, 0], [30, 487], [-63, -974]]
[[1, 0], [300, 487], [-603, -974]]
[[1, 0], [301, 487], [-605, -974]]
[[1, 0], [301, 974], [-303, -974]]
[[1, 0], [302, 487], [-607, -974]]
[[1, 0], [303, 487], [-609, -974]]
[[1, 0], [303, 974], [-305, -974]]
[[1, 0], [304, 1461], [-305, -1461]]
[[1, 0], [304, 487], [-611, -974]]
[[1, 0], [305, 487], [-613, -974]]
[[1, 0], [305, 974], [-307, -974]]
[[1, 0], [306, 487], [-615, -974]]
[[1, 0], [307, 487], [-617, -974]]
[[1, 0], [307, 974], [-309, -974]]
[[1, 0], [308, 487], [-619, -974]]
[[1, 0], [309, 487], [-621, -974]]
[[1, 0], [309, 974], [-311, -974]]
[[1, 0], [31, 1461], [-32, -1461]]
[[1, 0], [31, 487], [-32, -487]]
[[1, 0], [31, 487], [-33, -487]]
[[1, 0], [31, 487], [-65, -974]]
[[1, 0], [31, 974], [-33, -974]]
[[1, 0], [310, 487], [-623, -974]]
[[1, 0], [311, 487], [-625, -974]]
[[1, 0], [311, 974], [-313, -974]]
[[1, 0], [312, 487], [-627, -974]]
[[1, 0], [313, 487], [-629, -974]]
[[1, 0], [313, 974], [-315, -974]]
[[1, 0], [314, 487], [-631, -974]]
[[1, 0], [315, 487], [-633, -974]]
[[1, 0], [315, 974], [-317, -974]]
[[1, 0], [316, 487], [-635, -974]]
[[1, 0], [317, 487], [-637, -974]]
[[1, 0], [317, 974], [-319, -974]]
[[1, 0], [318, 487], [-639, -974]]
[[1, 0], [319, 487], [-641, -974]]
[[1, 0], [319, 974], [-321, -974]]
[[1, 0], [32, 487], [-33, -487]]
[[1, 0], [32, 487], [-34, -487]]
[[1, 0], [32, 487], [-67, -974]]
[[1, 0], [320, 487], [-643, -974]]
[[1, 0], [321, 487], [-645, -974]]
[[1, 0], [321, 974], [-323, -974]]
[[1, 0], [322, 487], [-647, -974]]
[[1, 0], [323, 487], [-649, -974]]
[[1, 0], [323, 974], [-325, -974]]
[[1, 0], [324, 487], [-651, -974]]
[[1, 0], [325, 487], [-653, -974]]
[[1, 0], [325, 974], [-327, -974]]
[[1, 0], [326, 487], [-655, -974]]
[[1, 0], [327, 487], [-657, -974]]
[[1, 0], [327, 974], [-329, -974]]
[[1, 0], [328, 487], [-659, -974]]
[[1, 0], [329, 487], [-661, -974]]
[[1, 0], [329, 974], [-331, -974]]
[[1, 0], [33, 487], [-34, -487]]
[[1, 0], [33, 487], [-35, -487]]
[[1, 0], [33, 487], [-69, -974]]
[[1, 0], [33, 974], [-35, -974]]
[[1, 0], [330, 487], [-663, -974]]
[[1, 0], [331, 487], [-665, -974]]
[[1, 0], [331, 974], [-333, -974]]
[[1, 0], [332, 487], [-667, -974]]
[[1, 0], [333, 487], [-669, -974]]
[[1, 0], [333, 974], [-335, -974]]
[[1, 0], [334, 487], [-671, -974]]
[[1, 0], [335, 487], [-673, -974]]
[[1, 0], [335, 974], [-337, -974]]
[[1, 0], [336, 487], [-675, -974]]
[[1, 0], [337, 487], [-677, -974]]
[[1, 0], [337, 974], [-339, -974]]
[[1, 0], [338, 487], [-679, -974]]
[[1, 0], [339, 487], [-681, -974]]
[[1, 0], [339, 974], [-341, -974]]
[[1, 0], [34, 1461], [-35, -1461]]
[[1, 0], [34, 487], [-35, -487]]
[[1, 0], [34, 487], [-36, -487]]
[[1, 0], [34, 487], [-71, -974]]
[[1, 0], [340, 1461], [-341, -1461]]
[[1, 0], [340, 487], [-683, -974]]
[[1, 0], [341, 487], [-685, -974]]
[[1, 0], [341, 974], [-343, -974]]
[[1, 0], [342, 487], [-687, -974]]
[[1, 0], [343, 1461], [-344, -1461]]
[[1, 0], [343, 487], [-689, -974]]
[[1, 0], [343, 974], [-345, -974]]
[[1, 0], [344, 487], [-691, -974]]
[[1, 0], [345, 487], [-693, -974]]
[[1, 0], [345, 974], [-347, -974]]
[[1, 0], [346, 487], [-695, -974]]
[[1, 0], [347, 487], [-697, -974]]
[[1, 0], [347, 974], [-349, -974]]
[[1, 0], [348, 487], [-699, -974]]
[[1, 0], [349, 1461], [-350, -1461]]
[[1, 0], [349, 487], [-701, -974]]
[[1, 0], [349, 974], [-351, -974]]
[[1, 0], [35, 487], [-36, -487]]
[[1, 0], [35, 487], [-37, -487]]
[[1, 0], [35, 487], [-73, -974]]
[[1, 0], [35, 974], [-37, -974]]
[[1, 0], [350, 487], [-703, -974]]
[[1, 0], [351, 487], [-705, -974]]
[[1, 0], [351, 974], [-353, -974]]
[[1, 0], [352, 487], [-707, -974]]
[[1, 0], [353, 487], [-709, -974]]
[[1, 0], [353, 974], [-355, -974]]
[[1, 0], [354, 487], [-711, -974]]
[[1, 0], [355, 487], [-713, -974]]
[[1, 0], [355, 974], [-357, -974]]
[[1, 0], [356, 487], [-715, -974]]
[[1, 0], [357, 487], [-717, -974]]
[[1, 0], [357, 974], [-359, -974]]
[[1, 0], [358, 487], [-719, -974]]
[[1, 0], [359, 487], [-721, -974]]
[[1, 0], [359, 974], [-361, -974]]
[[1, 0], [36, 487], [-37, -487]]
[[1, 0], [36, 487], [-38, -487]]
[[1, 0], [36, 487], [-75, -974]]
[[1, 0], [360, 487], [-723, -974]]
[[1, 0], [361, 487], [-725, -974]]
[[1, 0], [361, 974], [-363, -974]]
[[1, 0], [362, 487], [-727, -974]]
[[1, 0], [363, 487], [-729, -974]]
[[1, 0], [363, 974], [-365, -974]]
[[1, 0], [364, 487], [-731, -974]]
[[1, 0], [365, 487], [-733, -974]]
[[1, 0], [365, 974], [-367, -974]]
[[1, 0], [366, 487], [-735, -974]]
[[1, 0], [367, 487], [-737, -974]]
[[1, 0], [367, 974], [-369, -974]]
[[1, 0], [368, 487], [-739, -974]]
[[1, 0], [369, 487], [-741, -974]]
[[1, 0], [369, 974], [-371, -974]]
[[1, 0], [37, 1461], [-38, -1461]]
[[1, 0], [37, 487], [-38, -487]]
[[1, 0], [37, 487], [-39, -487]]
[[1, 0], [37, 487], [-77, -974]]
[[1, 0], [37, 974], [-39, -974]]
[[1, 0], [370, 487], [-743, -974]]
[[1, 0], [371, 487], [-745, -974]]
[[1, 0], [371, 974], [-373, -974]]
[[1, 0], [372, 487], [-747, -974]]
[[1, 0], [373, 487], [-749, -974]]
[[1, 0], [373, 974], [-375, -974]]
[[1, 0], [374, 487], [-751, -974]]
[[1, 0], [375, 487], [-753, -974]]
[[1, 0], [375, 974], [-377, -974]]
[[1, 0], [376, 487], [-755, -974]]
[[1, 0], [377, 487], [-757, -974]]
[[1, 0], [377, 974], [-379, -974]]
[[1, 0], [378, 487], [-759, -974]]
[[1, 0], [379, 487], [-761, -974]]
[[1, 0], [379, 974], [-381, -974]]
[[1, 0], [38, 487], [-40, -487]]
[[1, 0], [38, 487], [-79, -974]]
[[1, 0], [380, 487], [-763, -974]]
[[1, 0], [381, 487], [-765, -974]]
[[1, 0], [381, 974], [-383, -974]]
[[1, 0], [382, 487], [-767, -974]]
[[1, 0], [383, 487], [-769, -974]]
[[1, 0], [383, 974], [-385, -974]]
[[1, 0], [384, 487], [-771, -974]]
[[1, 0], [385, 487], [-773, -974]]
[[1, 0], [385, 974], [-387, -974]]
[[1, 0], [386, 487], [-775, -974]]
[[1, 0], [387, 487], [-777, -974]]
[[1, 0], [387, 974], [-389, -974]]
[[1, 0], [388, 487], [-779, -974]]
[[1, 0], [389, 487], [-781, -974]]
[[1, 0], [389, 974], [-391, -974]]
[[1, 0], [39, 487], [-41, -487]]
[[1, 0], [39, 487], [-81, -974]]
[[1, 0], [39, 974], [-41, -974]]
[[1, 0], [390, 487], [-783, -974]]
[[1, 0], [391, 487], [-785, -974]]
[[1, 0], [391, 974], [-393, -974]]
[[1, 0], [392, 487], [-787, -974]]
[[1, 0], [393, 487], [-789, -974]]
[[1, 0], [393, 974], [-395, -974]]
[[1, 0], [394, 1461], [-395, -1461]]
[[1, 0], [394, 487], [-791, -974]]
[[1, 0], [395, 487], [-793, -974]]
[[1, 0], [395, 974], [-397, -974]]
[[1, 0], [396, 487], [-795, -974]]
[[1, 0], [397, 487], [-797, -974]]
[[1, 0], [397, 974], [-399, -974]]
[[1, 0], [398, 487], [-799, -974]]
[[1, 0], [399, 487], [-801, -974]]
[[1, 0], [399, 974], [-401, -974]]
[[1, 0], [4, 487], [-11, -974]]
[[1, 0], [4, 487], [-6, -487]]
[[1, 0], [40, 1461], [-41, -1461]]
[[1, 0], [40, 487], [-41, -487]]
[[1, 0], [40, 487], [-42, -487]]
[[1, 0], [40, 487], [-83, -974]]
[[1, 0], [400, 1461], [-401, -1461]]
[[1, 0], [400, 487], [-803, -974]]
[[1, 0], [401, 487], [-805, -974]]
[[1, 0], [401, 974], [-403, -974]]
[[1, 0], [402, 487], [-807, -974]]
[[1, 0], [403, 487], [-809, -974]]
[[1, 0], [403, 974], [-405, -974]]
[[1, 0], [404, 487], [-811, -974]]
[[1, 0], [405, 487], [-813, -974]]
[[1, 0], [405, 974], [-407, -974]]
[[1, 0], [406, 487], [-815, -974]]
[[1, 0], [407, 487], [-817, -974]]
[[1, 0], [407, 974], [-409, -974]]
[[1, 0], [408, 487], [-819, -974]]
[[1, 0], [409, 487], [-821, -974]]
[[1, 0], [409, 974], [-411, -974]]
[[1, 0], [41, 487], [-42, -487]]
[[1, 0], [41, 487], [-43, -487]]
[[1, 0], [41, 487], [-85, -974]]
[[1, 0], [41, 974], [-43, -974]]
[[1, 0], [410, 487], [-823, -974]]
[[1, 0], [411, 487], [-825, -974]]
[[1, 0], [411, 974], [-413, -974]]
[[1, 0], [412, 487], [-827, -974]]
[[1, 0], [413, 487], [-829, -974]]
[[1, 0], [413, 974], [-415, -974]]
[[1, 0], [414, 487], [-831, -974]]
[[1, 0], [415, 1461], [-416, -1461]]
[[1, 0], [415, 487], [-833, -974]]
[[1, 0], [415, 974], [-417, -974]]
[[1, 0], [416, 487], [-835, -974]]
[[1, 0], [417, 487], [-837, -974]]
[[1, 0], [417, 974], [-419, -974]]
[[1, 0], [418, 487], [-839, -974]]
[[1, 0], [419, 487], [-841, -974]]
[[1, 0], [419, 974], [-421, -974]]
[[1, 0], [42, 487], [-44, -487]]
[[1, 0], [42, 487], [-87, -974]]
[[1, 0], [420, 487], [-843, -974]]
[[1, 0], [421, 1461], [-422, -1461]]
[[1, 0], [421, 487], [-845, -974]]
[[1, 0], [421, 974], [-423, -974]]
[[1, 0], [422, 487], [-847, -974]]
[[1, 0], [423, 487], [-849, -974]]
[[1, 0], [423, 974], [-425, -974]]
[[1, 0], [424, 487], [-851, -974]]
[[1, 0], [425, 487], [-853, -974]]
[[1, 0], [425, 974], [-427, -974]]
[[1, 0], [426, 487], [-855, -974]]
[[1, 0], [427, 487], [-857, -974]]
[[1, 0], [427, 974], [-429, -974]]
[[1, 0], [428, 487], [-859, -974]]
[[1, 0], [429, 487], [-861, -974]]
[[1, 0], [429, 974], [-431, -974]]
[[1, 0], [43, 487], [-45, -487]]
[[1, 0], [43, 487], [-89, -974]]
[[1, 0], [43, 974], [-45, -974]]
[[1, 0], [430, 487], [-863, -974]]
[[1, 0], [431, 487], [-865, -974]]
[[1, 0], [431, 974], [-433, -974]]
[[1, 0], [432, 487], [-867, -974]]
[[1, 0], [433, 487], [-869, -974]]
[[1, 0], [433, 974], [-435, -974]]
[[1, 0], [434, 487], [-871, -974]]
[[1, 0], [435, 487], [-873, -974]]
[[1, 0], [435, 974], [-437, -974]]
[[1, 0], [436, 487], [-875, -974]]
[[1, 0], [437, 487], [-877, -974]]
[[1, 0], [437, 974], [-439, -974]]
[[1, 0], [438, 487], [-879, -974]]
[[1, 0], [439, 487], [-881, -974]]
[[1, 0], [439, 974], [-441, -974]]
[[1, 0], [44, 487], [-45, -487]]
[[1, 0], [44, 487], [-46, -487]]
[[1, 0], [44, 487], [-91, -974]]
[[1, 0], [440, 487], [-883, -974]]
[[1, 0], [441, 487], [-885, -974]]
[[1, 0], [441, 974], [-443, -974]]
[[1, 0], [442, 1461], [-443, -1461]]
[[1, 0], [442, 487], [-887, -974]]
[[1, 0], [443, 487], [-889, -974]]
[[1, 0], [443, 974], [-445, -974]]
[[1, 0], [444, 487], [-891, -974]]
[[1, 0], [445, 487], [-893, -974]]
[[1, 0], [445, 974], [-447, -974]]
[[1, 0], [446, 487], [-895, -974]]
[[1, 0], [447, 487], [-897, -974]]
[[1, 0], [447, 974], [-449, -974]]
[[1, 0], [448, 1461], [-449, -1461]]
[[1, 0], [448, 487], [-899, -974]]
[[1, 0], [449, 487], [-901, -974]]
[[1, 0], [449, 974], [-451, -974]]
[[1, 0], [45, 487], [-46, -487]]
[[1, 0], [45, 487], [-47, -487]]
[[1, 0], [45, 487], [-93, -974]]
[[1, 0], [45, 974], [-47, -974]]
[[1, 0], [450, 487], [-903, -974]]
[[1, 0], [451, 487], [-905, -974]]
[[1, 0], [451, 974], [-453, -974]]
[[1, 0], [452, 487], [-907, -974]]
[[1, 0], [453, 487], [-909, -974]]
[[1, 0], [453, 974], [-455, -974]]
[[1, 0], [454, 487], [-911, -974]]
[[1, 0], [455, 487], [-913, -974]]
[[1, 0], [455, 974], [-457, -974]]
[[1, 0], [456, 487], [-915, -974]]
[[1, 0], [457, 487], [-917, -974]]
[[1, 0], [457, 974], [-459, -974]]
[[1, 0], [458, 487], [-919, -974]]
[[1, 0], [459, 487], [-921, -974]]
[[1, 0], [459, 974], [-461, -974]]
[[1, 0], [46, 1461], [-47, -1461]]
[[1, 0], [46, 487], [-47, -487]]
[[1, 0], [46, 487], [-48, -487]]
[[1, 0], [46, 487], [-95, -974]]
[[1, 0], [460, 487], [-923, -974]]
[[1, 0], [461, 487], [-925, -974]]
[[1, 0], [461, 974], [-463, -974]]
[[1, 0], [462, 487], [-927, -974]]
[[1, 0], [463, 487], [-929, -974]]
[[1, 0], [463, 974], [-465, -974]]
[[1, 0], [464, 487], [-931, -974]]
[[1, 0], [465, 487], [-933, -974]]
[[1, 0], [465, 974], [-467, -974]]
[[1, 0], [466, 487], [-935, -974]]
[[1, 0], [467, 487], [-937, -974]]
[[1, 0], [467, 974], [-469, -974]]
[[1, 0], [468, 487], [-939, -974]]
[[1, 0], [469, 487], [-941, -974]]
[[1, 0], [469, 974], [-471, -974]]
[[1, 0], [47, 487], [-48, -487]]
[[1, 0], [47, 487], [-49, -487]]
[[1, 0], [47, 487], [-97, -974]]
[[1, 0], [47, 974], [-49, -974]]
[[1, 0], [470, 487], [-943, -974]]
[[1, 0], [471, 487], [-945, -974]]
[[1, 0], [471, 974], [-473, -974]]
[[1, 0], [472, 487], [-947, -974]]
[[1, 0], [473, 487], [-949, -974]]
[[1, 0], [473, 974], [-475, -974]]
[[1, 0], [474, 487], [-951, -974]]
[[1, 0], [475, 487], [-953, -974]]
[[1, 0], [475, 974], [-477, -974]]
[[1, 0], [476, 487], [-955, -974]]
[[1, 0], [477, 487], [-957, -974]]
[[1, 0], [477, 974], [-479, -974]]
[[1, 0], [478, 487], [-959, -974]]
[[1, 0], [479, 487], [-961, -974]]
[[1, 0], [479, 974], [-481, -974]]
[[1, 0], [48, 487], [-49, -487]]
[[1, 0], [48, 487], [-50, -487]]
[[1, 0], [48, 487], [-99, -974]]
[[1, 0], [480, 487], [-482, -487]]
[[1, 0], [480, 487], [-963, -974]]
[[1, 0], [481, 1461], [-482, -1461]]
[[1, 0], [481, 487], [-965, -974]]
[[1, 0], [481, 974], [-483, -974]]
[[1, 0], [482, 487], [-967, -974]]
[[1, 0], [483, 487], [-969, -974]]
[[1, 0], [483, 974], [-485, -974]]
[[1, 0], [484, 487], [-971, -974]]
[[1, 0], [485, 487], [-973, -974]]
[[1, 0], [486, 487], [-488, -487]]
[[1, 0], [486, 487], [-975, -974]]
[[1, 0], [49, 1461], [-50, -1461]]
[[1, 0], [49, 487], [-101, -974]]
[[1, 0], [49, 487], [-50, -487]]
[[1, 0], [49, 487], [-51, -487]]
[[1, 0], [49, 974], [-51, -974]]
[[1, 0], [5, 487], [-13, -974]]
[[1, 0], [5, 487], [-6, -487]]
[[1, 0], [50, 487], [-103, -974]]
[[1, 0], [50, 487], [-51, -487]]
[[1, 0], [50, 487], [-52, -487]]
[[1, 0], [51, 487], [-105, -974]]
[[1, 0], [51, 487], [-52, -487]]
[[1, 0], [51, 487], [-53, -487]]
[[1, 0], [51, 974], [-53, -974]]
[[1, 0], [52, 1461], [-53, -1461]]
[[1, 0], [52, 487], [-107, -974]]
[[1, 0], [52, 487], [-53, -487]]
[[1, 0], [52, 487], [-54, -487]]
[[1, 0], [53, 487], [-109, -974]]
[[1, 0], [53, 487], [-55, -487]]
[[1, 0], [53, 974], [-55, -974]]
[[1, 0], [54, 487], [-111, -974]]
[[1, 0], [54, 487], [-56, -487]]
[[1, 0], [55, 1461], [-56, -1461]]
[[1, 0], [55, 487], [-113, -974]]
[[1, 0], [55, 487], [-56, -487]]
[[1, 0], [55, 487], [-57, -487]]
[[1, 0], [55, 974], [-57, -974]]
[[1, 0], [56, 487], [-115, -974]]
[[1, 0], [56, 487], [-57, -487]]
[[1, 0], [56, 487], [-58, -487]]
[[1, 0], [57, 487], [-117, -974]]
[[1, 0], [57, 487], [-59, -487]]
[[1, 0], [57, 974], [-59, -974]]
[[1, 0], [58, 1461], [-59, -1461]]
[[1, 0], [58, 487], [-119, -974]]
[[1, 0], [58, 487], [-60, -487]]
[[1, 0], [59, 487], [-121, -974]]
[[1, 0], [59, 487], [-61, -487]]
[[1, 0], [59, 974], [-61, -974]]
[[1, 0], [6, 487], [-15, -974]]
[[1, 0], [6, 487], [-7, -487]]
[[1, 0], [6, 487], [-8, -487]]
[[1, 0], [60, 487], [-123, -974]]
[[1, 0], [60, 487], [-62, -487]]
[[1, 0], [61, 1461], [-62, -1461]]
[[1, 0], [61, 487], [-125, -974]]
[[1, 0], [61, 487], [-63, -487]]
[[1, 0], [61, 974], [-63, -974]]
[[1, 0], [62, 487], [-127, -974]]
[[1, 0], [62, 487], [-64, -487]]
[[1, 0], [63, 487], [-129, -974]]
[[1, 0], [63, 487], [-64, -487]]
[[1, 0], [63, 487], [-65, -487]]
[[1, 0], [63, 974], [-65, -974]]
[[1, 0], [64, 1461], [-65, -1461]]
[[1, 0], [64, 487], [-131, -974]]
[[1, 0], [64, 487], [-66, -487]]
[[1, 0], [65, 487], [-133, -974]]
[[1, 0], [65, 487], [-67, -487]]
[[1, 0], [65, 974], [-67, -974]]
[[1, 0], [655, 1461], [-656, -1461]]
[[1, 0], [66, 487], [-135, -974]]
[[1, 0], [66, 487], [-67, -487]]
[[1, 0], [66, 487], [-68, -487]]
[[1, 0], [67, 1461], [-68, -1461]]
[[1, 0], [67, 487], [-137, -974]]
[[1, 0], [67, 487], [-68, -487]]
[[1, 0], [67, 487], [-69, -487]]
[[1, 0], [67, 974], [-69, -974]]
[[1, 0], [68, 487], [-139, -974]]
[[1, 0], [68, 487], [-69, -487]]
[[1, 0], [68, 487], [-70, -487]]
[[1, 0], [69, 487], [-141, -974]]
[[1, 0], [69, 487], [-70, -487]]
[[1, 0], [69, 487], [-71, -487]]
[[1, 0], [69, 974], [-71, -974]]
[[1, 0], [7, 1461], [-8, -1461]]
[[1, 0], [7, 487], [-17, -974]]
[[1, 0], [7, 487], [-8, -487]]
[[1, 0], [7, 487], [-9, -487]]
[[1, 0], [7, 974], [-9, -974]]
[[1, 0], [70, 1461], [-71, -1461]]
[[1, 0], [70, 487], [-143, -974]]
[[1, 0], [70, 487], [-72, -487]]
[[1, 0], [71, 487], [-145, -974]]
[[1, 0], [71, 487], [-73, -487]]
[[1, 0], [71, 974], [-73, -974]]
[[1, 0], [72, 487], [-147, -974]]
[[1, 0], [72, 487], [-74, -487]]
[[1, 0], [73, 487], [-149, -974]]
[[1, 0], [73, 487], [-75, -487]]
[[1, 0], [73, 974], [-75, -974]]
[[1, 0], [74, 487], [-151, -974]]
[[1, 0], [74, 487], [-76, -487]]
[[1, 0], [75, 487], [-153, -974]]
[[1, 0], [75, 487], [-77, -487]]
[[1, 0], [75, 974], [-77, -974]]
[[1, 0], [76, 1461], [-77, -1461]]
[[1, 0], [76, 487], [-155, -974]]
[[1, 0], [76, 487], [-77, -487]]
[[1, 0], [76, 487], [-78, -487]]
[[1, 0], [77, 487], [-157, -974]]
[[1, 0], [77, 487], [-78, -487]]
[[1, 0], [77, 487], [-79, -487]]
[[1, 0], [77, 974], [-79, -974]]
[[1, 0], [78, 487], [-159, -974]]
[[1, 0], [78, 487], [-80, -487]]
[[1, 0], [79, 487], [-161, -974]]
[[1, 0], [79, 487], [-81, -487]]
[[1, 0], [79, 974], [-81, -974]]
[[1, 0], [8, 487], [-10, -487]]
[[1, 0], [8, 487], [-19, -974]]
[[1, 0], [8, 487], [-9, -487]]
[[1, 0], [80, 487], [-163, -974]]
[[1, 0], [80, 487], [-82, -487]]
[[1, 0], [81, 487], [-165, -974]]
[[1, 0], [81, 487], [-83, -487]]
[[1, 0], [81, 974], [-83, -974]]
[[1, 0], [82, 1461], [-83, -1461]]
[[1, 0], [82, 487], [-167, -974]]
[[1, 0], [82, 487], [-83, -487]]
[[1, 0], [82, 487], [-84, -487]]
[[1, 0], [83, 487], [-169, -974]]
[[1, 0], [83, 487], [-85, -487]]
[[1, 0], [83, 974], [-85, -974]]
[[1, 0], [84, 487], [-171, -974]]
[[1, 0], [84, 487], [-86, -487]]
[[1, 0], [85, 487], [-173, -974]]
[[1, 0], [85, 487], [-87, -487]]
[[1, 0], [85, 974], [-87, -974]]
[[1, 0], [86, 487], [-175, -974]]
[[1, 0], [86, 487], [-88, -487]]
[[1, 0], [87, 487], [-177, -974]]
[[1, 0], [87, 487], [-89, -487]]
[[1, 0], [87, 974], [-89, -974]]
[[1, 0], [88, 487], [-179, -974]]
[[1, 0], [88, 487], [-90, -487]]
[[1, 0], [89, 487], [-181, -974]]
[[1, 0], [89, 487], [-90, -487]]
[[1, 0], [89, 487], [-91, -487]]
[[1, 0], [89, 974], [-91, -974]]
[[1, 0], [9, 487], [-10, -487]]
[[1, 0], [9, 487], [-11, -487]]
[[1, 0], [9, 487], [-21, -974]]
[[1, 0], [9, 974], [-11, -974]]
[[1, 0], [90, 487], [-183, -974]]
[[1, 0], [90, 487], [-91, -487]]
[[1, 0], [90, 487], [-92, -487]]
[[1, 0], [91, 1461], [-92, -1461]]
[[1, 0], [91, 487], [-185, -974]]
[[1, 0], [91, 487], [-93, -487]]
[[1, 0], [91, 974], [-93, -974]]
[[1, 0], [92, 487], [-187, -974]]
[[1, 0], [92, 487], [-94, -487]]
[[1, 0], [93, 487], [-189, -974]]
[[1, 0], [93, 487], [-95, -487]]
[[1, 0], [93, 974], [-95, -974]]
[[1, 0], [94, 1461], [-95, -1461]]
[[1, 0], [94, 487], [-191, -974]]
[[1, 0], [94, 487], [-96, -487]]
[[1, 0], [95, 487], [-193, -974]]
[[1, 0], [95, 487], [-97, -487]]
[[1, 0], [95, 974], [-97, -974]]
[[1, 0], [96, 487], [-195, -974]]
[[1, 0], [96, 487], [-97, -487]]
[[1, 0], [96, 487], [-98, -487]]
[[1, 0], [967, 974], [-969, -974]]
[[1, 0], [97, 1461], [-98, -1461]]
[[1, 0], [97, 487], [-197, -974]]
[[1, 0], [97, 487], [-98, -487]]
[[1, 0], [97, 487], [-99, -487]]
[[1, 0], [97, 974], [-99, -974]]
[[1, 0], [973, 974], [-975, -974]]
[[1, 0], [98, 487], [-100, -487]]
[[1, 0], [98, 487], [-199, -974]]
[[1, 0], [98, 487], [-99, -487]]
[[1, 0], [99, 487], [-100, -487]]
[[1, 0], [99, 487], [-101, -487]]
[[1, 0], [99, 487], [-201, -974]]
[[1, 0], [99, 974], [-101, -974]]
