[[1, 0], [0, 1], [-1189, -840]]
[[1, 0], [0, 1], [-123, -16]]
[[1, 0], [0, 1], [-1312, -39]]
[[1, 0], [0, 1], [-14760, -29]]
[[1, 0], [0, 1], [-14760, -509]]
[[1, 0], [0, 1], [-1640, -9]]
[[1, 0], [0, 1], [-16400, -99]]
[[1, 0], [0, 1], [-1681, -696]]
[[1, 0], [0, 1], [-1845, -104]]
[[1, 0], [0, 1], [-1971, -656]]
[[1, 0], [0, 1], [-205, -24]]
[[1, 0], [0, 1], [-20705, -504]]
[[1, 0], [0, 1], [-2091, -16]]
[[1, 0], [0, 1], [-243048, -493]]
[[1, 0], [0, 1], [-2464, -615]]
[[1, 0], [0, 1], [-2583, -608]]
[[1, 0], [0, 1], [-2993, -72]]
[[1, 0], [0, 1], [-328, -141]]
[[1, 0], [0, 1], [-328, -21]]
[[1, 0], [0, 1], [-3280, -579]]
[[1, 0], [0, 1], [-4059, -560]]
[[1, 0], [0, 1], [-496, -123]]
[[1, 0], [0, 1], [-504, -41]]
[[1, 0], [0, 1], [-5248, -543]]
[[1, 0], [0, 1], [-61131, -496]]
[[1, 0], [0, 1], [-6408, -533]]
[[1, 0], [0, 1], [-656, -27]]
[[1, 0], [0, 1], [-72, -41]]
[[1, 0], [0, 1], [-7544, -45]]
[[1, 0], [0, 1], [-81344, -495]]
[[1, 0], [0, 1], [-8856, -17]]
[[1, 0], [0, 1], [-8856, -521]]
[[1, 0], [0, 1], [-984, -1]]
[[1, 0], [0, 1], [-985, -984]]
[[1, 0], [1, 102], [-169, -510]]
[[1, 0], [1, 108], [-29, -180]]
[[1, 0], [1, 11], [-1649, -99]]
[[1, 0], [1, 11], [-7589, -495]]
[[1, 0], [1, 11], [-839, -45]]
[[1, 0], [1, 123], [-17, -984]]
[[1, 0], [1, 123], [-29, -615]]
[[1, 0], [1, 124], [-619, -496]]
[[1, 0], [1, 126], [-209, -504]]
[[1, 0], [1, 126], [-97, -168]]
[[1, 0], [1, 128], [-127, -512]]
[[1, 0], [1, 12], [-1805, -504]]
[[1, 0], [1, 12], [-185, -744]]
[[1, 0], [1, 12], [-293, -72]]
[[1, 0], [1, 12], [-335, -576]]
[[1, 0], [1, 12], [-659, -528]]
[[1, 0], [1, 13], [-1351, -507]]
[[1, 0], [1, 13], [-53, -41]]
[[1, 0], [1, 13], [-545, -533]]
[[1, 0], [1, 14], [-1553, -504]]
[[1, 0], [1, 14], [-209, -630]]
[[1, 0], [1, 14], [-25, -104]]
[[1, 0], [1, 14], [-257, -72]]
[[1, 0], [1, 14], [-293, -574]]
[[1, 0], [1, 14], [-47, -82]]
[[1, 0], [1, 15], [-1253, -99]]
[[1, 0], [1, 15], [-209, -615]]
[[1, 0], [1, 15], [-49, -120]]
[[1, 0], [1, 15], [-5609, -495]]
[[1, 0], [1, 15], [-659, -45]]
[[1, 0], [1, 15], [-73, -111]]
[[1, 0], [1, 164], [-13, -984]]
[[1, 0], [1, 164], [-19, -656]]
[[1, 0], [1, 165], [-659, -495]]
[[1, 0], [1, 166], [-331, -498]]
[[1, 0], [1, 168], [-167, -504]]
[[1, 0], [1, 16], [-167, -656]]
[[1, 0], [1, 16], [-2045, -248]]
[[1, 0], [1, 16], [-247, -16]]
[[1, 0], [1, 16], [-3967, -496]]
[[1, 0], [1, 16], [-85, -328]]
[[1, 0], [1, 172], [-85, -516]]
[[1, 0], [1, 17], [-1333, -29]]
[[1, 0], [1, 17], [-14789, -493]]
[[1, 0], [1, 17], [-985, -17]]
[[1, 0], [1, 18], [-1217, -504]]
[[1, 0], [1, 18], [-125, -738]]
[[1, 0], [1, 18], [-197, -594]]
[[1, 0], [1, 18], [-209, -72]]
[[1, 0], [1, 18], [-43, -246]]
[[1, 0], [1, 18], [-433, -168]]
[[1, 0], [1, 18], [-521, -522]]
[[1, 0], [1, 18], [-79, -192]]
[[1, 0], [1, 18], [-97, -24]]
[[1, 0], [1, 19], [-113, -779]]
[[1, 0], [1, 19], [-683, -513]]
[[1, 0], [1, 205], [-19, -615]]
[[1, 0], [1, 20], [-31, -128]]
[[1, 0], [1, 20], [-71, -108]]
[[1, 0], [1, 21], [-1049, -504]]
[[1, 0], [1, 21], [-185, -72]]
[[1, 0], [1, 21], [-97, -861]]
[[1, 0], [1, 23], [-229, -552]]
[[1, 0], [1, 246], [-11, -738]]
[[1, 0], [1, 248], [-371, -496]]
[[1, 0], [1, 24], [-167, -72]]
[[1, 0], [1, 24], [-43, -48]]
[[1, 0], [1, 24], [-83, -984]]
[[1, 0], [1, 24], [-923, -504]]
[[1, 0], [1, 252], [-125, -504]]
[[1, 0], [1, 25], [-349, -525]]
[[1, 0], [1, 264], [-43, -528]]
[[1, 0], [1, 26], [-389, -520]]
[[1, 0], [1, 26], [-493, -26]]
[[1, 0], [1, 26], [-4939, -494]]
[[1, 0], [1, 26], [-607, -38]]
[[1, 0], [1, 26], [-77, -936]]
[[1, 0], [1, 28], [-11, -144]]
[[1, 0], [1, 28], [-149, -72]]
[[1, 0], [1, 28], [-265, -532]]
[[1, 0], [1, 28], [-797, -504]]
[[1, 0], [1, 29], [-8873, -493]]
[[1, 0], [1, 29], [-985, -29]]
[[1, 0], [1, 2], [-10625, -504]]
[[1, 0], [1, 2], [-1109, -738]]
[[1, 0], [1, 2], [-1115, -16]]
[[1, 0], [1, 2], [-1139, -720]]
[[1, 0], [1, 2], [-1315, -656]]
[[1, 0], [1, 2], [-1349, -648]]
[[1, 0], [1, 2], [-1553, -72]]
[[1, 0], [1, 2], [-1615, -606]]
[[1, 0], [1, 2], [-173, -18]]
[[1, 0], [1, 2], [-2015, -574]]
[[1, 0], [1, 2], [-20749, -498]]
[[1, 0], [1, 2], [-2089, -570]]
[[1, 0], [1, 2], [-209, -90]]
[[1, 0], [1, 2], [-2129, -568]]
[[1, 0], [1, 2], [-2855, -544]]
[[1, 0], [1, 2], [-293, -82]]
[[1, 0], [1, 2], [-30875, -496]]
[[1, 0], [1, 2], [-331, -6]]
[[1, 0], [1, 2], [-3457, -26]]
[[1, 0], [1, 2], [-3709, -530]]
[[1, 0], [1, 2], [-389, -40]]
[[1, 0], [1, 2], [-493, -2]]
[[1, 0], [1, 2], [-4939, -38]]
[[1, 0], [1, 2], [-5179, -518]]
[[1, 0], [1, 2], [-61255, -494]]
[[1, 0], [1, 2], [-77, -72]]
[[1, 0], [1, 2], [-985, -984]]
[[1, 0], [1, 30], [-509, -510]]
[[1, 0], [1, 31], [-2107, -496]]
[[1, 0], [1, 328], [-11, -656]]
[[1, 0], [1, 328], [-7, -984]]
[[1, 0], [1, 32], [-17, -216]]
[[1, 0], [1, 33], [-2639, -495]]
[[1, 0], [1, 33], [-35, -48]]
[[1, 0], [1, 33], [-389, -45]]
[[1, 0], [1, 33], [-65, -792]]
[[1, 0], [1, 33], [-659, -99]]
[[1, 0], [1, 35], [-13, -168]]
[[1, 0], [1, 35], [-139, -560]]
[[1, 0], [1, 35], [-49, -75]]
[[1, 0], [1, 36], [-125, -72]]
[[1, 0], [1, 36], [-179, -540]]
[[1, 0], [1, 36], [-629, -504]]
[[1, 0], [1, 38], [-3457, -494]]
[[1, 0], [1, 38], [-493, -38]]
[[1, 0], [1, 39], [-5, -72]]
[[1, 0], [1, 3], [-1049, -72]]
[[1, 0], [1, 3], [-1181, -591]]
[[1, 0], [1, 3], [-209, -123]]
[[1, 0], [1, 3], [-2147, -537]]
[[1, 0], [1, 3], [-2639, -45]]
[[1, 0], [1, 3], [-27389, -495]]
[[1, 0], [1, 3], [-49, -24]]
[[1, 0], [1, 3], [-5609, -99]]
[[1, 0], [1, 3], [-65, -72]]
[[1, 0], [1, 3], [-659, -9]]
[[1, 0], [1, 3], [-665, -888]]
[[1, 0], [1, 3], [-671, -861]]
[[1, 0], [1, 3], [-7097, -504]]
[[1, 0], [1, 3], [-839, -672]]
[[1, 0], [1, 3], [-875, -657]]
[[1, 0], [1, 3], [-97, -123]]
[[1, 0], [1, 40], [-259, -520]]
[[1, 0], [1, 40], [-59, -720]]
[[1, 0], [1, 41], [-181, -533]]
[[1, 0], [1, 41], [-19, -123]]
[[1, 0], [1, 41], [-25, -41]]
[[1, 0], [1, 41], [-49, -984]]
[[1, 0], [1, 41], [-67, -656]]
[[1, 0], [1, 41], [-79, -615]]
[[1, 0], [1, 42], [-113, -72]]
[[1, 0], [1, 42], [-545, -504]]
[[1, 0], [1, 45], [-19, -240]]
[[1, 0], [1, 45], [-1979, -495]]
[[1, 0], [1, 45], [-329, -45]]
[[1, 0], [1, 45], [-527, -99]]
[[1, 0], [1, 45], [-769, -165]]
[[1, 0], [1, 48], [-175, -528]]
[[1, 0], [1, 48], [-55, -672]]
[[1, 0], [1, 492], [-5, -984]]
[[1, 0], [1, 493], [-985, -493]]
[[1, 0], [1, 494], [-493, -494]]
[[1, 0], [1, 495], [-329, -495]]
[[1, 0], [1, 496], [-247, -496]]
[[1, 0], [1, 4], [-1529, -540]]
[[1, 0], [1, 4], [-15499, -496]]
[[1, 0], [1, 4], [-265, -76]]
[[1, 0], [1, 4], [-4063, -508]]
[[1, 0], [1, 4], [-493, -984]]
[[1, 0], [1, 4], [-503, -864]]
[[1, 0], [1, 4], [-5333, -504]]
[[1, 0], [1, 4], [-619, -16]]
[[1, 0], [1, 4], [-659, -656]]
[[1, 0], [1, 4], [-769, -616]]
[[1, 0], [1, 4], [-797, -72]]
[[1, 0], [1, 4], [-85, -12]]
[[1, 0], [1, 504], [-83, -504]]
[[1, 0], [1, 533], [-25, -533]]
[[1, 0], [1, 54], [-53, -648]]
[[1, 0], [1, 55], [-1649, -495]]
[[1, 0], [1, 55], [-461, -99]]
[[1, 0], [1, 56], [-19, -80]]
[[1, 0], [1, 56], [-419, -504]]
[[1, 0], [1, 56], [-95, -72]]
[[1, 0], [1, 574], [-13, -574]]
[[1, 0], [1, 58], [-173, -522]]
[[1, 0], [1, 5], [-101, -136]]
[[1, 0], [1, 5], [-127, -123]]
[[1, 0], [1, 5], [-13, -24]]
[[1, 0], [1, 5], [-139, -80]]
[[1, 0], [1, 5], [-1649, -45]]
[[1, 0], [1, 5], [-16499, -495]]
[[1, 0], [1, 5], [-1949, -520]]
[[1, 0], [1, 5], [-3431, -99]]
[[1, 0], [1, 5], [-349, -105]]
[[1, 0], [1, 5], [-461, -9]]
[[1, 0], [1, 5], [-469, -705]]
[[1, 0], [1, 5], [-619, -615]]
[[1, 0], [1, 62], [-1115, -496]]
[[1, 0], [1, 63], [-377, -504]]
[[1, 0], [1, 63], [-89, -72]]
[[1, 0], [1, 656], [-7, -656]]
[[1, 0], [1, 66], [-131, -528]]
[[1, 0], [1, 6], [-131, -48]]
[[1, 0], [1, 6], [-169, -30]]
[[1, 0], [1, 6], [-329, -984]]
[[1, 0], [1, 6], [-3569, -504]]
[[1, 0], [1, 6], [-371, -738]]
[[1, 0], [1, 6], [-509, -102]]
[[1, 0], [1, 6], [-545, -72]]
[[1, 0], [1, 6], [-6971, -498]]
[[1, 0], [1, 72], [-139, -168]]
[[1, 0], [1, 72], [-335, -504]]
[[1, 0], [1, 72], [-83, -72]]
[[1, 0], [1, 738], [-5, -738]]
[[1, 0], [1, 75], [-49, -600]]
[[1, 0], [1, 7], [-139, -112]]
[[1, 0], [1, 7], [-3065, -504]]
[[1, 0], [1, 7], [-473, -72]]
[[1, 0], [1, 7], [-49, -15]]
[[1, 0], [1, 82], [-13, -82]]
[[1, 0], [1, 82], [-25, -984]]
[[1, 0], [1, 82], [-29, -738]]
[[1, 0], [1, 82], [-35, -656]]
[[1, 0], [1, 82], [-55, -574]]
[[1, 0], [1, 84], [-293, -504]]
[[1, 0], [1, 84], [-7, -96]]
[[1, 0], [1, 8], [-1663, -512]]
[[1, 0], [1, 8], [-247, -984]]
[[1, 0], [1, 8], [-259, -104]]
[[1, 0], [1, 8], [-263, -792]]
[[1, 0], [1, 8], [-2687, -504]]
[[1, 0], [1, 8], [-331, -656]]
[[1, 0], [1, 8], [-371, -16]]
[[1, 0], [1, 8], [-419, -72]]
[[1, 0], [1, 8], [-443, -592]]
[[1, 0], [1, 8], [-59, -144]]
[[1, 0], [1, 8], [-643, -552]]
[[1, 0], [1, 8], [-7811, -496]]
[[1, 0], [1, 96], [-47, -576]]
[[1, 0], [1, 99], [-329, -99]]
[[1, 0], [1, 99], [-439, -165]]
[[1, 0], [1, 99], [-989, -495]]
[[1, 0], [1, 9], [-19, -48]]
[[1, 0], [1, 9], [-1979, -99]]
[[1, 0], [1, 9], [-2393, -504]]
[[1, 0], [1, 9], [-329, -9]]
[[1, 0], [1, 9], [-377, -72]]
[[1, 0], [1, 9], [-439, -15]]
[[1, 0], [1, 9], [-769, -33]]
[[1, 0], [1, 9], [-9239, -495]]
[[1, 0], [1, 9], [-989, -45]]
[[1, 0], [10, 123], [-74, -615]]
[[1, 0], [10, 123], [-89, -984]]
[[1, 0], [10, 27], [-49, -120]]
[[1, 0], [10, 27], [-94, -57]]
[[1, 0], [10, 41], [-211, -656]]
[[1, 0], [10, 41], [-214, -615]]
[[1, 0], [10, 41], [-265, -984]]
[[1, 0], [10, 41], [-298, -533]]
[[1, 0], [10, 41], [-46, -123]]
[[1, 0], [100, 123], [-524, -615]]
[[1, 0], [100, 123], [-809, -984]]
[[1, 0], [101, 123], [-109, -123]]
[[1, 0], [101, 123], [-179, -205]]
[[1, 0], [101, 123], [-273, -328]]
[[1, 0], [101, 123], [-529, -615]]
[[1, 0], [101, 123], [-817, -984]]
[[1, 0], [101, 164], [-419, -656]]
[[1, 0], [101, 164], [-613, -984]]
[[1, 0], [101, 205], [-319, -615]]
[[1, 0], [101, 246], [-137, -328]]
[[1, 0], [101, 246], [-311, -738]]
[[1, 0], [101, 246], [-409, -984]]
[[1, 0], [101, 328], [-211, -656]]
[[1, 0], [101, 328], [-307, -984]]
[[1, 0], [101, 656], [-107, -656]]
[[1, 0], [103, 123], [-539, -615]]
[[1, 0], [103, 123], [-833, -984]]
[[1, 0], [103, 164], [-427, -656]]
[[1, 0], [103, 164], [-625, -984]]
[[1, 0], [103, 246], [-317, -738]]
[[1, 0], [103, 328], [-109, -328]]
[[1, 0], [103, 328], [-157, -492]]
[[1, 0], [103, 328], [-215, -656]]
[[1, 0], [103, 328], [-313, -984]]
[[1, 0], [103, 492], [-209, -984]]
[[1, 0], [103, 738], [-107, -738]]
[[1, 0], [104, 123], [-112, -123]]
[[1, 0], [104, 123], [-184, -205]]
[[1, 0], [104, 123], [-281, -328]]
[[1, 0], [104, 123], [-544, -615]]
[[1, 0], [104, 123], [-841, -984]]
[[1, 0], [105, 164], [-435, -656]]
[[1, 0], [105, 164], [-637, -984]]
[[1, 0], [105, 328], [-219, -656]]
[[1, 0], [105, 328], [-319, -984]]
[[1, 0], [105, 533], [-129, -533]]
[[1, 0], [106, 123], [-554, -615]]
[[1, 0], [106, 123], [-857, -984]]
[[1, 0], [106, 205], [-334, -615]]
[[1, 0], [107, 123], [-115, -123]]
[[1, 0], [107, 123], [-189, -205]]
[[1, 0], [107, 123], [-289, -328]]
[[1, 0], [107, 123], [-559, -615]]
[[1, 0], [107, 123], [-865, -984]]
[[1, 0], [107, 164], [-443, -656]]
[[1, 0], [107, 164], [-649, -984]]
[[1, 0], [107, 246], [-145, -328]]
[[1, 0], [107, 246], [-329, -738]]
[[1, 0], [107, 246], [-433, -984]]
[[1, 0], [107, 328], [-113, -328]]
[[1, 0], [107, 328], [-163, -492]]
[[1, 0], [107, 328], [-223, -656]]
[[1, 0], [107, 328], [-325, -984]]
[[1, 0], [107, 492], [-217, -984]]
[[1, 0], [109, 123], [-569, -615]]
[[1, 0], [109, 123], [-881, -984]]
[[1, 0], [109, 164], [-661, -984]]
[[1, 0], [109, 246], [-335, -738]]
[[1, 0], [109, 328], [-227, -656]]
[[1, 0], [109, 328], [-331, -984]]
[[1, 0], [109, 492], [-221, -984]]
[[1, 0], [109, 656], [-115, -656]]
[[1, 0], [109, 738], [-113, -738]]
[[1, 0], [11, 123], [-29, -205]]
[[1, 0], [11, 123], [-33, -328]]
[[1, 0], [11, 123], [-79, -615]]
[[1, 0], [11, 123], [-97, -984]]
[[1, 0], [11, 12], [-1099, -528]]
[[1, 0], [11, 12], [-1375, -516]]
[[1, 0], [11, 12], [-145, -24]]
[[1, 0], [11, 12], [-2225, -504]]
[[1, 0], [11, 12], [-259, -208]]
[[1, 0], [11, 12], [-329, -180]]
[[1, 0], [11, 12], [-329, -328]]
[[1, 0], [11, 12], [-353, -72]]
[[1, 0], [11, 12], [-769, -168]]
[[1, 0], [11, 12], [-769, -660]]
[[1, 0], [11, 12], [-805, -744]]
[[1, 0], [11, 12], [-815, -576]]
[[1, 0], [11, 12], [-845, -564]]
[[1, 0], [11, 12], [-985, -984]]
[[1, 0], [11, 15], [-127, -123]]
[[1, 0], [11, 15], [-1319, -99]]
[[1, 0], [11, 15], [-2089, -165]]
[[1, 0], [11, 15], [-209, -205]]
[[1, 0], [11, 15], [-45, -41]]
[[1, 0], [11, 15], [-5939, -495]]
[[1, 0], [11, 15], [-619, -615]]
[[1, 0], [11, 15], [-689, -45]]
[[1, 0], [11, 164], [-59, -656]]
[[1, 0], [11, 164], [-73, -984]]
[[1, 0], [11, 205], [-49, -615]]
[[1, 0], [11, 20], [-125, -108]]
[[1, 0], [11, 20], [-95, -128]]
[[1, 0], [11, 246], [-17, -328]]
[[1, 0], [11, 246], [-49, -984]]
[[1, 0], [11, 24], [-107, -144]]
[[1, 0], [11, 24], [-1133, -504]]
[[1, 0], [11, 24], [-119, -36]]
[[1, 0], [11, 24], [-165, -328]]
[[1, 0], [11, 24], [-197, -72]]
[[1, 0], [11, 24], [-199, -300]]
[[1, 0], [11, 24], [-223, -84]]
[[1, 0], [11, 24], [-229, -276]]
[[1, 0], [11, 24], [-247, -492]]
[[1, 0], [11, 24], [-35, -54]]
[[1, 0], [11, 24], [-45, -46]]
[[1, 0], [11, 24], [-493, -984]]
[[1, 0], [11, 24], [-587, -252]]
[[1, 0], [11, 24], [-83, -164]]
[[1, 0], [11, 30], [-349, -840]]
[[1, 0], [11, 30], [-679, -510]]
[[1, 0], [11, 328], [-17, -328]]
[[1, 0], [11, 328], [-19, -492]]
[[1, 0], [11, 328], [-31, -656]]
[[1, 0], [11, 328], [-37, -984]]
[[1, 0], [11, 40], [-239, -720]]
[[1, 0], [11, 40], [-34, -105]]
[[1, 0], [11, 40], [-389, -520]]
[[1, 0], [11, 40], [-64, -65]]
[[1, 0], [11, 41], [-227, -656]]
[[1, 0], [11, 41], [-229, -615]]
[[1, 0], [11, 41], [-289, -984]]
[[1, 0], [11, 41], [-311, -533]]
[[1, 0], [11, 41], [-49, -123]]
[[1, 0], [11, 492], [-25, -984]]
[[1, 0], [11, 82], [-115, -656]]
[[1, 0], [11, 82], [-119, -738]]
[[1, 0], [11, 82], [-125, -574]]
[[1, 0], [11, 82], [-145, -984]]
[[1, 0], [11, 82], [-23, -82]]
[[1, 0], [110, 123], [-118, -123]]
[[1, 0], [110, 123], [-194, -205]]
[[1, 0], [110, 123], [-297, -328]]
[[1, 0], [110, 123], [-889, -984]]
[[1, 0], [111, 164], [-459, -656]]
[[1, 0], [111, 164], [-673, -984]]
[[1, 0], [111, 205], [-349, -615]]
[[1, 0], [111, 328], [-117, -328]]
[[1, 0], [111, 328], [-169, -492]]
[[1, 0], [111, 328], [-231, -656]]
[[1, 0], [111, 328], [-337, -984]]
[[1, 0], [112, 123], [-584, -615]]
[[1, 0], [112, 123], [-905, -984]]
[[1, 0], [113, 123], [-121, -123]]
[[1, 0], [113, 123], [-199, -205]]
[[1, 0], [113, 123], [-305, -328]]
[[1, 0], [113, 123], [-589, -615]]
[[1, 0], [113, 123], [-913, -984]]
[[1, 0], [113, 164], [-467, -656]]
[[1, 0], [113, 164], [-685, -984]]
[[1, 0], [113, 168], [-503, -504]]
[[1, 0], [113, 246], [-153, -328]]
[[1, 0], [113, 246], [-347, -738]]
[[1, 0], [113, 246], [-457, -984]]
[[1, 0], [113, 328], [-235, -656]]
[[1, 0], [113, 328], [-343, -984]]
[[1, 0], [113, 492], [-229, -984]]
[[1, 0], [113, 574], [-125, -574]]
[[1, 0], [113, 656], [-119, -656]]
[[1, 0], [113, 984], [-115, -984]]
[[1, 0], [115, 123], [-599, -615]]
[[1, 0], [115, 123], [-929, -984]]
[[1, 0], [115, 164], [-475, -656]]
[[1, 0], [115, 246], [-353, -738]]
[[1, 0], [115, 328], [-121, -328]]
[[1, 0], [115, 328], [-175, -492]]
[[1, 0], [115, 328], [-239, -656]]
[[1, 0], [115, 328], [-349, -984]]
[[1, 0], [115, 492], [-233, -984]]
[[1, 0], [116, 123], [-204, -205]]
[[1, 0], [116, 123], [-313, -328]]
[[1, 0], [116, 123], [-604, -615]]
[[1, 0], [116, 123], [-937, -984]]
[[1, 0], [116, 205], [-364, -615]]
[[1, 0], [117, 164], [-483, -656]]
[[1, 0], [117, 164], [-709, -984]]
[[1, 0], [117, 328], [-243, -656]]
[[1, 0], [117, 328], [-355, -984]]
[[1, 0], [118, 123], [-614, -615]]
[[1, 0], [118, 123], [-953, -984]]
[[1, 0], [118, 533], [-142, -533]]
[[1, 0], [119, 123], [-127, -123]]
[[1, 0], [119, 123], [-209, -205]]
[[1, 0], [119, 123], [-321, -328]]
[[1, 0], [119, 123], [-619, -615]]
[[1, 0], [119, 123], [-961, -984]]
[[1, 0], [119, 164], [-491, -656]]
[[1, 0], [119, 164], [-721, -984]]
[[1, 0], [119, 246], [-161, -328]]
[[1, 0], [119, 246], [-365, -738]]
[[1, 0], [119, 246], [-481, -984]]
[[1, 0], [119, 328], [-125, -328]]
[[1, 0], [119, 328], [-181, -492]]
[[1, 0], [119, 328], [-247, -656]]
[[1, 0], [119, 328], [-361, -984]]
[[1, 0], [119, 492], [-241, -984]]
[[1, 0], [12, 41], [-243, -656]]
[[1, 0], [12, 41], [-244, -615]]
[[1, 0], [12, 41], [-313, -984]]
[[1, 0], [12, 41], [-324, -533]]
[[1, 0], [12, 41], [-52, -123]]
[[1, 0], [121, 123], [-629, -615]]
[[1, 0], [121, 123], [-977, -984]]
[[1, 0], [121, 144], [-175, -192]]
[[1, 0], [121, 164], [-499, -656]]
[[1, 0], [121, 164], [-733, -984]]
[[1, 0], [121, 205], [-379, -615]]
[[1, 0], [121, 246], [-371, -738]]
[[1, 0], [121, 328], [-251, -656]]
[[1, 0], [121, 328], [-367, -984]]
[[1, 0], [121, 492], [-245, -984]]
[[1, 0], [121, 738], [-125, -738]]
[[1, 0], [122, 123], [-130, -123]]
[[1, 0], [122, 123], [-214, -205]]
[[1, 0], [122, 123], [-329, -328]]
[[1, 0], [122, 123], [-634, -615]]
[[1, 0], [122, 123], [-985, -984]]
[[1, 0], [125, 164], [-515, -656]]
[[1, 0], [125, 164], [-757, -984]]
[[1, 0], [125, 246], [-169, -328]]
[[1, 0], [125, 246], [-383, -738]]
[[1, 0], [125, 246], [-505, -984]]
[[1, 0], [125, 248], [-619, -496]]
[[1, 0], [125, 328], [-259, -656]]
[[1, 0], [125, 328], [-379, -984]]
[[1, 0], [125, 492], [-253, -984]]
[[1, 0], [125, 496], [-371, -496]]
[[1, 0], [125, 656], [-131, -656]]
[[1, 0], [126, 205], [-394, -615]]
[[1, 0], [127, 164], [-523, -656]]
[[1, 0], [127, 164], [-769, -984]]
[[1, 0], [127, 168], [-293, -252]]
[[1, 0], [127, 168], [-545, -504]]
[[1, 0], [127, 246], [-389, -738]]
[[1, 0], [127, 252], [-377, -504]]
[[1, 0], [127, 328], [-133, -328]]
[[1, 0], [127, 328], [-193, -492]]
[[1, 0], [127, 328], [-263, -656]]
[[1, 0], [127, 328], [-385, -984]]
[[1, 0], [127, 492], [-257, -984]]
[[1, 0], [127, 504], [-209, -504]]
[[1, 0], [127, 574], [-139, -574]]
[[1, 0], [127, 738], [-131, -738]]
[[1, 0], [129, 164], [-531, -656]]
[[1, 0], [129, 164], [-781, -984]]
[[1, 0], [129, 328], [-267, -656]]
[[1, 0], [129, 328], [-391, -984]]
[[1, 0], [129, 656], [-135, -656]]
[[1, 0], [13, 123], [-113, -984]]
[[1, 0], [13, 123], [-89, -615]]
[[1, 0], [13, 144], [-31, -192]]
[[1, 0], [13, 164], [-67, -656]]
[[1, 0], [13, 164], [-85, -984]]
[[1, 0], [13, 16], [-1177, -124]]
[[1, 0], [13, 16], [-167, -164]]
[[1, 0], [13, 16], [-175, -64]]
[[1, 0], [13, 16], [-2231, -248]]
[[1, 0], [13, 16], [-259, -16]]
[[1, 0], [13, 16], [-331, -328]]
[[1, 0], [13, 16], [-4339, -496]]
[[1, 0], [13, 16], [-44, -41]]
[[1, 0], [13, 16], [-659, -656]]
[[1, 0], [13, 16], [-85, -82]]
[[1, 0], [13, 18], [-113, -24]]
[[1, 0], [13, 18], [-1553, -504]]
[[1, 0], [13, 18], [-197, -216]]
[[1, 0], [13, 18], [-209, -56]]
[[1, 0], [13, 18], [-257, -72]]
[[1, 0], [13, 18], [-545, -168]]
[[1, 0], [13, 18], [-593, -594]]
[[1, 0], [13, 18], [-617, -738]]
[[1, 0], [13, 18], [-869, -522]]
[[1, 0], [13, 246], [-47, -738]]
[[1, 0], [13, 24], [-1175, -504]]
[[1, 0], [13, 24], [-203, -72]]
[[1, 0], [13, 24], [-575, -984]]
[[1, 0], [13, 24], [-67, -48]]
[[1, 0], [13, 328], [-35, -656]]
[[1, 0], [13, 328], [-43, -984]]
[[1, 0], [13, 36], [-101, -204]]
[[1, 0], [13, 36], [-109, -264]]
[[1, 0], [13, 36], [-125, -56]]
[[1, 0], [13, 36], [-149, -72]]
[[1, 0], [13, 36], [-293, -168]]
[[1, 0], [13, 36], [-359, -540]]
[[1, 0], [13, 36], [-49, -60]]
[[1, 0], [13, 36], [-797, -504]]
[[1, 0], [13, 41], [-259, -615]]
[[1, 0], [13, 41], [-259, -656]]
[[1, 0], [13, 41], [-337, -533]]
[[1, 0], [13, 41], [-337, -984]]
[[1, 0], [13, 41], [-55, -123]]
[[1, 0], [13, 48], [-119, -288]]
[[1, 0], [13, 48], [-223, -672]]
[[1, 0], [13, 48], [-307, -528]]
[[1, 0], [13, 48], [-59, -180]]
[[1, 0], [13, 492], [-29, -984]]
[[1, 0], [13, 656], [-19, -656]]
[[1, 0], [13, 72], [-167, -168]]
[[1, 0], [13, 72], [-19, -80]]
[[1, 0], [13, 72], [-419, -504]]
[[1, 0], [13, 738], [-17, -738]]
[[1, 0], [13, 82], [-131, -656]]
[[1, 0], [13, 82], [-137, -738]]
[[1, 0], [13, 82], [-139, -574]]
[[1, 0], [13, 82], [-169, -984]]
[[1, 0], [13, 82], [-25, -82]]
[[1, 0], [131, 164], [-539, -656]]
[[1, 0], [131, 164], [-793, -984]]
[[1, 0], [131, 205], [-409, -615]]
[[1, 0], [131, 246], [-177, -328]]
[[1, 0], [131, 246], [-401, -738]]
[[1, 0], [131, 246], [-529, -984]]
[[1, 0], [131, 328], [-137, -328]]
[[1, 0], [131, 328], [-199, -492]]
[[1, 0], [131, 328], [-271, -656]]
[[1, 0], [131, 328], [-397, -984]]
[[1, 0], [131, 492], [-265, -984]]
[[1, 0], [131, 533], [-155, -533]]
[[1, 0], [133, 144], [-191, -192]]
[[1, 0], [133, 164], [-547, -656]]
[[1, 0], [133, 164], [-805, -984]]
[[1, 0], [133, 246], [-407, -738]]
[[1, 0], [133, 264], [-307, -528]]
[[1, 0], [133, 328], [-275, -656]]
[[1, 0], [133, 328], [-403, -984]]
[[1, 0], [133, 492], [-269, -984]]
[[1, 0], [133, 656], [-139, -656]]
[[1, 0], [135, 164], [-555, -656]]
[[1, 0], [135, 164], [-817, -984]]
[[1, 0], [135, 328], [-141, -328]]
[[1, 0], [135, 328], [-279, -656]]
[[1, 0], [135, 328], [-409, -984]]
[[1, 0], [136, 205], [-424, -615]]
[[1, 0], [137, 164], [-563, -656]]
[[1, 0], [137, 164], [-829, -984]]
[[1, 0], [137, 246], [-185, -328]]
[[1, 0], [137, 246], [-419, -738]]
[[1, 0], [137, 246], [-553, -984]]
[[1, 0], [137, 328], [-283, -656]]
[[1, 0], [137, 328], [-415, -984]]
[[1, 0], [137, 492], [-277, -984]]
[[1, 0], [137, 984], [-139, -984]]
[[1, 0], [139, 164], [-571, -656]]
[[1, 0], [139, 164], [-841, -984]]
[[1, 0], [139, 184], [-229, -276]]
[[1, 0], [139, 246], [-425, -738]]
[[1, 0], [139, 328], [-145, -328]]
[[1, 0], [139, 328], [-211, -492]]
[[1, 0], [139, 328], [-421, -984]]
[[1, 0], [139, 492], [-281, -984]]
[[1, 0], [139, 738], [-143, -738]]
[[1, 0], [14, 123], [-121, -984]]
[[1, 0], [14, 123], [-34, -205]]
[[1, 0], [14, 123], [-94, -615]]
[[1, 0], [14, 39], [-29, -72]]
[[1, 0], [14, 41], [-274, -615]]
[[1, 0], [14, 41], [-275, -656]]
[[1, 0], [14, 41], [-350, -533]]
[[1, 0], [14, 41], [-361, -984]]
[[1, 0], [14, 41], [-58, -123]]
[[1, 0], [14, 533], [-38, -533]]
[[1, 0], [141, 164], [-579, -656]]
[[1, 0], [141, 164], [-853, -984]]
[[1, 0], [141, 205], [-439, -615]]
[[1, 0], [141, 328], [-291, -656]]
[[1, 0], [141, 328], [-427, -984]]
[[1, 0], [141, 574], [-153, -574]]
[[1, 0], [141, 656], [-147, -656]]
[[1, 0], [143, 164], [-587, -656]]
[[1, 0], [143, 164], [-865, -984]]
[[1, 0], [143, 246], [-193, -328]]
[[1, 0], [143, 246], [-437, -738]]
[[1, 0], [143, 246], [-577, -984]]
[[1, 0], [143, 328], [-149, -328]]
[[1, 0], [143, 328], [-217, -492]]
[[1, 0], [143, 328], [-295, -656]]
[[1, 0], [143, 328], [-433, -984]]
[[1, 0], [143, 492], [-289, -984]]
[[1, 0], [144, 533], [-168, -533]]
[[1, 0], [145, 164], [-595, -656]]
[[1, 0], [145, 164], [-877, -984]]
[[1, 0], [145, 246], [-443, -738]]
[[1, 0], [145, 328], [-299, -656]]
[[1, 0], [145, 328], [-439, -984]]
[[1, 0], [145, 492], [-293, -984]]
[[1, 0], [145, 656], [-151, -656]]
[[1, 0], [145, 738], [-149, -738]]
[[1, 0], [146, 205], [-454, -615]]
[[1, 0], [147, 164], [-603, -656]]
[[1, 0], [147, 164], [-889, -984]]
[[1, 0], [147, 328], [-153, -328]]
[[1, 0], [147, 328], [-223, -492]]
[[1, 0], [147, 328], [-303, -656]]
[[1, 0], [147, 328], [-445, -984]]
[[1, 0], [149, 164], [-611, -656]]
[[1, 0], [149, 164], [-901, -984]]
[[1, 0], [149, 246], [-201, -328]]
[[1, 0], [149, 246], [-455, -738]]
[[1, 0], [149, 246], [-601, -984]]
[[1, 0], [149, 328], [-307, -656]]
[[1, 0], [149, 492], [-301, -984]]
[[1, 0], [149, 656], [-155, -656]]
[[1, 0], [15, 164], [-75, -656]]
[[1, 0], [15, 164], [-97, -984]]
[[1, 0], [15, 28], [-1049, -504]]
[[1, 0], [15, 28], [-185, -72]]
[[1, 0], [15, 28], [-531, -532]]
[[1, 0], [15, 28], [-83, -144]]
[[1, 0], [15, 328], [-21, -328]]
[[1, 0], [15, 328], [-25, -492]]
[[1, 0], [15, 328], [-39, -656]]
[[1, 0], [15, 328], [-49, -984]]
[[1, 0], [15, 41], [-289, -615]]
[[1, 0], [15, 41], [-291, -656]]
[[1, 0], [15, 41], [-363, -533]]
[[1, 0], [15, 41], [-385, -984]]
[[1, 0], [15, 41], [-61, -123]]
[[1, 0], [15, 56], [-104, -63]]
[[1, 0], [15, 56], [-113, -72]]
[[1, 0], [15, 56], [-167, -126]]
[[1, 0], [15, 56], [-19, -60]]
[[1, 0], [15, 56], [-293, -252]]
[[1, 0], [15, 56], [-39, -80]]
[[1, 0], [15, 56], [-545, -504]]
[[1, 0], [15, 82], [-147, -656]]
[[1, 0], [15, 82], [-153, -574]]
[[1, 0], [15, 82], [-155, -738]]
[[1, 0], [15, 82], [-193, -984]]
[[1, 0], [151, 164], [-619, -656]]
[[1, 0], [151, 164], [-913, -984]]
[[1, 0], [151, 205], [-469, -615]]
[[1, 0], [151, 246], [-461, -738]]
[[1, 0], [151, 328], [-157, -328]]
[[1, 0], [151, 328], [-229, -492]]
[[1, 0], [151, 328], [-311, -656]]
[[1, 0], [151, 328], [-457, -984]]
[[1, 0], [151, 492], [-305, -984]]
[[1, 0], [153, 164], [-627, -656]]
[[1, 0], [153, 164], [-925, -984]]
[[1, 0], [153, 328], [-315, -656]]
[[1, 0], [153, 328], [-463, -984]]
[[1, 0], [155, 164], [-635, -656]]
[[1, 0], [155, 164], [-937, -984]]
[[1, 0], [155, 168], [-335, -252]]
[[1, 0], [155, 168], [-629, -504]]
[[1, 0], [155, 246], [-209, -328]]
[[1, 0], [155, 246], [-473, -738]]
[[1, 0], [155, 246], [-625, -984]]
[[1, 0], [155, 328], [-161, -328]]
[[1, 0], [155, 328], [-235, -492]]
[[1, 0], [155, 328], [-319, -656]]
[[1, 0], [155, 328], [-469, -984]]
[[1, 0], [155, 492], [-313, -984]]
[[1, 0], [155, 574], [-167, -574]]
[[1, 0], [156, 205], [-484, -615]]
[[1, 0], [157, 164], [-643, -656]]
[[1, 0], [157, 164], [-949, -984]]
[[1, 0], [157, 246], [-479, -738]]
[[1, 0], [157, 328], [-323, -656]]
[[1, 0], [157, 328], [-475, -984]]
[[1, 0], [157, 492], [-317, -984]]
[[1, 0], [157, 533], [-181, -533]]
[[1, 0], [157, 656], [-163, -656]]
[[1, 0], [157, 738], [-161, -738]]
[[1, 0], [159, 164], [-651, -656]]
[[1, 0], [159, 164], [-961, -984]]
[[1, 0], [159, 328], [-165, -328]]
[[1, 0], [159, 328], [-241, -492]]
[[1, 0], [159, 328], [-327, -656]]
[[1, 0], [159, 328], [-481, -984]]
[[1, 0], [16, 123], [-104, -615]]
[[1, 0], [16, 123], [-137, -984]]
[[1, 0], [16, 205], [-64, -615]]
[[1, 0], [16, 41], [-304, -615]]
[[1, 0], [16, 41], [-307, -656]]
[[1, 0], [16, 41], [-376, -533]]
[[1, 0], [16, 41], [-409, -984]]
[[1, 0], [16, 41], [-64, -123]]
[[1, 0], [16, 45], [-2144, -495]]
[[1, 0], [16, 45], [-344, -45]]
[[1, 0], [16, 45], [-384, -55]]
[[1, 0], [16, 45], [-560, -99]]
[[1, 0], [16, 45], [-824, -165]]
[[1, 0], [161, 164], [-659, -656]]
[[1, 0], [161, 164], [-973, -984]]
[[1, 0], [161, 205], [-499, -615]]
[[1, 0], [161, 246], [-217, -328]]
[[1, 0], [161, 246], [-491, -738]]
[[1, 0], [161, 246], [-649, -984]]
[[1, 0], [161, 328], [-331, -656]]
[[1, 0], [161, 328], [-487, -984]]
[[1, 0], [161, 492], [-325, -984]]
[[1, 0], [161, 656], [-167, -656]]
[[1, 0], [163, 164], [-667, -656]]
[[1, 0], [163, 164], [-985, -984]]
[[1, 0], [163, 246], [-497, -738]]
[[1, 0], [163, 328], [-247, -492]]
[[1, 0], [163, 328], [-335, -656]]
[[1, 0], [163, 328], [-493, -984]]
[[1, 0], [163, 492], [-329, -984]]
[[1, 0], [163, 738], [-167, -738]]
[[1, 0], [165, 328], [-339, -656]]
[[1, 0], [165, 328], [-499, -984]]
[[1, 0], [165, 656], [-171, -656]]
[[1, 0], [166, 205], [-514, -615]]
[[1, 0], [167, 246], [-225, -328]]
[[1, 0], [167, 246], [-509, -738]]
[[1, 0], [167, 246], [-673, -984]]
[[1, 0], [167, 328], [-253, -492]]
[[1, 0], [167, 328], [-343, -656]]
[[1, 0], [167, 328], [-505, -984]]
[[1, 0], [167, 492], [-337, -984]]
[[1, 0], [167, 498], [-331, -498]]
[[1, 0], [169, 246], [-515, -738]]
[[1, 0], [169, 252], [-461, -504]]
[[1, 0], [169, 328], [-347, -656]]
[[1, 0], [169, 328], [-511, -984]]
[[1, 0], [169, 492], [-341, -984]]
[[1, 0], [169, 504], [-251, -504]]
[[1, 0], [169, 574], [-181, -574]]
[[1, 0], [17, 123], [-109, -615]]
[[1, 0], [17, 123], [-145, -984]]
[[1, 0], [17, 123], [-39, -205]]
[[1, 0], [17, 123], [-49, -328]]
[[1, 0], [17, 164], [-109, -984]]
[[1, 0], [17, 164], [-83, -656]]
[[1, 0], [17, 246], [-25, -328]]
[[1, 0], [17, 246], [-59, -738]]
[[1, 0], [17, 246], [-73, -984]]
[[1, 0], [17, 24], [-1259, -504]]
[[1, 0], [17, 24], [-215, -72]]
[[1, 0], [17, 24], [-247, -328]]
[[1, 0], [17, 24], [-739, -984]]
[[1, 0], [17, 328], [-43, -656]]
[[1, 0], [17, 328], [-55, -984]]
[[1, 0], [17, 32], [-125, -216]]
[[1, 0], [17, 41], [-319, -615]]
[[1, 0], [17, 41], [-323, -656]]
[[1, 0], [17, 41], [-389, -533]]
[[1, 0], [17, 41], [-433, -984]]
[[1, 0], [17, 41], [-67, -123]]
[[1, 0], [17, 492], [-37, -984]]
[[1, 0], [17, 64], [-191, -256]]
[[1, 0], [17, 656], [-23, -656]]
[[1, 0], [17, 82], [-163, -656]]
[[1, 0], [17, 82], [-167, -574]]
[[1, 0], [17, 82], [-173, -738]]
[[1, 0], [17, 82], [-217, -984]]
[[1, 0], [17, 82], [-29, -82]]
[[1, 0], [17, 96], [-143, -576]]
[[1, 0], [17, 984], [-19, -984]]
[[1, 0], [170, 533], [-194, -533]]
[[1, 0], [171, 205], [-529, -615]]
[[1, 0], [171, 328], [-259, -492]]
[[1, 0], [171, 328], [-351, -656]]
[[1, 0], [171, 328], [-517, -984]]
[[1, 0], [173, 246], [-233, -328]]
[[1, 0], [173, 246], [-527, -738]]
[[1, 0], [173, 328], [-355, -656]]
[[1, 0], [173, 328], [-523, -984]]
[[1, 0], [173, 492], [-349, -984]]
[[1, 0], [175, 328], [-265, -492]]
[[1, 0], [175, 328], [-359, -656]]
[[1, 0], [175, 328], [-529, -984]]
[[1, 0], [175, 492], [-353, -984]]
[[1, 0], [175, 738], [-179, -738]]
[[1, 0], [176, 205], [-544, -615]]
[[1, 0], [177, 328], [-363, -656]]
[[1, 0], [177, 328], [-535, -984]]
[[1, 0], [177, 656], [-183, -656]]
[[1, 0], [179, 246], [-241, -328]]
[[1, 0], [179, 246], [-545, -738]]
[[1, 0], [179, 246], [-721, -984]]
[[1, 0], [179, 328], [-271, -492]]
[[1, 0], [179, 328], [-367, -656]]
[[1, 0], [179, 328], [-541, -984]]
[[1, 0], [179, 492], [-361, -984]]
[[1, 0], [18, 41], [-334, -615]]
[[1, 0], [18, 41], [-339, -656]]
[[1, 0], [18, 41], [-402, -533]]
[[1, 0], [18, 41], [-42, -41]]
[[1, 0], [18, 41], [-457, -984]]
[[1, 0], [18, 41], [-70, -123]]
[[1, 0], [181, 205], [-559, -615]]
[[1, 0], [181, 246], [-551, -738]]
[[1, 0], [181, 328], [-371, -656]]
[[1, 0], [181, 328], [-547, -984]]
[[1, 0], [181, 492], [-365, -984]]
[[1, 0], [181, 656], [-187, -656]]
[[1, 0], [181, 738], [-185, -738]]
[[1, 0], [183, 328], [-277, -492]]
[[1, 0], [183, 328], [-375, -656]]
[[1, 0], [183, 328], [-553, -984]]
[[1, 0], [183, 533], [-207, -533]]
[[1, 0], [183, 574], [-195, -574]]
[[1, 0], [185, 246], [-249, -328]]
[[1, 0], [185, 246], [-563, -738]]
[[1, 0], [185, 246], [-745, -984]]
[[1, 0], [185, 328], [-379, -656]]
[[1, 0], [185, 328], [-559, -984]]
[[1, 0], [185, 492], [-373, -984]]
[[1, 0], [185, 984], [-187, -984]]
[[1, 0], [187, 246], [-569, -738]]
[[1, 0], [187, 248], [-743, -496]]
[[1, 0], [187, 328], [-283, -492]]
[[1, 0], [187, 328], [-383, -656]]
[[1, 0], [187, 328], [-565, -984]]
[[1, 0], [187, 492], [-377, -984]]
[[1, 0], [189, 328], [-387, -656]]
[[1, 0], [189, 328], [-571, -984]]
[[1, 0], [189, 656], [-195, -656]]
[[1, 0], [19, 108], [-59, -180]]
[[1, 0], [19, 123], [-119, -615]]
[[1, 0], [19, 123], [-161, -984]]
[[1, 0], [19, 164], [-121, -984]]
[[1, 0], [19, 164], [-91, -656]]
[[1, 0], [19, 246], [-65, -738]]
[[1, 0], [19, 24], [-1301, -504]]
[[1, 0], [19, 24], [-131, -36]]
[[1, 0], [19, 24], [-155, -144]]
[[1, 0], [19, 24], [-221, -72]]
[[1, 0], [19, 24], [-299, -300]]
[[1, 0], [19, 24], [-307, -336]]
[[1, 0], [19, 24], [-373, -264]]
[[1, 0], [19, 24], [-671, -252]]
[[1, 0], [19, 24], [-79, -48]]
[[1, 0], [19, 24], [-821, -984]]
[[1, 0], [19, 27], [-113, -57]]
[[1, 0], [19, 27], [-89, -120]]
[[1, 0], [19, 328], [-25, -328]]
[[1, 0], [19, 328], [-31, -492]]
[[1, 0], [19, 328], [-47, -656]]
[[1, 0], [19, 328], [-61, -984]]
[[1, 0], [19, 36], [-161, -72]]
[[1, 0], [19, 36], [-449, -540]]
[[1, 0], [19, 36], [-881, -504]]
[[1, 0], [19, 41], [-349, -615]]
[[1, 0], [19, 41], [-355, -656]]
[[1, 0], [19, 41], [-415, -533]]
[[1, 0], [19, 41], [-43, -41]]
[[1, 0], [19, 41], [-481, -984]]
[[1, 0], [19, 41], [-73, -123]]
[[1, 0], [19, 54], [-269, -648]]
[[1, 0], [19, 72], [-101, -72]]
[[1, 0], [19, 72], [-181, -168]]
[[1, 0], [19, 72], [-251, -252]]
[[1, 0], [19, 72], [-461, -504]]
[[1, 0], [19, 72], [-53, -162]]
[[1, 0], [19, 738], [-23, -738]]
[[1, 0], [19, 82], [-179, -656]]
[[1, 0], [19, 82], [-181, -574]]
[[1, 0], [19, 82], [-191, -738]]
[[1, 0], [19, 82], [-241, -984]]
[[1, 0], [19, 82], [-31, -82]]
[[1, 0], [191, 205], [-589, -615]]
[[1, 0], [191, 246], [-257, -328]]
[[1, 0], [191, 246], [-581, -738]]
[[1, 0], [191, 246], [-769, -984]]
[[1, 0], [191, 328], [-289, -492]]
[[1, 0], [191, 328], [-391, -656]]
[[1, 0], [191, 328], [-577, -984]]
[[1, 0], [191, 492], [-385, -984]]
[[1, 0], [193, 246], [-587, -738]]
[[1, 0], [193, 328], [-395, -656]]
[[1, 0], [193, 328], [-583, -984]]
[[1, 0], [193, 492], [-389, -984]]
[[1, 0], [193, 656], [-199, -656]]
[[1, 0], [193, 738], [-197, -738]]
[[1, 0], [195, 328], [-295, -492]]
[[1, 0], [195, 328], [-399, -656]]
[[1, 0], [195, 328], [-589, -984]]
[[1, 0], [196, 205], [-604, -615]]
[[1, 0], [196, 533], [-220, -533]]
[[1, 0], [197, 246], [-265, -328]]
[[1, 0], [197, 246], [-599, -738]]
[[1, 0], [197, 246], [-793, -984]]
[[1, 0], [197, 328], [-403, -656]]
[[1, 0], [197, 328], [-595, -984]]
[[1, 0], [197, 492], [-397, -984]]
[[1, 0], [197, 574], [-209, -574]]
[[1, 0], [197, 656], [-203, -656]]
[[1, 0], [199, 246], [-605, -738]]
[[1, 0], [199, 264], [-439, -528]]
[[1, 0], [199, 328], [-301, -492]]
[[1, 0], [199, 328], [-407, -656]]
[[1, 0], [199, 328], [-601, -984]]
[[1, 0], [199, 492], [-401, -984]]
[[1, 0], [199, 738], [-203, -738]]
[[1, 0], [2, 123], [-14, -205]]
[[1, 0], [2, 123], [-25, -984]]
[[1, 0], [2, 123], [-34, -615]]
[[1, 0], [2, 123], [-9, -328]]
[[1, 0], [2, 3], [-1063, -672]]
[[1, 0], [2, 3], [-1073, -72]]
[[1, 0], [2, 3], [-1094, -657]]
[[1, 0], [2, 3], [-1195, -624]]
[[1, 0], [2, 3], [-1234, -615]]
[[1, 0], [2, 3], [-1378, -591]]
[[1, 0], [2, 3], [-1885, -552]]
[[1, 0], [2, 3], [-1990, -33]]
[[1, 0], [2, 3], [-2326, -537]]
[[1, 0], [2, 3], [-2449, -168]]
[[1, 0], [2, 3], [-250, -123]]
[[1, 0], [2, 3], [-2654, -45]]
[[1, 0], [2, 3], [-27554, -495]]
[[1, 0], [2, 3], [-2771, -528]]
[[1, 0], [2, 3], [-2974, -525]]
[[1, 0], [2, 3], [-329, -328]]
[[1, 0], [2, 3], [-385, -24]]
[[1, 0], [2, 3], [-414, -205]]
[[1, 0], [2, 3], [-5642, -99]]
[[1, 0], [2, 3], [-5914, -507]]
[[1, 0], [2, 3], [-662, -9]]
[[1, 0], [2, 3], [-7265, -504]]
[[1, 0], [2, 3], [-86, -41]]
[[1, 0], [2, 3], [-89, -72]]
[[1, 0], [2, 3], [-9518, -501]]
[[1, 0], [2, 3], [-958, -861]]
[[1, 0], [2, 3], [-961, -888]]
[[1, 0], [2, 3], [-985, -984]]
[[1, 0], [2, 3], [-994, -15]]
[[1, 0], [2, 41], [-194, -533]]
[[1, 0], [2, 41], [-22, -123]]
[[1, 0], [2, 41], [-26, -41]]
[[1, 0], [2, 41], [-73, -984]]
[[1, 0], [2, 41], [-83, -656]]
[[1, 0], [2, 41], [-94, -615]]
[[1, 0], [20, 123], [-124, -615]]
[[1, 0], [20, 123], [-169, -984]]
[[1, 0], [20, 123], [-44, -205]]
[[1, 0], [20, 123], [-57, -328]]
[[1, 0], [20, 41], [-364, -615]]
[[1, 0], [20, 41], [-371, -656]]
[[1, 0], [20, 41], [-428, -533]]
[[1, 0], [20, 41], [-44, -41]]
[[1, 0], [20, 41], [-505, -984]]
[[1, 0], [20, 41], [-76, -123]]
[[1, 0], [201, 205], [-619, -615]]
[[1, 0], [201, 328], [-411, -656]]
[[1, 0], [201, 328], [-607, -984]]
[[1, 0], [203, 246], [-273, -328]]
[[1, 0], [203, 246], [-617, -738]]
[[1, 0], [203, 246], [-817, -984]]
[[1, 0], [203, 328], [-307, -492]]
[[1, 0], [203, 328], [-415, -656]]
[[1, 0], [203, 328], [-613, -984]]
[[1, 0], [203, 492], [-409, -984]]
[[1, 0], [206, 615], [-214, -615]]
[[1, 0], [207, 328], [-313, -492]]
[[1, 0], [207, 328], [-423, -656]]
[[1, 0], [207, 328], [-625, -984]]
[[1, 0], [209, 246], [-281, -328]]
[[1, 0], [209, 246], [-635, -738]]
[[1, 0], [209, 246], [-841, -984]]
[[1, 0], [209, 328], [-427, -656]]
[[1, 0], [209, 328], [-631, -984]]
[[1, 0], [209, 492], [-421, -984]]
[[1, 0], [209, 533], [-233, -533]]
[[1, 0], [209, 656], [-215, -656]]
[[1, 0], [209, 984], [-211, -984]]
[[1, 0], [21, 164], [-133, -984]]
[[1, 0], [21, 164], [-99, -656]]
[[1, 0], [21, 205], [-79, -615]]
[[1, 0], [21, 328], [-51, -656]]
[[1, 0], [21, 328], [-67, -984]]
[[1, 0], [21, 40], [-419, -720]]
[[1, 0], [21, 40], [-519, -520]]
[[1, 0], [21, 41], [-379, -615]]
[[1, 0], [21, 41], [-387, -656]]
[[1, 0], [21, 41], [-441, -533]]
[[1, 0], [21, 41], [-45, -41]]
[[1, 0], [21, 41], [-529, -984]]
[[1, 0], [21, 41], [-79, -123]]
[[1, 0], [21, 656], [-27, -656]]
[[1, 0], [21, 82], [-195, -574]]
[[1, 0], [21, 82], [-195, -656]]
[[1, 0], [21, 82], [-209, -738]]
[[1, 0], [21, 82], [-265, -984]]
[[1, 0], [21, 82], [-33, -82]]
[[1, 0], [211, 246], [-641, -738]]
[[1, 0], [211, 252], [-545, -504]]
[[1, 0], [211, 328], [-319, -492]]
[[1, 0], [211, 328], [-431, -656]]
[[1, 0], [211, 328], [-637, -984]]
[[1, 0], [211, 492], [-425, -984]]
[[1, 0], [211, 504], [-293, -504]]
[[1, 0], [211, 574], [-223, -574]]
[[1, 0], [211, 738], [-215, -738]]
[[1, 0], [213, 328], [-435, -656]]
[[1, 0], [213, 328], [-643, -984]]
[[1, 0], [213, 656], [-219, -656]]
[[1, 0], [215, 246], [-289, -328]]
[[1, 0], [215, 246], [-653, -738]]
[[1, 0], [215, 246], [-865, -984]]
[[1, 0], [215, 328], [-325, -492]]
[[1, 0], [215, 328], [-439, -656]]
[[1, 0], [215, 328], [-649, -984]]
[[1, 0], [215, 492], [-433, -984]]
[[1, 0], [217, 246], [-659, -738]]
[[1, 0], [217, 328], [-443, -656]]
[[1, 0], [217, 328], [-655, -984]]
[[1, 0], [217, 492], [-437, -984]]
[[1, 0], [217, 738], [-221, -738]]
[[1, 0], [219, 328], [-331, -492]]
[[1, 0], [219, 328], [-447, -656]]
[[1, 0], [219, 328], [-661, -984]]
[[1, 0], [22, 123], [-134, -615]]
[[1, 0], [22, 123], [-185, -984]]
[[1, 0], [22, 41], [-394, -615]]
[[1, 0], [22, 41], [-403, -656]]
[[1, 0], [22, 41], [-454, -533]]
[[1, 0], [22, 41], [-46, -41]]
[[1, 0], [22, 41], [-553, -984]]
[[1, 0], [22, 63], [-113, -72]]
[[1, 0], [22, 63], [-209, -168]]
[[1, 0], [22, 63], [-545, -504]]
[[1, 0], [221, 246], [-297, -328]]
[[1, 0], [221, 246], [-671, -738]]
[[1, 0], [221, 246], [-889, -984]]
[[1, 0], [221, 328], [-667, -984]]
[[1, 0], [221, 492], [-445, -984]]
[[1, 0], [221, 656], [-227, -656]]
[[1, 0], [223, 246], [-677, -738]]
[[1, 0], [223, 328], [-337, -492]]
[[1, 0], [223, 328], [-455, -656]]
[[1, 0], [223, 328], [-673, -984]]
[[1, 0], [223, 492], [-449, -984]]
[[1, 0], [225, 328], [-459, -656]]
[[1, 0], [225, 328], [-679, -984]]
[[1, 0], [225, 574], [-237, -574]]
[[1, 0], [225, 656], [-231, -656]]
[[1, 0], [227, 246], [-305, -328]]
[[1, 0], [227, 246], [-689, -738]]
[[1, 0], [227, 246], [-913, -984]]
[[1, 0], [227, 328], [-343, -492]]
[[1, 0], [227, 328], [-463, -656]]
[[1, 0], [227, 328], [-685, -984]]
[[1, 0], [227, 492], [-457, -984]]
[[1, 0], [229, 246], [-695, -738]]
[[1, 0], [229, 328], [-467, -656]]
[[1, 0], [229, 328], [-691, -984]]
[[1, 0], [229, 492], [-461, -984]]
[[1, 0], [229, 656], [-235, -656]]
[[1, 0], [229, 738], [-233, -738]]
[[1, 0], [23, 123], [-139, -615]]
[[1, 0], [23, 123], [-193, -984]]
[[1, 0], [23, 123], [-49, -205]]
[[1, 0], [23, 123], [-65, -328]]
[[1, 0], [23, 164], [-107, -656]]
[[1, 0], [23, 164], [-145, -984]]
[[1, 0], [23, 246], [-33, -328]]
[[1, 0], [23, 246], [-77, -738]]
[[1, 0], [23, 246], [-97, -984]]
[[1, 0], [23, 24], [-124, -123]]
[[1, 0], [23, 24], [-137, -36]]
[[1, 0], [23, 24], [-1385, -504]]
[[1, 0], [23, 24], [-165, -164]]
[[1, 0], [23, 24], [-179, -144]]
[[1, 0], [23, 24], [-209, -63]]
[[1, 0], [23, 24], [-233, -72]]
[[1, 0], [23, 24], [-247, -246]]
[[1, 0], [23, 24], [-265, -84]]
[[1, 0], [23, 24], [-329, -328]]
[[1, 0], [23, 24], [-349, -300]]
[[1, 0], [23, 24], [-367, -276]]
[[1, 0], [23, 24], [-377, -126]]
[[1, 0], [23, 24], [-42, -41]]
[[1, 0], [23, 24], [-493, -492]]
[[1, 0], [23, 24], [-713, -252]]
[[1, 0], [23, 24], [-83, -82]]
[[1, 0], [23, 24], [-985, -984]]
[[1, 0], [23, 328], [-29, -328]]
[[1, 0], [23, 328], [-37, -492]]
[[1, 0], [23, 328], [-55, -656]]
[[1, 0], [23, 328], [-73, -984]]
[[1, 0], [23, 33], [-1099, -165]]
[[1, 0], [23, 33], [-2969, -495]]
[[1, 0], [23, 33], [-419, -45]]
[[1, 0], [23, 33], [-593, -792]]
[[1, 0], [23, 33], [-67, -48]]
[[1, 0], [23, 33], [-725, -99]]
[[1, 0], [23, 41], [-409, -615]]
[[1, 0], [23, 41], [-419, -656]]
[[1, 0], [23, 41], [-467, -533]]
[[1, 0], [23, 41], [-47, -41]]
[[1, 0], [23, 41], [-577, -984]]
[[1, 0], [23, 41], [-85, -123]]
[[1, 0], [23, 492], [-49, -984]]
[[1, 0], [23, 66], [-307, -528]]
[[1, 0], [23, 82], [-209, -574]]
[[1, 0], [23, 82], [-211, -656]]
[[1, 0], [23, 82], [-227, -738]]
[[1, 0], [23, 82], [-289, -984]]
[[1, 0], [23, 82], [-35, -82]]
[[1, 0], [231, 328], [-237, -328]]
[[1, 0], [231, 328], [-349, -492]]
[[1, 0], [231, 328], [-471, -656]]
[[1, 0], [233, 246], [-313, -328]]
[[1, 0], [233, 246], [-707, -738]]
[[1, 0], [233, 246], [-937, -984]]
[[1, 0], [233, 328], [-475, -656]]
[[1, 0], [233, 328], [-703, -984]]
[[1, 0], [233, 492], [-469, -984]]
[[1, 0], [233, 984], [-235, -984]]
[[1, 0], [235, 246], [-713, -738]]
[[1, 0], [235, 328], [-355, -492]]
[[1, 0], [235, 328], [-479, -656]]
[[1, 0], [235, 328], [-709, -984]]
[[1, 0], [235, 492], [-473, -984]]
[[1, 0], [235, 533], [-259, -533]]
[[1, 0], [235, 738], [-239, -738]]
[[1, 0], [237, 328], [-483, -656]]
[[1, 0], [237, 328], [-715, -984]]
[[1, 0], [237, 656], [-243, -656]]
[[1, 0], [239, 246], [-321, -328]]
[[1, 0], [239, 246], [-725, -738]]
[[1, 0], [239, 246], [-961, -984]]
[[1, 0], [239, 328], [-361, -492]]
[[1, 0], [239, 328], [-487, -656]]
[[1, 0], [239, 328], [-721, -984]]
[[1, 0], [239, 492], [-481, -984]]
[[1, 0], [239, 574], [-251, -574]]
[[1, 0], [24, 41], [-424, -615]]
[[1, 0], [24, 41], [-435, -656]]
[[1, 0], [24, 41], [-48, -41]]
[[1, 0], [24, 41], [-480, -533]]
[[1, 0], [24, 41], [-601, -984]]
[[1, 0], [24, 41], [-88, -123]]
[[1, 0], [241, 246], [-731, -738]]
[[1, 0], [241, 328], [-491, -656]]
[[1, 0], [241, 328], [-727, -984]]
[[1, 0], [241, 492], [-485, -984]]
[[1, 0], [241, 656], [-247, -656]]
[[1, 0], [243, 328], [-367, -492]]
[[1, 0], [243, 328], [-495, -656]]
[[1, 0], [243, 328], [-733, -984]]
[[1, 0], [245, 246], [-329, -328]]
[[1, 0], [245, 246], [-743, -738]]
[[1, 0], [245, 246], [-985, -984]]
[[1, 0], [245, 328], [-499, -656]]
[[1, 0], [245, 328], [-739, -984]]
[[1, 0], [245, 492], [-493, -984]]
[[1, 0], [245, 656], [-251, -656]]
[[1, 0], [247, 328], [-373, -492]]
[[1, 0], [247, 328], [-503, -656]]
[[1, 0], [247, 328], [-745, -984]]
[[1, 0], [247, 492], [-497, -984]]
[[1, 0], [248, 533], [-272, -533]]
[[1, 0], [249, 328], [-507, -656]]
[[1, 0], [249, 328], [-751, -984]]
[[1, 0], [25, 123], [-149, -615]]
[[1, 0], [25, 123], [-209, -984]]
[[1, 0], [25, 144], [-47, -192]]
[[1, 0], [25, 164], [-115, -656]]
[[1, 0], [25, 164], [-157, -984]]
[[1, 0], [25, 246], [-83, -738]]
[[1, 0], [25, 328], [-59, -656]]
[[1, 0], [25, 328], [-79, -984]]
[[1, 0], [25, 32], [-179, -216]]
[[1, 0], [25, 32], [-223, -128]]
[[1, 0], [25, 36], [-169, -204]]
[[1, 0], [25, 36], [-173, -72]]
[[1, 0], [25, 36], [-197, -264]]
[[1, 0], [25, 36], [-349, -168]]
[[1, 0], [25, 36], [-539, -540]]
[[1, 0], [25, 36], [-965, -504]]
[[1, 0], [25, 41], [-439, -615]]
[[1, 0], [25, 41], [-49, -41]]
[[1, 0], [25, 41], [-493, -533]]
[[1, 0], [25, 41], [-625, -984]]
[[1, 0], [25, 41], [-91, -123]]
[[1, 0], [25, 48], [-391, -672]]
[[1, 0], [25, 48], [-439, -528]]
[[1, 0], [25, 492], [-53, -984]]
[[1, 0], [25, 72], [-107, -72]]
[[1, 0], [25, 72], [-503, -504]]
[[1, 0], [25, 82], [-223, -574]]
[[1, 0], [25, 82], [-227, -656]]
[[1, 0], [25, 82], [-245, -738]]
[[1, 0], [25, 82], [-313, -984]]
[[1, 0], [25, 82], [-37, -82]]
[[1, 0], [25, 96], [-191, -576]]
[[1, 0], [251, 328], [-379, -492]]
[[1, 0], [251, 328], [-511, -656]]
[[1, 0], [251, 328], [-757, -984]]
[[1, 0], [251, 492], [-505, -984]]
[[1, 0], [253, 328], [-515, -656]]
[[1, 0], [253, 328], [-763, -984]]
[[1, 0], [253, 492], [-509, -984]]
[[1, 0], [253, 574], [-265, -574]]
[[1, 0], [253, 656], [-259, -656]]
[[1, 0], [253, 738], [-257, -738]]
[[1, 0], [255, 328], [-385, -492]]
[[1, 0], [255, 328], [-519, -656]]
[[1, 0], [255, 328], [-769, -984]]
[[1, 0], [257, 328], [-523, -656]]
[[1, 0], [257, 328], [-775, -984]]
[[1, 0], [257, 492], [-517, -984]]
[[1, 0], [257, 656], [-263, -656]]
[[1, 0], [257, 984], [-259, -984]]
[[1, 0], [259, 328], [-391, -492]]
[[1, 0], [259, 328], [-527, -656]]
[[1, 0], [259, 328], [-781, -984]]
[[1, 0], [259, 492], [-521, -984]]
[[1, 0], [26, 123], [-154, -615]]
[[1, 0], [26, 123], [-217, -984]]
[[1, 0], [26, 123], [-54, -205]]
[[1, 0], [26, 123], [-73, -328]]
[[1, 0], [26, 205], [-94, -615]]
[[1, 0], [26, 41], [-454, -615]]
[[1, 0], [26, 41], [-467, -656]]
[[1, 0], [26, 41], [-50, -41]]
[[1, 0], [26, 41], [-506, -533]]
[[1, 0], [26, 41], [-649, -984]]
[[1, 0], [26, 41], [-94, -123]]
[[1, 0], [261, 328], [-531, -656]]
[[1, 0], [261, 328], [-787, -984]]
[[1, 0], [261, 656], [-267, -656]]
[[1, 0], [263, 328], [-397, -492]]
[[1, 0], [263, 328], [-535, -656]]
[[1, 0], [263, 328], [-793, -984]]
[[1, 0], [263, 492], [-529, -984]]
[[1, 0], [265, 328], [-539, -656]]
[[1, 0], [265, 328], [-799, -984]]
[[1, 0], [265, 738], [-269, -738]]
[[1, 0], [267, 328], [-403, -492]]
[[1, 0], [267, 328], [-543, -656]]
[[1, 0], [267, 328], [-805, -984]]
[[1, 0], [267, 574], [-279, -574]]
[[1, 0], [269, 328], [-547, -656]]
[[1, 0], [269, 328], [-811, -984]]
[[1, 0], [269, 492], [-541, -984]]
[[1, 0], [269, 656], [-275, -656]]
[[1, 0], [27, 104], [-129, -260]]
[[1, 0], [27, 164], [-169, -984]]
[[1, 0], [27, 328], [-33, -328]]
[[1, 0], [27, 328], [-43, -492]]
[[1, 0], [27, 328], [-63, -656]]
[[1, 0], [27, 328], [-85, -984]]
[[1, 0], [27, 41], [-469, -615]]
[[1, 0], [27, 41], [-483, -656]]
[[1, 0], [27, 41], [-519, -533]]
[[1, 0], [27, 41], [-673, -984]]
[[1, 0], [27, 41], [-97, -123]]
[[1, 0], [27, 82], [-237, -574]]
[[1, 0], [27, 82], [-243, -656]]
[[1, 0], [27, 82], [-263, -738]]
[[1, 0], [27, 82], [-337, -984]]
[[1, 0], [27, 82], [-39, -82]]
[[1, 0], [271, 328], [-409, -492]]
[[1, 0], [271, 328], [-551, -656]]
[[1, 0], [271, 328], [-817, -984]]
[[1, 0], [271, 492], [-545, -984]]
[[1, 0], [271, 738], [-275, -738]]
[[1, 0], [273, 328], [-555, -656]]
[[1, 0], [273, 328], [-823, -984]]
[[1, 0], [273, 656], [-279, -656]]
[[1, 0], [275, 328], [-415, -492]]
[[1, 0], [275, 328], [-559, -656]]
[[1, 0], [275, 328], [-829, -984]]
[[1, 0], [275, 492], [-553, -984]]
[[1, 0], [277, 328], [-563, -656]]
[[1, 0], [277, 328], [-835, -984]]
[[1, 0], [277, 492], [-557, -984]]
[[1, 0], [277, 656], [-283, -656]]
[[1, 0], [279, 328], [-421, -492]]
[[1, 0], [279, 328], [-567, -656]]
[[1, 0], [279, 328], [-841, -984]]
[[1, 0], [28, 123], [-233, -984]]
[[1, 0], [28, 41], [-100, -123]]
[[1, 0], [28, 41], [-484, -615]]
[[1, 0], [28, 41], [-499, -656]]
[[1, 0], [28, 41], [-52, -41]]
[[1, 0], [28, 41], [-532, -533]]
[[1, 0], [281, 328], [-571, -656]]
[[1, 0], [281, 328], [-847, -984]]
[[1, 0], [281, 492], [-565, -984]]
[[1, 0], [281, 574], [-293, -574]]
[[1, 0], [281, 984], [-283, -984]]
[[1, 0], [283, 328], [-427, -492]]
[[1, 0], [283, 328], [-575, -656]]
[[1, 0], [283, 328], [-853, -984]]
[[1, 0], [283, 492], [-569, -984]]
[[1, 0], [285, 328], [-579, -656]]
[[1, 0], [285, 328], [-859, -984]]
[[1, 0], [285, 656], [-291, -656]]
[[1, 0], [289, 328], [-587, -656]]
[[1, 0], [289, 328], [-871, -984]]
[[1, 0], [289, 492], [-581, -984]]
[[1, 0], [289, 656], [-295, -656]]
[[1, 0], [289, 738], [-293, -738]]
[[1, 0], [29, 123], [-169, -615]]
[[1, 0], [29, 123], [-241, -984]]
[[1, 0], [29, 123], [-59, -205]]
[[1, 0], [29, 123], [-81, -328]]
[[1, 0], [29, 164], [-131, -656]]
[[1, 0], [29, 164], [-181, -984]]
[[1, 0], [29, 168], [-251, -504]]
[[1, 0], [29, 246], [-121, -984]]
[[1, 0], [29, 246], [-95, -738]]
[[1, 0], [29, 328], [-67, -656]]
[[1, 0], [29, 328], [-91, -984]]
[[1, 0], [29, 41], [-103, -123]]
[[1, 0], [29, 41], [-499, -615]]
[[1, 0], [29, 41], [-515, -656]]
[[1, 0], [29, 41], [-53, -41]]
[[1, 0], [29, 41], [-545, -533]]
[[1, 0], [29, 41], [-721, -984]]
[[1, 0], [29, 42], [-161, -72]]
[[1, 0], [29, 42], [-881, -504]]
[[1, 0], [29, 48], [-119, -180]]
[[1, 0], [29, 48], [-131, -132]]
[[1, 0], [29, 48], [-215, -288]]
[[1, 0], [29, 48], [-37, -57]]
[[1, 0], [29, 492], [-61, -984]]
[[1, 0], [29, 56], [-131, -72]]
[[1, 0], [29, 56], [-59, -80]]
[[1, 0], [29, 56], [-671, -504]]
[[1, 0], [29, 656], [-35, -656]]
[[1, 0], [29, 82], [-251, -574]]
[[1, 0], [29, 82], [-259, -656]]
[[1, 0], [29, 82], [-281, -738]]
[[1, 0], [29, 82], [-361, -984]]
[[1, 0], [29, 84], [-181, -168]]
[[1, 0], [29, 84], [-461, -504]]
[[1, 0], [291, 328], [-439, -492]]
[[1, 0], [291, 328], [-591, -656]]
[[1, 0], [291, 328], [-877, -984]]
[[1, 0], [293, 328], [-595, -656]]
[[1, 0], [293, 328], [-883, -984]]
[[1, 0], [293, 492], [-589, -984]]
[[1, 0], [293, 656], [-299, -656]]
[[1, 0], [295, 328], [-445, -492]]
[[1, 0], [295, 328], [-599, -656]]
[[1, 0], [295, 328], [-889, -984]]
[[1, 0], [295, 492], [-593, -984]]
[[1, 0], [297, 328], [-603, -656]]
[[1, 0], [297, 328], [-895, -984]]
[[1, 0], [299, 328], [-607, -656]]
[[1, 0], [299, 328], [-901, -984]]
[[1, 0], [299, 492], [-601, -984]]
[[1, 0], [3, 164], [-25, -984]]
[[1, 0], [3, 164], [-27, -656]]
[[1, 0], [3, 328], [-13, -984]]
[[1, 0], [3, 328], [-15, -656]]
[[1, 0], [3, 328], [-7, -492]]
[[1, 0], [3, 328], [-9, -328]]
[[1, 0], [3, 41], [-109, -615]]
[[1, 0], [3, 41], [-207, -533]]
[[1, 0], [3, 41], [-25, -123]]
[[1, 0], [3, 41], [-27, -41]]
[[1, 0], [3, 41], [-97, -984]]
[[1, 0], [3, 41], [-99, -656]]
[[1, 0], [3, 4], [-1077, -616]]
[[1, 0], [3, 4], [-15747, -496]]
[[1, 0], [3, 4], [-1799, -540]]
[[1, 0], [3, 4], [-303, -76]]
[[1, 0], [3, 4], [-4317, -508]]
[[1, 0], [3, 4], [-5585, -504]]
[[1, 0], [3, 4], [-627, -16]]
[[1, 0], [3, 4], [-833, -72]]
[[1, 0], [3, 4], [-91, -12]]
[[1, 0], [3, 4], [-935, -864]]
[[1, 0], [3, 4], [-985, -984]]
[[1, 0], [3, 4], [-987, -656]]
[[1, 0], [3, 82], [-15, -82]]
[[1, 0], [3, 82], [-47, -738]]
[[1, 0], [3, 82], [-49, -984]]
[[1, 0], [3, 82], [-51, -656]]
[[1, 0], [3, 82], [-69, -574]]
[[1, 0], [3, 8], [-13, -21]]
[[1, 0], [3, 8], [-135, -32]]
[[1, 0], [3, 8], [-1427, -252]]
[[1, 0], [3, 8], [-1791, -512]]
[[1, 0], [3, 8], [-239, -36]]
[[1, 0], [3, 8], [-247, -492]]
[[1, 0], [3, 8], [-249, -328]]
[[1, 0], [3, 8], [-249, -8]]
[[1, 0], [3, 8], [-25, -12]]
[[1, 0], [3, 8], [-2813, -504]]
[[1, 0], [3, 8], [-285, -104]]
[[1, 0], [3, 8], [-375, -16]]
[[1, 0], [3, 8], [-4029, -248]]
[[1, 0], [3, 8], [-437, -72]]
[[1, 0], [3, 8], [-461, -792]]
[[1, 0], [3, 8], [-493, -984]]
[[1, 0], [3, 8], [-495, -656]]
[[1, 0], [3, 8], [-51, -13]]
[[1, 0], [3, 8], [-591, -592]]
[[1, 0], [3, 8], [-69, -20]]
[[1, 0], [3, 8], [-781, -552]]
[[1, 0], [3, 8], [-7935, -496]]
[[1, 0], [3, 8], [-95, -144]]
[[1, 0], [30, 41], [-106, -123]]
[[1, 0], [30, 41], [-514, -615]]
[[1, 0], [30, 41], [-531, -656]]
[[1, 0], [30, 41], [-558, -533]]
[[1, 0], [30, 41], [-745, -984]]
[[1, 0], [301, 328], [-611, -656]]
[[1, 0], [301, 328], [-907, -984]]
[[1, 0], [301, 492], [-605, -984]]
[[1, 0], [301, 656], [-307, -656]]
[[1, 0], [301, 738], [-305, -738]]
[[1, 0], [303, 328], [-457, -492]]
[[1, 0], [303, 328], [-913, -984]]
[[1, 0], [305, 328], [-619, -656]]
[[1, 0], [305, 328], [-919, -984]]
[[1, 0], [305, 492], [-613, -984]]
[[1, 0], [305, 656], [-311, -656]]
[[1, 0], [305, 984], [-307, -984]]
[[1, 0], [307, 328], [-463, -492]]
[[1, 0], [307, 328], [-623, -656]]
[[1, 0], [307, 328], [-925, -984]]
[[1, 0], [307, 492], [-617, -984]]
[[1, 0], [307, 738], [-311, -738]]
[[1, 0], [309, 328], [-627, -656]]
[[1, 0], [309, 328], [-931, -984]]
[[1, 0], [309, 656], [-315, -656]]
[[1, 0], [31, 120], [-49, -150]]
[[1, 0], [31, 123], [-179, -615]]
[[1, 0], [31, 123], [-257, -984]]
[[1, 0], [31, 164], [-139, -656]]
[[1, 0], [31, 164], [-193, -984]]
[[1, 0], [31, 205], [-109, -615]]
[[1, 0], [31, 246], [-101, -738]]
[[1, 0], [31, 328], [-37, -328]]
[[1, 0], [31, 328], [-49, -492]]
[[1, 0], [31, 328], [-71, -656]]
[[1, 0], [31, 328], [-97, -984]]
[[1, 0], [31, 36], [-1049, -504]]
[[1, 0], [31, 36], [-153, -56]]
[[1, 0], [31, 36], [-185, -72]]
[[1, 0], [31, 36], [-203, -204]]
[[1, 0], [31, 36], [-241, -264]]
[[1, 0], [31, 36], [-377, -168]]
[[1, 0], [31, 36], [-629, -540]]
[[1, 0], [31, 36], [-79, -60]]
[[1, 0], [31, 40], [-599, -720]]
[[1, 0], [31, 40], [-649, -520]]
[[1, 0], [31, 41], [-109, -123]]
[[1, 0], [31, 41], [-529, -615]]
[[1, 0], [31, 41], [-547, -656]]
[[1, 0], [31, 41], [-55, -41]]
[[1, 0], [31, 41], [-571, -533]]
[[1, 0], [31, 41], [-769, -984]]
[[1, 0], [31, 45], [-179, -240]]
[[1, 0], [31, 45], [-2309, -495]]
[[1, 0], [31, 45], [-593, -99]]
[[1, 0], [31, 492], [-65, -984]]
[[1, 0], [31, 72], [-113, -72]]
[[1, 0], [31, 72], [-125, -84]]
[[1, 0], [31, 72], [-167, -126]]
[[1, 0], [31, 72], [-209, -168]]
[[1, 0], [31, 72], [-293, -252]]
[[1, 0], [31, 72], [-39, -80]]
[[1, 0], [31, 72], [-545, -504]]
[[1, 0], [31, 72], [-55, -96]]
[[1, 0], [31, 738], [-35, -738]]
[[1, 0], [31, 82], [-265, -574]]
[[1, 0], [31, 82], [-275, -656]]
[[1, 0], [31, 82], [-299, -738]]
[[1, 0], [31, 82], [-385, -984]]
[[1, 0], [31, 82], [-43, -82]]
[[1, 0], [311, 328], [-469, -492]]
[[1, 0], [311, 328], [-631, -656]]
[[1, 0], [311, 328], [-937, -984]]
[[1, 0], [311, 492], [-625, -984]]
[[1, 0], [311, 615], [-319, -615]]
[[1, 0], [313, 328], [-635, -656]]
[[1, 0], [313, 492], [-629, -984]]
[[1, 0], [315, 328], [-475, -492]]
[[1, 0], [315, 328], [-639, -656]]
[[1, 0], [315, 328], [-949, -984]]
[[1, 0], [317, 328], [-643, -656]]
[[1, 0], [317, 328], [-955, -984]]
[[1, 0], [317, 492], [-637, -984]]
[[1, 0], [317, 656], [-323, -656]]
[[1, 0], [319, 328], [-481, -492]]
[[1, 0], [319, 328], [-647, -656]]
[[1, 0], [319, 328], [-961, -984]]
[[1, 0], [319, 492], [-641, -984]]
[[1, 0], [319, 738], [-323, -738]]
[[1, 0], [32, 123], [-184, -615]]
[[1, 0], [32, 123], [-265, -984]]
[[1, 0], [32, 123], [-64, -205]]
[[1, 0], [32, 123], [-89, -328]]
[[1, 0], [32, 41], [-112, -123]]
[[1, 0], [32, 41], [-544, -615]]
[[1, 0], [32, 41], [-563, -656]]
[[1, 0], [32, 41], [-584, -533]]
[[1, 0], [32, 41], [-793, -984]]
[[1, 0], [321, 328], [-651, -656]]
[[1, 0], [321, 328], [-967, -984]]
[[1, 0], [321, 656], [-327, -656]]
[[1, 0], [323, 328], [-329, -328]]
[[1, 0], [323, 328], [-487, -492]]
[[1, 0], [323, 328], [-655, -656]]
[[1, 0], [323, 328], [-973, -984]]
[[1, 0], [323, 492], [-649, -984]]
[[1, 0], [325, 328], [-659, -656]]
[[1, 0], [325, 328], [-979, -984]]
[[1, 0], [325, 492], [-653, -984]]
[[1, 0], [325, 656], [-331, -656]]
[[1, 0], [325, 738], [-329, -738]]
[[1, 0], [326, 615], [-334, -615]]
[[1, 0], [327, 328], [-493, -492]]
[[1, 0], [327, 328], [-663, -656]]
[[1, 0], [327, 328], [-985, -984]]
[[1, 0], [329, 492], [-661, -984]]
[[1, 0], [329, 984], [-331, -984]]
[[1, 0], [33, 128], [-255, -512]]
[[1, 0], [33, 164], [-147, -656]]
[[1, 0], [33, 328], [-103, -984]]
[[1, 0], [33, 328], [-75, -656]]
[[1, 0], [33, 41], [-115, -123]]
[[1, 0], [33, 41], [-559, -615]]
[[1, 0], [33, 41], [-579, -656]]
[[1, 0], [33, 41], [-597, -533]]
[[1, 0], [33, 41], [-817, -984]]
[[1, 0], [33, 656], [-39, -656]]
[[1, 0], [33, 82], [-279, -574]]
[[1, 0], [33, 82], [-291, -656]]
[[1, 0], [33, 82], [-317, -738]]
[[1, 0], [33, 82], [-409, -984]]
[[1, 0], [33, 82], [-45, -82]]
[[1, 0], [331, 492], [-665, -984]]
[[1, 0], [331, 495], [-659, -495]]
[[1, 0], [335, 492], [-673, -984]]
[[1, 0], [337, 492], [-677, -984]]
[[1, 0], [337, 504], [-419, -504]]
[[1, 0], [337, 656], [-343, -656]]
[[1, 0], [337, 738], [-341, -738]]
[[1, 0], [34, 123], [-194, -615]]
[[1, 0], [34, 123], [-281, -984]]
[[1, 0], [34, 41], [-118, -123]]
[[1, 0], [34, 41], [-595, -656]]
[[1, 0], [34, 41], [-610, -533]]
[[1, 0], [34, 41], [-841, -984]]
[[1, 0], [34, 99], [-1154, -495]]
[[1, 0], [34, 99], [-362, -99]]
[[1, 0], [34, 99], [-494, -165]]
[[1, 0], [341, 492], [-685, -984]]
[[1, 0], [341, 615], [-349, -615]]
[[1, 0], [343, 492], [-689, -984]]
[[1, 0], [343, 738], [-347, -738]]
[[1, 0], [349, 492], [-701, -984]]
[[1, 0], [35, 123], [-199, -615]]
[[1, 0], [35, 123], [-289, -984]]
[[1, 0], [35, 123], [-69, -205]]
[[1, 0], [35, 123], [-97, -328]]
[[1, 0], [35, 164], [-155, -656]]
[[1, 0], [35, 164], [-217, -984]]
[[1, 0], [35, 246], [-113, -738]]
[[1, 0], [35, 246], [-145, -984]]
[[1, 0], [35, 246], [-49, -328]]
[[1, 0], [35, 328], [-109, -984]]
[[1, 0], [35, 328], [-55, -492]]
[[1, 0], [35, 328], [-79, -656]]
[[1, 0], [35, 41], [-121, -123]]
[[1, 0], [35, 41], [-589, -615]]
[[1, 0], [35, 41], [-611, -656]]
[[1, 0], [35, 41], [-623, -533]]
[[1, 0], [35, 41], [-865, -984]]
[[1, 0], [35, 492], [-73, -984]]
[[1, 0], [35, 82], [-293, -574]]
[[1, 0], [35, 82], [-307, -656]]
[[1, 0], [35, 82], [-335, -738]]
[[1, 0], [35, 82], [-433, -984]]
[[1, 0], [35, 82], [-47, -82]]
[[1, 0], [353, 492], [-709, -984]]
[[1, 0], [353, 656], [-359, -656]]
[[1, 0], [353, 984], [-355, -984]]
[[1, 0], [355, 492], [-713, -984]]
[[1, 0], [355, 738], [-359, -738]]
[[1, 0], [356, 615], [-364, -615]]
[[1, 0], [359, 492], [-721, -984]]
[[1, 0], [36, 205], [-124, -615]]
[[1, 0], [36, 41], [-124, -123]]
[[1, 0], [36, 41], [-604, -615]]
[[1, 0], [36, 41], [-627, -656]]
[[1, 0], [36, 41], [-636, -533]]
[[1, 0], [36, 41], [-889, -984]]
[[1, 0], [361, 492], [-725, -984]]
[[1, 0], [361, 738], [-365, -738]]
[[1, 0], [365, 492], [-733, -984]]
[[1, 0], [367, 492], [-737, -984]]
[[1, 0], [367, 738], [-371, -738]]
[[1, 0], [37, 108], [-89, -180]]
[[1, 0], [37, 123], [-209, -615]]
[[1, 0], [37, 123], [-305, -984]]
[[1, 0], [37, 164], [-163, -656]]
[[1, 0], [37, 164], [-229, -984]]
[[1, 0], [37, 246], [-119, -738]]
[[1, 0], [37, 328], [-115, -984]]
[[1, 0], [37, 328], [-83, -656]]
[[1, 0], [37, 41], [-127, -123]]
[[1, 0], [37, 41], [-619, -615]]
[[1, 0], [37, 41], [-643, -656]]
[[1, 0], [37, 41], [-649, -533]]
[[1, 0], [37, 41], [-913, -984]]
[[1, 0], [37, 48], [-149, -180]]
[[1, 0], [37, 48], [-263, -288]]
[[1, 0], [37, 48], [-559, -672]]
[[1, 0], [37, 48], [-571, -528]]
[[1, 0], [37, 492], [-77, -984]]
[[1, 0], [37, 54], [-485, -648]]
[[1, 0], [37, 656], [-43, -656]]
[[1, 0], [37, 72], [-223, -168]]
[[1, 0], [37, 72], [-587, -504]]
[[1, 0], [37, 82], [-307, -574]]
[[1, 0], [37, 82], [-323, -656]]
[[1, 0], [37, 82], [-353, -738]]
[[1, 0], [37, 82], [-457, -984]]
[[1, 0], [371, 492], [-745, -984]]
[[1, 0], [371, 615], [-379, -615]]
[[1, 0], [373, 492], [-749, -984]]
[[1, 0], [373, 496], [-619, -496]]
[[1, 0], [377, 492], [-757, -984]]
[[1, 0], [377, 984], [-379, -984]]
[[1, 0], [379, 492], [-761, -984]]
[[1, 0], [38, 123], [-105, -328]]
[[1, 0], [38, 123], [-214, -615]]
[[1, 0], [38, 123], [-313, -984]]
[[1, 0], [38, 123], [-74, -205]]
[[1, 0], [38, 41], [-130, -123]]
[[1, 0], [38, 41], [-634, -615]]
[[1, 0], [38, 41], [-659, -656]]
[[1, 0], [38, 41], [-662, -533]]
[[1, 0], [38, 41], [-937, -984]]
[[1, 0], [383, 492], [-769, -984]]
[[1, 0], [385, 492], [-773, -984]]
[[1, 0], [385, 656], [-391, -656]]
[[1, 0], [385, 738], [-389, -738]]
[[1, 0], [386, 615], [-394, -615]]
[[1, 0], [389, 492], [-781, -984]]
[[1, 0], [39, 164], [-171, -656]]
[[1, 0], [39, 164], [-241, -984]]
[[1, 0], [39, 328], [-121, -984]]
[[1, 0], [39, 328], [-45, -328]]
[[1, 0], [39, 328], [-61, -492]]
[[1, 0], [39, 328], [-87, -656]]
[[1, 0], [39, 41], [-133, -123]]
[[1, 0], [39, 41], [-649, -615]]
[[1, 0], [39, 41], [-675, -533]]
[[1, 0], [39, 41], [-675, -656]]
[[1, 0], [39, 41], [-961, -984]]
[[1, 0], [39, 82], [-321, -574]]
[[1, 0], [39, 82], [-339, -656]]
[[1, 0], [39, 82], [-371, -738]]
[[1, 0], [39, 82], [-481, -984]]
[[1, 0], [391, 492], [-785, -984]]
[[1, 0], [395, 492], [-793, -984]]
[[1, 0], [397, 492], [-797, -984]]
[[1, 0], [4, 123], [-44, -615]]
[[1, 0], [4, 41], [-115, -656]]
[[1, 0], [4, 41], [-121, -984]]
[[1, 0], [4, 41], [-124, -615]]
[[1, 0], [4, 41], [-220, -533]]
[[1, 0], [4, 41], [-28, -123]]
[[1, 0], [4, 41], [-28, -41]]
[[1, 0], [4, 9], [-1004, -45]]
[[1, 0], [4, 9], [-161, -24]]
[[1, 0], [4, 9], [-2012, -99]]
[[1, 0], [4, 9], [-2561, -504]]
[[1, 0], [4, 9], [-321, -56]]
[[1, 0], [4, 9], [-3244, -165]]
[[1, 0], [4, 9], [-35, -48]]
[[1, 0], [4, 9], [-401, -72]]
[[1, 0], [4, 9], [-881, -168]]
[[1, 0], [4, 9], [-9404, -495]]
[[1, 0], [40, 123], [-224, -615]]
[[1, 0], [40, 123], [-329, -984]]
[[1, 0], [40, 41], [-136, -123]]
[[1, 0], [40, 41], [-664, -615]]
[[1, 0], [40, 41], [-688, -533]]
[[1, 0], [40, 41], [-691, -656]]
[[1, 0], [40, 41], [-985, -984]]
[[1, 0], [40, 533], [-64, -533]]
[[1, 0], [401, 492], [-805, -984]]
[[1, 0], [401, 656], [-407, -656]]
[[1, 0], [401, 984], [-403, -984]]
[[1, 0], [403, 492], [-809, -984]]
[[1, 0], [403, 738], [-407, -738]]
[[1, 0], [407, 492], [-817, -984]]
[[1, 0], [409, 492], [-821, -984]]
[[1, 0], [41, 96], [-287, -576]]
[[1, 0], [413, 492], [-829, -984]]
[[1, 0], [415, 492], [-833, -984]]
[[1, 0], [416, 615], [-424, -615]]
[[1, 0], [417, 656], [-423, -656]]
[[1, 0], [419, 492], [-841, -984]]
[[1, 0], [421, 492], [-845, -984]]
[[1, 0], [421, 738], [-425, -738]]
[[1, 0], [425, 492], [-853, -984]]
[[1, 0], [425, 984], [-427, -984]]
[[1, 0], [427, 492], [-857, -984]]
[[1, 0], [43, 123], [-239, -615]]
[[1, 0], [43, 123], [-353, -984]]
[[1, 0], [43, 126], [-377, -504]]
[[1, 0], [43, 164], [-187, -656]]
[[1, 0], [43, 164], [-265, -984]]
[[1, 0], [43, 168], [-167, -252]]
[[1, 0], [43, 168], [-293, -504]]
[[1, 0], [43, 246], [-137, -738]]
[[1, 0], [43, 252], [-209, -504]]
[[1, 0], [43, 328], [-133, -984]]
[[1, 0], [43, 328], [-49, -328]]
[[1, 0], [43, 328], [-67, -492]]
[[1, 0], [43, 328], [-95, -656]]
[[1, 0], [43, 492], [-89, -984]]
[[1, 0], [43, 504], [-125, -504]]
[[1, 0], [43, 56], [-149, -72]]
[[1, 0], [43, 56], [-419, -252]]
[[1, 0], [43, 56], [-49, -60]]
[[1, 0], [43, 56], [-79, -80]]
[[1, 0], [43, 56], [-797, -504]]
[[1, 0], [43, 574], [-55, -574]]
[[1, 0], [43, 63], [-137, -72]]
[[1, 0], [43, 63], [-265, -168]]
[[1, 0], [43, 63], [-713, -504]]
[[1, 0], [43, 72], [-107, -162]]
[[1, 0], [43, 72], [-139, -84]]
[[1, 0], [43, 72], [-335, -252]]
[[1, 0], [43, 72], [-629, -504]]
[[1, 0], [43, 72], [-71, -96]]
[[1, 0], [43, 82], [-349, -574]]
[[1, 0], [43, 82], [-371, -656]]
[[1, 0], [43, 82], [-407, -738]]
[[1, 0], [43, 82], [-529, -984]]
[[1, 0], [43, 84], [-545, -504]]
[[1, 0], [43, 84], [-55, -96]]
[[1, 0], [431, 492], [-865, -984]]
[[1, 0], [431, 615], [-439, -615]]
[[1, 0], [433, 492], [-869, -984]]
[[1, 0], [433, 656], [-439, -656]]
[[1, 0], [437, 492], [-877, -984]]
[[1, 0], [439, 492], [-881, -984]]
[[1, 0], [439, 738], [-443, -738]]
[[1, 0], [44, 123], [-121, -328]]
[[1, 0], [44, 123], [-244, -615]]
[[1, 0], [44, 123], [-361, -984]]
[[1, 0], [44, 123], [-84, -205]]
[[1, 0], [443, 492], [-889, -984]]
[[1, 0], [445, 492], [-893, -984]]
[[1, 0], [446, 615], [-454, -615]]
[[1, 0], [449, 492], [-901, -984]]
[[1, 0], [449, 656], [-455, -656]]
[[1, 0], [45, 164], [-195, -656]]
[[1, 0], [45, 164], [-277, -984]]
[[1, 0], [45, 328], [-139, -984]]
[[1, 0], [45, 328], [-99, -656]]
[[1, 0], [45, 656], [-51, -656]]
[[1, 0], [45, 82], [-363, -574]]
[[1, 0], [45, 82], [-387, -656]]
[[1, 0], [45, 82], [-425, -738]]
[[1, 0], [45, 82], [-553, -984]]
[[1, 0], [455, 492], [-913, -984]]
[[1, 0], [457, 492], [-917, -984]]
[[1, 0], [457, 738], [-461, -738]]
[[1, 0], [46, 123], [-254, -615]]
[[1, 0], [46, 123], [-377, -984]]
[[1, 0], [46, 205], [-154, -615]]
[[1, 0], [461, 492], [-925, -984]]
[[1, 0], [461, 615], [-469, -615]]
[[1, 0], [463, 492], [-929, -984]]
[[1, 0], [463, 504], [-545, -504]]
[[1, 0], [465, 656], [-471, -656]]
[[1, 0], [467, 492], [-937, -984]]
[[1, 0], [469, 492], [-941, -984]]
[[1, 0], [47, 123], [-129, -328]]
[[1, 0], [47, 123], [-259, -615]]
[[1, 0], [47, 123], [-385, -984]]
[[1, 0], [47, 123], [-89, -205]]
[[1, 0], [47, 138], [-229, -552]]
[[1, 0], [47, 164], [-203, -656]]
[[1, 0], [47, 164], [-289, -984]]
[[1, 0], [47, 184], [-91, -276]]
[[1, 0], [47, 246], [-149, -738]]
[[1, 0], [47, 246], [-193, -984]]
[[1, 0], [47, 246], [-65, -328]]
[[1, 0], [47, 328], [-103, -656]]
[[1, 0], [47, 328], [-145, -984]]
[[1, 0], [47, 328], [-53, -328]]
[[1, 0], [47, 328], [-73, -492]]
[[1, 0], [47, 492], [-97, -984]]
[[1, 0], [47, 82], [-377, -574]]
[[1, 0], [47, 82], [-403, -656]]
[[1, 0], [47, 82], [-443, -738]]
[[1, 0], [47, 82], [-577, -984]]
[[1, 0], [473, 492], [-949, -984]]
[[1, 0], [473, 984], [-475, -984]]
[[1, 0], [475, 492], [-953, -984]]
[[1, 0], [475, 738], [-479, -738]]
[[1, 0], [476, 615], [-484, -615]]
[[1, 0], [477, 656], [-483, -656]]
[[1, 0], [479, 492], [-961, -984]]
[[1, 0], [481, 492], [-965, -984]]
[[1, 0], [481, 656], [-487, -656]]
[[1, 0], [482, 533], [-506, -533]]
[[1, 0], [485, 492], [-973, -984]]
[[1, 0], [487, 492], [-977, -984]]
[[1, 0], [487, 738], [-491, -738]]
[[1, 0], [49, 123], [-269, -615]]
[[1, 0], [49, 123], [-401, -984]]
[[1, 0], [49, 144], [-79, -192]]
[[1, 0], [49, 164], [-211, -656]]
[[1, 0], [49, 164], [-301, -984]]
[[1, 0], [49, 246], [-155, -738]]
[[1, 0], [49, 328], [-107, -656]]
[[1, 0], [49, 328], [-151, -984]]
[[1, 0], [49, 492], [-101, -984]]
[[1, 0], [49, 64], [-319, -256]]
[[1, 0], [49, 656], [-55, -656]]
[[1, 0], [49, 72], [-131, -72]]
[[1, 0], [49, 72], [-251, -168]]
[[1, 0], [49, 72], [-59, -80]]
[[1, 0], [49, 72], [-671, -504]]
[[1, 0], [49, 738], [-53, -738]]
[[1, 0], [49, 82], [-391, -574]]
[[1, 0], [49, 82], [-419, -656]]
[[1, 0], [49, 82], [-461, -738]]
[[1, 0], [49, 82], [-601, -984]]
[[1, 0], [49, 96], [-335, -576]]
[[1, 0], [491, 492], [-985, -984]]
[[1, 0], [491, 615], [-499, -615]]
[[1, 0], [491, 984], [-493, -984]]
[[1, 0], [493, 738], [-497, -738]]
[[1, 0], [497, 656], [-503, -656]]
[[1, 0], [497, 984], [-499, -984]]
[[1, 0], [5, 123], [-17, -328]]
[[1, 0], [5, 123], [-19, -205]]
[[1, 0], [5, 123], [-49, -615]]
[[1, 0], [5, 123], [-49, -984]]
[[1, 0], [5, 12], [-1117, -516]]
[[1, 0], [5, 12], [-133, -24]]
[[1, 0], [5, 12], [-155, -208]]
[[1, 0], [5, 12], [-165, -328]]
[[1, 0], [5, 12], [-1973, -504]]
[[1, 0], [5, 12], [-239, -180]]
[[1, 0], [5, 12], [-317, -72]]
[[1, 0], [5, 12], [-433, -744]]
[[1, 0], [5, 12], [-439, -660]]
[[1, 0], [5, 12], [-493, -984]]
[[1, 0], [5, 12], [-527, -576]]
[[1, 0], [5, 12], [-563, -564]]
[[1, 0], [5, 12], [-685, -168]]
[[1, 0], [5, 12], [-835, -528]]
[[1, 0], [5, 164], [-35, -656]]
[[1, 0], [5, 164], [-37, -984]]
[[1, 0], [5, 16], [-1115, -124]]
[[1, 0], [5, 16], [-143, -64]]
[[1, 0], [5, 16], [-167, -328]]
[[1, 0], [5, 16], [-2107, -248]]
[[1, 0], [5, 16], [-25, -39]]
[[1, 0], [5, 16], [-251, -16]]
[[1, 0], [5, 16], [-331, -656]]
[[1, 0], [5, 16], [-34, -35]]
[[1, 0], [5, 16], [-371, -31]]
[[1, 0], [5, 16], [-4091, -496]]
[[1, 0], [5, 16], [-619, -62]]
[[1, 0], [5, 16], [-85, -164]]
[[1, 0], [5, 246], [-23, -738]]
[[1, 0], [5, 246], [-25, -984]]
[[1, 0], [5, 246], [-9, -328]]
[[1, 0], [5, 24], [-1007, -504]]
[[1, 0], [5, 24], [-179, -72]]
[[1, 0], [5, 24], [-247, -984]]
[[1, 0], [5, 24], [-83, -328]]
[[1, 0], [5, 328], [-19, -656]]
[[1, 0], [5, 328], [-19, -984]]
[[1, 0], [5, 41], [-131, -656]]
[[1, 0], [5, 41], [-139, -615]]
[[1, 0], [5, 41], [-145, -984]]
[[1, 0], [5, 41], [-233, -533]]
[[1, 0], [5, 41], [-29, -41]]
[[1, 0], [5, 41], [-31, -123]]
[[1, 0], [5, 48], [-29, -180]]
[[1, 0], [5, 48], [-65, -132]]
[[1, 0], [5, 48], [-71, -288]]
[[1, 0], [5, 492], [-13, -984]]
[[1, 0], [5, 656], [-11, -656]]
[[1, 0], [5, 6], [-101, -72]]
[[1, 0], [5, 6], [-163, -48]]
[[1, 0], [5, 6], [-169, -6]]
[[1, 0], [5, 6], [-181, -168]]
[[1, 0], [5, 6], [-2489, -166]]
[[1, 0], [5, 6], [-27, -16]]
[[1, 0], [5, 6], [-289, -232]]
[[1, 0], [5, 6], [-289, -246]]
[[1, 0], [5, 6], [-329, -198]]
[[1, 0], [5, 6], [-329, -328]]
[[1, 0], [5, 6], [-3905, -504]]
[[1, 0], [5, 6], [-413, -184]]
[[1, 0], [5, 6], [-577, -102]]
[[1, 0], [5, 6], [-593, -72]]
[[1, 0], [5, 6], [-61, -24]]
[[1, 0], [5, 6], [-637, -174]]
[[1, 0], [5, 6], [-7303, -498]]
[[1, 0], [5, 6], [-863, -738]]
[[1, 0], [5, 6], [-985, -984]]
[[1, 0], [5, 82], [-17, -82]]
[[1, 0], [5, 82], [-65, -738]]
[[1, 0], [5, 82], [-67, -656]]
[[1, 0], [5, 82], [-73, -984]]
[[1, 0], [5, 82], [-83, -574]]
[[1, 0], [5, 8], [-131, -144]]
[[1, 0], [5, 8], [-1919, -512]]
[[1, 0], [5, 8], [-2939, -504]]
[[1, 0], [5, 8], [-311, -104]]
[[1, 0], [5, 8], [-379, -16]]
[[1, 0], [5, 8], [-455, -72]]
[[1, 0], [5, 8], [-659, -656]]
[[1, 0], [5, 8], [-659, -792]]
[[1, 0], [5, 8], [-739, -592]]
[[1, 0], [5, 8], [-739, -984]]
[[1, 0], [5, 8], [-8059, -496]]
[[1, 0], [5, 8], [-919, -552]]
[[1, 0], [50, 123], [-137, -328]]
[[1, 0], [50, 123], [-274, -615]]
[[1, 0], [50, 123], [-409, -984]]
[[1, 0], [50, 123], [-94, -205]]
[[1, 0], [503, 984], [-505, -984]]
[[1, 0], [506, 615], [-514, -615]]
[[1, 0], [51, 164], [-219, -656]]
[[1, 0], [51, 164], [-313, -984]]
[[1, 0], [51, 205], [-169, -615]]
[[1, 0], [51, 328], [-111, -656]]
[[1, 0], [51, 328], [-157, -984]]
[[1, 0], [51, 328], [-57, -328]]
[[1, 0], [51, 328], [-79, -492]]
[[1, 0], [51, 82], [-405, -574]]
[[1, 0], [51, 82], [-435, -656]]
[[1, 0], [51, 82], [-479, -738]]
[[1, 0], [51, 82], [-625, -984]]
[[1, 0], [511, 738], [-515, -738]]
[[1, 0], [513, 656], [-519, -656]]
[[1, 0], [515, 984], [-517, -984]]
[[1, 0], [52, 123], [-284, -615]]
[[1, 0], [52, 123], [-425, -984]]
[[1, 0], [521, 533], [-545, -533]]
[[1, 0], [521, 615], [-529, -615]]
[[1, 0], [521, 984], [-523, -984]]
[[1, 0], [527, 984], [-529, -984]]
[[1, 0], [529, 656], [-535, -656]]
[[1, 0], [53, 123], [-145, -328]]
[[1, 0], [53, 123], [-289, -615]]
[[1, 0], [53, 123], [-433, -984]]
[[1, 0], [53, 123], [-99, -205]]
[[1, 0], [53, 164], [-227, -656]]
[[1, 0], [53, 164], [-325, -984]]
[[1, 0], [53, 246], [-167, -738]]
[[1, 0], [53, 246], [-217, -984]]
[[1, 0], [53, 246], [-73, -328]]
[[1, 0], [53, 328], [-115, -656]]
[[1, 0], [53, 328], [-163, -984]]
[[1, 0], [53, 492], [-109, -984]]
[[1, 0], [53, 533], [-77, -533]]
[[1, 0], [53, 656], [-59, -656]]
[[1, 0], [53, 78], [-155, -208]]
[[1, 0], [53, 82], [-419, -574]]
[[1, 0], [53, 82], [-497, -738]]
[[1, 0], [53, 82], [-649, -984]]
[[1, 0], [536, 615], [-544, -615]]
[[1, 0], [539, 984], [-541, -984]]
[[1, 0], [545, 656], [-551, -656]]
[[1, 0], [545, 984], [-547, -984]]
[[1, 0], [547, 574], [-559, -574]]
[[1, 0], [547, 738], [-551, -738]]
[[1, 0], [55, 108], [-119, -180]]
[[1, 0], [55, 123], [-299, -615]]
[[1, 0], [55, 123], [-449, -984]]
[[1, 0], [55, 164], [-235, -656]]
[[1, 0], [55, 164], [-337, -984]]
[[1, 0], [55, 246], [-173, -738]]
[[1, 0], [55, 328], [-119, -656]]
[[1, 0], [55, 328], [-169, -984]]
[[1, 0], [55, 328], [-61, -328]]
[[1, 0], [55, 328], [-85, -492]]
[[1, 0], [55, 492], [-113, -984]]
[[1, 0], [55, 72], [-209, -126]]
[[1, 0], [55, 72], [-265, -168]]
[[1, 0], [55, 72], [-377, -252]]
[[1, 0], [55, 72], [-713, -504]]
[[1, 0], [55, 738], [-59, -738]]
[[1, 0], [55, 82], [-433, -574]]
[[1, 0], [55, 82], [-467, -656]]
[[1, 0], [55, 82], [-515, -738]]
[[1, 0], [55, 82], [-67, -82]]
[[1, 0], [55, 82], [-673, -984]]
[[1, 0], [551, 615], [-559, -615]]
[[1, 0], [551, 984], [-553, -984]]
[[1, 0], [56, 123], [-104, -205]]
[[1, 0], [56, 123], [-153, -328]]
[[1, 0], [56, 123], [-304, -615]]
[[1, 0], [56, 123], [-457, -984]]
[[1, 0], [56, 165], [-824, -495]]
[[1, 0], [56, 205], [-184, -615]]
[[1, 0], [561, 656], [-567, -656]]
[[1, 0], [563, 984], [-565, -984]]
[[1, 0], [565, 738], [-569, -738]]
[[1, 0], [569, 984], [-571, -984]]
[[1, 0], [57, 164], [-243, -656]]
[[1, 0], [57, 164], [-349, -984]]
[[1, 0], [57, 328], [-175, -984]]
[[1, 0], [57, 574], [-69, -574]]
[[1, 0], [57, 82], [-447, -574]]
[[1, 0], [57, 82], [-483, -656]]
[[1, 0], [575, 984], [-577, -984]]
[[1, 0], [577, 656], [-583, -656]]
[[1, 0], [58, 123], [-314, -615]]
[[1, 0], [58, 123], [-473, -984]]
[[1, 0], [581, 615], [-589, -615]]
[[1, 0], [583, 738], [-587, -738]]
[[1, 0], [587, 984], [-589, -984]]
[[1, 0], [59, 123], [-109, -205]]
[[1, 0], [59, 123], [-161, -328]]
[[1, 0], [59, 123], [-319, -615]]
[[1, 0], [59, 123], [-481, -984]]
[[1, 0], [59, 123], [-67, -123]]
[[1, 0], [59, 164], [-251, -656]]
[[1, 0], [59, 164], [-361, -984]]
[[1, 0], [59, 246], [-185, -738]]
[[1, 0], [59, 246], [-241, -984]]
[[1, 0], [59, 246], [-81, -328]]
[[1, 0], [59, 328], [-127, -656]]
[[1, 0], [59, 328], [-181, -984]]
[[1, 0], [59, 328], [-65, -328]]
[[1, 0], [59, 328], [-91, -492]]
[[1, 0], [59, 492], [-121, -984]]
[[1, 0], [59, 82], [-461, -574]]
[[1, 0], [59, 82], [-499, -656]]
[[1, 0], [59, 82], [-551, -738]]
[[1, 0], [59, 82], [-721, -984]]
[[1, 0], [593, 656], [-599, -656]]
[[1, 0], [593, 984], [-595, -984]]
[[1, 0], [596, 615], [-604, -615]]
[[1, 0], [599, 984], [-601, -984]]
[[1, 0], [6, 205], [-34, -615]]
[[1, 0], [6, 41], [-147, -656]]
[[1, 0], [6, 41], [-154, -615]]
[[1, 0], [6, 41], [-169, -984]]
[[1, 0], [6, 41], [-30, -41]]
[[1, 0], [6, 41], [-34, -123]]
[[1, 0], [601, 738], [-605, -738]]
[[1, 0], [61, 123], [-329, -615]]
[[1, 0], [61, 123], [-497, -984]]
[[1, 0], [61, 144], [-95, -192]]
[[1, 0], [61, 164], [-259, -656]]
[[1, 0], [61, 164], [-373, -984]]
[[1, 0], [61, 205], [-199, -615]]
[[1, 0], [61, 246], [-191, -738]]
[[1, 0], [61, 328], [-131, -656]]
[[1, 0], [61, 328], [-187, -984]]
[[1, 0], [61, 492], [-125, -984]]
[[1, 0], [61, 656], [-67, -656]]
[[1, 0], [61, 72], [-755, -504]]
[[1, 0], [61, 82], [-475, -574]]
[[1, 0], [61, 82], [-515, -656]]
[[1, 0], [61, 82], [-569, -738]]
[[1, 0], [61, 82], [-745, -984]]
[[1, 0], [611, 615], [-619, -615]]
[[1, 0], [611, 984], [-613, -984]]
[[1, 0], [617, 984], [-619, -984]]
[[1, 0], [619, 738], [-623, -738]]
[[1, 0], [62, 123], [-114, -205]]
[[1, 0], [62, 123], [-169, -328]]
[[1, 0], [62, 123], [-334, -615]]
[[1, 0], [62, 123], [-505, -984]]
[[1, 0], [62, 123], [-70, -123]]
[[1, 0], [623, 984], [-625, -984]]
[[1, 0], [625, 656], [-631, -656]]
[[1, 0], [63, 124], [-867, -496]]
[[1, 0], [63, 164], [-267, -656]]
[[1, 0], [63, 164], [-385, -984]]
[[1, 0], [63, 248], [-309, -248]]
[[1, 0], [63, 248], [-495, -496]]
[[1, 0], [63, 328], [-135, -656]]
[[1, 0], [63, 328], [-193, -984]]
[[1, 0], [63, 328], [-69, -328]]
[[1, 0], [63, 328], [-97, -492]]
[[1, 0], [63, 82], [-489, -574]]
[[1, 0], [63, 82], [-531, -656]]
[[1, 0], [63, 82], [-587, -738]]
[[1, 0], [63, 82], [-769, -984]]
[[1, 0], [635, 984], [-637, -984]]
[[1, 0], [637, 738], [-641, -738]]
[[1, 0], [64, 123], [-344, -615]]
[[1, 0], [64, 123], [-521, -984]]
[[1, 0], [641, 656], [-647, -656]]
[[1, 0], [641, 984], [-643, -984]]
[[1, 0], [647, 984], [-649, -984]]
[[1, 0], [65, 123], [-119, -205]]
[[1, 0], [65, 123], [-177, -328]]
[[1, 0], [65, 123], [-349, -615]]
[[1, 0], [65, 123], [-529, -984]]
[[1, 0], [65, 123], [-73, -123]]
[[1, 0], [65, 128], [-383, -512]]
[[1, 0], [65, 164], [-275, -656]]
[[1, 0], [65, 164], [-397, -984]]
[[1, 0], [65, 246], [-203, -738]]
[[1, 0], [65, 246], [-265, -984]]
[[1, 0], [65, 246], [-89, -328]]
[[1, 0], [65, 328], [-139, -656]]
[[1, 0], [65, 328], [-199, -984]]
[[1, 0], [65, 492], [-133, -984]]
[[1, 0], [65, 656], [-71, -656]]
[[1, 0], [65, 82], [-503, -574]]
[[1, 0], [65, 82], [-547, -656]]
[[1, 0], [65, 82], [-605, -738]]
[[1, 0], [65, 82], [-793, -984]]
[[1, 0], [65, 96], [-431, -576]]
[[1, 0], [65, 984], [-67, -984]]
[[1, 0], [653, 656], [-659, -656]]
[[1, 0], [655, 738], [-659, -738]]
[[1, 0], [659, 984], [-661, -984]]
[[1, 0], [66, 205], [-214, -615]]
[[1, 0], [66, 533], [-90, -533]]
[[1, 0], [665, 984], [-667, -984]]
[[1, 0], [67, 123], [-359, -615]]
[[1, 0], [67, 123], [-545, -984]]
[[1, 0], [67, 164], [-283, -656]]
[[1, 0], [67, 164], [-409, -984]]
[[1, 0], [67, 246], [-209, -738]]
[[1, 0], [67, 264], [-175, -528]]
[[1, 0], [67, 328], [-103, -492]]
[[1, 0], [67, 328], [-143, -656]]
[[1, 0], [67, 328], [-73, -328]]
[[1, 0], [67, 492], [-137, -984]]
[[1, 0], [67, 72], [-103, -96]]
[[1, 0], [67, 72], [-149, -72]]
[[1, 0], [67, 72], [-161, -162]]
[[1, 0], [67, 72], [-167, -84]]
[[1, 0], [67, 72], [-293, -168]]
[[1, 0], [67, 72], [-419, -252]]
[[1, 0], [67, 72], [-79, -80]]
[[1, 0], [67, 72], [-797, -504]]
[[1, 0], [67, 738], [-71, -738]]
[[1, 0], [67, 82], [-517, -574]]
[[1, 0], [67, 82], [-563, -656]]
[[1, 0], [67, 82], [-623, -738]]
[[1, 0], [67, 82], [-817, -984]]
[[1, 0], [67, 99], [-1319, -495]]
[[1, 0], [671, 984], [-673, -984]]
[[1, 0], [673, 738], [-677, -738]]
[[1, 0], [68, 123], [-124, -205]]
[[1, 0], [68, 123], [-185, -328]]
[[1, 0], [68, 123], [-364, -615]]
[[1, 0], [68, 123], [-553, -984]]
[[1, 0], [68, 123], [-76, -123]]
[[1, 0], [683, 984], [-685, -984]]
[[1, 0], [689, 984], [-691, -984]]
[[1, 0], [69, 164], [-291, -656]]
[[1, 0], [69, 164], [-421, -984]]
[[1, 0], [69, 328], [-147, -656]]
[[1, 0], [69, 328], [-211, -984]]
[[1, 0], [69, 656], [-75, -656]]
[[1, 0], [69, 82], [-531, -574]]
[[1, 0], [69, 82], [-579, -656]]
[[1, 0], [69, 82], [-641, -738]]
[[1, 0], [69, 82], [-841, -984]]
[[1, 0], [691, 738], [-695, -738]]
[[1, 0], [7, 123], [-59, -615]]
[[1, 0], [7, 123], [-65, -984]]
[[1, 0], [7, 12], [-2057, -504]]
[[1, 0], [7, 12], [-329, -72]]
[[1, 0], [7, 12], [-557, -744]]
[[1, 0], [7, 12], [-623, -576]]
[[1, 0], [7, 12], [-923, -528]]
[[1, 0], [7, 164], [-43, -656]]
[[1, 0], [7, 164], [-49, -984]]
[[1, 0], [7, 18], [-125, -216]]
[[1, 0], [7, 18], [-125, -246]]
[[1, 0], [7, 18], [-1385, -504]]
[[1, 0], [7, 18], [-143, -192]]
[[1, 0], [7, 18], [-233, -72]]
[[1, 0], [7, 18], [-371, -738]]
[[1, 0], [7, 18], [-395, -594]]
[[1, 0], [7, 18], [-43, -82]]
[[1, 0], [7, 18], [-695, -522]]
[[1, 0], [7, 246], [-29, -738]]
[[1, 0], [7, 24], [-1049, -504]]
[[1, 0], [7, 24], [-113, -36]]
[[1, 0], [7, 24], [-139, -336]]
[[1, 0], [7, 24], [-149, -300]]
[[1, 0], [7, 24], [-167, -63]]
[[1, 0], [7, 24], [-185, -72]]
[[1, 0], [7, 24], [-19, -30]]
[[1, 0], [7, 24], [-241, -264]]
[[1, 0], [7, 24], [-293, -126]]
[[1, 0], [7, 24], [-329, -984]]
[[1, 0], [7, 24], [-545, -252]]
[[1, 0], [7, 24], [-55, -48]]
[[1, 0], [7, 24], [-83, -144]]
[[1, 0], [7, 24], [-83, -246]]
[[1, 0], [7, 328], [-13, -328]]
[[1, 0], [7, 328], [-13, -492]]
[[1, 0], [7, 328], [-23, -656]]
[[1, 0], [7, 328], [-25, -984]]
[[1, 0], [7, 36], [-137, -72]]
[[1, 0], [7, 36], [-265, -168]]
[[1, 0], [7, 36], [-269, -540]]
[[1, 0], [7, 36], [-65, -264]]
[[1, 0], [7, 36], [-67, -204]]
[[1, 0], [7, 36], [-713, -504]]
[[1, 0], [7, 41], [-163, -656]]
[[1, 0], [7, 41], [-169, -615]]
[[1, 0], [7, 41], [-193, -984]]
[[1, 0], [7, 41], [-259, -533]]
[[1, 0], [7, 41], [-31, -41]]
[[1, 0], [7, 41], [-37, -123]]
[[1, 0], [7, 492], [-17, -984]]
[[1, 0], [7, 72], [-125, -126]]
[[1, 0], [7, 72], [-209, -252]]
[[1, 0], [7, 72], [-23, -96]]
[[1, 0], [7, 72], [-377, -504]]
[[1, 0], [7, 72], [-89, -72]]
[[1, 0], [7, 72], [-97, -84]]
[[1, 0], [7, 82], [-19, -82]]
[[1, 0], [7, 82], [-83, -656]]
[[1, 0], [7, 82], [-83, -738]]
[[1, 0], [7, 82], [-97, -574]]
[[1, 0], [7, 82], [-97, -984]]
[[1, 0], [7, 8], [-1057, -552]]
[[1, 0], [7, 8], [-124, -123]]
[[1, 0], [7, 8], [-149, -18]]
[[1, 0], [7, 8], [-151, -32]]
[[1, 0], [7, 8], [-1553, -252]]
[[1, 0], [7, 8], [-167, -144]]
[[1, 0], [7, 8], [-2047, -512]]
[[1, 0], [7, 8], [-247, -246]]
[[1, 0], [7, 8], [-257, -36]]
[[1, 0], [7, 8], [-3065, -504]]
[[1, 0], [7, 8], [-31, -12]]
[[1, 0], [7, 8], [-337, -104]]
[[1, 0], [7, 8], [-383, -16]]
[[1, 0], [7, 8], [-413, -328]]
[[1, 0], [7, 8], [-4153, -248]]
[[1, 0], [7, 8], [-419, -63]]
[[1, 0], [7, 8], [-473, -72]]
[[1, 0], [7, 8], [-493, -492]]
[[1, 0], [7, 8], [-79, -20]]
[[1, 0], [7, 8], [-797, -126]]
[[1, 0], [7, 8], [-8183, -496]]
[[1, 0], [7, 8], [-823, -656]]
[[1, 0], [7, 8], [-857, -792]]
[[1, 0], [7, 8], [-887, -592]]
[[1, 0], [7, 8], [-95, -9]]
[[1, 0], [7, 8], [-985, -984]]
[[1, 0], [7, 9], [-1019, -45]]
[[1, 0], [7, 9], [-1209, -55]]
[[1, 0], [7, 9], [-169, -24]]
[[1, 0], [7, 9], [-2045, -99]]
[[1, 0], [7, 9], [-2729, -504]]
[[1, 0], [7, 9], [-3299, -165]]
[[1, 0], [7, 9], [-335, -9]]
[[1, 0], [7, 9], [-373, -11]]
[[1, 0], [7, 9], [-425, -72]]
[[1, 0], [7, 9], [-449, -15]]
[[1, 0], [7, 9], [-791, -33]]
[[1, 0], [7, 9], [-937, -168]]
[[1, 0], [7, 9], [-9569, -495]]
[[1, 0], [70, 123], [-374, -615]]
[[1, 0], [70, 123], [-569, -984]]
[[1, 0], [707, 984], [-709, -984]]
[[1, 0], [709, 738], [-713, -738]]
[[1, 0], [71, 123], [-129, -205]]
[[1, 0], [71, 123], [-193, -328]]
[[1, 0], [71, 123], [-379, -615]]
[[1, 0], [71, 123], [-577, -984]]
[[1, 0], [71, 123], [-79, -123]]
[[1, 0], [71, 164], [-299, -656]]
[[1, 0], [71, 164], [-433, -984]]
[[1, 0], [71, 168], [-209, -252]]
[[1, 0], [71, 168], [-377, -504]]
[[1, 0], [71, 205], [-229, -615]]
[[1, 0], [71, 246], [-221, -738]]
[[1, 0], [71, 246], [-289, -984]]
[[1, 0], [71, 246], [-97, -328]]
[[1, 0], [71, 328], [-109, -492]]
[[1, 0], [71, 328], [-151, -656]]
[[1, 0], [71, 328], [-217, -984]]
[[1, 0], [71, 328], [-77, -328]]
[[1, 0], [71, 492], [-145, -984]]
[[1, 0], [71, 574], [-83, -574]]
[[1, 0], [71, 82], [-545, -574]]
[[1, 0], [71, 82], [-595, -656]]
[[1, 0], [71, 82], [-659, -738]]
[[1, 0], [71, 82], [-83, -82]]
[[1, 0], [71, 82], [-865, -984]]
[[1, 0], [71, 84], [-265, -168]]
[[1, 0], [71, 84], [-713, -504]]
[[1, 0], [713, 984], [-715, -984]]
[[1, 0], [719, 984], [-721, -984]]
[[1, 0], [727, 738], [-731, -738]]
[[1, 0], [73, 108], [-149, -180]]
[[1, 0], [73, 123], [-389, -615]]
[[1, 0], [73, 123], [-593, -984]]
[[1, 0], [73, 164], [-307, -656]]
[[1, 0], [73, 164], [-445, -984]]
[[1, 0], [73, 246], [-227, -738]]
[[1, 0], [73, 328], [-155, -656]]
[[1, 0], [73, 328], [-223, -984]]
[[1, 0], [73, 492], [-149, -984]]
[[1, 0], [73, 738], [-77, -738]]
[[1, 0], [73, 82], [-559, -574]]
[[1, 0], [73, 82], [-611, -656]]
[[1, 0], [73, 82], [-677, -738]]
[[1, 0], [73, 82], [-85, -82]]
[[1, 0], [73, 82], [-889, -984]]
[[1, 0], [73, 96], [-479, -576]]
[[1, 0], [731, 984], [-733, -984]]
[[1, 0], [737, 984], [-739, -984]]
[[1, 0], [74, 123], [-134, -205]]
[[1, 0], [74, 123], [-201, -328]]
[[1, 0], [74, 123], [-394, -615]]
[[1, 0], [74, 123], [-601, -984]]
[[1, 0], [743, 984], [-745, -984]]
[[1, 0], [75, 164], [-315, -656]]
[[1, 0], [75, 164], [-457, -984]]
[[1, 0], [75, 328], [-115, -492]]
[[1, 0], [75, 328], [-159, -656]]
[[1, 0], [75, 328], [-229, -984]]
[[1, 0], [75, 328], [-81, -328]]
[[1, 0], [75, 82], [-573, -574]]
[[1, 0], [75, 82], [-627, -656]]
[[1, 0], [75, 82], [-695, -738]]
[[1, 0], [75, 82], [-87, -82]]
[[1, 0], [75, 82], [-913, -984]]
[[1, 0], [755, 984], [-757, -984]]
[[1, 0], [76, 123], [-404, -615]]
[[1, 0], [76, 123], [-617, -984]]
[[1, 0], [76, 205], [-244, -615]]
[[1, 0], [761, 984], [-763, -984]]
[[1, 0], [767, 984], [-769, -984]]
[[1, 0], [77, 123], [-139, -205]]
[[1, 0], [77, 123], [-209, -328]]
[[1, 0], [77, 123], [-409, -615]]
[[1, 0], [77, 123], [-625, -984]]
[[1, 0], [77, 123], [-85, -123]]
[[1, 0], [77, 164], [-323, -656]]
[[1, 0], [77, 164], [-469, -984]]
[[1, 0], [77, 246], [-105, -328]]
[[1, 0], [77, 246], [-239, -738]]
[[1, 0], [77, 246], [-313, -984]]
[[1, 0], [77, 328], [-163, -656]]
[[1, 0], [77, 328], [-235, -984]]
[[1, 0], [77, 492], [-157, -984]]
[[1, 0], [77, 656], [-83, -656]]
[[1, 0], [77, 82], [-587, -574]]
[[1, 0], [77, 82], [-643, -656]]
[[1, 0], [77, 82], [-713, -738]]
[[1, 0], [77, 82], [-937, -984]]
[[1, 0], [785, 984], [-787, -984]]
[[1, 0], [79, 104], [-259, -260]]
[[1, 0], [79, 123], [-419, -615]]
[[1, 0], [79, 123], [-641, -984]]
[[1, 0], [79, 164], [-331, -656]]
[[1, 0], [79, 164], [-481, -984]]
[[1, 0], [79, 246], [-245, -738]]
[[1, 0], [79, 328], [-121, -492]]
[[1, 0], [79, 328], [-167, -656]]
[[1, 0], [79, 328], [-241, -984]]
[[1, 0], [79, 328], [-85, -328]]
[[1, 0], [79, 492], [-161, -984]]
[[1, 0], [79, 533], [-103, -533]]
[[1, 0], [79, 82], [-601, -574]]
[[1, 0], [79, 82], [-659, -656]]
[[1, 0], [79, 82], [-731, -738]]
[[1, 0], [79, 82], [-961, -984]]
[[1, 0], [791, 984], [-793, -984]]
[[1, 0], [8, 123], [-24, -205]]
[[1, 0], [8, 123], [-25, -328]]
[[1, 0], [8, 123], [-64, -615]]
[[1, 0], [8, 123], [-73, -984]]
[[1, 0], [8, 21], [-1217, -504]]
[[1, 0], [8, 21], [-209, -72]]
[[1, 0], [8, 21], [-433, -168]]
[[1, 0], [8, 21], [-56, -123]]
[[1, 0], [8, 21], [-97, -24]]
[[1, 0], [8, 41], [-179, -656]]
[[1, 0], [8, 41], [-184, -615]]
[[1, 0], [8, 41], [-217, -984]]
[[1, 0], [8, 41], [-272, -533]]
[[1, 0], [8, 41], [-32, -41]]
[[1, 0], [8, 41], [-40, -123]]
[[1, 0], [80, 123], [-144, -205]]
[[1, 0], [80, 123], [-217, -328]]
[[1, 0], [80, 123], [-424, -615]]
[[1, 0], [80, 123], [-649, -984]]
[[1, 0], [80, 123], [-88, -123]]
[[1, 0], [803, 984], [-805, -984]]
[[1, 0], [809, 984], [-811, -984]]
[[1, 0], [81, 164], [-339, -656]]
[[1, 0], [81, 164], [-493, -984]]
[[1, 0], [81, 205], [-259, -615]]
[[1, 0], [81, 328], [-171, -656]]
[[1, 0], [81, 328], [-247, -984]]
[[1, 0], [81, 656], [-87, -656]]
[[1, 0], [81, 82], [-675, -656]]
[[1, 0], [81, 82], [-749, -738]]
[[1, 0], [81, 82], [-985, -984]]
[[1, 0], [815, 984], [-817, -984]]
[[1, 0], [821, 984], [-823, -984]]
[[1, 0], [827, 984], [-829, -984]]
[[1, 0], [83, 123], [-149, -205]]
[[1, 0], [83, 123], [-225, -328]]
[[1, 0], [83, 123], [-439, -615]]
[[1, 0], [83, 123], [-673, -984]]
[[1, 0], [83, 123], [-91, -123]]
[[1, 0], [83, 164], [-347, -656]]
[[1, 0], [83, 164], [-505, -984]]
[[1, 0], [83, 246], [-113, -328]]
[[1, 0], [83, 246], [-257, -738]]
[[1, 0], [83, 246], [-337, -984]]
[[1, 0], [83, 328], [-127, -492]]
[[1, 0], [83, 328], [-175, -656]]
[[1, 0], [83, 328], [-253, -984]]
[[1, 0], [83, 328], [-89, -328]]
[[1, 0], [83, 492], [-169, -984]]
[[1, 0], [83, 984], [-85, -984]]
[[1, 0], [833, 984], [-835, -984]]
[[1, 0], [839, 984], [-841, -984]]
[[1, 0], [85, 123], [-449, -615]]
[[1, 0], [85, 123], [-689, -984]]
[[1, 0], [85, 126], [-209, -168]]
[[1, 0], [85, 126], [-545, -504]]
[[1, 0], [85, 144], [-127, -192]]
[[1, 0], [85, 164], [-355, -656]]
[[1, 0], [85, 164], [-517, -984]]
[[1, 0], [85, 168], [-419, -504]]
[[1, 0], [85, 246], [-263, -738]]
[[1, 0], [85, 252], [-293, -504]]
[[1, 0], [85, 328], [-179, -656]]
[[1, 0], [85, 328], [-259, -984]]
[[1, 0], [85, 492], [-173, -984]]
[[1, 0], [85, 574], [-97, -574]]
[[1, 0], [85, 656], [-91, -656]]
[[1, 0], [85, 738], [-89, -738]]
[[1, 0], [851, 984], [-853, -984]]
[[1, 0], [857, 984], [-859, -984]]
[[1, 0], [86, 123], [-154, -205]]
[[1, 0], [86, 123], [-233, -328]]
[[1, 0], [86, 123], [-454, -615]]
[[1, 0], [86, 123], [-94, -123]]
[[1, 0], [86, 205], [-274, -615]]
[[1, 0], [863, 984], [-865, -984]]
[[1, 0], [87, 164], [-363, -656]]
[[1, 0], [87, 164], [-529, -984]]
[[1, 0], [87, 172], [-343, -516]]
[[1, 0], [87, 328], [-133, -492]]
[[1, 0], [87, 328], [-183, -656]]
[[1, 0], [87, 328], [-265, -984]]
[[1, 0], [87, 328], [-93, -328]]
[[1, 0], [875, 984], [-877, -984]]
[[1, 0], [88, 123], [-464, -615]]
[[1, 0], [88, 123], [-713, -984]]
[[1, 0], [881, 984], [-883, -984]]
[[1, 0], [887, 984], [-889, -984]]
[[1, 0], [89, 123], [-159, -205]]
[[1, 0], [89, 123], [-241, -328]]
[[1, 0], [89, 123], [-469, -615]]
[[1, 0], [89, 123], [-721, -984]]
[[1, 0], [89, 123], [-97, -123]]
[[1, 0], [89, 164], [-371, -656]]
[[1, 0], [89, 164], [-541, -984]]
[[1, 0], [89, 246], [-121, -328]]
[[1, 0], [89, 246], [-275, -738]]
[[1, 0], [89, 246], [-361, -984]]
[[1, 0], [89, 328], [-187, -656]]
[[1, 0], [89, 328], [-271, -984]]
[[1, 0], [89, 492], [-181, -984]]
[[1, 0], [89, 96], [-575, -576]]
[[1, 0], [89, 984], [-91, -984]]
[[1, 0], [9, 164], [-51, -656]]
[[1, 0], [9, 164], [-61, -984]]
[[1, 0], [9, 16], [-2169, -248]]
[[1, 0], [9, 16], [-249, -328]]
[[1, 0], [9, 16], [-4215, -496]]
[[1, 0], [9, 16], [-495, -656]]
[[1, 0], [9, 328], [-27, -656]]
[[1, 0], [9, 328], [-31, -984]]
[[1, 0], [9, 32], [-159, -128]]
[[1, 0], [9, 32], [-71, -216]]
[[1, 0], [9, 41], [-195, -656]]
[[1, 0], [9, 41], [-199, -615]]
[[1, 0], [9, 41], [-241, -984]]
[[1, 0], [9, 41], [-285, -533]]
[[1, 0], [9, 41], [-43, -123]]
[[1, 0], [9, 82], [-101, -738]]
[[1, 0], [9, 82], [-111, -574]]
[[1, 0], [9, 82], [-121, -984]]
[[1, 0], [9, 82], [-21, -82]]
[[1, 0], [9, 82], [-99, -656]]
[[1, 0], [905, 984], [-907, -984]]
[[1, 0], [91, 108], [-179, -180]]
[[1, 0], [91, 123], [-479, -615]]
[[1, 0], [91, 123], [-737, -984]]
[[1, 0], [91, 164], [-379, -656]]
[[1, 0], [91, 164], [-553, -984]]
[[1, 0], [91, 205], [-289, -615]]
[[1, 0], [91, 246], [-281, -738]]
[[1, 0], [91, 328], [-139, -492]]
[[1, 0], [91, 328], [-191, -656]]
[[1, 0], [91, 328], [-277, -984]]
[[1, 0], [91, 492], [-185, -984]]
[[1, 0], [91, 738], [-95, -738]]
[[1, 0], [911, 984], [-913, -984]]
[[1, 0], [92, 123], [-100, -123]]
[[1, 0], [92, 123], [-249, -328]]
[[1, 0], [92, 123], [-484, -615]]
[[1, 0], [92, 123], [-745, -984]]
[[1, 0], [92, 533], [-116, -533]]
[[1, 0], [923, 984], [-925, -984]]
[[1, 0], [929, 984], [-931, -984]]
[[1, 0], [93, 164], [-387, -656]]
[[1, 0], [93, 164], [-565, -984]]
[[1, 0], [93, 328], [-195, -656]]
[[1, 0], [93, 328], [-283, -984]]
[[1, 0], [93, 656], [-99, -656]]
[[1, 0], [935, 984], [-937, -984]]
[[1, 0], [94, 123], [-494, -615]]
[[1, 0], [94, 123], [-761, -984]]
[[1, 0], [947, 984], [-949, -984]]
[[1, 0], [95, 123], [-103, -123]]
[[1, 0], [95, 123], [-169, -205]]
[[1, 0], [95, 123], [-257, -328]]
[[1, 0], [95, 123], [-499, -615]]
[[1, 0], [95, 123], [-769, -984]]
[[1, 0], [95, 164], [-395, -656]]
[[1, 0], [95, 164], [-577, -984]]
[[1, 0], [95, 246], [-129, -328]]
[[1, 0], [95, 246], [-293, -738]]
[[1, 0], [95, 246], [-385, -984]]
[[1, 0], [95, 328], [-101, -328]]
[[1, 0], [95, 328], [-145, -492]]
[[1, 0], [95, 328], [-199, -656]]
[[1, 0], [95, 328], [-289, -984]]
[[1, 0], [95, 492], [-193, -984]]
[[1, 0], [953, 984], [-955, -984]]
[[1, 0], [959, 984], [-961, -984]]
[[1, 0], [96, 205], [-304, -615]]
[[1, 0], [97, 123], [-509, -615]]
[[1, 0], [97, 123], [-785, -984]]
[[1, 0], [97, 128], [-511, -512]]
[[1, 0], [97, 144], [-143, -192]]
[[1, 0], [97, 164], [-403, -656]]
[[1, 0], [97, 164], [-589, -984]]
[[1, 0], [97, 246], [-299, -738]]
[[1, 0], [97, 328], [-203, -656]]
[[1, 0], [97, 328], [-295, -984]]
[[1, 0], [97, 492], [-197, -984]]
[[1, 0], [97, 656], [-103, -656]]
[[1, 0], [971, 984], [-973, -984]]
[[1, 0], [977, 984], [-979, -984]]
[[1, 0], [98, 123], [-106, -123]]
[[1, 0], [98, 123], [-174, -205]]
[[1, 0], [98, 123], [-265, -328]]
[[1, 0], [98, 123], [-514, -615]]
[[1, 0], [98, 123], [-793, -984]]
[[1, 0], [983, 984], [-985, -984]]
[[1, 0], [99, 164], [-411, -656]]
[[1, 0], [99, 164], [-601, -984]]
[[1, 0], [99, 328], [-105, -328]]
[[1, 0], [99, 328], [-151, -492]]
[[1, 0], [99, 328], [-207, -656]]
[[1, 0], [99, 328], [-301, -984]]
[[1, 0], [99, 574], [-111, -574]]
