[[1, 0], [0, 1], [-112391, -672]]
[[1, 0], [0, 1], [-1169, -104]]
[[1, 0], [0, 1], [-1336, -1]]
[[1, 0], [0, 1], [-1337, -1336]]
[[1, 0], [0, 1], [-149632, -223]]
[[1, 0], [0, 1], [-149632, -671]]
[[1, 0], [0, 1], [-1560, -1169]]
[[1, 0], [0, 1], [-16199, -96]]
[[1, 0], [0, 1], [-167, -32]]
[[1, 0], [0, 1], [-167, -96]]
[[1, 0], [0, 1], [-224, -167]]
[[1, 0], [0, 1], [-2672, -11]]
[[1, 0], [0, 1], [-2672, -243]]
[[1, 0], [0, 1], [-2672, -27]]
[[1, 0], [0, 1], [-2672, -3]]
[[1, 0], [0, 1], [-2672, -891]]
[[1, 0], [0, 1], [-2672, -99]]
[[1, 0], [0, 1], [-3344, -835]]
[[1, 0], [0, 1], [-37575, -224]]
[[1, 0], [0, 1], [-37909, -680]]
[[1, 0], [0, 1], [-447560, -669]]
[[1, 0], [0, 1], [-501, -8]]
[[1, 0], [0, 1], [-5511, -32]]
[[1, 0], [0, 1], [-672, -167]]
[[1, 0], [0, 1], [-835, -304]]
[[1, 0], [1, 1002], [-5, -1002]]
[[1, 0], [1, 10], [-22779, -670]]
[[1, 0], [1, 10], [-279, -1120]]
[[1, 0], [1, 10], [-35, -16]]
[[1, 0], [1, 10], [-3909, -680]]
[[1, 0], [1, 10], [-4823, -134]]
[[1, 0], [1, 10], [-669, -10]]
[[1, 0], [1, 112], [-1175, -672]]
[[1, 0], [1, 112], [-503, -224]]
[[1, 0], [1, 116], [-173, -696]]
[[1, 0], [1, 11], [-1463, -61]]
[[1, 0], [1, 11], [-263, -1056]]
[[1, 0], [1, 12], [-1061, -708]]
[[1, 0], [1, 12], [-1511, -96]]
[[1, 0], [1, 12], [-179, -144]]
[[1, 0], [1, 12], [-243, -244]]
[[1, 0], [1, 12], [-251, -1008]]
[[1, 0], [1, 12], [-3303, -224]]
[[1, 0], [1, 12], [-401, -804]]
[[1, 0], [1, 12], [-615, -32]]
[[1, 0], [1, 12], [-9575, -672]]
[[1, 0], [1, 1336], [-3, -1336]]
[[1, 0], [1, 134], [-2009, -670]]
[[1, 0], [1, 134], [-669, -134]]
[[1, 0], [1, 136], [-339, -680]]
[[1, 0], [1, 13], [-19, -80]]
[[1, 0], [1, 14], [-1319, -96]]
[[1, 0], [1, 14], [-2855, -224]]
[[1, 0], [1, 14], [-551, -32]]
[[1, 0], [1, 14], [-8231, -672]]
[[1, 0], [1, 15], [-269, -27]]
[[1, 0], [1, 167], [-17, -1336]]
[[1, 0], [1, 167], [-29, -835]]
[[1, 0], [1, 167], [-9, -167]]
[[1, 0], [1, 168], [-391, -224]]
[[1, 0], [1, 168], [-839, -672]]
[[1, 0], [1, 16], [-1175, -96]]
[[1, 0], [1, 16], [-223, -896]]
[[1, 0], [1, 16], [-2519, -224]]
[[1, 0], [1, 16], [-503, -32]]
[[1, 0], [1, 16], [-7223, -672]]
[[1, 0], [1, 16], [-773, -344]]
[[1, 0], [1, 16], [-879, -704]]
[[1, 0], [1, 172], [-171, -688]]
[[1, 0], [1, 174], [-57, -232]]
[[1, 0], [1, 17], [-189, -40]]
[[1, 0], [1, 17], [-509, -136]]
[[1, 0], [1, 17], [-81, -41]]
[[1, 0], [1, 18], [-215, -864]]
[[1, 0], [1, 20], [-169, -40]]
[[1, 0], [1, 20], [-179, -240]]
[[1, 0], [1, 20], [-209, -840]]
[[1, 0], [1, 20], [-441, -136]]
[[1, 0], [1, 21], [-1959, -224]]
[[1, 0], [1, 21], [-423, -32]]
[[1, 0], [1, 21], [-5543, -672]]
[[1, 0], [1, 21], [-69, -280]]
[[1, 0], [1, 21], [-935, -96]]
[[1, 0], [1, 223], [-1337, -223]]
[[1, 0], [1, 223], [-2675, -669]]
[[1, 0], [1, 224], [-335, -224]]
[[1, 0], [1, 224], [-419, -336]]
[[1, 0], [1, 224], [-671, -672]]
[[1, 0], [1, 22], [-185, -62]]
[[1, 0], [1, 23], [-9, -40]]
[[1, 0], [1, 24], [-1735, -224]]
[[1, 0], [1, 24], [-391, -32]]
[[1, 0], [1, 24], [-4871, -672]]
[[1, 0], [1, 24], [-59, -80]]
[[1, 0], [1, 24], [-67, -272]]
[[1, 0], [1, 24], [-839, -96]]
[[1, 0], [1, 25], [-199, -800]]
[[1, 0], [1, 25], [-269, -45]]
[[1, 0], [1, 25], [-2699, -675]]
[[1, 0], [1, 27], [-899, -225]]
[[1, 0], [1, 28], [-1511, -224]]
[[1, 0], [1, 28], [-195, -784]]
[[1, 0], [1, 28], [-359, -32]]
[[1, 0], [1, 28], [-4199, -672]]
[[1, 0], [1, 28], [-743, -96]]
[[1, 0], [1, 28], [-99, -100]]
[[1, 0], [1, 2], [-112559, -670]]
[[1, 0], [1, 2], [-11867, -688]]
[[1, 0], [1, 2], [-1189, -40]]
[[1, 0], [1, 2], [-1337, -1336]]
[[1, 0], [1, 2], [-1505, -1002]]
[[1, 0], [1, 2], [-1637, -936]]
[[1, 0], [1, 2], [-183, -32]]
[[1, 0], [1, 2], [-18983, -224]]
[[1, 0], [1, 2], [-2009, -10]]
[[1, 0], [1, 2], [-215, -96]]
[[1, 0], [1, 2], [-22779, -134]]
[[1, 0], [1, 2], [-23051, -678]]
[[1, 0], [1, 2], [-2405, -802]]
[[1, 0], [1, 2], [-279, -224]]
[[1, 0], [1, 2], [-2855, -32]]
[[1, 0], [1, 2], [-3909, -136]]
[[1, 0], [1, 2], [-503, -334]]
[[1, 0], [1, 2], [-56615, -672]]
[[1, 0], [1, 2], [-669, -2]]
[[1, 0], [1, 2], [-8231, -96]]
[[1, 0], [1, 30], [-13, -56]]
[[1, 0], [1, 30], [-35, -48]]
[[1, 0], [1, 32], [-1049, -168]]
[[1, 0], [1, 32], [-1343, -224]]
[[1, 0], [1, 32], [-191, -768]]
[[1, 0], [1, 32], [-1931, -336]]
[[1, 0], [1, 32], [-335, -32]]
[[1, 0], [1, 32], [-3695, -672]]
[[1, 0], [1, 32], [-419, -48]]
[[1, 0], [1, 32], [-461, -56]]
[[1, 0], [1, 32], [-671, -96]]
[[1, 0], [1, 32], [-755, -112]]
[[1, 0], [1, 334], [-11, -1002]]
[[1, 0], [1, 334], [-5, -334]]
[[1, 0], [1, 334], [-9, -1336]]
[[1, 0], [1, 336], [-503, -672]]
[[1, 0], [1, 340], [-169, -680]]
[[1, 0], [1, 34], [-1189, -680]]
[[1, 0], [1, 36], [-21, -88]]
[[1, 0], [1, 3], [-101, -136]]
[[1, 0], [1, 3], [-1139, -912]]
[[1, 0], [1, 3], [-12711, -224]]
[[1, 0], [1, 3], [-1337, -3]]
[[1, 0], [1, 3], [-149855, -669]]
[[1, 0], [1, 3], [-1959, -32]]
[[1, 0], [1, 3], [-2915, -729]]
[[1, 0], [1, 3], [-37799, -672]]
[[1, 0], [1, 3], [-50397, -223]]
[[1, 0], [1, 3], [-5543, -96]]
[[1, 0], [1, 3], [-69, -40]]
[[1, 0], [1, 3], [-899, -25]]
[[1, 0], [1, 40], [-1019, -680]]
[[1, 0], [1, 42], [-1063, -224]]
[[1, 0], [1, 42], [-2855, -672]]
[[1, 0], [1, 42], [-551, -96]]
[[1, 0], [1, 44], [-47, -64]]
[[1, 0], [1, 46], [-183, -736]]
[[1, 0], [1, 48], [-2519, -672]]
[[1, 0], [1, 48], [-503, -96]]
[[1, 0], [1, 48], [-951, -224]]
[[1, 0], [1, 4], [-1061, -236]]
[[1, 0], [1, 4], [-1511, -32]]
[[1, 0], [1, 4], [-1527, -764]]
[[1, 0], [1, 4], [-169, -8]]
[[1, 0], [1, 4], [-1691, -752]]
[[1, 0], [1, 4], [-171, -16]]
[[1, 0], [1, 4], [-173, -24]]
[[1, 0], [1, 4], [-179, -48]]
[[1, 0], [1, 4], [-181, -56]]
[[1, 0], [1, 4], [-195, -112]]
[[1, 0], [1, 4], [-209, -168]]
[[1, 0], [1, 4], [-251, -336]]
[[1, 0], [1, 4], [-28391, -672]]
[[1, 0], [1, 4], [-3849, -700]]
[[1, 0], [1, 4], [-401, -268]]
[[1, 0], [1, 4], [-4199, -96]]
[[1, 0], [1, 4], [-4349, -696]]
[[1, 0], [1, 4], [-669, -1336]]
[[1, 0], [1, 4], [-891, -892]]
[[1, 0], [1, 4], [-9575, -224]]
[[1, 0], [1, 4], [-9689, -680]]
[[1, 0], [1, 52], [-181, -728]]
[[1, 0], [1, 56], [-2183, -672]]
[[1, 0], [1, 56], [-455, -96]]
[[1, 0], [1, 56], [-839, -224]]
[[1, 0], [1, 5], [-137, -184]]
[[1, 0], [1, 5], [-1597, -136]]
[[1, 0], [1, 5], [-171, -167]]
[[1, 0], [1, 5], [-199, -160]]
[[1, 0], [1, 5], [-269, -9]]
[[1, 0], [1, 5], [-2699, -135]]
[[1, 0], [1, 5], [-297, -149]]
[[1, 0], [1, 5], [-509, -40]]
[[1, 0], [1, 5], [-839, -835]]
[[1, 0], [1, 60], [-179, -720]]
[[1, 0], [1, 61], [-2683, -671]]
[[1, 0], [1, 668], [-5, -1336]]
[[1, 0], [1, 669], [-1337, -669]]
[[1, 0], [1, 670], [-669, -670]]
[[1, 0], [1, 672], [-335, -672]]
[[1, 0], [1, 68], [-169, -136]]
[[1, 0], [1, 6], [-1063, -32]]
[[1, 0], [1, 6], [-169, -334]]
[[1, 0], [1, 6], [-18983, -672]]
[[1, 0], [1, 6], [-215, -288]]
[[1, 0], [1, 6], [-2855, -96]]
[[1, 0], [1, 6], [-503, -1002]]
[[1, 0], [1, 6], [-57, -8]]
[[1, 0], [1, 6], [-6439, -224]]
[[1, 0], [1, 6], [-985, -232]]
[[1, 0], [1, 72], [-59, -240]]
[[1, 0], [1, 75], [-269, -135]]
[[1, 0], [1, 7], [-1273, -728]]
[[1, 0], [1, 7], [-16295, -672]]
[[1, 0], [1, 7], [-2471, -96]]
[[1, 0], [1, 7], [-25, -8]]
[[1, 0], [1, 7], [-2771, -693]]
[[1, 0], [1, 7], [-391, -1169]]
[[1, 0], [1, 7], [-5543, -224]]
[[1, 0], [1, 7], [-57, -167]]
[[1, 0], [1, 7], [-935, -32]]
[[1, 0], [1, 835], [-9, -835]]
[[1, 0], [1, 84], [-1511, -672]]
[[1, 0], [1, 84], [-359, -96]]
[[1, 0], [1, 84], [-615, -224]]
[[1, 0], [1, 85], [-509, -680]]
[[1, 0], [1, 88], [-175, -704]]
[[1, 0], [1, 8], [-1019, -136]]
[[1, 0], [1, 8], [-1259, -720]]
[[1, 0], [1, 8], [-14279, -672]]
[[1, 0], [1, 8], [-175, -64]]
[[1, 0], [1, 8], [-2183, -96]]
[[1, 0], [1, 8], [-335, -1336]]
[[1, 0], [1, 8], [-339, -40]]
[[1, 0], [1, 8], [-4871, -224]]
[[1, 0], [1, 8], [-839, -32]]
[[1, 0], [1, 90], [-35, -144]]
[[1, 0], [1, 91], [-25, -104]]
[[1, 0], [1, 96], [-1343, -672]]
[[1, 0], [1, 96], [-335, -96]]
[[1, 0], [1, 96], [-363, -112]]
[[1, 0], [1, 96], [-461, -168]]
[[1, 0], [1, 96], [-559, -224]]
[[1, 0], [1, 96], [-755, -336]]
[[1, 0], [1, 9], [-101, -408]]
[[1, 0], [1, 9], [-899, -75]]
[[1, 0], [10, 167], [-18, -167]]
[[1, 0], [10, 167], [-74, -835]]
[[1, 0], [10, 167], [-89, -1336]]
[[1, 0], [100, 167], [-524, -835]]
[[1, 0], [100, 167], [-809, -1336]]
[[1, 0], [1001, 1336], [-1003, -1336]]
[[1, 0], [1009, 1336], [-1011, -1336]]
[[1, 0], [101, 167], [-529, -835]]
[[1, 0], [101, 167], [-817, -1336]]
[[1, 0], [101, 334], [-105, -334]]
[[1, 0], [101, 334], [-311, -1002]]
[[1, 0], [101, 334], [-409, -1336]]
[[1, 0], [101, 668], [-205, -1336]]
[[1, 0], [101, 835], [-109, -835]]
[[1, 0], [1017, 1336], [-1019, -1336]]
[[1, 0], [102, 167], [-534, -835]]
[[1, 0], [102, 167], [-825, -1336]]
[[1, 0], [1025, 1336], [-1027, -1336]]
[[1, 0], [103, 1002], [-107, -1002]]
[[1, 0], [103, 1336], [-105, -1336]]
[[1, 0], [103, 136], [-849, -680]]
[[1, 0], [103, 167], [-539, -835]]
[[1, 0], [103, 167], [-833, -1336]]
[[1, 0], [103, 334], [-107, -334]]
[[1, 0], [103, 334], [-317, -1002]]
[[1, 0], [103, 334], [-417, -1336]]
[[1, 0], [103, 668], [-209, -1336]]
[[1, 0], [1033, 1336], [-1035, -1336]]
[[1, 0], [104, 167], [-544, -835]]
[[1, 0], [104, 167], [-841, -1336]]
[[1, 0], [1041, 1336], [-1043, -1336]]
[[1, 0], [1049, 1336], [-1051, -1336]]
[[1, 0], [105, 1336], [-107, -1336]]
[[1, 0], [105, 167], [-549, -835]]
[[1, 0], [105, 167], [-849, -1336]]
[[1, 0], [105, 334], [-109, -334]]
[[1, 0], [105, 334], [-323, -1002]]
[[1, 0], [105, 334], [-425, -1336]]
[[1, 0], [105, 668], [-213, -1336]]
[[1, 0], [1057, 1336], [-1059, -1336]]
[[1, 0], [106, 167], [-554, -835]]
[[1, 0], [106, 167], [-857, -1336]]
[[1, 0], [106, 835], [-114, -835]]
[[1, 0], [1065, 1336], [-1067, -1336]]
[[1, 0], [107, 1336], [-109, -1336]]
[[1, 0], [107, 167], [-559, -835]]
[[1, 0], [107, 167], [-865, -1336]]
[[1, 0], [107, 334], [-111, -334]]
[[1, 0], [107, 334], [-329, -1002]]
[[1, 0], [107, 334], [-433, -1336]]
[[1, 0], [107, 668], [-217, -1336]]
[[1, 0], [1073, 1336], [-1075, -1336]]
[[1, 0], [108, 167], [-564, -835]]
[[1, 0], [108, 167], [-873, -1336]]
[[1, 0], [1081, 1336], [-1083, -1336]]
[[1, 0], [1089, 1336], [-1091, -1336]]
[[1, 0], [109, 1002], [-113, -1002]]
[[1, 0], [109, 167], [-569, -835]]
[[1, 0], [109, 167], [-881, -1336]]
[[1, 0], [109, 334], [-113, -334]]
[[1, 0], [109, 334], [-335, -1002]]
[[1, 0], [109, 334], [-441, -1336]]
[[1, 0], [109, 668], [-221, -1336]]
[[1, 0], [1097, 1336], [-1099, -1336]]
[[1, 0], [11, 1336], [-13, -1336]]
[[1, 0], [11, 167], [-79, -835]]
[[1, 0], [11, 167], [-97, -1336]]
[[1, 0], [11, 20], [-189, -40]]
[[1, 0], [11, 20], [-299, -240]]
[[1, 0], [11, 20], [-509, -136]]
[[1, 0], [11, 20], [-629, -840]]
[[1, 0], [11, 334], [-15, -334]]
[[1, 0], [11, 334], [-41, -1002]]
[[1, 0], [11, 334], [-49, -1336]]
[[1, 0], [11, 40], [-1189, -680]]
[[1, 0], [11, 40], [-169, -68]]
[[1, 0], [11, 40], [-339, -170]]
[[1, 0], [11, 668], [-25, -1336]]
[[1, 0], [110, 167], [-574, -835]]
[[1, 0], [110, 167], [-889, -1336]]
[[1, 0], [1105, 1336], [-1107, -1336]]
[[1, 0], [111, 1336], [-113, -1336]]
[[1, 0], [111, 167], [-579, -835]]
[[1, 0], [111, 167], [-897, -1336]]
[[1, 0], [111, 334], [-115, -334]]
[[1, 0], [111, 334], [-341, -1002]]
[[1, 0], [111, 334], [-449, -1336]]
[[1, 0], [111, 668], [-225, -1336]]
[[1, 0], [111, 835], [-119, -835]]
[[1, 0], [1113, 1336], [-1115, -1336]]
[[1, 0], [112, 167], [-584, -835]]
[[1, 0], [112, 167], [-905, -1336]]
[[1, 0], [1121, 1336], [-1123, -1336]]
[[1, 0], [1129, 1336], [-1131, -1336]]
[[1, 0], [113, 1336], [-115, -1336]]
[[1, 0], [113, 167], [-589, -835]]
[[1, 0], [113, 167], [-913, -1336]]
[[1, 0], [113, 224], [-1007, -672]]
[[1, 0], [113, 224], [-587, -336]]
[[1, 0], [113, 334], [-117, -334]]
[[1, 0], [113, 334], [-347, -1002]]
[[1, 0], [113, 334], [-457, -1336]]
[[1, 0], [113, 668], [-229, -1336]]
[[1, 0], [1137, 1336], [-1139, -1336]]
[[1, 0], [114, 167], [-594, -835]]
[[1, 0], [114, 167], [-921, -1336]]
[[1, 0], [1145, 1336], [-1147, -1336]]
[[1, 0], [115, 1002], [-119, -1002]]
[[1, 0], [115, 1336], [-117, -1336]]
[[1, 0], [115, 167], [-599, -835]]
[[1, 0], [115, 167], [-929, -1336]]
[[1, 0], [115, 334], [-119, -334]]
[[1, 0], [115, 334], [-353, -1002]]
[[1, 0], [115, 334], [-465, -1336]]
[[1, 0], [115, 668], [-233, -1336]]
[[1, 0], [1153, 1336], [-1155, -1336]]
[[1, 0], [116, 167], [-604, -835]]
[[1, 0], [116, 167], [-937, -1336]]
[[1, 0], [116, 835], [-124, -835]]
[[1, 0], [1161, 1336], [-1163, -1336]]
[[1, 0], [117, 167], [-609, -835]]
[[1, 0], [117, 167], [-945, -1336]]
[[1, 0], [117, 334], [-121, -334]]
[[1, 0], [117, 334], [-359, -1002]]
[[1, 0], [117, 334], [-473, -1336]]
[[1, 0], [117, 668], [-237, -1336]]
[[1, 0], [1177, 1336], [-1179, -1336]]
[[1, 0], [118, 167], [-614, -835]]
[[1, 0], [118, 167], [-953, -1336]]
[[1, 0], [1185, 1336], [-1187, -1336]]
[[1, 0], [119, 1336], [-121, -1336]]
[[1, 0], [119, 167], [-619, -835]]
[[1, 0], [119, 167], [-961, -1336]]
[[1, 0], [119, 334], [-123, -334]]
[[1, 0], [119, 334], [-365, -1002]]
[[1, 0], [119, 334], [-481, -1336]]
[[1, 0], [119, 668], [-241, -1336]]
[[1, 0], [1193, 1336], [-1195, -1336]]
[[1, 0], [12, 167], [-105, -1336]]
[[1, 0], [12, 167], [-20, -167]]
[[1, 0], [12, 167], [-84, -835]]
[[1, 0], [120, 167], [-624, -835]]
[[1, 0], [120, 167], [-969, -1336]]
[[1, 0], [1201, 1336], [-1203, -1336]]
[[1, 0], [1209, 1336], [-1211, -1336]]
[[1, 0], [121, 1002], [-125, -1002]]
[[1, 0], [121, 1336], [-123, -1336]]
[[1, 0], [121, 167], [-629, -835]]
[[1, 0], [121, 167], [-977, -1336]]
[[1, 0], [121, 334], [-125, -334]]
[[1, 0], [121, 334], [-371, -1002]]
[[1, 0], [121, 334], [-489, -1336]]
[[1, 0], [121, 668], [-245, -1336]]
[[1, 0], [121, 835], [-129, -835]]
[[1, 0], [1217, 1336], [-1219, -1336]]
[[1, 0], [122, 167], [-634, -835]]
[[1, 0], [122, 167], [-985, -1336]]
[[1, 0], [1225, 1336], [-1227, -1336]]
[[1, 0], [123, 1336], [-125, -1336]]
[[1, 0], [123, 167], [-639, -835]]
[[1, 0], [123, 167], [-993, -1336]]
[[1, 0], [123, 334], [-127, -334]]
[[1, 0], [123, 334], [-377, -1002]]
[[1, 0], [123, 334], [-497, -1336]]
[[1, 0], [123, 668], [-249, -1336]]
[[1, 0], [1233, 1336], [-1235, -1336]]
[[1, 0], [124, 167], [-1001, -1336]]
[[1, 0], [124, 167], [-644, -835]]
[[1, 0], [1241, 1336], [-1243, -1336]]
[[1, 0], [1249, 1336], [-1251, -1336]]
[[1, 0], [125, 167], [-1009, -1336]]
[[1, 0], [125, 167], [-649, -835]]
[[1, 0], [125, 334], [-129, -334]]
[[1, 0], [125, 334], [-383, -1002]]
[[1, 0], [125, 334], [-505, -1336]]
[[1, 0], [125, 668], [-253, -1336]]
[[1, 0], [1257, 1336], [-1259, -1336]]
[[1, 0], [126, 167], [-1017, -1336]]
[[1, 0], [126, 167], [-654, -835]]
[[1, 0], [126, 835], [-134, -835]]
[[1, 0], [1265, 1336], [-1267, -1336]]
[[1, 0], [127, 1002], [-131, -1002]]
[[1, 0], [127, 1336], [-129, -1336]]
[[1, 0], [127, 167], [-1025, -1336]]
[[1, 0], [127, 167], [-659, -835]]
[[1, 0], [127, 168], [-1343, -672]]
[[1, 0], [127, 168], [-559, -224]]
[[1, 0], [127, 168], [-755, -336]]
[[1, 0], [127, 334], [-131, -334]]
[[1, 0], [127, 334], [-389, -1002]]
[[1, 0], [127, 334], [-513, -1336]]
[[1, 0], [127, 668], [-257, -1336]]
[[1, 0], [1273, 1336], [-1275, -1336]]
[[1, 0], [128, 167], [-1033, -1336]]
[[1, 0], [128, 167], [-664, -835]]
[[1, 0], [1281, 1336], [-1283, -1336]]
[[1, 0], [1289, 1336], [-1291, -1336]]
[[1, 0], [129, 1336], [-131, -1336]]
[[1, 0], [129, 167], [-1041, -1336]]
[[1, 0], [129, 167], [-669, -835]]
[[1, 0], [129, 334], [-133, -334]]
[[1, 0], [129, 334], [-395, -1002]]
[[1, 0], [129, 334], [-521, -1336]]
[[1, 0], [129, 668], [-261, -1336]]
[[1, 0], [1297, 1336], [-1299, -1336]]
[[1, 0], [13, 1002], [-17, -1002]]
[[1, 0], [13, 167], [-113, -1336]]
[[1, 0], [13, 167], [-21, -167]]
[[1, 0], [13, 167], [-89, -835]]
[[1, 0], [13, 16], [-1031, -344]]
[[1, 0], [13, 16], [-1247, -96]]
[[1, 0], [13, 16], [-1407, -704]]
[[1, 0], [13, 16], [-1427, -112]]
[[1, 0], [13, 16], [-2057, -168]]
[[1, 0], [13, 16], [-227, -228]]
[[1, 0], [13, 16], [-2687, -224]]
[[1, 0], [13, 16], [-3947, -336]]
[[1, 0], [13, 16], [-437, -24]]
[[1, 0], [13, 16], [-479, -384]]
[[1, 0], [13, 16], [-527, -32]]
[[1, 0], [13, 16], [-60, -61]]
[[1, 0], [13, 16], [-707, -48]]
[[1, 0], [13, 16], [-71, -36]]
[[1, 0], [13, 16], [-7727, -672]]
[[1, 0], [13, 16], [-797, -56]]
[[1, 0], [13, 16], [-895, -896]]
[[1, 0], [13, 24], [-1847, -224]]
[[1, 0], [13, 24], [-203, -272]]
[[1, 0], [13, 24], [-407, -32]]
[[1, 0], [13, 24], [-5207, -672]]
[[1, 0], [13, 24], [-887, -96]]
[[1, 0], [13, 24], [-99, -80]]
[[1, 0], [13, 334], [-17, -334]]
[[1, 0], [13, 334], [-47, -1002]]
[[1, 0], [13, 334], [-57, -1336]]
[[1, 0], [13, 48], [-1007, -224]]
[[1, 0], [13, 48], [-1427, -336]]
[[1, 0], [13, 48], [-2687, -672]]
[[1, 0], [13, 48], [-347, -48]]
[[1, 0], [13, 48], [-377, -56]]
[[1, 0], [13, 48], [-527, -96]]
[[1, 0], [13, 48], [-587, -112]]
[[1, 0], [13, 48], [-797, -168]]
[[1, 0], [13, 668], [-29, -1336]]
[[1, 0], [130, 167], [-1049, -1336]]
[[1, 0], [130, 167], [-674, -835]]
[[1, 0], [1305, 1336], [-1307, -1336]]
[[1, 0], [131, 1336], [-133, -1336]]
[[1, 0], [131, 167], [-1057, -1336]]
[[1, 0], [131, 167], [-679, -835]]
[[1, 0], [131, 334], [-135, -334]]
[[1, 0], [131, 334], [-401, -1002]]
[[1, 0], [131, 334], [-529, -1336]]
[[1, 0], [131, 668], [-265, -1336]]
[[1, 0], [131, 835], [-139, -835]]
[[1, 0], [1313, 1336], [-1315, -1336]]
[[1, 0], [132, 167], [-1065, -1336]]
[[1, 0], [132, 167], [-684, -835]]
[[1, 0], [1321, 1336], [-1323, -1336]]
[[1, 0], [1329, 1336], [-1331, -1336]]
[[1, 0], [133, 1002], [-137, -1002]]
[[1, 0], [133, 167], [-1073, -1336]]
[[1, 0], [133, 167], [-689, -835]]
[[1, 0], [133, 334], [-137, -334]]
[[1, 0], [133, 334], [-407, -1002]]
[[1, 0], [133, 334], [-537, -1336]]
[[1, 0], [133, 668], [-269, -1336]]
[[1, 0], [1335, 1336], [-1337, -1336]]
[[1, 0], [134, 167], [-1081, -1336]]
[[1, 0], [134, 167], [-694, -835]]
[[1, 0], [135, 1336], [-137, -1336]]
[[1, 0], [135, 167], [-1089, -1336]]
[[1, 0], [135, 167], [-699, -835]]
[[1, 0], [135, 334], [-139, -334]]
[[1, 0], [135, 334], [-413, -1002]]
[[1, 0], [135, 334], [-545, -1336]]
[[1, 0], [135, 668], [-273, -1336]]
[[1, 0], [136, 167], [-1097, -1336]]
[[1, 0], [136, 167], [-704, -835]]
[[1, 0], [136, 835], [-144, -835]]
[[1, 0], [137, 1336], [-139, -1336]]
[[1, 0], [137, 167], [-1105, -1336]]
[[1, 0], [137, 167], [-709, -835]]
[[1, 0], [137, 334], [-141, -334]]
[[1, 0], [137, 334], [-419, -1002]]
[[1, 0], [137, 334], [-553, -1336]]
[[1, 0], [137, 668], [-277, -1336]]
[[1, 0], [138, 167], [-1113, -1336]]
[[1, 0], [138, 167], [-714, -835]]
[[1, 0], [139, 1002], [-143, -1002]]
[[1, 0], [139, 1336], [-141, -1336]]
[[1, 0], [139, 167], [-1121, -1336]]
[[1, 0], [139, 167], [-719, -835]]
[[1, 0], [139, 334], [-143, -334]]
[[1, 0], [139, 334], [-425, -1002]]
[[1, 0], [139, 334], [-561, -1336]]
[[1, 0], [139, 668], [-281, -1336]]
[[1, 0], [14, 167], [-121, -1336]]
[[1, 0], [14, 167], [-22, -167]]
[[1, 0], [14, 167], [-94, -835]]
[[1, 0], [140, 167], [-1129, -1336]]
[[1, 0], [140, 167], [-724, -835]]
[[1, 0], [141, 167], [-1137, -1336]]
[[1, 0], [141, 167], [-729, -835]]
[[1, 0], [141, 334], [-145, -334]]
[[1, 0], [141, 334], [-431, -1002]]
[[1, 0], [141, 334], [-569, -1336]]
[[1, 0], [141, 668], [-285, -1336]]
[[1, 0], [141, 835], [-149, -835]]
[[1, 0], [142, 167], [-1145, -1336]]
[[1, 0], [142, 167], [-734, -835]]
[[1, 0], [143, 1336], [-145, -1336]]
[[1, 0], [143, 167], [-1153, -1336]]
[[1, 0], [143, 167], [-739, -835]]
[[1, 0], [143, 334], [-147, -334]]
[[1, 0], [143, 334], [-437, -1002]]
[[1, 0], [143, 334], [-577, -1336]]
[[1, 0], [143, 668], [-289, -1336]]
[[1, 0], [144, 167], [-1161, -1336]]
[[1, 0], [144, 167], [-744, -835]]
[[1, 0], [145, 1002], [-149, -1002]]
[[1, 0], [145, 1336], [-147, -1336]]
[[1, 0], [145, 167], [-749, -835]]
[[1, 0], [145, 334], [-149, -334]]
[[1, 0], [145, 334], [-443, -1002]]
[[1, 0], [145, 334], [-585, -1336]]
[[1, 0], [145, 668], [-293, -1336]]
[[1, 0], [146, 167], [-1177, -1336]]
[[1, 0], [146, 167], [-754, -835]]
[[1, 0], [146, 835], [-154, -835]]
[[1, 0], [147, 1336], [-149, -1336]]
[[1, 0], [147, 167], [-1185, -1336]]
[[1, 0], [147, 167], [-759, -835]]
[[1, 0], [147, 334], [-151, -334]]
[[1, 0], [147, 334], [-449, -1002]]
[[1, 0], [147, 334], [-593, -1336]]
[[1, 0], [147, 668], [-297, -1336]]
[[1, 0], [148, 167], [-1193, -1336]]
[[1, 0], [148, 167], [-156, -167]]
[[1, 0], [148, 167], [-764, -835]]
[[1, 0], [149, 167], [-1201, -1336]]
[[1, 0], [149, 167], [-769, -835]]
[[1, 0], [149, 334], [-153, -334]]
[[1, 0], [149, 334], [-455, -1002]]
[[1, 0], [149, 334], [-601, -1336]]
[[1, 0], [149, 668], [-301, -1336]]
[[1, 0], [15, 1336], [-17, -1336]]
[[1, 0], [15, 167], [-129, -1336]]
[[1, 0], [15, 167], [-23, -167]]
[[1, 0], [15, 167], [-99, -835]]
[[1, 0], [15, 28], [-149, -100]]
[[1, 0], [15, 28], [-1623, -224]]
[[1, 0], [15, 28], [-375, -32]]
[[1, 0], [15, 28], [-4535, -672]]
[[1, 0], [15, 28], [-587, -784]]
[[1, 0], [15, 28], [-791, -96]]
[[1, 0], [15, 334], [-19, -334]]
[[1, 0], [15, 334], [-53, -1002]]
[[1, 0], [15, 334], [-65, -1336]]
[[1, 0], [15, 56], [-1259, -336]]
[[1, 0], [15, 56], [-181, -364]]
[[1, 0], [15, 56], [-2351, -672]]
[[1, 0], [15, 56], [-349, -56]]
[[1, 0], [15, 56], [-479, -96]]
[[1, 0], [15, 56], [-531, -112]]
[[1, 0], [15, 56], [-713, -168]]
[[1, 0], [15, 56], [-895, -224]]
[[1, 0], [15, 668], [-33, -1336]]
[[1, 0], [150, 167], [-1209, -1336]]
[[1, 0], [150, 167], [-774, -835]]
[[1, 0], [151, 1002], [-155, -1002]]
[[1, 0], [151, 1336], [-153, -1336]]
[[1, 0], [151, 167], [-1217, -1336]]
[[1, 0], [151, 167], [-779, -835]]
[[1, 0], [151, 334], [-155, -334]]
[[1, 0], [151, 334], [-461, -1002]]
[[1, 0], [151, 334], [-609, -1336]]
[[1, 0], [151, 668], [-305, -1336]]
[[1, 0], [151, 835], [-159, -835]]
[[1, 0], [152, 167], [-1225, -1336]]
[[1, 0], [152, 167], [-784, -835]]
[[1, 0], [153, 1336], [-155, -1336]]
[[1, 0], [153, 167], [-1233, -1336]]
[[1, 0], [153, 167], [-789, -835]]
[[1, 0], [153, 334], [-157, -334]]
[[1, 0], [153, 334], [-467, -1002]]
[[1, 0], [153, 334], [-617, -1336]]
[[1, 0], [153, 668], [-309, -1336]]
[[1, 0], [154, 167], [-1241, -1336]]
[[1, 0], [154, 167], [-794, -835]]
[[1, 0], [155, 1336], [-157, -1336]]
[[1, 0], [155, 167], [-1249, -1336]]
[[1, 0], [155, 167], [-799, -835]]
[[1, 0], [155, 334], [-159, -334]]
[[1, 0], [155, 334], [-473, -1002]]
[[1, 0], [155, 334], [-625, -1336]]
[[1, 0], [155, 668], [-313, -1336]]
[[1, 0], [156, 167], [-1257, -1336]]
[[1, 0], [156, 167], [-804, -835]]
[[1, 0], [156, 835], [-164, -835]]
[[1, 0], [157, 1002], [-161, -1002]]
[[1, 0], [157, 167], [-1265, -1336]]
[[1, 0], [157, 167], [-809, -835]]
[[1, 0], [157, 334], [-161, -334]]
[[1, 0], [157, 334], [-479, -1002]]
[[1, 0], [157, 334], [-633, -1336]]
[[1, 0], [157, 668], [-317, -1336]]
[[1, 0], [158, 167], [-1273, -1336]]
[[1, 0], [158, 167], [-814, -835]]
[[1, 0], [159, 1336], [-161, -1336]]
[[1, 0], [159, 167], [-1281, -1336]]
[[1, 0], [159, 167], [-819, -835]]
[[1, 0], [159, 334], [-163, -334]]
[[1, 0], [159, 334], [-485, -1002]]
[[1, 0], [159, 334], [-641, -1336]]
[[1, 0], [159, 668], [-321, -1336]]
[[1, 0], [16, 167], [-104, -835]]
[[1, 0], [16, 167], [-137, -1336]]
[[1, 0], [16, 167], [-24, -167]]
[[1, 0], [16, 835], [-24, -835]]
[[1, 0], [160, 167], [-1289, -1336]]
[[1, 0], [160, 167], [-168, -167]]
[[1, 0], [160, 167], [-824, -835]]
[[1, 0], [161, 1336], [-163, -1336]]
[[1, 0], [161, 167], [-1297, -1336]]
[[1, 0], [161, 167], [-169, -167]]
[[1, 0], [161, 167], [-829, -835]]
[[1, 0], [161, 334], [-165, -334]]
[[1, 0], [161, 334], [-491, -1002]]
[[1, 0], [161, 334], [-649, -1336]]
[[1, 0], [161, 668], [-325, -1336]]
[[1, 0], [161, 835], [-169, -835]]
[[1, 0], [162, 167], [-1305, -1336]]
[[1, 0], [162, 167], [-170, -167]]
[[1, 0], [162, 167], [-834, -835]]
[[1, 0], [163, 1336], [-165, -1336]]
[[1, 0], [163, 167], [-1313, -1336]]
[[1, 0], [163, 167], [-171, -167]]
[[1, 0], [163, 167], [-839, -835]]
[[1, 0], [163, 334], [-497, -1002]]
[[1, 0], [163, 334], [-657, -1336]]
[[1, 0], [163, 668], [-329, -1336]]
[[1, 0], [164, 167], [-1321, -1336]]
[[1, 0], [164, 167], [-844, -835]]
[[1, 0], [165, 167], [-1329, -1336]]
[[1, 0], [165, 167], [-849, -835]]
[[1, 0], [165, 334], [-169, -334]]
[[1, 0], [165, 334], [-503, -1002]]
[[1, 0], [165, 334], [-665, -1336]]
[[1, 0], [165, 668], [-333, -1336]]
[[1, 0], [166, 167], [-1337, -1336]]
[[1, 0], [166, 167], [-854, -835]]
[[1, 0], [166, 835], [-174, -835]]
[[1, 0], [169, 1002], [-173, -1002]]
[[1, 0], [169, 1336], [-171, -1336]]
[[1, 0], [169, 224], [-1175, -672]]
[[1, 0], [169, 224], [-503, -224]]
[[1, 0], [169, 224], [-671, -336]]
[[1, 0], [169, 334], [-515, -1002]]
[[1, 0], [169, 334], [-681, -1336]]
[[1, 0], [169, 336], [-839, -672]]
[[1, 0], [169, 668], [-341, -1336]]
[[1, 0], [169, 672], [-503, -672]]
[[1, 0], [17, 1336], [-19, -1336]]
[[1, 0], [17, 167], [-109, -835]]
[[1, 0], [17, 167], [-145, -1336]]
[[1, 0], [17, 167], [-25, -167]]
[[1, 0], [17, 32], [-1133, -168]]
[[1, 0], [17, 32], [-1455, -224]]
[[1, 0], [17, 32], [-2099, -336]]
[[1, 0], [17, 32], [-4031, -672]]
[[1, 0], [17, 32], [-443, -48]]
[[1, 0], [17, 32], [-489, -56]]
[[1, 0], [17, 32], [-575, -768]]
[[1, 0], [17, 32], [-719, -96]]
[[1, 0], [17, 32], [-811, -112]]
[[1, 0], [17, 334], [-21, -334]]
[[1, 0], [17, 334], [-59, -1002]]
[[1, 0], [17, 334], [-73, -1336]]
[[1, 0], [17, 668], [-37, -1336]]
[[1, 0], [171, 1336], [-173, -1336]]
[[1, 0], [171, 334], [-521, -1002]]
[[1, 0], [171, 334], [-689, -1336]]
[[1, 0], [171, 340], [-509, -680]]
[[1, 0], [171, 668], [-345, -1336]]
[[1, 0], [171, 835], [-179, -835]]
[[1, 0], [173, 334], [-527, -1002]]
[[1, 0], [173, 334], [-697, -1336]]
[[1, 0], [173, 668], [-349, -1336]]
[[1, 0], [175, 1002], [-179, -1002]]
[[1, 0], [175, 1336], [-177, -1336]]
[[1, 0], [175, 334], [-533, -1002]]
[[1, 0], [175, 334], [-705, -1336]]
[[1, 0], [175, 668], [-353, -1336]]
[[1, 0], [176, 835], [-184, -835]]
[[1, 0], [177, 1336], [-179, -1336]]
[[1, 0], [177, 334], [-539, -1002]]
[[1, 0], [177, 334], [-713, -1336]]
[[1, 0], [177, 668], [-357, -1336]]
[[1, 0], [179, 1336], [-181, -1336]]
[[1, 0], [179, 334], [-545, -1002]]
[[1, 0], [179, 334], [-721, -1336]]
[[1, 0], [179, 668], [-361, -1336]]
[[1, 0], [18, 167], [-114, -835]]
[[1, 0], [18, 167], [-153, -1336]]
[[1, 0], [18, 167], [-26, -167]]
[[1, 0], [181, 1002], [-185, -1002]]
[[1, 0], [181, 334], [-551, -1002]]
[[1, 0], [181, 334], [-729, -1336]]
[[1, 0], [181, 668], [-365, -1336]]
[[1, 0], [181, 835], [-189, -835]]
[[1, 0], [183, 1336], [-185, -1336]]
[[1, 0], [183, 334], [-557, -1002]]
[[1, 0], [183, 334], [-737, -1336]]
[[1, 0], [183, 668], [-369, -1336]]
[[1, 0], [185, 1336], [-187, -1336]]
[[1, 0], [185, 334], [-563, -1002]]
[[1, 0], [185, 334], [-745, -1336]]
[[1, 0], [185, 668], [-373, -1336]]
[[1, 0], [186, 835], [-194, -835]]
[[1, 0], [187, 1002], [-191, -1002]]
[[1, 0], [187, 1336], [-189, -1336]]
[[1, 0], [187, 334], [-569, -1002]]
[[1, 0], [187, 334], [-753, -1336]]
[[1, 0], [187, 668], [-377, -1336]]
[[1, 0], [189, 334], [-575, -1002]]
[[1, 0], [189, 334], [-761, -1336]]
[[1, 0], [189, 668], [-381, -1336]]
[[1, 0], [19, 1002], [-23, -1002]]
[[1, 0], [19, 1336], [-21, -1336]]
[[1, 0], [19, 167], [-119, -835]]
[[1, 0], [19, 167], [-161, -1336]]
[[1, 0], [19, 167], [-27, -167]]
[[1, 0], [19, 24], [-1035, -112]]
[[1, 0], [19, 24], [-104, -105]]
[[1, 0], [19, 24], [-119, -80]]
[[1, 0], [19, 24], [-1469, -168]]
[[1, 0], [19, 24], [-1903, -224]]
[[1, 0], [19, 24], [-231, -116]]
[[1, 0], [19, 24], [-271, -272]]
[[1, 0], [19, 24], [-2771, -336]]
[[1, 0], [19, 24], [-415, -32]]
[[1, 0], [19, 24], [-5375, -672]]
[[1, 0], [19, 24], [-539, -48]]
[[1, 0], [19, 24], [-601, -56]]
[[1, 0], [19, 24], [-911, -96]]
[[1, 0], [19, 334], [-23, -334]]
[[1, 0], [19, 334], [-65, -1002]]
[[1, 0], [19, 334], [-81, -1336]]
[[1, 0], [19, 36], [-65, -88]]
[[1, 0], [19, 668], [-41, -1336]]
[[1, 0], [19, 72], [-119, -240]]
[[1, 0], [191, 1336], [-193, -1336]]
[[1, 0], [191, 334], [-581, -1002]]
[[1, 0], [191, 334], [-769, -1336]]
[[1, 0], [191, 668], [-385, -1336]]
[[1, 0], [191, 835], [-199, -835]]
[[1, 0], [193, 1002], [-197, -1002]]
[[1, 0], [193, 1336], [-195, -1336]]
[[1, 0], [193, 334], [-587, -1002]]
[[1, 0], [193, 334], [-777, -1336]]
[[1, 0], [193, 668], [-389, -1336]]
[[1, 0], [195, 1336], [-197, -1336]]
[[1, 0], [195, 334], [-593, -1002]]
[[1, 0], [195, 334], [-785, -1336]]
[[1, 0], [195, 668], [-393, -1336]]
[[1, 0], [196, 835], [-204, -835]]
[[1, 0], [197, 334], [-599, -1002]]
[[1, 0], [197, 334], [-793, -1336]]
[[1, 0], [197, 668], [-397, -1336]]
[[1, 0], [199, 1002], [-203, -1002]]
[[1, 0], [199, 1336], [-201, -1336]]
[[1, 0], [199, 334], [-605, -1002]]
[[1, 0], [199, 334], [-801, -1336]]
[[1, 0], [199, 668], [-401, -1336]]
[[1, 0], [2, 167], [-10, -167]]
[[1, 0], [2, 167], [-25, -1336]]
[[1, 0], [2, 167], [-34, -835]]
[[1, 0], [20, 167], [-124, -835]]
[[1, 0], [20, 167], [-169, -1336]]
[[1, 0], [20, 167], [-28, -167]]
[[1, 0], [201, 1336], [-203, -1336]]
[[1, 0], [201, 334], [-611, -1002]]
[[1, 0], [201, 334], [-809, -1336]]
[[1, 0], [201, 668], [-405, -1336]]
[[1, 0], [201, 835], [-209, -835]]
[[1, 0], [203, 1336], [-205, -1336]]
[[1, 0], [203, 334], [-617, -1002]]
[[1, 0], [203, 334], [-817, -1336]]
[[1, 0], [203, 668], [-409, -1336]]
[[1, 0], [205, 1002], [-209, -1002]]
[[1, 0], [205, 334], [-623, -1002]]
[[1, 0], [205, 334], [-825, -1336]]
[[1, 0], [205, 668], [-413, -1336]]
[[1, 0], [206, 835], [-214, -835]]
[[1, 0], [207, 1336], [-209, -1336]]
[[1, 0], [207, 334], [-629, -1002]]
[[1, 0], [207, 334], [-833, -1336]]
[[1, 0], [207, 668], [-417, -1336]]
[[1, 0], [209, 1336], [-211, -1336]]
[[1, 0], [209, 334], [-635, -1002]]
[[1, 0], [209, 334], [-841, -1336]]
[[1, 0], [209, 668], [-421, -1336]]
[[1, 0], [21, 167], [-129, -835]]
[[1, 0], [21, 167], [-177, -1336]]
[[1, 0], [21, 167], [-29, -167]]
[[1, 0], [21, 334], [-25, -334]]
[[1, 0], [21, 334], [-71, -1002]]
[[1, 0], [21, 334], [-89, -1336]]
[[1, 0], [21, 40], [-1359, -680]]
[[1, 0], [21, 668], [-45, -1336]]
[[1, 0], [21, 80], [-89, -180]]
[[1, 0], [21, 835], [-29, -835]]
[[1, 0], [211, 1002], [-215, -1002]]
[[1, 0], [211, 1336], [-213, -1336]]
[[1, 0], [211, 334], [-641, -1002]]
[[1, 0], [211, 334], [-849, -1336]]
[[1, 0], [211, 668], [-425, -1336]]
[[1, 0], [211, 835], [-219, -835]]
[[1, 0], [213, 334], [-647, -1002]]
[[1, 0], [213, 334], [-857, -1336]]
[[1, 0], [213, 668], [-429, -1336]]
[[1, 0], [215, 1336], [-217, -1336]]
[[1, 0], [215, 334], [-653, -1002]]
[[1, 0], [215, 334], [-865, -1336]]
[[1, 0], [215, 668], [-433, -1336]]
[[1, 0], [216, 835], [-224, -835]]
[[1, 0], [217, 1002], [-221, -1002]]
[[1, 0], [217, 1336], [-219, -1336]]
[[1, 0], [217, 334], [-659, -1002]]
[[1, 0], [217, 334], [-873, -1336]]
[[1, 0], [217, 668], [-437, -1336]]
[[1, 0], [219, 1336], [-221, -1336]]
[[1, 0], [219, 334], [-665, -1002]]
[[1, 0], [219, 334], [-881, -1336]]
[[1, 0], [219, 668], [-441, -1336]]
[[1, 0], [22, 167], [-134, -835]]
[[1, 0], [22, 167], [-185, -1336]]
[[1, 0], [22, 167], [-30, -167]]
[[1, 0], [221, 334], [-671, -1002]]
[[1, 0], [221, 334], [-889, -1336]]
[[1, 0], [221, 668], [-445, -1336]]
[[1, 0], [221, 835], [-229, -835]]
[[1, 0], [223, 1002], [-227, -1002]]
[[1, 0], [223, 1336], [-225, -1336]]
[[1, 0], [223, 334], [-677, -1002]]
[[1, 0], [223, 334], [-897, -1336]]
[[1, 0], [223, 668], [-449, -1336]]
[[1, 0], [225, 1336], [-227, -1336]]
[[1, 0], [225, 334], [-683, -1002]]
[[1, 0], [225, 334], [-905, -1336]]
[[1, 0], [225, 668], [-453, -1336]]
[[1, 0], [226, 835], [-234, -835]]
[[1, 0], [227, 1336], [-229, -1336]]
[[1, 0], [227, 334], [-689, -1002]]
[[1, 0], [227, 334], [-913, -1336]]
[[1, 0], [227, 668], [-457, -1336]]
[[1, 0], [229, 1002], [-233, -1002]]
[[1, 0], [229, 334], [-695, -1002]]
[[1, 0], [229, 334], [-921, -1336]]
[[1, 0], [229, 668], [-461, -1336]]
[[1, 0], [23, 1336], [-25, -1336]]
[[1, 0], [23, 167], [-139, -835]]
[[1, 0], [23, 167], [-193, -1336]]
[[1, 0], [23, 167], [-31, -167]]
[[1, 0], [23, 334], [-27, -334]]
[[1, 0], [23, 334], [-77, -1002]]
[[1, 0], [23, 334], [-97, -1336]]
[[1, 0], [23, 44], [-79, -64]]
[[1, 0], [23, 668], [-49, -1336]]
[[1, 0], [23, 88], [-351, -704]]
[[1, 0], [231, 1336], [-233, -1336]]
[[1, 0], [231, 334], [-701, -1002]]
[[1, 0], [231, 334], [-929, -1336]]
[[1, 0], [231, 668], [-465, -1336]]
[[1, 0], [231, 835], [-239, -835]]
[[1, 0], [233, 1336], [-235, -1336]]
[[1, 0], [233, 334], [-707, -1002]]
[[1, 0], [233, 334], [-937, -1336]]
[[1, 0], [233, 668], [-469, -1336]]
[[1, 0], [235, 1002], [-239, -1002]]
[[1, 0], [235, 1336], [-237, -1336]]
[[1, 0], [235, 334], [-713, -1002]]
[[1, 0], [235, 334], [-945, -1336]]
[[1, 0], [235, 668], [-473, -1336]]
[[1, 0], [236, 835], [-244, -835]]
[[1, 0], [237, 334], [-719, -1002]]
[[1, 0], [237, 334], [-953, -1336]]
[[1, 0], [237, 668], [-477, -1336]]
[[1, 0], [239, 1336], [-241, -1336]]
[[1, 0], [239, 334], [-725, -1002]]
[[1, 0], [239, 334], [-961, -1336]]
[[1, 0], [239, 668], [-481, -1336]]
[[1, 0], [24, 167], [-144, -835]]
[[1, 0], [24, 167], [-201, -1336]]
[[1, 0], [24, 167], [-32, -167]]
[[1, 0], [241, 1002], [-245, -1002]]
[[1, 0], [241, 1336], [-243, -1336]]
[[1, 0], [241, 334], [-731, -1002]]
[[1, 0], [241, 334], [-969, -1336]]
[[1, 0], [241, 668], [-485, -1336]]
[[1, 0], [241, 835], [-249, -835]]
[[1, 0], [243, 1336], [-245, -1336]]
[[1, 0], [243, 334], [-737, -1002]]
[[1, 0], [243, 334], [-977, -1336]]
[[1, 0], [243, 668], [-489, -1336]]
[[1, 0], [245, 334], [-743, -1002]]
[[1, 0], [245, 334], [-985, -1336]]
[[1, 0], [245, 668], [-493, -1336]]
[[1, 0], [246, 835], [-254, -835]]
[[1, 0], [247, 1002], [-251, -1002]]
[[1, 0], [247, 1336], [-249, -1336]]
[[1, 0], [247, 334], [-749, -1002]]
[[1, 0], [247, 334], [-993, -1336]]
[[1, 0], [247, 668], [-497, -1336]]
[[1, 0], [249, 1336], [-251, -1336]]
[[1, 0], [249, 334], [-1001, -1336]]
[[1, 0], [249, 334], [-755, -1002]]
[[1, 0], [25, 1002], [-29, -1002]]
[[1, 0], [25, 1336], [-27, -1336]]
[[1, 0], [25, 167], [-149, -835]]
[[1, 0], [25, 167], [-209, -1336]]
[[1, 0], [25, 167], [-33, -167]]
[[1, 0], [25, 32], [-1175, -168]]
[[1, 0], [25, 32], [-1511, -224]]
[[1, 0], [25, 32], [-2183, -336]]
[[1, 0], [25, 32], [-359, -32]]
[[1, 0], [25, 32], [-419, -42]]
[[1, 0], [25, 32], [-4199, -672]]
[[1, 0], [25, 32], [-455, -48]]
[[1, 0], [25, 32], [-503, -56]]
[[1, 0], [25, 32], [-671, -84]]
[[1, 0], [25, 32], [-743, -96]]
[[1, 0], [25, 32], [-767, -768]]
[[1, 0], [25, 32], [-839, -112]]
[[1, 0], [25, 32], [-99, -100]]
[[1, 0], [25, 334], [-105, -1336]]
[[1, 0], [25, 334], [-29, -334]]
[[1, 0], [25, 334], [-83, -1002]]
[[1, 0], [25, 48], [-1063, -224]]
[[1, 0], [25, 48], [-2855, -672]]
[[1, 0], [25, 48], [-551, -96]]
[[1, 0], [25, 668], [-53, -1336]]
[[1, 0], [25, 96], [-1511, -672]]
[[1, 0], [25, 96], [-359, -96]]
[[1, 0], [25, 96], [-391, -112]]
[[1, 0], [25, 96], [-503, -168]]
[[1, 0], [25, 96], [-615, -224]]
[[1, 0], [25, 96], [-839, -336]]
[[1, 0], [251, 1336], [-253, -1336]]
[[1, 0], [251, 334], [-1009, -1336]]
[[1, 0], [251, 334], [-761, -1002]]
[[1, 0], [251, 668], [-505, -1336]]
[[1, 0], [251, 835], [-259, -835]]
[[1, 0], [253, 1002], [-257, -1002]]
[[1, 0], [253, 334], [-1017, -1336]]
[[1, 0], [253, 334], [-767, -1002]]
[[1, 0], [253, 336], [-1007, -672]]
[[1, 0], [253, 668], [-509, -1336]]
[[1, 0], [255, 1336], [-257, -1336]]
[[1, 0], [255, 334], [-1025, -1336]]
[[1, 0], [255, 334], [-773, -1002]]
[[1, 0], [255, 668], [-513, -1336]]
[[1, 0], [256, 835], [-264, -835]]
[[1, 0], [257, 1336], [-259, -1336]]
[[1, 0], [257, 334], [-1033, -1336]]
[[1, 0], [257, 334], [-779, -1002]]
[[1, 0], [257, 668], [-517, -1336]]
[[1, 0], [259, 1002], [-263, -1002]]
[[1, 0], [259, 1336], [-261, -1336]]
[[1, 0], [259, 334], [-1041, -1336]]
[[1, 0], [259, 334], [-785, -1002]]
[[1, 0], [259, 668], [-521, -1336]]
[[1, 0], [26, 167], [-154, -835]]
[[1, 0], [26, 167], [-217, -1336]]
[[1, 0], [26, 167], [-34, -167]]
[[1, 0], [26, 835], [-34, -835]]
[[1, 0], [261, 334], [-1049, -1336]]
[[1, 0], [261, 334], [-791, -1002]]
[[1, 0], [261, 668], [-525, -1336]]
[[1, 0], [261, 835], [-269, -835]]
[[1, 0], [263, 1336], [-265, -1336]]
[[1, 0], [263, 334], [-1057, -1336]]
[[1, 0], [263, 334], [-797, -1002]]
[[1, 0], [263, 668], [-529, -1336]]
[[1, 0], [265, 1002], [-269, -1002]]
[[1, 0], [265, 1336], [-267, -1336]]
[[1, 0], [265, 334], [-1065, -1336]]
[[1, 0], [265, 334], [-803, -1002]]
[[1, 0], [265, 668], [-533, -1336]]
[[1, 0], [266, 835], [-274, -835]]
[[1, 0], [267, 1336], [-269, -1336]]
[[1, 0], [267, 334], [-1073, -1336]]
[[1, 0], [267, 334], [-809, -1002]]
[[1, 0], [267, 668], [-537, -1336]]
[[1, 0], [269, 334], [-1081, -1336]]
[[1, 0], [269, 334], [-815, -1002]]
[[1, 0], [269, 668], [-541, -1336]]
[[1, 0], [27, 1336], [-29, -1336]]
[[1, 0], [27, 167], [-159, -835]]
[[1, 0], [27, 167], [-225, -1336]]
[[1, 0], [27, 167], [-35, -167]]
[[1, 0], [27, 334], [-113, -1336]]
[[1, 0], [27, 334], [-31, -334]]
[[1, 0], [27, 334], [-89, -1002]]
[[1, 0], [27, 52], [-545, -728]]
[[1, 0], [27, 668], [-57, -1336]]
[[1, 0], [271, 1002], [-275, -1002]]
[[1, 0], [271, 1336], [-273, -1336]]
[[1, 0], [271, 334], [-1089, -1336]]
[[1, 0], [271, 334], [-821, -1002]]
[[1, 0], [271, 668], [-545, -1336]]
[[1, 0], [271, 835], [-279, -835]]
[[1, 0], [273, 1336], [-275, -1336]]
[[1, 0], [273, 334], [-1097, -1336]]
[[1, 0], [273, 334], [-827, -1002]]
[[1, 0], [273, 668], [-549, -1336]]
[[1, 0], [275, 1336], [-277, -1336]]
[[1, 0], [275, 334], [-1105, -1336]]
[[1, 0], [275, 334], [-833, -1002]]
[[1, 0], [275, 668], [-553, -1336]]
[[1, 0], [276, 835], [-284, -835]]
[[1, 0], [277, 1002], [-281, -1002]]
[[1, 0], [277, 334], [-1113, -1336]]
[[1, 0], [277, 334], [-839, -1002]]
[[1, 0], [277, 668], [-557, -1336]]
[[1, 0], [279, 1336], [-281, -1336]]
[[1, 0], [279, 334], [-1121, -1336]]
[[1, 0], [279, 334], [-845, -1002]]
[[1, 0], [279, 668], [-561, -1336]]
[[1, 0], [28, 167], [-164, -835]]
[[1, 0], [28, 167], [-233, -1336]]
[[1, 0], [28, 167], [-36, -167]]
[[1, 0], [281, 1336], [-283, -1336]]
[[1, 0], [281, 334], [-1129, -1336]]
[[1, 0], [281, 334], [-851, -1002]]
[[1, 0], [281, 668], [-565, -1336]]
[[1, 0], [281, 835], [-289, -835]]
[[1, 0], [283, 1002], [-287, -1002]]
[[1, 0], [283, 1336], [-285, -1336]]
[[1, 0], [283, 334], [-1137, -1336]]
[[1, 0], [283, 334], [-857, -1002]]
[[1, 0], [283, 668], [-569, -1336]]
[[1, 0], [285, 334], [-1145, -1336]]
[[1, 0], [285, 334], [-863, -1002]]
[[1, 0], [285, 668], [-573, -1336]]
[[1, 0], [286, 835], [-294, -835]]
[[1, 0], [287, 1336], [-289, -1336]]
[[1, 0], [287, 334], [-1153, -1336]]
[[1, 0], [287, 334], [-869, -1002]]
[[1, 0], [287, 668], [-577, -1336]]
[[1, 0], [289, 1002], [-293, -1002]]
[[1, 0], [289, 1336], [-291, -1336]]
[[1, 0], [289, 334], [-1161, -1336]]
[[1, 0], [289, 334], [-875, -1002]]
[[1, 0], [289, 668], [-581, -1336]]
[[1, 0], [29, 112], [-1343, -672]]
[[1, 0], [29, 112], [-363, -112]]
[[1, 0], [29, 112], [-461, -168]]
[[1, 0], [29, 112], [-559, -224]]
[[1, 0], [29, 112], [-755, -336]]
[[1, 0], [29, 167], [-169, -835]]
[[1, 0], [29, 167], [-241, -1336]]
[[1, 0], [29, 167], [-37, -167]]
[[1, 0], [29, 334], [-121, -1336]]
[[1, 0], [29, 334], [-33, -334]]
[[1, 0], [29, 334], [-95, -1002]]
[[1, 0], [29, 56], [-2519, -672]]
[[1, 0], [29, 56], [-503, -96]]
[[1, 0], [29, 56], [-951, -224]]
[[1, 0], [29, 668], [-61, -1336]]
[[1, 0], [291, 1336], [-293, -1336]]
[[1, 0], [291, 334], [-881, -1002]]
[[1, 0], [291, 668], [-585, -1336]]
[[1, 0], [291, 835], [-299, -835]]
[[1, 0], [293, 334], [-1177, -1336]]
[[1, 0], [293, 334], [-887, -1002]]
[[1, 0], [293, 668], [-589, -1336]]
[[1, 0], [295, 1002], [-299, -1002]]
[[1, 0], [295, 1336], [-297, -1336]]
[[1, 0], [295, 334], [-1185, -1336]]
[[1, 0], [295, 334], [-893, -1002]]
[[1, 0], [295, 668], [-593, -1336]]
[[1, 0], [296, 835], [-304, -835]]
[[1, 0], [297, 1336], [-299, -1336]]
[[1, 0], [297, 334], [-1193, -1336]]
[[1, 0], [297, 334], [-899, -1002]]
[[1, 0], [297, 668], [-597, -1336]]
[[1, 0], [299, 1336], [-301, -1336]]
[[1, 0], [299, 334], [-1201, -1336]]
[[1, 0], [299, 334], [-905, -1002]]
[[1, 0], [299, 668], [-601, -1336]]
[[1, 0], [3, 1336], [-5, -1336]]
[[1, 0], [3, 167], [-11, -167]]
[[1, 0], [3, 167], [-33, -1336]]
[[1, 0], [3, 167], [-39, -835]]
[[1, 0], [3, 334], [-17, -1002]]
[[1, 0], [3, 334], [-17, -1336]]
[[1, 0], [3, 334], [-7, -334]]
[[1, 0], [3, 4], [-10029, -680]]
[[1, 0], [3, 4], [-1179, -236]]
[[1, 0], [3, 4], [-1337, -1336]]
[[1, 0], [3, 4], [-1337, -892]]
[[1, 0], [3, 4], [-1527, -32]]
[[1, 0], [3, 4], [-173, -8]]
[[1, 0], [3, 4], [-179, -16]]
[[1, 0], [3, 4], [-185, -24]]
[[1, 0], [3, 4], [-1909, -764]]
[[1, 0], [3, 4], [-203, -48]]
[[1, 0], [3, 4], [-2067, -752]]
[[1, 0], [3, 4], [-209, -56]]
[[1, 0], [3, 4], [-251, -112]]
[[1, 0], [3, 4], [-28727, -672]]
[[1, 0], [3, 4], [-293, -168]]
[[1, 0], [3, 4], [-419, -336]]
[[1, 0], [3, 4], [-4199, -700]]
[[1, 0], [3, 4], [-4247, -96]]
[[1, 0], [3, 4], [-4697, -696]]
[[1, 0], [3, 4], [-535, -268]]
[[1, 0], [3, 4], [-9687, -224]]
[[1, 0], [3, 668], [-9, -1336]]
[[1, 0], [3, 8], [-103, -52]]
[[1, 0], [3, 8], [-1053, -136]]
[[1, 0], [3, 8], [-1187, -48]]
[[1, 0], [3, 8], [-129, -10]]
[[1, 0], [3, 8], [-1357, -56]]
[[1, 0], [3, 8], [-1439, -720]]
[[1, 0], [3, 8], [-14447, -672]]
[[1, 0], [3, 8], [-191, -64]]
[[1, 0], [3, 8], [-201, -202]]
[[1, 0], [3, 8], [-2207, -96]]
[[1, 0], [3, 8], [-239, -192]]
[[1, 0], [3, 8], [-2547, -112]]
[[1, 0], [3, 8], [-2549, -340]]
[[1, 0], [3, 8], [-305, -34]]
[[1, 0], [3, 8], [-335, -448]]
[[1, 0], [3, 8], [-335, -668]]
[[1, 0], [3, 8], [-337, -8]]
[[1, 0], [3, 8], [-34, -35]]
[[1, 0], [3, 8], [-349, -40]]
[[1, 0], [3, 8], [-3737, -168]]
[[1, 0], [3, 8], [-4927, -224]]
[[1, 0], [3, 8], [-507, -16]]
[[1, 0], [3, 8], [-557, -372]]
[[1, 0], [3, 8], [-669, -1336]]
[[1, 0], [3, 8], [-677, -24]]
[[1, 0], [3, 8], [-679, -85]]
[[1, 0], [3, 8], [-7307, -336]]
[[1, 0], [3, 8], [-847, -32]]
[[1, 0], [3, 8], [-967, -352]]
[[1, 0], [30, 167], [-174, -835]]
[[1, 0], [30, 167], [-249, -1336]]
[[1, 0], [30, 167], [-38, -167]]
[[1, 0], [301, 1002], [-305, -1002]]
[[1, 0], [301, 334], [-1209, -1336]]
[[1, 0], [301, 334], [-911, -1002]]
[[1, 0], [301, 668], [-605, -1336]]
[[1, 0], [301, 835], [-309, -835]]
[[1, 0], [303, 1336], [-305, -1336]]
[[1, 0], [303, 334], [-1217, -1336]]
[[1, 0], [303, 334], [-917, -1002]]
[[1, 0], [303, 668], [-609, -1336]]
[[1, 0], [305, 1336], [-307, -1336]]
[[1, 0], [305, 334], [-1225, -1336]]
[[1, 0], [305, 334], [-923, -1002]]
[[1, 0], [305, 668], [-613, -1336]]
[[1, 0], [306, 835], [-314, -835]]
[[1, 0], [307, 1002], [-311, -1002]]
[[1, 0], [307, 1336], [-309, -1336]]
[[1, 0], [307, 334], [-1233, -1336]]
[[1, 0], [307, 334], [-929, -1002]]
[[1, 0], [307, 668], [-617, -1336]]
[[1, 0], [309, 334], [-1241, -1336]]
[[1, 0], [309, 334], [-935, -1002]]
[[1, 0], [309, 668], [-621, -1336]]
[[1, 0], [31, 1002], [-35, -1002]]
[[1, 0], [31, 1336], [-33, -1336]]
[[1, 0], [31, 167], [-179, -835]]
[[1, 0], [31, 167], [-257, -1336]]
[[1, 0], [31, 167], [-39, -167]]
[[1, 0], [31, 334], [-101, -1002]]
[[1, 0], [31, 334], [-129, -1336]]
[[1, 0], [31, 334], [-35, -334]]
[[1, 0], [31, 40], [-1529, -680]]
[[1, 0], [31, 40], [-189, -190]]
[[1, 0], [31, 40], [-203, -68]]
[[1, 0], [31, 60], [-539, -720]]
[[1, 0], [31, 668], [-65, -1336]]
[[1, 0], [31, 835], [-39, -835]]
[[1, 0], [311, 1336], [-313, -1336]]
[[1, 0], [311, 334], [-1249, -1336]]
[[1, 0], [311, 334], [-941, -1002]]
[[1, 0], [311, 668], [-625, -1336]]
[[1, 0], [311, 835], [-319, -835]]
[[1, 0], [313, 1002], [-317, -1002]]
[[1, 0], [313, 1336], [-315, -1336]]
[[1, 0], [313, 334], [-1257, -1336]]
[[1, 0], [313, 334], [-947, -1002]]
[[1, 0], [313, 668], [-629, -1336]]
[[1, 0], [315, 1336], [-317, -1336]]
[[1, 0], [315, 334], [-1265, -1336]]
[[1, 0], [315, 334], [-953, -1002]]
[[1, 0], [315, 668], [-633, -1336]]
[[1, 0], [316, 835], [-324, -835]]
[[1, 0], [317, 334], [-1273, -1336]]
[[1, 0], [317, 334], [-959, -1002]]
[[1, 0], [317, 668], [-637, -1336]]
[[1, 0], [319, 1002], [-323, -1002]]
[[1, 0], [319, 1336], [-321, -1336]]
[[1, 0], [319, 334], [-1281, -1336]]
[[1, 0], [319, 334], [-965, -1002]]
[[1, 0], [319, 668], [-641, -1336]]
[[1, 0], [32, 167], [-184, -835]]
[[1, 0], [32, 167], [-265, -1336]]
[[1, 0], [32, 167], [-40, -167]]
[[1, 0], [321, 1336], [-323, -1336]]
[[1, 0], [321, 334], [-1289, -1336]]
[[1, 0], [321, 334], [-971, -1002]]
[[1, 0], [321, 668], [-645, -1336]]
[[1, 0], [321, 835], [-329, -835]]
[[1, 0], [323, 1336], [-325, -1336]]
[[1, 0], [323, 334], [-1297, -1336]]
[[1, 0], [323, 334], [-327, -334]]
[[1, 0], [323, 334], [-977, -1002]]
[[1, 0], [323, 668], [-649, -1336]]
[[1, 0], [325, 1002], [-329, -1002]]
[[1, 0], [325, 334], [-1305, -1336]]
[[1, 0], [325, 334], [-983, -1002]]
[[1, 0], [325, 668], [-653, -1336]]
[[1, 0], [327, 1336], [-329, -1336]]
[[1, 0], [327, 334], [-1313, -1336]]
[[1, 0], [327, 334], [-989, -1002]]
[[1, 0], [327, 668], [-657, -1336]]
[[1, 0], [329, 1336], [-331, -1336]]
[[1, 0], [329, 334], [-1321, -1336]]
[[1, 0], [329, 334], [-995, -1002]]
[[1, 0], [329, 668], [-661, -1336]]
[[1, 0], [33, 1336], [-35, -1336]]
[[1, 0], [33, 167], [-189, -835]]
[[1, 0], [33, 167], [-273, -1336]]
[[1, 0], [33, 167], [-41, -167]]
[[1, 0], [33, 334], [-107, -1002]]
[[1, 0], [33, 334], [-137, -1336]]
[[1, 0], [33, 334], [-37, -334]]
[[1, 0], [33, 668], [-69, -1336]]
[[1, 0], [331, 1002], [-335, -1002]]
[[1, 0], [331, 1336], [-333, -1336]]
[[1, 0], [331, 334], [-1001, -1002]]
[[1, 0], [331, 334], [-1329, -1336]]
[[1, 0], [331, 334], [-335, -334]]
[[1, 0], [331, 668], [-665, -1336]]
[[1, 0], [331, 835], [-339, -835]]
[[1, 0], [333, 334], [-1007, -1002]]
[[1, 0], [333, 334], [-1337, -1336]]
[[1, 0], [333, 668], [-669, -1336]]
[[1, 0], [335, 1336], [-337, -1336]]
[[1, 0], [335, 668], [-673, -1336]]
[[1, 0], [336, 835], [-344, -835]]
[[1, 0], [337, 1002], [-341, -1002]]
[[1, 0], [337, 1336], [-339, -1336]]
[[1, 0], [337, 668], [-677, -1336]]
[[1, 0], [339, 668], [-681, -1336]]
[[1, 0], [34, 167], [-194, -835]]
[[1, 0], [34, 167], [-281, -1336]]
[[1, 0], [34, 167], [-42, -167]]
[[1, 0], [341, 668], [-685, -1336]]
[[1, 0], [341, 835], [-349, -835]]
[[1, 0], [343, 1002], [-347, -1002]]
[[1, 0], [343, 1336], [-345, -1336]]
[[1, 0], [343, 668], [-689, -1336]]
[[1, 0], [345, 1336], [-347, -1336]]
[[1, 0], [345, 668], [-693, -1336]]
[[1, 0], [346, 835], [-354, -835]]
[[1, 0], [347, 1336], [-349, -1336]]
[[1, 0], [347, 668], [-697, -1336]]
[[1, 0], [349, 1002], [-353, -1002]]
[[1, 0], [349, 668], [-701, -1336]]
[[1, 0], [35, 1336], [-37, -1336]]
[[1, 0], [35, 136], [-169, -170]]
[[1, 0], [35, 136], [-509, -680]]
[[1, 0], [35, 167], [-199, -835]]
[[1, 0], [35, 167], [-289, -1336]]
[[1, 0], [35, 167], [-43, -167]]
[[1, 0], [35, 334], [-113, -1002]]
[[1, 0], [35, 334], [-145, -1336]]
[[1, 0], [35, 334], [-39, -334]]
[[1, 0], [35, 668], [-73, -1336]]
[[1, 0], [35, 68], [-237, -136]]
[[1, 0], [351, 1336], [-353, -1336]]
[[1, 0], [351, 668], [-705, -1336]]
[[1, 0], [351, 835], [-359, -835]]
[[1, 0], [353, 1336], [-355, -1336]]
[[1, 0], [353, 668], [-709, -1336]]
[[1, 0], [355, 1002], [-359, -1002]]
[[1, 0], [355, 1336], [-357, -1336]]
[[1, 0], [355, 668], [-713, -1336]]
[[1, 0], [356, 835], [-364, -835]]
[[1, 0], [357, 668], [-717, -1336]]
[[1, 0], [359, 1336], [-361, -1336]]
[[1, 0], [359, 668], [-721, -1336]]
[[1, 0], [36, 167], [-204, -835]]
[[1, 0], [36, 167], [-297, -1336]]
[[1, 0], [36, 167], [-44, -167]]
[[1, 0], [36, 835], [-44, -835]]
[[1, 0], [361, 1002], [-365, -1002]]
[[1, 0], [361, 1336], [-363, -1336]]
[[1, 0], [361, 668], [-725, -1336]]
[[1, 0], [361, 835], [-369, -835]]
[[1, 0], [363, 1336], [-365, -1336]]
[[1, 0], [363, 668], [-729, -1336]]
[[1, 0], [365, 668], [-733, -1336]]
[[1, 0], [366, 835], [-374, -835]]
[[1, 0], [367, 1002], [-371, -1002]]
[[1, 0], [367, 1336], [-369, -1336]]
[[1, 0], [367, 668], [-737, -1336]]
[[1, 0], [369, 1336], [-371, -1336]]
[[1, 0], [369, 668], [-741, -1336]]
[[1, 0], [37, 1002], [-41, -1002]]
[[1, 0], [37, 167], [-209, -835]]
[[1, 0], [37, 167], [-305, -1336]]
[[1, 0], [37, 167], [-45, -167]]
[[1, 0], [37, 334], [-119, -1002]]
[[1, 0], [37, 334], [-153, -1336]]
[[1, 0], [37, 334], [-41, -334]]
[[1, 0], [37, 48], [-1119, -224]]
[[1, 0], [37, 48], [-1595, -336]]
[[1, 0], [37, 48], [-3023, -672]]
[[1, 0], [37, 48], [-405, -56]]
[[1, 0], [37, 48], [-575, -96]]
[[1, 0], [37, 48], [-643, -112]]
[[1, 0], [37, 48], [-881, -168]]
[[1, 0], [37, 668], [-77, -1336]]
[[1, 0], [37, 72], [-179, -240]]
[[1, 0], [371, 1336], [-373, -1336]]
[[1, 0], [371, 668], [-745, -1336]]
[[1, 0], [371, 835], [-379, -835]]
[[1, 0], [373, 1002], [-377, -1002]]
[[1, 0], [373, 668], [-749, -1336]]
[[1, 0], [375, 1336], [-377, -1336]]
[[1, 0], [375, 668], [-753, -1336]]
[[1, 0], [376, 835], [-384, -835]]
[[1, 0], [377, 1336], [-379, -1336]]
[[1, 0], [377, 668], [-757, -1336]]
[[1, 0], [379, 1002], [-383, -1002]]
[[1, 0], [379, 1336], [-381, -1336]]
[[1, 0], [379, 668], [-761, -1336]]
[[1, 0], [38, 167], [-214, -835]]
[[1, 0], [38, 167], [-313, -1336]]
[[1, 0], [38, 167], [-46, -167]]
[[1, 0], [381, 668], [-765, -1336]]
[[1, 0], [381, 835], [-389, -835]]
[[1, 0], [383, 1336], [-385, -1336]]
[[1, 0], [383, 668], [-769, -1336]]
[[1, 0], [385, 1002], [-389, -1002]]
[[1, 0], [385, 1336], [-387, -1336]]
[[1, 0], [385, 668], [-773, -1336]]
[[1, 0], [386, 835], [-394, -835]]
[[1, 0], [387, 1336], [-389, -1336]]
[[1, 0], [387, 668], [-777, -1336]]
[[1, 0], [389, 668], [-781, -1336]]
[[1, 0], [39, 1336], [-41, -1336]]
[[1, 0], [39, 167], [-219, -835]]
[[1, 0], [39, 167], [-321, -1336]]
[[1, 0], [39, 167], [-47, -167]]
[[1, 0], [39, 334], [-125, -1002]]
[[1, 0], [39, 334], [-161, -1336]]
[[1, 0], [39, 334], [-43, -334]]
[[1, 0], [39, 668], [-81, -1336]]
[[1, 0], [391, 1002], [-395, -1002]]
[[1, 0], [391, 1336], [-393, -1336]]
[[1, 0], [391, 668], [-785, -1336]]
[[1, 0], [391, 835], [-399, -835]]
[[1, 0], [393, 1336], [-395, -1336]]
[[1, 0], [393, 668], [-789, -1336]]
[[1, 0], [395, 1336], [-397, -1336]]
[[1, 0], [395, 668], [-793, -1336]]
[[1, 0], [396, 835], [-404, -835]]
[[1, 0], [397, 1002], [-401, -1002]]
[[1, 0], [397, 668], [-797, -1336]]
[[1, 0], [399, 1336], [-401, -1336]]
[[1, 0], [399, 668], [-801, -1336]]
[[1, 0], [4, 167], [-12, -167]]
[[1, 0], [4, 167], [-41, -1336]]
[[1, 0], [4, 167], [-44, -835]]
[[1, 0], [40, 167], [-224, -835]]
[[1, 0], [40, 167], [-329, -1336]]
[[1, 0], [40, 167], [-48, -167]]
[[1, 0], [401, 1336], [-403, -1336]]
[[1, 0], [401, 668], [-805, -1336]]
[[1, 0], [401, 835], [-409, -835]]
[[1, 0], [403, 1002], [-407, -1002]]
[[1, 0], [403, 1336], [-405, -1336]]
[[1, 0], [403, 668], [-809, -1336]]
[[1, 0], [405, 668], [-813, -1336]]
[[1, 0], [406, 835], [-414, -835]]
[[1, 0], [407, 1336], [-409, -1336]]
[[1, 0], [407, 668], [-817, -1336]]
[[1, 0], [409, 1002], [-413, -1002]]
[[1, 0], [409, 1336], [-411, -1336]]
[[1, 0], [409, 668], [-821, -1336]]
[[1, 0], [41, 1336], [-43, -1336]]
[[1, 0], [41, 167], [-229, -835]]
[[1, 0], [41, 167], [-337, -1336]]
[[1, 0], [41, 167], [-49, -167]]
[[1, 0], [41, 334], [-131, -1002]]
[[1, 0], [41, 334], [-169, -1336]]
[[1, 0], [41, 334], [-45, -334]]
[[1, 0], [41, 668], [-85, -1336]]
[[1, 0], [41, 835], [-49, -835]]
[[1, 0], [411, 1336], [-413, -1336]]
[[1, 0], [411, 668], [-825, -1336]]
[[1, 0], [411, 835], [-419, -835]]
[[1, 0], [413, 668], [-829, -1336]]
[[1, 0], [415, 1002], [-419, -1002]]
[[1, 0], [415, 1336], [-417, -1336]]
[[1, 0], [415, 668], [-833, -1336]]
[[1, 0], [417, 1336], [-419, -1336]]
[[1, 0], [417, 668], [-837, -1336]]
[[1, 0], [419, 1336], [-421, -1336]]
[[1, 0], [419, 668], [-841, -1336]]
[[1, 0], [42, 167], [-234, -835]]
[[1, 0], [42, 167], [-345, -1336]]
[[1, 0], [42, 167], [-50, -167]]
[[1, 0], [421, 1002], [-425, -1002]]
[[1, 0], [421, 668], [-845, -1336]]
[[1, 0], [423, 1336], [-425, -1336]]
[[1, 0], [423, 668], [-849, -1336]]
[[1, 0], [425, 1336], [-427, -1336]]
[[1, 0], [425, 668], [-853, -1336]]
[[1, 0], [427, 1002], [-431, -1002]]
[[1, 0], [427, 1336], [-429, -1336]]
[[1, 0], [427, 668], [-857, -1336]]
[[1, 0], [429, 668], [-861, -1336]]
[[1, 0], [43, 1002], [-47, -1002]]
[[1, 0], [43, 1336], [-45, -1336]]
[[1, 0], [43, 167], [-239, -835]]
[[1, 0], [43, 167], [-353, -1336]]
[[1, 0], [43, 167], [-51, -167]]
[[1, 0], [43, 168], [-1007, -672]]
[[1, 0], [43, 168], [-377, -168]]
[[1, 0], [43, 168], [-447, -224]]
[[1, 0], [43, 168], [-587, -336]]
[[1, 0], [43, 334], [-137, -1002]]
[[1, 0], [43, 334], [-177, -1336]]
[[1, 0], [43, 334], [-47, -334]]
[[1, 0], [43, 56], [-1007, -224]]
[[1, 0], [43, 56], [-1427, -336]]
[[1, 0], [43, 56], [-2687, -672]]
[[1, 0], [43, 56], [-363, -364]]
[[1, 0], [43, 56], [-527, -96]]
[[1, 0], [43, 56], [-587, -112]]
[[1, 0], [43, 56], [-797, -168]]
[[1, 0], [43, 668], [-89, -1336]]
[[1, 0], [43, 84], [-1847, -672]]
[[1, 0], [43, 84], [-407, -96]]
[[1, 0], [43, 84], [-727, -224]]
[[1, 0], [431, 1336], [-433, -1336]]
[[1, 0], [431, 668], [-865, -1336]]
[[1, 0], [433, 1002], [-437, -1002]]
[[1, 0], [433, 1336], [-435, -1336]]
[[1, 0], [433, 668], [-869, -1336]]
[[1, 0], [435, 1336], [-437, -1336]]
[[1, 0], [435, 668], [-873, -1336]]
[[1, 0], [437, 668], [-877, -1336]]
[[1, 0], [439, 1002], [-443, -1002]]
[[1, 0], [439, 1336], [-441, -1336]]
[[1, 0], [439, 668], [-881, -1336]]
[[1, 0], [44, 167], [-244, -835]]
[[1, 0], [44, 167], [-361, -1336]]
[[1, 0], [44, 167], [-52, -167]]
[[1, 0], [441, 1336], [-443, -1336]]
[[1, 0], [441, 668], [-885, -1336]]
[[1, 0], [443, 1336], [-445, -1336]]
[[1, 0], [443, 668], [-889, -1336]]
[[1, 0], [445, 1002], [-449, -1002]]
[[1, 0], [445, 668], [-893, -1336]]
[[1, 0], [447, 1336], [-449, -1336]]
[[1, 0], [447, 668], [-897, -1336]]
[[1, 0], [449, 1336], [-451, -1336]]
[[1, 0], [449, 668], [-901, -1336]]
[[1, 0], [45, 167], [-249, -835]]
[[1, 0], [45, 167], [-369, -1336]]
[[1, 0], [45, 167], [-53, -167]]
[[1, 0], [45, 334], [-143, -1002]]
[[1, 0], [45, 334], [-185, -1336]]
[[1, 0], [45, 334], [-49, -334]]
[[1, 0], [45, 668], [-93, -1336]]
[[1, 0], [45, 88], [-527, -704]]
[[1, 0], [451, 1002], [-455, -1002]]
[[1, 0], [451, 1336], [-453, -1336]]
[[1, 0], [451, 668], [-905, -1336]]
[[1, 0], [453, 668], [-909, -1336]]
[[1, 0], [455, 1336], [-457, -1336]]
[[1, 0], [455, 668], [-913, -1336]]
[[1, 0], [457, 1002], [-461, -1002]]
[[1, 0], [457, 1336], [-459, -1336]]
[[1, 0], [457, 668], [-917, -1336]]
[[1, 0], [459, 1336], [-461, -1336]]
[[1, 0], [459, 668], [-921, -1336]]
[[1, 0], [46, 167], [-254, -835]]
[[1, 0], [46, 167], [-377, -1336]]
[[1, 0], [46, 167], [-54, -167]]
[[1, 0], [46, 835], [-54, -835]]
[[1, 0], [461, 668], [-925, -1336]]
[[1, 0], [463, 1002], [-467, -1002]]
[[1, 0], [463, 1336], [-465, -1336]]
[[1, 0], [463, 668], [-929, -1336]]
[[1, 0], [465, 1336], [-467, -1336]]
[[1, 0], [465, 668], [-933, -1336]]
[[1, 0], [467, 1336], [-469, -1336]]
[[1, 0], [467, 668], [-937, -1336]]
[[1, 0], [469, 1002], [-473, -1002]]
[[1, 0], [469, 668], [-941, -1336]]
[[1, 0], [47, 1336], [-49, -1336]]
[[1, 0], [47, 167], [-259, -835]]
[[1, 0], [47, 167], [-385, -1336]]
[[1, 0], [47, 167], [-55, -167]]
[[1, 0], [47, 334], [-149, -1002]]
[[1, 0], [47, 334], [-193, -1336]]
[[1, 0], [47, 334], [-51, -334]]
[[1, 0], [47, 668], [-97, -1336]]
[[1, 0], [471, 1336], [-473, -1336]]
[[1, 0], [471, 668], [-945, -1336]]
[[1, 0], [473, 1336], [-475, -1336]]
[[1, 0], [473, 668], [-949, -1336]]
[[1, 0], [475, 1002], [-479, -1002]]
[[1, 0], [475, 1336], [-477, -1336]]
[[1, 0], [475, 668], [-953, -1336]]
[[1, 0], [477, 668], [-957, -1336]]
[[1, 0], [479, 1336], [-481, -1336]]
[[1, 0], [479, 668], [-961, -1336]]
[[1, 0], [48, 167], [-264, -835]]
[[1, 0], [48, 167], [-393, -1336]]
[[1, 0], [48, 167], [-56, -167]]
[[1, 0], [481, 1002], [-485, -1002]]
[[1, 0], [481, 1336], [-483, -1336]]
[[1, 0], [481, 668], [-965, -1336]]
[[1, 0], [483, 1336], [-485, -1336]]
[[1, 0], [483, 668], [-969, -1336]]
[[1, 0], [485, 668], [-973, -1336]]
[[1, 0], [487, 1002], [-491, -1002]]
[[1, 0], [487, 1336], [-489, -1336]]
[[1, 0], [487, 668], [-977, -1336]]
[[1, 0], [489, 1336], [-491, -1336]]
[[1, 0], [489, 668], [-981, -1336]]
[[1, 0], [49, 1002], [-53, -1002]]
[[1, 0], [49, 1336], [-51, -1336]]
[[1, 0], [49, 167], [-269, -835]]
[[1, 0], [49, 167], [-401, -1336]]
[[1, 0], [49, 167], [-57, -167]]
[[1, 0], [49, 334], [-155, -1002]]
[[1, 0], [49, 334], [-201, -1336]]
[[1, 0], [49, 334], [-53, -334]]
[[1, 0], [49, 668], [-101, -1336]]
[[1, 0], [49, 96], [-1679, -672]]
[[1, 0], [49, 96], [-419, -112]]
[[1, 0], [49, 96], [-545, -168]]
[[1, 0], [49, 96], [-671, -224]]
[[1, 0], [49, 96], [-923, -336]]
[[1, 0], [491, 1336], [-493, -1336]]
[[1, 0], [491, 668], [-985, -1336]]
[[1, 0], [493, 1002], [-497, -1002]]
[[1, 0], [493, 668], [-989, -1336]]
[[1, 0], [495, 1336], [-497, -1336]]
[[1, 0], [495, 668], [-993, -1336]]
[[1, 0], [497, 1336], [-499, -1336]]
[[1, 0], [497, 668], [-997, -1336]]
[[1, 0], [499, 1002], [-503, -1002]]
[[1, 0], [499, 668], [-1001, -1336]]
[[1, 0], [5, 167], [-13, -167]]
[[1, 0], [5, 167], [-49, -1336]]
[[1, 0], [5, 167], [-49, -835]]
[[1, 0], [5, 16], [-1055, -704]]
[[1, 0], [5, 16], [-113, -228]]
[[1, 0], [5, 16], [-1199, -96]]
[[1, 0], [5, 16], [-1371, -112]]
[[1, 0], [5, 16], [-1973, -168]]
[[1, 0], [5, 16], [-2575, -224]]
[[1, 0], [5, 16], [-287, -384]]
[[1, 0], [5, 16], [-339, -16]]
[[1, 0], [5, 16], [-3779, -336]]
[[1, 0], [5, 16], [-425, -24]]
[[1, 0], [5, 16], [-447, -896]]
[[1, 0], [5, 16], [-46, -47]]
[[1, 0], [5, 16], [-511, -32]]
[[1, 0], [5, 16], [-53, -36]]
[[1, 0], [5, 16], [-683, -48]]
[[1, 0], [5, 16], [-7391, -672]]
[[1, 0], [5, 16], [-769, -56]]
[[1, 0], [5, 16], [-859, -344]]
[[1, 0], [5, 334], [-23, -1002]]
[[1, 0], [5, 334], [-25, -1336]]
[[1, 0], [5, 334], [-9, -334]]
[[1, 0], [5, 668], [-13, -1336]]
[[1, 0], [5, 8], [-1003, -1336]]
[[1, 0], [5, 8], [-1087, -136]]
[[1, 0], [5, 8], [-14615, -672]]
[[1, 0], [5, 8], [-1619, -720]]
[[1, 0], [5, 8], [-207, -64]]
[[1, 0], [5, 8], [-2231, -96]]
[[1, 0], [5, 8], [-359, -40]]
[[1, 0], [5, 8], [-4983, -224]]
[[1, 0], [5, 8], [-855, -32]]
[[1, 0], [50, 167], [-274, -835]]
[[1, 0], [50, 167], [-409, -1336]]
[[1, 0], [50, 167], [-58, -167]]
[[1, 0], [503, 1336], [-505, -1336]]
[[1, 0], [503, 668], [-1009, -1336]]
[[1, 0], [505, 1336], [-507, -1336]]
[[1, 0], [505, 668], [-1013, -1336]]
[[1, 0], [505, 672], [-839, -672]]
[[1, 0], [507, 1336], [-509, -1336]]
[[1, 0], [507, 668], [-1017, -1336]]
[[1, 0], [509, 668], [-1021, -1336]]
[[1, 0], [51, 1336], [-53, -1336]]
[[1, 0], [51, 167], [-279, -835]]
[[1, 0], [51, 167], [-417, -1336]]
[[1, 0], [51, 167], [-59, -167]]
[[1, 0], [51, 334], [-161, -1002]]
[[1, 0], [51, 334], [-209, -1336]]
[[1, 0], [51, 334], [-55, -334]]
[[1, 0], [51, 668], [-105, -1336]]
[[1, 0], [51, 835], [-59, -835]]
[[1, 0], [511, 1336], [-513, -1336]]
[[1, 0], [511, 668], [-1025, -1336]]
[[1, 0], [513, 1336], [-515, -1336]]
[[1, 0], [513, 668], [-1029, -1336]]
[[1, 0], [515, 1336], [-517, -1336]]
[[1, 0], [515, 668], [-1033, -1336]]
[[1, 0], [517, 668], [-1037, -1336]]
[[1, 0], [519, 1336], [-521, -1336]]
[[1, 0], [519, 668], [-1041, -1336]]
[[1, 0], [52, 167], [-284, -835]]
[[1, 0], [52, 167], [-425, -1336]]
[[1, 0], [52, 167], [-60, -167]]
[[1, 0], [521, 1336], [-523, -1336]]
[[1, 0], [521, 668], [-1045, -1336]]
[[1, 0], [523, 1336], [-525, -1336]]
[[1, 0], [523, 668], [-1049, -1336]]
[[1, 0], [525, 668], [-1053, -1336]]
[[1, 0], [527, 1336], [-529, -1336]]
[[1, 0], [527, 668], [-1057, -1336]]
[[1, 0], [529, 1336], [-531, -1336]]
[[1, 0], [529, 668], [-1061, -1336]]
[[1, 0], [53, 167], [-289, -835]]
[[1, 0], [53, 167], [-433, -1336]]
[[1, 0], [53, 167], [-61, -167]]
[[1, 0], [53, 334], [-217, -1336]]
[[1, 0], [53, 334], [-57, -334]]
[[1, 0], [53, 668], [-109, -1336]]
[[1, 0], [531, 1336], [-533, -1336]]
[[1, 0], [531, 668], [-1065, -1336]]
[[1, 0], [533, 668], [-1069, -1336]]
[[1, 0], [535, 1336], [-537, -1336]]
[[1, 0], [535, 668], [-1073, -1336]]
[[1, 0], [537, 1336], [-539, -1336]]
[[1, 0], [537, 668], [-1077, -1336]]
[[1, 0], [539, 1336], [-541, -1336]]
[[1, 0], [539, 668], [-1081, -1336]]
[[1, 0], [54, 167], [-294, -835]]
[[1, 0], [54, 167], [-441, -1336]]
[[1, 0], [54, 167], [-62, -167]]
[[1, 0], [541, 668], [-1085, -1336]]
[[1, 0], [543, 1336], [-545, -1336]]
[[1, 0], [543, 668], [-1089, -1336]]
[[1, 0], [545, 1336], [-547, -1336]]
[[1, 0], [545, 668], [-1093, -1336]]
[[1, 0], [547, 1336], [-549, -1336]]
[[1, 0], [547, 668], [-1097, -1336]]
[[1, 0], [549, 668], [-1101, -1336]]
[[1, 0], [55, 1002], [-59, -1002]]
[[1, 0], [55, 1336], [-57, -1336]]
[[1, 0], [55, 167], [-299, -835]]
[[1, 0], [55, 167], [-449, -1336]]
[[1, 0], [55, 167], [-63, -167]]
[[1, 0], [55, 334], [-173, -1002]]
[[1, 0], [55, 334], [-225, -1336]]
[[1, 0], [55, 334], [-59, -334]]
[[1, 0], [55, 668], [-113, -1336]]
[[1, 0], [55, 72], [-239, -240]]
[[1, 0], [551, 1336], [-553, -1336]]
[[1, 0], [551, 668], [-1105, -1336]]
[[1, 0], [553, 1336], [-555, -1336]]
[[1, 0], [553, 668], [-1109, -1336]]
[[1, 0], [555, 1336], [-557, -1336]]
[[1, 0], [555, 668], [-1113, -1336]]
[[1, 0], [557, 668], [-1117, -1336]]
[[1, 0], [559, 1336], [-561, -1336]]
[[1, 0], [559, 668], [-1121, -1336]]
[[1, 0], [56, 167], [-304, -835]]
[[1, 0], [56, 167], [-457, -1336]]
[[1, 0], [56, 167], [-64, -167]]
[[1, 0], [56, 835], [-64, -835]]
[[1, 0], [561, 1336], [-563, -1336]]
[[1, 0], [561, 668], [-1125, -1336]]
[[1, 0], [563, 1336], [-565, -1336]]
[[1, 0], [563, 668], [-1129, -1336]]
[[1, 0], [565, 668], [-1133, -1336]]
[[1, 0], [567, 1336], [-569, -1336]]
[[1, 0], [567, 668], [-1137, -1336]]
[[1, 0], [569, 1336], [-571, -1336]]
[[1, 0], [569, 668], [-1141, -1336]]
[[1, 0], [57, 112], [-1511, -672]]
[[1, 0], [57, 112], [-615, -224]]
[[1, 0], [57, 1336], [-59, -1336]]
[[1, 0], [57, 167], [-309, -835]]
[[1, 0], [57, 167], [-465, -1336]]
[[1, 0], [57, 167], [-65, -167]]
[[1, 0], [57, 224], [-391, -224]]
[[1, 0], [57, 224], [-503, -336]]
[[1, 0], [57, 224], [-839, -672]]
[[1, 0], [57, 334], [-179, -1002]]
[[1, 0], [57, 334], [-233, -1336]]
[[1, 0], [57, 334], [-61, -334]]
[[1, 0], [57, 668], [-117, -1336]]
[[1, 0], [571, 1336], [-573, -1336]]
[[1, 0], [571, 668], [-1145, -1336]]
[[1, 0], [573, 668], [-1149, -1336]]
[[1, 0], [575, 1336], [-577, -1336]]
[[1, 0], [575, 668], [-1153, -1336]]
[[1, 0], [577, 1336], [-579, -1336]]
[[1, 0], [577, 668], [-1157, -1336]]
[[1, 0], [579, 1336], [-581, -1336]]
[[1, 0], [579, 668], [-1161, -1336]]
[[1, 0], [58, 167], [-314, -835]]
[[1, 0], [58, 167], [-473, -1336]]
[[1, 0], [58, 167], [-66, -167]]
[[1, 0], [581, 668], [-1165, -1336]]
[[1, 0], [583, 1336], [-585, -1336]]
[[1, 0], [585, 1336], [-587, -1336]]
[[1, 0], [585, 668], [-1173, -1336]]
[[1, 0], [587, 1336], [-589, -1336]]
[[1, 0], [587, 668], [-1177, -1336]]
[[1, 0], [589, 668], [-1181, -1336]]
[[1, 0], [59, 116], [-521, -696]]
[[1, 0], [59, 1336], [-61, -1336]]
[[1, 0], [59, 167], [-319, -835]]
[[1, 0], [59, 167], [-481, -1336]]
[[1, 0], [59, 167], [-67, -167]]
[[1, 0], [59, 334], [-185, -1002]]
[[1, 0], [59, 334], [-241, -1336]]
[[1, 0], [59, 334], [-63, -334]]
[[1, 0], [59, 668], [-121, -1336]]
[[1, 0], [591, 1336], [-593, -1336]]
[[1, 0], [591, 668], [-1185, -1336]]
[[1, 0], [593, 1336], [-595, -1336]]
[[1, 0], [593, 668], [-1189, -1336]]
[[1, 0], [595, 1336], [-597, -1336]]
[[1, 0], [595, 668], [-1193, -1336]]
[[1, 0], [597, 668], [-1197, -1336]]
[[1, 0], [599, 1336], [-601, -1336]]
[[1, 0], [599, 668], [-1201, -1336]]
[[1, 0], [6, 167], [-14, -167]]
[[1, 0], [6, 167], [-54, -835]]
[[1, 0], [6, 167], [-57, -1336]]
[[1, 0], [6, 835], [-14, -835]]
[[1, 0], [60, 167], [-324, -835]]
[[1, 0], [60, 167], [-489, -1336]]
[[1, 0], [60, 167], [-68, -167]]
[[1, 0], [601, 1336], [-603, -1336]]
[[1, 0], [601, 668], [-1205, -1336]]
[[1, 0], [603, 1336], [-605, -1336]]
[[1, 0], [603, 668], [-1209, -1336]]
[[1, 0], [605, 668], [-1213, -1336]]
[[1, 0], [607, 1336], [-609, -1336]]
[[1, 0], [607, 668], [-1217, -1336]]
[[1, 0], [609, 1336], [-611, -1336]]
[[1, 0], [609, 668], [-1221, -1336]]
[[1, 0], [61, 1002], [-65, -1002]]
[[1, 0], [61, 167], [-329, -835]]
[[1, 0], [61, 167], [-497, -1336]]
[[1, 0], [61, 167], [-69, -167]]
[[1, 0], [61, 334], [-191, -1002]]
[[1, 0], [61, 334], [-249, -1336]]
[[1, 0], [61, 334], [-65, -334]]
[[1, 0], [61, 668], [-125, -1336]]
[[1, 0], [61, 80], [-179, -180]]
[[1, 0], [61, 835], [-69, -835]]
[[1, 0], [611, 1336], [-613, -1336]]
[[1, 0], [611, 668], [-1225, -1336]]
[[1, 0], [613, 668], [-1229, -1336]]
[[1, 0], [615, 1336], [-617, -1336]]
[[1, 0], [615, 668], [-1233, -1336]]
[[1, 0], [617, 1336], [-619, -1336]]
[[1, 0], [617, 668], [-1237, -1336]]
[[1, 0], [619, 1336], [-621, -1336]]
[[1, 0], [619, 668], [-1241, -1336]]
[[1, 0], [62, 167], [-505, -1336]]
[[1, 0], [62, 167], [-70, -167]]
[[1, 0], [621, 668], [-1245, -1336]]
[[1, 0], [623, 1336], [-625, -1336]]
[[1, 0], [623, 668], [-1249, -1336]]
[[1, 0], [625, 1336], [-627, -1336]]
[[1, 0], [625, 668], [-1253, -1336]]
[[1, 0], [627, 1336], [-629, -1336]]
[[1, 0], [627, 668], [-1257, -1336]]
[[1, 0], [629, 668], [-1261, -1336]]
[[1, 0], [63, 1336], [-65, -1336]]
[[1, 0], [63, 167], [-339, -835]]
[[1, 0], [63, 167], [-513, -1336]]
[[1, 0], [63, 167], [-71, -167]]
[[1, 0], [63, 334], [-197, -1002]]
[[1, 0], [63, 334], [-257, -1336]]
[[1, 0], [63, 334], [-67, -334]]
[[1, 0], [63, 668], [-129, -1336]]
[[1, 0], [631, 1336], [-633, -1336]]
[[1, 0], [631, 668], [-1265, -1336]]
[[1, 0], [633, 1336], [-635, -1336]]
[[1, 0], [633, 668], [-1269, -1336]]
[[1, 0], [635, 1336], [-637, -1336]]
[[1, 0], [635, 668], [-1273, -1336]]
[[1, 0], [637, 668], [-1277, -1336]]
[[1, 0], [639, 1336], [-641, -1336]]
[[1, 0], [639, 668], [-1281, -1336]]
[[1, 0], [64, 167], [-344, -835]]
[[1, 0], [64, 167], [-521, -1336]]
[[1, 0], [64, 167], [-72, -167]]
[[1, 0], [641, 1336], [-643, -1336]]
[[1, 0], [641, 668], [-1285, -1336]]
[[1, 0], [643, 1336], [-645, -1336]]
[[1, 0], [643, 668], [-1289, -1336]]
[[1, 0], [645, 668], [-1293, -1336]]
[[1, 0], [647, 1336], [-649, -1336]]
[[1, 0], [647, 668], [-1297, -1336]]
[[1, 0], [649, 1336], [-651, -1336]]
[[1, 0], [649, 668], [-1301, -1336]]
[[1, 0], [65, 1336], [-67, -1336]]
[[1, 0], [65, 167], [-349, -835]]
[[1, 0], [65, 167], [-529, -1336]]
[[1, 0], [65, 167], [-73, -167]]
[[1, 0], [65, 334], [-203, -1002]]
[[1, 0], [65, 334], [-265, -1336]]
[[1, 0], [65, 334], [-69, -334]]
[[1, 0], [65, 668], [-133, -1336]]
[[1, 0], [651, 1336], [-653, -1336]]
[[1, 0], [651, 668], [-1305, -1336]]
[[1, 0], [653, 668], [-1309, -1336]]
[[1, 0], [655, 1336], [-657, -1336]]
[[1, 0], [655, 668], [-1313, -1336]]
[[1, 0], [657, 1336], [-659, -1336]]
[[1, 0], [657, 668], [-1317, -1336]]
[[1, 0], [659, 1336], [-661, -1336]]
[[1, 0], [659, 668], [-1321, -1336]]
[[1, 0], [66, 167], [-354, -835]]
[[1, 0], [66, 167], [-537, -1336]]
[[1, 0], [66, 167], [-74, -167]]
[[1, 0], [66, 835], [-74, -835]]
[[1, 0], [661, 668], [-1325, -1336]]
[[1, 0], [663, 1336], [-665, -1336]]
[[1, 0], [663, 668], [-1329, -1336]]
[[1, 0], [665, 1336], [-667, -1336]]
[[1, 0], [665, 668], [-1333, -1336]]
[[1, 0], [667, 1336], [-669, -1336]]
[[1, 0], [667, 668], [-1337, -1336]]
[[1, 0], [67, 1002], [-71, -1002]]
[[1, 0], [67, 1336], [-69, -1336]]
[[1, 0], [67, 167], [-359, -835]]
[[1, 0], [67, 167], [-545, -1336]]
[[1, 0], [67, 167], [-75, -167]]
[[1, 0], [67, 334], [-209, -1002]]
[[1, 0], [67, 334], [-273, -1336]]
[[1, 0], [67, 334], [-71, -334]]
[[1, 0], [67, 668], [-137, -1336]]
[[1, 0], [67, 88], [-703, -704]]
[[1, 0], [673, 1336], [-675, -1336]]
[[1, 0], [68, 167], [-364, -835]]
[[1, 0], [68, 167], [-553, -1336]]
[[1, 0], [68, 167], [-76, -167]]
[[1, 0], [681, 1336], [-683, -1336]]
[[1, 0], [689, 1336], [-691, -1336]]
[[1, 0], [69, 136], [-679, -680]]
[[1, 0], [69, 167], [-369, -835]]
[[1, 0], [69, 167], [-561, -1336]]
[[1, 0], [69, 167], [-77, -167]]
[[1, 0], [69, 334], [-215, -1002]]
[[1, 0], [69, 334], [-281, -1336]]
[[1, 0], [69, 334], [-73, -334]]
[[1, 0], [69, 668], [-141, -1336]]
[[1, 0], [697, 1336], [-699, -1336]]
[[1, 0], [7, 12], [-1415, -708]]
[[1, 0], [7, 12], [-1559, -96]]
[[1, 0], [7, 12], [-251, -144]]
[[1, 0], [7, 12], [-3415, -224]]
[[1, 0], [7, 12], [-365, -244]]
[[1, 0], [7, 12], [-631, -32]]
[[1, 0], [7, 12], [-755, -1008]]
[[1, 0], [7, 12], [-803, -804]]
[[1, 0], [7, 12], [-9911, -672]]
[[1, 0], [7, 1336], [-9, -1336]]
[[1, 0], [7, 167], [-15, -167]]
[[1, 0], [7, 167], [-59, -835]]
[[1, 0], [7, 167], [-65, -1336]]
[[1, 0], [7, 24], [-135, -272]]
[[1, 0], [7, 24], [-1385, -168]]
[[1, 0], [7, 24], [-173, -116]]
[[1, 0], [7, 24], [-1791, -224]]
[[1, 0], [7, 24], [-2603, -336]]
[[1, 0], [7, 24], [-341, -24]]
[[1, 0], [7, 24], [-399, -32]]
[[1, 0], [7, 24], [-5039, -672]]
[[1, 0], [7, 24], [-515, -48]]
[[1, 0], [7, 24], [-573, -56]]
[[1, 0], [7, 24], [-79, -80]]
[[1, 0], [7, 24], [-863, -96]]
[[1, 0], [7, 24], [-979, -112]]
[[1, 0], [7, 334], [-29, -1002]]
[[1, 0], [7, 334], [-33, -1336]]
[[1, 0], [7, 668], [-17, -1336]]
[[1, 0], [7, 8], [-1121, -136]]
[[1, 0], [7, 8], [-1143, -352]]
[[1, 0], [7, 8], [-1211, -48]]
[[1, 0], [7, 8], [-129, -52]]
[[1, 0], [7, 8], [-1337, -1336]]
[[1, 0], [7, 8], [-1385, -56]]
[[1, 0], [7, 8], [-14783, -672]]
[[1, 0], [7, 8], [-168, -167]]
[[1, 0], [7, 8], [-1799, -720]]
[[1, 0], [7, 8], [-223, -64]]
[[1, 0], [7, 8], [-2255, -96]]
[[1, 0], [7, 8], [-2603, -112]]
[[1, 0], [7, 8], [-2719, -340]]
[[1, 0], [7, 8], [-335, -192]]
[[1, 0], [7, 8], [-335, -334]]
[[1, 0], [7, 8], [-369, -40]]
[[1, 0], [7, 8], [-3821, -168]]
[[1, 0], [7, 8], [-5039, -224]]
[[1, 0], [7, 8], [-515, -16]]
[[1, 0], [7, 8], [-559, -448]]
[[1, 0], [7, 8], [-669, -668]]
[[1, 0], [7, 8], [-689, -24]]
[[1, 0], [7, 8], [-695, -174]]
[[1, 0], [7, 8], [-743, -372]]
[[1, 0], [7, 8], [-7475, -336]]
[[1, 0], [7, 8], [-75, -38]]
[[1, 0], [7, 8], [-863, -32]]
[[1, 0], [70, 167], [-374, -835]]
[[1, 0], [70, 167], [-569, -1336]]
[[1, 0], [70, 167], [-78, -167]]
[[1, 0], [705, 1336], [-707, -1336]]
[[1, 0], [71, 1336], [-73, -1336]]
[[1, 0], [71, 167], [-379, -835]]
[[1, 0], [71, 167], [-577, -1336]]
[[1, 0], [71, 167], [-79, -167]]
[[1, 0], [71, 334], [-221, -1002]]
[[1, 0], [71, 334], [-289, -1336]]
[[1, 0], [71, 334], [-75, -334]]
[[1, 0], [71, 668], [-145, -1336]]
[[1, 0], [71, 835], [-79, -835]]
[[1, 0], [713, 1336], [-715, -1336]]
[[1, 0], [72, 167], [-384, -835]]
[[1, 0], [72, 167], [-585, -1336]]
[[1, 0], [72, 167], [-80, -167]]
[[1, 0], [721, 1336], [-723, -1336]]
[[1, 0], [729, 1336], [-731, -1336]]
[[1, 0], [73, 1002], [-77, -1002]]
[[1, 0], [73, 1336], [-75, -1336]]
[[1, 0], [73, 167], [-389, -835]]
[[1, 0], [73, 167], [-593, -1336]]
[[1, 0], [73, 167], [-81, -167]]
[[1, 0], [73, 334], [-227, -1002]]
[[1, 0], [73, 334], [-297, -1336]]
[[1, 0], [73, 334], [-77, -334]]
[[1, 0], [73, 668], [-149, -1336]]
[[1, 0], [73, 96], [-1007, -336]]
[[1, 0], [73, 96], [-1847, -672]]
[[1, 0], [73, 96], [-407, -96]]
[[1, 0], [73, 96], [-447, -112]]
[[1, 0], [73, 96], [-587, -168]]
[[1, 0], [73, 96], [-727, -224]]
[[1, 0], [737, 1336], [-739, -1336]]
[[1, 0], [74, 167], [-394, -835]]
[[1, 0], [74, 167], [-601, -1336]]
[[1, 0], [74, 167], [-82, -167]]
[[1, 0], [745, 1336], [-747, -1336]]
[[1, 0], [75, 1336], [-77, -1336]]
[[1, 0], [75, 167], [-399, -835]]
[[1, 0], [75, 167], [-609, -1336]]
[[1, 0], [75, 167], [-83, -167]]
[[1, 0], [75, 334], [-233, -1002]]
[[1, 0], [75, 334], [-305, -1336]]
[[1, 0], [75, 334], [-79, -334]]
[[1, 0], [75, 668], [-153, -1336]]
[[1, 0], [753, 1336], [-755, -1336]]
[[1, 0], [76, 167], [-404, -835]]
[[1, 0], [76, 167], [-617, -1336]]
[[1, 0], [76, 167], [-84, -167]]
[[1, 0], [76, 835], [-84, -835]]
[[1, 0], [761, 1336], [-763, -1336]]
[[1, 0], [769, 1336], [-771, -1336]]
[[1, 0], [77, 167], [-409, -835]]
[[1, 0], [77, 167], [-625, -1336]]
[[1, 0], [77, 167], [-85, -167]]
[[1, 0], [77, 334], [-239, -1002]]
[[1, 0], [77, 334], [-313, -1336]]
[[1, 0], [77, 334], [-81, -334]]
[[1, 0], [77, 668], [-157, -1336]]
[[1, 0], [777, 1336], [-779, -1336]]
[[1, 0], [78, 167], [-414, -835]]
[[1, 0], [78, 167], [-633, -1336]]
[[1, 0], [78, 167], [-86, -167]]
[[1, 0], [785, 1336], [-787, -1336]]
[[1, 0], [79, 1002], [-83, -1002]]
[[1, 0], [79, 1336], [-81, -1336]]
[[1, 0], [79, 167], [-419, -835]]
[[1, 0], [79, 167], [-641, -1336]]
[[1, 0], [79, 167], [-87, -167]]
[[1, 0], [79, 334], [-245, -1002]]
[[1, 0], [79, 334], [-321, -1336]]
[[1, 0], [79, 334], [-83, -334]]
[[1, 0], [79, 668], [-161, -1336]]
[[1, 0], [793, 1336], [-795, -1336]]
[[1, 0], [8, 167], [-16, -167]]
[[1, 0], [8, 167], [-64, -835]]
[[1, 0], [8, 167], [-73, -1336]]
[[1, 0], [80, 167], [-424, -835]]
[[1, 0], [80, 167], [-649, -1336]]
[[1, 0], [801, 1336], [-803, -1336]]
[[1, 0], [809, 1336], [-811, -1336]]
[[1, 0], [81, 1336], [-83, -1336]]
[[1, 0], [81, 167], [-429, -835]]
[[1, 0], [81, 167], [-657, -1336]]
[[1, 0], [81, 334], [-251, -1002]]
[[1, 0], [81, 334], [-329, -1336]]
[[1, 0], [81, 334], [-85, -334]]
[[1, 0], [81, 668], [-165, -1336]]
[[1, 0], [81, 835], [-89, -835]]
[[1, 0], [816, 835], [-824, -835]]
[[1, 0], [817, 1336], [-819, -1336]]
[[1, 0], [82, 167], [-434, -835]]
[[1, 0], [82, 167], [-665, -1336]]
[[1, 0], [825, 1336], [-827, -1336]]
[[1, 0], [83, 1336], [-85, -1336]]
[[1, 0], [83, 167], [-439, -835]]
[[1, 0], [83, 167], [-673, -1336]]
[[1, 0], [83, 334], [-257, -1002]]
[[1, 0], [83, 334], [-337, -1336]]
[[1, 0], [83, 334], [-87, -334]]
[[1, 0], [83, 668], [-169, -1336]]
[[1, 0], [831, 835], [-839, -835]]
[[1, 0], [84, 167], [-444, -835]]
[[1, 0], [84, 167], [-681, -1336]]
[[1, 0], [841, 1336], [-843, -1336]]
[[1, 0], [849, 1336], [-851, -1336]]
[[1, 0], [85, 1002], [-89, -1002]]
[[1, 0], [85, 112], [-1679, -672]]
[[1, 0], [85, 112], [-545, -168]]
[[1, 0], [85, 112], [-671, -224]]
[[1, 0], [85, 112], [-923, -336]]
[[1, 0], [85, 167], [-449, -835]]
[[1, 0], [85, 167], [-689, -1336]]
[[1, 0], [85, 168], [-1175, -672]]
[[1, 0], [85, 168], [-503, -224]]
[[1, 0], [85, 334], [-263, -1002]]
[[1, 0], [85, 334], [-345, -1336]]
[[1, 0], [85, 334], [-89, -334]]
[[1, 0], [85, 336], [-419, -336]]
[[1, 0], [85, 336], [-671, -672]]
[[1, 0], [85, 668], [-173, -1336]]
[[1, 0], [857, 1336], [-859, -1336]]
[[1, 0], [86, 167], [-454, -835]]
[[1, 0], [86, 167], [-697, -1336]]
[[1, 0], [86, 835], [-94, -835]]
[[1, 0], [865, 1336], [-867, -1336]]
[[1, 0], [87, 1336], [-89, -1336]]
[[1, 0], [87, 167], [-459, -835]]
[[1, 0], [87, 167], [-705, -1336]]
[[1, 0], [87, 172], [-515, -688]]
[[1, 0], [87, 334], [-269, -1002]]
[[1, 0], [87, 334], [-353, -1336]]
[[1, 0], [87, 334], [-91, -334]]
[[1, 0], [87, 668], [-177, -1336]]
[[1, 0], [873, 1336], [-875, -1336]]
[[1, 0], [88, 167], [-464, -835]]
[[1, 0], [88, 167], [-713, -1336]]
[[1, 0], [881, 1336], [-883, -1336]]
[[1, 0], [889, 1336], [-891, -1336]]
[[1, 0], [89, 1336], [-91, -1336]]
[[1, 0], [89, 167], [-469, -835]]
[[1, 0], [89, 167], [-721, -1336]]
[[1, 0], [89, 334], [-275, -1002]]
[[1, 0], [89, 334], [-361, -1336]]
[[1, 0], [89, 334], [-93, -334]]
[[1, 0], [89, 668], [-181, -1336]]
[[1, 0], [897, 1336], [-899, -1336]]
[[1, 0], [9, 1336], [-11, -1336]]
[[1, 0], [9, 167], [-17, -167]]
[[1, 0], [9, 167], [-69, -835]]
[[1, 0], [9, 167], [-81, -1336]]
[[1, 0], [9, 16], [-1223, -96]]
[[1, 0], [9, 16], [-1231, -704]]
[[1, 0], [9, 16], [-2631, -224]]
[[1, 0], [9, 16], [-519, -32]]
[[1, 0], [9, 16], [-671, -896]]
[[1, 0], [9, 16], [-7559, -672]]
[[1, 0], [9, 16], [-945, -344]]
[[1, 0], [9, 32], [-1091, -168]]
[[1, 0], [9, 32], [-1399, -224]]
[[1, 0], [9, 32], [-2015, -336]]
[[1, 0], [9, 32], [-343, -32]]
[[1, 0], [9, 32], [-383, -768]]
[[1, 0], [9, 32], [-3863, -672]]
[[1, 0], [9, 32], [-431, -48]]
[[1, 0], [9, 32], [-475, -56]]
[[1, 0], [9, 32], [-49, -100]]
[[1, 0], [9, 32], [-629, -84]]
[[1, 0], [9, 32], [-695, -96]]
[[1, 0], [9, 32], [-783, -112]]
[[1, 0], [9, 334], [-13, -334]]
[[1, 0], [9, 334], [-35, -1002]]
[[1, 0], [9, 334], [-41, -1336]]
[[1, 0], [9, 668], [-21, -1336]]
[[1, 0], [90, 167], [-474, -835]]
[[1, 0], [90, 167], [-729, -1336]]
[[1, 0], [905, 1336], [-907, -1336]]
[[1, 0], [91, 1002], [-95, -1002]]
[[1, 0], [91, 1336], [-93, -1336]]
[[1, 0], [91, 167], [-479, -835]]
[[1, 0], [91, 167], [-737, -1336]]
[[1, 0], [91, 334], [-281, -1002]]
[[1, 0], [91, 334], [-369, -1336]]
[[1, 0], [91, 334], [-95, -334]]
[[1, 0], [91, 668], [-185, -1336]]
[[1, 0], [91, 835], [-99, -835]]
[[1, 0], [913, 1336], [-915, -1336]]
[[1, 0], [92, 167], [-484, -835]]
[[1, 0], [92, 167], [-745, -1336]]
[[1, 0], [921, 1336], [-923, -1336]]
[[1, 0], [929, 1336], [-931, -1336]]
[[1, 0], [93, 167], [-489, -835]]
[[1, 0], [93, 167], [-753, -1336]]
[[1, 0], [93, 334], [-287, -1002]]
[[1, 0], [93, 334], [-377, -1336]]
[[1, 0], [93, 334], [-97, -334]]
[[1, 0], [93, 668], [-189, -1336]]
[[1, 0], [937, 1336], [-939, -1336]]
[[1, 0], [94, 167], [-494, -835]]
[[1, 0], [94, 167], [-761, -1336]]
[[1, 0], [945, 1336], [-947, -1336]]
[[1, 0], [95, 1336], [-97, -1336]]
[[1, 0], [95, 167], [-499, -835]]
[[1, 0], [95, 167], [-769, -1336]]
[[1, 0], [95, 334], [-293, -1002]]
[[1, 0], [95, 334], [-385, -1336]]
[[1, 0], [95, 334], [-99, -334]]
[[1, 0], [95, 668], [-193, -1336]]
[[1, 0], [953, 1336], [-955, -1336]]
[[1, 0], [96, 167], [-504, -835]]
[[1, 0], [96, 167], [-777, -1336]]
[[1, 0], [96, 835], [-104, -835]]
[[1, 0], [961, 1336], [-963, -1336]]
[[1, 0], [969, 1336], [-971, -1336]]
[[1, 0], [97, 1002], [-101, -1002]]
[[1, 0], [97, 1336], [-99, -1336]]
[[1, 0], [97, 167], [-509, -835]]
[[1, 0], [97, 167], [-785, -1336]]
[[1, 0], [97, 334], [-101, -334]]
[[1, 0], [97, 334], [-299, -1002]]
[[1, 0], [97, 334], [-393, -1336]]
[[1, 0], [97, 668], [-197, -1336]]
[[1, 0], [977, 1336], [-979, -1336]]
[[1, 0], [98, 167], [-514, -835]]
[[1, 0], [98, 167], [-793, -1336]]
[[1, 0], [985, 1336], [-987, -1336]]
[[1, 0], [99, 1336], [-101, -1336]]
[[1, 0], [99, 167], [-519, -835]]
[[1, 0], [99, 167], [-801, -1336]]
[[1, 0], [99, 334], [-103, -334]]
[[1, 0], [99, 334], [-305, -1002]]
[[1, 0], [99, 334], [-401, -1336]]
[[1, 0], [99, 668], [-201, -1336]]
[[1, 0], [991, 1002], [-995, -1002]]
[[1, 0], [993, 1336], [-995, -1336]]
[[1, 0], [995, 1336], [-997, -1336]]
