[[1, 0], [0, 1], [-13365, -164]]
[[1, 0], [0, 1], [-26568, -163]]
[[1, 0], [0, 1], [-324, -13]]
[[1, 0], [0, 1], [-324, -1]]
[[1, 0], [0, 1], [-324, -25]]
[[1, 0], [0, 1], [-325, -324]]
[[1, 0], [0, 1], [-405, -4]]
[[1, 0], [0, 1], [-488, -243]]
[[1, 0], [0, 1], [-81, -4]]
[[1, 0], [1, 108], [-11, -216]]
[[1, 0], [1, 108], [-7, -324]]
[[1, 0], [1, 12], [-419, -168]]
[[1, 0], [1, 12], [-55, -324]]
[[1, 0], [1, 12], [-83, -24]]
[[1, 0], [1, 13], [-337, -169]]
[[1, 0], [1, 14], [-25, -26]]
[[1, 0], [1, 15], [-109, -15]]
[[1, 0], [1, 15], [-175, -33]]
[[1, 0], [1, 15], [-659, -165]]
[[1, 0], [1, 162], [-5, -324]]
[[1, 0], [1, 163], [-325, -163]]
[[1, 0], [1, 164], [-163, -164]]
[[1, 0], [1, 165], [-109, -165]]
[[1, 0], [1, 168], [-55, -168]]
[[1, 0], [1, 171], [-37, -171]]
[[1, 0], [1, 180], [-19, -180]]
[[1, 0], [1, 189], [-13, -189]]
[[1, 0], [1, 18], [-109, -180]]
[[1, 0], [1, 18], [-29, -36]]
[[1, 0], [1, 18], [-37, -324]]
[[1, 0], [1, 18], [-41, -252]]
[[1, 0], [1, 18], [-65, -198]]
[[1, 0], [1, 216], [-7, -216]]
[[1, 0], [1, 21], [-251, -168]]
[[1, 0], [1, 21], [-59, -24]]
[[1, 0], [1, 243], [-5, -243]]
[[1, 0], [1, 24], [-125, -84]]
[[1, 0], [1, 24], [-223, -168]]
[[1, 0], [1, 24], [-55, -24]]
[[1, 0], [1, 27], [-13, -27]]
[[1, 0], [1, 27], [-25, -324]]
[[1, 0], [1, 27], [-29, -243]]
[[1, 0], [1, 27], [-35, -216]]
[[1, 0], [1, 27], [-55, -189]]
[[1, 0], [1, 2], [-245, -4]]
[[1, 0], [1, 2], [-325, -324]]
[[1, 0], [1, 2], [-3485, -166]]
[[1, 0], [1, 2], [-365, -244]]
[[1, 0], [1, 2], [-6805, -164]]
[[1, 0], [1, 30], [-7, -48]]
[[1, 0], [1, 33], [-109, -33]]
[[1, 0], [1, 33], [-329, -165]]
[[1, 0], [1, 36], [-19, -324]]
[[1, 0], [1, 36], [-19, -36]]
[[1, 0], [1, 36], [-59, -180]]
[[1, 0], [1, 3], [-109, -3]]
[[1, 0], [1, 3], [-1595, -168]]
[[1, 0], [1, 3], [-217, -324]]
[[1, 0], [1, 3], [-245, -243]]
[[1, 0], [1, 3], [-251, -24]]
[[1, 0], [1, 3], [-265, -228]]
[[1, 0], [1, 3], [-3079, -165]]
[[1, 0], [1, 3], [-329, -15]]
[[1, 0], [1, 3], [-389, -195]]
[[1, 0], [1, 3], [-415, -192]]
[[1, 0], [1, 3], [-659, -33]]
[[1, 0], [1, 3], [-707, -177]]
[[1, 0], [1, 41], [-409, -164]]
[[1, 0], [1, 42], [-139, -168]]
[[1, 0], [1, 43], [-85, -172]]
[[1, 0], [1, 45], [-49, -180]]
[[1, 0], [1, 48], [-31, -192]]
[[1, 0], [1, 4], [-163, -324]]
[[1, 0], [1, 4], [-163, -4]]
[[1, 0], [1, 4], [-3443, -164]]
[[1, 0], [1, 54], [-13, -324]]
[[1, 0], [1, 54], [-19, -216]]
[[1, 0], [1, 63], [-13, -252]]
[[1, 0], [1, 6], [-109, -324]]
[[1, 0], [1, 6], [-139, -24]]
[[1, 0], [1, 6], [-169, -204]]
[[1, 0], [1, 6], [-247, -186]]
[[1, 0], [1, 6], [-811, -168]]
[[1, 0], [1, 7], [-349, -175]]
[[1, 0], [1, 81], [-11, -243]]
[[1, 0], [1, 82], [-245, -164]]
[[1, 0], [1, 84], [-83, -168]]
[[1, 0], [1, 90], [-29, -180]]
[[1, 0], [1, 9], [-13, -36]]
[[1, 0], [1, 9], [-209, -180]]
[[1, 0], [1, 9], [-37, -9]]
[[1, 0], [1, 9], [-379, -171]]
[[1, 0], [1, 9], [-49, -36]]
[[1, 0], [1, 9], [-73, -324]]
[[1, 0], [1, 9], [-83, -243]]
[[1, 0], [10, 243], [-14, -243]]
[[1, 0], [10, 27], [-107, -216]]
[[1, 0], [10, 27], [-110, -243]]
[[1, 0], [10, 27], [-118, -189]]
[[1, 0], [10, 27], [-133, -324]]
[[1, 0], [10, 81], [-38, -243]]
[[1, 0], [100, 243], [-104, -243]]
[[1, 0], [101, 108], [-211, -216]]
[[1, 0], [101, 108], [-307, -324]]
[[1, 0], [101, 162], [-205, -324]]
[[1, 0], [101, 216], [-107, -216]]
[[1, 0], [103, 108], [-109, -108]]
[[1, 0], [103, 108], [-157, -162]]
[[1, 0], [103, 108], [-215, -216]]
[[1, 0], [103, 108], [-313, -324]]
[[1, 0], [103, 162], [-209, -324]]
[[1, 0], [103, 243], [-107, -243]]
[[1, 0], [107, 108], [-163, -162]]
[[1, 0], [107, 108], [-223, -216]]
[[1, 0], [107, 108], [-325, -324]]
[[1, 0], [107, 162], [-217, -324]]
[[1, 0], [109, 162], [-221, -324]]
[[1, 0], [109, 243], [-113, -243]]
[[1, 0], [11, 108], [-17, -108]]
[[1, 0], [11, 108], [-19, -162]]
[[1, 0], [11, 108], [-31, -216]]
[[1, 0], [11, 108], [-37, -324]]
[[1, 0], [11, 12], [-103, -24]]
[[1, 0], [11, 12], [-163, -162]]
[[1, 0], [11, 12], [-293, -84]]
[[1, 0], [11, 12], [-325, -324]]
[[1, 0], [11, 12], [-559, -168]]
[[1, 0], [11, 12], [-67, -51]]
[[1, 0], [11, 12], [-71, -48]]
[[1, 0], [11, 12], [-82, -81]]
[[1, 0], [11, 15], [-197, -33]]
[[1, 0], [11, 15], [-769, -165]]
[[1, 0], [11, 162], [-25, -324]]
[[1, 0], [11, 180], [-29, -180]]
[[1, 0], [11, 18], [-175, -198]]
[[1, 0], [11, 18], [-181, -252]]
[[1, 0], [11, 18], [-209, -180]]
[[1, 0], [11, 18], [-217, -324]]
[[1, 0], [11, 18], [-49, -36]]
[[1, 0], [11, 27], [-115, -216]]
[[1, 0], [11, 27], [-119, -243]]
[[1, 0], [11, 27], [-125, -189]]
[[1, 0], [11, 27], [-145, -324]]
[[1, 0], [11, 30], [-23, -48]]
[[1, 0], [11, 36], [-109, -180]]
[[1, 0], [11, 36], [-109, -324]]
[[1, 0], [11, 36], [-28, -81]]
[[1, 0], [11, 36], [-34, -45]]
[[1, 0], [11, 36], [-55, -162]]
[[1, 0], [11, 36], [-59, -90]]
[[1, 0], [11, 45], [-89, -180]]
[[1, 0], [11, 54], [-59, -216]]
[[1, 0], [11, 54], [-73, -324]]
[[1, 0], [11, 81], [-17, -108]]
[[1, 0], [11, 81], [-41, -243]]
[[1, 0], [11, 81], [-49, -324]]
[[1, 0], [11, 90], [-49, -180]]
[[1, 0], [112, 243], [-116, -243]]
[[1, 0], [113, 162], [-229, -324]]
[[1, 0], [115, 162], [-233, -324]]
[[1, 0], [118, 243], [-122, -243]]
[[1, 0], [119, 162], [-241, -324]]
[[1, 0], [121, 162], [-245, -324]]
[[1, 0], [124, 243], [-128, -243]]
[[1, 0], [125, 162], [-253, -324]]
[[1, 0], [127, 162], [-257, -324]]
[[1, 0], [13, 108], [-35, -216]]
[[1, 0], [13, 108], [-43, -324]]
[[1, 0], [13, 162], [-29, -324]]
[[1, 0], [13, 18], [-197, -198]]
[[1, 0], [13, 18], [-209, -252]]
[[1, 0], [13, 18], [-229, -180]]
[[1, 0], [13, 18], [-253, -324]]
[[1, 0], [13, 18], [-53, -36]]
[[1, 0], [13, 216], [-19, -216]]
[[1, 0], [13, 243], [-17, -243]]
[[1, 0], [13, 24], [-167, -84]]
[[1, 0], [13, 24], [-307, -168]]
[[1, 0], [13, 24], [-79, -96]]
[[1, 0], [13, 24], [-97, -42]]
[[1, 0], [13, 27], [-131, -216]]
[[1, 0], [13, 27], [-137, -243]]
[[1, 0], [13, 27], [-139, -189]]
[[1, 0], [13, 27], [-169, -324]]
[[1, 0], [13, 36], [-119, -180]]
[[1, 0], [13, 36], [-127, -324]]
[[1, 0], [13, 54], [-67, -216]]
[[1, 0], [13, 54], [-85, -324]]
[[1, 0], [13, 81], [-47, -243]]
[[1, 0], [131, 162], [-265, -324]]
[[1, 0], [133, 162], [-269, -324]]
[[1, 0], [133, 243], [-137, -243]]
[[1, 0], [137, 162], [-277, -324]]
[[1, 0], [139, 162], [-281, -324]]
[[1, 0], [14, 27], [-139, -216]]
[[1, 0], [14, 27], [-146, -189]]
[[1, 0], [14, 27], [-146, -243]]
[[1, 0], [14, 27], [-181, -324]]
[[1, 0], [14, 81], [-50, -243]]
[[1, 0], [14, 81], [-61, -324]]
[[1, 0], [142, 243], [-146, -243]]
[[1, 0], [143, 162], [-289, -324]]
[[1, 0], [145, 162], [-293, -324]]
[[1, 0], [149, 162], [-301, -324]]
[[1, 0], [151, 162], [-305, -324]]
[[1, 0], [151, 243], [-155, -243]]
[[1, 0], [155, 162], [-313, -324]]
[[1, 0], [157, 162], [-317, -324]]
[[1, 0], [16, 27], [-155, -216]]
[[1, 0], [16, 27], [-160, -189]]
[[1, 0], [16, 27], [-164, -243]]
[[1, 0], [16, 27], [-205, -324]]
[[1, 0], [16, 27], [-28, -27]]
[[1, 0], [16, 45], [-109, -180]]
[[1, 0], [16, 81], [-56, -243]]
[[1, 0], [160, 243], [-164, -243]]
[[1, 0], [161, 162], [-325, -324]]
[[1, 0], [161, 324], [-163, -324]]
[[1, 0], [167, 324], [-169, -324]]
[[1, 0], [169, 243], [-173, -243]]
[[1, 0], [17, 108], [-43, -216]]
[[1, 0], [17, 108], [-55, -324]]
[[1, 0], [17, 162], [-37, -324]]
[[1, 0], [17, 18], [-241, -198]]
[[1, 0], [17, 18], [-265, -252]]
[[1, 0], [17, 18], [-269, -180]]
[[1, 0], [17, 18], [-325, -324]]
[[1, 0], [17, 18], [-61, -36]]
[[1, 0], [17, 216], [-23, -216]]
[[1, 0], [17, 24], [-181, -84]]
[[1, 0], [17, 24], [-335, -168]]
[[1, 0], [17, 27], [-163, -216]]
[[1, 0], [17, 27], [-167, -189]]
[[1, 0], [17, 27], [-173, -243]]
[[1, 0], [17, 27], [-217, -324]]
[[1, 0], [17, 27], [-29, -27]]
[[1, 0], [17, 36], [-139, -180]]
[[1, 0], [17, 36], [-163, -324]]
[[1, 0], [17, 48], [-95, -192]]
[[1, 0], [17, 54], [-109, -324]]
[[1, 0], [17, 54], [-83, -216]]
[[1, 0], [17, 81], [-25, -108]]
[[1, 0], [17, 81], [-59, -243]]
[[1, 0], [17, 81], [-73, -324]]
[[1, 0], [173, 324], [-175, -324]]
[[1, 0], [178, 243], [-182, -243]]
[[1, 0], [179, 324], [-181, -324]]
[[1, 0], [185, 324], [-187, -324]]
[[1, 0], [187, 243], [-191, -243]]
[[1, 0], [19, 108], [-25, -108]]
[[1, 0], [19, 108], [-31, -162]]
[[1, 0], [19, 108], [-47, -216]]
[[1, 0], [19, 108], [-61, -324]]
[[1, 0], [19, 162], [-41, -324]]
[[1, 0], [19, 243], [-23, -243]]
[[1, 0], [19, 27], [-179, -216]]
[[1, 0], [19, 27], [-181, -189]]
[[1, 0], [19, 27], [-191, -243]]
[[1, 0], [19, 27], [-241, -324]]
[[1, 0], [19, 27], [-31, -27]]
[[1, 0], [19, 36], [-149, -180]]
[[1, 0], [19, 36], [-181, -324]]
[[1, 0], [19, 36], [-37, -36]]
[[1, 0], [19, 36], [-44, -45]]
[[1, 0], [19, 36], [-46, -81]]
[[1, 0], [19, 36], [-79, -90]]
[[1, 0], [19, 36], [-91, -162]]
[[1, 0], [19, 54], [-121, -324]]
[[1, 0], [19, 54], [-91, -216]]
[[1, 0], [19, 81], [-65, -243]]
[[1, 0], [191, 324], [-193, -324]]
[[1, 0], [196, 243], [-200, -243]]
[[1, 0], [197, 324], [-199, -324]]
[[1, 0], [2, 27], [-14, -27]]
[[1, 0], [2, 27], [-37, -324]]
[[1, 0], [2, 27], [-38, -243]]
[[1, 0], [2, 27], [-43, -216]]
[[1, 0], [2, 27], [-62, -189]]
[[1, 0], [2, 3], [-1651, -168]]
[[1, 0], [2, 3], [-259, -24]]
[[1, 0], [2, 3], [-3134, -165]]
[[1, 0], [2, 3], [-325, -324]]
[[1, 0], [2, 3], [-326, -243]]
[[1, 0], [2, 3], [-334, -15]]
[[1, 0], [2, 3], [-341, -228]]
[[1, 0], [2, 3], [-454, -195]]
[[1, 0], [2, 3], [-479, -192]]
[[1, 0], [2, 3], [-670, -33]]
[[1, 0], [2, 3], [-766, -177]]
[[1, 0], [2, 81], [-13, -324]]
[[1, 0], [2, 81], [-14, -243]]
[[1, 0], [2, 81], [-5, -108]]
[[1, 0], [2, 9], [-109, -324]]
[[1, 0], [2, 9], [-110, -243]]
[[1, 0], [2, 9], [-17, -36]]
[[1, 0], [2, 9], [-229, -180]]
[[1, 0], [2, 9], [-38, -9]]
[[1, 0], [2, 9], [-398, -171]]
[[1, 0], [2, 9], [-53, -36]]
[[1, 0], [20, 171], [-56, -171]]
[[1, 0], [20, 27], [-187, -216]]
[[1, 0], [20, 27], [-188, -189]]
[[1, 0], [20, 27], [-200, -243]]
[[1, 0], [20, 27], [-253, -324]]
[[1, 0], [20, 27], [-32, -27]]
[[1, 0], [20, 81], [-29, -108]]
[[1, 0], [20, 81], [-68, -243]]
[[1, 0], [20, 81], [-85, -324]]
[[1, 0], [203, 324], [-205, -324]]
[[1, 0], [205, 243], [-209, -243]]
[[1, 0], [209, 324], [-211, -324]]
[[1, 0], [214, 243], [-218, -243]]
[[1, 0], [215, 324], [-217, -324]]
[[1, 0], [22, 189], [-34, -189]]
[[1, 0], [22, 243], [-26, -243]]
[[1, 0], [22, 27], [-202, -189]]
[[1, 0], [22, 27], [-203, -216]]
[[1, 0], [22, 27], [-218, -243]]
[[1, 0], [22, 27], [-277, -324]]
[[1, 0], [22, 63], [-97, -252]]
[[1, 0], [22, 81], [-74, -243]]
[[1, 0], [221, 324], [-223, -324]]
[[1, 0], [223, 243], [-227, -243]]
[[1, 0], [227, 324], [-229, -324]]
[[1, 0], [23, 108], [-29, -108]]
[[1, 0], [23, 108], [-37, -162]]
[[1, 0], [23, 108], [-55, -216]]
[[1, 0], [23, 108], [-73, -324]]
[[1, 0], [23, 162], [-49, -324]]
[[1, 0], [23, 27], [-209, -189]]
[[1, 0], [23, 27], [-211, -216]]
[[1, 0], [23, 27], [-227, -243]]
[[1, 0], [23, 27], [-289, -324]]
[[1, 0], [23, 33], [-439, -165]]
[[1, 0], [23, 36], [-109, -162]]
[[1, 0], [23, 36], [-169, -180]]
[[1, 0], [23, 36], [-217, -324]]
[[1, 0], [23, 36], [-41, -36]]
[[1, 0], [23, 36], [-49, -45]]
[[1, 0], [23, 36], [-55, -81]]
[[1, 0], [23, 36], [-89, -90]]
[[1, 0], [23, 54], [-107, -216]]
[[1, 0], [23, 54], [-145, -324]]
[[1, 0], [23, 81], [-77, -243]]
[[1, 0], [23, 81], [-97, -324]]
[[1, 0], [232, 243], [-236, -243]]
[[1, 0], [233, 324], [-235, -324]]
[[1, 0], [239, 324], [-241, -324]]
[[1, 0], [241, 243], [-245, -243]]
[[1, 0], [245, 324], [-247, -324]]
[[1, 0], [25, 108], [-59, -216]]
[[1, 0], [25, 108], [-79, -324]]
[[1, 0], [25, 162], [-53, -324]]
[[1, 0], [25, 216], [-31, -216]]
[[1, 0], [25, 27], [-223, -189]]
[[1, 0], [25, 27], [-227, -216]]
[[1, 0], [25, 27], [-245, -243]]
[[1, 0], [25, 27], [-313, -324]]
[[1, 0], [25, 36], [-179, -180]]
[[1, 0], [25, 36], [-235, -324]]
[[1, 0], [25, 36], [-43, -36]]
[[1, 0], [25, 48], [-127, -192]]
[[1, 0], [25, 54], [-115, -216]]
[[1, 0], [25, 54], [-157, -324]]
[[1, 0], [25, 81], [-83, -243]]
[[1, 0], [251, 324], [-253, -324]]
[[1, 0], [257, 324], [-259, -324]]
[[1, 0], [26, 27], [-230, -189]]
[[1, 0], [26, 27], [-235, -216]]
[[1, 0], [26, 27], [-254, -243]]
[[1, 0], [26, 27], [-325, -324]]
[[1, 0], [26, 45], [-149, -180]]
[[1, 0], [26, 81], [-109, -324]]
[[1, 0], [26, 81], [-37, -108]]
[[1, 0], [26, 81], [-86, -243]]
[[1, 0], [263, 324], [-265, -324]]
[[1, 0], [269, 324], [-271, -324]]
[[1, 0], [275, 324], [-277, -324]]
[[1, 0], [28, 243], [-32, -243]]
[[1, 0], [28, 81], [-92, -243]]
[[1, 0], [281, 324], [-283, -324]]
[[1, 0], [287, 324], [-289, -324]]
[[1, 0], [29, 108], [-67, -216]]
[[1, 0], [29, 108], [-91, -324]]
[[1, 0], [29, 162], [-61, -324]]
[[1, 0], [29, 168], [-83, -168]]
[[1, 0], [29, 189], [-41, -189]]
[[1, 0], [29, 216], [-35, -216]]
[[1, 0], [29, 36], [-199, -180]]
[[1, 0], [29, 36], [-271, -324]]
[[1, 0], [29, 42], [-251, -168]]
[[1, 0], [29, 54], [-131, -216]]
[[1, 0], [29, 54], [-181, -324]]
[[1, 0], [29, 63], [-125, -252]]
[[1, 0], [29, 81], [-121, -324]]
[[1, 0], [29, 81], [-41, -108]]
[[1, 0], [29, 81], [-95, -243]]
[[1, 0], [29, 84], [-139, -168]]
[[1, 0], [293, 324], [-295, -324]]
[[1, 0], [299, 324], [-301, -324]]
[[1, 0], [3, 4], [-163, -162]]
[[1, 0], [3, 4], [-165, -4]]
[[1, 0], [3, 4], [-1803, -82]]
[[1, 0], [3, 4], [-195, -98]]
[[1, 0], [3, 4], [-325, -324]]
[[1, 0], [3, 4], [-3525, -164]]
[[1, 0], [3, 4], [-429, -86]]
[[1, 0], [3, 4], [-82, -81]]
[[1, 0], [3, 4], [-942, -41]]
[[1, 0], [305, 324], [-307, -324]]
[[1, 0], [31, 108], [-37, -108]]
[[1, 0], [31, 108], [-49, -162]]
[[1, 0], [31, 108], [-71, -216]]
[[1, 0], [31, 108], [-97, -324]]
[[1, 0], [31, 162], [-65, -324]]
[[1, 0], [31, 180], [-49, -180]]
[[1, 0], [31, 243], [-35, -243]]
[[1, 0], [31, 36], [-109, -90]]
[[1, 0], [31, 36], [-145, -162]]
[[1, 0], [31, 36], [-209, -180]]
[[1, 0], [31, 36], [-289, -324]]
[[1, 0], [31, 36], [-59, -45]]
[[1, 0], [31, 36], [-73, -81]]
[[1, 0], [31, 45], [-169, -180]]
[[1, 0], [31, 54], [-139, -216]]
[[1, 0], [31, 54], [-193, -324]]
[[1, 0], [31, 81], [-101, -243]]
[[1, 0], [31, 90], [-89, -180]]
[[1, 0], [311, 324], [-313, -324]]
[[1, 0], [317, 324], [-319, -324]]
[[1, 0], [32, 81], [-104, -243]]
[[1, 0], [32, 81], [-133, -324]]
[[1, 0], [323, 324], [-325, -324]]
[[1, 0], [34, 81], [-110, -243]]
[[1, 0], [35, 108], [-109, -324]]
[[1, 0], [35, 108], [-41, -108]]
[[1, 0], [35, 108], [-55, -162]]
[[1, 0], [35, 108], [-79, -216]]
[[1, 0], [35, 162], [-73, -324]]
[[1, 0], [35, 36], [-119, -90]]
[[1, 0], [35, 36], [-163, -162]]
[[1, 0], [35, 36], [-229, -180]]
[[1, 0], [35, 36], [-325, -324]]
[[1, 0], [35, 36], [-64, -45]]
[[1, 0], [35, 36], [-82, -81]]
[[1, 0], [35, 54], [-155, -216]]
[[1, 0], [35, 54], [-217, -324]]
[[1, 0], [35, 81], [-113, -243]]
[[1, 0], [35, 81], [-145, -324]]
[[1, 0], [35, 81], [-49, -108]]
[[1, 0], [37, 108], [-115, -324]]
[[1, 0], [37, 108], [-83, -216]]
[[1, 0], [37, 162], [-77, -324]]
[[1, 0], [37, 216], [-43, -216]]
[[1, 0], [37, 243], [-41, -243]]
[[1, 0], [37, 54], [-163, -216]]
[[1, 0], [37, 54], [-229, -324]]
[[1, 0], [37, 81], [-119, -243]]
[[1, 0], [38, 81], [-122, -243]]
[[1, 0], [38, 81], [-157, -324]]
[[1, 0], [38, 81], [-53, -108]]
[[1, 0], [4, 243], [-8, -243]]
[[1, 0], [4, 27], [-16, -27]]
[[1, 0], [4, 27], [-56, -243]]
[[1, 0], [4, 27], [-59, -216]]
[[1, 0], [4, 27], [-61, -324]]
[[1, 0], [4, 27], [-76, -189]]
[[1, 0], [4, 81], [-20, -243]]
[[1, 0], [4, 9], [-164, -243]]
[[1, 0], [4, 9], [-181, -324]]
[[1, 0], [4, 9], [-25, -36]]
[[1, 0], [4, 9], [-269, -180]]
[[1, 0], [4, 9], [-40, -9]]
[[1, 0], [4, 9], [-436, -171]]
[[1, 0], [4, 9], [-61, -36]]
[[1, 0], [40, 243], [-44, -243]]
[[1, 0], [40, 81], [-128, -243]]
[[1, 0], [41, 108], [-127, -324]]
[[1, 0], [41, 108], [-91, -216]]
[[1, 0], [41, 162], [-85, -324]]
[[1, 0], [41, 180], [-59, -180]]
[[1, 0], [41, 216], [-47, -216]]
[[1, 0], [41, 45], [-209, -180]]
[[1, 0], [41, 48], [-191, -192]]
[[1, 0], [41, 54], [-179, -216]]
[[1, 0], [41, 54], [-253, -324]]
[[1, 0], [41, 81], [-131, -243]]
[[1, 0], [41, 81], [-169, -324]]
[[1, 0], [41, 90], [-109, -180]]
[[1, 0], [43, 108], [-133, -324]]
[[1, 0], [43, 108], [-49, -108]]
[[1, 0], [43, 108], [-67, -162]]
[[1, 0], [43, 108], [-95, -216]]
[[1, 0], [43, 162], [-89, -324]]
[[1, 0], [43, 189], [-55, -189]]
[[1, 0], [43, 54], [-187, -216]]
[[1, 0], [43, 54], [-265, -324]]
[[1, 0], [43, 63], [-181, -252]]
[[1, 0], [43, 81], [-137, -243]]
[[1, 0], [43, 84], [-167, -168]]
[[1, 0], [43, 84], [-97, -84]]
[[1, 0], [44, 81], [-140, -243]]
[[1, 0], [44, 81], [-181, -324]]
[[1, 0], [44, 81], [-61, -108]]
[[1, 0], [46, 243], [-50, -243]]
[[1, 0], [46, 81], [-146, -243]]
[[1, 0], [47, 108], [-103, -216]]
[[1, 0], [47, 108], [-145, -324]]
[[1, 0], [47, 108], [-53, -108]]
[[1, 0], [47, 108], [-73, -162]]
[[1, 0], [47, 162], [-97, -324]]
[[1, 0], [47, 54], [-203, -216]]
[[1, 0], [47, 54], [-289, -324]]
[[1, 0], [47, 81], [-149, -243]]
[[1, 0], [47, 81], [-193, -324]]
[[1, 0], [47, 81], [-65, -108]]
[[1, 0], [49, 108], [-107, -216]]
[[1, 0], [49, 108], [-151, -324]]
[[1, 0], [49, 162], [-101, -324]]
[[1, 0], [49, 216], [-55, -216]]
[[1, 0], [49, 243], [-53, -243]]
[[1, 0], [49, 54], [-211, -216]]
[[1, 0], [49, 54], [-301, -324]]
[[1, 0], [49, 81], [-155, -243]]
[[1, 0], [5, 108], [-19, -216]]
[[1, 0], [5, 108], [-19, -324]]
[[1, 0], [5, 12], [-163, -324]]
[[1, 0], [5, 12], [-475, -168]]
[[1, 0], [5, 12], [-91, -24]]
[[1, 0], [5, 162], [-13, -324]]
[[1, 0], [5, 18], [-109, -198]]
[[1, 0], [5, 18], [-109, -324]]
[[1, 0], [5, 18], [-149, -180]]
[[1, 0], [5, 18], [-37, -36]]
[[1, 0], [5, 18], [-97, -252]]
[[1, 0], [5, 216], [-11, -216]]
[[1, 0], [5, 24], [-139, -84]]
[[1, 0], [5, 24], [-251, -168]]
[[1, 0], [5, 24], [-47, -96]]
[[1, 0], [5, 24], [-59, -24]]
[[1, 0], [5, 24], [-83, -42]]
[[1, 0], [5, 27], [-17, -27]]
[[1, 0], [5, 27], [-65, -243]]
[[1, 0], [5, 27], [-67, -216]]
[[1, 0], [5, 27], [-73, -324]]
[[1, 0], [5, 27], [-83, -189]]
[[1, 0], [5, 36], [-23, -36]]
[[1, 0], [5, 36], [-55, -324]]
[[1, 0], [5, 36], [-79, -180]]
[[1, 0], [5, 54], [-35, -216]]
[[1, 0], [5, 54], [-37, -324]]
[[1, 0], [5, 6], [-155, -24]]
[[1, 0], [5, 6], [-305, -204]]
[[1, 0], [5, 6], [-325, -324]]
[[1, 0], [5, 6], [-371, -186]]
[[1, 0], [5, 6], [-923, -168]]
[[1, 0], [5, 81], [-23, -243]]
[[1, 0], [5, 81], [-25, -324]]
[[1, 0], [5, 9], [-191, -243]]
[[1, 0], [5, 9], [-217, -324]]
[[1, 0], [5, 9], [-289, -180]]
[[1, 0], [5, 9], [-29, -36]]
[[1, 0], [5, 9], [-455, -171]]
[[1, 0], [5, 9], [-65, -36]]
[[1, 0], [50, 189], [-62, -189]]
[[1, 0], [50, 63], [-209, -252]]
[[1, 0], [50, 81], [-158, -243]]
[[1, 0], [50, 81], [-205, -324]]
[[1, 0], [52, 81], [-164, -243]]
[[1, 0], [53, 108], [-115, -216]]
[[1, 0], [53, 108], [-163, -324]]
[[1, 0], [53, 162], [-109, -324]]
[[1, 0], [53, 216], [-59, -216]]
[[1, 0], [53, 54], [-227, -216]]
[[1, 0], [53, 54], [-325, -324]]
[[1, 0], [53, 81], [-167, -243]]
[[1, 0], [53, 81], [-217, -324]]
[[1, 0], [53, 81], [-73, -108]]
[[1, 0], [55, 108], [-119, -216]]
[[1, 0], [55, 108], [-169, -324]]
[[1, 0], [55, 108], [-85, -162]]
[[1, 0], [55, 162], [-113, -324]]
[[1, 0], [55, 243], [-59, -243]]
[[1, 0], [55, 81], [-173, -243]]
[[1, 0], [56, 81], [-176, -243]]
[[1, 0], [56, 81], [-229, -324]]
[[1, 0], [56, 81], [-77, -108]]
[[1, 0], [58, 171], [-94, -171]]
[[1, 0], [58, 243], [-62, -243]]
[[1, 0], [58, 81], [-182, -243]]
[[1, 0], [59, 108], [-127, -216]]
[[1, 0], [59, 108], [-181, -324]]
[[1, 0], [59, 108], [-91, -162]]
[[1, 0], [59, 162], [-121, -324]]
[[1, 0], [59, 81], [-185, -243]]
[[1, 0], [59, 81], [-241, -324]]
[[1, 0], [61, 108], [-131, -216]]
[[1, 0], [61, 108], [-187, -324]]
[[1, 0], [61, 162], [-125, -324]]
[[1, 0], [61, 180], [-79, -180]]
[[1, 0], [61, 216], [-67, -216]]
[[1, 0], [61, 81], [-191, -243]]
[[1, 0], [61, 90], [-149, -180]]
[[1, 0], [62, 81], [-194, -243]]
[[1, 0], [62, 81], [-253, -324]]
[[1, 0], [62, 81], [-85, -108]]
[[1, 0], [64, 189], [-76, -189]]
[[1, 0], [64, 243], [-68, -243]]
[[1, 0], [64, 81], [-200, -243]]
[[1, 0], [65, 108], [-139, -216]]
[[1, 0], [65, 108], [-199, -324]]
[[1, 0], [65, 162], [-133, -324]]
[[1, 0], [65, 216], [-71, -216]]
[[1, 0], [65, 81], [-203, -243]]
[[1, 0], [65, 81], [-265, -324]]
[[1, 0], [65, 81], [-89, -108]]
[[1, 0], [67, 108], [-103, -162]]
[[1, 0], [67, 108], [-143, -216]]
[[1, 0], [67, 108], [-205, -324]]
[[1, 0], [67, 162], [-137, -324]]
[[1, 0], [67, 243], [-71, -243]]
[[1, 0], [67, 81], [-209, -243]]
[[1, 0], [68, 81], [-212, -243]]
[[1, 0], [68, 81], [-277, -324]]
[[1, 0], [7, 108], [-13, -108]]
[[1, 0], [7, 108], [-13, -162]]
[[1, 0], [7, 108], [-23, -216]]
[[1, 0], [7, 108], [-25, -324]]
[[1, 0], [7, 12], [-109, -162]]
[[1, 0], [7, 12], [-217, -324]]
[[1, 0], [7, 12], [-265, -84]]
[[1, 0], [7, 12], [-50, -51]]
[[1, 0], [7, 12], [-503, -168]]
[[1, 0], [7, 12], [-55, -48]]
[[1, 0], [7, 12], [-55, -81]]
[[1, 0], [7, 12], [-61, -12]]
[[1, 0], [7, 12], [-95, -24]]
[[1, 0], [7, 162], [-17, -324]]
[[1, 0], [7, 18], [-125, -252]]
[[1, 0], [7, 18], [-131, -198]]
[[1, 0], [7, 18], [-145, -324]]
[[1, 0], [7, 18], [-169, -180]]
[[1, 0], [7, 18], [-41, -36]]
[[1, 0], [7, 27], [-19, -27]]
[[1, 0], [7, 27], [-83, -216]]
[[1, 0], [7, 27], [-83, -243]]
[[1, 0], [7, 27], [-97, -189]]
[[1, 0], [7, 27], [-97, -324]]
[[1, 0], [7, 36], [-19, -81]]
[[1, 0], [7, 36], [-25, -36]]
[[1, 0], [7, 36], [-29, -45]]
[[1, 0], [7, 36], [-37, -162]]
[[1, 0], [7, 36], [-49, -90]]
[[1, 0], [7, 36], [-73, -324]]
[[1, 0], [7, 36], [-89, -180]]
[[1, 0], [7, 54], [-43, -216]]
[[1, 0], [7, 54], [-49, -324]]
[[1, 0], [7, 81], [-29, -243]]
[[1, 0], [7, 9], [-245, -243]]
[[1, 0], [7, 9], [-289, -324]]
[[1, 0], [7, 9], [-329, -180]]
[[1, 0], [7, 9], [-37, -36]]
[[1, 0], [7, 9], [-493, -171]]
[[1, 0], [7, 9], [-73, -36]]
[[1, 0], [70, 81], [-218, -243]]
[[1, 0], [71, 108], [-109, -162]]
[[1, 0], [71, 108], [-151, -216]]
[[1, 0], [71, 108], [-217, -324]]
[[1, 0], [71, 162], [-145, -324]]
[[1, 0], [71, 180], [-89, -180]]
[[1, 0], [71, 189], [-83, -189]]
[[1, 0], [71, 81], [-221, -243]]
[[1, 0], [71, 81], [-289, -324]]
[[1, 0], [71, 81], [-97, -108]]
[[1, 0], [71, 84], [-223, -168]]
[[1, 0], [71, 90], [-169, -180]]
[[1, 0], [73, 108], [-155, -216]]
[[1, 0], [73, 108], [-223, -324]]
[[1, 0], [73, 162], [-149, -324]]
[[1, 0], [73, 216], [-79, -216]]
[[1, 0], [73, 243], [-77, -243]]
[[1, 0], [73, 81], [-227, -243]]
[[1, 0], [74, 81], [-101, -108]]
[[1, 0], [74, 81], [-230, -243]]
[[1, 0], [74, 81], [-301, -324]]
[[1, 0], [76, 243], [-80, -243]]
[[1, 0], [76, 81], [-236, -243]]
[[1, 0], [77, 108], [-163, -216]]
[[1, 0], [77, 108], [-235, -324]]
[[1, 0], [77, 162], [-157, -324]]
[[1, 0], [77, 216], [-83, -216]]
[[1, 0], [77, 81], [-239, -243]]
[[1, 0], [77, 81], [-313, -324]]
[[1, 0], [79, 108], [-121, -162]]
[[1, 0], [79, 108], [-167, -216]]
[[1, 0], [79, 108], [-241, -324]]
[[1, 0], [79, 162], [-161, -324]]
[[1, 0], [79, 81], [-245, -243]]
[[1, 0], [8, 189], [-20, -189]]
[[1, 0], [8, 21], [-307, -168]]
[[1, 0], [8, 21], [-67, -24]]
[[1, 0], [8, 27], [-104, -189]]
[[1, 0], [8, 27], [-109, -324]]
[[1, 0], [8, 27], [-91, -216]]
[[1, 0], [8, 27], [-92, -243]]
[[1, 0], [8, 63], [-41, -252]]
[[1, 0], [8, 81], [-13, -108]]
[[1, 0], [8, 81], [-32, -243]]
[[1, 0], [8, 81], [-37, -324]]
[[1, 0], [8, 9], [-272, -243]]
[[1, 0], [8, 9], [-325, -324]]
[[1, 0], [8, 9], [-349, -180]]
[[1, 0], [8, 9], [-41, -36]]
[[1, 0], [8, 9], [-512, -171]]
[[1, 0], [8, 9], [-77, -36]]
[[1, 0], [80, 81], [-109, -108]]
[[1, 0], [80, 81], [-248, -243]]
[[1, 0], [80, 81], [-325, -324]]
[[1, 0], [82, 243], [-86, -243]]
[[1, 0], [83, 108], [-127, -162]]
[[1, 0], [83, 108], [-175, -216]]
[[1, 0], [83, 108], [-253, -324]]
[[1, 0], [83, 162], [-169, -324]]
[[1, 0], [83, 164], [-245, -164]]
[[1, 0], [85, 108], [-179, -216]]
[[1, 0], [85, 108], [-259, -324]]
[[1, 0], [85, 162], [-173, -324]]
[[1, 0], [85, 189], [-97, -189]]
[[1, 0], [85, 216], [-91, -216]]
[[1, 0], [85, 243], [-89, -243]]
[[1, 0], [89, 108], [-187, -216]]
[[1, 0], [89, 108], [-271, -324]]
[[1, 0], [89, 162], [-181, -324]]
[[1, 0], [89, 216], [-95, -216]]
[[1, 0], [91, 108], [-139, -162]]
[[1, 0], [91, 108], [-191, -216]]
[[1, 0], [91, 108], [-277, -324]]
[[1, 0], [91, 162], [-185, -324]]
[[1, 0], [91, 243], [-95, -243]]
[[1, 0], [94, 243], [-98, -243]]
[[1, 0], [95, 108], [-145, -162]]
[[1, 0], [95, 108], [-199, -216]]
[[1, 0], [95, 108], [-289, -324]]
[[1, 0], [95, 162], [-193, -324]]
[[1, 0], [97, 108], [-203, -216]]
[[1, 0], [97, 108], [-295, -324]]
[[1, 0], [97, 162], [-197, -324]]
[[1, 0], [97, 216], [-103, -216]]
