[[1, 0], [0, 1], [-10224, -425]]
[[1, 0], [0, 1], [-1635, -544]]
[[1, 0], [0, 1], [-167280, -409]]
[[1, 0], [0, 1], [-1683, -32]]
[[1, 0], [0, 1], [-176, -153]]
[[1, 0], [0, 1], [-2064, -85]]
[[1, 0], [0, 1], [-21267, -416]]
[[1, 0], [0, 1], [-272, -117]]
[[1, 0], [0, 1], [-272, -9]]
[[1, 0], [0, 1], [-3680, -459]]
[[1, 0], [0, 1], [-432, -17]]
[[1, 0], [0, 1], [-4896, -59]]
[[1, 0], [0, 1], [-4896, -83]]
[[1, 0], [0, 1], [-544, -3]]
[[1, 0], [0, 1], [-56032, -411]]
[[1, 0], [0, 1], [-663, -64]]
[[1, 0], [0, 1], [-7361, -432]]
[[1, 0], [0, 1], [-816, -1]]
[[1, 0], [0, 1], [-817, -816]]
[[1, 0], [1, 102], [-29, -510]]
[[1, 0], [1, 104], [-259, -416]]
[[1, 0], [1, 108], [-41, -144]]
[[1, 0], [1, 108], [-89, -432]]
[[1, 0], [1, 10], [-1885, -82]]
[[1, 0], [1, 10], [-209, -560]]
[[1, 0], [1, 10], [-259, -510]]
[[1, 0], [1, 10], [-29, -18]]
[[1, 0], [1, 10], [-409, -10]]
[[1, 0], [1, 10], [-55, -102]]
[[1, 0], [1, 10], [-859, -430]]
[[1, 0], [1, 10], [-8609, -410]]
[[1, 0], [1, 112], [-55, -448]]
[[1, 0], [1, 12], [-1259, -420]]
[[1, 0], [1, 12], [-137, -816]]
[[1, 0], [1, 12], [-155, -612]]
[[1, 0], [1, 12], [-167, -576]]
[[1, 0], [1, 12], [-197, -528]]
[[1, 0], [1, 12], [-209, -60]]
[[1, 0], [1, 12], [-245, -492]]
[[1, 0], [1, 12], [-29, -144]]
[[1, 0], [1, 12], [-311, -468]]
[[1, 0], [1, 12], [-59, -96]]
[[1, 0], [1, 12], [-665, -432]]
[[1, 0], [1, 136], [-13, -816]]
[[1, 0], [1, 136], [-19, -544]]
[[1, 0], [1, 137], [-547, -411]]
[[1, 0], [1, 138], [-275, -414]]
[[1, 0], [1, 13], [-1715, -416]]
[[1, 0], [1, 13], [-179, -32]]
[[1, 0], [1, 140], [-139, -420]]
[[1, 0], [1, 144], [-7, -192]]
[[1, 0], [1, 144], [-71, -432]]
[[1, 0], [1, 14], [-19, -96]]
[[1, 0], [1, 14], [-25, -78]]
[[1, 0], [1, 152], [-37, -456]]
[[1, 0], [1, 153], [-35, -459]]
[[1, 0], [1, 15], [-23, -153]]
[[1, 0], [1, 16], [-103, -816]]
[[1, 0], [1, 16], [-139, -544]]
[[1, 0], [1, 16], [-1403, -416]]
[[1, 0], [1, 16], [-155, -32]]
[[1, 0], [1, 16], [-503, -432]]
[[1, 0], [1, 16], [-55, -64]]
[[1, 0], [1, 170], [-19, -510]]
[[1, 0], [1, 17], [-103, -663]]
[[1, 0], [1, 17], [-131, -544]]
[[1, 0], [1, 17], [-149, -85]]
[[1, 0], [1, 17], [-173, -493]]
[[1, 0], [1, 17], [-251, -459]]
[[1, 0], [1, 17], [-49, -17]]
[[1, 0], [1, 17], [-649, -425]]
[[1, 0], [1, 17], [-97, -816]]
[[1, 0], [1, 18], [-137, -18]]
[[1, 0], [1, 18], [-1655, -414]]
[[1, 0], [1, 18], [-449, -432]]
[[1, 0], [1, 204], [-11, -612]]
[[1, 0], [1, 208], [-155, -416]]
[[1, 0], [1, 20], [-139, -60]]
[[1, 0], [1, 20], [-181, -84]]
[[1, 0], [1, 20], [-769, -420]]
[[1, 0], [1, 216], [-53, -432]]
[[1, 0], [1, 21], [-293, -441]]
[[1, 0], [1, 21], [-83, -672]]
[[1, 0], [1, 22], [-109, -528]]
[[1, 0], [1, 22], [-113, -38]]
[[1, 0], [1, 22], [-13, -48]]
[[1, 0], [1, 22], [-835, -418]]
[[1, 0], [1, 240], [-19, -480]]
[[1, 0], [1, 24], [-139, -480]]
[[1, 0], [1, 24], [-341, -432]]
[[1, 0], [1, 24], [-77, -624]]
[[1, 0], [1, 24], [-91, -552]]
[[1, 0], [1, 25], [-109, -85]]
[[1, 0], [1, 25], [-449, -425]]
[[1, 0], [1, 26], [-115, -32]]
[[1, 0], [1, 26], [-233, -442]]
[[1, 0], [1, 26], [-29, -34]]
[[1, 0], [1, 26], [-883, -416]]
[[1, 0], [1, 272], [-11, -544]]
[[1, 0], [1, 272], [-7, -816]]
[[1, 0], [1, 27], [-113, -144]]
[[1, 0], [1, 27], [-161, -459]]
[[1, 0], [1, 27], [-25, -51]]
[[1, 0], [1, 27], [-305, -432]]
[[1, 0], [1, 27], [-49, -48]]
[[1, 0], [1, 27], [-59, -153]]
[[1, 0], [1, 28], [-109, -60]]
[[1, 0], [1, 28], [-125, -476]]
[[1, 0], [1, 28], [-139, -84]]
[[1, 0], [1, 28], [-23, -68]]
[[1, 0], [1, 28], [-559, -420]]
[[1, 0], [1, 2], [-10867, -416]]
[[1, 0], [1, 2], [-109, -48]]
[[1, 0], [1, 2], [-1091, -544]]
[[1, 0], [1, 2], [-1165, -528]]
[[1, 0], [1, 2], [-1229, -10]]
[[1, 0], [1, 2], [-1279, -510]]
[[1, 0], [1, 2], [-14351, -414]]
[[1, 0], [1, 2], [-1469, -490]]
[[1, 0], [1, 2], [-209, -112]]
[[1, 0], [1, 2], [-233, -34]]
[[1, 0], [1, 2], [-2519, -448]]
[[1, 0], [1, 2], [-259, -102]]
[[1, 0], [1, 2], [-2885, -442]]
[[1, 0], [1, 2], [-3211, -438]]
[[1, 0], [1, 2], [-3905, -432]]
[[1, 0], [1, 2], [-409, -2]]
[[1, 0], [1, 2], [-42229, -410]]
[[1, 0], [1, 2], [-689, -18]]
[[1, 0], [1, 2], [-817, -816]]
[[1, 0], [1, 2], [-827, -736]]
[[1, 0], [1, 2], [-835, -38]]
[[1, 0], [1, 2], [-859, -86]]
[[1, 0], [1, 2], [-8609, -82]]
[[1, 0], [1, 2], [-871, -654]]
[[1, 0], [1, 2], [-8777, -418]]
[[1, 0], [1, 2], [-883, -32]]
[[1, 0], [1, 2], [-985, -578]]
[[1, 0], [1, 30], [-89, -510]]
[[1, 0], [1, 32], [-103, -32]]
[[1, 0], [1, 32], [-167, -448]]
[[1, 0], [1, 32], [-37, -272]]
[[1, 0], [1, 32], [-389, -208]]
[[1, 0], [1, 32], [-55, -672]]
[[1, 0], [1, 32], [-71, -544]]
[[1, 0], [1, 32], [-727, -416]]
[[1, 0], [1, 33], [-65, -561]]
[[1, 0], [1, 34], [-181, -442]]
[[1, 0], [1, 34], [-19, -102]]
[[1, 0], [1, 34], [-25, -34]]
[[1, 0], [1, 34], [-49, -816]]
[[1, 0], [1, 34], [-67, -544]]
[[1, 0], [1, 34], [-79, -510]]
[[1, 0], [1, 35], [-13, -119]]
[[1, 0], [1, 36], [-19, -204]]
[[1, 0], [1, 36], [-233, -432]]
[[1, 0], [1, 36], [-53, -612]]
[[1, 0], [1, 39], [-5, -51]]
[[1, 0], [1, 3], [-1385, -459]]
[[1, 0], [1, 3], [-18905, -411]]
[[1, 0], [1, 3], [-2609, -432]]
[[1, 0], [1, 3], [-293, -63]]
[[1, 0], [1, 3], [-545, -816]]
[[1, 0], [1, 3], [-65, -51]]
[[1, 0], [1, 3], [-83, -96]]
[[1, 0], [1, 408], [-5, -816]]
[[1, 0], [1, 409], [-817, -409]]
[[1, 0], [1, 40], [-13, -112]]
[[1, 0], [1, 40], [-43, -88]]
[[1, 0], [1, 40], [-49, -600]]
[[1, 0], [1, 410], [-409, -410]]
[[1, 0], [1, 412], [-205, -412]]
[[1, 0], [1, 414], [-137, -414]]
[[1, 0], [1, 416], [-103, -416]]
[[1, 0], [1, 425], [-49, -425]]
[[1, 0], [1, 42], [-41, -714]]
[[1, 0], [1, 42], [-7, -102]]
[[1, 0], [1, 432], [-35, -432]]
[[1, 0], [1, 442], [-25, -442]]
[[1, 0], [1, 46], [-689, -414]]
[[1, 0], [1, 476], [-13, -476]]
[[1, 0], [1, 47], [-281, -423]]
[[1, 0], [1, 48], [-179, -432]]
[[1, 0], [1, 48], [-19, -96]]
[[1, 0], [1, 48], [-35, -816]]
[[1, 0], [1, 4], [-10711, -412]]
[[1, 0], [1, 4], [-125, -68]]
[[1, 0], [1, 4], [-139, -12]]
[[1, 0], [1, 4], [-1961, -432]]
[[1, 0], [1, 4], [-205, -4]]
[[1, 0], [1, 4], [-3709, -420]]
[[1, 0], [1, 4], [-409, -816]]
[[1, 0], [1, 4], [-461, -612]]
[[1, 0], [1, 4], [-467, -32]]
[[1, 0], [1, 4], [-5459, -416]]
[[1, 0], [1, 4], [-547, -544]]
[[1, 0], [1, 4], [-559, -60]]
[[1, 0], [1, 4], [-769, -84]]
[[1, 0], [1, 4], [-77, -36]]
[[1, 0], [1, 4], [-839, -476]]
[[1, 0], [1, 50], [-29, -90]]
[[1, 0], [1, 51], [-43, -561]]
[[1, 0], [1, 51], [-89, -459]]
[[1, 0], [1, 52], [-467, -416]]
[[1, 0], [1, 52], [-77, -468]]
[[1, 0], [1, 544], [-7, -544]]
[[1, 0], [1, 54], [-11, -288]]
[[1, 0], [1, 54], [-161, -432]]
[[1, 0], [1, 54], [-65, -144]]
[[1, 0], [1, 56], [-11, -72]]
[[1, 0], [1, 56], [-23, -64]]
[[1, 0], [1, 56], [-5, -136]]
[[1, 0], [1, 5], [-109, -17]]
[[1, 0], [1, 5], [-13, -17]]
[[1, 0], [1, 5], [-2149, -425]]
[[1, 0], [1, 5], [-329, -765]]
[[1, 0], [1, 5], [-389, -585]]
[[1, 0], [1, 5], [-449, -85]]
[[1, 0], [1, 5], [-4979, -415]]
[[1, 0], [1, 60], [-29, -720]]
[[1, 0], [1, 60], [-59, -480]]
[[1, 0], [1, 60], [-83, -84]]
[[1, 0], [1, 612], [-5, -612]]
[[1, 0], [1, 68], [-13, -68]]
[[1, 0], [1, 68], [-25, -816]]
[[1, 0], [1, 68], [-29, -612]]
[[1, 0], [1, 68], [-35, -544]]
[[1, 0], [1, 68], [-55, -476]]
[[1, 0], [1, 6], [-1313, -432]]
[[1, 0], [1, 6], [-1703, -426]]
[[1, 0], [1, 6], [-25, -48]]
[[1, 0], [1, 6], [-275, -18]]
[[1, 0], [1, 6], [-41, -102]]
[[1, 0], [1, 6], [-4829, -414]]
[[1, 0], [1, 6], [-539, -480]]
[[1, 0], [1, 6], [-89, -102]]
[[1, 0], [1, 72], [-125, -432]]
[[1, 0], [1, 72], [-41, -504]]
[[1, 0], [1, 78], [-25, -624]]
[[1, 0], [1, 7], [-4955, -413]]
[[1, 0], [1, 7], [-727, -448]]
[[1, 0], [1, 82], [-1229, -410]]
[[1, 0], [1, 82], [-409, -82]]
[[1, 0], [1, 84], [-209, -420]]
[[1, 0], [1, 85], [-149, -425]]
[[1, 0], [1, 85], [-49, -85]]
[[1, 0], [1, 85], [-5, -153]]
[[1, 0], [1, 8], [-205, -816]]
[[1, 0], [1, 8], [-209, -720]]
[[1, 0], [1, 8], [-259, -32]]
[[1, 0], [1, 8], [-275, -544]]
[[1, 0], [1, 8], [-2755, -416]]
[[1, 0], [1, 8], [-319, -512]]
[[1, 0], [1, 8], [-335, -504]]
[[1, 0], [1, 8], [-37, -24]]
[[1, 0], [1, 8], [-49, -120]]
[[1, 0], [1, 8], [-769, -440]]
[[1, 0], [1, 8], [-989, -432]]
[[1, 0], [1, 90], [-5, -144]]
[[1, 0], [1, 96], [-23, -576]]
[[1, 0], [1, 9], [-109, -165]]
[[1, 0], [1, 9], [-467, -459]]
[[1, 0], [1, 9], [-469, -141]]
[[1, 0], [1, 9], [-881, -432]]
[[1, 0], [10, 153], [-62, -459]]
[[1, 0], [10, 17], [-194, -85]]
[[1, 0], [10, 17], [-419, -544]]
[[1, 0], [10, 17], [-434, -493]]
[[1, 0], [10, 17], [-454, -663]]
[[1, 0], [10, 17], [-494, -459]]
[[1, 0], [10, 17], [-529, -816]]
[[1, 0], [10, 17], [-58, -17]]
[[1, 0], [10, 17], [-74, -25]]
[[1, 0], [10, 17], [-874, -425]]
[[1, 0], [10, 27], [-110, -153]]
[[1, 0], [10, 27], [-161, -144]]
[[1, 0], [10, 27], [-314, -459]]
[[1, 0], [10, 27], [-449, -432]]
[[1, 0], [10, 27], [-65, -48]]
[[1, 0], [10, 459], [-26, -459]]
[[1, 0], [10, 51], [-142, -561]]
[[1, 0], [100, 153], [-332, -459]]
[[1, 0], [101, 102], [-109, -102]]
[[1, 0], [101, 102], [-179, -170]]
[[1, 0], [101, 102], [-273, -272]]
[[1, 0], [101, 102], [-529, -510]]
[[1, 0], [101, 102], [-817, -816]]
[[1, 0], [101, 136], [-419, -544]]
[[1, 0], [101, 136], [-613, -816]]
[[1, 0], [101, 170], [-319, -510]]
[[1, 0], [101, 204], [-137, -272]]
[[1, 0], [101, 204], [-311, -612]]
[[1, 0], [101, 204], [-409, -816]]
[[1, 0], [101, 272], [-211, -544]]
[[1, 0], [101, 272], [-307, -816]]
[[1, 0], [101, 408], [-205, -816]]
[[1, 0], [101, 425], [-149, -425]]
[[1, 0], [101, 544], [-107, -544]]
[[1, 0], [103, 136], [-427, -544]]
[[1, 0], [103, 136], [-625, -816]]
[[1, 0], [103, 144], [-143, -192]]
[[1, 0], [103, 144], [-197, -216]]
[[1, 0], [103, 144], [-377, -432]]
[[1, 0], [103, 153], [-341, -459]]
[[1, 0], [103, 204], [-317, -612]]
[[1, 0], [103, 272], [-109, -272]]
[[1, 0], [103, 272], [-157, -408]]
[[1, 0], [103, 272], [-215, -544]]
[[1, 0], [103, 272], [-313, -816]]
[[1, 0], [103, 408], [-209, -816]]
[[1, 0], [105, 136], [-435, -544]]
[[1, 0], [105, 136], [-637, -816]]
[[1, 0], [105, 208], [-363, -416]]
[[1, 0], [105, 272], [-219, -544]]
[[1, 0], [105, 272], [-319, -816]]
[[1, 0], [105, 442], [-129, -442]]
[[1, 0], [106, 153], [-350, -459]]
[[1, 0], [107, 136], [-443, -544]]
[[1, 0], [107, 136], [-649, -816]]
[[1, 0], [107, 204], [-145, -272]]
[[1, 0], [107, 204], [-329, -612]]
[[1, 0], [107, 204], [-433, -816]]
[[1, 0], [107, 272], [-113, -272]]
[[1, 0], [107, 272], [-163, -408]]
[[1, 0], [107, 272], [-223, -544]]
[[1, 0], [107, 272], [-325, -816]]
[[1, 0], [107, 408], [-217, -816]]
[[1, 0], [109, 136], [-451, -544]]
[[1, 0], [109, 136], [-661, -816]]
[[1, 0], [109, 144], [-151, -192]]
[[1, 0], [109, 144], [-395, -432]]
[[1, 0], [109, 153], [-359, -459]]
[[1, 0], [109, 204], [-335, -612]]
[[1, 0], [109, 216], [-269, -432]]
[[1, 0], [109, 272], [-227, -544]]
[[1, 0], [109, 272], [-331, -816]]
[[1, 0], [109, 432], [-143, -432]]
[[1, 0], [109, 459], [-125, -459]]
[[1, 0], [109, 544], [-115, -544]]
[[1, 0], [109, 612], [-113, -612]]
[[1, 0], [11, 102], [-29, -170]]
[[1, 0], [11, 102], [-33, -272]]
[[1, 0], [11, 102], [-79, -510]]
[[1, 0], [11, 102], [-97, -816]]
[[1, 0], [11, 12], [-1025, -432]]
[[1, 0], [11, 12], [-109, -20]]
[[1, 0], [11, 12], [-139, -28]]
[[1, 0], [11, 12], [-139, -96]]
[[1, 0], [11, 12], [-149, -144]]
[[1, 0], [11, 12], [-1609, -420]]
[[1, 0], [11, 12], [-223, -204]]
[[1, 0], [11, 12], [-259, -60]]
[[1, 0], [11, 12], [-273, -272]]
[[1, 0], [11, 12], [-349, -84]]
[[1, 0], [11, 12], [-35, -32]]
[[1, 0], [11, 12], [-353, -144]]
[[1, 0], [11, 12], [-559, -140]]
[[1, 0], [11, 12], [-61, -48]]
[[1, 0], [11, 12], [-637, -528]]
[[1, 0], [11, 12], [-647, -576]]
[[1, 0], [11, 12], [-655, -492]]
[[1, 0], [11, 12], [-665, -612]]
[[1, 0], [11, 12], [-701, -468]]
[[1, 0], [11, 12], [-817, -816]]
[[1, 0], [11, 136], [-59, -544]]
[[1, 0], [11, 136], [-73, -816]]
[[1, 0], [11, 15], [-125, -153]]
[[1, 0], [11, 15], [-539, -480]]
[[1, 0], [11, 16], [-113, -16]]
[[1, 0], [11, 16], [-1663, -416]]
[[1, 0], [11, 16], [-175, -32]]
[[1, 0], [11, 16], [-241, -264]]
[[1, 0], [11, 16], [-241, -272]]
[[1, 0], [11, 16], [-247, -248]]
[[1, 0], [11, 16], [-25, -24]]
[[1, 0], [11, 16], [-265, -336]]
[[1, 0], [11, 16], [-29, -36]]
[[1, 0], [11, 16], [-307, -224]]
[[1, 0], [11, 16], [-307, -408]]
[[1, 0], [11, 16], [-395, -216]]
[[1, 0], [11, 16], [-479, -544]]
[[1, 0], [11, 16], [-613, -816]]
[[1, 0], [11, 16], [-773, -432]]
[[1, 0], [11, 16], [-857, -208]]
[[1, 0], [11, 16], [-95, -64]]
[[1, 0], [11, 170], [-49, -510]]
[[1, 0], [11, 17], [-199, -85]]
[[1, 0], [11, 17], [-451, -544]]
[[1, 0], [11, 17], [-463, -493]]
[[1, 0], [11, 17], [-521, -459]]
[[1, 0], [11, 17], [-577, -816]]
[[1, 0], [11, 17], [-899, -425]]
[[1, 0], [11, 204], [-41, -612]]
[[1, 0], [11, 204], [-49, -816]]
[[1, 0], [11, 20], [-169, -60]]
[[1, 0], [11, 20], [-223, -84]]
[[1, 0], [11, 20], [-979, -420]]
[[1, 0], [11, 24], [-109, -176]]
[[1, 0], [11, 24], [-137, -272]]
[[1, 0], [11, 24], [-185, -144]]
[[1, 0], [11, 24], [-337, -624]]
[[1, 0], [11, 24], [-379, -456]]
[[1, 0], [11, 24], [-409, -816]]
[[1, 0], [11, 24], [-521, -432]]
[[1, 0], [11, 24], [-73, -48]]
[[1, 0], [11, 272], [-19, -408]]
[[1, 0], [11, 272], [-31, -544]]
[[1, 0], [11, 272], [-37, -816]]
[[1, 0], [11, 30], [-21, -34]]
[[1, 0], [11, 30], [-259, -510]]
[[1, 0], [11, 30], [-55, -102]]
[[1, 0], [11, 30], [-59, -96]]
[[1, 0], [11, 30], [-89, -170]]
[[1, 0], [11, 34], [-227, -544]]
[[1, 0], [11, 34], [-229, -510]]
[[1, 0], [11, 34], [-311, -442]]
[[1, 0], [11, 34], [-35, -34]]
[[1, 0], [11, 34], [-49, -102]]
[[1, 0], [11, 408], [-25, -816]]
[[1, 0], [11, 40], [-199, -600]]
[[1, 0], [11, 40], [-41, -112]]
[[1, 0], [11, 40], [-65, -88]]
[[1, 0], [11, 48], [-101, -144]]
[[1, 0], [11, 48], [-103, -408]]
[[1, 0], [11, 48], [-143, -216]]
[[1, 0], [11, 48], [-205, -816]]
[[1, 0], [11, 48], [-269, -432]]
[[1, 0], [11, 48], [-35, -136]]
[[1, 0], [11, 48], [-43, -132]]
[[1, 0], [11, 48], [-59, -72]]
[[1, 0], [11, 48], [-69, -272]]
[[1, 0], [11, 48], [-83, -288]]
[[1, 0], [11, 48], [-89, -240]]
[[1, 0], [11, 51], [-179, -459]]
[[1, 0], [11, 51], [-193, -816]]
[[1, 0], [11, 51], [-65, -153]]
[[1, 0], [11, 51], [-65, -272]]
[[1, 0], [11, 60], [-139, -140]]
[[1, 0], [11, 60], [-139, -480]]
[[1, 0], [11, 60], [-149, -720]]
[[1, 0], [11, 60], [-349, -420]]
[[1, 0], [11, 60], [-97, -84]]
[[1, 0], [11, 68], [-115, -544]]
[[1, 0], [11, 68], [-125, -476]]
[[1, 0], [11, 68], [-145, -816]]
[[1, 0], [11, 80], [-29, -180]]
[[1, 0], [11, 85], [-199, -425]]
[[1, 0], [11, 85], [-23, -153]]
[[1, 0], [11, 85], [-59, -85]]
[[1, 0], [111, 136], [-673, -816]]
[[1, 0], [111, 170], [-349, -510]]
[[1, 0], [111, 176], [-175, -264]]
[[1, 0], [111, 272], [-169, -408]]
[[1, 0], [111, 272], [-231, -544]]
[[1, 0], [111, 272], [-337, -816]]
[[1, 0], [112, 153], [-368, -459]]
[[1, 0], [113, 136], [-467, -544]]
[[1, 0], [113, 136], [-685, -816]]
[[1, 0], [113, 204], [-347, -612]]
[[1, 0], [113, 204], [-457, -816]]
[[1, 0], [113, 272], [-235, -544]]
[[1, 0], [113, 272], [-343, -816]]
[[1, 0], [113, 408], [-229, -816]]
[[1, 0], [113, 476], [-125, -476]]
[[1, 0], [113, 816], [-115, -816]]
[[1, 0], [115, 136], [-475, -544]]
[[1, 0], [115, 144], [-149, -144]]
[[1, 0], [115, 144], [-215, -216]]
[[1, 0], [115, 144], [-413, -432]]
[[1, 0], [115, 152], [-379, -456]]
[[1, 0], [115, 153], [-377, -459]]
[[1, 0], [115, 204], [-353, -612]]
[[1, 0], [115, 272], [-121, -272]]
[[1, 0], [115, 272], [-175, -408]]
[[1, 0], [115, 272], [-239, -544]]
[[1, 0], [115, 272], [-349, -816]]
[[1, 0], [115, 408], [-233, -816]]
[[1, 0], [117, 136], [-483, -544]]
[[1, 0], [117, 136], [-709, -816]]
[[1, 0], [117, 272], [-243, -544]]
[[1, 0], [117, 272], [-355, -816]]
[[1, 0], [117, 544], [-123, -544]]
[[1, 0], [118, 153], [-386, -459]]
[[1, 0], [118, 459], [-134, -459]]
[[1, 0], [12, 17], [-483, -544]]
[[1, 0], [12, 17], [-492, -493]]
[[1, 0], [12, 17], [-532, -663]]
[[1, 0], [12, 17], [-548, -459]]
[[1, 0], [12, 17], [-625, -816]]
[[1, 0], [12, 17], [-924, -425]]
[[1, 0], [121, 136], [-499, -544]]
[[1, 0], [121, 136], [-733, -816]]
[[1, 0], [121, 144], [-155, -144]]
[[1, 0], [121, 144], [-167, -192]]
[[1, 0], [121, 144], [-431, -432]]
[[1, 0], [121, 153], [-395, -459]]
[[1, 0], [121, 170], [-379, -510]]
[[1, 0], [121, 204], [-371, -612]]
[[1, 0], [121, 240], [-259, -480]]
[[1, 0], [121, 272], [-251, -544]]
[[1, 0], [121, 272], [-367, -816]]
[[1, 0], [121, 408], [-245, -816]]
[[1, 0], [121, 612], [-125, -612]]
[[1, 0], [123, 136], [-507, -544]]
[[1, 0], [123, 136], [-745, -816]]
[[1, 0], [123, 272], [-129, -272]]
[[1, 0], [123, 272], [-373, -816]]
[[1, 0], [124, 153], [-404, -459]]
[[1, 0], [125, 136], [-515, -544]]
[[1, 0], [125, 136], [-757, -816]]
[[1, 0], [125, 204], [-169, -272]]
[[1, 0], [125, 204], [-383, -612]]
[[1, 0], [125, 204], [-505, -816]]
[[1, 0], [125, 272], [-259, -544]]
[[1, 0], [125, 272], [-379, -816]]
[[1, 0], [125, 408], [-253, -816]]
[[1, 0], [125, 544], [-131, -544]]
[[1, 0], [126, 425], [-174, -425]]
[[1, 0], [127, 136], [-523, -544]]
[[1, 0], [127, 136], [-769, -816]]
[[1, 0], [127, 144], [-175, -192]]
[[1, 0], [127, 144], [-233, -216]]
[[1, 0], [127, 144], [-449, -432]]
[[1, 0], [127, 153], [-413, -459]]
[[1, 0], [127, 204], [-389, -612]]
[[1, 0], [127, 216], [-305, -432]]
[[1, 0], [127, 272], [-133, -272]]
[[1, 0], [127, 272], [-193, -408]]
[[1, 0], [127, 272], [-263, -544]]
[[1, 0], [127, 272], [-385, -816]]
[[1, 0], [127, 408], [-257, -816]]
[[1, 0], [127, 432], [-161, -432]]
[[1, 0], [129, 136], [-531, -544]]
[[1, 0], [129, 136], [-781, -816]]
[[1, 0], [129, 272], [-267, -544]]
[[1, 0], [129, 544], [-135, -544]]
[[1, 0], [13, 102], [-113, -816]]
[[1, 0], [13, 102], [-89, -510]]
[[1, 0], [13, 136], [-67, -544]]
[[1, 0], [13, 144], [-107, -432]]
[[1, 0], [13, 144], [-23, -192]]
[[1, 0], [13, 153], [-29, -153]]
[[1, 0], [13, 153], [-71, -459]]
[[1, 0], [13, 16], [-103, -64]]
[[1, 0], [13, 16], [-1715, -416]]
[[1, 0], [13, 16], [-179, -32]]
[[1, 0], [13, 16], [-547, -544]]
[[1, 0], [13, 16], [-715, -816]]
[[1, 0], [13, 16], [-827, -432]]
[[1, 0], [13, 17], [-209, -85]]
[[1, 0], [13, 17], [-515, -544]]
[[1, 0], [13, 17], [-521, -493]]
[[1, 0], [13, 17], [-571, -663]]
[[1, 0], [13, 17], [-575, -459]]
[[1, 0], [13, 17], [-673, -816]]
[[1, 0], [13, 17], [-949, -425]]
[[1, 0], [13, 18], [-149, -18]]
[[1, 0], [13, 18], [-167, -192]]
[[1, 0], [13, 18], [-1931, -414]]
[[1, 0], [13, 18], [-199, -150]]
[[1, 0], [13, 18], [-257, -144]]
[[1, 0], [13, 18], [-275, -46]]
[[1, 0], [13, 18], [-57, -58]]
[[1, 0], [13, 18], [-689, -138]]
[[1, 0], [13, 18], [-737, -432]]
[[1, 0], [13, 18], [-97, -48]]
[[1, 0], [13, 204], [-47, -612]]
[[1, 0], [13, 24], [-367, -552]]
[[1, 0], [13, 24], [-379, -480]]
[[1, 0], [13, 24], [-389, -624]]
[[1, 0], [13, 24], [-557, -432]]
[[1, 0], [13, 272], [-35, -544]]
[[1, 0], [13, 272], [-43, -816]]
[[1, 0], [13, 32], [-115, -32]]
[[1, 0], [13, 32], [-139, -272]]
[[1, 0], [13, 32], [-155, -52]]
[[1, 0], [13, 32], [-259, -104]]
[[1, 0], [13, 32], [-275, -544]]
[[1, 0], [13, 32], [-307, -672]]
[[1, 0], [13, 32], [-335, -448]]
[[1, 0], [13, 32], [-37, -68]]
[[1, 0], [13, 32], [-467, -208]]
[[1, 0], [13, 32], [-71, -136]]
[[1, 0], [13, 32], [-883, -416]]
[[1, 0], [13, 34], [-259, -510]]
[[1, 0], [13, 34], [-259, -544]]
[[1, 0], [13, 34], [-337, -442]]
[[1, 0], [13, 34], [-337, -816]]
[[1, 0], [13, 34], [-37, -34]]
[[1, 0], [13, 34], [-55, -102]]
[[1, 0], [13, 36], [-137, -144]]
[[1, 0], [13, 36], [-257, -612]]
[[1, 0], [13, 36], [-377, -432]]
[[1, 0], [13, 408], [-29, -816]]
[[1, 0], [13, 48], [-239, -816]]
[[1, 0], [13, 48], [-287, -432]]
[[1, 0], [13, 48], [-43, -96]]
[[1, 0], [13, 51], [-175, -561]]
[[1, 0], [13, 51], [-197, -459]]
[[1, 0], [13, 544], [-19, -544]]
[[1, 0], [13, 68], [-131, -544]]
[[1, 0], [13, 68], [-137, -612]]
[[1, 0], [13, 68], [-139, -476]]
[[1, 0], [13, 68], [-169, -816]]
[[1, 0], [13, 68], [-25, -68]]
[[1, 0], [13, 72], [-125, -504]]
[[1, 0], [13, 72], [-197, -432]]
[[1, 0], [13, 72], [-49, -240]]
[[1, 0], [13, 72], [-77, -144]]
[[1, 0], [13, 96], [-29, -120]]
[[1, 0], [13, 96], [-95, -576]]
[[1, 0], [130, 153], [-422, -459]]
[[1, 0], [131, 136], [-539, -544]]
[[1, 0], [131, 136], [-793, -816]]
[[1, 0], [131, 170], [-409, -510]]
[[1, 0], [131, 204], [-177, -272]]
[[1, 0], [131, 204], [-401, -612]]
[[1, 0], [131, 204], [-529, -816]]
[[1, 0], [131, 208], [-233, -208]]
[[1, 0], [131, 208], [-415, -416]]
[[1, 0], [131, 272], [-137, -272]]
[[1, 0], [131, 272], [-199, -408]]
[[1, 0], [131, 272], [-271, -544]]
[[1, 0], [131, 272], [-397, -816]]
[[1, 0], [131, 408], [-265, -816]]
[[1, 0], [131, 442], [-155, -442]]
[[1, 0], [133, 136], [-547, -544]]
[[1, 0], [133, 136], [-805, -816]]
[[1, 0], [133, 144], [-467, -432]]
[[1, 0], [133, 153], [-431, -459]]
[[1, 0], [133, 204], [-407, -612]]
[[1, 0], [133, 272], [-275, -544]]
[[1, 0], [133, 272], [-403, -816]]
[[1, 0], [133, 408], [-269, -816]]
[[1, 0], [133, 544], [-139, -544]]
[[1, 0], [133, 612], [-137, -612]]
[[1, 0], [135, 136], [-555, -544]]
[[1, 0], [135, 136], [-817, -816]]
[[1, 0], [135, 272], [-205, -408]]
[[1, 0], [135, 272], [-279, -544]]
[[1, 0], [135, 272], [-409, -816]]
[[1, 0], [137, 204], [-185, -272]]
[[1, 0], [137, 204], [-419, -612]]
[[1, 0], [137, 204], [-553, -816]]
[[1, 0], [137, 272], [-283, -544]]
[[1, 0], [137, 272], [-415, -816]]
[[1, 0], [137, 408], [-277, -816]]
[[1, 0], [137, 816], [-139, -816]]
[[1, 0], [139, 144], [-191, -192]]
[[1, 0], [139, 144], [-251, -216]]
[[1, 0], [139, 144], [-485, -432]]
[[1, 0], [139, 153], [-155, -153]]
[[1, 0], [139, 153], [-449, -459]]
[[1, 0], [139, 272], [-211, -408]]
[[1, 0], [139, 272], [-287, -544]]
[[1, 0], [139, 272], [-421, -816]]
[[1, 0], [139, 408], [-281, -816]]
[[1, 0], [139, 414], [-275, -414]]
[[1, 0], [14, 17], [-214, -85]]
[[1, 0], [14, 17], [-35, -32]]
[[1, 0], [14, 17], [-547, -544]]
[[1, 0], [14, 17], [-550, -493]]
[[1, 0], [14, 17], [-602, -459]]
[[1, 0], [14, 17], [-610, -663]]
[[1, 0], [14, 17], [-721, -816]]
[[1, 0], [14, 17], [-974, -425]]
[[1, 0], [14, 39], [-142, -143]]
[[1, 0], [14, 39], [-22, -51]]
[[1, 0], [14, 39], [-90, -221]]
[[1, 0], [14, 51], [-206, -459]]
[[1, 0], [14, 51], [-241, -816]]
[[1, 0], [14, 51], [-74, -153]]
[[1, 0], [14, 51], [-81, -272]]
[[1, 0], [141, 170], [-439, -510]]
[[1, 0], [141, 272], [-291, -544]]
[[1, 0], [141, 272], [-427, -816]]
[[1, 0], [141, 544], [-147, -544]]
[[1, 0], [142, 153], [-158, -153]]
[[1, 0], [142, 153], [-458, -459]]
[[1, 0], [143, 204], [-193, -272]]
[[1, 0], [143, 204], [-437, -612]]
[[1, 0], [143, 204], [-577, -816]]
[[1, 0], [143, 272], [-217, -408]]
[[1, 0], [143, 272], [-295, -544]]
[[1, 0], [143, 272], [-433, -816]]
[[1, 0], [145, 153], [-467, -459]]
[[1, 0], [145, 204], [-443, -612]]
[[1, 0], [145, 216], [-341, -432]]
[[1, 0], [145, 272], [-299, -544]]
[[1, 0], [145, 272], [-439, -816]]
[[1, 0], [145, 408], [-293, -816]]
[[1, 0], [145, 432], [-179, -432]]
[[1, 0], [145, 459], [-161, -459]]
[[1, 0], [145, 544], [-151, -544]]
[[1, 0], [145, 612], [-149, -612]]
[[1, 0], [147, 272], [-223, -408]]
[[1, 0], [147, 272], [-303, -544]]
[[1, 0], [147, 272], [-445, -816]]
[[1, 0], [149, 204], [-201, -272]]
[[1, 0], [149, 204], [-455, -612]]
[[1, 0], [149, 204], [-601, -816]]
[[1, 0], [149, 272], [-307, -544]]
[[1, 0], [149, 272], [-451, -816]]
[[1, 0], [149, 408], [-301, -816]]
[[1, 0], [149, 544], [-155, -544]]
[[1, 0], [15, 112], [-111, -448]]
[[1, 0], [15, 136], [-75, -544]]
[[1, 0], [15, 136], [-97, -816]]
[[1, 0], [15, 16], [-103, -102]]
[[1, 0], [15, 16], [-111, -64]]
[[1, 0], [15, 16], [-125, -54]]
[[1, 0], [15, 16], [-1767, -416]]
[[1, 0], [15, 16], [-183, -32]]
[[1, 0], [15, 16], [-205, -204]]
[[1, 0], [15, 16], [-233, -108]]
[[1, 0], [15, 16], [-307, -264]]
[[1, 0], [15, 16], [-309, -248]]
[[1, 0], [15, 16], [-309, -272]]
[[1, 0], [15, 16], [-31, -24]]
[[1, 0], [15, 16], [-349, -336]]
[[1, 0], [15, 16], [-363, -224]]
[[1, 0], [15, 16], [-409, -408]]
[[1, 0], [15, 16], [-449, -216]]
[[1, 0], [15, 16], [-52, -51]]
[[1, 0], [15, 16], [-615, -544]]
[[1, 0], [15, 16], [-71, -27]]
[[1, 0], [15, 16], [-817, -816]]
[[1, 0], [15, 16], [-881, -432]]
[[1, 0], [15, 16], [-909, -208]]
[[1, 0], [15, 17], [-219, -85]]
[[1, 0], [15, 17], [-579, -493]]
[[1, 0], [15, 17], [-579, -544]]
[[1, 0], [15, 17], [-649, -663]]
[[1, 0], [15, 17], [-769, -816]]
[[1, 0], [15, 17], [-999, -425]]
[[1, 0], [15, 272], [-21, -272]]
[[1, 0], [15, 272], [-25, -408]]
[[1, 0], [15, 272], [-39, -544]]
[[1, 0], [15, 272], [-49, -816]]
[[1, 0], [15, 28], [-139, -60]]
[[1, 0], [15, 28], [-181, -84]]
[[1, 0], [15, 28], [-363, -476]]
[[1, 0], [15, 28], [-57, -68]]
[[1, 0], [15, 28], [-769, -420]]
[[1, 0], [15, 34], [-291, -544]]
[[1, 0], [15, 34], [-363, -442]]
[[1, 0], [15, 34], [-385, -816]]
[[1, 0], [15, 34], [-39, -34]]
[[1, 0], [15, 34], [-61, -102]]
[[1, 0], [15, 56], [-29, -72]]
[[1, 0], [15, 56], [-39, -136]]
[[1, 0], [15, 56], [-39, -64]]
[[1, 0], [15, 68], [-147, -544]]
[[1, 0], [15, 68], [-155, -612]]
[[1, 0], [15, 68], [-193, -816]]
[[1, 0], [151, 153], [-485, -459]]
[[1, 0], [151, 170], [-469, -510]]
[[1, 0], [151, 204], [-461, -612]]
[[1, 0], [151, 240], [-319, -480]]
[[1, 0], [151, 272], [-229, -408]]
[[1, 0], [151, 272], [-311, -544]]
[[1, 0], [151, 272], [-457, -816]]
[[1, 0], [151, 408], [-305, -816]]
[[1, 0], [151, 425], [-199, -425]]
[[1, 0], [155, 176], [-241, -264]]
[[1, 0], [155, 204], [-209, -272]]
[[1, 0], [155, 204], [-473, -612]]
[[1, 0], [155, 204], [-625, -816]]
[[1, 0], [155, 272], [-161, -272]]
[[1, 0], [155, 272], [-235, -408]]
[[1, 0], [155, 272], [-319, -544]]
[[1, 0], [155, 272], [-469, -816]]
[[1, 0], [155, 408], [-313, -816]]
[[1, 0], [157, 204], [-479, -612]]
[[1, 0], [157, 208], [-467, -416]]
[[1, 0], [157, 272], [-475, -816]]
[[1, 0], [157, 408], [-317, -816]]
[[1, 0], [157, 416], [-259, -416]]
[[1, 0], [157, 442], [-181, -442]]
[[1, 0], [157, 544], [-163, -544]]
[[1, 0], [157, 612], [-161, -612]]
[[1, 0], [159, 272], [-241, -408]]
[[1, 0], [159, 272], [-327, -544]]
[[1, 0], [159, 272], [-481, -816]]
[[1, 0], [16, 153], [-32, -153]]
[[1, 0], [16, 153], [-80, -459]]
[[1, 0], [16, 17], [-1024, -425]]
[[1, 0], [16, 17], [-224, -85]]
[[1, 0], [16, 17], [-49, -48]]
[[1, 0], [16, 17], [-608, -493]]
[[1, 0], [16, 17], [-611, -544]]
[[1, 0], [16, 17], [-656, -459]]
[[1, 0], [16, 17], [-688, -663]]
[[1, 0], [16, 17], [-817, -816]]
[[1, 0], [16, 51], [-208, -561]]
[[1, 0], [16, 51], [-224, -459]]
[[1, 0], [16, 85], [-224, -425]]
[[1, 0], [16, 85], [-32, -153]]
[[1, 0], [16, 85], [-64, -85]]
[[1, 0], [161, 170], [-499, -510]]
[[1, 0], [161, 204], [-217, -272]]
[[1, 0], [161, 204], [-491, -612]]
[[1, 0], [161, 204], [-649, -816]]
[[1, 0], [161, 272], [-331, -544]]
[[1, 0], [161, 272], [-487, -816]]
[[1, 0], [161, 408], [-325, -816]]
[[1, 0], [161, 544], [-167, -544]]
[[1, 0], [161, 816], [-163, -816]]
[[1, 0], [163, 204], [-497, -612]]
[[1, 0], [163, 216], [-377, -432]]
[[1, 0], [163, 272], [-247, -408]]
[[1, 0], [163, 272], [-335, -544]]
[[1, 0], [163, 408], [-329, -816]]
[[1, 0], [163, 432], [-197, -432]]
[[1, 0], [163, 459], [-179, -459]]
[[1, 0], [165, 272], [-339, -544]]
[[1, 0], [165, 272], [-499, -816]]
[[1, 0], [165, 544], [-171, -544]]
[[1, 0], [167, 204], [-225, -272]]
[[1, 0], [167, 204], [-509, -612]]
[[1, 0], [167, 204], [-673, -816]]
[[1, 0], [167, 272], [-253, -408]]
[[1, 0], [167, 272], [-343, -544]]
[[1, 0], [167, 272], [-505, -816]]
[[1, 0], [167, 408], [-337, -816]]
[[1, 0], [169, 204], [-515, -612]]
[[1, 0], [169, 272], [-347, -544]]
[[1, 0], [169, 272], [-511, -816]]
[[1, 0], [169, 408], [-341, -816]]
[[1, 0], [169, 476], [-181, -476]]
[[1, 0], [169, 612], [-173, -612]]
[[1, 0], [17, 24], [-153, -176]]
[[1, 0], [17, 24], [-205, -272]]
[[1, 0], [17, 24], [-221, -144]]
[[1, 0], [17, 24], [-493, -456]]
[[1, 0], [17, 24], [-493, -624]]
[[1, 0], [17, 24], [-613, -816]]
[[1, 0], [17, 24], [-629, -432]]
[[1, 0], [17, 24], [-85, -48]]
[[1, 0], [17, 32], [-119, -32]]
[[1, 0], [17, 32], [-173, -272]]
[[1, 0], [17, 32], [-343, -544]]
[[1, 0], [17, 32], [-391, -448]]
[[1, 0], [17, 32], [-391, -672]]
[[1, 0], [17, 32], [-493, -208]]
[[1, 0], [17, 32], [-935, -416]]
[[1, 0], [17, 48], [-103, -272]]
[[1, 0], [17, 48], [-119, -144]]
[[1, 0], [17, 48], [-307, -816]]
[[1, 0], [17, 48], [-323, -432]]
[[1, 0], [17, 96], [-119, -480]]
[[1, 0], [17, 96], [-119, -576]]
[[1, 0], [171, 272], [-259, -408]]
[[1, 0], [171, 272], [-351, -544]]
[[1, 0], [171, 272], [-517, -816]]
[[1, 0], [173, 204], [-233, -272]]
[[1, 0], [173, 272], [-355, -544]]
[[1, 0], [173, 272], [-523, -816]]
[[1, 0], [173, 408], [-349, -816]]
[[1, 0], [173, 544], [-179, -544]]
[[1, 0], [175, 204], [-533, -612]]
[[1, 0], [175, 272], [-265, -408]]
[[1, 0], [175, 272], [-359, -544]]
[[1, 0], [175, 272], [-529, -816]]
[[1, 0], [175, 408], [-353, -816]]
[[1, 0], [176, 425], [-224, -425]]
[[1, 0], [177, 272], [-363, -544]]
[[1, 0], [177, 272], [-535, -816]]
[[1, 0], [177, 544], [-183, -544]]
[[1, 0], [179, 204], [-241, -272]]
[[1, 0], [179, 204], [-545, -612]]
[[1, 0], [179, 204], [-721, -816]]
[[1, 0], [179, 272], [-271, -408]]
[[1, 0], [179, 272], [-367, -544]]
[[1, 0], [179, 272], [-541, -816]]
[[1, 0], [179, 408], [-361, -816]]
[[1, 0], [181, 204], [-551, -612]]
[[1, 0], [181, 216], [-413, -432]]
[[1, 0], [181, 240], [-379, -480]]
[[1, 0], [181, 272], [-371, -544]]
[[1, 0], [181, 272], [-547, -816]]
[[1, 0], [181, 408], [-365, -816]]
[[1, 0], [181, 612], [-185, -612]]
[[1, 0], [183, 208], [-519, -416]]
[[1, 0], [183, 272], [-277, -408]]
[[1, 0], [183, 272], [-375, -544]]
[[1, 0], [183, 272], [-553, -816]]
[[1, 0], [183, 442], [-207, -442]]
[[1, 0], [185, 204], [-249, -272]]
[[1, 0], [185, 204], [-563, -612]]
[[1, 0], [185, 204], [-745, -816]]
[[1, 0], [185, 272], [-379, -544]]
[[1, 0], [185, 272], [-559, -816]]
[[1, 0], [185, 408], [-373, -816]]
[[1, 0], [189, 272], [-387, -544]]
[[1, 0], [189, 272], [-571, -816]]
[[1, 0], [189, 544], [-195, -544]]
[[1, 0], [19, 102], [-161, -816]]
[[1, 0], [19, 108], [-161, -432]]
[[1, 0], [19, 108], [-65, -144]]
[[1, 0], [19, 136], [-121, -816]]
[[1, 0], [19, 136], [-91, -544]]
[[1, 0], [19, 144], [-125, -432]]
[[1, 0], [19, 144], [-31, -192]]
[[1, 0], [19, 144], [-71, -216]]
[[1, 0], [19, 153], [-89, -459]]
[[1, 0], [19, 204], [-65, -612]]
[[1, 0], [19, 216], [-89, -432]]
[[1, 0], [19, 24], [-499, -480]]
[[1, 0], [19, 24], [-505, -552]]
[[1, 0], [19, 24], [-545, -624]]
[[1, 0], [19, 24], [-665, -432]]
[[1, 0], [19, 272], [-25, -272]]
[[1, 0], [19, 272], [-31, -408]]
[[1, 0], [19, 272], [-47, -544]]
[[1, 0], [19, 272], [-61, -816]]
[[1, 0], [19, 27], [-161, -153]]
[[1, 0], [19, 27], [-209, -144]]
[[1, 0], [19, 27], [-467, -459]]
[[1, 0], [19, 27], [-59, -51]]
[[1, 0], [19, 27], [-593, -432]]
[[1, 0], [19, 34], [-349, -510]]
[[1, 0], [19, 34], [-355, -544]]
[[1, 0], [19, 34], [-415, -442]]
[[1, 0], [19, 34], [-43, -34]]
[[1, 0], [19, 34], [-481, -816]]
[[1, 0], [19, 34], [-73, -102]]
[[1, 0], [19, 36], [-121, -204]]
[[1, 0], [19, 36], [-359, -612]]
[[1, 0], [19, 36], [-449, -432]]
[[1, 0], [19, 408], [-41, -816]]
[[1, 0], [19, 432], [-53, -432]]
[[1, 0], [19, 48], [-131, -288]]
[[1, 0], [19, 48], [-179, -216]]
[[1, 0], [19, 48], [-341, -432]]
[[1, 0], [19, 48], [-341, -816]]
[[1, 0], [19, 48], [-55, -96]]
[[1, 0], [19, 48], [-65, -132]]
[[1, 0], [19, 51], [-241, -561]]
[[1, 0], [19, 51], [-251, -459]]
[[1, 0], [19, 54], [-107, -288]]
[[1, 0], [19, 54], [-113, -144]]
[[1, 0], [19, 54], [-305, -432]]
[[1, 0], [19, 68], [-179, -544]]
[[1, 0], [19, 68], [-181, -476]]
[[1, 0], [19, 68], [-191, -612]]
[[1, 0], [19, 68], [-241, -816]]
[[1, 0], [19, 72], [-167, -504]]
[[1, 0], [19, 72], [-233, -432]]
[[1, 0], [190, 459], [-206, -459]]
[[1, 0], [191, 204], [-257, -272]]
[[1, 0], [191, 204], [-581, -612]]
[[1, 0], [191, 204], [-769, -816]]
[[1, 0], [191, 272], [-577, -816]]
[[1, 0], [191, 408], [-385, -816]]
[[1, 0], [193, 204], [-587, -612]]
[[1, 0], [193, 272], [-395, -544]]
[[1, 0], [193, 272], [-583, -816]]
[[1, 0], [193, 408], [-389, -816]]
[[1, 0], [193, 544], [-199, -544]]
[[1, 0], [193, 612], [-197, -612]]
[[1, 0], [195, 272], [-295, -408]]
[[1, 0], [195, 272], [-399, -544]]
[[1, 0], [195, 272], [-589, -816]]
[[1, 0], [197, 204], [-265, -272]]
[[1, 0], [197, 204], [-599, -612]]
[[1, 0], [197, 204], [-793, -816]]
[[1, 0], [197, 272], [-403, -544]]
[[1, 0], [197, 408], [-397, -816]]
[[1, 0], [197, 476], [-209, -476]]
[[1, 0], [197, 544], [-203, -544]]
[[1, 0], [199, 204], [-605, -612]]
[[1, 0], [199, 216], [-449, -432]]
[[1, 0], [199, 272], [-301, -408]]
[[1, 0], [199, 272], [-407, -544]]
[[1, 0], [199, 272], [-601, -816]]
[[1, 0], [199, 408], [-401, -816]]
[[1, 0], [199, 432], [-233, -432]]
[[1, 0], [199, 459], [-215, -459]]
[[1, 0], [199, 612], [-203, -612]]
[[1, 0], [2, 17], [-142, -663]]
[[1, 0], [2, 17], [-145, -816]]
[[1, 0], [2, 17], [-154, -85]]
[[1, 0], [2, 17], [-163, -544]]
[[1, 0], [2, 17], [-202, -493]]
[[1, 0], [2, 17], [-278, -459]]
[[1, 0], [2, 17], [-674, -425]]
[[1, 0], [2, 3], [-115, -96]]
[[1, 0], [2, 3], [-1538, -459]]
[[1, 0], [2, 3], [-178, -51]]
[[1, 0], [2, 3], [-19042, -411]]
[[1, 0], [2, 3], [-22, -17]]
[[1, 0], [2, 3], [-251, -96]]
[[1, 0], [2, 3], [-273, -272]]
[[1, 0], [2, 3], [-274, -3]]
[[1, 0], [2, 3], [-2753, -432]]
[[1, 0], [2, 3], [-298, -39]]
[[1, 0], [2, 3], [-314, -63]]
[[1, 0], [2, 3], [-518, -153]]
[[1, 0], [2, 3], [-6438, -137]]
[[1, 0], [2, 3], [-817, -816]]
[[1, 0], [2, 3], [-82, -51]]
[[1, 0], [2, 3], [-929, -144]]
[[1, 0], [2, 3], [-98, -11]]
[[1, 0], [2, 51], [-38, -153]]
[[1, 0], [2, 51], [-49, -816]]
[[1, 0], [2, 51], [-98, -459]]
[[1, 0], [20, 51], [-113, -272]]
[[1, 0], [20, 51], [-260, -459]]
[[1, 0], [20, 51], [-337, -816]]
[[1, 0], [20, 51], [-92, -153]]
[[1, 0], [201, 272], [-411, -544]]
[[1, 0], [201, 272], [-607, -816]]
[[1, 0], [203, 204], [-273, -272]]
[[1, 0], [203, 204], [-617, -612]]
[[1, 0], [203, 204], [-817, -816]]
[[1, 0], [203, 272], [-307, -408]]
[[1, 0], [203, 272], [-415, -544]]
[[1, 0], [203, 272], [-613, -816]]
[[1, 0], [203, 408], [-409, -816]]
[[1, 0], [205, 272], [-419, -544]]
[[1, 0], [205, 272], [-619, -816]]
[[1, 0], [205, 408], [-413, -816]]
[[1, 0], [205, 544], [-211, -544]]
[[1, 0], [205, 612], [-209, -612]]
[[1, 0], [207, 272], [-313, -408]]
[[1, 0], [207, 272], [-423, -544]]
[[1, 0], [207, 272], [-625, -816]]
[[1, 0], [209, 272], [-427, -544]]
[[1, 0], [209, 272], [-631, -816]]
[[1, 0], [209, 408], [-421, -816]]
[[1, 0], [209, 416], [-311, -416]]
[[1, 0], [209, 442], [-233, -442]]
[[1, 0], [209, 544], [-215, -544]]
[[1, 0], [209, 816], [-211, -816]]
[[1, 0], [21, 136], [-133, -816]]
[[1, 0], [21, 136], [-99, -544]]
[[1, 0], [21, 170], [-79, -510]]
[[1, 0], [21, 272], [-67, -816]]
[[1, 0], [21, 32], [-105, -136]]
[[1, 0], [21, 32], [-207, -272]]
[[1, 0], [21, 32], [-285, -104]]
[[1, 0], [21, 32], [-411, -544]]
[[1, 0], [21, 32], [-447, -448]]
[[1, 0], [21, 32], [-475, -672]]
[[1, 0], [21, 32], [-519, -208]]
[[1, 0], [21, 32], [-987, -416]]
[[1, 0], [21, 34], [-379, -510]]
[[1, 0], [21, 34], [-387, -544]]
[[1, 0], [21, 34], [-441, -442]]
[[1, 0], [21, 34], [-45, -34]]
[[1, 0], [21, 34], [-529, -816]]
[[1, 0], [21, 34], [-79, -102]]
[[1, 0], [21, 40], [-349, -600]]
[[1, 0], [21, 40], [-69, -112]]
[[1, 0], [21, 40], [-87, -88]]
[[1, 0], [21, 544], [-27, -544]]
[[1, 0], [21, 68], [-195, -476]]
[[1, 0], [21, 68], [-195, -544]]
[[1, 0], [21, 68], [-209, -612]]
[[1, 0], [21, 68], [-265, -816]]
[[1, 0], [21, 68], [-33, -68]]
[[1, 0], [21, 85], [-249, -425]]
[[1, 0], [21, 85], [-41, -153]]
[[1, 0], [211, 240], [-439, -480]]
[[1, 0], [211, 272], [-319, -408]]
[[1, 0], [211, 272], [-431, -544]]
[[1, 0], [211, 272], [-637, -816]]
[[1, 0], [213, 272], [-435, -544]]
[[1, 0], [213, 272], [-643, -816]]
[[1, 0], [215, 272], [-325, -408]]
[[1, 0], [215, 272], [-439, -544]]
[[1, 0], [215, 272], [-649, -816]]
[[1, 0], [215, 408], [-433, -816]]
[[1, 0], [217, 272], [-443, -544]]
[[1, 0], [217, 272], [-655, -816]]
[[1, 0], [217, 408], [-437, -816]]
[[1, 0], [217, 432], [-251, -432]]
[[1, 0], [217, 459], [-233, -459]]
[[1, 0], [219, 272], [-331, -408]]
[[1, 0], [219, 272], [-447, -544]]
[[1, 0], [219, 272], [-661, -816]]
[[1, 0], [22, 153], [-38, -153]]
[[1, 0], [22, 153], [-98, -459]]
[[1, 0], [22, 51], [-274, -561]]
[[1, 0], [22, 51], [-278, -459]]
[[1, 0], [22, 63], [-41, -112]]
[[1, 0], [223, 272], [-229, -272]]
[[1, 0], [223, 272], [-337, -408]]
[[1, 0], [223, 272], [-455, -544]]
[[1, 0], [223, 272], [-673, -816]]
[[1, 0], [223, 408], [-449, -816]]
[[1, 0], [225, 272], [-679, -816]]
[[1, 0], [225, 476], [-237, -476]]
[[1, 0], [225, 544], [-231, -544]]
[[1, 0], [227, 272], [-343, -408]]
[[1, 0], [227, 272], [-463, -544]]
[[1, 0], [227, 272], [-685, -816]]
[[1, 0], [227, 408], [-457, -816]]
[[1, 0], [229, 272], [-467, -544]]
[[1, 0], [229, 272], [-691, -816]]
[[1, 0], [229, 408], [-461, -816]]
[[1, 0], [229, 544], [-235, -544]]
[[1, 0], [229, 612], [-233, -612]]
[[1, 0], [23, 102], [-139, -510]]
[[1, 0], [23, 102], [-193, -816]]
[[1, 0], [23, 102], [-49, -170]]
[[1, 0], [23, 102], [-65, -272]]
[[1, 0], [23, 132], [-109, -528]]
[[1, 0], [23, 136], [-107, -544]]
[[1, 0], [23, 136], [-145, -816]]
[[1, 0], [23, 176], [-43, -264]]
[[1, 0], [23, 204], [-33, -272]]
[[1, 0], [23, 204], [-77, -612]]
[[1, 0], [23, 204], [-97, -816]]
[[1, 0], [23, 24], [-197, -176]]
[[1, 0], [23, 24], [-257, -144]]
[[1, 0], [23, 24], [-273, -272]]
[[1, 0], [23, 24], [-607, -456]]
[[1, 0], [23, 24], [-649, -624]]
[[1, 0], [23, 24], [-737, -432]]
[[1, 0], [23, 24], [-817, -816]]
[[1, 0], [23, 24], [-97, -48]]
[[1, 0], [23, 272], [-29, -272]]
[[1, 0], [23, 272], [-37, -408]]
[[1, 0], [23, 272], [-55, -544]]
[[1, 0], [23, 272], [-73, -816]]
[[1, 0], [23, 33], [-439, -561]]
[[1, 0], [23, 33], [-571, -429]]
[[1, 0], [23, 34], [-409, -510]]
[[1, 0], [23, 34], [-419, -544]]
[[1, 0], [23, 34], [-467, -442]]
[[1, 0], [23, 34], [-577, -816]]
[[1, 0], [23, 408], [-49, -816]]
[[1, 0], [23, 48], [-103, -204]]
[[1, 0], [23, 48], [-107, -108]]
[[1, 0], [23, 48], [-137, -144]]
[[1, 0], [23, 48], [-137, -272]]
[[1, 0], [23, 48], [-149, -240]]
[[1, 0], [23, 48], [-155, -288]]
[[1, 0], [23, 48], [-197, -216]]
[[1, 0], [23, 48], [-205, -408]]
[[1, 0], [23, 48], [-35, -68]]
[[1, 0], [23, 48], [-377, -432]]
[[1, 0], [23, 48], [-409, -816]]
[[1, 0], [23, 48], [-69, -136]]
[[1, 0], [23, 48], [-77, -72]]
[[1, 0], [23, 51], [-101, -153]]
[[1, 0], [23, 51], [-129, -272]]
[[1, 0], [23, 51], [-287, -459]]
[[1, 0], [23, 51], [-385, -816]]
[[1, 0], [23, 66], [-35, -96]]
[[1, 0], [23, 68], [-209, -476]]
[[1, 0], [23, 68], [-211, -544]]
[[1, 0], [23, 68], [-227, -612]]
[[1, 0], [231, 272], [-349, -408]]
[[1, 0], [231, 272], [-471, -544]]
[[1, 0], [233, 272], [-475, -544]]
[[1, 0], [233, 272], [-703, -816]]
[[1, 0], [233, 408], [-469, -816]]
[[1, 0], [233, 816], [-235, -816]]
[[1, 0], [235, 272], [-355, -408]]
[[1, 0], [235, 272], [-479, -544]]
[[1, 0], [235, 272], [-709, -816]]
[[1, 0], [235, 408], [-473, -816]]
[[1, 0], [235, 459], [-251, -459]]
[[1, 0], [237, 272], [-483, -544]]
[[1, 0], [237, 272], [-715, -816]]
[[1, 0], [237, 544], [-243, -544]]
[[1, 0], [239, 272], [-361, -408]]
[[1, 0], [239, 272], [-487, -544]]
[[1, 0], [239, 272], [-721, -816]]
[[1, 0], [239, 408], [-481, -816]]
[[1, 0], [239, 816], [-241, -816]]
[[1, 0], [241, 272], [-491, -544]]
[[1, 0], [241, 272], [-727, -816]]
[[1, 0], [241, 408], [-485, -816]]
[[1, 0], [241, 544], [-247, -544]]
[[1, 0], [241, 612], [-245, -612]]
[[1, 0], [243, 272], [-367, -408]]
[[1, 0], [243, 272], [-495, -544]]
[[1, 0], [243, 272], [-733, -816]]
[[1, 0], [245, 272], [-499, -544]]
[[1, 0], [245, 272], [-739, -816]]
[[1, 0], [245, 544], [-251, -544]]
[[1, 0], [247, 272], [-373, -408]]
[[1, 0], [247, 272], [-503, -544]]
[[1, 0], [247, 272], [-745, -816]]
[[1, 0], [247, 408], [-497, -816]]
[[1, 0], [249, 272], [-507, -544]]
[[1, 0], [249, 272], [-751, -816]]
[[1, 0], [25, 102], [-149, -510]]
[[1, 0], [25, 102], [-209, -816]]
[[1, 0], [25, 136], [-115, -544]]
[[1, 0], [25, 136], [-157, -816]]
[[1, 0], [25, 144], [-143, -432]]
[[1, 0], [25, 144], [-59, -144]]
[[1, 0], [25, 153], [-107, -459]]
[[1, 0], [25, 153], [-41, -153]]
[[1, 0], [25, 204], [-83, -612]]
[[1, 0], [25, 272], [-59, -544]]
[[1, 0], [25, 272], [-79, -816]]
[[1, 0], [25, 32], [-1039, -416]]
[[1, 0], [25, 32], [-241, -272]]
[[1, 0], [25, 32], [-479, -544]]
[[1, 0], [25, 32], [-503, -448]]
[[1, 0], [25, 32], [-545, -208]]
[[1, 0], [25, 32], [-559, -672]]
[[1, 0], [25, 34], [-439, -510]]
[[1, 0], [25, 34], [-451, -544]]
[[1, 0], [25, 34], [-625, -816]]
[[1, 0], [25, 34], [-91, -102]]
[[1, 0], [25, 36], [-155, -204]]
[[1, 0], [25, 36], [-185, -144]]
[[1, 0], [25, 36], [-461, -612]]
[[1, 0], [25, 36], [-521, -432]]
[[1, 0], [25, 36], [-53, -68]]
[[1, 0], [25, 36], [-73, -48]]
[[1, 0], [25, 408], [-53, -816]]
[[1, 0], [25, 48], [-395, -432]]
[[1, 0], [25, 48], [-443, -816]]
[[1, 0], [25, 48], [-67, -96]]
[[1, 0], [25, 51], [-305, -459]]
[[1, 0], [25, 51], [-307, -561]]
[[1, 0], [25, 612], [-29, -612]]
[[1, 0], [25, 64], [-49, -120]]
[[1, 0], [25, 68], [-223, -476]]
[[1, 0], [25, 68], [-227, -544]]
[[1, 0], [25, 68], [-245, -612]]
[[1, 0], [25, 68], [-313, -816]]
[[1, 0], [25, 68], [-37, -68]]
[[1, 0], [25, 72], [-101, -144]]
[[1, 0], [25, 72], [-209, -504]]
[[1, 0], [25, 72], [-269, -432]]
[[1, 0], [25, 72], [-89, -240]]
[[1, 0], [25, 96], [-167, -576]]
[[1, 0], [251, 272], [-379, -408]]
[[1, 0], [251, 272], [-511, -544]]
[[1, 0], [251, 272], [-757, -816]]
[[1, 0], [251, 408], [-505, -816]]
[[1, 0], [251, 510], [-259, -510]]
[[1, 0], [253, 272], [-515, -544]]
[[1, 0], [253, 272], [-763, -816]]
[[1, 0], [253, 408], [-509, -816]]
[[1, 0], [253, 476], [-265, -476]]
[[1, 0], [253, 544], [-259, -544]]
[[1, 0], [253, 612], [-257, -612]]
[[1, 0], [257, 272], [-523, -544]]
[[1, 0], [257, 272], [-775, -816]]
[[1, 0], [257, 408], [-517, -816]]
[[1, 0], [257, 544], [-263, -544]]
[[1, 0], [257, 816], [-259, -816]]
[[1, 0], [259, 272], [-781, -816]]
[[1, 0], [259, 408], [-521, -816]]
[[1, 0], [26, 425], [-74, -425]]
[[1, 0], [26, 51], [-110, -153]]
[[1, 0], [26, 51], [-145, -272]]
[[1, 0], [26, 51], [-314, -459]]
[[1, 0], [26, 51], [-433, -816]]
[[1, 0], [26, 85], [-274, -425]]
[[1, 0], [26, 85], [-50, -153]]
[[1, 0], [261, 272], [-531, -544]]
[[1, 0], [261, 272], [-787, -816]]
[[1, 0], [261, 544], [-267, -544]]
[[1, 0], [262, 459], [-278, -459]]
[[1, 0], [263, 272], [-397, -408]]
[[1, 0], [263, 272], [-535, -544]]
[[1, 0], [263, 272], [-793, -816]]
[[1, 0], [263, 408], [-529, -816]]
[[1, 0], [265, 272], [-539, -544]]
[[1, 0], [265, 408], [-533, -816]]
[[1, 0], [265, 612], [-269, -612]]
[[1, 0], [267, 272], [-273, -272]]
[[1, 0], [267, 272], [-403, -408]]
[[1, 0], [267, 272], [-543, -544]]
[[1, 0], [267, 272], [-805, -816]]
[[1, 0], [269, 272], [-547, -544]]
[[1, 0], [269, 272], [-811, -816]]
[[1, 0], [269, 408], [-541, -816]]
[[1, 0], [269, 544], [-275, -544]]
[[1, 0], [27, 104], [-363, -416]]
[[1, 0], [27, 136], [-123, -544]]
[[1, 0], [27, 136], [-169, -816]]
[[1, 0], [27, 208], [-129, -208]]
[[1, 0], [27, 208], [-207, -416]]
[[1, 0], [27, 272], [-33, -272]]
[[1, 0], [27, 272], [-43, -408]]
[[1, 0], [27, 272], [-63, -544]]
[[1, 0], [27, 34], [-469, -510]]
[[1, 0], [27, 34], [-483, -544]]
[[1, 0], [27, 34], [-519, -442]]
[[1, 0], [27, 34], [-673, -816]]
[[1, 0], [27, 34], [-97, -102]]
[[1, 0], [27, 52], [-311, -468]]
[[1, 0], [27, 52], [-675, -416]]
[[1, 0], [27, 68], [-237, -476]]
[[1, 0], [27, 68], [-243, -544]]
[[1, 0], [27, 68], [-263, -612]]
[[1, 0], [27, 68], [-337, -816]]
[[1, 0], [271, 272], [-409, -408]]
[[1, 0], [271, 272], [-551, -544]]
[[1, 0], [271, 272], [-817, -816]]
[[1, 0], [271, 408], [-545, -816]]
[[1, 0], [271, 459], [-287, -459]]
[[1, 0], [273, 544], [-279, -544]]
[[1, 0], [275, 408], [-553, -816]]
[[1, 0], [275, 411], [-547, -411]]
[[1, 0], [277, 408], [-557, -816]]
[[1, 0], [277, 612], [-281, -612]]
[[1, 0], [28, 153], [-116, -459]]
[[1, 0], [28, 459], [-44, -459]]
[[1, 0], [28, 51], [-332, -459]]
[[1, 0], [281, 408], [-565, -816]]
[[1, 0], [281, 420], [-349, -420]]
[[1, 0], [281, 476], [-293, -476]]
[[1, 0], [281, 816], [-283, -816]]
[[1, 0], [283, 408], [-569, -816]]
[[1, 0], [287, 408], [-577, -816]]
[[1, 0], [29, 102], [-169, -510]]
[[1, 0], [29, 102], [-241, -816]]
[[1, 0], [29, 102], [-59, -170]]
[[1, 0], [29, 102], [-81, -272]]
[[1, 0], [29, 112], [-167, -448]]
[[1, 0], [29, 136], [-131, -544]]
[[1, 0], [29, 136], [-181, -816]]
[[1, 0], [29, 204], [-121, -816]]
[[1, 0], [29, 204], [-41, -272]]
[[1, 0], [29, 204], [-95, -612]]
[[1, 0], [29, 272], [-67, -544]]
[[1, 0], [29, 272], [-91, -816]]
[[1, 0], [29, 32], [-1091, -416]]
[[1, 0], [29, 32], [-131, -32]]
[[1, 0], [29, 32], [-139, -136]]
[[1, 0], [29, 32], [-181, -52]]
[[1, 0], [29, 32], [-275, -272]]
[[1, 0], [29, 32], [-311, -104]]
[[1, 0], [29, 32], [-37, -34]]
[[1, 0], [29, 32], [-547, -544]]
[[1, 0], [29, 32], [-559, -448]]
[[1, 0], [29, 32], [-571, -208]]
[[1, 0], [29, 32], [-643, -672]]
[[1, 0], [29, 32], [-71, -68]]
[[1, 0], [29, 34], [-103, -102]]
[[1, 0], [29, 34], [-499, -510]]
[[1, 0], [29, 34], [-515, -544]]
[[1, 0], [29, 34], [-545, -442]]
[[1, 0], [29, 34], [-721, -816]]
[[1, 0], [29, 408], [-61, -816]]
[[1, 0], [29, 42], [-517, -714]]
[[1, 0], [29, 42], [-65, -66]]
[[1, 0], [29, 476], [-41, -476]]
[[1, 0], [29, 48], [-155, -144]]
[[1, 0], [29, 48], [-171, -272]]
[[1, 0], [29, 48], [-431, -432]]
[[1, 0], [29, 48], [-511, -816]]
[[1, 0], [29, 51], [-161, -272]]
[[1, 0], [29, 51], [-341, -459]]
[[1, 0], [29, 51], [-481, -816]]
[[1, 0], [29, 544], [-35, -544]]
[[1, 0], [29, 56], [-47, -72]]
[[1, 0], [29, 56], [-55, -64]]
[[1, 0], [29, 56], [-73, -136]]
[[1, 0], [29, 68], [-251, -476]]
[[1, 0], [29, 68], [-259, -544]]
[[1, 0], [29, 68], [-281, -612]]
[[1, 0], [29, 68], [-361, -816]]
[[1, 0], [29, 68], [-41, -68]]
[[1, 0], [29, 84], [-139, -140]]
[[1, 0], [29, 84], [-349, -420]]
[[1, 0], [29, 84], [-83, -224]]
[[1, 0], [29, 84], [-97, -84]]
[[1, 0], [29, 96], [-179, -480]]
[[1, 0], [29, 96], [-191, -576]]
[[1, 0], [29, 96], [-49, -120]]
[[1, 0], [29, 96], [-55, -168]]
[[1, 0], [293, 408], [-589, -816]]
[[1, 0], [295, 408], [-593, -816]]
[[1, 0], [299, 408], [-601, -816]]
[[1, 0], [3, 136], [-25, -816]]
[[1, 0], [3, 136], [-27, -544]]
[[1, 0], [3, 16], [-103, -408]]
[[1, 0], [3, 16], [-105, -16]]
[[1, 0], [3, 16], [-105, -272]]
[[1, 0], [3, 16], [-109, -264]]
[[1, 0], [3, 16], [-11, -36]]
[[1, 0], [3, 16], [-123, -248]]
[[1, 0], [3, 16], [-13, -24]]
[[1, 0], [3, 16], [-1455, -416]]
[[1, 0], [3, 16], [-159, -32]]
[[1, 0], [3, 16], [-195, -224]]
[[1, 0], [3, 16], [-205, -816]]
[[1, 0], [3, 16], [-207, -544]]
[[1, 0], [3, 16], [-287, -216]]
[[1, 0], [3, 16], [-557, -432]]
[[1, 0], [3, 16], [-63, -64]]
[[1, 0], [3, 16], [-753, -208]]
[[1, 0], [3, 16], [-97, -336]]
[[1, 0], [3, 17], [-159, -85]]
[[1, 0], [3, 17], [-181, -663]]
[[1, 0], [3, 17], [-193, -816]]
[[1, 0], [3, 17], [-195, -544]]
[[1, 0], [3, 17], [-231, -493]]
[[1, 0], [3, 17], [-305, -459]]
[[1, 0], [3, 17], [-699, -425]]
[[1, 0], [3, 272], [-13, -816]]
[[1, 0], [3, 272], [-15, -544]]
[[1, 0], [3, 272], [-7, -408]]
[[1, 0], [3, 272], [-9, -272]]
[[1, 0], [3, 34], [-109, -510]]
[[1, 0], [3, 34], [-207, -442]]
[[1, 0], [3, 34], [-25, -102]]
[[1, 0], [3, 34], [-27, -34]]
[[1, 0], [3, 34], [-97, -816]]
[[1, 0], [3, 34], [-99, -544]]
[[1, 0], [3, 4], [-1077, -476]]
[[1, 0], [3, 4], [-10917, -412]]
[[1, 0], [3, 4], [-145, -12]]
[[1, 0], [3, 4], [-159, -68]]
[[1, 0], [3, 4], [-2177, -432]]
[[1, 0], [3, 4], [-3919, -420]]
[[1, 0], [3, 4], [-483, -32]]
[[1, 0], [3, 4], [-5667, -416]]
[[1, 0], [3, 4], [-589, -60]]
[[1, 0], [3, 4], [-767, -612]]
[[1, 0], [3, 4], [-811, -84]]
[[1, 0], [3, 4], [-817, -816]]
[[1, 0], [3, 4], [-819, -544]]
[[1, 0], [3, 4], [-95, -36]]
[[1, 0], [3, 68], [-47, -612]]
[[1, 0], [3, 68], [-49, -816]]
[[1, 0], [3, 68], [-69, -476]]
[[1, 0], [3, 8], [-1097, -432]]
[[1, 0], [3, 8], [-267, -32]]
[[1, 0], [3, 8], [-2859, -416]]
[[1, 0], [3, 8], [-389, -720]]
[[1, 0], [3, 8], [-409, -816]]
[[1, 0], [3, 8], [-411, -544]]
[[1, 0], [3, 8], [-43, -24]]
[[1, 0], [3, 8], [-447, -512]]
[[1, 0], [3, 8], [-461, -504]]
[[1, 0], [3, 8], [-79, -120]]
[[1, 0], [3, 8], [-879, -440]]
[[1, 0], [301, 408], [-605, -816]]
[[1, 0], [301, 612], [-305, -612]]
[[1, 0], [305, 408], [-613, -816]]
[[1, 0], [305, 544], [-311, -544]]
[[1, 0], [305, 816], [-307, -816]]
[[1, 0], [307, 408], [-617, -816]]
[[1, 0], [307, 432], [-341, -432]]
[[1, 0], [309, 476], [-321, -476]]
[[1, 0], [31, 102], [-179, -510]]
[[1, 0], [31, 102], [-257, -816]]
[[1, 0], [31, 136], [-139, -544]]
[[1, 0], [31, 136], [-193, -816]]
[[1, 0], [31, 144], [-161, -432]]
[[1, 0], [31, 144], [-47, -192]]
[[1, 0], [31, 144], [-65, -144]]
[[1, 0], [31, 144], [-89, -216]]
[[1, 0], [31, 153], [-125, -459]]
[[1, 0], [31, 153], [-47, -153]]
[[1, 0], [31, 170], [-109, -510]]
[[1, 0], [31, 204], [-101, -612]]
[[1, 0], [31, 240], [-79, -480]]
[[1, 0], [31, 272], [-37, -272]]
[[1, 0], [31, 272], [-49, -408]]
[[1, 0], [31, 272], [-71, -544]]
[[1, 0], [31, 272], [-97, -816]]
[[1, 0], [31, 34], [-109, -102]]
[[1, 0], [31, 34], [-529, -510]]
[[1, 0], [31, 34], [-547, -544]]
[[1, 0], [31, 34], [-571, -442]]
[[1, 0], [31, 34], [-769, -816]]
[[1, 0], [31, 36], [-209, -144]]
[[1, 0], [31, 36], [-563, -612]]
[[1, 0], [31, 36], [-593, -432]]
[[1, 0], [31, 408], [-65, -816]]
[[1, 0], [31, 40], [-109, -88]]
[[1, 0], [31, 40], [-499, -600]]
[[1, 0], [31, 40], [-97, -112]]
[[1, 0], [31, 48], [-125, -108]]
[[1, 0], [31, 48], [-137, -204]]
[[1, 0], [31, 48], [-203, -288]]
[[1, 0], [31, 48], [-233, -216]]
[[1, 0], [31, 48], [-35, -51]]
[[1, 0], [31, 48], [-449, -432]]
[[1, 0], [31, 48], [-545, -816]]
[[1, 0], [31, 48], [-71, -54]]
[[1, 0], [31, 48], [-79, -96]]
[[1, 0], [31, 51], [-359, -459]]
[[1, 0], [31, 51], [-373, -561]]
[[1, 0], [31, 60], [-125, -84]]
[[1, 0], [31, 60], [-299, -480]]
[[1, 0], [31, 60], [-389, -720]]
[[1, 0], [31, 68], [-265, -476]]
[[1, 0], [31, 68], [-275, -544]]
[[1, 0], [31, 68], [-299, -612]]
[[1, 0], [31, 68], [-385, -816]]
[[1, 0], [31, 72], [-109, -240]]
[[1, 0], [31, 72], [-113, -144]]
[[1, 0], [31, 72], [-251, -504]]
[[1, 0], [31, 72], [-305, -432]]
[[1, 0], [31, 85], [-299, -425]]
[[1, 0], [31, 85], [-59, -153]]
[[1, 0], [31, 90], [-53, -144]]
[[1, 0], [311, 408], [-625, -816]]
[[1, 0], [311, 510], [-319, -510]]
[[1, 0], [313, 612], [-317, -612]]
[[1, 0], [316, 459], [-332, -459]]
[[1, 0], [317, 408], [-637, -816]]
[[1, 0], [319, 408], [-641, -816]]
[[1, 0], [32, 51], [-128, -153]]
[[1, 0], [32, 51], [-177, -272]]
[[1, 0], [32, 51], [-368, -459]]
[[1, 0], [32, 51], [-529, -816]]
[[1, 0], [321, 544], [-327, -544]]
[[1, 0], [325, 408], [-653, -816]]
[[1, 0], [325, 544], [-331, -544]]
[[1, 0], [325, 612], [-329, -612]]
[[1, 0], [329, 408], [-661, -816]]
[[1, 0], [329, 816], [-331, -816]]
[[1, 0], [33, 136], [-147, -544]]
[[1, 0], [33, 136], [-205, -816]]
[[1, 0], [33, 272], [-103, -816]]
[[1, 0], [33, 272], [-75, -544]]
[[1, 0], [33, 34], [-115, -102]]
[[1, 0], [33, 34], [-49, -48]]
[[1, 0], [33, 34], [-559, -510]]
[[1, 0], [33, 34], [-579, -544]]
[[1, 0], [33, 34], [-597, -442]]
[[1, 0], [33, 34], [-817, -816]]
[[1, 0], [33, 544], [-39, -544]]
[[1, 0], [33, 68], [-279, -476]]
[[1, 0], [33, 68], [-291, -544]]
[[1, 0], [33, 68], [-317, -612]]
[[1, 0], [33, 68], [-409, -816]]
[[1, 0], [33, 68], [-45, -68]]
[[1, 0], [331, 408], [-665, -816]]
[[1, 0], [335, 408], [-673, -816]]
[[1, 0], [337, 408], [-677, -816]]
[[1, 0], [337, 476], [-349, -476]]
[[1, 0], [337, 544], [-343, -544]]
[[1, 0], [337, 612], [-341, -612]]
[[1, 0], [341, 408], [-685, -816]]
[[1, 0], [341, 510], [-349, -510]]
[[1, 0], [341, 816], [-343, -816]]
[[1, 0], [343, 408], [-689, -816]]
[[1, 0], [343, 459], [-359, -459]]
[[1, 0], [349, 408], [-701, -816]]
[[1, 0], [349, 612], [-353, -612]]
[[1, 0], [35, 102], [-199, -510]]
[[1, 0], [35, 102], [-43, -102]]
[[1, 0], [35, 102], [-69, -170]]
[[1, 0], [35, 102], [-97, -272]]
[[1, 0], [35, 136], [-155, -544]]
[[1, 0], [35, 136], [-217, -816]]
[[1, 0], [35, 204], [-113, -612]]
[[1, 0], [35, 204], [-145, -816]]
[[1, 0], [35, 204], [-49, -272]]
[[1, 0], [35, 272], [-109, -816]]
[[1, 0], [35, 272], [-41, -272]]
[[1, 0], [35, 272], [-55, -408]]
[[1, 0], [35, 272], [-79, -544]]
[[1, 0], [35, 408], [-73, -816]]
[[1, 0], [35, 48], [-103, -136]]
[[1, 0], [35, 48], [-109, -132]]
[[1, 0], [35, 48], [-173, -144]]
[[1, 0], [35, 48], [-205, -272]]
[[1, 0], [35, 48], [-209, -240]]
[[1, 0], [35, 48], [-227, -288]]
[[1, 0], [35, 48], [-251, -216]]
[[1, 0], [35, 48], [-307, -408]]
[[1, 0], [35, 48], [-485, -432]]
[[1, 0], [35, 48], [-613, -816]]
[[1, 0], [35, 48], [-95, -72]]
[[1, 0], [35, 51], [-137, -153]]
[[1, 0], [35, 51], [-193, -272]]
[[1, 0], [35, 51], [-395, -459]]
[[1, 0], [35, 51], [-577, -816]]
[[1, 0], [35, 68], [-293, -476]]
[[1, 0], [35, 68], [-307, -544]]
[[1, 0], [35, 68], [-335, -612]]
[[1, 0], [35, 68], [-433, -816]]
[[1, 0], [35, 816], [-37, -816]]
[[1, 0], [353, 408], [-709, -816]]
[[1, 0], [353, 544], [-359, -544]]
[[1, 0], [353, 816], [-355, -816]]
[[1, 0], [355, 408], [-713, -816]]
[[1, 0], [359, 408], [-721, -816]]
[[1, 0], [36, 85], [-324, -425]]
[[1, 0], [361, 408], [-725, -816]]
[[1, 0], [361, 432], [-395, -432]]
[[1, 0], [361, 612], [-365, -612]]
[[1, 0], [365, 408], [-733, -816]]
[[1, 0], [365, 416], [-467, -416]]
[[1, 0], [365, 476], [-377, -476]]
[[1, 0], [367, 408], [-737, -816]]
[[1, 0], [369, 544], [-375, -544]]
[[1, 0], [37, 102], [-209, -510]]
[[1, 0], [37, 102], [-305, -816]]
[[1, 0], [37, 108], [-233, -432]]
[[1, 0], [37, 108], [-89, -144]]
[[1, 0], [37, 136], [-163, -544]]
[[1, 0], [37, 136], [-229, -816]]
[[1, 0], [37, 144], [-179, -432]]
[[1, 0], [37, 144], [-55, -192]]
[[1, 0], [37, 153], [-143, -459]]
[[1, 0], [37, 216], [-125, -432]]
[[1, 0], [37, 272], [-115, -816]]
[[1, 0], [37, 272], [-83, -544]]
[[1, 0], [37, 408], [-77, -816]]
[[1, 0], [37, 459], [-53, -459]]
[[1, 0], [37, 48], [-503, -432]]
[[1, 0], [37, 48], [-647, -816]]
[[1, 0], [37, 48], [-91, -96]]
[[1, 0], [37, 51], [-413, -459]]
[[1, 0], [37, 51], [-439, -561]]
[[1, 0], [37, 544], [-43, -544]]
[[1, 0], [37, 54], [-161, -144]]
[[1, 0], [37, 54], [-203, -288]]
[[1, 0], [37, 54], [-449, -432]]
[[1, 0], [37, 612], [-41, -612]]
[[1, 0], [37, 68], [-307, -476]]
[[1, 0], [37, 68], [-353, -612]]
[[1, 0], [37, 68], [-457, -816]]
[[1, 0], [37, 68], [-49, -68]]
[[1, 0], [37, 72], [-293, -504]]
[[1, 0], [37, 72], [-341, -432]]
[[1, 0], [37, 96], [-239, -576]]
[[1, 0], [37, 96], [-59, -120]]
[[1, 0], [370, 459], [-386, -459]]
[[1, 0], [371, 408], [-745, -816]]
[[1, 0], [371, 510], [-379, -510]]
[[1, 0], [373, 408], [-749, -816]]
[[1, 0], [373, 612], [-377, -612]]
[[1, 0], [377, 408], [-757, -816]]
[[1, 0], [377, 816], [-379, -816]]
[[1, 0], [379, 408], [-761, -816]]
[[1, 0], [38, 51], [-146, -153]]
[[1, 0], [38, 51], [-209, -272]]
[[1, 0], [38, 51], [-422, -459]]
[[1, 0], [38, 51], [-625, -816]]
[[1, 0], [383, 408], [-769, -816]]
[[1, 0], [385, 408], [-773, -816]]
[[1, 0], [385, 612], [-389, -612]]
[[1, 0], [389, 408], [-781, -816]]
[[1, 0], [39, 136], [-171, -544]]
[[1, 0], [39, 136], [-241, -816]]
[[1, 0], [39, 152], [-151, -456]]
[[1, 0], [39, 272], [-121, -816]]
[[1, 0], [39, 272], [-45, -272]]
[[1, 0], [39, 272], [-61, -408]]
[[1, 0], [39, 272], [-87, -544]]
[[1, 0], [39, 68], [-321, -476]]
[[1, 0], [39, 68], [-339, -544]]
[[1, 0], [39, 68], [-371, -612]]
[[1, 0], [39, 68], [-481, -816]]
[[1, 0], [393, 476], [-405, -476]]
[[1, 0], [395, 408], [-793, -816]]
[[1, 0], [397, 408], [-797, -816]]
[[1, 0], [397, 459], [-413, -459]]
[[1, 0], [397, 612], [-401, -612]]
[[1, 0], [4, 153], [-20, -153]]
[[1, 0], [4, 153], [-44, -459]]
[[1, 0], [4, 17], [-164, -85]]
[[1, 0], [4, 17], [-220, -663]]
[[1, 0], [4, 17], [-227, -544]]
[[1, 0], [4, 17], [-241, -816]]
[[1, 0], [4, 17], [-260, -493]]
[[1, 0], [4, 17], [-332, -459]]
[[1, 0], [4, 17], [-52, -17]]
[[1, 0], [4, 17], [-724, -425]]
[[1, 0], [4, 51], [-116, -459]]
[[1, 0], [4, 51], [-76, -561]]
[[1, 0], [4, 9], [-1025, -432]]
[[1, 0], [4, 9], [-164, -165]]
[[1, 0], [4, 9], [-212, -153]]
[[1, 0], [4, 9], [-353, -144]]
[[1, 0], [4, 9], [-620, -459]]
[[1, 0], [4, 9], [-76, -51]]
[[1, 0], [4, 9], [-9, -16]]
[[1, 0], [40, 153], [-152, -459]]
[[1, 0], [40, 153], [-56, -153]]
[[1, 0], [40, 51], [-440, -459]]
[[1, 0], [40, 51], [-472, -561]]
[[1, 0], [401, 408], [-805, -816]]
[[1, 0], [401, 425], [-449, -425]]
[[1, 0], [401, 510], [-409, -510]]
[[1, 0], [401, 544], [-407, -544]]
[[1, 0], [401, 816], [-403, -816]]
[[1, 0], [403, 408], [-809, -816]]
[[1, 0], [407, 408], [-817, -816]]
[[1, 0], [407, 816], [-409, -816]]
[[1, 0], [41, 102], [-113, -272]]
[[1, 0], [41, 102], [-229, -510]]
[[1, 0], [41, 102], [-337, -816]]
[[1, 0], [41, 102], [-79, -170]]
[[1, 0], [41, 136], [-179, -544]]
[[1, 0], [41, 136], [-253, -816]]
[[1, 0], [41, 170], [-139, -510]]
[[1, 0], [41, 204], [-131, -612]]
[[1, 0], [41, 204], [-169, -816]]
[[1, 0], [41, 204], [-57, -272]]
[[1, 0], [41, 272], [-127, -816]]
[[1, 0], [41, 272], [-91, -544]]
[[1, 0], [41, 48], [-191, -144]]
[[1, 0], [41, 48], [-239, -272]]
[[1, 0], [41, 48], [-539, -432]]
[[1, 0], [41, 48], [-715, -816]]
[[1, 0], [41, 51], [-155, -153]]
[[1, 0], [41, 51], [-225, -272]]
[[1, 0], [41, 51], [-449, -459]]
[[1, 0], [41, 51], [-673, -816]]
[[1, 0], [41, 60], [-109, -60]]
[[1, 0], [41, 60], [-139, -84]]
[[1, 0], [41, 60], [-209, -140]]
[[1, 0], [41, 60], [-379, -480]]
[[1, 0], [41, 60], [-509, -720]]
[[1, 0], [41, 60], [-559, -420]]
[[1, 0], [41, 64], [-79, -120]]
[[1, 0], [41, 68], [-335, -476]]
[[1, 0], [41, 68], [-355, -544]]
[[1, 0], [41, 68], [-389, -612]]
[[1, 0], [41, 68], [-505, -816]]
[[1, 0], [41, 68], [-53, -68]]
[[1, 0], [41, 816], [-43, -816]]
[[1, 0], [41, 85], [-349, -425]]
[[1, 0], [41, 85], [-77, -153]]
[[1, 0], [41, 85], [-89, -85]]
[[1, 0], [41, 96], [-239, -480]]
[[1, 0], [41, 96], [-263, -576]]
[[1, 0], [415, 432], [-449, -432]]
[[1, 0], [417, 544], [-423, -544]]
[[1, 0], [419, 816], [-421, -816]]
[[1, 0], [421, 476], [-433, -476]]
[[1, 0], [424, 459], [-440, -459]]
[[1, 0], [43, 102], [-239, -510]]
[[1, 0], [43, 102], [-353, -816]]
[[1, 0], [43, 112], [-223, -448]]
[[1, 0], [43, 136], [-265, -816]]
[[1, 0], [43, 144], [-107, -216]]
[[1, 0], [43, 144], [-197, -432]]
[[1, 0], [43, 144], [-77, -144]]
[[1, 0], [43, 153], [-161, -459]]
[[1, 0], [43, 153], [-59, -153]]
[[1, 0], [43, 204], [-137, -612]]
[[1, 0], [43, 272], [-133, -816]]
[[1, 0], [43, 272], [-67, -408]]
[[1, 0], [43, 272], [-95, -544]]
[[1, 0], [43, 408], [-89, -816]]
[[1, 0], [43, 48], [-103, -96]]
[[1, 0], [43, 48], [-131, -132]]
[[1, 0], [43, 48], [-275, -288]]
[[1, 0], [43, 48], [-287, -216]]
[[1, 0], [43, 48], [-557, -432]]
[[1, 0], [43, 48], [-749, -816]]
[[1, 0], [43, 51], [-467, -459]]
[[1, 0], [43, 51], [-505, -561]]
[[1, 0], [43, 56], [-107, -136]]
[[1, 0], [43, 56], [-65, -72]]
[[1, 0], [43, 56], [-71, -64]]
[[1, 0], [43, 68], [-349, -476]]
[[1, 0], [43, 68], [-371, -544]]
[[1, 0], [43, 68], [-407, -612]]
[[1, 0], [43, 68], [-529, -816]]
[[1, 0], [43, 72], [-137, -144]]
[[1, 0], [43, 72], [-149, -240]]
[[1, 0], [43, 72], [-335, -504]]
[[1, 0], [43, 72], [-377, -432]]
[[1, 0], [43, 84], [-419, -420]]
[[1, 0], [431, 510], [-439, -510]]
[[1, 0], [431, 816], [-433, -816]]
[[1, 0], [433, 544], [-439, -544]]
[[1, 0], [433, 612], [-437, -612]]
[[1, 0], [44, 51], [-164, -153]]
[[1, 0], [44, 51], [-241, -272]]
[[1, 0], [44, 51], [-721, -816]]
[[1, 0], [443, 816], [-445, -816]]
[[1, 0], [445, 612], [-449, -612]]
[[1, 0], [449, 476], [-461, -476]]
[[1, 0], [449, 544], [-455, -544]]
[[1, 0], [449, 816], [-451, -816]]
[[1, 0], [45, 136], [-195, -544]]
[[1, 0], [45, 136], [-277, -816]]
[[1, 0], [45, 272], [-139, -816]]
[[1, 0], [45, 272], [-99, -544]]
[[1, 0], [45, 68], [-363, -476]]
[[1, 0], [45, 68], [-387, -544]]
[[1, 0], [45, 68], [-553, -816]]
[[1, 0], [45, 68], [-57, -68]]
[[1, 0], [451, 459], [-467, -459]]
[[1, 0], [455, 816], [-457, -816]]
[[1, 0], [457, 612], [-461, -612]]
[[1, 0], [46, 51], [-494, -459]]
[[1, 0], [46, 51], [-538, -561]]
[[1, 0], [46, 85], [-86, -153]]
[[1, 0], [46, 85], [-94, -85]]
[[1, 0], [461, 510], [-469, -510]]
[[1, 0], [461, 544], [-467, -544]]
[[1, 0], [465, 544], [-471, -544]]
[[1, 0], [467, 816], [-469, -816]]
[[1, 0], [469, 612], [-473, -612]]
[[1, 0], [47, 102], [-129, -272]]
[[1, 0], [47, 102], [-259, -510]]
[[1, 0], [47, 102], [-385, -816]]
[[1, 0], [47, 102], [-55, -102]]
[[1, 0], [47, 102], [-89, -170]]
[[1, 0], [47, 136], [-203, -544]]
[[1, 0], [47, 138], [-413, -414]]
[[1, 0], [47, 204], [-149, -612]]
[[1, 0], [47, 204], [-193, -816]]
[[1, 0], [47, 204], [-65, -272]]
[[1, 0], [47, 272], [-103, -544]]
[[1, 0], [47, 272], [-145, -816]]
[[1, 0], [47, 272], [-53, -272]]
[[1, 0], [47, 272], [-73, -408]]
[[1, 0], [47, 408], [-97, -816]]
[[1, 0], [47, 48], [-103, -102]]
[[1, 0], [47, 48], [-113, -72]]
[[1, 0], [47, 48], [-137, -136]]
[[1, 0], [47, 48], [-161, -108]]
[[1, 0], [47, 48], [-205, -204]]
[[1, 0], [47, 48], [-209, -144]]
[[1, 0], [47, 48], [-269, -240]]
[[1, 0], [47, 48], [-273, -272]]
[[1, 0], [47, 48], [-299, -288]]
[[1, 0], [47, 48], [-305, -216]]
[[1, 0], [47, 48], [-409, -408]]
[[1, 0], [47, 48], [-52, -51]]
[[1, 0], [47, 48], [-593, -432]]
[[1, 0], [47, 48], [-69, -68]]
[[1, 0], [47, 48], [-817, -816]]
[[1, 0], [47, 48], [-89, -54]]
[[1, 0], [47, 51], [-173, -153]]
[[1, 0], [47, 51], [-257, -272]]
[[1, 0], [47, 51], [-503, -459]]
[[1, 0], [47, 51], [-769, -816]]
[[1, 0], [47, 68], [-377, -476]]
[[1, 0], [47, 68], [-403, -544]]
[[1, 0], [47, 68], [-443, -612]]
[[1, 0], [47, 68], [-577, -816]]
[[1, 0], [479, 816], [-481, -816]]
[[1, 0], [481, 544], [-487, -544]]
[[1, 0], [481, 612], [-485, -612]]
[[1, 0], [49, 102], [-269, -510]]
[[1, 0], [49, 102], [-401, -816]]
[[1, 0], [49, 136], [-211, -544]]
[[1, 0], [49, 136], [-301, -816]]
[[1, 0], [49, 144], [-215, -432]]
[[1, 0], [49, 144], [-71, -192]]
[[1, 0], [49, 144], [-83, -144]]
[[1, 0], [49, 153], [-179, -459]]
[[1, 0], [49, 153], [-65, -153]]
[[1, 0], [49, 204], [-155, -612]]
[[1, 0], [49, 272], [-107, -544]]
[[1, 0], [49, 272], [-151, -816]]
[[1, 0], [49, 408], [-101, -816]]
[[1, 0], [49, 51], [-521, -459]]
[[1, 0], [49, 51], [-571, -561]]
[[1, 0], [49, 544], [-55, -544]]
[[1, 0], [49, 612], [-53, -612]]
[[1, 0], [49, 68], [-419, -544]]
[[1, 0], [49, 68], [-461, -612]]
[[1, 0], [49, 68], [-601, -816]]
[[1, 0], [49, 68], [-61, -68]]
[[1, 0], [49, 72], [-149, -144]]
[[1, 0], [49, 72], [-169, -240]]
[[1, 0], [49, 72], [-377, -504]]
[[1, 0], [49, 72], [-413, -432]]
[[1, 0], [49, 96], [-311, -576]]
[[1, 0], [491, 510], [-499, -510]]
[[1, 0], [497, 544], [-503, -544]]
[[1, 0], [497, 816], [-499, -816]]
[[1, 0], [5, 102], [-19, -170]]
[[1, 0], [5, 102], [-49, -510]]
[[1, 0], [5, 102], [-49, -816]]
[[1, 0], [5, 12], [-121, -204]]
[[1, 0], [5, 12], [-125, -28]]
[[1, 0], [5, 12], [-137, -272]]
[[1, 0], [5, 12], [-1399, -420]]
[[1, 0], [5, 12], [-19, -32]]
[[1, 0], [5, 12], [-229, -60]]
[[1, 0], [5, 12], [-281, -144]]
[[1, 0], [5, 12], [-307, -84]]
[[1, 0], [5, 12], [-359, -576]]
[[1, 0], [5, 12], [-359, -612]]
[[1, 0], [5, 12], [-37, -48]]
[[1, 0], [5, 12], [-373, -528]]
[[1, 0], [5, 12], [-409, -492]]
[[1, 0], [5, 12], [-409, -816]]
[[1, 0], [5, 12], [-467, -468]]
[[1, 0], [5, 12], [-489, -140]]
[[1, 0], [5, 12], [-73, -12]]
[[1, 0], [5, 12], [-77, -144]]
[[1, 0], [5, 12], [-809, -432]]
[[1, 0], [5, 12], [-91, -96]]
[[1, 0], [5, 12], [-99, -20]]
[[1, 0], [5, 136], [-35, -544]]
[[1, 0], [5, 136], [-37, -816]]
[[1, 0], [5, 16], [-1507, -416]]
[[1, 0], [5, 16], [-163, -32]]
[[1, 0], [5, 16], [-275, -544]]
[[1, 0], [5, 16], [-307, -816]]
[[1, 0], [5, 16], [-611, -432]]
[[1, 0], [5, 16], [-71, -64]]
[[1, 0], [5, 17], [-169, -85]]
[[1, 0], [5, 17], [-259, -544]]
[[1, 0], [5, 17], [-259, -663]]
[[1, 0], [5, 17], [-359, -459]]
[[1, 0], [5, 17], [-53, -17]]
[[1, 0], [5, 17], [-749, -425]]
[[1, 0], [5, 204], [-23, -612]]
[[1, 0], [5, 204], [-25, -816]]
[[1, 0], [5, 204], [-9, -272]]
[[1, 0], [5, 24], [-149, -144]]
[[1, 0], [5, 24], [-181, -624]]
[[1, 0], [5, 24], [-205, -816]]
[[1, 0], [5, 24], [-265, -456]]
[[1, 0], [5, 24], [-413, -432]]
[[1, 0], [5, 24], [-61, -48]]
[[1, 0], [5, 24], [-65, -176]]
[[1, 0], [5, 24], [-69, -272]]
[[1, 0], [5, 272], [-19, -544]]
[[1, 0], [5, 272], [-19, -816]]
[[1, 0], [5, 32], [-107, -32]]
[[1, 0], [5, 32], [-139, -544]]
[[1, 0], [5, 32], [-139, -672]]
[[1, 0], [5, 32], [-223, -448]]
[[1, 0], [5, 32], [-233, -104]]
[[1, 0], [5, 32], [-37, -136]]
[[1, 0], [5, 32], [-415, -208]]
[[1, 0], [5, 32], [-71, -272]]
[[1, 0], [5, 32], [-779, -416]]
[[1, 0], [5, 34], [-131, -544]]
[[1, 0], [5, 34], [-139, -510]]
[[1, 0], [5, 34], [-145, -816]]
[[1, 0], [5, 34], [-233, -442]]
[[1, 0], [5, 34], [-29, -34]]
[[1, 0], [5, 34], [-31, -102]]
[[1, 0], [5, 408], [-13, -816]]
[[1, 0], [5, 48], [-103, -816]]
[[1, 0], [5, 48], [-215, -432]]
[[1, 0], [5, 48], [-35, -272]]
[[1, 0], [5, 48], [-83, -144]]
[[1, 0], [5, 51], [-125, -459]]
[[1, 0], [5, 51], [-33, -272]]
[[1, 0], [5, 51], [-47, -153]]
[[1, 0], [5, 51], [-97, -816]]
[[1, 0], [5, 544], [-11, -544]]
[[1, 0], [5, 68], [-65, -612]]
[[1, 0], [5, 68], [-67, -544]]
[[1, 0], [5, 68], [-73, -816]]
[[1, 0], [5, 68], [-83, -476]]
[[1, 0], [5, 6], [-109, -102]]
[[1, 0], [5, 6], [-157, -102]]
[[1, 0], [5, 6], [-1601, -432]]
[[1, 0], [5, 6], [-1747, -138]]
[[1, 0], [5, 6], [-193, -48]]
[[1, 0], [5, 6], [-1987, -426]]
[[1, 0], [5, 6], [-259, -170]]
[[1, 0], [5, 6], [-273, -272]]
[[1, 0], [5, 6], [-287, -18]]
[[1, 0], [5, 6], [-5105, -414]]
[[1, 0], [5, 6], [-545, -144]]
[[1, 0], [5, 6], [-55, -34]]
[[1, 0], [5, 6], [-727, -546]]
[[1, 0], [5, 6], [-755, -714]]
[[1, 0], [5, 6], [-769, -510]]
[[1, 0], [5, 6], [-817, -816]]
[[1, 0], [5, 6], [-859, -480]]
[[1, 0], [5, 8], [-109, -120]]
[[1, 0], [5, 8], [-1205, -432]]
[[1, 0], [5, 8], [-275, -32]]
[[1, 0], [5, 8], [-2963, -416]]
[[1, 0], [5, 8], [-49, -24]]
[[1, 0], [5, 8], [-547, -544]]
[[1, 0], [5, 8], [-569, -720]]
[[1, 0], [5, 8], [-575, -512]]
[[1, 0], [5, 8], [-587, -504]]
[[1, 0], [5, 8], [-613, -816]]
[[1, 0], [5, 8], [-989, -440]]
[[1, 0], [5, 96], [-13, -168]]
[[1, 0], [5, 96], [-19, -120]]
[[1, 0], [5, 96], [-47, -576]]
[[1, 0], [5, 96], [-59, -480]]
[[1, 0], [50, 51], [-182, -153]]
[[1, 0], [50, 51], [-273, -272]]
[[1, 0], [50, 51], [-530, -459]]
[[1, 0], [50, 51], [-817, -816]]
[[1, 0], [503, 816], [-505, -816]]
[[1, 0], [505, 612], [-509, -612]]
[[1, 0], [51, 80], [-119, -180]]
[[1, 0], [511, 612], [-515, -612]]
[[1, 0], [513, 544], [-519, -544]]
[[1, 0], [515, 816], [-517, -816]]
[[1, 0], [52, 153], [-188, -459]]
[[1, 0], [521, 816], [-523, -816]]
[[1, 0], [529, 544], [-535, -544]]
[[1, 0], [529, 612], [-533, -612]]
[[1, 0], [53, 102], [-145, -272]]
[[1, 0], [53, 102], [-433, -816]]
[[1, 0], [53, 102], [-61, -102]]
[[1, 0], [53, 102], [-99, -170]]
[[1, 0], [53, 104], [-467, -416]]
[[1, 0], [53, 136], [-227, -544]]
[[1, 0], [53, 136], [-325, -816]]
[[1, 0], [53, 204], [-167, -612]]
[[1, 0], [53, 204], [-217, -816]]
[[1, 0], [53, 204], [-73, -272]]
[[1, 0], [53, 208], [-259, -416]]
[[1, 0], [53, 272], [-115, -544]]
[[1, 0], [53, 272], [-163, -816]]
[[1, 0], [53, 408], [-109, -816]]
[[1, 0], [53, 416], [-155, -416]]
[[1, 0], [53, 442], [-77, -442]]
[[1, 0], [53, 544], [-59, -544]]
[[1, 0], [53, 68], [-419, -476]]
[[1, 0], [53, 68], [-451, -544]]
[[1, 0], [53, 68], [-497, -612]]
[[1, 0], [53, 68], [-649, -816]]
[[1, 0], [53, 68], [-65, -68]]
[[1, 0], [53, 96], [-299, -480]]
[[1, 0], [53, 96], [-335, -576]]
[[1, 0], [53, 96], [-79, -120]]
[[1, 0], [53, 96], [-97, -168]]
[[1, 0], [539, 816], [-541, -816]]
[[1, 0], [541, 544], [-547, -544]]
[[1, 0], [541, 612], [-545, -612]]
[[1, 0], [545, 816], [-547, -816]]
[[1, 0], [55, 102], [-299, -510]]
[[1, 0], [55, 102], [-449, -816]]
[[1, 0], [55, 108], [-113, -144]]
[[1, 0], [55, 108], [-305, -432]]
[[1, 0], [55, 136], [-235, -544]]
[[1, 0], [55, 136], [-337, -816]]
[[1, 0], [55, 144], [-125, -216]]
[[1, 0], [55, 144], [-233, -432]]
[[1, 0], [55, 144], [-79, -192]]
[[1, 0], [55, 153], [-197, -459]]
[[1, 0], [55, 204], [-173, -612]]
[[1, 0], [55, 216], [-161, -432]]
[[1, 0], [55, 272], [-169, -816]]
[[1, 0], [55, 272], [-61, -272]]
[[1, 0], [55, 408], [-113, -816]]
[[1, 0], [55, 432], [-89, -432]]
[[1, 0], [55, 459], [-71, -459]]
[[1, 0], [55, 68], [-433, -476]]
[[1, 0], [55, 68], [-467, -544]]
[[1, 0], [55, 68], [-515, -612]]
[[1, 0], [55, 68], [-673, -816]]
[[1, 0], [55, 72], [-419, -504]]
[[1, 0], [55, 72], [-449, -432]]
[[1, 0], [551, 816], [-553, -816]]
[[1, 0], [553, 612], [-557, -612]]
[[1, 0], [56, 85], [-104, -153]]
[[1, 0], [56, 85], [-104, -85]]
[[1, 0], [56, 85], [-424, -425]]
[[1, 0], [563, 816], [-565, -816]]
[[1, 0], [565, 612], [-569, -612]]
[[1, 0], [569, 816], [-571, -816]]
[[1, 0], [57, 112], [-279, -448]]
[[1, 0], [57, 136], [-243, -544]]
[[1, 0], [57, 136], [-349, -816]]
[[1, 0], [57, 272], [-123, -544]]
[[1, 0], [57, 272], [-175, -816]]
[[1, 0], [57, 476], [-69, -476]]
[[1, 0], [57, 64], [-109, -120]]
[[1, 0], [57, 68], [-447, -476]]
[[1, 0], [57, 68], [-483, -544]]
[[1, 0], [57, 68], [-533, -612]]
[[1, 0], [57, 68], [-69, -68]]
[[1, 0], [577, 612], [-581, -612]]
[[1, 0], [58, 153], [-206, -459]]
[[1, 0], [58, 153], [-74, -153]]
[[1, 0], [587, 816], [-589, -816]]
[[1, 0], [589, 612], [-593, -612]]
[[1, 0], [59, 102], [-109, -170]]
[[1, 0], [59, 102], [-161, -272]]
[[1, 0], [59, 102], [-319, -510]]
[[1, 0], [59, 102], [-481, -816]]
[[1, 0], [59, 136], [-251, -544]]
[[1, 0], [59, 136], [-361, -816]]
[[1, 0], [59, 204], [-185, -612]]
[[1, 0], [59, 204], [-241, -816]]
[[1, 0], [59, 204], [-81, -272]]
[[1, 0], [59, 272], [-127, -544]]
[[1, 0], [59, 272], [-181, -816]]
[[1, 0], [59, 272], [-65, -272]]
[[1, 0], [59, 272], [-91, -408]]
[[1, 0], [59, 408], [-121, -816]]
[[1, 0], [59, 68], [-461, -476]]
[[1, 0], [59, 68], [-499, -544]]
[[1, 0], [59, 68], [-551, -612]]
[[1, 0], [59, 68], [-721, -816]]
[[1, 0], [599, 816], [-601, -816]]
[[1, 0], [6, 17], [-174, -85]]
[[1, 0], [6, 17], [-291, -544]]
[[1, 0], [6, 17], [-298, -663]]
[[1, 0], [6, 17], [-318, -493]]
[[1, 0], [6, 17], [-337, -816]]
[[1, 0], [6, 17], [-386, -459]]
[[1, 0], [6, 17], [-54, -17]]
[[1, 0], [6, 17], [-774, -425]]
[[1, 0], [6, 85], [-14, -153]]
[[1, 0], [6, 85], [-174, -425]]
[[1, 0], [6, 85], [-54, -85]]
[[1, 0], [601, 612], [-605, -612]]
[[1, 0], [61, 102], [-329, -510]]
[[1, 0], [61, 102], [-497, -816]]
[[1, 0], [61, 136], [-259, -544]]
[[1, 0], [61, 136], [-373, -816]]
[[1, 0], [61, 144], [-251, -432]]
[[1, 0], [61, 153], [-215, -459]]
[[1, 0], [61, 153], [-77, -153]]
[[1, 0], [61, 170], [-199, -510]]
[[1, 0], [61, 204], [-191, -612]]
[[1, 0], [61, 240], [-139, -480]]
[[1, 0], [61, 272], [-131, -544]]
[[1, 0], [61, 408], [-125, -816]]
[[1, 0], [61, 544], [-67, -544]]
[[1, 0], [61, 612], [-65, -612]]
[[1, 0], [61, 68], [-475, -476]]
[[1, 0], [61, 68], [-515, -544]]
[[1, 0], [61, 68], [-569, -612]]
[[1, 0], [61, 68], [-73, -68]]
[[1, 0], [61, 68], [-745, -816]]
[[1, 0], [61, 72], [-173, -144]]
[[1, 0], [61, 72], [-209, -240]]
[[1, 0], [61, 72], [-461, -504]]
[[1, 0], [61, 72], [-485, -432]]
[[1, 0], [61, 85], [-109, -85]]
[[1, 0], [61, 85], [-113, -153]]
[[1, 0], [61, 85], [-449, -425]]
[[1, 0], [61, 90], [-101, -144]]
[[1, 0], [61, 96], [-383, -576]]
[[1, 0], [61, 96], [-89, -120]]
[[1, 0], [611, 816], [-613, -816]]
[[1, 0], [617, 816], [-619, -816]]
[[1, 0], [623, 816], [-625, -816]]
[[1, 0], [63, 136], [-267, -544]]
[[1, 0], [63, 136], [-385, -816]]
[[1, 0], [63, 272], [-135, -544]]
[[1, 0], [63, 272], [-193, -816]]
[[1, 0], [63, 272], [-69, -272]]
[[1, 0], [63, 272], [-97, -408]]
[[1, 0], [63, 68], [-489, -476]]
[[1, 0], [63, 68], [-531, -544]]
[[1, 0], [63, 68], [-587, -612]]
[[1, 0], [63, 68], [-769, -816]]
[[1, 0], [635, 816], [-637, -816]]
[[1, 0], [64, 153], [-224, -459]]
[[1, 0], [64, 459], [-80, -459]]
[[1, 0], [641, 816], [-643, -816]]
[[1, 0], [647, 816], [-649, -816]]
[[1, 0], [65, 102], [-177, -272]]
[[1, 0], [65, 102], [-349, -510]]
[[1, 0], [65, 102], [-529, -816]]
[[1, 0], [65, 102], [-73, -102]]
[[1, 0], [65, 136], [-275, -544]]
[[1, 0], [65, 136], [-397, -816]]
[[1, 0], [65, 204], [-203, -612]]
[[1, 0], [65, 204], [-265, -816]]
[[1, 0], [65, 204], [-89, -272]]
[[1, 0], [65, 272], [-139, -544]]
[[1, 0], [65, 272], [-199, -816]]
[[1, 0], [65, 408], [-133, -816]]
[[1, 0], [65, 544], [-71, -544]]
[[1, 0], [65, 68], [-503, -476]]
[[1, 0], [65, 68], [-547, -544]]
[[1, 0], [65, 68], [-605, -612]]
[[1, 0], [65, 68], [-77, -68]]
[[1, 0], [65, 68], [-793, -816]]
[[1, 0], [65, 816], [-67, -816]]
[[1, 0], [65, 96], [-359, -480]]
[[1, 0], [65, 96], [-407, -576]]
[[1, 0], [659, 816], [-661, -816]]
[[1, 0], [66, 85], [-122, -153]]
[[1, 0], [66, 85], [-474, -425]]
[[1, 0], [665, 816], [-667, -816]]
[[1, 0], [67, 102], [-359, -510]]
[[1, 0], [67, 102], [-545, -816]]
[[1, 0], [67, 136], [-283, -544]]
[[1, 0], [67, 136], [-409, -816]]
[[1, 0], [67, 144], [-143, -216]]
[[1, 0], [67, 144], [-269, -432]]
[[1, 0], [67, 144], [-95, -192]]
[[1, 0], [67, 153], [-233, -459]]
[[1, 0], [67, 153], [-83, -153]]
[[1, 0], [67, 176], [-109, -264]]
[[1, 0], [67, 204], [-209, -612]]
[[1, 0], [67, 272], [-103, -408]]
[[1, 0], [67, 272], [-143, -544]]
[[1, 0], [67, 272], [-205, -816]]
[[1, 0], [67, 272], [-73, -272]]
[[1, 0], [67, 408], [-137, -816]]
[[1, 0], [67, 68], [-517, -476]]
[[1, 0], [67, 68], [-563, -544]]
[[1, 0], [67, 68], [-623, -612]]
[[1, 0], [67, 68], [-817, -816]]
[[1, 0], [67, 72], [-185, -144]]
[[1, 0], [67, 72], [-229, -240]]
[[1, 0], [67, 72], [-503, -504]]
[[1, 0], [67, 72], [-521, -432]]
[[1, 0], [671, 816], [-673, -816]]
[[1, 0], [683, 816], [-685, -816]]
[[1, 0], [689, 816], [-691, -816]]
[[1, 0], [69, 136], [-291, -544]]
[[1, 0], [69, 136], [-421, -816]]
[[1, 0], [69, 272], [-147, -544]]
[[1, 0], [69, 272], [-211, -816]]
[[1, 0], [69, 544], [-75, -544]]
[[1, 0], [7, 102], [-59, -510]]
[[1, 0], [7, 102], [-65, -816]]
[[1, 0], [7, 12], [-101, -144]]
[[1, 0], [7, 12], [-107, -96]]
[[1, 0], [7, 12], [-1469, -420]]
[[1, 0], [7, 12], [-239, -60]]
[[1, 0], [7, 12], [-455, -576]]
[[1, 0], [7, 12], [-461, -528]]
[[1, 0], [7, 12], [-461, -612]]
[[1, 0], [7, 12], [-491, -492]]
[[1, 0], [7, 12], [-545, -468]]
[[1, 0], [7, 12], [-545, -816]]
[[1, 0], [7, 12], [-881, -432]]
[[1, 0], [7, 136], [-43, -544]]
[[1, 0], [7, 136], [-49, -816]]
[[1, 0], [7, 144], [-41, -144]]
[[1, 0], [7, 144], [-53, -216]]
[[1, 0], [7, 144], [-89, -432]]
[[1, 0], [7, 153], [-23, -153]]
[[1, 0], [7, 153], [-53, -459]]
[[1, 0], [7, 16], [-103, -204]]
[[1, 0], [7, 16], [-1559, -416]]
[[1, 0], [7, 16], [-167, -32]]
[[1, 0], [7, 16], [-173, -272]]
[[1, 0], [7, 16], [-175, -264]]
[[1, 0], [7, 16], [-179, -108]]
[[1, 0], [7, 16], [-181, -336]]
[[1, 0], [7, 16], [-185, -248]]
[[1, 0], [7, 16], [-19, -24]]
[[1, 0], [7, 16], [-205, -408]]
[[1, 0], [7, 16], [-251, -224]]
[[1, 0], [7, 16], [-341, -216]]
[[1, 0], [7, 16], [-343, -544]]
[[1, 0], [7, 16], [-409, -816]]
[[1, 0], [7, 16], [-665, -432]]
[[1, 0], [7, 16], [-79, -64]]
[[1, 0], [7, 16], [-805, -208]]
[[1, 0], [7, 17], [-179, -85]]
[[1, 0], [7, 17], [-337, -663]]
[[1, 0], [7, 17], [-347, -493]]
[[1, 0], [7, 17], [-385, -816]]
[[1, 0], [7, 17], [-413, -459]]
[[1, 0], [7, 17], [-55, -17]]
[[1, 0], [7, 18], [-103, -192]]
[[1, 0], [7, 18], [-149, -150]]
[[1, 0], [7, 18], [-1793, -414]]
[[1, 0], [7, 18], [-209, -144]]
[[1, 0], [7, 18], [-43, -96]]
[[1, 0], [7, 18], [-593, -432]]
[[1, 0], [7, 18], [-643, -138]]
[[1, 0], [7, 204], [-29, -612]]
[[1, 0], [7, 24], [-229, -552]]
[[1, 0], [7, 24], [-233, -624]]
[[1, 0], [7, 24], [-259, -480]]
[[1, 0], [7, 24], [-449, -432]]
[[1, 0], [7, 272], [-13, -272]]
[[1, 0], [7, 272], [-13, -408]]
[[1, 0], [7, 272], [-23, -544]]
[[1, 0], [7, 272], [-25, -816]]
[[1, 0], [7, 34], [-163, -544]]
[[1, 0], [7, 34], [-169, -510]]
[[1, 0], [7, 34], [-193, -816]]
[[1, 0], [7, 34], [-259, -442]]
[[1, 0], [7, 34], [-37, -102]]
[[1, 0], [7, 36], [-113, -144]]
[[1, 0], [7, 36], [-155, -612]]
[[1, 0], [7, 36], [-19, -68]]
[[1, 0], [7, 36], [-305, -432]]
[[1, 0], [7, 36], [-49, -48]]
[[1, 0], [7, 36], [-53, -204]]
[[1, 0], [7, 48], [-125, -216]]
[[1, 0], [7, 48], [-137, -816]]
[[1, 0], [7, 48], [-233, -432]]
[[1, 0], [7, 48], [-31, -96]]
[[1, 0], [7, 48], [-35, -204]]
[[1, 0], [7, 48], [-59, -288]]
[[1, 0], [7, 48], [-71, -108]]
[[1, 0], [7, 51], [-109, -561]]
[[1, 0], [7, 51], [-143, -459]]
[[1, 0], [7, 68], [-83, -544]]
[[1, 0], [7, 68], [-83, -612]]
[[1, 0], [7, 68], [-97, -476]]
[[1, 0], [7, 68], [-97, -816]]
[[1, 0], [7, 72], [-161, -432]]
[[1, 0], [7, 72], [-29, -240]]
[[1, 0], [7, 72], [-65, -144]]
[[1, 0], [7, 72], [-83, -504]]
[[1, 0], [7, 8], [-1099, -440]]
[[1, 0], [7, 8], [-1313, -432]]
[[1, 0], [7, 8], [-139, -120]]
[[1, 0], [7, 8], [-283, -32]]
[[1, 0], [7, 8], [-3067, -416]]
[[1, 0], [7, 8], [-55, -24]]
[[1, 0], [7, 8], [-683, -544]]
[[1, 0], [7, 8], [-703, -512]]
[[1, 0], [7, 8], [-713, -504]]
[[1, 0], [7, 8], [-749, -720]]
[[1, 0], [7, 8], [-817, -816]]
[[1, 0], [7, 9], [-1169, -432]]
[[1, 0], [7, 9], [-145, -48]]
[[1, 0], [7, 9], [-263, -153]]
[[1, 0], [7, 9], [-401, -144]]
[[1, 0], [7, 9], [-563, -141]]
[[1, 0], [7, 9], [-773, -459]]
[[1, 0], [70, 153], [-242, -459]]
[[1, 0], [707, 816], [-709, -816]]
[[1, 0], [71, 102], [-129, -170]]
[[1, 0], [71, 102], [-193, -272]]
[[1, 0], [71, 102], [-379, -510]]
[[1, 0], [71, 102], [-577, -816]]
[[1, 0], [71, 102], [-79, -102]]
[[1, 0], [71, 112], [-335, -448]]
[[1, 0], [71, 136], [-299, -544]]
[[1, 0], [71, 136], [-433, -816]]
[[1, 0], [71, 140], [-349, -420]]
[[1, 0], [71, 170], [-229, -510]]
[[1, 0], [71, 204], [-97, -272]]
[[1, 0], [71, 272], [-109, -408]]
[[1, 0], [71, 272], [-151, -544]]
[[1, 0], [71, 272], [-217, -816]]
[[1, 0], [71, 272], [-77, -272]]
[[1, 0], [71, 408], [-145, -816]]
[[1, 0], [71, 84], [-195, -224]]
[[1, 0], [71, 84], [-209, -140]]
[[1, 0], [71, 84], [-559, -420]]
[[1, 0], [71, 85], [-131, -153]]
[[1, 0], [71, 85], [-499, -425]]
[[1, 0], [713, 816], [-715, -816]]
[[1, 0], [719, 816], [-721, -816]]
[[1, 0], [73, 102], [-389, -510]]
[[1, 0], [73, 102], [-593, -816]]
[[1, 0], [73, 108], [-137, -144]]
[[1, 0], [73, 108], [-377, -432]]
[[1, 0], [73, 136], [-307, -544]]
[[1, 0], [73, 136], [-445, -816]]
[[1, 0], [73, 144], [-103, -192]]
[[1, 0], [73, 144], [-287, -432]]
[[1, 0], [73, 153], [-251, -459]]
[[1, 0], [73, 204], [-227, -612]]
[[1, 0], [73, 216], [-197, -432]]
[[1, 0], [73, 272], [-155, -544]]
[[1, 0], [73, 272], [-223, -816]]
[[1, 0], [73, 408], [-149, -816]]
[[1, 0], [73, 432], [-107, -432]]
[[1, 0], [73, 612], [-77, -612]]
[[1, 0], [73, 96], [-455, -576]]
[[1, 0], [737, 816], [-739, -816]]
[[1, 0], [743, 816], [-745, -816]]
[[1, 0], [75, 136], [-315, -544]]
[[1, 0], [75, 136], [-457, -816]]
[[1, 0], [75, 272], [-115, -408]]
[[1, 0], [75, 272], [-159, -544]]
[[1, 0], [75, 272], [-229, -816]]
[[1, 0], [75, 272], [-81, -272]]
[[1, 0], [755, 816], [-757, -816]]
[[1, 0], [76, 153], [-260, -459]]
[[1, 0], [76, 425], [-124, -425]]
[[1, 0], [76, 85], [-140, -153]]
[[1, 0], [76, 85], [-524, -425]]
[[1, 0], [761, 816], [-763, -816]]
[[1, 0], [767, 816], [-769, -816]]
[[1, 0], [77, 102], [-139, -170]]
[[1, 0], [77, 102], [-209, -272]]
[[1, 0], [77, 102], [-409, -510]]
[[1, 0], [77, 102], [-625, -816]]
[[1, 0], [77, 136], [-469, -816]]
[[1, 0], [77, 152], [-265, -456]]
[[1, 0], [77, 204], [-105, -272]]
[[1, 0], [77, 204], [-239, -612]]
[[1, 0], [77, 204], [-313, -816]]
[[1, 0], [77, 272], [-163, -544]]
[[1, 0], [77, 272], [-235, -816]]
[[1, 0], [77, 408], [-157, -816]]
[[1, 0], [77, 96], [-109, -120]]
[[1, 0], [77, 96], [-139, -168]]
[[1, 0], [77, 96], [-419, -480]]
[[1, 0], [77, 96], [-479, -576]]
[[1, 0], [785, 816], [-787, -816]]
[[1, 0], [79, 102], [-419, -510]]
[[1, 0], [79, 102], [-641, -816]]
[[1, 0], [79, 104], [-571, -416]]
[[1, 0], [79, 136], [-331, -544]]
[[1, 0], [79, 136], [-481, -816]]
[[1, 0], [79, 144], [-161, -216]]
[[1, 0], [79, 144], [-305, -432]]
[[1, 0], [79, 153], [-269, -459]]
[[1, 0], [79, 204], [-245, -612]]
[[1, 0], [79, 208], [-311, -416]]
[[1, 0], [79, 272], [-121, -408]]
[[1, 0], [79, 272], [-167, -544]]
[[1, 0], [79, 272], [-241, -816]]
[[1, 0], [79, 408], [-161, -816]]
[[1, 0], [79, 442], [-103, -442]]
[[1, 0], [791, 816], [-793, -816]]
[[1, 0], [8, 17], [-184, -85]]
[[1, 0], [8, 17], [-355, -544]]
[[1, 0], [8, 17], [-376, -493]]
[[1, 0], [8, 17], [-376, -663]]
[[1, 0], [8, 17], [-433, -816]]
[[1, 0], [8, 17], [-440, -459]]
[[1, 0], [8, 17], [-56, -17]]
[[1, 0], [8, 17], [-824, -425]]
[[1, 0], [8, 21], [-307, -672]]
[[1, 0], [8, 21], [-440, -441]]
[[1, 0], [8, 51], [-145, -816]]
[[1, 0], [8, 51], [-152, -459]]
[[1, 0], [8, 51], [-49, -272]]
[[1, 0], [8, 51], [-56, -153]]
[[1, 0], [803, 816], [-805, -816]]
[[1, 0], [809, 816], [-811, -816]]
[[1, 0], [81, 136], [-339, -544]]
[[1, 0], [81, 170], [-259, -510]]
[[1, 0], [81, 272], [-171, -544]]
[[1, 0], [81, 272], [-247, -816]]
[[1, 0], [81, 544], [-87, -544]]
[[1, 0], [81, 85], [-149, -153]]
[[1, 0], [81, 85], [-549, -425]]
[[1, 0], [815, 816], [-817, -816]]
[[1, 0], [82, 153], [-278, -459]]
[[1, 0], [82, 459], [-98, -459]]
[[1, 0], [83, 102], [-149, -170]]
[[1, 0], [83, 102], [-225, -272]]
[[1, 0], [83, 102], [-439, -510]]
[[1, 0], [83, 102], [-673, -816]]
[[1, 0], [83, 102], [-91, -102]]
[[1, 0], [83, 136], [-347, -544]]
[[1, 0], [83, 136], [-505, -816]]
[[1, 0], [83, 204], [-113, -272]]
[[1, 0], [83, 204], [-257, -612]]
[[1, 0], [83, 204], [-337, -816]]
[[1, 0], [83, 272], [-127, -408]]
[[1, 0], [83, 272], [-175, -544]]
[[1, 0], [83, 272], [-253, -816]]
[[1, 0], [83, 272], [-89, -272]]
[[1, 0], [83, 408], [-169, -816]]
[[1, 0], [85, 112], [-391, -448]]
[[1, 0], [85, 144], [-119, -192]]
[[1, 0], [85, 144], [-323, -432]]
[[1, 0], [85, 96], [-119, -120]]
[[1, 0], [85, 96], [-527, -576]]
[[1, 0], [87, 136], [-363, -544]]
[[1, 0], [87, 136], [-529, -816]]
[[1, 0], [87, 272], [-133, -408]]
[[1, 0], [87, 272], [-183, -544]]
[[1, 0], [87, 272], [-265, -816]]
[[1, 0], [87, 272], [-93, -272]]
[[1, 0], [88, 153], [-296, -459]]
[[1, 0], [89, 102], [-159, -170]]
[[1, 0], [89, 102], [-241, -272]]
[[1, 0], [89, 102], [-469, -510]]
[[1, 0], [89, 102], [-721, -816]]
[[1, 0], [89, 102], [-97, -102]]
[[1, 0], [89, 132], [-373, -528]]
[[1, 0], [89, 136], [-371, -544]]
[[1, 0], [89, 136], [-541, -816]]
[[1, 0], [89, 204], [-121, -272]]
[[1, 0], [89, 204], [-275, -612]]
[[1, 0], [89, 204], [-361, -816]]
[[1, 0], [89, 272], [-271, -816]]
[[1, 0], [89, 408], [-181, -816]]
[[1, 0], [89, 816], [-91, -816]]
[[1, 0], [89, 96], [-479, -480]]
[[1, 0], [89, 96], [-551, -576]]
[[1, 0], [9, 136], [-61, -816]]
[[1, 0], [9, 16], [-1611, -416]]
[[1, 0], [9, 16], [-171, -32]]
[[1, 0], [9, 16], [-411, -544]]
[[1, 0], [9, 16], [-511, -816]]
[[1, 0], [9, 16], [-719, -432]]
[[1, 0], [9, 16], [-87, -64]]
[[1, 0], [9, 17], [-189, -85]]
[[1, 0], [9, 17], [-35, -27]]
[[1, 0], [9, 17], [-387, -544]]
[[1, 0], [9, 17], [-405, -493]]
[[1, 0], [9, 17], [-415, -663]]
[[1, 0], [9, 17], [-467, -459]]
[[1, 0], [9, 17], [-481, -816]]
[[1, 0], [9, 17], [-57, -17]]
[[1, 0], [9, 17], [-849, -425]]
[[1, 0], [9, 272], [-27, -544]]
[[1, 0], [9, 272], [-31, -816]]
[[1, 0], [9, 32], [-105, -272]]
[[1, 0], [9, 32], [-207, -544]]
[[1, 0], [9, 32], [-223, -672]]
[[1, 0], [9, 32], [-279, -448]]
[[1, 0], [9, 32], [-441, -208]]
[[1, 0], [9, 32], [-831, -416]]
[[1, 0], [9, 34], [-195, -544]]
[[1, 0], [9, 34], [-199, -510]]
[[1, 0], [9, 34], [-241, -816]]
[[1, 0], [9, 34], [-285, -442]]
[[1, 0], [9, 34], [-43, -102]]
[[1, 0], [9, 64], [-19, -120]]
[[1, 0], [9, 68], [-101, -612]]
[[1, 0], [9, 68], [-111, -476]]
[[1, 0], [9, 68], [-121, -816]]
[[1, 0], [9, 68], [-21, -68]]
[[1, 0], [9, 68], [-99, -544]]
[[1, 0], [91, 102], [-479, -510]]
[[1, 0], [91, 102], [-737, -816]]
[[1, 0], [91, 108], [-161, -144]]
[[1, 0], [91, 108], [-449, -432]]
[[1, 0], [91, 136], [-379, -544]]
[[1, 0], [91, 136], [-553, -816]]
[[1, 0], [91, 144], [-127, -192]]
[[1, 0], [91, 144], [-179, -216]]
[[1, 0], [91, 144], [-341, -432]]
[[1, 0], [91, 153], [-305, -459]]
[[1, 0], [91, 204], [-281, -612]]
[[1, 0], [91, 216], [-233, -432]]
[[1, 0], [91, 240], [-199, -480]]
[[1, 0], [91, 272], [-139, -408]]
[[1, 0], [91, 272], [-191, -544]]
[[1, 0], [91, 272], [-277, -816]]
[[1, 0], [91, 272], [-97, -272]]
[[1, 0], [91, 408], [-185, -816]]
[[1, 0], [91, 459], [-107, -459]]
[[1, 0], [91, 612], [-95, -612]]
[[1, 0], [93, 136], [-387, -544]]
[[1, 0], [93, 136], [-565, -816]]
[[1, 0], [93, 272], [-195, -544]]
[[1, 0], [93, 272], [-283, -816]]
[[1, 0], [93, 544], [-99, -544]]
[[1, 0], [94, 153], [-314, -459]]
[[1, 0], [95, 102], [-169, -170]]
[[1, 0], [95, 102], [-257, -272]]
[[1, 0], [95, 102], [-499, -510]]
[[1, 0], [95, 102], [-769, -816]]
[[1, 0], [95, 136], [-395, -544]]
[[1, 0], [95, 136], [-577, -816]]
[[1, 0], [95, 204], [-129, -272]]
[[1, 0], [95, 204], [-293, -612]]
[[1, 0], [95, 204], [-385, -816]]
[[1, 0], [95, 272], [-101, -272]]
[[1, 0], [95, 272], [-145, -408]]
[[1, 0], [95, 272], [-199, -544]]
[[1, 0], [95, 408], [-193, -816]]
[[1, 0], [97, 102], [-509, -510]]
[[1, 0], [97, 102], [-785, -816]]
[[1, 0], [97, 136], [-403, -544]]
[[1, 0], [97, 136], [-589, -816]]
[[1, 0], [97, 144], [-131, -144]]
[[1, 0], [97, 144], [-359, -432]]
[[1, 0], [97, 204], [-299, -612]]
[[1, 0], [97, 272], [-203, -544]]
[[1, 0], [97, 272], [-295, -816]]
[[1, 0], [97, 408], [-197, -816]]
[[1, 0], [97, 544], [-103, -544]]
[[1, 0], [99, 112], [-447, -448]]
[[1, 0], [99, 136], [-411, -544]]
[[1, 0], [99, 136], [-601, -816]]
[[1, 0], [99, 272], [-105, -272]]
[[1, 0], [99, 272], [-151, -408]]
[[1, 0], [99, 272], [-207, -544]]
[[1, 0], [99, 272], [-301, -816]]
