[[1, 0], [0, 1], [-1011, -11]]
[[1, 0], [0, 1], [-1011, -23]]
[[1, 0], [0, 1], [-1011, -2]]
[[1, 0], [0, 1], [-1011, -44]]
[[1, 0], [0, 1], [-1011, -506]]
[[1, 0], [0, 1], [-1011, -92]]
[[1, 0], [0, 1], [-114243, -338]]
[[1, 0], [0, 1], [-1348, -19]]
[[1, 0], [0, 1], [-1348, -71]]
[[1, 0], [0, 1], [-19209, -113]]
[[1, 0], [0, 1], [-19209, -170]]
[[1, 0], [0, 1], [-2022, -119]]
[[1, 0], [0, 1], [-2022, -17]]
[[1, 0], [0, 1], [-2359, -118]]
[[1, 0], [0, 1], [-2359, -20]]
[[1, 0], [0, 1], [-2696, -31]]
[[1, 0], [0, 1], [-2696, -87]]
[[1, 0], [0, 1], [-337, -13]]
[[1, 0], [0, 1], [-337, -169]]
[[1, 0], [0, 1], [-337, -1]]
[[1, 0], [0, 1], [-337, -26]]
[[1, 0], [0, 1], [-337, -2]]
[[1, 0], [0, 1], [-338, -337]]
[[1, 0], [0, 1], [-4718, -13]]
[[1, 0], [0, 1], [-4718, -363]]
[[1, 0], [0, 1], [-57290, -169]]
[[1, 0], [0, 1], [-57290, -339]]
[[1, 0], [0, 1], [-674, -135]]
[[1, 0], [0, 1], [-674, -15]]
[[1, 0], [0, 1], [-674, -1]]
[[1, 0], [0, 1], [-674, -225]]
[[1, 0], [0, 1], [-674, -25]]
[[1, 0], [0, 1], [-674, -27]]
[[1, 0], [0, 1], [-674, -3]]
[[1, 0], [0, 1], [-674, -45]]
[[1, 0], [0, 1], [-674, -5]]
[[1, 0], [0, 1], [-674, -75]]
[[1, 0], [0, 1], [-674, -9]]
[[1, 0], [0, 1], [-675, -674]]
[[1, 0], [0, 1], [-7751, -114]]
[[1, 0], [0, 1], [-7751, -68]]
[[1, 0], [0, 1], [-9099, -26]]
[[1, 0], [0, 1], [-9099, -350]]
[[1, 0], [1, 1011], [-2, -1011]]
[[1, 0], [1, 10], [-2039, -170]]
[[1, 0], [1, 10], [-305, -17]]
[[1, 0], [1, 10], [-339, -20]]
[[1, 0], [1, 10], [-71, -36]]
[[1, 0], [1, 10], [-75, -76]]
[[1, 0], [1, 10], [-883, -68]]
[[1, 0], [1, 113], [-338, -113]]
[[1, 0], [1, 113], [-677, -339]]
[[1, 0], [1, 114], [-170, -171]]
[[1, 0], [1, 11], [-2727, -341]]
[[1, 0], [1, 12], [-260, -87]]
[[1, 0], [1, 12], [-92, -93]]
[[1, 0], [1, 13], [-1013, -26]]
[[1, 0], [1, 13], [-27, -14]]
[[1, 0], [1, 13], [-4731, -169]]
[[1, 0], [1, 13], [-675, -13]]
[[1, 0], [1, 13], [-701, -351]]
[[1, 0], [1, 13], [-9125, -338]]
[[1, 0], [1, 14], [-26, -27]]
[[1, 0], [1, 14], [-363, -364]]
[[1, 0], [1, 14], [-699, -350]]
[[1, 0], [1, 14], [-74, -25]]
[[1, 0], [1, 15], [-1034, -345]]
[[1, 0], [1, 169], [-1013, -338]]
[[1, 0], [1, 169], [-675, -169]]
[[1, 0], [1, 16], [-45, -46]]
[[1, 0], [1, 16], [-87, -44]]
[[1, 0], [1, 170], [-339, -340]]
[[1, 0], [1, 17], [-2379, -340]]
[[1, 0], [1, 17], [-339, -34]]
[[1, 0], [1, 17], [-679, -85]]
[[1, 0], [1, 18], [-119, -120]]
[[1, 0], [1, 18], [-1367, -342]]
[[1, 0], [1, 18], [-284, -57]]
[[1, 0], [1, 19], [-683, -171]]
[[1, 0], [1, 20], [-2039, -340]]
[[1, 0], [1, 20], [-305, -34]]
[[1, 0], [1, 20], [-594, -85]]
[[1, 0], [1, 20], [-71, -72]]
[[1, 0], [1, 21], [-118, -119]]
[[1, 0], [1, 23], [-689, -345]]
[[1, 0], [1, 24], [-44, -45]]
[[1, 0], [1, 26], [-2534, -169]]
[[1, 0], [1, 26], [-27, -28]]
[[1, 0], [1, 26], [-4731, -338]]
[[1, 0], [1, 26], [-675, -26]]
[[1, 0], [1, 27], [-350, -351]]
[[1, 0], [1, 2], [-1055, -88]]
[[1, 0], [1, 2], [-1103, -184]]
[[1, 0], [1, 2], [-1367, -38]]
[[1, 0], [1, 2], [-170, -3]]
[[1, 0], [1, 2], [-19379, -340]]
[[1, 0], [1, 2], [-2039, -34]]
[[1, 0], [1, 2], [-225, -113]]
[[1, 0], [1, 2], [-2534, -13]]
[[1, 0], [1, 2], [-2783, -174]]
[[1, 0], [1, 2], [-28898, -169]]
[[1, 0], [1, 2], [-338, -337]]
[[1, 0], [1, 2], [-339, -4]]
[[1, 0], [1, 2], [-363, -52]]
[[1, 0], [1, 2], [-4731, -26]]
[[1, 0], [1, 2], [-4929, -85]]
[[1, 0], [1, 2], [-57459, -338]]
[[1, 0], [1, 2], [-675, -2]]
[[1, 0], [1, 2], [-675, -674]]
[[1, 0], [1, 2], [-679, -10]]
[[1, 0], [1, 2], [-683, -18]]
[[1, 0], [1, 2], [-699, -50]]
[[1, 0], [1, 2], [-719, -90]]
[[1, 0], [1, 2], [-899, -450]]
[[1, 0], [1, 31], [-1022, -341]]
[[1, 0], [1, 32], [-87, -88]]
[[1, 0], [1, 337], [-2, -337]]
[[1, 0], [1, 337], [-3, -337]]
[[1, 0], [1, 337], [-5, -674]]
[[1, 0], [1, 338], [-675, -338]]
[[1, 0], [1, 339], [-338, -339]]
[[1, 0], [1, 34], [-339, -68]]
[[1, 0], [1, 34], [-679, -170]]
[[1, 0], [1, 38], [-170, -57]]
[[1, 0], [1, 38], [-683, -342]]
[[1, 0], [1, 3], [-1034, -69]]
[[1, 0], [1, 3], [-114, -5]]
[[1, 0], [1, 3], [-118, -17]]
[[1, 0], [1, 3], [-119, -20]]
[[1, 0], [1, 3], [-135, -68]]
[[1, 0], [1, 3], [-1367, -57]]
[[1, 0], [1, 3], [-169, -170]]
[[1, 0], [1, 3], [-19322, -339]]
[[1, 0], [1, 3], [-2141, -357]]
[[1, 0], [1, 3], [-2477, -354]]
[[1, 0], [1, 3], [-338, -3]]
[[1, 0], [1, 3], [-350, -39]]
[[1, 0], [1, 3], [-506, -507]]
[[1, 0], [1, 3], [-6553, -113]]
[[1, 0], [1, 3], [-7865, -342]]
[[1, 0], [1, 3], [-809, -405]]
[[1, 0], [1, 4], [-1055, -176]]
[[1, 0], [1, 4], [-1103, -368]]
[[1, 0], [1, 4], [-2039, -68]]
[[1, 0], [1, 4], [-225, -226]]
[[1, 0], [1, 4], [-254, -5]]
[[1, 0], [1, 4], [-260, -29]]
[[1, 0], [1, 4], [-2783, -348]]
[[1, 0], [1, 4], [-4929, -170]]
[[1, 0], [1, 4], [-594, -17]]
[[1, 0], [1, 4], [-679, -20]]
[[1, 0], [1, 4], [-719, -180]]
[[1, 0], [1, 4], [-87, -11]]
[[1, 0], [1, 4], [-92, -31]]
[[1, 0], [1, 5], [-1034, -115]]
[[1, 0], [1, 5], [-1419, -355]]
[[1, 0], [1, 5], [-2039, -85]]
[[1, 0], [1, 5], [-339, -10]]
[[1, 0], [1, 5], [-71, -18]]
[[1, 0], [1, 5], [-749, -375]]
[[1, 0], [1, 5], [-75, -38]]
[[1, 0], [1, 5], [-7819, -340]]
[[1, 0], [1, 5], [-883, -34]]
[[1, 0], [1, 674], [-3, -674]]
[[1, 0], [1, 68], [-254, -85]]
[[1, 0], [1, 68], [-679, -340]]
[[1, 0], [1, 69], [-114, -115]]
[[1, 0], [1, 6], [-119, -40]]
[[1, 0], [1, 6], [-135, -136]]
[[1, 0], [1, 6], [-1367, -114]]
[[1, 0], [1, 6], [-170, -9]]
[[1, 0], [1, 6], [-284, -19]]
[[1, 0], [1, 7], [-363, -182]]
[[1, 0], [1, 7], [-699, -175]]
[[1, 0], [1, 85], [-339, -170]]
[[1, 0], [1, 8], [-1055, -352]]
[[1, 0], [1, 8], [-44, -15]]
[[1, 0], [1, 8], [-45, -23]]
[[1, 0], [1, 8], [-719, -360]]
[[1, 0], [1, 8], [-87, -22]]
[[1, 0], [1, 9], [-119, -60]]
[[1, 0], [1, 9], [-1367, -171]]
[[1, 0], [1, 9], [-350, -117]]
[[1, 0], [10, 1011], [-11, -1011]]
[[1, 0], [10, 337], [-11, -337]]
[[1, 0], [10, 337], [-12, -337]]
[[1, 0], [10, 337], [-23, -674]]
[[1, 0], [100, 337], [-102, -337]]
[[1, 0], [100, 337], [-203, -674]]
[[1, 0], [101, 337], [-103, -337]]
[[1, 0], [101, 337], [-205, -674]]
[[1, 0], [101, 674], [-103, -674]]
[[1, 0], [102, 337], [-104, -337]]
[[1, 0], [102, 337], [-207, -674]]
[[1, 0], [103, 1011], [-104, -1011]]
[[1, 0], [103, 337], [-105, -337]]
[[1, 0], [103, 337], [-209, -674]]
[[1, 0], [103, 674], [-105, -674]]
[[1, 0], [104, 337], [-106, -337]]
[[1, 0], [104, 337], [-211, -674]]
[[1, 0], [105, 337], [-106, -337]]
[[1, 0], [105, 337], [-107, -337]]
[[1, 0], [105, 337], [-213, -674]]
[[1, 0], [105, 674], [-107, -674]]
[[1, 0], [106, 1011], [-107, -1011]]
[[1, 0], [106, 337], [-108, -337]]
[[1, 0], [106, 337], [-215, -674]]
[[1, 0], [107, 337], [-109, -337]]
[[1, 0], [107, 337], [-217, -674]]
[[1, 0], [107, 674], [-109, -674]]
[[1, 0], [108, 337], [-110, -337]]
[[1, 0], [108, 337], [-219, -674]]
[[1, 0], [109, 1011], [-110, -1011]]
[[1, 0], [109, 337], [-111, -337]]
[[1, 0], [109, 337], [-221, -674]]
[[1, 0], [109, 674], [-111, -674]]
[[1, 0], [11, 337], [-12, -337]]
[[1, 0], [11, 337], [-13, -337]]
[[1, 0], [11, 337], [-25, -674]]
[[1, 0], [11, 674], [-13, -674]]
[[1, 0], [110, 337], [-112, -337]]
[[1, 0], [110, 337], [-223, -674]]
[[1, 0], [111, 337], [-113, -337]]
[[1, 0], [111, 337], [-225, -674]]
[[1, 0], [111, 674], [-113, -674]]
[[1, 0], [112, 1011], [-113, -1011]]
[[1, 0], [112, 337], [-114, -337]]
[[1, 0], [112, 337], [-227, -674]]
[[1, 0], [113, 337], [-115, -337]]
[[1, 0], [113, 337], [-229, -674]]
[[1, 0], [113, 674], [-115, -674]]
[[1, 0], [114, 337], [-116, -337]]
[[1, 0], [114, 337], [-231, -674]]
[[1, 0], [115, 337], [-117, -337]]
[[1, 0], [115, 337], [-233, -674]]
[[1, 0], [115, 674], [-117, -674]]
[[1, 0], [116, 337], [-118, -337]]
[[1, 0], [116, 337], [-235, -674]]
[[1, 0], [117, 337], [-119, -337]]
[[1, 0], [117, 337], [-237, -674]]
[[1, 0], [117, 674], [-119, -674]]
[[1, 0], [118, 337], [-120, -337]]
[[1, 0], [118, 337], [-239, -674]]
[[1, 0], [119, 337], [-121, -337]]
[[1, 0], [119, 337], [-241, -674]]
[[1, 0], [119, 674], [-121, -674]]
[[1, 0], [12, 337], [-13, -337]]
[[1, 0], [12, 337], [-14, -337]]
[[1, 0], [12, 337], [-27, -674]]
[[1, 0], [120, 337], [-122, -337]]
[[1, 0], [120, 337], [-243, -674]]
[[1, 0], [121, 337], [-123, -337]]
[[1, 0], [121, 337], [-245, -674]]
[[1, 0], [121, 674], [-123, -674]]
[[1, 0], [122, 337], [-124, -337]]
[[1, 0], [122, 337], [-247, -674]]
[[1, 0], [123, 337], [-125, -337]]
[[1, 0], [123, 337], [-249, -674]]
[[1, 0], [123, 674], [-125, -674]]
[[1, 0], [124, 337], [-126, -337]]
[[1, 0], [124, 337], [-251, -674]]
[[1, 0], [125, 337], [-127, -337]]
[[1, 0], [125, 337], [-253, -674]]
[[1, 0], [125, 674], [-127, -674]]
[[1, 0], [126, 337], [-128, -337]]
[[1, 0], [126, 337], [-255, -674]]
[[1, 0], [127, 1011], [-128, -1011]]
[[1, 0], [127, 337], [-129, -337]]
[[1, 0], [127, 337], [-257, -674]]
[[1, 0], [127, 674], [-129, -674]]
[[1, 0], [128, 337], [-129, -337]]
[[1, 0], [128, 337], [-130, -337]]
[[1, 0], [128, 337], [-259, -674]]
[[1, 0], [129, 337], [-131, -337]]
[[1, 0], [129, 337], [-261, -674]]
[[1, 0], [129, 674], [-131, -674]]
[[1, 0], [13, 1011], [-14, -1011]]
[[1, 0], [13, 337], [-14, -337]]
[[1, 0], [13, 337], [-15, -337]]
[[1, 0], [13, 337], [-29, -674]]
[[1, 0], [13, 674], [-15, -674]]
[[1, 0], [130, 337], [-132, -337]]
[[1, 0], [130, 337], [-263, -674]]
[[1, 0], [131, 337], [-133, -337]]
[[1, 0], [131, 337], [-265, -674]]
[[1, 0], [131, 674], [-133, -674]]
[[1, 0], [132, 337], [-134, -337]]
[[1, 0], [132, 337], [-267, -674]]
[[1, 0], [133, 337], [-135, -337]]
[[1, 0], [133, 337], [-269, -674]]
[[1, 0], [133, 674], [-135, -674]]
[[1, 0], [134, 337], [-136, -337]]
[[1, 0], [134, 337], [-271, -674]]
[[1, 0], [135, 337], [-137, -337]]
[[1, 0], [135, 337], [-273, -674]]
[[1, 0], [135, 674], [-137, -674]]
[[1, 0], [136, 1011], [-137, -1011]]
[[1, 0], [136, 337], [-138, -337]]
[[1, 0], [136, 337], [-275, -674]]
[[1, 0], [137, 337], [-139, -337]]
[[1, 0], [137, 337], [-277, -674]]
[[1, 0], [137, 674], [-139, -674]]
[[1, 0], [138, 337], [-140, -337]]
[[1, 0], [138, 337], [-279, -674]]
[[1, 0], [139, 337], [-141, -337]]
[[1, 0], [139, 337], [-281, -674]]
[[1, 0], [139, 674], [-141, -674]]
[[1, 0], [14, 337], [-15, -337]]
[[1, 0], [14, 337], [-16, -337]]
[[1, 0], [14, 337], [-31, -674]]
[[1, 0], [140, 337], [-142, -337]]
[[1, 0], [140, 337], [-283, -674]]
[[1, 0], [141, 337], [-143, -337]]
[[1, 0], [141, 337], [-285, -674]]
[[1, 0], [141, 674], [-143, -674]]
[[1, 0], [142, 1011], [-143, -1011]]
[[1, 0], [142, 337], [-144, -337]]
[[1, 0], [142, 337], [-287, -674]]
[[1, 0], [143, 337], [-145, -337]]
[[1, 0], [143, 337], [-289, -674]]
[[1, 0], [143, 674], [-145, -674]]
[[1, 0], [144, 337], [-146, -337]]
[[1, 0], [144, 337], [-291, -674]]
[[1, 0], [145, 1011], [-146, -1011]]
[[1, 0], [145, 337], [-147, -337]]
[[1, 0], [145, 337], [-293, -674]]
[[1, 0], [145, 674], [-147, -674]]
[[1, 0], [146, 337], [-148, -337]]
[[1, 0], [146, 337], [-295, -674]]
[[1, 0], [147, 337], [-149, -337]]
[[1, 0], [147, 337], [-297, -674]]
[[1, 0], [147, 674], [-149, -674]]
[[1, 0], [148, 337], [-150, -337]]
[[1, 0], [148, 337], [-299, -674]]
[[1, 0], [149, 337], [-151, -337]]
[[1, 0], [149, 337], [-301, -674]]
[[1, 0], [149, 674], [-151, -674]]
[[1, 0], [15, 337], [-16, -337]]
[[1, 0], [15, 337], [-17, -337]]
[[1, 0], [15, 337], [-33, -674]]
[[1, 0], [15, 674], [-17, -674]]
[[1, 0], [150, 337], [-151, -337]]
[[1, 0], [150, 337], [-152, -337]]
[[1, 0], [150, 337], [-303, -674]]
[[1, 0], [151, 1011], [-152, -1011]]
[[1, 0], [151, 337], [-153, -337]]
[[1, 0], [151, 337], [-305, -674]]
[[1, 0], [151, 674], [-153, -674]]
[[1, 0], [152, 337], [-154, -337]]
[[1, 0], [152, 337], [-307, -674]]
[[1, 0], [153, 337], [-155, -337]]
[[1, 0], [153, 337], [-309, -674]]
[[1, 0], [153, 674], [-155, -674]]
[[1, 0], [154, 337], [-156, -337]]
[[1, 0], [154, 337], [-311, -674]]
[[1, 0], [155, 337], [-157, -337]]
[[1, 0], [155, 337], [-313, -674]]
[[1, 0], [155, 674], [-157, -674]]
[[1, 0], [156, 337], [-158, -337]]
[[1, 0], [156, 337], [-315, -674]]
[[1, 0], [157, 337], [-159, -337]]
[[1, 0], [157, 337], [-317, -674]]
[[1, 0], [157, 674], [-159, -674]]
[[1, 0], [158, 337], [-160, -337]]
[[1, 0], [158, 337], [-319, -674]]
[[1, 0], [159, 337], [-161, -337]]
[[1, 0], [159, 337], [-321, -674]]
[[1, 0], [159, 674], [-161, -674]]
[[1, 0], [16, 1011], [-17, -1011]]
[[1, 0], [16, 337], [-17, -337]]
[[1, 0], [16, 337], [-18, -337]]
[[1, 0], [16, 337], [-35, -674]]
[[1, 0], [160, 1011], [-161, -1011]]
[[1, 0], [160, 337], [-162, -337]]
[[1, 0], [160, 337], [-323, -674]]
[[1, 0], [161, 337], [-163, -337]]
[[1, 0], [161, 337], [-325, -674]]
[[1, 0], [161, 674], [-163, -674]]
[[1, 0], [162, 337], [-164, -337]]
[[1, 0], [162, 337], [-327, -674]]
[[1, 0], [163, 1011], [-164, -1011]]
[[1, 0], [163, 337], [-165, -337]]
[[1, 0], [163, 337], [-329, -674]]
[[1, 0], [163, 674], [-165, -674]]
[[1, 0], [164, 337], [-166, -337]]
[[1, 0], [164, 337], [-331, -674]]
[[1, 0], [165, 337], [-167, -337]]
[[1, 0], [165, 337], [-333, -674]]
[[1, 0], [165, 674], [-167, -674]]
[[1, 0], [166, 337], [-168, -337]]
[[1, 0], [166, 337], [-335, -674]]
[[1, 0], [167, 337], [-169, -337]]
[[1, 0], [167, 674], [-169, -674]]
[[1, 0], [168, 337], [-339, -674]]
[[1, 0], [169, 337], [-341, -674]]
[[1, 0], [169, 674], [-171, -674]]
[[1, 0], [17, 337], [-18, -337]]
[[1, 0], [17, 337], [-19, -337]]
[[1, 0], [17, 337], [-37, -674]]
[[1, 0], [17, 674], [-19, -674]]
[[1, 0], [170, 337], [-343, -674]]
[[1, 0], [171, 337], [-345, -674]]
[[1, 0], [171, 674], [-173, -674]]
[[1, 0], [172, 1011], [-173, -1011]]
[[1, 0], [172, 337], [-347, -674]]
[[1, 0], [173, 337], [-349, -674]]
[[1, 0], [173, 674], [-175, -674]]
[[1, 0], [174, 337], [-351, -674]]
[[1, 0], [175, 337], [-353, -674]]
[[1, 0], [175, 674], [-177, -674]]
[[1, 0], [176, 337], [-355, -674]]
[[1, 0], [177, 337], [-357, -674]]
[[1, 0], [177, 674], [-179, -674]]
[[1, 0], [178, 337], [-359, -674]]
[[1, 0], [179, 337], [-361, -674]]
[[1, 0], [179, 674], [-181, -674]]
[[1, 0], [18, 337], [-19, -337]]
[[1, 0], [18, 337], [-20, -337]]
[[1, 0], [18, 337], [-39, -674]]
[[1, 0], [180, 337], [-363, -674]]
[[1, 0], [181, 337], [-365, -674]]
[[1, 0], [181, 674], [-183, -674]]
[[1, 0], [182, 337], [-367, -674]]
[[1, 0], [183, 337], [-369, -674]]
[[1, 0], [183, 674], [-185, -674]]
[[1, 0], [184, 1011], [-185, -1011]]
[[1, 0], [184, 337], [-371, -674]]
[[1, 0], [185, 337], [-373, -674]]
[[1, 0], [185, 674], [-187, -674]]
[[1, 0], [186, 337], [-375, -674]]
[[1, 0], [187, 337], [-377, -674]]
[[1, 0], [187, 674], [-189, -674]]
[[1, 0], [188, 337], [-379, -674]]
[[1, 0], [189, 337], [-381, -674]]
[[1, 0], [189, 674], [-191, -674]]
[[1, 0], [19, 1011], [-20, -1011]]
[[1, 0], [19, 337], [-20, -337]]
[[1, 0], [19, 337], [-21, -337]]
[[1, 0], [19, 337], [-41, -674]]
[[1, 0], [19, 674], [-21, -674]]
[[1, 0], [190, 1011], [-191, -1011]]
[[1, 0], [190, 337], [-383, -674]]
[[1, 0], [191, 337], [-385, -674]]
[[1, 0], [191, 674], [-193, -674]]
[[1, 0], [192, 337], [-387, -674]]
[[1, 0], [193, 337], [-389, -674]]
[[1, 0], [193, 674], [-195, -674]]
[[1, 0], [194, 337], [-391, -674]]
[[1, 0], [195, 337], [-393, -674]]
[[1, 0], [195, 674], [-197, -674]]
[[1, 0], [196, 337], [-395, -674]]
[[1, 0], [197, 337], [-397, -674]]
[[1, 0], [197, 674], [-199, -674]]
[[1, 0], [198, 337], [-399, -674]]
[[1, 0], [199, 1011], [-200, -1011]]
[[1, 0], [199, 337], [-401, -674]]
[[1, 0], [199, 674], [-201, -674]]
[[1, 0], [2, 337], [-3, -337]]
[[1, 0], [2, 337], [-4, -337]]
[[1, 0], [2, 337], [-7, -674]]
[[1, 0], [20, 337], [-22, -337]]
[[1, 0], [20, 337], [-43, -674]]
[[1, 0], [200, 337], [-403, -674]]
[[1, 0], [201, 337], [-405, -674]]
[[1, 0], [201, 674], [-203, -674]]
[[1, 0], [202, 1011], [-203, -1011]]
[[1, 0], [202, 337], [-203, -337]]
[[1, 0], [202, 337], [-407, -674]]
[[1, 0], [203, 337], [-409, -674]]
[[1, 0], [203, 674], [-205, -674]]
[[1, 0], [204, 337], [-411, -674]]
[[1, 0], [205, 1011], [-206, -1011]]
[[1, 0], [205, 337], [-413, -674]]
[[1, 0], [205, 674], [-207, -674]]
[[1, 0], [206, 337], [-415, -674]]
[[1, 0], [207, 337], [-417, -674]]
[[1, 0], [207, 674], [-209, -674]]
[[1, 0], [208, 1011], [-209, -1011]]
[[1, 0], [208, 337], [-419, -674]]
[[1, 0], [209, 337], [-421, -674]]
[[1, 0], [209, 674], [-211, -674]]
[[1, 0], [21, 337], [-23, -337]]
[[1, 0], [21, 337], [-45, -674]]
[[1, 0], [21, 674], [-23, -674]]
[[1, 0], [210, 337], [-423, -674]]
[[1, 0], [211, 337], [-425, -674]]
[[1, 0], [211, 674], [-213, -674]]
[[1, 0], [212, 337], [-427, -674]]
[[1, 0], [213, 337], [-429, -674]]
[[1, 0], [213, 674], [-215, -674]]
[[1, 0], [214, 337], [-431, -674]]
[[1, 0], [215, 337], [-433, -674]]
[[1, 0], [215, 674], [-217, -674]]
[[1, 0], [216, 337], [-435, -674]]
[[1, 0], [217, 337], [-437, -674]]
[[1, 0], [217, 674], [-219, -674]]
[[1, 0], [218, 337], [-439, -674]]
[[1, 0], [219, 337], [-441, -674]]
[[1, 0], [219, 674], [-221, -674]]
[[1, 0], [22, 1011], [-23, -1011]]
[[1, 0], [22, 337], [-23, -337]]
[[1, 0], [22, 337], [-24, -337]]
[[1, 0], [22, 337], [-47, -674]]
[[1, 0], [220, 1011], [-221, -1011]]
[[1, 0], [220, 337], [-443, -674]]
[[1, 0], [221, 337], [-445, -674]]
[[1, 0], [221, 674], [-223, -674]]
[[1, 0], [222, 337], [-447, -674]]
[[1, 0], [223, 337], [-449, -674]]
[[1, 0], [223, 674], [-225, -674]]
[[1, 0], [224, 337], [-451, -674]]
[[1, 0], [225, 337], [-453, -674]]
[[1, 0], [225, 674], [-227, -674]]
[[1, 0], [226, 337], [-455, -674]]
[[1, 0], [227, 337], [-457, -674]]
[[1, 0], [227, 674], [-229, -674]]
[[1, 0], [228, 337], [-459, -674]]
[[1, 0], [229, 1011], [-230, -1011]]
[[1, 0], [229, 337], [-461, -674]]
[[1, 0], [229, 674], [-231, -674]]
[[1, 0], [23, 337], [-25, -337]]
[[1, 0], [23, 337], [-49, -674]]
[[1, 0], [23, 674], [-25, -674]]
[[1, 0], [230, 337], [-463, -674]]
[[1, 0], [231, 337], [-465, -674]]
[[1, 0], [231, 674], [-233, -674]]
[[1, 0], [232, 1011], [-233, -1011]]
[[1, 0], [232, 337], [-467, -674]]
[[1, 0], [233, 337], [-469, -674]]
[[1, 0], [233, 674], [-235, -674]]
[[1, 0], [234, 337], [-471, -674]]
[[1, 0], [235, 1011], [-236, -1011]]
[[1, 0], [235, 337], [-473, -674]]
[[1, 0], [235, 674], [-237, -674]]
[[1, 0], [236, 337], [-475, -674]]
[[1, 0], [237, 337], [-477, -674]]
[[1, 0], [237, 674], [-239, -674]]
[[1, 0], [238, 1011], [-239, -1011]]
[[1, 0], [238, 337], [-479, -674]]
[[1, 0], [239, 337], [-481, -674]]
[[1, 0], [239, 674], [-241, -674]]
[[1, 0], [24, 337], [-26, -337]]
[[1, 0], [24, 337], [-51, -674]]
[[1, 0], [240, 337], [-483, -674]]
[[1, 0], [241, 337], [-485, -674]]
[[1, 0], [241, 674], [-243, -674]]
[[1, 0], [242, 337], [-487, -674]]
[[1, 0], [243, 337], [-489, -674]]
[[1, 0], [243, 674], [-245, -674]]
[[1, 0], [244, 337], [-491, -674]]
[[1, 0], [245, 337], [-493, -674]]
[[1, 0], [245, 674], [-247, -674]]
[[1, 0], [246, 337], [-495, -674]]
[[1, 0], [247, 337], [-497, -674]]
[[1, 0], [247, 674], [-249, -674]]
[[1, 0], [248, 337], [-499, -674]]
[[1, 0], [249, 337], [-501, -674]]
[[1, 0], [249, 674], [-251, -674]]
[[1, 0], [25, 1011], [-26, -1011]]
[[1, 0], [25, 337], [-27, -337]]
[[1, 0], [25, 337], [-53, -674]]
[[1, 0], [25, 674], [-27, -674]]
[[1, 0], [250, 337], [-503, -674]]
[[1, 0], [251, 337], [-505, -674]]
[[1, 0], [251, 674], [-253, -674]]
[[1, 0], [252, 337], [-507, -674]]
[[1, 0], [253, 337], [-509, -674]]
[[1, 0], [253, 674], [-255, -674]]
[[1, 0], [254, 337], [-511, -674]]
[[1, 0], [255, 337], [-513, -674]]
[[1, 0], [255, 674], [-257, -674]]
[[1, 0], [256, 337], [-515, -674]]
[[1, 0], [257, 337], [-517, -674]]
[[1, 0], [257, 674], [-259, -674]]
[[1, 0], [258, 337], [-519, -674]]
[[1, 0], [259, 337], [-521, -674]]
[[1, 0], [259, 674], [-261, -674]]
[[1, 0], [26, 337], [-28, -337]]
[[1, 0], [26, 337], [-55, -674]]
[[1, 0], [260, 337], [-523, -674]]
[[1, 0], [261, 337], [-525, -674]]
[[1, 0], [261, 674], [-263, -674]]
[[1, 0], [262, 1011], [-263, -1011]]
[[1, 0], [262, 337], [-527, -674]]
[[1, 0], [263, 337], [-529, -674]]
[[1, 0], [263, 674], [-265, -674]]
[[1, 0], [264, 337], [-531, -674]]
[[1, 0], [265, 337], [-533, -674]]
[[1, 0], [265, 674], [-267, -674]]
[[1, 0], [266, 337], [-535, -674]]
[[1, 0], [267, 337], [-537, -674]]
[[1, 0], [267, 674], [-269, -674]]
[[1, 0], [268, 1011], [-269, -1011]]
[[1, 0], [268, 337], [-539, -674]]
[[1, 0], [269, 337], [-541, -674]]
[[1, 0], [269, 674], [-271, -674]]
[[1, 0], [27, 337], [-29, -337]]
[[1, 0], [27, 337], [-57, -674]]
[[1, 0], [27, 674], [-29, -674]]
[[1, 0], [270, 337], [-543, -674]]
[[1, 0], [271, 337], [-545, -674]]
[[1, 0], [271, 674], [-273, -674]]
[[1, 0], [272, 337], [-547, -674]]
[[1, 0], [273, 337], [-549, -674]]
[[1, 0], [273, 674], [-275, -674]]
[[1, 0], [274, 337], [-551, -674]]
[[1, 0], [275, 337], [-553, -674]]
[[1, 0], [275, 674], [-277, -674]]
[[1, 0], [276, 337], [-555, -674]]
[[1, 0], [277, 337], [-557, -674]]
[[1, 0], [277, 674], [-279, -674]]
[[1, 0], [278, 337], [-559, -674]]
[[1, 0], [279, 337], [-561, -674]]
[[1, 0], [279, 674], [-281, -674]]
[[1, 0], [28, 1011], [-29, -1011]]
[[1, 0], [28, 337], [-30, -337]]
[[1, 0], [28, 337], [-59, -674]]
[[1, 0], [280, 1011], [-281, -1011]]
[[1, 0], [280, 337], [-563, -674]]
[[1, 0], [281, 337], [-565, -674]]
[[1, 0], [281, 674], [-283, -674]]
[[1, 0], [282, 337], [-567, -674]]
[[1, 0], [283, 337], [-569, -674]]
[[1, 0], [283, 674], [-285, -674]]
[[1, 0], [284, 337], [-571, -674]]
[[1, 0], [285, 337], [-573, -674]]
[[1, 0], [285, 674], [-287, -674]]
[[1, 0], [286, 337], [-575, -674]]
[[1, 0], [287, 337], [-577, -674]]
[[1, 0], [287, 674], [-289, -674]]
[[1, 0], [288, 337], [-579, -674]]
[[1, 0], [289, 337], [-581, -674]]
[[1, 0], [289, 674], [-291, -674]]
[[1, 0], [29, 337], [-30, -337]]
[[1, 0], [29, 337], [-31, -337]]
[[1, 0], [29, 337], [-61, -674]]
[[1, 0], [29, 674], [-31, -674]]
[[1, 0], [290, 337], [-583, -674]]
[[1, 0], [291, 337], [-585, -674]]
[[1, 0], [291, 674], [-293, -674]]
[[1, 0], [292, 1011], [-293, -1011]]
[[1, 0], [292, 337], [-587, -674]]
[[1, 0], [293, 337], [-589, -674]]
[[1, 0], [293, 674], [-295, -674]]
[[1, 0], [294, 337], [-591, -674]]
[[1, 0], [295, 337], [-593, -674]]
[[1, 0], [295, 674], [-297, -674]]
[[1, 0], [296, 337], [-595, -674]]
[[1, 0], [297, 337], [-597, -674]]
[[1, 0], [297, 674], [-299, -674]]
[[1, 0], [298, 1011], [-299, -1011]]
[[1, 0], [298, 337], [-599, -674]]
[[1, 0], [299, 337], [-601, -674]]
[[1, 0], [299, 674], [-301, -674]]
[[1, 0], [3, 337], [-4, -337]]
[[1, 0], [3, 337], [-5, -337]]
[[1, 0], [3, 337], [-9, -674]]
[[1, 0], [3, 674], [-5, -674]]
[[1, 0], [30, 337], [-31, -337]]
[[1, 0], [30, 337], [-32, -337]]
[[1, 0], [30, 337], [-63, -674]]
[[1, 0], [300, 337], [-603, -674]]
[[1, 0], [301, 337], [-605, -674]]
[[1, 0], [301, 674], [-303, -674]]
[[1, 0], [302, 337], [-607, -674]]
[[1, 0], [303, 337], [-609, -674]]
[[1, 0], [303, 674], [-305, -674]]
[[1, 0], [304, 337], [-611, -674]]
[[1, 0], [305, 337], [-613, -674]]
[[1, 0], [305, 674], [-307, -674]]
[[1, 0], [306, 337], [-615, -674]]
[[1, 0], [307, 337], [-617, -674]]
[[1, 0], [307, 674], [-309, -674]]
[[1, 0], [308, 337], [-619, -674]]
[[1, 0], [309, 337], [-621, -674]]
[[1, 0], [309, 674], [-311, -674]]
[[1, 0], [31, 1011], [-32, -1011]]
[[1, 0], [31, 337], [-32, -337]]
[[1, 0], [31, 337], [-33, -337]]
[[1, 0], [31, 337], [-65, -674]]
[[1, 0], [31, 674], [-33, -674]]
[[1, 0], [310, 337], [-623, -674]]
[[1, 0], [311, 337], [-625, -674]]
[[1, 0], [311, 674], [-313, -674]]
[[1, 0], [312, 337], [-627, -674]]
[[1, 0], [313, 337], [-629, -674]]
[[1, 0], [313, 674], [-315, -674]]
[[1, 0], [314, 337], [-631, -674]]
[[1, 0], [315, 337], [-633, -674]]
[[1, 0], [315, 674], [-317, -674]]
[[1, 0], [316, 337], [-635, -674]]
[[1, 0], [317, 337], [-637, -674]]
[[1, 0], [317, 674], [-319, -674]]
[[1, 0], [318, 337], [-639, -674]]
[[1, 0], [319, 337], [-641, -674]]
[[1, 0], [319, 674], [-321, -674]]
[[1, 0], [32, 337], [-33, -337]]
[[1, 0], [32, 337], [-34, -337]]
[[1, 0], [32, 337], [-67, -674]]
[[1, 0], [320, 337], [-643, -674]]
[[1, 0], [321, 337], [-645, -674]]
[[1, 0], [321, 674], [-323, -674]]
[[1, 0], [322, 337], [-647, -674]]
[[1, 0], [323, 337], [-649, -674]]
[[1, 0], [323, 674], [-325, -674]]
[[1, 0], [324, 337], [-651, -674]]
[[1, 0], [325, 337], [-653, -674]]
[[1, 0], [325, 674], [-327, -674]]
[[1, 0], [326, 337], [-655, -674]]
[[1, 0], [327, 337], [-657, -674]]
[[1, 0], [327, 674], [-329, -674]]
[[1, 0], [328, 337], [-659, -674]]
[[1, 0], [329, 337], [-661, -674]]
[[1, 0], [329, 674], [-331, -674]]
[[1, 0], [33, 337], [-34, -337]]
[[1, 0], [33, 337], [-35, -337]]
[[1, 0], [33, 337], [-69, -674]]
[[1, 0], [33, 674], [-35, -674]]
[[1, 0], [330, 337], [-332, -337]]
[[1, 0], [330, 337], [-663, -674]]
[[1, 0], [331, 337], [-665, -674]]
[[1, 0], [331, 674], [-333, -674]]
[[1, 0], [332, 337], [-667, -674]]
[[1, 0], [333, 337], [-669, -674]]
[[1, 0], [333, 674], [-335, -674]]
[[1, 0], [334, 337], [-671, -674]]
[[1, 0], [335, 337], [-673, -674]]
[[1, 0], [336, 337], [-338, -337]]
[[1, 0], [336, 337], [-675, -674]]
[[1, 0], [34, 1011], [-35, -1011]]
[[1, 0], [34, 337], [-35, -337]]
[[1, 0], [34, 337], [-36, -337]]
[[1, 0], [34, 337], [-71, -674]]
[[1, 0], [340, 1011], [-341, -1011]]
[[1, 0], [35, 337], [-36, -337]]
[[1, 0], [35, 337], [-37, -337]]
[[1, 0], [35, 337], [-73, -674]]
[[1, 0], [35, 674], [-37, -674]]
[[1, 0], [352, 1011], [-353, -1011]]
[[1, 0], [36, 337], [-37, -337]]
[[1, 0], [36, 337], [-38, -337]]
[[1, 0], [36, 337], [-75, -674]]
[[1, 0], [37, 1011], [-38, -1011]]
[[1, 0], [37, 337], [-38, -337]]
[[1, 0], [37, 337], [-39, -337]]
[[1, 0], [37, 337], [-77, -674]]
[[1, 0], [37, 674], [-39, -674]]
[[1, 0], [38, 337], [-39, -337]]
[[1, 0], [38, 337], [-40, -337]]
[[1, 0], [38, 337], [-79, -674]]
[[1, 0], [39, 337], [-40, -337]]
[[1, 0], [39, 337], [-41, -337]]
[[1, 0], [39, 337], [-81, -674]]
[[1, 0], [39, 674], [-41, -674]]
[[1, 0], [4, 337], [-11, -674]]
[[1, 0], [4, 337], [-6, -337]]
[[1, 0], [40, 1011], [-41, -1011]]
[[1, 0], [40, 337], [-41, -337]]
[[1, 0], [40, 337], [-42, -337]]
[[1, 0], [40, 337], [-83, -674]]
[[1, 0], [403, 1011], [-404, -1011]]
[[1, 0], [41, 337], [-43, -337]]
[[1, 0], [41, 337], [-85, -674]]
[[1, 0], [41, 674], [-43, -674]]
[[1, 0], [42, 337], [-44, -337]]
[[1, 0], [42, 337], [-87, -674]]
[[1, 0], [43, 337], [-45, -337]]
[[1, 0], [43, 337], [-89, -674]]
[[1, 0], [43, 674], [-45, -674]]
[[1, 0], [44, 337], [-46, -337]]
[[1, 0], [44, 337], [-91, -674]]
[[1, 0], [45, 337], [-47, -337]]
[[1, 0], [45, 337], [-93, -674]]
[[1, 0], [45, 674], [-47, -674]]
[[1, 0], [46, 337], [-48, -337]]
[[1, 0], [46, 337], [-95, -674]]
[[1, 0], [47, 337], [-49, -337]]
[[1, 0], [47, 337], [-97, -674]]
[[1, 0], [47, 674], [-49, -674]]
[[1, 0], [48, 337], [-50, -337]]
[[1, 0], [48, 337], [-99, -674]]
[[1, 0], [49, 1011], [-50, -1011]]
[[1, 0], [49, 337], [-101, -674]]
[[1, 0], [49, 337], [-50, -337]]
[[1, 0], [49, 337], [-51, -337]]
[[1, 0], [49, 674], [-51, -674]]
[[1, 0], [5, 337], [-13, -674]]
[[1, 0], [5, 337], [-6, -337]]
[[1, 0], [50, 337], [-103, -674]]
[[1, 0], [50, 337], [-51, -337]]
[[1, 0], [50, 337], [-52, -337]]
[[1, 0], [51, 337], [-105, -674]]
[[1, 0], [51, 337], [-52, -337]]
[[1, 0], [51, 337], [-53, -337]]
[[1, 0], [51, 674], [-53, -674]]
[[1, 0], [52, 1011], [-53, -1011]]
[[1, 0], [52, 337], [-107, -674]]
[[1, 0], [52, 337], [-53, -337]]
[[1, 0], [52, 337], [-54, -337]]
[[1, 0], [53, 337], [-109, -674]]
[[1, 0], [53, 337], [-54, -337]]
[[1, 0], [53, 337], [-55, -337]]
[[1, 0], [53, 674], [-55, -674]]
[[1, 0], [54, 337], [-111, -674]]
[[1, 0], [54, 337], [-56, -337]]
[[1, 0], [55, 1011], [-56, -1011]]
[[1, 0], [55, 337], [-113, -674]]
[[1, 0], [55, 337], [-57, -337]]
[[1, 0], [55, 674], [-57, -674]]
[[1, 0], [56, 337], [-115, -674]]
[[1, 0], [56, 337], [-58, -337]]
[[1, 0], [57, 337], [-117, -674]]
[[1, 0], [57, 337], [-58, -337]]
[[1, 0], [57, 337], [-59, -337]]
[[1, 0], [57, 674], [-59, -674]]
[[1, 0], [58, 1011], [-59, -1011]]
[[1, 0], [58, 337], [-119, -674]]
[[1, 0], [58, 337], [-60, -337]]
[[1, 0], [59, 337], [-121, -674]]
[[1, 0], [59, 337], [-61, -337]]
[[1, 0], [59, 674], [-61, -674]]
[[1, 0], [6, 337], [-15, -674]]
[[1, 0], [6, 337], [-7, -337]]
[[1, 0], [6, 337], [-8, -337]]
[[1, 0], [60, 337], [-123, -674]]
[[1, 0], [60, 337], [-61, -337]]
[[1, 0], [60, 337], [-62, -337]]
[[1, 0], [61, 1011], [-62, -1011]]
[[1, 0], [61, 337], [-125, -674]]
[[1, 0], [61, 337], [-62, -337]]
[[1, 0], [61, 337], [-63, -337]]
[[1, 0], [61, 674], [-63, -674]]
[[1, 0], [62, 337], [-127, -674]]
[[1, 0], [62, 337], [-63, -337]]
[[1, 0], [62, 337], [-64, -337]]
[[1, 0], [63, 337], [-129, -674]]
[[1, 0], [63, 337], [-64, -337]]
[[1, 0], [63, 337], [-65, -337]]
[[1, 0], [63, 674], [-65, -674]]
[[1, 0], [64, 1011], [-65, -1011]]
[[1, 0], [64, 337], [-131, -674]]
[[1, 0], [64, 337], [-65, -337]]
[[1, 0], [64, 337], [-66, -337]]
[[1, 0], [65, 337], [-133, -674]]
[[1, 0], [65, 337], [-66, -337]]
[[1, 0], [65, 337], [-67, -337]]
[[1, 0], [65, 674], [-67, -674]]
[[1, 0], [66, 337], [-135, -674]]
[[1, 0], [66, 337], [-67, -337]]
[[1, 0], [66, 337], [-68, -337]]
[[1, 0], [667, 674], [-669, -674]]
[[1, 0], [67, 1011], [-68, -1011]]
[[1, 0], [67, 337], [-137, -674]]
[[1, 0], [67, 337], [-68, -337]]
[[1, 0], [67, 337], [-69, -337]]
[[1, 0], [67, 674], [-69, -674]]
[[1, 0], [673, 674], [-675, -674]]
[[1, 0], [68, 337], [-139, -674]]
[[1, 0], [68, 337], [-69, -337]]
[[1, 0], [68, 337], [-70, -337]]
[[1, 0], [69, 337], [-141, -674]]
[[1, 0], [69, 337], [-70, -337]]
[[1, 0], [69, 337], [-71, -337]]
[[1, 0], [69, 674], [-71, -674]]
[[1, 0], [7, 1011], [-8, -1011]]
[[1, 0], [7, 337], [-17, -674]]
[[1, 0], [7, 337], [-8, -337]]
[[1, 0], [7, 337], [-9, -337]]
[[1, 0], [7, 674], [-9, -674]]
[[1, 0], [70, 1011], [-71, -1011]]
[[1, 0], [70, 337], [-143, -674]]
[[1, 0], [70, 337], [-72, -337]]
[[1, 0], [71, 337], [-145, -674]]
[[1, 0], [71, 337], [-73, -337]]
[[1, 0], [71, 674], [-73, -674]]
[[1, 0], [72, 337], [-147, -674]]
[[1, 0], [72, 337], [-74, -337]]
[[1, 0], [73, 337], [-149, -674]]
[[1, 0], [73, 337], [-75, -337]]
[[1, 0], [73, 674], [-75, -674]]
[[1, 0], [74, 337], [-151, -674]]
[[1, 0], [74, 337], [-76, -337]]
[[1, 0], [75, 337], [-153, -674]]
[[1, 0], [75, 337], [-77, -337]]
[[1, 0], [75, 674], [-77, -674]]
[[1, 0], [76, 1011], [-77, -1011]]
[[1, 0], [76, 337], [-155, -674]]
[[1, 0], [76, 337], [-78, -337]]
[[1, 0], [77, 337], [-157, -674]]
[[1, 0], [77, 337], [-79, -337]]
[[1, 0], [77, 674], [-79, -674]]
[[1, 0], [78, 337], [-159, -674]]
[[1, 0], [78, 337], [-80, -337]]
[[1, 0], [79, 337], [-161, -674]]
[[1, 0], [79, 337], [-81, -337]]
[[1, 0], [79, 674], [-81, -674]]
[[1, 0], [8, 337], [-10, -337]]
[[1, 0], [8, 337], [-19, -674]]
[[1, 0], [8, 337], [-9, -337]]
[[1, 0], [80, 337], [-163, -674]]
[[1, 0], [80, 337], [-81, -337]]
[[1, 0], [80, 337], [-82, -337]]
[[1, 0], [81, 337], [-165, -674]]
[[1, 0], [81, 337], [-83, -337]]
[[1, 0], [81, 674], [-83, -674]]
[[1, 0], [82, 337], [-167, -674]]
[[1, 0], [82, 337], [-84, -337]]
[[1, 0], [83, 337], [-169, -674]]
[[1, 0], [83, 337], [-85, -337]]
[[1, 0], [83, 674], [-85, -674]]
[[1, 0], [84, 337], [-171, -674]]
[[1, 0], [84, 337], [-86, -337]]
[[1, 0], [85, 1011], [-86, -1011]]
[[1, 0], [85, 337], [-173, -674]]
[[1, 0], [85, 337], [-86, -337]]
[[1, 0], [85, 337], [-87, -337]]
[[1, 0], [85, 674], [-87, -674]]
[[1, 0], [86, 337], [-175, -674]]
[[1, 0], [86, 337], [-88, -337]]
[[1, 0], [87, 337], [-177, -674]]
[[1, 0], [87, 337], [-89, -337]]
[[1, 0], [87, 674], [-89, -674]]
[[1, 0], [88, 1011], [-89, -1011]]
[[1, 0], [88, 337], [-179, -674]]
[[1, 0], [88, 337], [-90, -337]]
[[1, 0], [89, 337], [-181, -674]]
[[1, 0], [89, 337], [-91, -337]]
[[1, 0], [89, 674], [-91, -674]]
[[1, 0], [9, 337], [-10, -337]]
[[1, 0], [9, 337], [-11, -337]]
[[1, 0], [9, 337], [-21, -674]]
[[1, 0], [9, 674], [-11, -674]]
[[1, 0], [90, 337], [-183, -674]]
[[1, 0], [90, 337], [-91, -337]]
[[1, 0], [90, 337], [-92, -337]]
[[1, 0], [91, 337], [-185, -674]]
[[1, 0], [91, 337], [-93, -337]]
[[1, 0], [91, 674], [-93, -674]]
[[1, 0], [92, 337], [-187, -674]]
[[1, 0], [92, 337], [-94, -337]]
[[1, 0], [93, 337], [-189, -674]]
[[1, 0], [93, 337], [-95, -337]]
[[1, 0], [93, 674], [-95, -674]]
[[1, 0], [94, 1011], [-95, -1011]]
[[1, 0], [94, 337], [-191, -674]]
[[1, 0], [94, 337], [-95, -337]]
[[1, 0], [94, 337], [-96, -337]]
[[1, 0], [95, 337], [-193, -674]]
[[1, 0], [95, 337], [-96, -337]]
[[1, 0], [95, 337], [-97, -337]]
[[1, 0], [95, 674], [-97, -674]]
[[1, 0], [96, 337], [-195, -674]]
[[1, 0], [96, 337], [-98, -337]]
[[1, 0], [97, 1011], [-98, -1011]]
[[1, 0], [97, 337], [-197, -674]]
[[1, 0], [97, 337], [-99, -337]]
[[1, 0], [97, 674], [-99, -674]]
[[1, 0], [98, 337], [-100, -337]]
[[1, 0], [98, 337], [-199, -674]]
[[1, 0], [98, 337], [-99, -337]]
[[1, 0], [99, 337], [-101, -337]]
[[1, 0], [99, 337], [-201, -674]]
[[1, 0], [99, 674], [-101, -674]]
