[[1, 0], [0, 1], [-100329, -158]]
[[1, 0], [0, 1], [-100329, -635]]
[[1, 0], [0, 1], [-1262, -1]]
[[1, 0], [0, 1], [-1262, -3]]
[[1, 0], [0, 1], [-1262, -421]]
[[1, 0], [0, 1], [-1263, -1262]]
[[1, 0], [0, 1], [-1893, -2]]
[[1, 0], [0, 1], [-1893, -947]]
[[1, 0], [0, 1], [-200027, -316]]
[[1, 0], [0, 1], [-200027, -633]]
[[1, 0], [0, 1], [-20192, -127]]
[[1, 0], [0, 1], [-20192, -159]]
[[1, 0], [0, 1], [-3155, -4]]
[[1, 0], [0, 1], [-3155, -789]]
[[1, 0], [0, 1], [-399423, -632]]
[[1, 0], [0, 1], [-50480, -639]]
[[1, 0], [0, 1], [-50480, -79]]
[[1, 0], [0, 1], [-5679, -710]]
[[1, 0], [0, 1], [-5679, -71]]
[[1, 0], [0, 1], [-5679, -80]]
[[1, 0], [0, 1], [-5679, -8]]
[[1, 0], [0, 1], [-631, -158]]
[[1, 0], [0, 1], [-631, -1]]
[[1, 0], [0, 1], [-631, -2]]
[[1, 0], [0, 1], [-631, -316]]
[[1, 0], [0, 1], [-631, -4]]
[[1, 0], [0, 1], [-631, -79]]
[[1, 0], [0, 1], [-631, -8]]
[[1, 0], [0, 1], [-632, -631]]
[[1, 0], [0, 1], [-66886, -211]]
[[1, 0], [0, 1], [-66886, -317]]
[[1, 0], [1, 106], [-317, -159]]
[[1, 0], [1, 10], [-639, -80]]
[[1, 0], [1, 1262], [-3, -1262]]
[[1, 0], [1, 128], [-159, -160]]
[[1, 0], [1, 12], [-3497, -318]]
[[1, 0], [1, 12], [-439, -220]]
[[1, 0], [1, 12], [-688, -53]]
[[1, 0], [1, 13], [-101, -51]]
[[1, 0], [1, 13], [-99, -25]]
[[1, 0], [1, 14], [-187, -94]]
[[1, 0], [1, 158], [-1263, -158]]
[[1, 0], [1, 158], [-1895, -316]]
[[1, 0], [1, 158], [-3159, -632]]
[[1, 0], [1, 159], [-635, -636]]
[[1, 0], [1, 16], [-159, -20]]
[[1, 0], [1, 16], [-639, -128]]
[[1, 0], [1, 1893], [-2, -1893]]
[[1, 0], [1, 20], [-639, -160]]
[[1, 0], [1, 211], [-1265, -633]]
[[1, 0], [1, 211], [-632, -211]]
[[1, 0], [1, 212], [-317, -318]]
[[1, 0], [1, 24], [-80, -27]]
[[1, 0], [1, 26], [-99, -50]]
[[1, 0], [1, 2], [-100487, -316]]
[[1, 0], [1, 2], [-1136, -379]]
[[1, 0], [1, 2], [-1263, -1262]]
[[1, 0], [1, 2], [-1263, -2]]
[[1, 0], [1, 2], [-1683, -842]]
[[1, 0], [1, 2], [-1895, -4]]
[[1, 0], [1, 2], [-200343, -632]]
[[1, 0], [1, 2], [-20351, -318]]
[[1, 0], [1, 2], [-25595, -79]]
[[1, 0], [1, 2], [-3159, -8]]
[[1, 0], [1, 2], [-317, -3]]
[[1, 0], [1, 2], [-3497, -53]]
[[1, 0], [1, 2], [-421, -211]]
[[1, 0], [1, 2], [-50559, -158]]
[[1, 0], [1, 2], [-5759, -160]]
[[1, 0], [1, 2], [-632, -631]]
[[1, 0], [1, 2], [-639, -16]]
[[1, 0], [1, 2], [-67203, -634]]
[[1, 0], [1, 316], [-1263, -316]]
[[1, 0], [1, 316], [-1895, -632]]
[[1, 0], [1, 317], [-633, -634]]
[[1, 0], [1, 32], [-159, -40]]
[[1, 0], [1, 3], [-1546, -221]]
[[1, 0], [1, 3], [-2139, -107]]
[[1, 0], [1, 3], [-22576, -211]]
[[1, 0], [1, 3], [-2386, -217]]
[[1, 0], [1, 3], [-316, -317]]
[[1, 0], [1, 3], [-439, -55]]
[[1, 0], [1, 3], [-459, -115]]
[[1, 0], [1, 3], [-505, -253]]
[[1, 0], [1, 3], [-5750, -213]]
[[1, 0], [1, 3], [-632, -3]]
[[1, 0], [1, 3], [-635, -12]]
[[1, 0], [1, 3], [-67097, -633]]
[[1, 0], [1, 3], [-710, -237]]
[[1, 0], [1, 3], [-9115, -212]]
[[1, 0], [1, 3], [-947, -948]]
[[1, 0], [1, 40], [-639, -320]]
[[1, 0], [1, 4], [-100487, -632]]
[[1, 0], [1, 4], [-1263, -4]]
[[1, 0], [1, 4], [-13113, -79]]
[[1, 0], [1, 4], [-159, -5]]
[[1, 0], [1, 4], [-1895, -8]]
[[1, 0], [1, 4], [-20351, -636]]
[[1, 0], [1, 4], [-25595, -158]]
[[1, 0], [1, 4], [-317, -6]]
[[1, 0], [1, 4], [-3497, -106]]
[[1, 0], [1, 4], [-421, -422]]
[[1, 0], [1, 4], [-50559, -316]]
[[1, 0], [1, 4], [-5759, -320]]
[[1, 0], [1, 4], [-639, -32]]
[[1, 0], [1, 4], [-809, -81]]
[[1, 0], [1, 53], [-635, -212]]
[[1, 0], [1, 5], [-158, -159]]
[[1, 0], [1, 5], [-20319, -635]]
[[1, 0], [1, 5], [-4190, -127]]
[[1, 0], [1, 5], [-639, -40]]
[[1, 0], [1, 5], [-789, -790]]
[[1, 0], [1, 631], [-2, -631]]
[[1, 0], [1, 631], [-3, -631]]
[[1, 0], [1, 631], [-5, -1262]]
[[1, 0], [1, 632], [-1263, -632]]
[[1, 0], [1, 633], [-632, -633]]
[[1, 0], [1, 64], [-159, -80]]
[[1, 0], [1, 6], [-2139, -214]]
[[1, 0], [1, 6], [-3497, -159]]
[[1, 0], [1, 6], [-439, -110]]
[[1, 0], [1, 6], [-459, -230]]
[[1, 0], [1, 6], [-544, -109]]
[[1, 0], [1, 72], [-80, -81]]
[[1, 0], [1, 79], [-1263, -79]]
[[1, 0], [1, 79], [-1895, -158]]
[[1, 0], [1, 79], [-3159, -316]]
[[1, 0], [1, 79], [-5687, -632]]
[[1, 0], [1, 7], [-187, -47]]
[[1, 0], [1, 7], [-284, -95]]
[[1, 0], [1, 7], [-464, -93]]
[[1, 0], [1, 80], [-639, -640]]
[[1, 0], [1, 8], [-1263, -8]]
[[1, 0], [1, 8], [-13113, -158]]
[[1, 0], [1, 8], [-159, -10]]
[[1, 0], [1, 8], [-25595, -316]]
[[1, 0], [1, 8], [-50559, -632]]
[[1, 0], [1, 8], [-5759, -640]]
[[1, 0], [1, 8], [-639, -64]]
[[1, 0], [1, 8], [-6872, -79]]
[[1, 0], [1, 8], [-80, -9]]
[[1, 0], [1, 8], [-809, -162]]
[[1, 0], [1, 9], [-5750, -639]]
[[1, 0], [1, 9], [-709, -71]]
[[1, 0], [1, 9], [-710, -711]]
[[1, 0], [1, 9], [-79, -80]]
[[1, 0], [10, 1893], [-11, -1893]]
[[1, 0], [10, 631], [-11, -631]]
[[1, 0], [10, 631], [-12, -631]]
[[1, 0], [10, 631], [-23, -1262]]
[[1, 0], [100, 1893], [-101, -1893]]
[[1, 0], [100, 631], [-102, -631]]
[[1, 0], [100, 631], [-203, -1262]]
[[1, 0], [101, 1262], [-103, -1262]]
[[1, 0], [101, 631], [-103, -631]]
[[1, 0], [101, 631], [-205, -1262]]
[[1, 0], [102, 631], [-104, -631]]
[[1, 0], [102, 631], [-207, -1262]]
[[1, 0], [103, 1262], [-105, -1262]]
[[1, 0], [103, 631], [-105, -631]]
[[1, 0], [103, 631], [-209, -1262]]
[[1, 0], [104, 631], [-106, -631]]
[[1, 0], [104, 631], [-211, -1262]]
[[1, 0], [105, 1262], [-107, -1262]]
[[1, 0], [105, 631], [-107, -631]]
[[1, 0], [105, 631], [-213, -1262]]
[[1, 0], [106, 1893], [-107, -1893]]
[[1, 0], [106, 631], [-107, -631]]
[[1, 0], [106, 631], [-108, -631]]
[[1, 0], [106, 631], [-215, -1262]]
[[1, 0], [107, 1262], [-109, -1262]]
[[1, 0], [107, 631], [-108, -631]]
[[1, 0], [107, 631], [-109, -631]]
[[1, 0], [107, 631], [-217, -1262]]
[[1, 0], [108, 631], [-109, -631]]
[[1, 0], [108, 631], [-110, -631]]
[[1, 0], [108, 631], [-219, -1262]]
[[1, 0], [109, 1262], [-111, -1262]]
[[1, 0], [109, 1893], [-110, -1893]]
[[1, 0], [109, 631], [-111, -631]]
[[1, 0], [109, 631], [-221, -1262]]
[[1, 0], [11, 1262], [-13, -1262]]
[[1, 0], [11, 631], [-12, -631]]
[[1, 0], [11, 631], [-13, -631]]
[[1, 0], [11, 631], [-25, -1262]]
[[1, 0], [110, 631], [-112, -631]]
[[1, 0], [110, 631], [-223, -1262]]
[[1, 0], [111, 1262], [-113, -1262]]
[[1, 0], [111, 631], [-113, -631]]
[[1, 0], [111, 631], [-225, -1262]]
[[1, 0], [112, 631], [-114, -631]]
[[1, 0], [112, 631], [-227, -1262]]
[[1, 0], [113, 1262], [-115, -1262]]
[[1, 0], [113, 631], [-115, -631]]
[[1, 0], [113, 631], [-229, -1262]]
[[1, 0], [114, 631], [-115, -631]]
[[1, 0], [114, 631], [-116, -631]]
[[1, 0], [114, 631], [-231, -1262]]
[[1, 0], [115, 1262], [-117, -1262]]
[[1, 0], [115, 1893], [-116, -1893]]
[[1, 0], [115, 631], [-116, -631]]
[[1, 0], [115, 631], [-117, -631]]
[[1, 0], [115, 631], [-233, -1262]]
[[1, 0], [116, 631], [-117, -631]]
[[1, 0], [116, 631], [-118, -631]]
[[1, 0], [116, 631], [-235, -1262]]
[[1, 0], [117, 1262], [-119, -1262]]
[[1, 0], [117, 631], [-118, -631]]
[[1, 0], [117, 631], [-119, -631]]
[[1, 0], [117, 631], [-237, -1262]]
[[1, 0], [118, 1893], [-119, -1893]]
[[1, 0], [118, 631], [-119, -631]]
[[1, 0], [118, 631], [-120, -631]]
[[1, 0], [118, 631], [-239, -1262]]
[[1, 0], [119, 1262], [-121, -1262]]
[[1, 0], [119, 631], [-120, -631]]
[[1, 0], [119, 631], [-121, -631]]
[[1, 0], [119, 631], [-241, -1262]]
[[1, 0], [12, 631], [-13, -631]]
[[1, 0], [12, 631], [-14, -631]]
[[1, 0], [12, 631], [-27, -1262]]
[[1, 0], [120, 631], [-122, -631]]
[[1, 0], [120, 631], [-243, -1262]]
[[1, 0], [121, 1262], [-123, -1262]]
[[1, 0], [121, 1893], [-122, -1893]]
[[1, 0], [121, 631], [-123, -631]]
[[1, 0], [121, 631], [-245, -1262]]
[[1, 0], [122, 631], [-124, -631]]
[[1, 0], [122, 631], [-247, -1262]]
[[1, 0], [123, 1262], [-125, -1262]]
[[1, 0], [123, 631], [-125, -631]]
[[1, 0], [123, 631], [-249, -1262]]
[[1, 0], [124, 631], [-126, -631]]
[[1, 0], [124, 631], [-251, -1262]]
[[1, 0], [125, 1262], [-127, -1262]]
[[1, 0], [125, 631], [-127, -631]]
[[1, 0], [125, 631], [-253, -1262]]
[[1, 0], [1255, 1262], [-1257, -1262]]
[[1, 0], [126, 631], [-127, -631]]
[[1, 0], [126, 631], [-128, -631]]
[[1, 0], [126, 631], [-255, -1262]]
[[1, 0], [1261, 1262], [-1263, -1262]]
[[1, 0], [127, 1262], [-129, -1262]]
[[1, 0], [127, 1893], [-128, -1893]]
[[1, 0], [127, 631], [-128, -631]]
[[1, 0], [127, 631], [-129, -631]]
[[1, 0], [127, 631], [-257, -1262]]
[[1, 0], [128, 631], [-129, -631]]
[[1, 0], [128, 631], [-130, -631]]
[[1, 0], [128, 631], [-259, -1262]]
[[1, 0], [129, 1262], [-131, -1262]]
[[1, 0], [129, 631], [-130, -631]]
[[1, 0], [129, 631], [-131, -631]]
[[1, 0], [129, 631], [-261, -1262]]
[[1, 0], [13, 1262], [-15, -1262]]
[[1, 0], [13, 1893], [-14, -1893]]
[[1, 0], [13, 631], [-14, -631]]
[[1, 0], [13, 631], [-15, -631]]
[[1, 0], [13, 631], [-29, -1262]]
[[1, 0], [130, 1893], [-131, -1893]]
[[1, 0], [130, 631], [-131, -631]]
[[1, 0], [130, 631], [-132, -631]]
[[1, 0], [130, 631], [-263, -1262]]
[[1, 0], [131, 1262], [-133, -1262]]
[[1, 0], [131, 631], [-132, -631]]
[[1, 0], [131, 631], [-133, -631]]
[[1, 0], [131, 631], [-265, -1262]]
[[1, 0], [132, 631], [-133, -631]]
[[1, 0], [132, 631], [-134, -631]]
[[1, 0], [132, 631], [-267, -1262]]
[[1, 0], [133, 1262], [-135, -1262]]
[[1, 0], [133, 1893], [-134, -1893]]
[[1, 0], [133, 631], [-134, -631]]
[[1, 0], [133, 631], [-135, -631]]
[[1, 0], [133, 631], [-269, -1262]]
[[1, 0], [134, 631], [-135, -631]]
[[1, 0], [134, 631], [-136, -631]]
[[1, 0], [134, 631], [-271, -1262]]
[[1, 0], [135, 1262], [-137, -1262]]
[[1, 0], [135, 631], [-137, -631]]
[[1, 0], [135, 631], [-273, -1262]]
[[1, 0], [136, 1893], [-137, -1893]]
[[1, 0], [136, 631], [-138, -631]]
[[1, 0], [136, 631], [-275, -1262]]
[[1, 0], [137, 1262], [-139, -1262]]
[[1, 0], [137, 631], [-139, -631]]
[[1, 0], [137, 631], [-277, -1262]]
[[1, 0], [138, 631], [-140, -631]]
[[1, 0], [138, 631], [-279, -1262]]
[[1, 0], [139, 1262], [-141, -1262]]
[[1, 0], [139, 1893], [-140, -1893]]
[[1, 0], [139, 631], [-140, -631]]
[[1, 0], [139, 631], [-141, -631]]
[[1, 0], [139, 631], [-281, -1262]]
[[1, 0], [14, 631], [-15, -631]]
[[1, 0], [14, 631], [-16, -631]]
[[1, 0], [14, 631], [-31, -1262]]
[[1, 0], [140, 631], [-141, -631]]
[[1, 0], [140, 631], [-142, -631]]
[[1, 0], [140, 631], [-283, -1262]]
[[1, 0], [141, 1262], [-143, -1262]]
[[1, 0], [141, 631], [-143, -631]]
[[1, 0], [141, 631], [-285, -1262]]
[[1, 0], [142, 631], [-144, -631]]
[[1, 0], [142, 631], [-287, -1262]]
[[1, 0], [143, 1262], [-145, -1262]]
[[1, 0], [143, 631], [-144, -631]]
[[1, 0], [143, 631], [-145, -631]]
[[1, 0], [143, 631], [-289, -1262]]
[[1, 0], [144, 631], [-145, -631]]
[[1, 0], [144, 631], [-146, -631]]
[[1, 0], [144, 631], [-291, -1262]]
[[1, 0], [145, 1262], [-147, -1262]]
[[1, 0], [145, 1893], [-146, -1893]]
[[1, 0], [145, 631], [-146, -631]]
[[1, 0], [145, 631], [-147, -631]]
[[1, 0], [145, 631], [-293, -1262]]
[[1, 0], [146, 631], [-147, -631]]
[[1, 0], [146, 631], [-148, -631]]
[[1, 0], [146, 631], [-295, -1262]]
[[1, 0], [147, 1262], [-149, -1262]]
[[1, 0], [147, 631], [-149, -631]]
[[1, 0], [147, 631], [-297, -1262]]
[[1, 0], [148, 1893], [-149, -1893]]
[[1, 0], [148, 631], [-150, -631]]
[[1, 0], [148, 631], [-299, -1262]]
[[1, 0], [149, 1262], [-151, -1262]]
[[1, 0], [149, 631], [-151, -631]]
[[1, 0], [149, 631], [-301, -1262]]
[[1, 0], [15, 1262], [-17, -1262]]
[[1, 0], [15, 631], [-16, -631]]
[[1, 0], [15, 631], [-17, -631]]
[[1, 0], [15, 631], [-33, -1262]]
[[1, 0], [150, 631], [-152, -631]]
[[1, 0], [150, 631], [-303, -1262]]
[[1, 0], [151, 1262], [-153, -1262]]
[[1, 0], [151, 631], [-153, -631]]
[[1, 0], [151, 631], [-305, -1262]]
[[1, 0], [152, 631], [-154, -631]]
[[1, 0], [152, 631], [-307, -1262]]
[[1, 0], [153, 1262], [-155, -1262]]
[[1, 0], [153, 631], [-155, -631]]
[[1, 0], [153, 631], [-309, -1262]]
[[1, 0], [154, 1893], [-155, -1893]]
[[1, 0], [154, 631], [-156, -631]]
[[1, 0], [154, 631], [-311, -1262]]
[[1, 0], [155, 1262], [-157, -1262]]
[[1, 0], [155, 631], [-157, -631]]
[[1, 0], [155, 631], [-313, -1262]]
[[1, 0], [156, 631], [-157, -631]]
[[1, 0], [156, 631], [-158, -631]]
[[1, 0], [156, 631], [-315, -1262]]
[[1, 0], [157, 1262], [-159, -1262]]
[[1, 0], [157, 1893], [-158, -1893]]
[[1, 0], [157, 631], [-159, -631]]
[[1, 0], [157, 631], [-317, -1262]]
[[1, 0], [158, 631], [-160, -631]]
[[1, 0], [158, 631], [-319, -1262]]
[[1, 0], [159, 1262], [-161, -1262]]
[[1, 0], [159, 631], [-161, -631]]
[[1, 0], [159, 631], [-321, -1262]]
[[1, 0], [16, 1893], [-17, -1893]]
[[1, 0], [16, 631], [-17, -631]]
[[1, 0], [16, 631], [-18, -631]]
[[1, 0], [16, 631], [-35, -1262]]
[[1, 0], [160, 1893], [-161, -1893]]
[[1, 0], [160, 631], [-161, -631]]
[[1, 0], [160, 631], [-162, -631]]
[[1, 0], [160, 631], [-323, -1262]]
[[1, 0], [161, 1262], [-163, -1262]]
[[1, 0], [161, 631], [-163, -631]]
[[1, 0], [161, 631], [-325, -1262]]
[[1, 0], [162, 631], [-164, -631]]
[[1, 0], [162, 631], [-327, -1262]]
[[1, 0], [163, 1262], [-165, -1262]]
[[1, 0], [163, 1893], [-164, -1893]]
[[1, 0], [163, 631], [-165, -631]]
[[1, 0], [163, 631], [-329, -1262]]
[[1, 0], [164, 631], [-165, -631]]
[[1, 0], [164, 631], [-166, -631]]
[[1, 0], [164, 631], [-331, -1262]]
[[1, 0], [165, 1262], [-167, -1262]]
[[1, 0], [165, 631], [-167, -631]]
[[1, 0], [165, 631], [-333, -1262]]
[[1, 0], [166, 631], [-168, -631]]
[[1, 0], [166, 631], [-335, -1262]]
[[1, 0], [167, 1262], [-169, -1262]]
[[1, 0], [167, 631], [-169, -631]]
[[1, 0], [167, 631], [-337, -1262]]
[[1, 0], [168, 631], [-170, -631]]
[[1, 0], [168, 631], [-339, -1262]]
[[1, 0], [169, 1262], [-171, -1262]]
[[1, 0], [169, 631], [-171, -631]]
[[1, 0], [169, 631], [-341, -1262]]
[[1, 0], [17, 1262], [-19, -1262]]
[[1, 0], [17, 631], [-18, -631]]
[[1, 0], [17, 631], [-19, -631]]
[[1, 0], [17, 631], [-37, -1262]]
[[1, 0], [170, 631], [-171, -631]]
[[1, 0], [170, 631], [-172, -631]]
[[1, 0], [170, 631], [-343, -1262]]
[[1, 0], [171, 1262], [-173, -1262]]
[[1, 0], [171, 631], [-173, -631]]
[[1, 0], [171, 631], [-345, -1262]]
[[1, 0], [172, 631], [-174, -631]]
[[1, 0], [172, 631], [-347, -1262]]
[[1, 0], [173, 1262], [-175, -1262]]
[[1, 0], [173, 631], [-175, -631]]
[[1, 0], [173, 631], [-349, -1262]]
[[1, 0], [174, 631], [-175, -631]]
[[1, 0], [174, 631], [-176, -631]]
[[1, 0], [174, 631], [-351, -1262]]
[[1, 0], [175, 1262], [-177, -1262]]
[[1, 0], [175, 1893], [-176, -1893]]
[[1, 0], [175, 631], [-177, -631]]
[[1, 0], [175, 631], [-353, -1262]]
[[1, 0], [176, 631], [-178, -631]]
[[1, 0], [176, 631], [-355, -1262]]
[[1, 0], [177, 1262], [-179, -1262]]
[[1, 0], [177, 631], [-179, -631]]
[[1, 0], [177, 631], [-357, -1262]]
[[1, 0], [178, 1893], [-179, -1893]]
[[1, 0], [178, 631], [-180, -631]]
[[1, 0], [178, 631], [-359, -1262]]
[[1, 0], [179, 1262], [-181, -1262]]
[[1, 0], [179, 631], [-181, -631]]
[[1, 0], [179, 631], [-361, -1262]]
[[1, 0], [18, 631], [-19, -631]]
[[1, 0], [18, 631], [-20, -631]]
[[1, 0], [18, 631], [-39, -1262]]
[[1, 0], [180, 631], [-181, -631]]
[[1, 0], [180, 631], [-182, -631]]
[[1, 0], [180, 631], [-363, -1262]]
[[1, 0], [181, 1262], [-183, -1262]]
[[1, 0], [181, 631], [-183, -631]]
[[1, 0], [181, 631], [-365, -1262]]
[[1, 0], [182, 631], [-184, -631]]
[[1, 0], [182, 631], [-367, -1262]]
[[1, 0], [183, 1262], [-185, -1262]]
[[1, 0], [183, 631], [-185, -631]]
[[1, 0], [183, 631], [-369, -1262]]
[[1, 0], [184, 1893], [-185, -1893]]
[[1, 0], [184, 631], [-186, -631]]
[[1, 0], [184, 631], [-371, -1262]]
[[1, 0], [185, 1262], [-187, -1262]]
[[1, 0], [185, 631], [-186, -631]]
[[1, 0], [185, 631], [-187, -631]]
[[1, 0], [185, 631], [-373, -1262]]
[[1, 0], [186, 631], [-188, -631]]
[[1, 0], [186, 631], [-375, -1262]]
[[1, 0], [187, 1262], [-189, -1262]]
[[1, 0], [187, 1893], [-188, -1893]]
[[1, 0], [187, 631], [-189, -631]]
[[1, 0], [187, 631], [-377, -1262]]
[[1, 0], [188, 631], [-189, -631]]
[[1, 0], [188, 631], [-190, -631]]
[[1, 0], [188, 631], [-379, -1262]]
[[1, 0], [189, 1262], [-191, -1262]]
[[1, 0], [189, 631], [-190, -631]]
[[1, 0], [189, 631], [-191, -631]]
[[1, 0], [189, 631], [-381, -1262]]
[[1, 0], [19, 1262], [-21, -1262]]
[[1, 0], [19, 1893], [-20, -1893]]
[[1, 0], [19, 631], [-20, -631]]
[[1, 0], [19, 631], [-21, -631]]
[[1, 0], [19, 631], [-41, -1262]]
[[1, 0], [190, 1893], [-191, -1893]]
[[1, 0], [190, 631], [-192, -631]]
[[1, 0], [190, 631], [-383, -1262]]
[[1, 0], [191, 1262], [-193, -1262]]
[[1, 0], [191, 631], [-193, -631]]
[[1, 0], [191, 631], [-385, -1262]]
[[1, 0], [192, 631], [-194, -631]]
[[1, 0], [192, 631], [-387, -1262]]
[[1, 0], [193, 1262], [-195, -1262]]
[[1, 0], [193, 1893], [-194, -1893]]
[[1, 0], [193, 631], [-195, -631]]
[[1, 0], [193, 631], [-389, -1262]]
[[1, 0], [194, 631], [-195, -631]]
[[1, 0], [194, 631], [-196, -631]]
[[1, 0], [194, 631], [-391, -1262]]
[[1, 0], [195, 1262], [-197, -1262]]
[[1, 0], [195, 631], [-197, -631]]
[[1, 0], [195, 631], [-393, -1262]]
[[1, 0], [196, 1893], [-197, -1893]]
[[1, 0], [196, 631], [-198, -631]]
[[1, 0], [196, 631], [-395, -1262]]
[[1, 0], [197, 1262], [-199, -1262]]
[[1, 0], [197, 631], [-198, -631]]
[[1, 0], [197, 631], [-199, -631]]
[[1, 0], [197, 631], [-397, -1262]]
[[1, 0], [198, 631], [-200, -631]]
[[1, 0], [198, 631], [-399, -1262]]
[[1, 0], [199, 1262], [-201, -1262]]
[[1, 0], [199, 1893], [-200, -1893]]
[[1, 0], [199, 631], [-201, -631]]
[[1, 0], [199, 631], [-401, -1262]]
[[1, 0], [2, 631], [-3, -631]]
[[1, 0], [2, 631], [-4, -631]]
[[1, 0], [2, 631], [-7, -1262]]
[[1, 0], [20, 631], [-21, -631]]
[[1, 0], [20, 631], [-22, -631]]
[[1, 0], [20, 631], [-43, -1262]]
[[1, 0], [200, 631], [-201, -631]]
[[1, 0], [200, 631], [-202, -631]]
[[1, 0], [200, 631], [-403, -1262]]
[[1, 0], [201, 1262], [-203, -1262]]
[[1, 0], [201, 631], [-202, -631]]
[[1, 0], [201, 631], [-203, -631]]
[[1, 0], [201, 631], [-405, -1262]]
[[1, 0], [202, 1893], [-203, -1893]]
[[1, 0], [202, 631], [-203, -631]]
[[1, 0], [202, 631], [-204, -631]]
[[1, 0], [202, 631], [-407, -1262]]
[[1, 0], [203, 1262], [-205, -1262]]
[[1, 0], [203, 631], [-205, -631]]
[[1, 0], [203, 631], [-409, -1262]]
[[1, 0], [204, 631], [-206, -631]]
[[1, 0], [204, 631], [-411, -1262]]
[[1, 0], [205, 1262], [-207, -1262]]
[[1, 0], [205, 1893], [-206, -1893]]
[[1, 0], [205, 631], [-207, -631]]
[[1, 0], [205, 631], [-413, -1262]]
[[1, 0], [206, 631], [-208, -631]]
[[1, 0], [206, 631], [-415, -1262]]
[[1, 0], [207, 1262], [-209, -1262]]
[[1, 0], [207, 631], [-209, -631]]
[[1, 0], [207, 631], [-417, -1262]]
[[1, 0], [208, 1893], [-209, -1893]]
[[1, 0], [208, 631], [-210, -631]]
[[1, 0], [208, 631], [-419, -1262]]
[[1, 0], [209, 1262], [-211, -1262]]
[[1, 0], [209, 631], [-211, -631]]
[[1, 0], [209, 631], [-421, -1262]]
[[1, 0], [21, 1262], [-23, -1262]]
[[1, 0], [21, 631], [-22, -631]]
[[1, 0], [21, 631], [-23, -631]]
[[1, 0], [21, 631], [-45, -1262]]
[[1, 0], [210, 631], [-212, -631]]
[[1, 0], [210, 631], [-423, -1262]]
[[1, 0], [211, 1262], [-213, -1262]]
[[1, 0], [211, 1893], [-212, -1893]]
[[1, 0], [211, 631], [-212, -631]]
[[1, 0], [211, 631], [-213, -631]]
[[1, 0], [211, 631], [-425, -1262]]
[[1, 0], [212, 631], [-213, -631]]
[[1, 0], [212, 631], [-214, -631]]
[[1, 0], [212, 631], [-427, -1262]]
[[1, 0], [213, 1262], [-215, -1262]]
[[1, 0], [213, 631], [-215, -631]]
[[1, 0], [213, 631], [-429, -1262]]
[[1, 0], [214, 631], [-216, -631]]
[[1, 0], [214, 631], [-431, -1262]]
[[1, 0], [215, 1262], [-217, -1262]]
[[1, 0], [215, 631], [-217, -631]]
[[1, 0], [215, 631], [-433, -1262]]
[[1, 0], [216, 631], [-217, -631]]
[[1, 0], [216, 631], [-218, -631]]
[[1, 0], [216, 631], [-435, -1262]]
[[1, 0], [217, 1262], [-219, -1262]]
[[1, 0], [217, 1893], [-218, -1893]]
[[1, 0], [217, 631], [-219, -631]]
[[1, 0], [217, 631], [-437, -1262]]
[[1, 0], [218, 631], [-220, -631]]
[[1, 0], [218, 631], [-439, -1262]]
[[1, 0], [219, 1262], [-221, -1262]]
[[1, 0], [219, 631], [-221, -631]]
[[1, 0], [219, 631], [-441, -1262]]
[[1, 0], [22, 1893], [-23, -1893]]
[[1, 0], [22, 631], [-23, -631]]
[[1, 0], [22, 631], [-24, -631]]
[[1, 0], [22, 631], [-47, -1262]]
[[1, 0], [220, 1893], [-221, -1893]]
[[1, 0], [220, 631], [-222, -631]]
[[1, 0], [220, 631], [-443, -1262]]
[[1, 0], [221, 1262], [-223, -1262]]
[[1, 0], [221, 631], [-223, -631]]
[[1, 0], [221, 631], [-445, -1262]]
[[1, 0], [222, 631], [-224, -631]]
[[1, 0], [222, 631], [-447, -1262]]
[[1, 0], [223, 1262], [-225, -1262]]
[[1, 0], [223, 1893], [-224, -1893]]
[[1, 0], [223, 631], [-225, -631]]
[[1, 0], [223, 631], [-449, -1262]]
[[1, 0], [224, 631], [-226, -631]]
[[1, 0], [224, 631], [-451, -1262]]
[[1, 0], [225, 1262], [-227, -1262]]
[[1, 0], [225, 631], [-227, -631]]
[[1, 0], [225, 631], [-453, -1262]]
[[1, 0], [226, 1893], [-227, -1893]]
[[1, 0], [226, 631], [-228, -631]]
[[1, 0], [226, 631], [-455, -1262]]
[[1, 0], [227, 1262], [-229, -1262]]
[[1, 0], [227, 631], [-229, -631]]
[[1, 0], [227, 631], [-457, -1262]]
[[1, 0], [228, 631], [-230, -631]]
[[1, 0], [228, 631], [-459, -1262]]
[[1, 0], [229, 1262], [-231, -1262]]
[[1, 0], [229, 631], [-231, -631]]
[[1, 0], [229, 631], [-461, -1262]]
[[1, 0], [23, 1262], [-25, -1262]]
[[1, 0], [23, 631], [-24, -631]]
[[1, 0], [23, 631], [-25, -631]]
[[1, 0], [23, 631], [-49, -1262]]
[[1, 0], [230, 631], [-232, -631]]
[[1, 0], [230, 631], [-463, -1262]]
[[1, 0], [231, 1262], [-233, -1262]]
[[1, 0], [231, 631], [-233, -631]]
[[1, 0], [231, 631], [-465, -1262]]
[[1, 0], [232, 631], [-234, -631]]
[[1, 0], [232, 631], [-467, -1262]]
[[1, 0], [233, 1262], [-235, -1262]]
[[1, 0], [233, 631], [-235, -631]]
[[1, 0], [233, 631], [-469, -1262]]
[[1, 0], [234, 631], [-236, -631]]
[[1, 0], [234, 631], [-471, -1262]]
[[1, 0], [235, 1262], [-237, -1262]]
[[1, 0], [235, 631], [-237, -631]]
[[1, 0], [235, 631], [-473, -1262]]
[[1, 0], [236, 631], [-238, -631]]
[[1, 0], [236, 631], [-475, -1262]]
[[1, 0], [237, 1262], [-239, -1262]]
[[1, 0], [237, 631], [-239, -631]]
[[1, 0], [237, 631], [-477, -1262]]
[[1, 0], [238, 1893], [-239, -1893]]
[[1, 0], [238, 631], [-240, -631]]
[[1, 0], [238, 631], [-479, -1262]]
[[1, 0], [239, 1262], [-241, -1262]]
[[1, 0], [239, 631], [-241, -631]]
[[1, 0], [239, 631], [-481, -1262]]
[[1, 0], [24, 631], [-25, -631]]
[[1, 0], [24, 631], [-26, -631]]
[[1, 0], [24, 631], [-51, -1262]]
[[1, 0], [240, 631], [-242, -631]]
[[1, 0], [240, 631], [-483, -1262]]
[[1, 0], [241, 1262], [-243, -1262]]
[[1, 0], [241, 1893], [-242, -1893]]
[[1, 0], [241, 631], [-243, -631]]
[[1, 0], [241, 631], [-485, -1262]]
[[1, 0], [242, 631], [-244, -631]]
[[1, 0], [242, 631], [-487, -1262]]
[[1, 0], [243, 1262], [-245, -1262]]
[[1, 0], [243, 631], [-245, -631]]
[[1, 0], [243, 631], [-489, -1262]]
[[1, 0], [244, 1893], [-245, -1893]]
[[1, 0], [244, 631], [-246, -631]]
[[1, 0], [244, 631], [-491, -1262]]
[[1, 0], [245, 1262], [-247, -1262]]
[[1, 0], [245, 631], [-247, -631]]
[[1, 0], [245, 631], [-493, -1262]]
[[1, 0], [246, 631], [-248, -631]]
[[1, 0], [246, 631], [-495, -1262]]
[[1, 0], [247, 1262], [-249, -1262]]
[[1, 0], [247, 1893], [-248, -1893]]
[[1, 0], [247, 631], [-249, -631]]
[[1, 0], [247, 631], [-497, -1262]]
[[1, 0], [248, 631], [-250, -631]]
[[1, 0], [248, 631], [-499, -1262]]
[[1, 0], [249, 1262], [-251, -1262]]
[[1, 0], [249, 631], [-251, -631]]
[[1, 0], [249, 631], [-501, -1262]]
[[1, 0], [25, 1262], [-27, -1262]]
[[1, 0], [25, 1893], [-26, -1893]]
[[1, 0], [25, 631], [-26, -631]]
[[1, 0], [25, 631], [-27, -631]]
[[1, 0], [25, 631], [-53, -1262]]
[[1, 0], [250, 631], [-252, -631]]
[[1, 0], [250, 631], [-503, -1262]]
[[1, 0], [251, 1262], [-253, -1262]]
[[1, 0], [251, 631], [-253, -631]]
[[1, 0], [251, 631], [-505, -1262]]
[[1, 0], [252, 631], [-254, -631]]
[[1, 0], [252, 631], [-507, -1262]]
[[1, 0], [253, 1262], [-255, -1262]]
[[1, 0], [253, 1893], [-254, -1893]]
[[1, 0], [253, 631], [-255, -631]]
[[1, 0], [253, 631], [-509, -1262]]
[[1, 0], [254, 631], [-256, -631]]
[[1, 0], [254, 631], [-511, -1262]]
[[1, 0], [255, 1262], [-257, -1262]]
[[1, 0], [255, 631], [-257, -631]]
[[1, 0], [255, 631], [-513, -1262]]
[[1, 0], [256, 1893], [-257, -1893]]
[[1, 0], [256, 631], [-258, -631]]
[[1, 0], [256, 631], [-515, -1262]]
[[1, 0], [257, 1262], [-259, -1262]]
[[1, 0], [257, 631], [-259, -631]]
[[1, 0], [257, 631], [-517, -1262]]
[[1, 0], [258, 631], [-260, -631]]
[[1, 0], [258, 631], [-519, -1262]]
[[1, 0], [259, 1262], [-261, -1262]]
[[1, 0], [259, 1893], [-260, -1893]]
[[1, 0], [259, 631], [-261, -631]]
[[1, 0], [259, 631], [-521, -1262]]
[[1, 0], [26, 631], [-27, -631]]
[[1, 0], [26, 631], [-28, -631]]
[[1, 0], [26, 631], [-55, -1262]]
[[1, 0], [260, 631], [-262, -631]]
[[1, 0], [260, 631], [-523, -1262]]
[[1, 0], [261, 1262], [-263, -1262]]
[[1, 0], [261, 631], [-263, -631]]
[[1, 0], [261, 631], [-525, -1262]]
[[1, 0], [262, 1893], [-263, -1893]]
[[1, 0], [262, 631], [-264, -631]]
[[1, 0], [262, 631], [-527, -1262]]
[[1, 0], [263, 1262], [-265, -1262]]
[[1, 0], [263, 631], [-265, -631]]
[[1, 0], [263, 631], [-529, -1262]]
[[1, 0], [264, 631], [-266, -631]]
[[1, 0], [264, 631], [-531, -1262]]
[[1, 0], [265, 1262], [-267, -1262]]
[[1, 0], [265, 631], [-267, -631]]
[[1, 0], [265, 631], [-533, -1262]]
[[1, 0], [266, 631], [-268, -631]]
[[1, 0], [266, 631], [-535, -1262]]
[[1, 0], [267, 1262], [-269, -1262]]
[[1, 0], [267, 631], [-269, -631]]
[[1, 0], [267, 631], [-537, -1262]]
[[1, 0], [268, 631], [-270, -631]]
[[1, 0], [268, 631], [-539, -1262]]
[[1, 0], [269, 1262], [-271, -1262]]
[[1, 0], [269, 631], [-271, -631]]
[[1, 0], [269, 631], [-541, -1262]]
[[1, 0], [27, 1262], [-29, -1262]]
[[1, 0], [27, 631], [-28, -631]]
[[1, 0], [27, 631], [-29, -631]]
[[1, 0], [27, 631], [-57, -1262]]
[[1, 0], [270, 631], [-272, -631]]
[[1, 0], [270, 631], [-543, -1262]]
[[1, 0], [271, 1262], [-273, -1262]]
[[1, 0], [271, 1893], [-272, -1893]]
[[1, 0], [271, 631], [-273, -631]]
[[1, 0], [271, 631], [-545, -1262]]
[[1, 0], [272, 631], [-274, -631]]
[[1, 0], [272, 631], [-547, -1262]]
[[1, 0], [273, 1262], [-275, -1262]]
[[1, 0], [273, 631], [-275, -631]]
[[1, 0], [273, 631], [-549, -1262]]
[[1, 0], [274, 631], [-276, -631]]
[[1, 0], [274, 631], [-551, -1262]]
[[1, 0], [275, 1262], [-277, -1262]]
[[1, 0], [275, 631], [-277, -631]]
[[1, 0], [275, 631], [-553, -1262]]
[[1, 0], [276, 631], [-278, -631]]
[[1, 0], [276, 631], [-555, -1262]]
[[1, 0], [277, 1262], [-279, -1262]]
[[1, 0], [277, 631], [-279, -631]]
[[1, 0], [277, 631], [-557, -1262]]
[[1, 0], [278, 631], [-280, -631]]
[[1, 0], [278, 631], [-559, -1262]]
[[1, 0], [279, 1262], [-281, -1262]]
[[1, 0], [279, 631], [-281, -631]]
[[1, 0], [279, 631], [-561, -1262]]
[[1, 0], [28, 1893], [-29, -1893]]
[[1, 0], [28, 631], [-29, -631]]
[[1, 0], [28, 631], [-30, -631]]
[[1, 0], [28, 631], [-59, -1262]]
[[1, 0], [280, 631], [-282, -631]]
[[1, 0], [280, 631], [-563, -1262]]
[[1, 0], [281, 1262], [-283, -1262]]
[[1, 0], [281, 631], [-283, -631]]
[[1, 0], [281, 631], [-565, -1262]]
[[1, 0], [282, 631], [-284, -631]]
[[1, 0], [282, 631], [-567, -1262]]
[[1, 0], [283, 1262], [-285, -1262]]
[[1, 0], [283, 631], [-285, -631]]
[[1, 0], [283, 631], [-569, -1262]]
[[1, 0], [284, 631], [-286, -631]]
[[1, 0], [284, 631], [-571, -1262]]
[[1, 0], [285, 1262], [-287, -1262]]
[[1, 0], [285, 631], [-287, -631]]
[[1, 0], [285, 631], [-573, -1262]]
[[1, 0], [286, 631], [-288, -631]]
[[1, 0], [286, 631], [-575, -1262]]
[[1, 0], [287, 1262], [-289, -1262]]
[[1, 0], [287, 631], [-289, -631]]
[[1, 0], [287, 631], [-577, -1262]]
[[1, 0], [288, 631], [-290, -631]]
[[1, 0], [288, 631], [-579, -1262]]
[[1, 0], [289, 1262], [-291, -1262]]
[[1, 0], [289, 631], [-291, -631]]
[[1, 0], [289, 631], [-581, -1262]]
[[1, 0], [29, 1262], [-31, -1262]]
[[1, 0], [29, 631], [-31, -631]]
[[1, 0], [29, 631], [-61, -1262]]
[[1, 0], [290, 631], [-292, -631]]
[[1, 0], [290, 631], [-583, -1262]]
[[1, 0], [291, 1262], [-293, -1262]]
[[1, 0], [291, 631], [-293, -631]]
[[1, 0], [291, 631], [-585, -1262]]
[[1, 0], [292, 631], [-294, -631]]
[[1, 0], [292, 631], [-587, -1262]]
[[1, 0], [293, 1262], [-295, -1262]]
[[1, 0], [293, 631], [-295, -631]]
[[1, 0], [293, 631], [-589, -1262]]
[[1, 0], [294, 631], [-296, -631]]
[[1, 0], [294, 631], [-591, -1262]]
[[1, 0], [295, 1262], [-297, -1262]]
[[1, 0], [295, 631], [-297, -631]]
[[1, 0], [295, 631], [-593, -1262]]
[[1, 0], [296, 631], [-298, -631]]
[[1, 0], [296, 631], [-595, -1262]]
[[1, 0], [297, 1262], [-299, -1262]]
[[1, 0], [297, 631], [-299, -631]]
[[1, 0], [297, 631], [-597, -1262]]
[[1, 0], [298, 1893], [-299, -1893]]
[[1, 0], [298, 631], [-300, -631]]
[[1, 0], [298, 631], [-599, -1262]]
[[1, 0], [299, 1262], [-301, -1262]]
[[1, 0], [299, 631], [-301, -631]]
[[1, 0], [299, 631], [-601, -1262]]
[[1, 0], [3, 1262], [-5, -1262]]
[[1, 0], [3, 631], [-4, -631]]
[[1, 0], [3, 631], [-5, -631]]
[[1, 0], [3, 631], [-9, -1262]]
[[1, 0], [30, 631], [-32, -631]]
[[1, 0], [30, 631], [-63, -1262]]
[[1, 0], [300, 631], [-302, -631]]
[[1, 0], [300, 631], [-603, -1262]]
[[1, 0], [301, 1262], [-303, -1262]]
[[1, 0], [301, 631], [-303, -631]]
[[1, 0], [301, 631], [-605, -1262]]
[[1, 0], [302, 631], [-304, -631]]
[[1, 0], [302, 631], [-607, -1262]]
[[1, 0], [303, 1262], [-305, -1262]]
[[1, 0], [303, 631], [-305, -631]]
[[1, 0], [303, 631], [-609, -1262]]
[[1, 0], [304, 1893], [-305, -1893]]
[[1, 0], [304, 631], [-306, -631]]
[[1, 0], [304, 631], [-611, -1262]]
[[1, 0], [305, 1262], [-307, -1262]]
[[1, 0], [305, 631], [-307, -631]]
[[1, 0], [305, 631], [-613, -1262]]
[[1, 0], [306, 631], [-308, -631]]
[[1, 0], [306, 631], [-615, -1262]]
[[1, 0], [307, 1262], [-309, -1262]]
[[1, 0], [307, 631], [-309, -631]]
[[1, 0], [307, 631], [-617, -1262]]
[[1, 0], [308, 631], [-310, -631]]
[[1, 0], [308, 631], [-619, -1262]]
[[1, 0], [309, 1262], [-311, -1262]]
[[1, 0], [309, 631], [-311, -631]]
[[1, 0], [309, 631], [-621, -1262]]
[[1, 0], [31, 1262], [-33, -1262]]
[[1, 0], [31, 1893], [-32, -1893]]
[[1, 0], [31, 631], [-32, -631]]
[[1, 0], [31, 631], [-33, -631]]
[[1, 0], [31, 631], [-65, -1262]]
[[1, 0], [310, 631], [-312, -631]]
[[1, 0], [310, 631], [-623, -1262]]
[[1, 0], [311, 1262], [-313, -1262]]
[[1, 0], [311, 631], [-313, -631]]
[[1, 0], [311, 631], [-625, -1262]]
[[1, 0], [312, 631], [-314, -631]]
[[1, 0], [312, 631], [-627, -1262]]
[[1, 0], [313, 1262], [-315, -1262]]
[[1, 0], [313, 631], [-315, -631]]
[[1, 0], [313, 631], [-629, -1262]]
[[1, 0], [314, 631], [-316, -631]]
[[1, 0], [315, 1262], [-317, -1262]]
[[1, 0], [315, 631], [-633, -1262]]
[[1, 0], [316, 1893], [-317, -1893]]
[[1, 0], [316, 631], [-635, -1262]]
[[1, 0], [317, 1262], [-319, -1262]]
[[1, 0], [317, 631], [-637, -1262]]
[[1, 0], [318, 631], [-639, -1262]]
[[1, 0], [319, 1262], [-321, -1262]]
[[1, 0], [319, 1893], [-320, -1893]]
[[1, 0], [319, 631], [-641, -1262]]
[[1, 0], [32, 631], [-33, -631]]
[[1, 0], [32, 631], [-34, -631]]
[[1, 0], [32, 631], [-67, -1262]]
[[1, 0], [320, 631], [-643, -1262]]
[[1, 0], [321, 1262], [-323, -1262]]
[[1, 0], [321, 631], [-645, -1262]]
[[1, 0], [322, 631], [-647, -1262]]
[[1, 0], [323, 1262], [-325, -1262]]
[[1, 0], [323, 631], [-649, -1262]]
[[1, 0], [324, 631], [-651, -1262]]
[[1, 0], [325, 1262], [-327, -1262]]
[[1, 0], [325, 1893], [-326, -1893]]
[[1, 0], [325, 631], [-653, -1262]]
[[1, 0], [326, 631], [-655, -1262]]
[[1, 0], [327, 1262], [-329, -1262]]
[[1, 0], [327, 631], [-657, -1262]]
[[1, 0], [328, 631], [-659, -1262]]
[[1, 0], [329, 1262], [-331, -1262]]
[[1, 0], [329, 631], [-661, -1262]]
[[1, 0], [33, 1262], [-35, -1262]]
[[1, 0], [33, 631], [-34, -631]]
[[1, 0], [33, 631], [-35, -631]]
[[1, 0], [33, 631], [-69, -1262]]
[[1, 0], [330, 631], [-663, -1262]]
[[1, 0], [331, 1262], [-333, -1262]]
[[1, 0], [331, 631], [-665, -1262]]
[[1, 0], [332, 631], [-667, -1262]]
[[1, 0], [333, 1262], [-335, -1262]]
[[1, 0], [333, 631], [-669, -1262]]
[[1, 0], [334, 631], [-671, -1262]]
[[1, 0], [335, 1262], [-337, -1262]]
[[1, 0], [335, 631], [-673, -1262]]
[[1, 0], [336, 631], [-675, -1262]]
[[1, 0], [337, 1262], [-339, -1262]]
[[1, 0], [337, 631], [-677, -1262]]
[[1, 0], [338, 631], [-679, -1262]]
[[1, 0], [339, 1262], [-341, -1262]]
[[1, 0], [339, 631], [-681, -1262]]
[[1, 0], [34, 1893], [-35, -1893]]
[[1, 0], [34, 631], [-36, -631]]
[[1, 0], [34, 631], [-71, -1262]]
[[1, 0], [340, 631], [-683, -1262]]
[[1, 0], [341, 1262], [-343, -1262]]
[[1, 0], [341, 631], [-685, -1262]]
[[1, 0], [342, 631], [-687, -1262]]
[[1, 0], [343, 1262], [-345, -1262]]
[[1, 0], [343, 1893], [-344, -1893]]
[[1, 0], [343, 631], [-689, -1262]]
[[1, 0], [344, 631], [-691, -1262]]
[[1, 0], [345, 1262], [-347, -1262]]
[[1, 0], [345, 631], [-693, -1262]]
[[1, 0], [346, 1893], [-347, -1893]]
[[1, 0], [346, 631], [-695, -1262]]
[[1, 0], [347, 1262], [-349, -1262]]
[[1, 0], [347, 631], [-697, -1262]]
[[1, 0], [348, 631], [-699, -1262]]
[[1, 0], [349, 1262], [-351, -1262]]
[[1, 0], [349, 1893], [-350, -1893]]
[[1, 0], [349, 631], [-701, -1262]]
[[1, 0], [35, 1262], [-37, -1262]]
[[1, 0], [35, 631], [-37, -631]]
[[1, 0], [35, 631], [-73, -1262]]
[[1, 0], [350, 631], [-703, -1262]]
[[1, 0], [351, 1262], [-353, -1262]]
[[1, 0], [351, 631], [-705, -1262]]
[[1, 0], [352, 631], [-707, -1262]]
[[1, 0], [353, 1262], [-355, -1262]]
[[1, 0], [353, 631], [-709, -1262]]
[[1, 0], [354, 631], [-711, -1262]]
[[1, 0], [355, 1262], [-357, -1262]]
[[1, 0], [355, 631], [-713, -1262]]
[[1, 0], [356, 631], [-715, -1262]]
[[1, 0], [357, 1262], [-359, -1262]]
[[1, 0], [357, 631], [-717, -1262]]
[[1, 0], [358, 631], [-719, -1262]]
[[1, 0], [359, 1262], [-361, -1262]]
[[1, 0], [359, 631], [-721, -1262]]
[[1, 0], [36, 631], [-37, -631]]
[[1, 0], [36, 631], [-38, -631]]
[[1, 0], [36, 631], [-75, -1262]]
[[1, 0], [360, 631], [-723, -1262]]
[[1, 0], [361, 1262], [-363, -1262]]
[[1, 0], [361, 1893], [-362, -1893]]
[[1, 0], [361, 631], [-725, -1262]]
[[1, 0], [362, 631], [-727, -1262]]
[[1, 0], [363, 1262], [-365, -1262]]
[[1, 0], [363, 631], [-729, -1262]]
[[1, 0], [364, 631], [-731, -1262]]
[[1, 0], [365, 1262], [-367, -1262]]
[[1, 0], [365, 631], [-733, -1262]]
[[1, 0], [366, 631], [-735, -1262]]
[[1, 0], [367, 1262], [-369, -1262]]
[[1, 0], [367, 631], [-737, -1262]]
[[1, 0], [368, 631], [-739, -1262]]
[[1, 0], [369, 1262], [-371, -1262]]
[[1, 0], [369, 631], [-741, -1262]]
[[1, 0], [37, 1262], [-39, -1262]]
[[1, 0], [37, 1893], [-38, -1893]]
[[1, 0], [37, 631], [-38, -631]]
[[1, 0], [37, 631], [-39, -631]]
[[1, 0], [37, 631], [-77, -1262]]
[[1, 0], [370, 631], [-743, -1262]]
[[1, 0], [371, 1262], [-373, -1262]]
[[1, 0], [371, 631], [-745, -1262]]
[[1, 0], [372, 631], [-747, -1262]]
[[1, 0], [373, 1262], [-375, -1262]]
[[1, 0], [373, 631], [-749, -1262]]
[[1, 0], [374, 631], [-751, -1262]]
[[1, 0], [375, 1262], [-377, -1262]]
[[1, 0], [375, 631], [-753, -1262]]
[[1, 0], [376, 631], [-755, -1262]]
[[1, 0], [377, 1262], [-379, -1262]]
[[1, 0], [377, 631], [-757, -1262]]
[[1, 0], [378, 631], [-759, -1262]]
[[1, 0], [379, 1262], [-381, -1262]]
[[1, 0], [379, 1893], [-380, -1893]]
[[1, 0], [379, 631], [-761, -1262]]
[[1, 0], [38, 631], [-39, -631]]
[[1, 0], [38, 631], [-40, -631]]
[[1, 0], [38, 631], [-79, -1262]]
[[1, 0], [380, 631], [-763, -1262]]
[[1, 0], [381, 1262], [-383, -1262]]
[[1, 0], [381, 631], [-765, -1262]]
[[1, 0], [382, 631], [-767, -1262]]
[[1, 0], [383, 1262], [-385, -1262]]
[[1, 0], [383, 631], [-769, -1262]]
[[1, 0], [384, 631], [-771, -1262]]
[[1, 0], [385, 1262], [-387, -1262]]
[[1, 0], [385, 631], [-773, -1262]]
[[1, 0], [386, 631], [-775, -1262]]
[[1, 0], [387, 1262], [-389, -1262]]
[[1, 0], [387, 631], [-777, -1262]]
[[1, 0], [388, 631], [-779, -1262]]
[[1, 0], [389, 1262], [-391, -1262]]
[[1, 0], [389, 631], [-781, -1262]]
[[1, 0], [39, 1262], [-41, -1262]]
[[1, 0], [39, 631], [-40, -631]]
[[1, 0], [39, 631], [-41, -631]]
[[1, 0], [39, 631], [-81, -1262]]
[[1, 0], [390, 631], [-783, -1262]]
[[1, 0], [391, 1262], [-393, -1262]]
[[1, 0], [391, 1893], [-392, -1893]]
[[1, 0], [391, 631], [-785, -1262]]
[[1, 0], [392, 631], [-787, -1262]]
[[1, 0], [393, 1262], [-395, -1262]]
[[1, 0], [393, 631], [-789, -1262]]
[[1, 0], [394, 631], [-791, -1262]]
[[1, 0], [395, 1262], [-397, -1262]]
[[1, 0], [395, 631], [-793, -1262]]
[[1, 0], [396, 631], [-795, -1262]]
[[1, 0], [397, 1262], [-399, -1262]]
[[1, 0], [397, 631], [-797, -1262]]
[[1, 0], [398, 631], [-799, -1262]]
[[1, 0], [399, 1262], [-401, -1262]]
[[1, 0], [399, 631], [-801, -1262]]
[[1, 0], [4, 631], [-11, -1262]]
[[1, 0], [4, 631], [-6, -631]]
[[1, 0], [40, 1893], [-41, -1893]]
[[1, 0], [40, 631], [-41, -631]]
[[1, 0], [40, 631], [-42, -631]]
[[1, 0], [40, 631], [-83, -1262]]
[[1, 0], [400, 1893], [-401, -1893]]
[[1, 0], [400, 631], [-803, -1262]]
[[1, 0], [401, 1262], [-403, -1262]]
[[1, 0], [401, 631], [-805, -1262]]
[[1, 0], [402, 631], [-807, -1262]]
[[1, 0], [403, 1262], [-405, -1262]]
[[1, 0], [403, 631], [-809, -1262]]
[[1, 0], [404, 631], [-811, -1262]]
[[1, 0], [405, 1262], [-407, -1262]]
[[1, 0], [405, 631], [-813, -1262]]
[[1, 0], [406, 631], [-815, -1262]]
[[1, 0], [407, 1262], [-409, -1262]]
[[1, 0], [407, 631], [-817, -1262]]
[[1, 0], [408, 631], [-819, -1262]]
[[1, 0], [409, 1262], [-411, -1262]]
[[1, 0], [409, 631], [-821, -1262]]
[[1, 0], [41, 1262], [-43, -1262]]
[[1, 0], [41, 631], [-43, -631]]
[[1, 0], [41, 631], [-85, -1262]]
[[1, 0], [410, 631], [-823, -1262]]
[[1, 0], [411, 1262], [-413, -1262]]
[[1, 0], [411, 631], [-825, -1262]]
[[1, 0], [412, 631], [-827, -1262]]
[[1, 0], [413, 1262], [-415, -1262]]
[[1, 0], [413, 631], [-829, -1262]]
[[1, 0], [414, 631], [-831, -1262]]
[[1, 0], [415, 1262], [-417, -1262]]
[[1, 0], [415, 631], [-833, -1262]]
[[1, 0], [416, 631], [-835, -1262]]
[[1, 0], [417, 1262], [-419, -1262]]
[[1, 0], [417, 631], [-837, -1262]]
[[1, 0], [418, 631], [-839, -1262]]
[[1, 0], [419, 1262], [-421, -1262]]
[[1, 0], [419, 631], [-841, -1262]]
[[1, 0], [42, 631], [-44, -631]]
[[1, 0], [42, 631], [-87, -1262]]
[[1, 0], [420, 631], [-843, -1262]]
[[1, 0], [421, 1262], [-423, -1262]]
[[1, 0], [421, 631], [-845, -1262]]
[[1, 0], [422, 631], [-847, -1262]]
[[1, 0], [423, 1262], [-425, -1262]]
[[1, 0], [423, 631], [-849, -1262]]
[[1, 0], [424, 1893], [-425, -1893]]
[[1, 0], [424, 631], [-851, -1262]]
[[1, 0], [425, 1262], [-427, -1262]]
[[1, 0], [425, 631], [-853, -1262]]
[[1, 0], [426, 631], [-855, -1262]]
[[1, 0], [427, 1262], [-429, -1262]]
[[1, 0], [427, 631], [-857, -1262]]
[[1, 0], [428, 631], [-859, -1262]]
[[1, 0], [429, 1262], [-431, -1262]]
[[1, 0], [429, 631], [-861, -1262]]
[[1, 0], [43, 1262], [-45, -1262]]
[[1, 0], [43, 1893], [-44, -1893]]
[[1, 0], [43, 631], [-44, -631]]
[[1, 0], [43, 631], [-45, -631]]
[[1, 0], [43, 631], [-89, -1262]]
[[1, 0], [430, 631], [-863, -1262]]
[[1, 0], [431, 1262], [-433, -1262]]
[[1, 0], [431, 631], [-865, -1262]]
[[1, 0], [432, 631], [-867, -1262]]
[[1, 0], [433, 1262], [-435, -1262]]
[[1, 0], [433, 631], [-869, -1262]]
[[1, 0], [434, 631], [-871, -1262]]
[[1, 0], [435, 1262], [-437, -1262]]
[[1, 0], [435, 631], [-873, -1262]]
[[1, 0], [436, 631], [-875, -1262]]
[[1, 0], [437, 1262], [-439, -1262]]
[[1, 0], [437, 631], [-877, -1262]]
[[1, 0], [438, 631], [-879, -1262]]
[[1, 0], [439, 1262], [-441, -1262]]
[[1, 0], [439, 631], [-881, -1262]]
[[1, 0], [44, 631], [-46, -631]]
[[1, 0], [44, 631], [-91, -1262]]
[[1, 0], [440, 631], [-883, -1262]]
[[1, 0], [441, 1262], [-443, -1262]]
[[1, 0], [441, 631], [-885, -1262]]
[[1, 0], [442, 631], [-887, -1262]]
[[1, 0], [443, 1262], [-445, -1262]]
[[1, 0], [443, 631], [-889, -1262]]
[[1, 0], [444, 631], [-891, -1262]]
[[1, 0], [445, 1262], [-447, -1262]]
[[1, 0], [445, 631], [-893, -1262]]
[[1, 0], [446, 631], [-895, -1262]]
[[1, 0], [447, 1262], [-449, -1262]]
[[1, 0], [447, 631], [-897, -1262]]
[[1, 0], [448, 1893], [-449, -1893]]
[[1, 0], [448, 631], [-899, -1262]]
[[1, 0], [449, 1262], [-451, -1262]]
[[1, 0], [449, 631], [-901, -1262]]
[[1, 0], [45, 1262], [-47, -1262]]
[[1, 0], [45, 631], [-47, -631]]
[[1, 0], [45, 631], [-93, -1262]]
[[1, 0], [450, 631], [-903, -1262]]
[[1, 0], [451, 1262], [-453, -1262]]
[[1, 0], [451, 631], [-905, -1262]]
[[1, 0], [452, 631], [-907, -1262]]
[[1, 0], [453, 1262], [-455, -1262]]
[[1, 0], [453, 631], [-909, -1262]]
[[1, 0], [454, 1893], [-455, -1893]]
[[1, 0], [454, 631], [-911, -1262]]
[[1, 0], [455, 1262], [-457, -1262]]
[[1, 0], [455, 631], [-913, -1262]]
[[1, 0], [456, 631], [-915, -1262]]
[[1, 0], [457, 1262], [-459, -1262]]
[[1, 0], [457, 631], [-917, -1262]]
[[1, 0], [458, 631], [-919, -1262]]
[[1, 0], [459, 1262], [-461, -1262]]
[[1, 0], [459, 631], [-921, -1262]]
[[1, 0], [46, 1893], [-47, -1893]]
[[1, 0], [46, 631], [-47, -631]]
[[1, 0], [46, 631], [-48, -631]]
[[1, 0], [46, 631], [-95, -1262]]
[[1, 0], [460, 1893], [-461, -1893]]
[[1, 0], [460, 631], [-923, -1262]]
[[1, 0], [461, 1262], [-463, -1262]]
[[1, 0], [461, 631], [-925, -1262]]
[[1, 0], [462, 631], [-927, -1262]]
[[1, 0], [463, 1262], [-465, -1262]]
[[1, 0], [463, 1893], [-464, -1893]]
[[1, 0], [463, 631], [-929, -1262]]
[[1, 0], [464, 631], [-931, -1262]]
[[1, 0], [465, 1262], [-467, -1262]]
[[1, 0], [465, 631], [-933, -1262]]
[[1, 0], [466, 631], [-935, -1262]]
[[1, 0], [467, 1262], [-469, -1262]]
[[1, 0], [467, 631], [-937, -1262]]
[[1, 0], [468, 631], [-939, -1262]]
[[1, 0], [469, 1262], [-471, -1262]]
[[1, 0], [469, 1893], [-470, -1893]]
[[1, 0], [469, 631], [-941, -1262]]
[[1, 0], [47, 1262], [-49, -1262]]
[[1, 0], [47, 631], [-48, -631]]
[[1, 0], [47, 631], [-49, -631]]
[[1, 0], [47, 631], [-97, -1262]]
[[1, 0], [470, 631], [-943, -1262]]
[[1, 0], [471, 1262], [-473, -1262]]
[[1, 0], [471, 631], [-945, -1262]]
[[1, 0], [472, 631], [-947, -1262]]
[[1, 0], [473, 1262], [-475, -1262]]
[[1, 0], [473, 631], [-949, -1262]]
[[1, 0], [474, 631], [-951, -1262]]
[[1, 0], [475, 1262], [-477, -1262]]
[[1, 0], [475, 631], [-953, -1262]]
[[1, 0], [476, 631], [-955, -1262]]
[[1, 0], [477, 1262], [-479, -1262]]
[[1, 0], [477, 631], [-957, -1262]]
[[1, 0], [478, 1893], [-479, -1893]]
[[1, 0], [478, 631], [-959, -1262]]
[[1, 0], [479, 1262], [-481, -1262]]
[[1, 0], [479, 631], [-961, -1262]]
[[1, 0], [48, 631], [-49, -631]]
[[1, 0], [48, 631], [-50, -631]]
[[1, 0], [48, 631], [-99, -1262]]
[[1, 0], [480, 631], [-963, -1262]]
[[1, 0], [481, 1262], [-483, -1262]]
[[1, 0], [481, 631], [-965, -1262]]
[[1, 0], [482, 631], [-967, -1262]]
[[1, 0], [483, 1262], [-485, -1262]]
[[1, 0], [483, 631], [-969, -1262]]
[[1, 0], [484, 631], [-971, -1262]]
[[1, 0], [485, 1262], [-487, -1262]]
[[1, 0], [485, 631], [-973, -1262]]
[[1, 0], [486, 631], [-975, -1262]]
[[1, 0], [487, 1262], [-489, -1262]]
[[1, 0], [487, 631], [-977, -1262]]
[[1, 0], [488, 631], [-979, -1262]]
[[1, 0], [489, 1262], [-491, -1262]]
[[1, 0], [489, 631], [-981, -1262]]
[[1, 0], [49, 1262], [-51, -1262]]
[[1, 0], [49, 1893], [-50, -1893]]
[[1, 0], [49, 631], [-101, -1262]]
[[1, 0], [49, 631], [-50, -631]]
[[1, 0], [49, 631], [-51, -631]]
[[1, 0], [490, 631], [-983, -1262]]
[[1, 0], [491, 1262], [-493, -1262]]
[[1, 0], [491, 631], [-985, -1262]]
[[1, 0], [492, 631], [-987, -1262]]
[[1, 0], [493, 1262], [-495, -1262]]
[[1, 0], [493, 631], [-989, -1262]]
[[1, 0], [494, 631], [-991, -1262]]
[[1, 0], [495, 1262], [-497, -1262]]
[[1, 0], [495, 631], [-993, -1262]]
[[1, 0], [496, 631], [-995, -1262]]
[[1, 0], [497, 1262], [-499, -1262]]
[[1, 0], [497, 631], [-997, -1262]]
[[1, 0], [498, 631], [-999, -1262]]
[[1, 0], [499, 1262], [-501, -1262]]
[[1, 0], [499, 1893], [-500, -1893]]
[[1, 0], [499, 631], [-1001, -1262]]
[[1, 0], [5, 631], [-13, -1262]]
[[1, 0], [5, 631], [-6, -631]]
[[1, 0], [50, 631], [-103, -1262]]
[[1, 0], [50, 631], [-51, -631]]
[[1, 0], [50, 631], [-52, -631]]
[[1, 0], [500, 631], [-1003, -1262]]
[[1, 0], [501, 1262], [-503, -1262]]
[[1, 0], [501, 631], [-1005, -1262]]
[[1, 0], [502, 631], [-1007, -1262]]
[[1, 0], [503, 1262], [-505, -1262]]
[[1, 0], [503, 631], [-1009, -1262]]
[[1, 0], [504, 631], [-1011, -1262]]
[[1, 0], [505, 1262], [-507, -1262]]
[[1, 0], [505, 1893], [-506, -1893]]
[[1, 0], [505, 631], [-1013, -1262]]
[[1, 0], [506, 631], [-1015, -1262]]
[[1, 0], [507, 1262], [-509, -1262]]
[[1, 0], [507, 631], [-1017, -1262]]
[[1, 0], [508, 1893], [-509, -1893]]
[[1, 0], [508, 631], [-1019, -1262]]
[[1, 0], [509, 1262], [-511, -1262]]
[[1, 0], [509, 631], [-1021, -1262]]
[[1, 0], [51, 1262], [-53, -1262]]
[[1, 0], [51, 631], [-105, -1262]]
[[1, 0], [51, 631], [-52, -631]]
[[1, 0], [51, 631], [-53, -631]]
[[1, 0], [510, 631], [-1023, -1262]]
[[1, 0], [511, 1262], [-513, -1262]]
[[1, 0], [511, 631], [-1025, -1262]]
[[1, 0], [512, 631], [-1027, -1262]]
[[1, 0], [513, 1262], [-515, -1262]]
[[1, 0], [513, 631], [-1029, -1262]]
[[1, 0], [514, 631], [-1031, -1262]]
[[1, 0], [515, 1262], [-517, -1262]]
[[1, 0], [515, 631], [-1033, -1262]]
[[1, 0], [516, 631], [-1035, -1262]]
[[1, 0], [517, 1262], [-519, -1262]]
[[1, 0], [517, 631], [-1037, -1262]]
[[1, 0], [518, 631], [-1039, -1262]]
[[1, 0], [519, 1262], [-521, -1262]]
[[1, 0], [519, 631], [-1041, -1262]]
[[1, 0], [52, 1893], [-53, -1893]]
[[1, 0], [52, 631], [-107, -1262]]
[[1, 0], [52, 631], [-53, -631]]
[[1, 0], [52, 631], [-54, -631]]
[[1, 0], [520, 631], [-1043, -1262]]
[[1, 0], [521, 1262], [-523, -1262]]
[[1, 0], [521, 631], [-1045, -1262]]
[[1, 0], [522, 631], [-1047, -1262]]
[[1, 0], [523, 1262], [-525, -1262]]
[[1, 0], [523, 631], [-1049, -1262]]
[[1, 0], [524, 631], [-1051, -1262]]
[[1, 0], [525, 1262], [-527, -1262]]
[[1, 0], [525, 631], [-1053, -1262]]
[[1, 0], [526, 1893], [-527, -1893]]
[[1, 0], [526, 631], [-1055, -1262]]
[[1, 0], [527, 1262], [-529, -1262]]
[[1, 0], [527, 631], [-1057, -1262]]
[[1, 0], [528, 631], [-1059, -1262]]
[[1, 0], [529, 1262], [-531, -1262]]
[[1, 0], [529, 631], [-1061, -1262]]
[[1, 0], [53, 1262], [-55, -1262]]
[[1, 0], [53, 631], [-109, -1262]]
[[1, 0], [53, 631], [-54, -631]]
[[1, 0], [53, 631], [-55, -631]]
[[1, 0], [530, 631], [-1063, -1262]]
[[1, 0], [531, 1262], [-533, -1262]]
[[1, 0], [531, 631], [-1065, -1262]]
[[1, 0], [532, 1893], [-533, -1893]]
[[1, 0], [532, 631], [-1067, -1262]]
[[1, 0], [533, 1262], [-535, -1262]]
[[1, 0], [533, 631], [-1069, -1262]]
[[1, 0], [534, 631], [-1071, -1262]]
[[1, 0], [535, 1262], [-537, -1262]]
[[1, 0], [535, 631], [-1073, -1262]]
[[1, 0], [536, 631], [-1075, -1262]]
[[1, 0], [537, 1262], [-539, -1262]]
[[1, 0], [537, 631], [-1077, -1262]]
[[1, 0], [538, 631], [-1079, -1262]]
[[1, 0], [539, 1262], [-541, -1262]]
[[1, 0], [539, 631], [-1081, -1262]]
[[1, 0], [54, 631], [-111, -1262]]
[[1, 0], [54, 631], [-55, -631]]
[[1, 0], [54, 631], [-56, -631]]
[[1, 0], [540, 631], [-1083, -1262]]
[[1, 0], [541, 1262], [-543, -1262]]
[[1, 0], [541, 631], [-1085, -1262]]
[[1, 0], [542, 631], [-1087, -1262]]
[[1, 0], [543, 1262], [-545, -1262]]
[[1, 0], [543, 631], [-1089, -1262]]
[[1, 0], [544, 1893], [-545, -1893]]
[[1, 0], [544, 631], [-1091, -1262]]
[[1, 0], [545, 1262], [-547, -1262]]
[[1, 0], [545, 631], [-1093, -1262]]
[[1, 0], [546, 631], [-1095, -1262]]
[[1, 0], [547, 1262], [-549, -1262]]
[[1, 0], [547, 631], [-1097, -1262]]
[[1, 0], [548, 631], [-1099, -1262]]
[[1, 0], [549, 1262], [-551, -1262]]
[[1, 0], [549, 631], [-1101, -1262]]
[[1, 0], [55, 1262], [-57, -1262]]
[[1, 0], [55, 1893], [-56, -1893]]
[[1, 0], [55, 631], [-113, -1262]]
[[1, 0], [55, 631], [-56, -631]]
[[1, 0], [55, 631], [-57, -631]]
[[1, 0], [550, 631], [-1103, -1262]]
[[1, 0], [551, 1262], [-553, -1262]]
[[1, 0], [551, 631], [-1105, -1262]]
[[1, 0], [552, 631], [-1107, -1262]]
[[1, 0], [553, 1262], [-555, -1262]]
[[1, 0], [553, 631], [-1109, -1262]]
[[1, 0], [554, 631], [-1111, -1262]]
[[1, 0], [555, 1262], [-557, -1262]]
[[1, 0], [555, 631], [-1113, -1262]]
[[1, 0], [556, 631], [-1115, -1262]]
[[1, 0], [557, 1262], [-559, -1262]]
[[1, 0], [557, 631], [-1117, -1262]]
[[1, 0], [558, 631], [-1119, -1262]]
[[1, 0], [559, 1262], [-561, -1262]]
[[1, 0], [559, 631], [-1121, -1262]]
[[1, 0], [56, 631], [-115, -1262]]
[[1, 0], [56, 631], [-57, -631]]
[[1, 0], [56, 631], [-58, -631]]
[[1, 0], [560, 631], [-1123, -1262]]
[[1, 0], [561, 1262], [-563, -1262]]
[[1, 0], [561, 631], [-1125, -1262]]
[[1, 0], [562, 631], [-1127, -1262]]
[[1, 0], [563, 1262], [-565, -1262]]
[[1, 0], [563, 631], [-1129, -1262]]
[[1, 0], [564, 631], [-1131, -1262]]
[[1, 0], [565, 1262], [-567, -1262]]
[[1, 0], [565, 631], [-1133, -1262]]
[[1, 0], [566, 631], [-1135, -1262]]
[[1, 0], [567, 1262], [-569, -1262]]
[[1, 0], [567, 631], [-1137, -1262]]
[[1, 0], [568, 631], [-1139, -1262]]
[[1, 0], [569, 1262], [-571, -1262]]
[[1, 0], [569, 631], [-1141, -1262]]
[[1, 0], [57, 1262], [-59, -1262]]
[[1, 0], [57, 631], [-117, -1262]]
[[1, 0], [57, 631], [-58, -631]]
[[1, 0], [57, 631], [-59, -631]]
[[1, 0], [570, 631], [-1143, -1262]]
[[1, 0], [571, 1262], [-573, -1262]]
[[1, 0], [571, 631], [-1145, -1262]]
[[1, 0], [572, 631], [-1147, -1262]]
[[1, 0], [573, 1262], [-575, -1262]]
[[1, 0], [573, 631], [-1149, -1262]]
[[1, 0], [574, 631], [-1151, -1262]]
[[1, 0], [575, 1262], [-577, -1262]]
[[1, 0], [575, 631], [-1153, -1262]]
[[1, 0], [576, 631], [-1155, -1262]]
[[1, 0], [577, 1262], [-579, -1262]]
[[1, 0], [577, 1893], [-578, -1893]]
[[1, 0], [577, 631], [-1157, -1262]]
[[1, 0], [578, 631], [-1159, -1262]]
[[1, 0], [579, 1262], [-581, -1262]]
[[1, 0], [579, 631], [-1161, -1262]]
[[1, 0], [58, 1893], [-59, -1893]]
[[1, 0], [58, 631], [-119, -1262]]
[[1, 0], [58, 631], [-59, -631]]
[[1, 0], [58, 631], [-60, -631]]
[[1, 0], [580, 631], [-1163, -1262]]
[[1, 0], [581, 1262], [-583, -1262]]
[[1, 0], [581, 631], [-1165, -1262]]
[[1, 0], [582, 631], [-1167, -1262]]
[[1, 0], [583, 1262], [-585, -1262]]
[[1, 0], [583, 631], [-1169, -1262]]
[[1, 0], [584, 631], [-1171, -1262]]
[[1, 0], [585, 1262], [-587, -1262]]
[[1, 0], [585, 631], [-1173, -1262]]
[[1, 0], [586, 1893], [-587, -1893]]
[[1, 0], [586, 631], [-1175, -1262]]
[[1, 0], [587, 1262], [-589, -1262]]
[[1, 0], [587, 631], [-1177, -1262]]
[[1, 0], [588, 631], [-1179, -1262]]
[[1, 0], [589, 1262], [-591, -1262]]
[[1, 0], [589, 1893], [-590, -1893]]
[[1, 0], [589, 631], [-1181, -1262]]
[[1, 0], [59, 1262], [-61, -1262]]
[[1, 0], [59, 631], [-121, -1262]]
[[1, 0], [59, 631], [-60, -631]]
[[1, 0], [59, 631], [-61, -631]]
[[1, 0], [590, 631], [-1183, -1262]]
[[1, 0], [591, 1262], [-593, -1262]]
[[1, 0], [591, 631], [-1185, -1262]]
[[1, 0], [592, 631], [-1187, -1262]]
[[1, 0], [593, 1262], [-595, -1262]]
[[1, 0], [593, 631], [-1189, -1262]]
[[1, 0], [594, 631], [-1191, -1262]]
[[1, 0], [595, 1262], [-597, -1262]]
[[1, 0], [595, 1893], [-596, -1893]]
[[1, 0], [595, 631], [-1193, -1262]]
[[1, 0], [596, 631], [-1195, -1262]]
[[1, 0], [597, 1262], [-599, -1262]]
[[1, 0], [597, 631], [-1197, -1262]]
[[1, 0], [598, 631], [-1199, -1262]]
[[1, 0], [599, 1262], [-601, -1262]]
[[1, 0], [599, 631], [-1201, -1262]]
[[1, 0], [6, 631], [-15, -1262]]
[[1, 0], [6, 631], [-7, -631]]
[[1, 0], [6, 631], [-8, -631]]
[[1, 0], [60, 631], [-123, -1262]]
[[1, 0], [60, 631], [-61, -631]]
[[1, 0], [60, 631], [-62, -631]]
[[1, 0], [600, 631], [-1203, -1262]]
[[1, 0], [601, 1262], [-603, -1262]]
[[1, 0], [601, 631], [-1205, -1262]]
[[1, 0], [602, 631], [-1207, -1262]]
[[1, 0], [603, 1262], [-605, -1262]]
[[1, 0], [603, 631], [-1209, -1262]]
[[1, 0], [604, 1893], [-605, -1893]]
[[1, 0], [604, 631], [-1211, -1262]]
[[1, 0], [605, 1262], [-607, -1262]]
[[1, 0], [605, 631], [-1213, -1262]]
[[1, 0], [606, 631], [-1215, -1262]]
[[1, 0], [607, 1262], [-609, -1262]]
[[1, 0], [607, 631], [-1217, -1262]]
[[1, 0], [608, 631], [-1219, -1262]]
[[1, 0], [609, 1262], [-611, -1262]]
[[1, 0], [609, 631], [-1221, -1262]]
[[1, 0], [61, 1262], [-63, -1262]]
[[1, 0], [61, 1893], [-62, -1893]]
[[1, 0], [61, 631], [-125, -1262]]
[[1, 0], [61, 631], [-62, -631]]
[[1, 0], [61, 631], [-63, -631]]
[[1, 0], [610, 631], [-1223, -1262]]
[[1, 0], [611, 1262], [-613, -1262]]
[[1, 0], [611, 631], [-1225, -1262]]
[[1, 0], [612, 631], [-1227, -1262]]
[[1, 0], [613, 1262], [-615, -1262]]
[[1, 0], [613, 631], [-1229, -1262]]
[[1, 0], [614, 631], [-1231, -1262]]
[[1, 0], [615, 1262], [-617, -1262]]
[[1, 0], [615, 631], [-1233, -1262]]
[[1, 0], [616, 631], [-1235, -1262]]
[[1, 0], [617, 1262], [-619, -1262]]
[[1, 0], [617, 631], [-1237, -1262]]
[[1, 0], [618, 631], [-1239, -1262]]
[[1, 0], [619, 1262], [-621, -1262]]
[[1, 0], [619, 631], [-1241, -1262]]
[[1, 0], [62, 631], [-127, -1262]]
[[1, 0], [62, 631], [-64, -631]]
[[1, 0], [620, 631], [-1243, -1262]]
[[1, 0], [621, 1262], [-623, -1262]]
[[1, 0], [621, 631], [-1245, -1262]]
[[1, 0], [622, 631], [-1247, -1262]]
[[1, 0], [623, 1262], [-625, -1262]]
[[1, 0], [623, 631], [-1249, -1262]]
[[1, 0], [624, 631], [-1251, -1262]]
[[1, 0], [624, 631], [-626, -631]]
[[1, 0], [625, 1262], [-627, -1262]]
[[1, 0], [625, 631], [-1253, -1262]]
[[1, 0], [626, 631], [-1255, -1262]]
[[1, 0], [627, 1262], [-629, -1262]]
[[1, 0], [627, 631], [-1257, -1262]]
[[1, 0], [628, 631], [-1259, -1262]]
[[1, 0], [629, 631], [-1261, -1262]]
[[1, 0], [63, 1262], [-65, -1262]]
[[1, 0], [63, 631], [-129, -1262]]
[[1, 0], [63, 631], [-65, -631]]
[[1, 0], [630, 631], [-1263, -1262]]
[[1, 0], [630, 631], [-632, -631]]
[[1, 0], [64, 1893], [-65, -1893]]
[[1, 0], [64, 631], [-131, -1262]]
[[1, 0], [64, 631], [-65, -631]]
[[1, 0], [64, 631], [-66, -631]]
[[1, 0], [640, 1893], [-641, -1893]]
[[1, 0], [65, 1262], [-67, -1262]]
[[1, 0], [65, 631], [-133, -1262]]
[[1, 0], [65, 631], [-66, -631]]
[[1, 0], [65, 631], [-67, -631]]
[[1, 0], [66, 631], [-135, -1262]]
[[1, 0], [66, 631], [-67, -631]]
[[1, 0], [66, 631], [-68, -631]]
[[1, 0], [67, 1262], [-69, -1262]]
[[1, 0], [67, 1893], [-68, -1893]]
[[1, 0], [67, 631], [-137, -1262]]
[[1, 0], [67, 631], [-68, -631]]
[[1, 0], [67, 631], [-69, -631]]
[[1, 0], [68, 631], [-139, -1262]]
[[1, 0], [68, 631], [-70, -631]]
[[1, 0], [69, 1262], [-71, -1262]]
[[1, 0], [69, 631], [-141, -1262]]
[[1, 0], [69, 631], [-71, -631]]
[[1, 0], [7, 1262], [-9, -1262]]
[[1, 0], [7, 1893], [-8, -1893]]
[[1, 0], [7, 631], [-17, -1262]]
[[1, 0], [7, 631], [-8, -631]]
[[1, 0], [7, 631], [-9, -631]]
[[1, 0], [70, 1893], [-71, -1893]]
[[1, 0], [70, 631], [-143, -1262]]
[[1, 0], [70, 631], [-72, -631]]
[[1, 0], [71, 1262], [-73, -1262]]
[[1, 0], [71, 631], [-145, -1262]]
[[1, 0], [71, 631], [-72, -631]]
[[1, 0], [71, 631], [-73, -631]]
[[1, 0], [72, 631], [-147, -1262]]
[[1, 0], [72, 631], [-73, -631]]
[[1, 0], [72, 631], [-74, -631]]
[[1, 0], [73, 1262], [-75, -1262]]
[[1, 0], [73, 1893], [-74, -1893]]
[[1, 0], [73, 631], [-149, -1262]]
[[1, 0], [73, 631], [-74, -631]]
[[1, 0], [73, 631], [-75, -631]]
[[1, 0], [74, 631], [-151, -1262]]
[[1, 0], [74, 631], [-75, -631]]
[[1, 0], [74, 631], [-76, -631]]
[[1, 0], [745, 1893], [-746, -1893]]
[[1, 0], [75, 1262], [-77, -1262]]
[[1, 0], [75, 631], [-153, -1262]]
[[1, 0], [75, 631], [-76, -631]]
[[1, 0], [75, 631], [-77, -631]]
[[1, 0], [757, 1893], [-758, -1893]]
[[1, 0], [76, 1893], [-77, -1893]]
[[1, 0], [76, 631], [-155, -1262]]
[[1, 0], [76, 631], [-77, -631]]
[[1, 0], [76, 631], [-78, -631]]
[[1, 0], [77, 1262], [-79, -1262]]
[[1, 0], [77, 631], [-157, -1262]]
[[1, 0], [77, 631], [-78, -631]]
[[1, 0], [77, 631], [-79, -631]]
[[1, 0], [775, 1893], [-776, -1893]]
[[1, 0], [78, 631], [-159, -1262]]
[[1, 0], [78, 631], [-80, -631]]
[[1, 0], [79, 1262], [-81, -1262]]
[[1, 0], [79, 631], [-161, -1262]]
[[1, 0], [79, 631], [-81, -631]]
[[1, 0], [8, 631], [-10, -631]]
[[1, 0], [8, 631], [-19, -1262]]
[[1, 0], [8, 631], [-9, -631]]
[[1, 0], [80, 631], [-163, -1262]]
[[1, 0], [80, 631], [-82, -631]]
[[1, 0], [81, 1262], [-83, -1262]]
[[1, 0], [81, 631], [-165, -1262]]
[[1, 0], [81, 631], [-82, -631]]
[[1, 0], [81, 631], [-83, -631]]
[[1, 0], [82, 1893], [-83, -1893]]
[[1, 0], [82, 631], [-167, -1262]]
[[1, 0], [82, 631], [-84, -631]]
[[1, 0], [83, 1262], [-85, -1262]]
[[1, 0], [83, 631], [-169, -1262]]
[[1, 0], [83, 631], [-85, -631]]
[[1, 0], [84, 631], [-171, -1262]]
[[1, 0], [84, 631], [-85, -631]]
[[1, 0], [84, 631], [-86, -631]]
[[1, 0], [85, 1262], [-87, -1262]]
[[1, 0], [85, 631], [-173, -1262]]
[[1, 0], [85, 631], [-87, -631]]
[[1, 0], [86, 631], [-175, -1262]]
[[1, 0], [86, 631], [-88, -631]]
[[1, 0], [87, 1262], [-89, -1262]]
[[1, 0], [87, 631], [-177, -1262]]
[[1, 0], [87, 631], [-89, -631]]
[[1, 0], [88, 1893], [-89, -1893]]
[[1, 0], [88, 631], [-179, -1262]]
[[1, 0], [88, 631], [-90, -631]]
[[1, 0], [89, 1262], [-91, -1262]]
[[1, 0], [89, 631], [-181, -1262]]
[[1, 0], [89, 631], [-91, -631]]
[[1, 0], [9, 1262], [-11, -1262]]
[[1, 0], [9, 631], [-10, -631]]
[[1, 0], [9, 631], [-11, -631]]
[[1, 0], [9, 631], [-21, -1262]]
[[1, 0], [90, 631], [-183, -1262]]
[[1, 0], [90, 631], [-92, -631]]
[[1, 0], [91, 1262], [-93, -1262]]
[[1, 0], [91, 1893], [-92, -1893]]
[[1, 0], [91, 631], [-185, -1262]]
[[1, 0], [91, 631], [-93, -631]]
[[1, 0], [92, 631], [-187, -1262]]
[[1, 0], [92, 631], [-94, -631]]
[[1, 0], [93, 1262], [-95, -1262]]
[[1, 0], [93, 631], [-189, -1262]]
[[1, 0], [93, 631], [-95, -631]]
[[1, 0], [94, 1893], [-95, -1893]]
[[1, 0], [94, 631], [-191, -1262]]
[[1, 0], [94, 631], [-96, -631]]
[[1, 0], [95, 1262], [-97, -1262]]
[[1, 0], [95, 631], [-193, -1262]]
[[1, 0], [95, 631], [-97, -631]]
[[1, 0], [96, 631], [-195, -1262]]
[[1, 0], [96, 631], [-98, -631]]
[[1, 0], [97, 1262], [-99, -1262]]
[[1, 0], [97, 1893], [-98, -1893]]
[[1, 0], [97, 631], [-197, -1262]]
[[1, 0], [97, 631], [-99, -631]]
[[1, 0], [98, 631], [-100, -631]]
[[1, 0], [98, 631], [-199, -1262]]
[[1, 0], [99, 1262], [-101, -1262]]
[[1, 0], [99, 631], [-101, -631]]
[[1, 0], [99, 631], [-201, -1262]]
