[[1, 0], [0, 1], [-12311, -1026]]
[[1, 0], [0, 1], [-12311, -12]]
[[1, 0], [0, 1], [-12311, -324]]
[[1, 0], [0, 1], [-12311, -38]]
[[1, 0], [0, 1], [-150573, -158]]
[[1, 0], [0, 1], [-150573, -953]]
[[1, 0], [0, 1], [-16099, -322]]
[[1, 0], [0, 1], [-16099, -50]]
[[1, 0], [0, 1], [-1894, -1]]
[[1, 0], [0, 1], [-1894, -379]]
[[1, 0], [0, 1], [-1894, -5]]
[[1, 0], [0, 1], [-1895, -1894]]
[[1, 0], [0, 1], [-225386, -237]]
[[1, 0], [0, 1], [-225386, -951]]
[[1, 0], [0, 1], [-22728, -119]]
[[1, 0], [0, 1], [-22728, -191]]
[[1, 0], [0, 1], [-2841, -1421]]
[[1, 0], [0, 1], [-2841, -14]]
[[1, 0], [0, 1], [-2841, -203]]
[[1, 0], [0, 1], [-2841, -29]]
[[1, 0], [0, 1], [-2841, -2]]
[[1, 0], [0, 1], [-2841, -98]]
[[1, 0], [0, 1], [-300199, -316]]
[[1, 0], [0, 1], [-300199, -950]]
[[1, 0], [0, 1], [-30304, -319]]
[[1, 0], [0, 1], [-30304, -95]]
[[1, 0], [0, 1], [-35039, -480]]
[[1, 0], [0, 1], [-35039, -73]]
[[1, 0], [0, 1], [-3788, -1263]]
[[1, 0], [0, 1], [-3788, -3]]
[[1, 0], [0, 1], [-449825, -474]]
[[1, 0], [0, 1], [-449825, -949]]
[[1, 0], [0, 1], [-4735, -1184]]
[[1, 0], [0, 1], [-4735, -4]]
[[1, 0], [0, 1], [-4735, -64]]
[[1, 0], [0, 1], [-4735, -74]]
[[1, 0], [0, 1], [-6629, -1105]]
[[1, 0], [0, 1], [-6629, -13]]
[[1, 0], [0, 1], [-6629, -195]]
[[1, 0], [0, 1], [-6629, -34]]
[[1, 0], [0, 1], [-6629, -510]]
[[1, 0], [0, 1], [-6629, -6]]
[[1, 0], [0, 1], [-75760, -79]]
[[1, 0], [0, 1], [-75760, -959]]
[[1, 0], [0, 1], [-898703, -948]]
[[1, 0], [0, 1], [-947, -12]]
[[1, 0], [0, 1], [-947, -158]]
[[1, 0], [0, 1], [-947, -1]]
[[1, 0], [0, 1], [-947, -237]]
[[1, 0], [0, 1], [-947, -2]]
[[1, 0], [0, 1], [-947, -316]]
[[1, 0], [0, 1], [-947, -3]]
[[1, 0], [0, 1], [-947, -474]]
[[1, 0], [0, 1], [-947, -4]]
[[1, 0], [0, 1], [-947, -6]]
[[1, 0], [0, 1], [-947, -79]]
[[1, 0], [0, 1], [-948, -947]]
[[1, 0], [1, 10], [-1519, -38]]
[[1, 0], [1, 10], [-1899, -50]]
[[1, 0], [1, 10], [-191, -16]]
[[1, 0], [1, 10], [-2939, -980]]
[[1, 0], [1, 10], [-30399, -950]]
[[1, 0], [1, 10], [-3324, -95]]
[[1, 0], [1, 10], [-959, -120]]
[[1, 0], [1, 10], [-98, -33]]
[[1, 0], [1, 119], [-407, -136]]
[[1, 0], [1, 119], [-951, -476]]
[[1, 0], [1, 11], [-2870, -319]]
[[1, 0], [1, 11], [-347, -29]]
[[1, 0], [1, 120], [-191, -192]]
[[1, 0], [1, 12], [-13429, -158]]
[[1, 0], [1, 12], [-1895, -12]]
[[1, 0], [1, 12], [-19670, -237]]
[[1, 0], [1, 12], [-25911, -316]]
[[1, 0], [1, 12], [-319, -40]]
[[1, 0], [1, 12], [-38393, -474]]
[[1, 0], [1, 12], [-7188, -79]]
[[1, 0], [1, 12], [-75839, -948]]
[[1, 0], [1, 13], [-1026, -1027]]
[[1, 0], [1, 13], [-3138, -73]]
[[1, 0], [1, 13], [-35112, -949]]
[[1, 0], [1, 13], [-4809, -962]]
[[1, 0], [1, 13], [-74, -15]]
[[1, 0], [1, 13], [-79, -80]]
[[1, 0], [1, 13], [-948, -13]]
[[1, 0], [1, 14], [-2039, -136]]
[[1, 0], [1, 14], [-510, -511]]
[[1, 0], [1, 14], [-551, -138]]
[[1, 0], [1, 14], [-6663, -476]]
[[1, 0], [1, 14], [-951, -56]]
[[1, 0], [1, 158], [-1895, -158]]
[[1, 0], [1, 158], [-2369, -237]]
[[1, 0], [1, 158], [-2843, -316]]
[[1, 0], [1, 158], [-3791, -474]]
[[1, 0], [1, 158], [-6635, -948]]
[[1, 0], [1, 159], [-953, -954]]
[[1, 0], [1, 15], [-191, -24]]
[[1, 0], [1, 15], [-203, -204]]
[[1, 0], [1, 15], [-4799, -960]]
[[1, 0], [1, 16], [-959, -192]]
[[1, 0], [1, 17], [-2855, -238]]
[[1, 0], [1, 17], [-503, -28]]
[[1, 0], [1, 17], [-951, -68]]
[[1, 0], [1, 1894], [-3, -1894]]
[[1, 0], [1, 18], [-2543, -318]]
[[1, 0], [1, 190], [-1899, -950]]
[[1, 0], [1, 19], [-1149, -50]]
[[1, 0], [1, 19], [-16149, -950]]
[[1, 0], [1, 19], [-1899, -95]]
[[1, 0], [1, 19], [-949, -38]]
[[1, 0], [1, 20], [-191, -32]]
[[1, 0], [1, 20], [-959, -240]]
[[1, 0], [1, 237], [-1895, -237]]
[[1, 0], [1, 237], [-2211, -316]]
[[1, 0], [1, 237], [-2843, -474]]
[[1, 0], [1, 237], [-4739, -948]]
[[1, 0], [1, 238], [-951, -952]]
[[1, 0], [1, 24], [-319, -80]]
[[1, 0], [1, 25], [-12349, -950]]
[[1, 0], [1, 25], [-1519, -95]]
[[1, 0], [1, 25], [-797, -38]]
[[1, 0], [1, 25], [-949, -50]]
[[1, 0], [1, 2841], [-2, -2841]]
[[1, 0], [1, 28], [-6663, -952]]
[[1, 0], [1, 2], [-10970, -159]]
[[1, 0], [1, 2], [-113285, -237]]
[[1, 0], [1, 2], [-1263, -632]]
[[1, 0], [1, 2], [-150731, -316]]
[[1, 0], [1, 2], [-1895, -1894]]
[[1, 0], [1, 2], [-1895, -2]]
[[1, 0], [1, 2], [-1899, -10]]
[[1, 0], [1, 2], [-225623, -474]]
[[1, 0], [1, 2], [-22847, -238]]
[[1, 0], [1, 2], [-2369, -3]]
[[1, 0], [1, 2], [-2843, -4]]
[[1, 0], [1, 2], [-2855, -28]]
[[1, 0], [1, 2], [-2939, -196]]
[[1, 0], [1, 2], [-30399, -190]]
[[1, 0], [1, 2], [-3324, -19]]
[[1, 0], [1, 2], [-35519, -960]]
[[1, 0], [1, 2], [-3791, -6]]
[[1, 0], [1, 2], [-38393, -79]]
[[1, 0], [1, 2], [-4274, -25]]
[[1, 0], [1, 2], [-450299, -948]]
[[1, 0], [1, 2], [-480, -13]]
[[1, 0], [1, 2], [-510, -73]]
[[1, 0], [1, 2], [-6635, -12]]
[[1, 0], [1, 2], [-6663, -68]]
[[1, 0], [1, 2], [-7139, -1020]]
[[1, 0], [1, 2], [-75524, -475]]
[[1, 0], [1, 2], [-75839, -158]]
[[1, 0], [1, 2], [-948, -947]]
[[1, 0], [1, 2], [-951, -8]]
[[1, 0], [1, 2], [-959, -24]]
[[1, 0], [1, 30], [-191, -48]]
[[1, 0], [1, 30], [-98, -99]]
[[1, 0], [1, 316], [-1895, -316]]
[[1, 0], [1, 316], [-2369, -474]]
[[1, 0], [1, 316], [-3791, -948]]
[[1, 0], [1, 317], [-950, -951]]
[[1, 0], [1, 33], [-2870, -957]]
[[1, 0], [1, 33], [-347, -87]]
[[1, 0], [1, 34], [-2855, -476]]
[[1, 0], [1, 34], [-503, -56]]
[[1, 0], [1, 34], [-951, -136]]
[[1, 0], [1, 35], [-195, -196]]
[[1, 0], [1, 38], [-1899, -190]]
[[1, 0], [1, 38], [-4274, -475]]
[[1, 0], [1, 39], [-324, -325]]
[[1, 0], [1, 3], [-100803, -316]]
[[1, 0], [1, 3], [-12635, -972]]
[[1, 0], [1, 3], [-1421, -1422]]
[[1, 0], [1, 3], [-150731, -474]]
[[1, 0], [1, 3], [-16421, -966]]
[[1, 0], [1, 3], [-1895, -3]]
[[1, 0], [1, 3], [-2211, -4]]
[[1, 0], [1, 3], [-2273, -1137]]
[[1, 0], [1, 3], [-25359, -317]]
[[1, 0], [1, 3], [-2543, -53]]
[[1, 0], [1, 3], [-25911, -79]]
[[1, 0], [1, 3], [-2843, -6]]
[[1, 0], [1, 3], [-2870, -87]]
[[1, 0], [1, 3], [-300515, -948]]
[[1, 0], [1, 3], [-30623, -957]]
[[1, 0], [1, 3], [-319, -10]]
[[1, 0], [1, 3], [-322, -19]]
[[1, 0], [1, 3], [-324, -25]]
[[1, 0], [1, 3], [-379, -190]]
[[1, 0], [1, 3], [-4739, -12]]
[[1, 0], [1, 3], [-474, -475]]
[[1, 0], [1, 3], [-4799, -192]]
[[1, 0], [1, 3], [-50875, -158]]
[[1, 0], [1, 3], [-75839, -237]]
[[1, 0], [1, 3], [-953, -18]]
[[1, 0], [1, 40], [-191, -64]]
[[1, 0], [1, 40], [-959, -480]]
[[1, 0], [1, 474], [-1895, -474]]
[[1, 0], [1, 474], [-2843, -948]]
[[1, 0], [1, 475], [-949, -950]]
[[1, 0], [1, 48], [-319, -160]]
[[1, 0], [1, 4], [-113285, -474]]
[[1, 0], [1, 4], [-1263, -1264]]
[[1, 0], [1, 4], [-1895, -4]]
[[1, 0], [1, 4], [-19670, -79]]
[[1, 0], [1, 4], [-225623, -948]]
[[1, 0], [1, 4], [-22847, -476]]
[[1, 0], [1, 4], [-2369, -6]]
[[1, 0], [1, 4], [-2855, -56]]
[[1, 0], [1, 4], [-316, -317]]
[[1, 0], [1, 4], [-3791, -12]]
[[1, 0], [1, 4], [-38393, -158]]
[[1, 0], [1, 4], [-57116, -237]]
[[1, 0], [1, 4], [-6452, -239]]
[[1, 0], [1, 4], [-6663, -136]]
[[1, 0], [1, 4], [-75839, -316]]
[[1, 0], [1, 4], [-959, -48]]
[[1, 0], [1, 50], [-1519, -190]]
[[1, 0], [1, 50], [-3324, -475]]
[[1, 0], [1, 51], [-322, -323]]
[[1, 0], [1, 53], [-953, -318]]
[[1, 0], [1, 56], [-594, -119]]
[[1, 0], [1, 5], [-1184, -1185]]
[[1, 0], [1, 5], [-12349, -190]]
[[1, 0], [1, 5], [-1519, -19]]
[[1, 0], [1, 5], [-1899, -25]]
[[1, 0], [1, 5], [-191, -8]]
[[1, 0], [1, 5], [-195, -28]]
[[1, 0], [1, 5], [-203, -68]]
[[1, 0], [1, 5], [-2122, -193]]
[[1, 0], [1, 5], [-22919, -955]]
[[1, 0], [1, 5], [-237, -238]]
[[1, 0], [1, 5], [-2939, -490]]
[[1, 0], [1, 5], [-30399, -475]]
[[1, 0], [1, 5], [-3044, -1015]]
[[1, 0], [1, 5], [-421, -211]]
[[1, 0], [1, 5], [-4799, -320]]
[[1, 0], [1, 5], [-6824, -975]]
[[1, 0], [1, 5], [-949, -10]]
[[1, 0], [1, 5], [-959, -60]]
[[1, 0], [1, 60], [-191, -96]]
[[1, 0], [1, 65], [-74, -75]]
[[1, 0], [1, 68], [-2855, -952]]
[[1, 0], [1, 6], [-10970, -477]]
[[1, 0], [1, 6], [-13429, -79]]
[[1, 0], [1, 6], [-150731, -948]]
[[1, 0], [1, 6], [-1895, -6]]
[[1, 0], [1, 6], [-2543, -106]]
[[1, 0], [1, 6], [-25911, -158]]
[[1, 0], [1, 6], [-2843, -12]]
[[1, 0], [1, 6], [-319, -20]]
[[1, 0], [1, 6], [-379, -380]]
[[1, 0], [1, 6], [-38393, -237]]
[[1, 0], [1, 6], [-50875, -316]]
[[1, 0], [1, 6], [-75839, -474]]
[[1, 0], [1, 73], [-6642, -949]]
[[1, 0], [1, 73], [-948, -73]]
[[1, 0], [1, 74], [-480, -481]]
[[1, 0], [1, 79], [-12323, -948]]
[[1, 0], [1, 79], [-1895, -79]]
[[1, 0], [1, 79], [-2843, -158]]
[[1, 0], [1, 79], [-3791, -237]]
[[1, 0], [1, 79], [-4739, -316]]
[[1, 0], [1, 79], [-6635, -474]]
[[1, 0], [1, 7], [-1105, -1106]]
[[1, 0], [1, 7], [-158, -159]]
[[1, 0], [1, 7], [-1643, -137]]
[[1, 0], [1, 7], [-2039, -68]]
[[1, 0], [1, 7], [-407, -8]]
[[1, 0], [1, 7], [-551, -69]]
[[1, 0], [1, 7], [-6663, -238]]
[[1, 0], [1, 7], [-951, -28]]
[[1, 0], [1, 80], [-959, -960]]
[[1, 0], [1, 8], [-22847, -952]]
[[1, 0], [1, 8], [-594, -17]]
[[1, 0], [1, 8], [-959, -96]]
[[1, 0], [1, 947], [-2, -947]]
[[1, 0], [1, 947], [-3, -947]]
[[1, 0], [1, 947], [-5, -1894]]
[[1, 0], [1, 948], [-1895, -948]]
[[1, 0], [1, 949], [-948, -949]]
[[1, 0], [1, 95], [-1899, -475]]
[[1, 0], [1, 95], [-949, -190]]
[[1, 0], [1, 96], [-319, -320]]
[[1, 0], [1, 9], [-2543, -159]]
[[1, 0], [10, 2841], [-11, -2841]]
[[1, 0], [10, 947], [-11, -947]]
[[1, 0], [10, 947], [-12, -947]]
[[1, 0], [10, 947], [-23, -1894]]
[[1, 0], [100, 2841], [-101, -2841]]
[[1, 0], [100, 947], [-102, -947]]
[[1, 0], [100, 947], [-203, -1894]]
[[1, 0], [1003, 2841], [-1004, -2841]]
[[1, 0], [101, 1894], [-103, -1894]]
[[1, 0], [101, 947], [-103, -947]]
[[1, 0], [101, 947], [-205, -1894]]
[[1, 0], [102, 947], [-104, -947]]
[[1, 0], [102, 947], [-207, -1894]]
[[1, 0], [103, 1894], [-105, -1894]]
[[1, 0], [103, 2841], [-104, -2841]]
[[1, 0], [103, 947], [-104, -947]]
[[1, 0], [103, 947], [-105, -947]]
[[1, 0], [103, 947], [-209, -1894]]
[[1, 0], [104, 947], [-105, -947]]
[[1, 0], [104, 947], [-106, -947]]
[[1, 0], [104, 947], [-211, -1894]]
[[1, 0], [105, 1894], [-107, -1894]]
[[1, 0], [105, 947], [-106, -947]]
[[1, 0], [105, 947], [-107, -947]]
[[1, 0], [105, 947], [-213, -1894]]
[[1, 0], [1054, 2841], [-1055, -2841]]
[[1, 0], [106, 2841], [-107, -2841]]
[[1, 0], [106, 947], [-107, -947]]
[[1, 0], [106, 947], [-108, -947]]
[[1, 0], [106, 947], [-215, -1894]]
[[1, 0], [107, 1894], [-109, -1894]]
[[1, 0], [107, 947], [-108, -947]]
[[1, 0], [107, 947], [-109, -947]]
[[1, 0], [107, 947], [-217, -1894]]
[[1, 0], [108, 947], [-109, -947]]
[[1, 0], [108, 947], [-110, -947]]
[[1, 0], [108, 947], [-219, -1894]]
[[1, 0], [109, 1894], [-111, -1894]]
[[1, 0], [109, 2841], [-110, -2841]]
[[1, 0], [109, 947], [-110, -947]]
[[1, 0], [109, 947], [-111, -947]]
[[1, 0], [109, 947], [-221, -1894]]
[[1, 0], [11, 1894], [-13, -1894]]
[[1, 0], [11, 947], [-12, -947]]
[[1, 0], [11, 947], [-13, -947]]
[[1, 0], [11, 947], [-25, -1894]]
[[1, 0], [110, 947], [-111, -947]]
[[1, 0], [110, 947], [-112, -947]]
[[1, 0], [110, 947], [-223, -1894]]
[[1, 0], [111, 1894], [-113, -1894]]
[[1, 0], [111, 947], [-113, -947]]
[[1, 0], [111, 947], [-225, -1894]]
[[1, 0], [112, 2841], [-113, -2841]]
[[1, 0], [112, 947], [-114, -947]]
[[1, 0], [112, 947], [-227, -1894]]
[[1, 0], [113, 1894], [-115, -1894]]
[[1, 0], [113, 947], [-115, -947]]
[[1, 0], [113, 947], [-229, -1894]]
[[1, 0], [114, 947], [-116, -947]]
[[1, 0], [114, 947], [-231, -1894]]
[[1, 0], [115, 1894], [-117, -1894]]
[[1, 0], [115, 2841], [-116, -2841]]
[[1, 0], [115, 947], [-116, -947]]
[[1, 0], [115, 947], [-117, -947]]
[[1, 0], [115, 947], [-233, -1894]]
[[1, 0], [116, 947], [-117, -947]]
[[1, 0], [116, 947], [-118, -947]]
[[1, 0], [116, 947], [-235, -1894]]
[[1, 0], [117, 1894], [-119, -1894]]
[[1, 0], [117, 947], [-118, -947]]
[[1, 0], [117, 947], [-119, -947]]
[[1, 0], [117, 947], [-237, -1894]]
[[1, 0], [118, 2841], [-119, -2841]]
[[1, 0], [118, 947], [-119, -947]]
[[1, 0], [118, 947], [-120, -947]]
[[1, 0], [118, 947], [-239, -1894]]
[[1, 0], [119, 1894], [-121, -1894]]
[[1, 0], [119, 947], [-120, -947]]
[[1, 0], [119, 947], [-121, -947]]
[[1, 0], [119, 947], [-241, -1894]]
[[1, 0], [12, 947], [-13, -947]]
[[1, 0], [12, 947], [-14, -947]]
[[1, 0], [12, 947], [-27, -1894]]
[[1, 0], [120, 947], [-121, -947]]
[[1, 0], [120, 947], [-122, -947]]
[[1, 0], [120, 947], [-243, -1894]]
[[1, 0], [1204, 2841], [-1205, -2841]]
[[1, 0], [121, 1894], [-123, -1894]]
[[1, 0], [121, 2841], [-122, -2841]]
[[1, 0], [121, 947], [-122, -947]]
[[1, 0], [121, 947], [-123, -947]]
[[1, 0], [121, 947], [-245, -1894]]
[[1, 0], [122, 947], [-124, -947]]
[[1, 0], [122, 947], [-247, -1894]]
[[1, 0], [1225, 2841], [-1226, -2841]]
[[1, 0], [123, 1894], [-125, -1894]]
[[1, 0], [123, 947], [-125, -947]]
[[1, 0], [123, 947], [-249, -1894]]
[[1, 0], [124, 2841], [-125, -2841]]
[[1, 0], [124, 947], [-126, -947]]
[[1, 0], [124, 947], [-251, -1894]]
[[1, 0], [125, 1894], [-127, -1894]]
[[1, 0], [125, 947], [-126, -947]]
[[1, 0], [125, 947], [-127, -947]]
[[1, 0], [125, 947], [-253, -1894]]
[[1, 0], [126, 947], [-127, -947]]
[[1, 0], [126, 947], [-128, -947]]
[[1, 0], [126, 947], [-255, -1894]]
[[1, 0], [127, 1894], [-129, -1894]]
[[1, 0], [127, 2841], [-128, -2841]]
[[1, 0], [127, 947], [-129, -947]]
[[1, 0], [127, 947], [-257, -1894]]
[[1, 0], [128, 947], [-130, -947]]
[[1, 0], [128, 947], [-259, -1894]]
[[1, 0], [129, 1894], [-131, -1894]]
[[1, 0], [129, 947], [-131, -947]]
[[1, 0], [129, 947], [-261, -1894]]
[[1, 0], [13, 1894], [-15, -1894]]
[[1, 0], [13, 2841], [-14, -2841]]
[[1, 0], [13, 947], [-14, -947]]
[[1, 0], [13, 947], [-15, -947]]
[[1, 0], [13, 947], [-29, -1894]]
[[1, 0], [130, 2841], [-131, -2841]]
[[1, 0], [130, 947], [-132, -947]]
[[1, 0], [130, 947], [-263, -1894]]
[[1, 0], [131, 1894], [-133, -1894]]
[[1, 0], [131, 947], [-132, -947]]
[[1, 0], [131, 947], [-133, -947]]
[[1, 0], [131, 947], [-265, -1894]]
[[1, 0], [132, 947], [-133, -947]]
[[1, 0], [132, 947], [-134, -947]]
[[1, 0], [132, 947], [-267, -1894]]
[[1, 0], [133, 1894], [-135, -1894]]
[[1, 0], [133, 947], [-135, -947]]
[[1, 0], [133, 947], [-269, -1894]]
[[1, 0], [134, 947], [-136, -947]]
[[1, 0], [134, 947], [-271, -1894]]
[[1, 0], [135, 1894], [-137, -1894]]
[[1, 0], [135, 947], [-136, -947]]
[[1, 0], [135, 947], [-137, -947]]
[[1, 0], [135, 947], [-273, -1894]]
[[1, 0], [136, 2841], [-137, -2841]]
[[1, 0], [136, 947], [-137, -947]]
[[1, 0], [136, 947], [-138, -947]]
[[1, 0], [136, 947], [-275, -1894]]
[[1, 0], [137, 1894], [-139, -1894]]
[[1, 0], [137, 947], [-138, -947]]
[[1, 0], [137, 947], [-139, -947]]
[[1, 0], [137, 947], [-277, -1894]]
[[1, 0], [138, 947], [-140, -947]]
[[1, 0], [138, 947], [-279, -1894]]
[[1, 0], [139, 1894], [-141, -1894]]
[[1, 0], [139, 2841], [-140, -2841]]
[[1, 0], [139, 947], [-141, -947]]
[[1, 0], [139, 947], [-281, -1894]]
[[1, 0], [14, 947], [-15, -947]]
[[1, 0], [14, 947], [-16, -947]]
[[1, 0], [14, 947], [-31, -1894]]
[[1, 0], [140, 947], [-142, -947]]
[[1, 0], [140, 947], [-283, -1894]]
[[1, 0], [141, 1894], [-143, -1894]]
[[1, 0], [141, 947], [-143, -947]]
[[1, 0], [141, 947], [-285, -1894]]
[[1, 0], [142, 947], [-144, -947]]
[[1, 0], [142, 947], [-287, -1894]]
[[1, 0], [143, 1894], [-145, -1894]]
[[1, 0], [143, 947], [-144, -947]]
[[1, 0], [143, 947], [-145, -947]]
[[1, 0], [143, 947], [-289, -1894]]
[[1, 0], [144, 947], [-145, -947]]
[[1, 0], [144, 947], [-146, -947]]
[[1, 0], [144, 947], [-291, -1894]]
[[1, 0], [145, 1894], [-147, -1894]]
[[1, 0], [145, 2841], [-146, -2841]]
[[1, 0], [145, 947], [-146, -947]]
[[1, 0], [145, 947], [-147, -947]]
[[1, 0], [145, 947], [-293, -1894]]
[[1, 0], [146, 947], [-147, -947]]
[[1, 0], [146, 947], [-148, -947]]
[[1, 0], [146, 947], [-295, -1894]]
[[1, 0], [147, 1894], [-149, -1894]]
[[1, 0], [147, 947], [-149, -947]]
[[1, 0], [147, 947], [-297, -1894]]
[[1, 0], [148, 2841], [-149, -2841]]
[[1, 0], [148, 947], [-150, -947]]
[[1, 0], [148, 947], [-299, -1894]]
[[1, 0], [149, 1894], [-151, -1894]]
[[1, 0], [149, 947], [-150, -947]]
[[1, 0], [149, 947], [-151, -947]]
[[1, 0], [149, 947], [-301, -1894]]
[[1, 0], [15, 1894], [-17, -1894]]
[[1, 0], [15, 947], [-16, -947]]
[[1, 0], [15, 947], [-17, -947]]
[[1, 0], [15, 947], [-33, -1894]]
[[1, 0], [150, 947], [-151, -947]]
[[1, 0], [150, 947], [-152, -947]]
[[1, 0], [150, 947], [-303, -1894]]
[[1, 0], [151, 1894], [-153, -1894]]
[[1, 0], [151, 2841], [-152, -2841]]
[[1, 0], [151, 947], [-153, -947]]
[[1, 0], [151, 947], [-305, -1894]]
[[1, 0], [152, 947], [-154, -947]]
[[1, 0], [152, 947], [-307, -1894]]
[[1, 0], [153, 1894], [-155, -1894]]
[[1, 0], [153, 947], [-154, -947]]
[[1, 0], [153, 947], [-155, -947]]
[[1, 0], [153, 947], [-309, -1894]]
[[1, 0], [154, 2841], [-155, -2841]]
[[1, 0], [154, 947], [-155, -947]]
[[1, 0], [154, 947], [-156, -947]]
[[1, 0], [154, 947], [-311, -1894]]
[[1, 0], [155, 1894], [-157, -1894]]
[[1, 0], [155, 947], [-156, -947]]
[[1, 0], [155, 947], [-157, -947]]
[[1, 0], [155, 947], [-313, -1894]]
[[1, 0], [156, 947], [-157, -947]]
[[1, 0], [156, 947], [-158, -947]]
[[1, 0], [156, 947], [-315, -1894]]
[[1, 0], [157, 1894], [-159, -1894]]
[[1, 0], [157, 2841], [-158, -2841]]
[[1, 0], [157, 947], [-159, -947]]
[[1, 0], [157, 947], [-317, -1894]]
[[1, 0], [158, 947], [-160, -947]]
[[1, 0], [158, 947], [-319, -1894]]
[[1, 0], [159, 1894], [-161, -1894]]
[[1, 0], [159, 947], [-160, -947]]
[[1, 0], [159, 947], [-161, -947]]
[[1, 0], [159, 947], [-321, -1894]]
[[1, 0], [16, 2841], [-17, -2841]]
[[1, 0], [16, 947], [-17, -947]]
[[1, 0], [16, 947], [-18, -947]]
[[1, 0], [16, 947], [-35, -1894]]
[[1, 0], [160, 2841], [-161, -2841]]
[[1, 0], [160, 947], [-162, -947]]
[[1, 0], [160, 947], [-323, -1894]]
[[1, 0], [161, 1894], [-163, -1894]]
[[1, 0], [161, 947], [-163, -947]]
[[1, 0], [161, 947], [-325, -1894]]
[[1, 0], [162, 947], [-164, -947]]
[[1, 0], [162, 947], [-327, -1894]]
[[1, 0], [163, 1894], [-165, -1894]]
[[1, 0], [163, 947], [-165, -947]]
[[1, 0], [163, 947], [-329, -1894]]
[[1, 0], [164, 947], [-166, -947]]
[[1, 0], [164, 947], [-331, -1894]]
[[1, 0], [165, 1894], [-167, -1894]]
[[1, 0], [165, 947], [-167, -947]]
[[1, 0], [165, 947], [-333, -1894]]
[[1, 0], [166, 2841], [-167, -2841]]
[[1, 0], [166, 947], [-167, -947]]
[[1, 0], [166, 947], [-168, -947]]
[[1, 0], [166, 947], [-335, -1894]]
[[1, 0], [167, 1894], [-169, -1894]]
[[1, 0], [167, 947], [-169, -947]]
[[1, 0], [167, 947], [-337, -1894]]
[[1, 0], [168, 947], [-170, -947]]
[[1, 0], [168, 947], [-339, -1894]]
[[1, 0], [169, 1894], [-171, -1894]]
[[1, 0], [169, 2841], [-170, -2841]]
[[1, 0], [169, 947], [-171, -947]]
[[1, 0], [169, 947], [-341, -1894]]
[[1, 0], [17, 1894], [-19, -1894]]
[[1, 0], [17, 947], [-18, -947]]
[[1, 0], [17, 947], [-19, -947]]
[[1, 0], [17, 947], [-37, -1894]]
[[1, 0], [170, 947], [-172, -947]]
[[1, 0], [170, 947], [-343, -1894]]
[[1, 0], [171, 1894], [-173, -1894]]
[[1, 0], [171, 947], [-173, -947]]
[[1, 0], [171, 947], [-345, -1894]]
[[1, 0], [172, 2841], [-173, -2841]]
[[1, 0], [172, 947], [-174, -947]]
[[1, 0], [172, 947], [-347, -1894]]
[[1, 0], [173, 1894], [-175, -1894]]
[[1, 0], [173, 947], [-175, -947]]
[[1, 0], [173, 947], [-349, -1894]]
[[1, 0], [174, 947], [-176, -947]]
[[1, 0], [174, 947], [-351, -1894]]
[[1, 0], [175, 1894], [-177, -1894]]
[[1, 0], [175, 947], [-177, -947]]
[[1, 0], [175, 947], [-353, -1894]]
[[1, 0], [176, 947], [-178, -947]]
[[1, 0], [176, 947], [-355, -1894]]
[[1, 0], [177, 1894], [-179, -1894]]
[[1, 0], [177, 947], [-179, -947]]
[[1, 0], [177, 947], [-357, -1894]]
[[1, 0], [178, 2841], [-179, -2841]]
[[1, 0], [178, 947], [-180, -947]]
[[1, 0], [178, 947], [-359, -1894]]
[[1, 0], [179, 1894], [-181, -1894]]
[[1, 0], [179, 947], [-181, -947]]
[[1, 0], [179, 947], [-361, -1894]]
[[1, 0], [18, 947], [-19, -947]]
[[1, 0], [18, 947], [-20, -947]]
[[1, 0], [18, 947], [-39, -1894]]
[[1, 0], [180, 947], [-182, -947]]
[[1, 0], [180, 947], [-363, -1894]]
[[1, 0], [181, 1894], [-183, -1894]]
[[1, 0], [181, 2841], [-182, -2841]]
[[1, 0], [181, 947], [-182, -947]]
[[1, 0], [181, 947], [-183, -947]]
[[1, 0], [181, 947], [-365, -1894]]
[[1, 0], [182, 947], [-183, -947]]
[[1, 0], [182, 947], [-184, -947]]
[[1, 0], [182, 947], [-367, -1894]]
[[1, 0], [183, 1894], [-185, -1894]]
[[1, 0], [183, 947], [-184, -947]]
[[1, 0], [183, 947], [-185, -947]]
[[1, 0], [183, 947], [-369, -1894]]
[[1, 0], [184, 2841], [-185, -2841]]
[[1, 0], [184, 947], [-185, -947]]
[[1, 0], [184, 947], [-186, -947]]
[[1, 0], [184, 947], [-371, -1894]]
[[1, 0], [185, 1894], [-187, -1894]]
[[1, 0], [185, 947], [-187, -947]]
[[1, 0], [185, 947], [-373, -1894]]
[[1, 0], [186, 947], [-188, -947]]
[[1, 0], [186, 947], [-375, -1894]]
[[1, 0], [187, 1894], [-189, -1894]]
[[1, 0], [187, 947], [-189, -947]]
[[1, 0], [187, 947], [-377, -1894]]
[[1, 0], [188, 947], [-190, -947]]
[[1, 0], [188, 947], [-379, -1894]]
[[1, 0], [1887, 1894], [-1889, -1894]]
[[1, 0], [189, 1894], [-191, -1894]]
[[1, 0], [189, 947], [-190, -947]]
[[1, 0], [189, 947], [-191, -947]]
[[1, 0], [189, 947], [-381, -1894]]
[[1, 0], [1893, 1894], [-1895, -1894]]
[[1, 0], [19, 1894], [-21, -1894]]
[[1, 0], [19, 2841], [-20, -2841]]
[[1, 0], [19, 947], [-20, -947]]
[[1, 0], [19, 947], [-21, -947]]
[[1, 0], [19, 947], [-41, -1894]]
[[1, 0], [190, 947], [-192, -947]]
[[1, 0], [190, 947], [-383, -1894]]
[[1, 0], [191, 1894], [-193, -1894]]
[[1, 0], [191, 947], [-193, -947]]
[[1, 0], [191, 947], [-385, -1894]]
[[1, 0], [192, 947], [-193, -947]]
[[1, 0], [192, 947], [-194, -947]]
[[1, 0], [192, 947], [-387, -1894]]
[[1, 0], [193, 1894], [-195, -1894]]
[[1, 0], [193, 2841], [-194, -2841]]
[[1, 0], [193, 947], [-194, -947]]
[[1, 0], [193, 947], [-195, -947]]
[[1, 0], [193, 947], [-389, -1894]]
[[1, 0], [194, 947], [-196, -947]]
[[1, 0], [194, 947], [-391, -1894]]
[[1, 0], [195, 1894], [-197, -1894]]
[[1, 0], [195, 947], [-197, -947]]
[[1, 0], [195, 947], [-393, -1894]]
[[1, 0], [196, 2841], [-197, -2841]]
[[1, 0], [196, 947], [-197, -947]]
[[1, 0], [196, 947], [-198, -947]]
[[1, 0], [196, 947], [-395, -1894]]
[[1, 0], [197, 1894], [-199, -1894]]
[[1, 0], [197, 947], [-199, -947]]
[[1, 0], [197, 947], [-397, -1894]]
[[1, 0], [198, 947], [-200, -947]]
[[1, 0], [198, 947], [-399, -1894]]
[[1, 0], [199, 1894], [-201, -1894]]
[[1, 0], [199, 2841], [-200, -2841]]
[[1, 0], [199, 947], [-201, -947]]
[[1, 0], [199, 947], [-401, -1894]]
[[1, 0], [2, 947], [-3, -947]]
[[1, 0], [2, 947], [-4, -947]]
[[1, 0], [2, 947], [-7, -1894]]
[[1, 0], [20, 947], [-21, -947]]
[[1, 0], [20, 947], [-22, -947]]
[[1, 0], [20, 947], [-43, -1894]]
[[1, 0], [200, 947], [-201, -947]]
[[1, 0], [200, 947], [-202, -947]]
[[1, 0], [200, 947], [-403, -1894]]
[[1, 0], [201, 1894], [-203, -1894]]
[[1, 0], [201, 947], [-202, -947]]
[[1, 0], [201, 947], [-203, -947]]
[[1, 0], [201, 947], [-405, -1894]]
[[1, 0], [202, 947], [-204, -947]]
[[1, 0], [202, 947], [-407, -1894]]
[[1, 0], [203, 1894], [-205, -1894]]
[[1, 0], [203, 947], [-205, -947]]
[[1, 0], [203, 947], [-409, -1894]]
[[1, 0], [204, 947], [-205, -947]]
[[1, 0], [204, 947], [-206, -947]]
[[1, 0], [204, 947], [-411, -1894]]
[[1, 0], [205, 1894], [-207, -1894]]
[[1, 0], [205, 2841], [-206, -2841]]
[[1, 0], [205, 947], [-206, -947]]
[[1, 0], [205, 947], [-207, -947]]
[[1, 0], [205, 947], [-413, -1894]]
[[1, 0], [206, 947], [-208, -947]]
[[1, 0], [206, 947], [-415, -1894]]
[[1, 0], [207, 1894], [-209, -1894]]
[[1, 0], [207, 947], [-209, -947]]
[[1, 0], [207, 947], [-417, -1894]]
[[1, 0], [208, 2841], [-209, -2841]]
[[1, 0], [208, 947], [-210, -947]]
[[1, 0], [208, 947], [-419, -1894]]
[[1, 0], [209, 1894], [-211, -1894]]
[[1, 0], [209, 947], [-211, -947]]
[[1, 0], [209, 947], [-421, -1894]]
[[1, 0], [21, 1894], [-23, -1894]]
[[1, 0], [21, 947], [-22, -947]]
[[1, 0], [21, 947], [-23, -947]]
[[1, 0], [21, 947], [-45, -1894]]
[[1, 0], [210, 947], [-211, -947]]
[[1, 0], [210, 947], [-212, -947]]
[[1, 0], [210, 947], [-423, -1894]]
[[1, 0], [211, 1894], [-213, -1894]]
[[1, 0], [211, 947], [-213, -947]]
[[1, 0], [211, 947], [-425, -1894]]
[[1, 0], [212, 947], [-214, -947]]
[[1, 0], [212, 947], [-427, -1894]]
[[1, 0], [213, 1894], [-215, -1894]]
[[1, 0], [213, 947], [-214, -947]]
[[1, 0], [213, 947], [-215, -947]]
[[1, 0], [213, 947], [-429, -1894]]
[[1, 0], [214, 947], [-216, -947]]
[[1, 0], [214, 947], [-431, -1894]]
[[1, 0], [215, 1894], [-217, -1894]]
[[1, 0], [215, 947], [-217, -947]]
[[1, 0], [215, 947], [-433, -1894]]
[[1, 0], [216, 947], [-218, -947]]
[[1, 0], [216, 947], [-435, -1894]]
[[1, 0], [217, 1894], [-219, -1894]]
[[1, 0], [217, 2841], [-218, -2841]]
[[1, 0], [217, 947], [-219, -947]]
[[1, 0], [217, 947], [-437, -1894]]
[[1, 0], [218, 947], [-220, -947]]
[[1, 0], [218, 947], [-439, -1894]]
[[1, 0], [219, 1894], [-221, -1894]]
[[1, 0], [219, 947], [-221, -947]]
[[1, 0], [219, 947], [-441, -1894]]
[[1, 0], [22, 2841], [-23, -2841]]
[[1, 0], [22, 947], [-23, -947]]
[[1, 0], [22, 947], [-24, -947]]
[[1, 0], [22, 947], [-47, -1894]]
[[1, 0], [220, 2841], [-221, -2841]]
[[1, 0], [220, 947], [-222, -947]]
[[1, 0], [220, 947], [-443, -1894]]
[[1, 0], [221, 1894], [-223, -1894]]
[[1, 0], [221, 947], [-223, -947]]
[[1, 0], [221, 947], [-445, -1894]]
[[1, 0], [222, 947], [-223, -947]]
[[1, 0], [222, 947], [-224, -947]]
[[1, 0], [222, 947], [-447, -1894]]
[[1, 0], [223, 1894], [-225, -1894]]
[[1, 0], [223, 2841], [-224, -2841]]
[[1, 0], [223, 947], [-224, -947]]
[[1, 0], [223, 947], [-225, -947]]
[[1, 0], [223, 947], [-449, -1894]]
[[1, 0], [224, 947], [-225, -947]]
[[1, 0], [224, 947], [-226, -947]]
[[1, 0], [224, 947], [-451, -1894]]
[[1, 0], [225, 1894], [-227, -1894]]
[[1, 0], [225, 947], [-227, -947]]
[[1, 0], [225, 947], [-453, -1894]]
[[1, 0], [226, 947], [-228, -947]]
[[1, 0], [226, 947], [-455, -1894]]
[[1, 0], [227, 1894], [-229, -1894]]
[[1, 0], [227, 947], [-229, -947]]
[[1, 0], [227, 947], [-457, -1894]]
[[1, 0], [228, 947], [-230, -947]]
[[1, 0], [228, 947], [-459, -1894]]
[[1, 0], [229, 1894], [-231, -1894]]
[[1, 0], [229, 2841], [-230, -2841]]
[[1, 0], [229, 947], [-231, -947]]
[[1, 0], [229, 947], [-461, -1894]]
[[1, 0], [23, 1894], [-25, -1894]]
[[1, 0], [23, 947], [-24, -947]]
[[1, 0], [23, 947], [-25, -947]]
[[1, 0], [23, 947], [-49, -1894]]
[[1, 0], [230, 947], [-232, -947]]
[[1, 0], [230, 947], [-463, -1894]]
[[1, 0], [231, 1894], [-233, -1894]]
[[1, 0], [231, 947], [-233, -947]]
[[1, 0], [231, 947], [-465, -1894]]
[[1, 0], [232, 2841], [-233, -2841]]
[[1, 0], [232, 947], [-234, -947]]
[[1, 0], [232, 947], [-467, -1894]]
[[1, 0], [233, 1894], [-235, -1894]]
[[1, 0], [233, 947], [-235, -947]]
[[1, 0], [233, 947], [-469, -1894]]
[[1, 0], [234, 947], [-235, -947]]
[[1, 0], [234, 947], [-236, -947]]
[[1, 0], [234, 947], [-471, -1894]]
[[1, 0], [235, 1894], [-237, -1894]]
[[1, 0], [235, 2841], [-236, -2841]]
[[1, 0], [235, 947], [-236, -947]]
[[1, 0], [235, 947], [-237, -947]]
[[1, 0], [235, 947], [-473, -1894]]
[[1, 0], [236, 947], [-238, -947]]
[[1, 0], [236, 947], [-475, -1894]]
[[1, 0], [237, 1894], [-239, -1894]]
[[1, 0], [237, 947], [-239, -947]]
[[1, 0], [237, 947], [-477, -1894]]
[[1, 0], [238, 2841], [-239, -2841]]
[[1, 0], [238, 947], [-240, -947]]
[[1, 0], [238, 947], [-479, -1894]]
[[1, 0], [239, 1894], [-241, -1894]]
[[1, 0], [239, 947], [-241, -947]]
[[1, 0], [239, 947], [-481, -1894]]
[[1, 0], [24, 947], [-25, -947]]
[[1, 0], [24, 947], [-26, -947]]
[[1, 0], [24, 947], [-51, -1894]]
[[1, 0], [240, 947], [-242, -947]]
[[1, 0], [240, 947], [-483, -1894]]
[[1, 0], [241, 1894], [-243, -1894]]
[[1, 0], [241, 2841], [-242, -2841]]
[[1, 0], [241, 947], [-243, -947]]
[[1, 0], [241, 947], [-485, -1894]]
[[1, 0], [242, 947], [-244, -947]]
[[1, 0], [242, 947], [-487, -1894]]
[[1, 0], [243, 1894], [-245, -1894]]
[[1, 0], [243, 947], [-244, -947]]
[[1, 0], [243, 947], [-245, -947]]
[[1, 0], [243, 947], [-489, -1894]]
[[1, 0], [244, 2841], [-245, -2841]]
[[1, 0], [244, 947], [-246, -947]]
[[1, 0], [244, 947], [-491, -1894]]
[[1, 0], [245, 1894], [-247, -1894]]
[[1, 0], [245, 947], [-247, -947]]
[[1, 0], [245, 947], [-493, -1894]]
[[1, 0], [246, 947], [-248, -947]]
[[1, 0], [246, 947], [-495, -1894]]
[[1, 0], [247, 1894], [-249, -1894]]
[[1, 0], [247, 947], [-249, -947]]
[[1, 0], [247, 947], [-497, -1894]]
[[1, 0], [248, 947], [-250, -947]]
[[1, 0], [248, 947], [-499, -1894]]
[[1, 0], [249, 1894], [-251, -1894]]
[[1, 0], [249, 947], [-251, -947]]
[[1, 0], [249, 947], [-501, -1894]]
[[1, 0], [25, 1894], [-27, -1894]]
[[1, 0], [25, 2841], [-26, -2841]]
[[1, 0], [25, 947], [-26, -947]]
[[1, 0], [25, 947], [-27, -947]]
[[1, 0], [25, 947], [-53, -1894]]
[[1, 0], [250, 947], [-252, -947]]
[[1, 0], [250, 947], [-503, -1894]]
[[1, 0], [251, 1894], [-253, -1894]]
[[1, 0], [251, 947], [-253, -947]]
[[1, 0], [251, 947], [-505, -1894]]
[[1, 0], [252, 947], [-253, -947]]
[[1, 0], [252, 947], [-254, -947]]
[[1, 0], [252, 947], [-507, -1894]]
[[1, 0], [253, 1894], [-255, -1894]]
[[1, 0], [253, 2841], [-254, -2841]]
[[1, 0], [253, 947], [-254, -947]]
[[1, 0], [253, 947], [-255, -947]]
[[1, 0], [253, 947], [-509, -1894]]
[[1, 0], [254, 947], [-256, -947]]
[[1, 0], [254, 947], [-511, -1894]]
[[1, 0], [255, 1894], [-257, -1894]]
[[1, 0], [255, 947], [-257, -947]]
[[1, 0], [255, 947], [-513, -1894]]
[[1, 0], [256, 2841], [-257, -2841]]
[[1, 0], [256, 947], [-257, -947]]
[[1, 0], [256, 947], [-258, -947]]
[[1, 0], [256, 947], [-515, -1894]]
[[1, 0], [257, 1894], [-259, -1894]]
[[1, 0], [257, 947], [-258, -947]]
[[1, 0], [257, 947], [-259, -947]]
[[1, 0], [257, 947], [-517, -1894]]
[[1, 0], [258, 947], [-260, -947]]
[[1, 0], [258, 947], [-519, -1894]]
[[1, 0], [259, 1894], [-261, -1894]]
[[1, 0], [259, 2841], [-260, -2841]]
[[1, 0], [259, 947], [-261, -947]]
[[1, 0], [259, 947], [-521, -1894]]
[[1, 0], [26, 947], [-27, -947]]
[[1, 0], [26, 947], [-28, -947]]
[[1, 0], [26, 947], [-55, -1894]]
[[1, 0], [260, 947], [-261, -947]]
[[1, 0], [260, 947], [-262, -947]]
[[1, 0], [260, 947], [-523, -1894]]
[[1, 0], [261, 1894], [-263, -1894]]
[[1, 0], [261, 947], [-262, -947]]
[[1, 0], [261, 947], [-263, -947]]
[[1, 0], [261, 947], [-525, -1894]]
[[1, 0], [262, 2841], [-263, -2841]]
[[1, 0], [262, 947], [-264, -947]]
[[1, 0], [262, 947], [-527, -1894]]
[[1, 0], [263, 1894], [-265, -1894]]
[[1, 0], [263, 947], [-265, -947]]
[[1, 0], [263, 947], [-529, -1894]]
[[1, 0], [264, 947], [-266, -947]]
[[1, 0], [264, 947], [-531, -1894]]
[[1, 0], [265, 1894], [-267, -1894]]
[[1, 0], [265, 2841], [-266, -2841]]
[[1, 0], [265, 947], [-267, -947]]
[[1, 0], [265, 947], [-533, -1894]]
[[1, 0], [266, 947], [-268, -947]]
[[1, 0], [266, 947], [-535, -1894]]
[[1, 0], [267, 1894], [-269, -1894]]
[[1, 0], [267, 947], [-269, -947]]
[[1, 0], [267, 947], [-537, -1894]]
[[1, 0], [268, 947], [-270, -947]]
[[1, 0], [268, 947], [-539, -1894]]
[[1, 0], [269, 1894], [-271, -1894]]
[[1, 0], [269, 947], [-271, -947]]
[[1, 0], [269, 947], [-541, -1894]]
[[1, 0], [27, 1894], [-29, -1894]]
[[1, 0], [27, 947], [-28, -947]]
[[1, 0], [27, 947], [-29, -947]]
[[1, 0], [27, 947], [-57, -1894]]
[[1, 0], [270, 947], [-272, -947]]
[[1, 0], [270, 947], [-543, -1894]]
[[1, 0], [271, 1894], [-273, -1894]]
[[1, 0], [271, 947], [-273, -947]]
[[1, 0], [271, 947], [-545, -1894]]
[[1, 0], [272, 947], [-274, -947]]
[[1, 0], [272, 947], [-547, -1894]]
[[1, 0], [273, 1894], [-275, -1894]]
[[1, 0], [273, 947], [-275, -947]]
[[1, 0], [273, 947], [-549, -1894]]
[[1, 0], [274, 947], [-276, -947]]
[[1, 0], [274, 947], [-551, -1894]]
[[1, 0], [275, 1894], [-277, -1894]]
[[1, 0], [275, 947], [-276, -947]]
[[1, 0], [275, 947], [-277, -947]]
[[1, 0], [275, 947], [-553, -1894]]
[[1, 0], [276, 947], [-277, -947]]
[[1, 0], [276, 947], [-278, -947]]
[[1, 0], [276, 947], [-555, -1894]]
[[1, 0], [277, 1894], [-279, -1894]]
[[1, 0], [277, 2841], [-278, -2841]]
[[1, 0], [277, 947], [-278, -947]]
[[1, 0], [277, 947], [-279, -947]]
[[1, 0], [277, 947], [-557, -1894]]
[[1, 0], [278, 947], [-279, -947]]
[[1, 0], [278, 947], [-280, -947]]
[[1, 0], [278, 947], [-559, -1894]]
[[1, 0], [279, 1894], [-281, -1894]]
[[1, 0], [279, 947], [-280, -947]]
[[1, 0], [279, 947], [-281, -947]]
[[1, 0], [279, 947], [-561, -1894]]
[[1, 0], [28, 2841], [-29, -2841]]
[[1, 0], [28, 947], [-29, -947]]
[[1, 0], [28, 947], [-30, -947]]
[[1, 0], [28, 947], [-59, -1894]]
[[1, 0], [280, 2841], [-281, -2841]]
[[1, 0], [280, 947], [-281, -947]]
[[1, 0], [280, 947], [-282, -947]]
[[1, 0], [280, 947], [-563, -1894]]
[[1, 0], [281, 1894], [-283, -1894]]
[[1, 0], [281, 947], [-283, -947]]
[[1, 0], [281, 947], [-565, -1894]]
[[1, 0], [282, 947], [-284, -947]]
[[1, 0], [282, 947], [-567, -1894]]
[[1, 0], [283, 1894], [-285, -1894]]
[[1, 0], [283, 947], [-285, -947]]
[[1, 0], [283, 947], [-569, -1894]]
[[1, 0], [284, 947], [-286, -947]]
[[1, 0], [284, 947], [-571, -1894]]
[[1, 0], [285, 1894], [-287, -1894]]
[[1, 0], [285, 947], [-287, -947]]
[[1, 0], [285, 947], [-573, -1894]]
[[1, 0], [286, 947], [-288, -947]]
[[1, 0], [286, 947], [-575, -1894]]
[[1, 0], [287, 1894], [-289, -1894]]
[[1, 0], [287, 947], [-289, -947]]
[[1, 0], [287, 947], [-577, -1894]]
[[1, 0], [288, 947], [-290, -947]]
[[1, 0], [288, 947], [-579, -1894]]
[[1, 0], [289, 1894], [-291, -1894]]
[[1, 0], [289, 2841], [-290, -2841]]
[[1, 0], [289, 947], [-290, -947]]
[[1, 0], [289, 947], [-291, -947]]
[[1, 0], [289, 947], [-581, -1894]]
[[1, 0], [29, 1894], [-31, -1894]]
[[1, 0], [29, 947], [-30, -947]]
[[1, 0], [29, 947], [-31, -947]]
[[1, 0], [29, 947], [-61, -1894]]
[[1, 0], [290, 947], [-292, -947]]
[[1, 0], [290, 947], [-583, -1894]]
[[1, 0], [291, 1894], [-293, -1894]]
[[1, 0], [291, 947], [-293, -947]]
[[1, 0], [291, 947], [-585, -1894]]
[[1, 0], [292, 2841], [-293, -2841]]
[[1, 0], [292, 947], [-294, -947]]
[[1, 0], [292, 947], [-587, -1894]]
[[1, 0], [293, 1894], [-295, -1894]]
[[1, 0], [293, 947], [-295, -947]]
[[1, 0], [293, 947], [-589, -1894]]
[[1, 0], [294, 947], [-295, -947]]
[[1, 0], [294, 947], [-296, -947]]
[[1, 0], [294, 947], [-591, -1894]]
[[1, 0], [295, 1894], [-297, -1894]]
[[1, 0], [295, 2841], [-296, -2841]]
[[1, 0], [295, 947], [-297, -947]]
[[1, 0], [295, 947], [-593, -1894]]
[[1, 0], [296, 947], [-298, -947]]
[[1, 0], [296, 947], [-595, -1894]]
[[1, 0], [297, 1894], [-299, -1894]]
[[1, 0], [297, 947], [-299, -947]]
[[1, 0], [297, 947], [-597, -1894]]
[[1, 0], [298, 947], [-300, -947]]
[[1, 0], [298, 947], [-599, -1894]]
[[1, 0], [299, 1894], [-301, -1894]]
[[1, 0], [299, 947], [-301, -947]]
[[1, 0], [299, 947], [-601, -1894]]
[[1, 0], [3, 1894], [-5, -1894]]
[[1, 0], [3, 947], [-4, -947]]
[[1, 0], [3, 947], [-5, -947]]
[[1, 0], [3, 947], [-9, -1894]]
[[1, 0], [30, 947], [-31, -947]]
[[1, 0], [30, 947], [-32, -947]]
[[1, 0], [30, 947], [-63, -1894]]
[[1, 0], [300, 947], [-302, -947]]
[[1, 0], [300, 947], [-603, -1894]]
[[1, 0], [301, 1894], [-303, -1894]]
[[1, 0], [301, 947], [-303, -947]]
[[1, 0], [301, 947], [-605, -1894]]
[[1, 0], [302, 947], [-304, -947]]
[[1, 0], [302, 947], [-607, -1894]]
[[1, 0], [303, 1894], [-305, -1894]]
[[1, 0], [303, 947], [-305, -947]]
[[1, 0], [303, 947], [-609, -1894]]
[[1, 0], [304, 2841], [-305, -2841]]
[[1, 0], [304, 947], [-305, -947]]
[[1, 0], [304, 947], [-306, -947]]
[[1, 0], [304, 947], [-611, -1894]]
[[1, 0], [305, 1894], [-307, -1894]]
[[1, 0], [305, 947], [-307, -947]]
[[1, 0], [305, 947], [-613, -1894]]
[[1, 0], [306, 947], [-308, -947]]
[[1, 0], [306, 947], [-615, -1894]]
[[1, 0], [307, 1894], [-309, -1894]]
[[1, 0], [307, 2841], [-308, -2841]]
[[1, 0], [307, 947], [-309, -947]]
[[1, 0], [307, 947], [-617, -1894]]
[[1, 0], [308, 947], [-310, -947]]
[[1, 0], [308, 947], [-619, -1894]]
[[1, 0], [309, 1894], [-311, -1894]]
[[1, 0], [309, 947], [-311, -947]]
[[1, 0], [309, 947], [-621, -1894]]
[[1, 0], [31, 1894], [-33, -1894]]
[[1, 0], [31, 2841], [-32, -2841]]
[[1, 0], [31, 947], [-32, -947]]
[[1, 0], [31, 947], [-33, -947]]
[[1, 0], [31, 947], [-65, -1894]]
[[1, 0], [310, 2841], [-311, -2841]]
[[1, 0], [310, 947], [-312, -947]]
[[1, 0], [310, 947], [-623, -1894]]
[[1, 0], [311, 1894], [-313, -1894]]
[[1, 0], [311, 947], [-313, -947]]
[[1, 0], [311, 947], [-625, -1894]]
[[1, 0], [312, 947], [-314, -947]]
[[1, 0], [312, 947], [-627, -1894]]
[[1, 0], [313, 1894], [-315, -1894]]
[[1, 0], [313, 947], [-315, -947]]
[[1, 0], [313, 947], [-629, -1894]]
[[1, 0], [314, 947], [-316, -947]]
[[1, 0], [314, 947], [-631, -1894]]
[[1, 0], [315, 1894], [-317, -1894]]
[[1, 0], [315, 947], [-317, -947]]
[[1, 0], [315, 947], [-633, -1894]]
[[1, 0], [316, 2841], [-317, -2841]]
[[1, 0], [316, 947], [-318, -947]]
[[1, 0], [316, 947], [-635, -1894]]
[[1, 0], [317, 1894], [-319, -1894]]
[[1, 0], [317, 947], [-319, -947]]
[[1, 0], [317, 947], [-637, -1894]]
[[1, 0], [318, 947], [-320, -947]]
[[1, 0], [318, 947], [-639, -1894]]
[[1, 0], [319, 1894], [-321, -1894]]
[[1, 0], [319, 2841], [-320, -2841]]
[[1, 0], [319, 947], [-321, -947]]
[[1, 0], [319, 947], [-641, -1894]]
[[1, 0], [32, 947], [-33, -947]]
[[1, 0], [32, 947], [-34, -947]]
[[1, 0], [32, 947], [-67, -1894]]
[[1, 0], [320, 947], [-322, -947]]
[[1, 0], [320, 947], [-643, -1894]]
[[1, 0], [321, 1894], [-323, -1894]]
[[1, 0], [321, 947], [-323, -947]]
[[1, 0], [321, 947], [-645, -1894]]
[[1, 0], [322, 2841], [-323, -2841]]
[[1, 0], [322, 947], [-324, -947]]
[[1, 0], [322, 947], [-647, -1894]]
[[1, 0], [323, 1894], [-325, -1894]]
[[1, 0], [323, 947], [-325, -947]]
[[1, 0], [323, 947], [-649, -1894]]
[[1, 0], [324, 947], [-326, -947]]
[[1, 0], [324, 947], [-651, -1894]]
[[1, 0], [325, 1894], [-327, -1894]]
[[1, 0], [325, 947], [-327, -947]]
[[1, 0], [325, 947], [-653, -1894]]
[[1, 0], [326, 947], [-328, -947]]
[[1, 0], [326, 947], [-655, -1894]]
[[1, 0], [327, 1894], [-329, -1894]]
[[1, 0], [327, 947], [-328, -947]]
[[1, 0], [327, 947], [-329, -947]]
[[1, 0], [327, 947], [-657, -1894]]
[[1, 0], [328, 2841], [-329, -2841]]
[[1, 0], [328, 947], [-330, -947]]
[[1, 0], [328, 947], [-659, -1894]]
[[1, 0], [329, 1894], [-331, -1894]]
[[1, 0], [329, 947], [-331, -947]]
[[1, 0], [329, 947], [-661, -1894]]
[[1, 0], [33, 1894], [-35, -1894]]
[[1, 0], [33, 947], [-34, -947]]
[[1, 0], [33, 947], [-35, -947]]
[[1, 0], [33, 947], [-69, -1894]]
[[1, 0], [330, 947], [-332, -947]]
[[1, 0], [330, 947], [-663, -1894]]
[[1, 0], [331, 1894], [-333, -1894]]
[[1, 0], [331, 947], [-333, -947]]
[[1, 0], [331, 947], [-665, -1894]]
[[1, 0], [332, 947], [-334, -947]]
[[1, 0], [332, 947], [-667, -1894]]
[[1, 0], [333, 1894], [-335, -1894]]
[[1, 0], [333, 947], [-335, -947]]
[[1, 0], [333, 947], [-669, -1894]]
[[1, 0], [334, 2841], [-335, -2841]]
[[1, 0], [334, 947], [-336, -947]]
[[1, 0], [334, 947], [-671, -1894]]
[[1, 0], [335, 1894], [-337, -1894]]
[[1, 0], [335, 947], [-337, -947]]
[[1, 0], [335, 947], [-673, -1894]]
[[1, 0], [336, 947], [-338, -947]]
[[1, 0], [336, 947], [-675, -1894]]
[[1, 0], [337, 1894], [-339, -1894]]
[[1, 0], [337, 947], [-339, -947]]
[[1, 0], [337, 947], [-677, -1894]]
[[1, 0], [338, 947], [-340, -947]]
[[1, 0], [338, 947], [-679, -1894]]
[[1, 0], [339, 1894], [-341, -1894]]
[[1, 0], [339, 947], [-341, -947]]
[[1, 0], [339, 947], [-681, -1894]]
[[1, 0], [34, 2841], [-35, -2841]]
[[1, 0], [34, 947], [-35, -947]]
[[1, 0], [34, 947], [-36, -947]]
[[1, 0], [34, 947], [-71, -1894]]
[[1, 0], [340, 2841], [-341, -2841]]
[[1, 0], [340, 947], [-341, -947]]
[[1, 0], [340, 947], [-342, -947]]
[[1, 0], [340, 947], [-683, -1894]]
[[1, 0], [341, 1894], [-343, -1894]]
[[1, 0], [341, 947], [-343, -947]]
[[1, 0], [341, 947], [-685, -1894]]
[[1, 0], [342, 947], [-344, -947]]
[[1, 0], [342, 947], [-687, -1894]]
[[1, 0], [343, 1894], [-345, -1894]]
[[1, 0], [343, 2841], [-344, -2841]]
[[1, 0], [343, 947], [-345, -947]]
[[1, 0], [343, 947], [-689, -1894]]
[[1, 0], [344, 947], [-346, -947]]
[[1, 0], [344, 947], [-691, -1894]]
[[1, 0], [345, 1894], [-347, -1894]]
[[1, 0], [345, 947], [-347, -947]]
[[1, 0], [345, 947], [-693, -1894]]
[[1, 0], [346, 947], [-348, -947]]
[[1, 0], [346, 947], [-695, -1894]]
[[1, 0], [347, 1894], [-349, -1894]]
[[1, 0], [347, 947], [-349, -947]]
[[1, 0], [347, 947], [-697, -1894]]
[[1, 0], [348, 947], [-350, -947]]
[[1, 0], [348, 947], [-699, -1894]]
[[1, 0], [349, 1894], [-351, -1894]]
[[1, 0], [349, 2841], [-350, -2841]]
[[1, 0], [349, 947], [-351, -947]]
[[1, 0], [349, 947], [-701, -1894]]
[[1, 0], [35, 1894], [-37, -1894]]
[[1, 0], [35, 947], [-36, -947]]
[[1, 0], [35, 947], [-37, -947]]
[[1, 0], [35, 947], [-73, -1894]]
[[1, 0], [350, 947], [-352, -947]]
[[1, 0], [350, 947], [-703, -1894]]
[[1, 0], [351, 1894], [-353, -1894]]
[[1, 0], [351, 947], [-352, -947]]
[[1, 0], [351, 947], [-353, -947]]
[[1, 0], [351, 947], [-705, -1894]]
[[1, 0], [352, 2841], [-353, -2841]]
[[1, 0], [352, 947], [-354, -947]]
[[1, 0], [352, 947], [-707, -1894]]
[[1, 0], [353, 1894], [-355, -1894]]
[[1, 0], [353, 947], [-355, -947]]
[[1, 0], [353, 947], [-709, -1894]]
[[1, 0], [354, 947], [-356, -947]]
[[1, 0], [354, 947], [-711, -1894]]
[[1, 0], [355, 1894], [-357, -1894]]
[[1, 0], [355, 947], [-357, -947]]
[[1, 0], [355, 947], [-713, -1894]]
[[1, 0], [356, 947], [-358, -947]]
[[1, 0], [356, 947], [-715, -1894]]
[[1, 0], [357, 1894], [-359, -1894]]
[[1, 0], [357, 947], [-359, -947]]
[[1, 0], [357, 947], [-717, -1894]]
[[1, 0], [358, 2841], [-359, -2841]]
[[1, 0], [358, 947], [-360, -947]]
[[1, 0], [358, 947], [-719, -1894]]
[[1, 0], [359, 1894], [-361, -1894]]
[[1, 0], [359, 947], [-361, -947]]
[[1, 0], [359, 947], [-721, -1894]]
[[1, 0], [36, 947], [-37, -947]]
[[1, 0], [36, 947], [-38, -947]]
[[1, 0], [36, 947], [-75, -1894]]
[[1, 0], [360, 947], [-361, -947]]
[[1, 0], [360, 947], [-362, -947]]
[[1, 0], [360, 947], [-723, -1894]]
[[1, 0], [361, 1894], [-363, -1894]]
[[1, 0], [361, 2841], [-362, -2841]]
[[1, 0], [361, 947], [-363, -947]]
[[1, 0], [361, 947], [-725, -1894]]
[[1, 0], [362, 947], [-364, -947]]
[[1, 0], [362, 947], [-727, -1894]]
[[1, 0], [363, 1894], [-365, -1894]]
[[1, 0], [363, 947], [-365, -947]]
[[1, 0], [363, 947], [-729, -1894]]
[[1, 0], [364, 947], [-366, -947]]
[[1, 0], [364, 947], [-731, -1894]]
[[1, 0], [365, 1894], [-367, -1894]]
[[1, 0], [365, 947], [-367, -947]]
[[1, 0], [365, 947], [-733, -1894]]
[[1, 0], [366, 947], [-368, -947]]
[[1, 0], [366, 947], [-735, -1894]]
[[1, 0], [367, 1894], [-369, -1894]]
[[1, 0], [367, 947], [-369, -947]]
[[1, 0], [367, 947], [-737, -1894]]
[[1, 0], [368, 947], [-370, -947]]
[[1, 0], [368, 947], [-739, -1894]]
[[1, 0], [369, 1894], [-371, -1894]]
[[1, 0], [369, 947], [-371, -947]]
[[1, 0], [369, 947], [-741, -1894]]
[[1, 0], [37, 1894], [-39, -1894]]
[[1, 0], [37, 2841], [-38, -2841]]
[[1, 0], [37, 947], [-38, -947]]
[[1, 0], [37, 947], [-39, -947]]
[[1, 0], [37, 947], [-77, -1894]]
[[1, 0], [370, 2841], [-371, -2841]]
[[1, 0], [370, 947], [-372, -947]]
[[1, 0], [370, 947], [-743, -1894]]
[[1, 0], [371, 1894], [-373, -1894]]
[[1, 0], [371, 947], [-373, -947]]
[[1, 0], [371, 947], [-745, -1894]]
[[1, 0], [372, 947], [-374, -947]]
[[1, 0], [372, 947], [-747, -1894]]
[[1, 0], [373, 1894], [-375, -1894]]
[[1, 0], [373, 2841], [-374, -2841]]
[[1, 0], [373, 947], [-375, -947]]
[[1, 0], [373, 947], [-749, -1894]]
[[1, 0], [374, 947], [-376, -947]]
[[1, 0], [374, 947], [-751, -1894]]
[[1, 0], [375, 1894], [-377, -1894]]
[[1, 0], [375, 947], [-377, -947]]
[[1, 0], [375, 947], [-753, -1894]]
[[1, 0], [376, 947], [-378, -947]]
[[1, 0], [376, 947], [-755, -1894]]
[[1, 0], [377, 1894], [-379, -1894]]
[[1, 0], [377, 947], [-379, -947]]
[[1, 0], [377, 947], [-757, -1894]]
[[1, 0], [378, 947], [-380, -947]]
[[1, 0], [378, 947], [-759, -1894]]
[[1, 0], [379, 1894], [-381, -1894]]
[[1, 0], [379, 947], [-381, -947]]
[[1, 0], [379, 947], [-761, -1894]]
[[1, 0], [38, 947], [-39, -947]]
[[1, 0], [38, 947], [-40, -947]]
[[1, 0], [38, 947], [-79, -1894]]
[[1, 0], [380, 947], [-382, -947]]
[[1, 0], [380, 947], [-763, -1894]]
[[1, 0], [381, 1894], [-383, -1894]]
[[1, 0], [381, 947], [-382, -947]]
[[1, 0], [381, 947], [-383, -947]]
[[1, 0], [381, 947], [-765, -1894]]
[[1, 0], [382, 2841], [-383, -2841]]
[[1, 0], [382, 947], [-384, -947]]
[[1, 0], [382, 947], [-767, -1894]]
[[1, 0], [383, 1894], [-385, -1894]]
[[1, 0], [383, 947], [-385, -947]]
[[1, 0], [383, 947], [-769, -1894]]
[[1, 0], [384, 947], [-386, -947]]
[[1, 0], [384, 947], [-771, -1894]]
[[1, 0], [385, 1894], [-387, -1894]]
[[1, 0], [385, 947], [-387, -947]]
[[1, 0], [385, 947], [-773, -1894]]
[[1, 0], [386, 947], [-388, -947]]
[[1, 0], [386, 947], [-775, -1894]]
[[1, 0], [387, 1894], [-389, -1894]]
[[1, 0], [387, 947], [-389, -947]]
[[1, 0], [387, 947], [-777, -1894]]
[[1, 0], [388, 2841], [-389, -2841]]
[[1, 0], [388, 947], [-390, -947]]
[[1, 0], [388, 947], [-779, -1894]]
[[1, 0], [389, 1894], [-391, -1894]]
[[1, 0], [389, 947], [-391, -947]]
[[1, 0], [389, 947], [-781, -1894]]
[[1, 0], [39, 1894], [-41, -1894]]
[[1, 0], [39, 947], [-40, -947]]
[[1, 0], [39, 947], [-41, -947]]
[[1, 0], [39, 947], [-81, -1894]]
[[1, 0], [390, 947], [-392, -947]]
[[1, 0], [390, 947], [-783, -1894]]
[[1, 0], [391, 1894], [-393, -1894]]
[[1, 0], [391, 2841], [-392, -2841]]
[[1, 0], [391, 947], [-393, -947]]
[[1, 0], [391, 947], [-785, -1894]]
[[1, 0], [392, 947], [-394, -947]]
[[1, 0], [392, 947], [-787, -1894]]
[[1, 0], [393, 1894], [-395, -1894]]
[[1, 0], [393, 947], [-395, -947]]
[[1, 0], [393, 947], [-789, -1894]]
[[1, 0], [394, 947], [-396, -947]]
[[1, 0], [394, 947], [-791, -1894]]
[[1, 0], [395, 1894], [-397, -1894]]
[[1, 0], [395, 947], [-397, -947]]
[[1, 0], [395, 947], [-793, -1894]]
[[1, 0], [396, 947], [-398, -947]]
[[1, 0], [396, 947], [-795, -1894]]
[[1, 0], [397, 1894], [-399, -1894]]
[[1, 0], [397, 947], [-399, -947]]
[[1, 0], [397, 947], [-797, -1894]]
[[1, 0], [398, 947], [-400, -947]]
[[1, 0], [398, 947], [-799, -1894]]
[[1, 0], [399, 1894], [-401, -1894]]
[[1, 0], [399, 947], [-401, -947]]
[[1, 0], [399, 947], [-801, -1894]]
[[1, 0], [4, 947], [-11, -1894]]
[[1, 0], [4, 947], [-6, -947]]
[[1, 0], [40, 2841], [-41, -2841]]
[[1, 0], [40, 947], [-41, -947]]
[[1, 0], [40, 947], [-42, -947]]
[[1, 0], [40, 947], [-83, -1894]]
[[1, 0], [400, 947], [-402, -947]]
[[1, 0], [400, 947], [-803, -1894]]
[[1, 0], [401, 1894], [-403, -1894]]
[[1, 0], [401, 947], [-403, -947]]
[[1, 0], [401, 947], [-805, -1894]]
[[1, 0], [402, 947], [-404, -947]]
[[1, 0], [402, 947], [-807, -1894]]
[[1, 0], [403, 1894], [-405, -1894]]
[[1, 0], [403, 947], [-405, -947]]
[[1, 0], [403, 947], [-809, -1894]]
[[1, 0], [404, 947], [-406, -947]]
[[1, 0], [404, 947], [-811, -1894]]
[[1, 0], [405, 1894], [-407, -1894]]
[[1, 0], [405, 947], [-407, -947]]
[[1, 0], [405, 947], [-813, -1894]]
[[1, 0], [406, 947], [-408, -947]]
[[1, 0], [406, 947], [-815, -1894]]
[[1, 0], [407, 1894], [-409, -1894]]
[[1, 0], [407, 947], [-409, -947]]
[[1, 0], [407, 947], [-817, -1894]]
[[1, 0], [408, 947], [-410, -947]]
[[1, 0], [408, 947], [-819, -1894]]
[[1, 0], [409, 1894], [-411, -1894]]
[[1, 0], [409, 2841], [-410, -2841]]
[[1, 0], [409, 947], [-411, -947]]
[[1, 0], [409, 947], [-821, -1894]]
[[1, 0], [41, 1894], [-43, -1894]]
[[1, 0], [41, 947], [-42, -947]]
[[1, 0], [41, 947], [-43, -947]]
[[1, 0], [41, 947], [-85, -1894]]
[[1, 0], [410, 947], [-412, -947]]
[[1, 0], [410, 947], [-823, -1894]]
[[1, 0], [411, 1894], [-413, -1894]]
[[1, 0], [411, 947], [-413, -947]]
[[1, 0], [411, 947], [-825, -1894]]
[[1, 0], [412, 2841], [-413, -2841]]
[[1, 0], [412, 947], [-414, -947]]
[[1, 0], [412, 947], [-827, -1894]]
[[1, 0], [413, 1894], [-415, -1894]]
[[1, 0], [413, 947], [-415, -947]]
[[1, 0], [413, 947], [-829, -1894]]
[[1, 0], [414, 947], [-416, -947]]
[[1, 0], [414, 947], [-831, -1894]]
[[1, 0], [415, 1894], [-417, -1894]]
[[1, 0], [415, 947], [-417, -947]]
[[1, 0], [415, 947], [-833, -1894]]
[[1, 0], [416, 947], [-418, -947]]
[[1, 0], [416, 947], [-835, -1894]]
[[1, 0], [417, 1894], [-419, -1894]]
[[1, 0], [417, 947], [-419, -947]]
[[1, 0], [417, 947], [-837, -1894]]
[[1, 0], [418, 947], [-420, -947]]
[[1, 0], [418, 947], [-839, -1894]]
[[1, 0], [419, 1894], [-421, -1894]]
[[1, 0], [419, 947], [-421, -947]]
[[1, 0], [419, 947], [-841, -1894]]
[[1, 0], [42, 947], [-44, -947]]
[[1, 0], [42, 947], [-87, -1894]]
[[1, 0], [420, 947], [-422, -947]]
[[1, 0], [420, 947], [-843, -1894]]
[[1, 0], [421, 1894], [-423, -1894]]
[[1, 0], [421, 2841], [-422, -2841]]
[[1, 0], [421, 947], [-423, -947]]
[[1, 0], [421, 947], [-845, -1894]]
[[1, 0], [422, 947], [-424, -947]]
[[1, 0], [422, 947], [-847, -1894]]
[[1, 0], [423, 1894], [-425, -1894]]
[[1, 0], [423, 947], [-425, -947]]
[[1, 0], [423, 947], [-849, -1894]]
[[1, 0], [424, 2841], [-425, -2841]]
[[1, 0], [424, 947], [-426, -947]]
[[1, 0], [424, 947], [-851, -1894]]
[[1, 0], [425, 1894], [-427, -1894]]
[[1, 0], [425, 947], [-427, -947]]
[[1, 0], [425, 947], [-853, -1894]]
[[1, 0], [426, 947], [-428, -947]]
[[1, 0], [426, 947], [-855, -1894]]
[[1, 0], [427, 1894], [-429, -1894]]
[[1, 0], [427, 2841], [-428, -2841]]
[[1, 0], [427, 947], [-429, -947]]
[[1, 0], [427, 947], [-857, -1894]]
[[1, 0], [428, 947], [-430, -947]]
[[1, 0], [428, 947], [-859, -1894]]
[[1, 0], [429, 1894], [-431, -1894]]
[[1, 0], [429, 947], [-431, -947]]
[[1, 0], [429, 947], [-861, -1894]]
[[1, 0], [43, 1894], [-45, -1894]]
[[1, 0], [43, 2841], [-44, -2841]]
[[1, 0], [43, 947], [-45, -947]]
[[1, 0], [43, 947], [-89, -1894]]
[[1, 0], [430, 2841], [-431, -2841]]
[[1, 0], [430, 947], [-432, -947]]
[[1, 0], [430, 947], [-863, -1894]]
[[1, 0], [431, 1894], [-433, -1894]]
[[1, 0], [431, 947], [-433, -947]]
[[1, 0], [431, 947], [-865, -1894]]
[[1, 0], [432, 947], [-434, -947]]
[[1, 0], [432, 947], [-867, -1894]]
[[1, 0], [433, 1894], [-435, -1894]]
[[1, 0], [433, 2841], [-434, -2841]]
[[1, 0], [433, 947], [-435, -947]]
[[1, 0], [433, 947], [-869, -1894]]
[[1, 0], [434, 947], [-436, -947]]
[[1, 0], [434, 947], [-871, -1894]]
[[1, 0], [435, 1894], [-437, -1894]]
[[1, 0], [435, 947], [-437, -947]]
[[1, 0], [435, 947], [-873, -1894]]
[[1, 0], [436, 947], [-438, -947]]
[[1, 0], [436, 947], [-875, -1894]]
[[1, 0], [437, 1894], [-439, -1894]]
[[1, 0], [437, 947], [-439, -947]]
[[1, 0], [437, 947], [-877, -1894]]
[[1, 0], [438, 947], [-440, -947]]
[[1, 0], [438, 947], [-879, -1894]]
[[1, 0], [439, 1894], [-441, -1894]]
[[1, 0], [439, 2841], [-440, -2841]]
[[1, 0], [439, 947], [-441, -947]]
[[1, 0], [439, 947], [-881, -1894]]
[[1, 0], [44, 947], [-45, -947]]
[[1, 0], [44, 947], [-46, -947]]
[[1, 0], [44, 947], [-91, -1894]]
[[1, 0], [440, 947], [-442, -947]]
[[1, 0], [440, 947], [-883, -1894]]
[[1, 0], [441, 1894], [-443, -1894]]
[[1, 0], [441, 947], [-443, -947]]
[[1, 0], [441, 947], [-885, -1894]]
[[1, 0], [442, 947], [-444, -947]]
[[1, 0], [442, 947], [-887, -1894]]
[[1, 0], [443, 1894], [-445, -1894]]
[[1, 0], [443, 947], [-445, -947]]
[[1, 0], [443, 947], [-889, -1894]]
[[1, 0], [444, 947], [-446, -947]]
[[1, 0], [444, 947], [-891, -1894]]
[[1, 0], [445, 1894], [-447, -1894]]
[[1, 0], [445, 2841], [-446, -2841]]
[[1, 0], [445, 947], [-447, -947]]
[[1, 0], [445, 947], [-893, -1894]]
[[1, 0], [446, 947], [-448, -947]]
[[1, 0], [446, 947], [-895, -1894]]
[[1, 0], [447, 1894], [-449, -1894]]
[[1, 0], [447, 947], [-449, -947]]
[[1, 0], [447, 947], [-897, -1894]]
[[1, 0], [448, 947], [-450, -947]]
[[1, 0], [448, 947], [-899, -1894]]
[[1, 0], [449, 1894], [-451, -1894]]
[[1, 0], [449, 947], [-451, -947]]
[[1, 0], [449, 947], [-901, -1894]]
[[1, 0], [45, 1894], [-47, -1894]]
[[1, 0], [45, 947], [-46, -947]]
[[1, 0], [45, 947], [-47, -947]]
[[1, 0], [45, 947], [-93, -1894]]
[[1, 0], [450, 947], [-452, -947]]
[[1, 0], [450, 947], [-903, -1894]]
[[1, 0], [451, 1894], [-453, -1894]]
[[1, 0], [451, 947], [-453, -947]]
[[1, 0], [451, 947], [-905, -1894]]
[[1, 0], [452, 947], [-454, -947]]
[[1, 0], [452, 947], [-907, -1894]]
[[1, 0], [453, 1894], [-455, -1894]]
[[1, 0], [453, 947], [-455, -947]]
[[1, 0], [453, 947], [-909, -1894]]
[[1, 0], [454, 947], [-456, -947]]
[[1, 0], [454, 947], [-911, -1894]]
[[1, 0], [455, 1894], [-457, -1894]]
[[1, 0], [455, 947], [-457, -947]]
[[1, 0], [455, 947], [-913, -1894]]
[[1, 0], [456, 947], [-458, -947]]
[[1, 0], [456, 947], [-915, -1894]]
[[1, 0], [457, 1894], [-459, -1894]]
[[1, 0], [457, 947], [-459, -947]]
[[1, 0], [457, 947], [-917, -1894]]
[[1, 0], [458, 947], [-460, -947]]
[[1, 0], [458, 947], [-919, -1894]]
[[1, 0], [459, 1894], [-461, -1894]]
[[1, 0], [459, 947], [-461, -947]]
[[1, 0], [459, 947], [-921, -1894]]
[[1, 0], [46, 2841], [-47, -2841]]
[[1, 0], [46, 947], [-47, -947]]
[[1, 0], [46, 947], [-48, -947]]
[[1, 0], [46, 947], [-95, -1894]]
[[1, 0], [460, 2841], [-461, -2841]]
[[1, 0], [460, 947], [-462, -947]]
[[1, 0], [460, 947], [-923, -1894]]
[[1, 0], [461, 1894], [-463, -1894]]
[[1, 0], [461, 947], [-463, -947]]
[[1, 0], [461, 947], [-925, -1894]]
[[1, 0], [462, 947], [-464, -947]]
[[1, 0], [462, 947], [-927, -1894]]
[[1, 0], [463, 1894], [-465, -1894]]
[[1, 0], [463, 947], [-465, -947]]
[[1, 0], [463, 947], [-929, -1894]]
[[1, 0], [464, 947], [-466, -947]]
[[1, 0], [464, 947], [-931, -1894]]
[[1, 0], [465, 1894], [-467, -1894]]
[[1, 0], [465, 947], [-467, -947]]
[[1, 0], [465, 947], [-933, -1894]]
[[1, 0], [466, 947], [-468, -947]]
[[1, 0], [466, 947], [-935, -1894]]
[[1, 0], [467, 1894], [-469, -1894]]
[[1, 0], [467, 947], [-469, -947]]
[[1, 0], [467, 947], [-937, -1894]]
[[1, 0], [468, 947], [-470, -947]]
[[1, 0], [468, 947], [-939, -1894]]
[[1, 0], [469, 1894], [-471, -1894]]
[[1, 0], [469, 2841], [-470, -2841]]
[[1, 0], [469, 947], [-471, -947]]
[[1, 0], [469, 947], [-941, -1894]]
[[1, 0], [47, 1894], [-49, -1894]]
[[1, 0], [47, 947], [-48, -947]]
[[1, 0], [47, 947], [-49, -947]]
[[1, 0], [47, 947], [-97, -1894]]
[[1, 0], [470, 947], [-472, -947]]
[[1, 0], [470, 947], [-943, -1894]]
[[1, 0], [471, 1894], [-473, -1894]]
[[1, 0], [471, 947], [-473, -947]]
[[1, 0], [471, 947], [-945, -1894]]
[[1, 0], [472, 2841], [-473, -2841]]
[[1, 0], [472, 947], [-474, -947]]
[[1, 0], [473, 1894], [-475, -1894]]
[[1, 0], [473, 947], [-949, -1894]]
[[1, 0], [474, 947], [-951, -1894]]
[[1, 0], [475, 1894], [-477, -1894]]
[[1, 0], [475, 2841], [-476, -2841]]
[[1, 0], [475, 947], [-953, -1894]]
[[1, 0], [476, 947], [-955, -1894]]
[[1, 0], [477, 1894], [-479, -1894]]
[[1, 0], [477, 947], [-957, -1894]]
[[1, 0], [478, 947], [-959, -1894]]
[[1, 0], [479, 1894], [-481, -1894]]
[[1, 0], [479, 947], [-961, -1894]]
[[1, 0], [48, 947], [-49, -947]]
[[1, 0], [48, 947], [-50, -947]]
[[1, 0], [48, 947], [-99, -1894]]
[[1, 0], [480, 947], [-963, -1894]]
[[1, 0], [481, 1894], [-483, -1894]]
[[1, 0], [481, 2841], [-482, -2841]]
[[1, 0], [481, 947], [-965, -1894]]
[[1, 0], [482, 947], [-967, -1894]]
[[1, 0], [483, 1894], [-485, -1894]]
[[1, 0], [483, 947], [-969, -1894]]
[[1, 0], [484, 2841], [-485, -2841]]
[[1, 0], [484, 947], [-971, -1894]]
[[1, 0], [485, 1894], [-487, -1894]]
[[1, 0], [485, 947], [-973, -1894]]
[[1, 0], [486, 947], [-975, -1894]]
[[1, 0], [487, 1894], [-489, -1894]]
[[1, 0], [487, 947], [-977, -1894]]
[[1, 0], [488, 947], [-979, -1894]]
[[1, 0], [489, 1894], [-491, -1894]]
[[1, 0], [489, 947], [-981, -1894]]
[[1, 0], [49, 1894], [-51, -1894]]
[[1, 0], [49, 2841], [-50, -2841]]
[[1, 0], [49, 947], [-101, -1894]]
[[1, 0], [49, 947], [-50, -947]]
[[1, 0], [49, 947], [-51, -947]]
[[1, 0], [490, 2841], [-491, -2841]]
[[1, 0], [490, 947], [-983, -1894]]
[[1, 0], [491, 1894], [-493, -1894]]
[[1, 0], [491, 947], [-985, -1894]]
[[1, 0], [492, 947], [-987, -1894]]
[[1, 0], [493, 1894], [-495, -1894]]
[[1, 0], [493, 947], [-989, -1894]]
[[1, 0], [494, 947], [-991, -1894]]
[[1, 0], [495, 1894], [-497, -1894]]
[[1, 0], [495, 947], [-993, -1894]]
[[1, 0], [496, 2841], [-497, -2841]]
[[1, 0], [496, 947], [-995, -1894]]
[[1, 0], [497, 1894], [-499, -1894]]
[[1, 0], [497, 947], [-997, -1894]]
[[1, 0], [498, 947], [-999, -1894]]
[[1, 0], [499, 1894], [-501, -1894]]
[[1, 0], [499, 2841], [-500, -2841]]
[[1, 0], [499, 947], [-1001, -1894]]
[[1, 0], [5, 947], [-13, -1894]]
[[1, 0], [5, 947], [-6, -947]]
[[1, 0], [50, 947], [-103, -1894]]
[[1, 0], [50, 947], [-51, -947]]
[[1, 0], [50, 947], [-52, -947]]
[[1, 0], [500, 947], [-1003, -1894]]
[[1, 0], [501, 1894], [-503, -1894]]
[[1, 0], [501, 947], [-1005, -1894]]
[[1, 0], [502, 947], [-1007, -1894]]
[[1, 0], [503, 1894], [-505, -1894]]
[[1, 0], [503, 947], [-1009, -1894]]
[[1, 0], [504, 947], [-1011, -1894]]
[[1, 0], [505, 1894], [-507, -1894]]
[[1, 0], [505, 2841], [-506, -2841]]
[[1, 0], [505, 947], [-1013, -1894]]
[[1, 0], [506, 947], [-1015, -1894]]
[[1, 0], [507, 1894], [-509, -1894]]
[[1, 0], [507, 947], [-1017, -1894]]
[[1, 0], [508, 947], [-1019, -1894]]
[[1, 0], [509, 1894], [-511, -1894]]
[[1, 0], [509, 947], [-1021, -1894]]
[[1, 0], [51, 1894], [-53, -1894]]
[[1, 0], [51, 947], [-105, -1894]]
[[1, 0], [51, 947], [-52, -947]]
[[1, 0], [51, 947], [-53, -947]]
[[1, 0], [510, 947], [-1023, -1894]]
[[1, 0], [511, 1894], [-513, -1894]]
[[1, 0], [511, 2841], [-512, -2841]]
[[1, 0], [511, 947], [-1025, -1894]]
[[1, 0], [512, 947], [-1027, -1894]]
[[1, 0], [513, 1894], [-515, -1894]]
[[1, 0], [513, 947], [-1029, -1894]]
[[1, 0], [514, 947], [-1031, -1894]]
[[1, 0], [515, 1894], [-517, -1894]]
[[1, 0], [515, 947], [-1033, -1894]]
[[1, 0], [516, 947], [-1035, -1894]]
[[1, 0], [517, 1894], [-519, -1894]]
[[1, 0], [517, 2841], [-518, -2841]]
[[1, 0], [517, 947], [-1037, -1894]]
[[1, 0], [518, 947], [-1039, -1894]]
[[1, 0], [519, 1894], [-521, -1894]]
[[1, 0], [519, 947], [-1041, -1894]]
[[1, 0], [52, 2841], [-53, -2841]]
[[1, 0], [52, 947], [-107, -1894]]
[[1, 0], [52, 947], [-53, -947]]
[[1, 0], [52, 947], [-54, -947]]
[[1, 0], [520, 947], [-1043, -1894]]
[[1, 0], [521, 1894], [-523, -1894]]
[[1, 0], [521, 947], [-1045, -1894]]
[[1, 0], [522, 947], [-1047, -1894]]
[[1, 0], [523, 1894], [-525, -1894]]
[[1, 0], [523, 947], [-1049, -1894]]
[[1, 0], [524, 947], [-1051, -1894]]
[[1, 0], [525, 1894], [-527, -1894]]
[[1, 0], [525, 947], [-1053, -1894]]
[[1, 0], [526, 2841], [-527, -2841]]
[[1, 0], [526, 947], [-1055, -1894]]
[[1, 0], [527, 1894], [-529, -1894]]
[[1, 0], [527, 947], [-1057, -1894]]
[[1, 0], [528, 947], [-1059, -1894]]
[[1, 0], [529, 1894], [-531, -1894]]
[[1, 0], [529, 2841], [-530, -2841]]
[[1, 0], [529, 947], [-1061, -1894]]
[[1, 0], [53, 1894], [-55, -1894]]
[[1, 0], [53, 947], [-109, -1894]]
[[1, 0], [53, 947], [-54, -947]]
[[1, 0], [53, 947], [-55, -947]]
[[1, 0], [530, 947], [-1063, -1894]]
[[1, 0], [531, 1894], [-533, -1894]]
[[1, 0], [531, 947], [-1065, -1894]]
[[1, 0], [532, 947], [-1067, -1894]]
[[1, 0], [533, 1894], [-535, -1894]]
[[1, 0], [533, 947], [-1069, -1894]]
[[1, 0], [534, 947], [-1071, -1894]]
[[1, 0], [535, 1894], [-537, -1894]]
[[1, 0], [535, 947], [-1073, -1894]]
[[1, 0], [536, 947], [-1075, -1894]]
[[1, 0], [537, 1894], [-539, -1894]]
[[1, 0], [537, 947], [-1077, -1894]]
[[1, 0], [538, 947], [-1079, -1894]]
[[1, 0], [539, 1894], [-541, -1894]]
[[1, 0], [539, 947], [-1081, -1894]]
[[1, 0], [54, 947], [-111, -1894]]
[[1, 0], [54, 947], [-55, -947]]
[[1, 0], [54, 947], [-56, -947]]
[[1, 0], [540, 947], [-1083, -1894]]
[[1, 0], [541, 1894], [-543, -1894]]
[[1, 0], [541, 2841], [-542, -2841]]
[[1, 0], [541, 947], [-1085, -1894]]
[[1, 0], [542, 947], [-1087, -1894]]
[[1, 0], [543, 1894], [-545, -1894]]
[[1, 0], [543, 947], [-1089, -1894]]
[[1, 0], [544, 947], [-1091, -1894]]
[[1, 0], [545, 1894], [-547, -1894]]
[[1, 0], [545, 947], [-1093, -1894]]
[[1, 0], [546, 947], [-1095, -1894]]
[[1, 0], [547, 1894], [-549, -1894]]
[[1, 0], [547, 2841], [-548, -2841]]
[[1, 0], [547, 947], [-1097, -1894]]
[[1, 0], [548, 947], [-1099, -1894]]
[[1, 0], [549, 1894], [-551, -1894]]
[[1, 0], [549, 947], [-1101, -1894]]
[[1, 0], [55, 1894], [-57, -1894]]
[[1, 0], [55, 2841], [-56, -2841]]
[[1, 0], [55, 947], [-113, -1894]]
[[1, 0], [55, 947], [-56, -947]]
[[1, 0], [55, 947], [-57, -947]]
[[1, 0], [550, 2841], [-551, -2841]]
[[1, 0], [550, 947], [-1103, -1894]]
[[1, 0], [551, 1894], [-553, -1894]]
[[1, 0], [551, 947], [-1105, -1894]]
[[1, 0], [552, 947], [-1107, -1894]]
[[1, 0], [553, 1894], [-555, -1894]]
[[1, 0], [553, 947], [-1109, -1894]]
[[1, 0], [554, 947], [-1111, -1894]]
[[1, 0], [555, 1894], [-557, -1894]]
[[1, 0], [555, 947], [-1113, -1894]]
[[1, 0], [556, 2841], [-557, -2841]]
[[1, 0], [556, 947], [-1115, -1894]]
[[1, 0], [557, 1894], [-559, -1894]]
[[1, 0], [557, 947], [-1117, -1894]]
[[1, 0], [558, 947], [-1119, -1894]]
[[1, 0], [559, 1894], [-561, -1894]]
[[1, 0], [559, 947], [-1121, -1894]]
[[1, 0], [56, 947], [-115, -1894]]
[[1, 0], [56, 947], [-57, -947]]
[[1, 0], [56, 947], [-58, -947]]
[[1, 0], [560, 947], [-1123, -1894]]
[[1, 0], [561, 1894], [-563, -1894]]
[[1, 0], [561, 947], [-1125, -1894]]
[[1, 0], [562, 947], [-1127, -1894]]
[[1, 0], [563, 1894], [-565, -1894]]
[[1, 0], [563, 947], [-1129, -1894]]
[[1, 0], [564, 947], [-1131, -1894]]
[[1, 0], [565, 1894], [-567, -1894]]
[[1, 0], [565, 947], [-1133, -1894]]
[[1, 0], [566, 947], [-1135, -1894]]
[[1, 0], [567, 1894], [-569, -1894]]
[[1, 0], [567, 947], [-1137, -1894]]
[[1, 0], [568, 2841], [-569, -2841]]
[[1, 0], [568, 947], [-1139, -1894]]
[[1, 0], [568, 947], [-569, -947]]
[[1, 0], [569, 1894], [-571, -1894]]
[[1, 0], [569, 947], [-1141, -1894]]
[[1, 0], [57, 1894], [-59, -1894]]
[[1, 0], [57, 947], [-117, -1894]]
[[1, 0], [57, 947], [-59, -947]]
[[1, 0], [570, 947], [-1143, -1894]]
[[1, 0], [571, 1894], [-573, -1894]]
[[1, 0], [571, 2841], [-572, -2841]]
[[1, 0], [571, 947], [-1145, -1894]]
[[1, 0], [572, 947], [-1147, -1894]]
[[1, 0], [573, 1894], [-575, -1894]]
[[1, 0], [573, 947], [-1149, -1894]]
[[1, 0], [574, 947], [-1151, -1894]]
[[1, 0], [575, 1894], [-577, -1894]]
[[1, 0], [575, 947], [-1153, -1894]]
[[1, 0], [576, 947], [-1155, -1894]]
[[1, 0], [577, 1894], [-579, -1894]]
[[1, 0], [577, 947], [-1157, -1894]]
[[1, 0], [578, 947], [-1159, -1894]]
[[1, 0], [579, 1894], [-581, -1894]]
[[1, 0], [579, 947], [-1161, -1894]]
[[1, 0], [58, 947], [-119, -1894]]
[[1, 0], [58, 947], [-60, -947]]
[[1, 0], [580, 947], [-1163, -1894]]
[[1, 0], [581, 1894], [-583, -1894]]
[[1, 0], [581, 947], [-1165, -1894]]
[[1, 0], [582, 947], [-1167, -1894]]
[[1, 0], [583, 1894], [-585, -1894]]
[[1, 0], [583, 2841], [-584, -2841]]
[[1, 0], [583, 947], [-1169, -1894]]
[[1, 0], [584, 947], [-1171, -1894]]
[[1, 0], [585, 1894], [-587, -1894]]
[[1, 0], [585, 947], [-1173, -1894]]
[[1, 0], [586, 947], [-1175, -1894]]
[[1, 0], [587, 1894], [-589, -1894]]
[[1, 0], [587, 947], [-1177, -1894]]
[[1, 0], [588, 947], [-1179, -1894]]
[[1, 0], [589, 1894], [-591, -1894]]
[[1, 0], [589, 947], [-1181, -1894]]
[[1, 0], [59, 1894], [-61, -1894]]
[[1, 0], [59, 947], [-121, -1894]]
[[1, 0], [59, 947], [-60, -947]]
[[1, 0], [59, 947], [-61, -947]]
[[1, 0], [590, 947], [-1183, -1894]]
[[1, 0], [591, 1894], [-593, -1894]]
[[1, 0], [591, 947], [-1185, -1894]]
[[1, 0], [592, 947], [-1187, -1894]]
[[1, 0], [593, 1894], [-595, -1894]]
[[1, 0], [593, 947], [-1189, -1894]]
[[1, 0], [594, 947], [-1191, -1894]]
[[1, 0], [595, 1894], [-597, -1894]]
[[1, 0], [595, 947], [-1193, -1894]]
[[1, 0], [596, 947], [-1195, -1894]]
[[1, 0], [597, 1894], [-599, -1894]]
[[1, 0], [597, 947], [-1197, -1894]]
[[1, 0], [598, 947], [-1199, -1894]]
[[1, 0], [599, 1894], [-601, -1894]]
[[1, 0], [599, 947], [-1201, -1894]]
[[1, 0], [6, 947], [-15, -1894]]
[[1, 0], [6, 947], [-7, -947]]
[[1, 0], [6, 947], [-8, -947]]
[[1, 0], [60, 947], [-123, -1894]]
[[1, 0], [60, 947], [-61, -947]]
[[1, 0], [60, 947], [-62, -947]]
[[1, 0], [600, 947], [-1203, -1894]]
[[1, 0], [601, 1894], [-603, -1894]]
[[1, 0], [601, 947], [-1205, -1894]]
[[1, 0], [602, 947], [-1207, -1894]]
[[1, 0], [603, 1894], [-605, -1894]]
[[1, 0], [603, 947], [-1209, -1894]]
[[1, 0], [604, 947], [-1211, -1894]]
[[1, 0], [605, 1894], [-607, -1894]]
[[1, 0], [605, 947], [-1213, -1894]]
[[1, 0], [606, 947], [-1215, -1894]]
[[1, 0], [607, 1894], [-609, -1894]]
[[1, 0], [607, 947], [-1217, -1894]]
[[1, 0], [608, 947], [-1219, -1894]]
[[1, 0], [609, 1894], [-611, -1894]]
[[1, 0], [609, 947], [-1221, -1894]]
[[1, 0], [61, 1894], [-63, -1894]]
[[1, 0], [61, 2841], [-62, -2841]]
[[1, 0], [61, 947], [-125, -1894]]
[[1, 0], [61, 947], [-62, -947]]
[[1, 0], [61, 947], [-63, -947]]
[[1, 0], [610, 2841], [-611, -2841]]
[[1, 0], [610, 947], [-1223, -1894]]
[[1, 0], [611, 1894], [-613, -1894]]
[[1, 0], [611, 947], [-1225, -1894]]
[[1, 0], [612, 947], [-1227, -1894]]
[[1, 0], [613, 1894], [-615, -1894]]
[[1, 0], [613, 947], [-1229, -1894]]
[[1, 0], [614, 947], [-1231, -1894]]
[[1, 0], [615, 1894], [-617, -1894]]
[[1, 0], [615, 947], [-1233, -1894]]
[[1, 0], [616, 2841], [-617, -2841]]
[[1, 0], [616, 947], [-1235, -1894]]
[[1, 0], [617, 1894], [-619, -1894]]
[[1, 0], [617, 947], [-1237, -1894]]
[[1, 0], [618, 947], [-1239, -1894]]
[[1, 0], [619, 1894], [-621, -1894]]
[[1, 0], [619, 947], [-1241, -1894]]
[[1, 0], [62, 947], [-127, -1894]]
[[1, 0], [62, 947], [-63, -947]]
[[1, 0], [62, 947], [-64, -947]]
[[1, 0], [620, 947], [-1243, -1894]]
[[1, 0], [621, 1894], [-623, -1894]]
[[1, 0], [621, 947], [-1245, -1894]]
[[1, 0], [622, 947], [-1247, -1894]]
[[1, 0], [623, 1894], [-625, -1894]]
[[1, 0], [623, 947], [-1249, -1894]]
[[1, 0], [624, 947], [-1251, -1894]]
[[1, 0], [625, 1894], [-627, -1894]]
[[1, 0], [625, 947], [-1253, -1894]]
[[1, 0], [626, 947], [-1255, -1894]]
[[1, 0], [627, 1894], [-629, -1894]]
[[1, 0], [627, 947], [-1257, -1894]]
[[1, 0], [628, 947], [-1259, -1894]]
[[1, 0], [629, 1894], [-631, -1894]]
[[1, 0], [629, 947], [-1261, -1894]]
[[1, 0], [63, 1894], [-65, -1894]]
[[1, 0], [63, 947], [-129, -1894]]
[[1, 0], [63, 947], [-64, -947]]
[[1, 0], [63, 947], [-65, -947]]
[[1, 0], [630, 947], [-1263, -1894]]
[[1, 0], [631, 1894], [-633, -1894]]
[[1, 0], [631, 947], [-1265, -1894]]
[[1, 0], [632, 947], [-1267, -1894]]
[[1, 0], [633, 1894], [-635, -1894]]
[[1, 0], [633, 947], [-1269, -1894]]
[[1, 0], [634, 2841], [-635, -2841]]
[[1, 0], [634, 947], [-1271, -1894]]
[[1, 0], [635, 1894], [-637, -1894]]
[[1, 0], [635, 947], [-1273, -1894]]
[[1, 0], [636, 947], [-1275, -1894]]
[[1, 0], [637, 1894], [-639, -1894]]
[[1, 0], [637, 947], [-1277, -1894]]
[[1, 0], [638, 947], [-1279, -1894]]
[[1, 0], [639, 1894], [-641, -1894]]
[[1, 0], [639, 947], [-1281, -1894]]
[[1, 0], [64, 2841], [-65, -2841]]
[[1, 0], [64, 947], [-131, -1894]]
[[1, 0], [64, 947], [-65, -947]]
[[1, 0], [64, 947], [-66, -947]]
[[1, 0], [640, 947], [-1283, -1894]]
[[1, 0], [641, 1894], [-643, -1894]]
[[1, 0], [641, 947], [-1285, -1894]]
[[1, 0], [642, 947], [-1287, -1894]]
[[1, 0], [643, 1894], [-645, -1894]]
[[1, 0], [643, 947], [-1289, -1894]]
[[1, 0], [644, 947], [-1291, -1894]]
[[1, 0], [645, 1894], [-647, -1894]]
[[1, 0], [645, 947], [-1293, -1894]]
[[1, 0], [646, 947], [-1295, -1894]]
[[1, 0], [647, 1894], [-649, -1894]]
[[1, 0], [647, 947], [-1297, -1894]]
[[1, 0], [648, 947], [-1299, -1894]]
[[1, 0], [649, 1894], [-651, -1894]]
[[1, 0], [649, 947], [-1301, -1894]]
[[1, 0], [65, 1894], [-67, -1894]]
[[1, 0], [65, 947], [-133, -1894]]
[[1, 0], [65, 947], [-66, -947]]
[[1, 0], [65, 947], [-67, -947]]
[[1, 0], [650, 947], [-1303, -1894]]
[[1, 0], [651, 1894], [-653, -1894]]
[[1, 0], [651, 947], [-1305, -1894]]
[[1, 0], [652, 2841], [-653, -2841]]
[[1, 0], [652, 947], [-1307, -1894]]
[[1, 0], [653, 1894], [-655, -1894]]
[[1, 0], [653, 947], [-1309, -1894]]
[[1, 0], [654, 947], [-1311, -1894]]
[[1, 0], [655, 1894], [-657, -1894]]
[[1, 0], [655, 2841], [-656, -2841]]
[[1, 0], [655, 947], [-1313, -1894]]
[[1, 0], [656, 947], [-1315, -1894]]
[[1, 0], [657, 1894], [-659, -1894]]
[[1, 0], [657, 947], [-1317, -1894]]
[[1, 0], [658, 947], [-1319, -1894]]
[[1, 0], [659, 1894], [-661, -1894]]
[[1, 0], [659, 947], [-1321, -1894]]
[[1, 0], [66, 947], [-135, -1894]]
[[1, 0], [66, 947], [-67, -947]]
[[1, 0], [66, 947], [-68, -947]]
[[1, 0], [660, 947], [-1323, -1894]]
[[1, 0], [661, 1894], [-663, -1894]]
[[1, 0], [661, 2841], [-662, -2841]]
[[1, 0], [661, 947], [-1325, -1894]]
[[1, 0], [662, 947], [-1327, -1894]]
[[1, 0], [663, 1894], [-665, -1894]]
[[1, 0], [663, 947], [-1329, -1894]]
[[1, 0], [664, 2841], [-665, -2841]]
[[1, 0], [664, 947], [-1331, -1894]]
[[1, 0], [665, 1894], [-667, -1894]]
[[1, 0], [665, 947], [-1333, -1894]]
[[1, 0], [666, 947], [-1335, -1894]]
[[1, 0], [667, 1894], [-669, -1894]]
[[1, 0], [667, 947], [-1337, -1894]]
[[1, 0], [668, 947], [-1339, -1894]]
[[1, 0], [669, 1894], [-671, -1894]]
[[1, 0], [669, 947], [-1341, -1894]]
[[1, 0], [67, 1894], [-69, -1894]]
[[1, 0], [67, 2841], [-68, -2841]]
[[1, 0], [67, 947], [-137, -1894]]
[[1, 0], [67, 947], [-68, -947]]
[[1, 0], [67, 947], [-69, -947]]
[[1, 0], [670, 947], [-1343, -1894]]
[[1, 0], [671, 1894], [-673, -1894]]
[[1, 0], [671, 947], [-1345, -1894]]
[[1, 0], [672, 947], [-1347, -1894]]
[[1, 0], [673, 1894], [-675, -1894]]
[[1, 0], [673, 2841], [-674, -2841]]
[[1, 0], [673, 947], [-1349, -1894]]
[[1, 0], [674, 947], [-1351, -1894]]
[[1, 0], [675, 1894], [-677, -1894]]
[[1, 0], [675, 947], [-1353, -1894]]
[[1, 0], [676, 947], [-1355, -1894]]
[[1, 0], [677, 1894], [-679, -1894]]
[[1, 0], [677, 947], [-1357, -1894]]
[[1, 0], [678, 947], [-1359, -1894]]
[[1, 0], [679, 1894], [-681, -1894]]
[[1, 0], [679, 2841], [-680, -2841]]
[[1, 0], [679, 947], [-1361, -1894]]
[[1, 0], [68, 947], [-139, -1894]]
[[1, 0], [68, 947], [-69, -947]]
[[1, 0], [68, 947], [-70, -947]]
[[1, 0], [680, 947], [-1363, -1894]]
[[1, 0], [681, 1894], [-683, -1894]]
[[1, 0], [681, 947], [-1365, -1894]]
[[1, 0], [682, 947], [-1367, -1894]]
[[1, 0], [683, 1894], [-685, -1894]]
[[1, 0], [683, 947], [-1369, -1894]]
[[1, 0], [684, 947], [-1371, -1894]]
[[1, 0], [685, 1894], [-687, -1894]]
[[1, 0], [685, 947], [-1373, -1894]]
[[1, 0], [686, 947], [-1375, -1894]]
[[1, 0], [687, 1894], [-689, -1894]]
[[1, 0], [687, 947], [-1377, -1894]]
[[1, 0], [688, 947], [-1379, -1894]]
[[1, 0], [689, 1894], [-691, -1894]]
[[1, 0], [689, 947], [-1381, -1894]]
[[1, 0], [69, 1894], [-71, -1894]]
[[1, 0], [69, 947], [-141, -1894]]
[[1, 0], [69, 947], [-70, -947]]
[[1, 0], [69, 947], [-71, -947]]
[[1, 0], [690, 947], [-1383, -1894]]
[[1, 0], [691, 1894], [-693, -1894]]
[[1, 0], [691, 2841], [-692, -2841]]
[[1, 0], [691, 947], [-1385, -1894]]
[[1, 0], [692, 947], [-1387, -1894]]
[[1, 0], [693, 1894], [-695, -1894]]
[[1, 0], [693, 947], [-1389, -1894]]
[[1, 0], [694, 2841], [-695, -2841]]
[[1, 0], [694, 947], [-1391, -1894]]
[[1, 0], [695, 1894], [-697, -1894]]
[[1, 0], [695, 947], [-1393, -1894]]
[[1, 0], [696, 947], [-1395, -1894]]
[[1, 0], [697, 1894], [-699, -1894]]
[[1, 0], [697, 947], [-1397, -1894]]
[[1, 0], [698, 947], [-1399, -1894]]
[[1, 0], [699, 1894], [-701, -1894]]
[[1, 0], [699, 947], [-1401, -1894]]
[[1, 0], [7, 1894], [-9, -1894]]
[[1, 0], [7, 2841], [-8, -2841]]
[[1, 0], [7, 947], [-17, -1894]]
[[1, 0], [7, 947], [-8, -947]]
[[1, 0], [7, 947], [-9, -947]]
[[1, 0], [70, 947], [-143, -1894]]
[[1, 0], [70, 947], [-72, -947]]
[[1, 0], [700, 2841], [-701, -2841]]
[[1, 0], [700, 947], [-1403, -1894]]
[[1, 0], [701, 1894], [-703, -1894]]
[[1, 0], [701, 947], [-1405, -1894]]
[[1, 0], [702, 947], [-1407, -1894]]
[[1, 0], [703, 1894], [-705, -1894]]
[[1, 0], [703, 947], [-1409, -1894]]
[[1, 0], [704, 947], [-1411, -1894]]
[[1, 0], [705, 1894], [-707, -1894]]
[[1, 0], [705, 947], [-1413, -1894]]
[[1, 0], [706, 947], [-1415, -1894]]
[[1, 0], [707, 1894], [-709, -1894]]
[[1, 0], [707, 947], [-1417, -1894]]
[[1, 0], [708, 947], [-1419, -1894]]
[[1, 0], [709, 1894], [-711, -1894]]
[[1, 0], [709, 947], [-1421, -1894]]
[[1, 0], [71, 1894], [-73, -1894]]
[[1, 0], [71, 947], [-145, -1894]]
[[1, 0], [71, 947], [-73, -947]]
[[1, 0], [710, 947], [-1423, -1894]]
[[1, 0], [711, 1894], [-713, -1894]]
[[1, 0], [711, 947], [-1425, -1894]]
[[1, 0], [712, 2841], [-713, -2841]]
[[1, 0], [712, 947], [-1427, -1894]]
[[1, 0], [713, 1894], [-715, -1894]]
[[1, 0], [713, 947], [-1429, -1894]]
[[1, 0], [714, 947], [-1431, -1894]]
[[1, 0], [715, 1894], [-717, -1894]]
[[1, 0], [715, 2841], [-716, -2841]]
[[1, 0], [715, 947], [-1433, -1894]]
[[1, 0], [716, 947], [-1435, -1894]]
[[1, 0], [717, 1894], [-719, -1894]]
[[1, 0], [717, 947], [-1437, -1894]]
[[1, 0], [718, 947], [-1439, -1894]]
[[1, 0], [719, 1894], [-721, -1894]]
[[1, 0], [719, 947], [-1441, -1894]]
[[1, 0], [72, 947], [-147, -1894]]
[[1, 0], [72, 947], [-73, -947]]
[[1, 0], [72, 947], [-74, -947]]
[[1, 0], [720, 947], [-1443, -1894]]
[[1, 0], [721, 1894], [-723, -1894]]
[[1, 0], [721, 947], [-1445, -1894]]
[[1, 0], [722, 947], [-1447, -1894]]
[[1, 0], [723, 1894], [-725, -1894]]
[[1, 0], [723, 947], [-1449, -1894]]
[[1, 0], [724, 947], [-1451, -1894]]
[[1, 0], [725, 1894], [-727, -1894]]
[[1, 0], [725, 947], [-1453, -1894]]
[[1, 0], [726, 947], [-1455, -1894]]
[[1, 0], [727, 1894], [-729, -1894]]
[[1, 0], [727, 947], [-1457, -1894]]
[[1, 0], [728, 947], [-1459, -1894]]
[[1, 0], [729, 1894], [-731, -1894]]
[[1, 0], [729, 947], [-1461, -1894]]
[[1, 0], [73, 1894], [-75, -1894]]
[[1, 0], [73, 2841], [-74, -2841]]
[[1, 0], [73, 947], [-149, -1894]]
[[1, 0], [73, 947], [-75, -947]]
[[1, 0], [730, 2841], [-731, -2841]]
[[1, 0], [730, 947], [-1463, -1894]]
[[1, 0], [731, 1894], [-733, -1894]]
[[1, 0], [731, 947], [-1465, -1894]]
[[1, 0], [732, 947], [-1467, -1894]]
[[1, 0], [733, 1894], [-735, -1894]]
[[1, 0], [733, 947], [-1469, -1894]]
[[1, 0], [734, 947], [-1471, -1894]]
[[1, 0], [735, 1894], [-737, -1894]]
[[1, 0], [735, 947], [-1473, -1894]]
[[1, 0], [736, 947], [-1475, -1894]]
[[1, 0], [737, 1894], [-739, -1894]]
[[1, 0], [737, 947], [-1477, -1894]]
[[1, 0], [738, 947], [-1479, -1894]]
[[1, 0], [739, 1894], [-741, -1894]]
[[1, 0], [739, 2841], [-740, -2841]]
[[1, 0], [739, 947], [-1481, -1894]]
[[1, 0], [74, 947], [-151, -1894]]
[[1, 0], [74, 947], [-76, -947]]
[[1, 0], [740, 947], [-1483, -1894]]
[[1, 0], [741, 1894], [-743, -1894]]
[[1, 0], [741, 947], [-1485, -1894]]
[[1, 0], [742, 947], [-1487, -1894]]
[[1, 0], [743, 1894], [-745, -1894]]
[[1, 0], [743, 947], [-1489, -1894]]
[[1, 0], [744, 947], [-1491, -1894]]
[[1, 0], [745, 1894], [-747, -1894]]
[[1, 0], [745, 947], [-1493, -1894]]
[[1, 0], [746, 947], [-1495, -1894]]
[[1, 0], [747, 1894], [-749, -1894]]
[[1, 0], [747, 947], [-1497, -1894]]
[[1, 0], [748, 947], [-1499, -1894]]
[[1, 0], [749, 1894], [-751, -1894]]
[[1, 0], [749, 947], [-1501, -1894]]
[[1, 0], [75, 1894], [-77, -1894]]
[[1, 0], [75, 947], [-153, -1894]]
[[1, 0], [75, 947], [-76, -947]]
[[1, 0], [75, 947], [-77, -947]]
[[1, 0], [750, 947], [-1503, -1894]]
[[1, 0], [751, 1894], [-753, -1894]]
[[1, 0], [751, 947], [-1505, -1894]]
[[1, 0], [752, 947], [-1507, -1894]]
[[1, 0], [753, 1894], [-755, -1894]]
[[1, 0], [753, 947], [-1509, -1894]]
[[1, 0], [754, 2841], [-755, -2841]]
[[1, 0], [754, 947], [-1511, -1894]]
[[1, 0], [755, 1894], [-757, -1894]]
[[1, 0], [755, 947], [-1513, -1894]]
[[1, 0], [756, 947], [-1515, -1894]]
[[1, 0], [757, 1894], [-759, -1894]]
[[1, 0], [757, 947], [-1517, -1894]]
[[1, 0], [758, 947], [-1519, -1894]]
[[1, 0], [759, 1894], [-761, -1894]]
[[1, 0], [759, 947], [-1521, -1894]]
[[1, 0], [76, 2841], [-77, -2841]]
[[1, 0], [76, 947], [-155, -1894]]
[[1, 0], [76, 947], [-77, -947]]
[[1, 0], [76, 947], [-78, -947]]
[[1, 0], [760, 947], [-1523, -1894]]
[[1, 0], [761, 1894], [-763, -1894]]
[[1, 0], [761, 947], [-1525, -1894]]
[[1, 0], [762, 947], [-1527, -1894]]
[[1, 0], [763, 1894], [-765, -1894]]
[[1, 0], [763, 947], [-1529, -1894]]
[[1, 0], [764, 947], [-1531, -1894]]
[[1, 0], [765, 1894], [-767, -1894]]
[[1, 0], [765, 947], [-1533, -1894]]
[[1, 0], [766, 947], [-1535, -1894]]
[[1, 0], [767, 1894], [-769, -1894]]
[[1, 0], [767, 947], [-1537, -1894]]
[[1, 0], [768, 947], [-1539, -1894]]
[[1, 0], [769, 1894], [-771, -1894]]
[[1, 0], [769, 947], [-1541, -1894]]
[[1, 0], [77, 1894], [-79, -1894]]
[[1, 0], [77, 947], [-157, -1894]]
[[1, 0], [77, 947], [-78, -947]]
[[1, 0], [77, 947], [-79, -947]]
[[1, 0], [770, 947], [-1543, -1894]]
[[1, 0], [771, 1894], [-773, -1894]]
[[1, 0], [771, 947], [-1545, -1894]]
[[1, 0], [772, 947], [-1547, -1894]]
[[1, 0], [773, 1894], [-775, -1894]]
[[1, 0], [773, 947], [-1549, -1894]]
[[1, 0], [774, 947], [-1551, -1894]]
[[1, 0], [775, 1894], [-777, -1894]]
[[1, 0], [775, 2841], [-776, -2841]]
[[1, 0], [775, 947], [-1553, -1894]]
[[1, 0], [776, 947], [-1555, -1894]]
[[1, 0], [777, 1894], [-779, -1894]]
[[1, 0], [777, 947], [-1557, -1894]]
[[1, 0], [778, 947], [-1559, -1894]]
[[1, 0], [779, 1894], [-781, -1894]]
[[1, 0], [779, 947], [-1561, -1894]]
[[1, 0], [78, 947], [-159, -1894]]
[[1, 0], [78, 947], [-80, -947]]
[[1, 0], [780, 947], [-1563, -1894]]
[[1, 0], [781, 1894], [-783, -1894]]
[[1, 0], [781, 2841], [-782, -2841]]
[[1, 0], [781, 947], [-1565, -1894]]
[[1, 0], [782, 947], [-1567, -1894]]
[[1, 0], [783, 1894], [-785, -1894]]
[[1, 0], [783, 947], [-1569, -1894]]
[[1, 0], [784, 947], [-1571, -1894]]
[[1, 0], [785, 1894], [-787, -1894]]
[[1, 0], [785, 947], [-1573, -1894]]
[[1, 0], [786, 947], [-1575, -1894]]
[[1, 0], [787, 1894], [-789, -1894]]
[[1, 0], [787, 2841], [-788, -2841]]
[[1, 0], [787, 947], [-1577, -1894]]
[[1, 0], [788, 947], [-1579, -1894]]
[[1, 0], [789, 1894], [-791, -1894]]
[[1, 0], [789, 947], [-1581, -1894]]
[[1, 0], [79, 1894], [-81, -1894]]
[[1, 0], [79, 2841], [-80, -2841]]
[[1, 0], [79, 947], [-161, -1894]]
[[1, 0], [79, 947], [-81, -947]]
[[1, 0], [790, 947], [-1583, -1894]]
[[1, 0], [791, 1894], [-793, -1894]]
[[1, 0], [791, 947], [-1585, -1894]]
[[1, 0], [792, 947], [-1587, -1894]]
[[1, 0], [793, 1894], [-795, -1894]]
[[1, 0], [793, 947], [-1589, -1894]]
[[1, 0], [794, 947], [-1591, -1894]]
[[1, 0], [795, 1894], [-797, -1894]]
[[1, 0], [795, 947], [-1593, -1894]]
[[1, 0], [796, 947], [-1595, -1894]]
[[1, 0], [797, 1894], [-799, -1894]]
[[1, 0], [797, 947], [-1597, -1894]]
[[1, 0], [798, 947], [-1599, -1894]]
[[1, 0], [799, 1894], [-801, -1894]]
[[1, 0], [799, 947], [-1601, -1894]]
[[1, 0], [8, 947], [-10, -947]]
[[1, 0], [8, 947], [-19, -1894]]
[[1, 0], [8, 947], [-9, -947]]
[[1, 0], [80, 947], [-163, -1894]]
[[1, 0], [80, 947], [-81, -947]]
[[1, 0], [80, 947], [-82, -947]]
[[1, 0], [800, 947], [-1603, -1894]]
[[1, 0], [801, 1894], [-803, -1894]]
[[1, 0], [801, 947], [-1605, -1894]]
[[1, 0], [802, 947], [-1607, -1894]]
[[1, 0], [803, 1894], [-805, -1894]]
[[1, 0], [803, 947], [-1609, -1894]]
[[1, 0], [804, 947], [-1611, -1894]]
[[1, 0], [805, 1894], [-807, -1894]]
[[1, 0], [805, 947], [-1613, -1894]]
[[1, 0], [806, 947], [-1615, -1894]]
[[1, 0], [807, 1894], [-809, -1894]]
[[1, 0], [807, 947], [-1617, -1894]]
[[1, 0], [808, 947], [-1619, -1894]]
[[1, 0], [809, 1894], [-811, -1894]]
[[1, 0], [809, 947], [-1621, -1894]]
[[1, 0], [81, 1894], [-83, -1894]]
[[1, 0], [81, 947], [-165, -1894]]
[[1, 0], [81, 947], [-82, -947]]
[[1, 0], [81, 947], [-83, -947]]
[[1, 0], [810, 947], [-1623, -1894]]
[[1, 0], [811, 1894], [-813, -1894]]
[[1, 0], [811, 2841], [-812, -2841]]
[[1, 0], [811, 947], [-1625, -1894]]
[[1, 0], [812, 947], [-1627, -1894]]
[[1, 0], [813, 1894], [-815, -1894]]
[[1, 0], [813, 947], [-1629, -1894]]
[[1, 0], [814, 947], [-1631, -1894]]
[[1, 0], [815, 1894], [-817, -1894]]
[[1, 0], [815, 947], [-1633, -1894]]
[[1, 0], [816, 947], [-1635, -1894]]
[[1, 0], [817, 1894], [-819, -1894]]
[[1, 0], [817, 947], [-1637, -1894]]
[[1, 0], [818, 947], [-1639, -1894]]
[[1, 0], [819, 1894], [-821, -1894]]
[[1, 0], [819, 947], [-1641, -1894]]
[[1, 0], [82, 2841], [-83, -2841]]
[[1, 0], [82, 947], [-167, -1894]]
[[1, 0], [82, 947], [-83, -947]]
[[1, 0], [82, 947], [-84, -947]]
[[1, 0], [820, 947], [-1643, -1894]]
[[1, 0], [821, 1894], [-823, -1894]]
[[1, 0], [821, 947], [-1645, -1894]]
[[1, 0], [822, 947], [-1647, -1894]]
[[1, 0], [823, 1894], [-825, -1894]]
[[1, 0], [823, 2841], [-824, -2841]]
[[1, 0], [823, 947], [-1649, -1894]]
[[1, 0], [824, 947], [-1651, -1894]]
[[1, 0], [825, 1894], [-827, -1894]]
[[1, 0], [825, 947], [-1653, -1894]]
[[1, 0], [826, 947], [-1655, -1894]]
[[1, 0], [827, 1894], [-829, -1894]]
[[1, 0], [827, 947], [-1657, -1894]]
[[1, 0], [828, 947], [-1659, -1894]]
[[1, 0], [829, 1894], [-831, -1894]]
[[1, 0], [829, 947], [-1661, -1894]]
[[1, 0], [83, 1894], [-85, -1894]]
[[1, 0], [83, 947], [-169, -1894]]
[[1, 0], [83, 947], [-84, -947]]
[[1, 0], [83, 947], [-85, -947]]
[[1, 0], [830, 947], [-1663, -1894]]
[[1, 0], [831, 1894], [-833, -1894]]
[[1, 0], [831, 947], [-1665, -1894]]
[[1, 0], [832, 947], [-1667, -1894]]
[[1, 0], [833, 1894], [-835, -1894]]
[[1, 0], [833, 947], [-1669, -1894]]
[[1, 0], [834, 947], [-1671, -1894]]
[[1, 0], [835, 1894], [-837, -1894]]
[[1, 0], [835, 2841], [-836, -2841]]
[[1, 0], [835, 947], [-1673, -1894]]
[[1, 0], [836, 947], [-1675, -1894]]
[[1, 0], [837, 1894], [-839, -1894]]
[[1, 0], [837, 947], [-1677, -1894]]
[[1, 0], [838, 947], [-1679, -1894]]
[[1, 0], [839, 1894], [-841, -1894]]
[[1, 0], [839, 947], [-1681, -1894]]
[[1, 0], [84, 947], [-171, -1894]]
[[1, 0], [84, 947], [-86, -947]]
[[1, 0], [840, 947], [-1683, -1894]]
[[1, 0], [841, 1894], [-843, -1894]]
[[1, 0], [841, 947], [-1685, -1894]]
[[1, 0], [842, 947], [-1687, -1894]]
[[1, 0], [843, 1894], [-845, -1894]]
[[1, 0], [843, 947], [-1689, -1894]]
[[1, 0], [844, 947], [-1691, -1894]]
[[1, 0], [845, 1894], [-847, -1894]]
[[1, 0], [845, 947], [-1693, -1894]]
[[1, 0], [846, 947], [-1695, -1894]]
[[1, 0], [847, 1894], [-849, -1894]]
[[1, 0], [847, 947], [-1697, -1894]]
[[1, 0], [848, 947], [-1699, -1894]]
[[1, 0], [849, 1894], [-851, -1894]]
[[1, 0], [849, 947], [-1701, -1894]]
[[1, 0], [85, 1894], [-87, -1894]]
[[1, 0], [85, 2841], [-86, -2841]]
[[1, 0], [85, 947], [-173, -1894]]
[[1, 0], [85, 947], [-87, -947]]
[[1, 0], [850, 947], [-1703, -1894]]
[[1, 0], [851, 1894], [-853, -1894]]
[[1, 0], [851, 947], [-1705, -1894]]
[[1, 0], [852, 947], [-1707, -1894]]
[[1, 0], [853, 1894], [-855, -1894]]
[[1, 0], [853, 947], [-1709, -1894]]
[[1, 0], [854, 947], [-1711, -1894]]
[[1, 0], [855, 1894], [-857, -1894]]
[[1, 0], [855, 947], [-1713, -1894]]
[[1, 0], [856, 947], [-1715, -1894]]
[[1, 0], [857, 1894], [-859, -1894]]
[[1, 0], [857, 947], [-1717, -1894]]
[[1, 0], [858, 947], [-1719, -1894]]
[[1, 0], [859, 1894], [-861, -1894]]
[[1, 0], [859, 947], [-1721, -1894]]
[[1, 0], [86, 947], [-175, -1894]]
[[1, 0], [86, 947], [-88, -947]]
[[1, 0], [860, 947], [-1723, -1894]]
[[1, 0], [861, 1894], [-863, -1894]]
[[1, 0], [861, 947], [-1725, -1894]]
[[1, 0], [862, 947], [-1727, -1894]]
[[1, 0], [863, 1894], [-865, -1894]]
[[1, 0], [863, 947], [-1729, -1894]]
[[1, 0], [864, 947], [-1731, -1894]]
[[1, 0], [865, 1894], [-867, -1894]]
[[1, 0], [865, 947], [-1733, -1894]]
[[1, 0], [866, 947], [-1735, -1894]]
[[1, 0], [867, 1894], [-869, -1894]]
[[1, 0], [867, 947], [-1737, -1894]]
[[1, 0], [868, 947], [-1739, -1894]]
[[1, 0], [869, 1894], [-871, -1894]]
[[1, 0], [869, 947], [-1741, -1894]]
[[1, 0], [87, 1894], [-89, -1894]]
[[1, 0], [87, 947], [-177, -1894]]
[[1, 0], [87, 947], [-88, -947]]
[[1, 0], [87, 947], [-89, -947]]
[[1, 0], [870, 947], [-1743, -1894]]
[[1, 0], [871, 1894], [-873, -1894]]
[[1, 0], [871, 947], [-1745, -1894]]
[[1, 0], [872, 947], [-1747, -1894]]
[[1, 0], [873, 1894], [-875, -1894]]
[[1, 0], [873, 947], [-1749, -1894]]
[[1, 0], [874, 947], [-1751, -1894]]
[[1, 0], [875, 1894], [-877, -1894]]
[[1, 0], [875, 947], [-1753, -1894]]
[[1, 0], [876, 947], [-1755, -1894]]
[[1, 0], [877, 1894], [-879, -1894]]
[[1, 0], [877, 947], [-1757, -1894]]
[[1, 0], [878, 947], [-1759, -1894]]
[[1, 0], [879, 1894], [-881, -1894]]
[[1, 0], [879, 947], [-1761, -1894]]
[[1, 0], [88, 2841], [-89, -2841]]
[[1, 0], [88, 947], [-179, -1894]]
[[1, 0], [88, 947], [-89, -947]]
[[1, 0], [88, 947], [-90, -947]]
[[1, 0], [880, 2841], [-881, -2841]]
[[1, 0], [880, 947], [-1763, -1894]]
[[1, 0], [881, 1894], [-883, -1894]]
[[1, 0], [881, 947], [-1765, -1894]]
[[1, 0], [882, 947], [-1767, -1894]]
[[1, 0], [883, 1894], [-885, -1894]]
[[1, 0], [883, 947], [-1769, -1894]]
[[1, 0], [884, 947], [-1771, -1894]]
[[1, 0], [885, 1894], [-887, -1894]]
[[1, 0], [885, 947], [-1773, -1894]]
[[1, 0], [886, 2841], [-887, -2841]]
[[1, 0], [886, 947], [-1775, -1894]]
[[1, 0], [887, 1894], [-889, -1894]]
[[1, 0], [887, 947], [-1777, -1894]]
[[1, 0], [888, 947], [-1779, -1894]]
[[1, 0], [889, 1894], [-891, -1894]]
[[1, 0], [889, 947], [-1781, -1894]]
[[1, 0], [89, 1894], [-91, -1894]]
[[1, 0], [89, 947], [-181, -1894]]
[[1, 0], [89, 947], [-90, -947]]
[[1, 0], [89, 947], [-91, -947]]
[[1, 0], [890, 947], [-1783, -1894]]
[[1, 0], [891, 1894], [-893, -1894]]
[[1, 0], [891, 947], [-1785, -1894]]
[[1, 0], [892, 947], [-1787, -1894]]
[[1, 0], [893, 1894], [-895, -1894]]
[[1, 0], [893, 947], [-1789, -1894]]
[[1, 0], [894, 947], [-1791, -1894]]
[[1, 0], [895, 1894], [-897, -1894]]
[[1, 0], [895, 947], [-1793, -1894]]
[[1, 0], [896, 947], [-1795, -1894]]
[[1, 0], [897, 1894], [-899, -1894]]
[[1, 0], [897, 947], [-1797, -1894]]
[[1, 0], [898, 947], [-1799, -1894]]
[[1, 0], [899, 1894], [-901, -1894]]
[[1, 0], [899, 947], [-1801, -1894]]
[[1, 0], [9, 1894], [-11, -1894]]
[[1, 0], [9, 947], [-10, -947]]
[[1, 0], [9, 947], [-11, -947]]
[[1, 0], [9, 947], [-21, -1894]]
[[1, 0], [90, 947], [-183, -1894]]
[[1, 0], [90, 947], [-91, -947]]
[[1, 0], [90, 947], [-92, -947]]
[[1, 0], [900, 947], [-1803, -1894]]
[[1, 0], [901, 1894], [-903, -1894]]
[[1, 0], [901, 947], [-1805, -1894]]
[[1, 0], [902, 947], [-1807, -1894]]
[[1, 0], [903, 1894], [-905, -1894]]
[[1, 0], [903, 947], [-1809, -1894]]
[[1, 0], [904, 947], [-1811, -1894]]
[[1, 0], [905, 1894], [-907, -1894]]
[[1, 0], [905, 947], [-1813, -1894]]
[[1, 0], [906, 947], [-1815, -1894]]
[[1, 0], [907, 1894], [-909, -1894]]
[[1, 0], [907, 2841], [-908, -2841]]
[[1, 0], [907, 947], [-1817, -1894]]
[[1, 0], [908, 947], [-1819, -1894]]
[[1, 0], [909, 1894], [-911, -1894]]
[[1, 0], [909, 947], [-1821, -1894]]
[[1, 0], [91, 1894], [-93, -1894]]
[[1, 0], [91, 2841], [-92, -2841]]
[[1, 0], [91, 947], [-185, -1894]]
[[1, 0], [91, 947], [-92, -947]]
[[1, 0], [91, 947], [-93, -947]]
[[1, 0], [910, 947], [-1823, -1894]]
[[1, 0], [911, 1894], [-913, -1894]]
[[1, 0], [911, 947], [-1825, -1894]]
[[1, 0], [912, 947], [-1827, -1894]]
[[1, 0], [913, 1894], [-915, -1894]]
[[1, 0], [913, 2841], [-914, -2841]]
[[1, 0], [913, 947], [-1829, -1894]]
[[1, 0], [914, 947], [-1831, -1894]]
[[1, 0], [915, 1894], [-917, -1894]]
[[1, 0], [915, 947], [-1833, -1894]]
[[1, 0], [916, 947], [-1835, -1894]]
[[1, 0], [917, 1894], [-919, -1894]]
[[1, 0], [917, 947], [-1837, -1894]]
[[1, 0], [918, 947], [-1839, -1894]]
[[1, 0], [919, 1894], [-921, -1894]]
[[1, 0], [919, 947], [-1841, -1894]]
[[1, 0], [92, 947], [-187, -1894]]
[[1, 0], [92, 947], [-93, -947]]
[[1, 0], [92, 947], [-94, -947]]
[[1, 0], [920, 947], [-1843, -1894]]
[[1, 0], [921, 1894], [-923, -1894]]
[[1, 0], [921, 947], [-1845, -1894]]
[[1, 0], [922, 947], [-1847, -1894]]
[[1, 0], [923, 1894], [-925, -1894]]
[[1, 0], [923, 947], [-1849, -1894]]
[[1, 0], [924, 947], [-1851, -1894]]
[[1, 0], [925, 1894], [-927, -1894]]
[[1, 0], [925, 947], [-1853, -1894]]
[[1, 0], [926, 947], [-1855, -1894]]
[[1, 0], [927, 1894], [-929, -1894]]
[[1, 0], [927, 947], [-1857, -1894]]
[[1, 0], [928, 947], [-1859, -1894]]
[[1, 0], [929, 1894], [-931, -1894]]
[[1, 0], [929, 947], [-1861, -1894]]
[[1, 0], [93, 1894], [-95, -1894]]
[[1, 0], [93, 947], [-189, -1894]]
[[1, 0], [93, 947], [-94, -947]]
[[1, 0], [93, 947], [-95, -947]]
[[1, 0], [930, 947], [-1863, -1894]]
[[1, 0], [931, 1894], [-933, -1894]]
[[1, 0], [931, 947], [-1865, -1894]]
[[1, 0], [932, 947], [-1867, -1894]]
[[1, 0], [933, 1894], [-935, -1894]]
[[1, 0], [933, 947], [-1869, -1894]]
[[1, 0], [934, 947], [-1871, -1894]]
[[1, 0], [935, 1894], [-937, -1894]]
[[1, 0], [935, 947], [-1873, -1894]]
[[1, 0], [936, 947], [-1875, -1894]]
[[1, 0], [937, 1894], [-939, -1894]]
[[1, 0], [937, 947], [-1877, -1894]]
[[1, 0], [938, 947], [-1879, -1894]]
[[1, 0], [939, 1894], [-941, -1894]]
[[1, 0], [939, 947], [-1881, -1894]]
[[1, 0], [94, 2841], [-95, -2841]]
[[1, 0], [94, 947], [-191, -1894]]
[[1, 0], [94, 947], [-95, -947]]
[[1, 0], [94, 947], [-96, -947]]
[[1, 0], [940, 947], [-1883, -1894]]
[[1, 0], [940, 947], [-942, -947]]
[[1, 0], [941, 1894], [-943, -1894]]
[[1, 0], [941, 947], [-1885, -1894]]
[[1, 0], [942, 947], [-1887, -1894]]
[[1, 0], [943, 1894], [-945, -1894]]
[[1, 0], [943, 947], [-1889, -1894]]
[[1, 0], [944, 947], [-1891, -1894]]
[[1, 0], [945, 947], [-1893, -1894]]
[[1, 0], [946, 947], [-1895, -1894]]
[[1, 0], [946, 947], [-948, -947]]
[[1, 0], [95, 1894], [-97, -1894]]
[[1, 0], [95, 947], [-193, -1894]]
[[1, 0], [95, 947], [-96, -947]]
[[1, 0], [95, 947], [-97, -947]]
[[1, 0], [96, 947], [-195, -1894]]
[[1, 0], [96, 947], [-97, -947]]
[[1, 0], [96, 947], [-98, -947]]
[[1, 0], [97, 1894], [-99, -1894]]
[[1, 0], [97, 947], [-197, -1894]]
[[1, 0], [97, 947], [-99, -947]]
[[1, 0], [98, 947], [-100, -947]]
[[1, 0], [98, 947], [-199, -1894]]
[[1, 0], [99, 1894], [-101, -1894]]
[[1, 0], [99, 947], [-100, -947]]
[[1, 0], [99, 947], [-101, -947]]
[[1, 0], [99, 947], [-201, -1894]]
