[[1, 0], [0, 1], [-1235, -64]]
[[1, 0], [0, 1], [-1280, -399]]
[[1, 0], [0, 1], [-1463, -384]]
[[1, 0], [0, 1], [-1824, -365]]
[[1, 0], [0, 1], [-1824, -5]]
[[1, 0], [0, 1], [-18848, -309]]
[[1, 0], [0, 1], [-18848, -61]]
[[1, 0], [0, 1], [-209, -32]]
[[1, 0], [0, 1], [-320, -19]]
[[1, 0], [0, 1], [-5184, -323]]
[[1, 0], [0, 1], [-57, -32]]
[[1, 0], [0, 1], [-608, -1]]
[[1, 0], [0, 1], [-608, -21]]
[[1, 0], [0, 1], [-608, -29]]
[[1, 0], [0, 1], [-609, -608]]
[[1, 0], [0, 1], [-6099, -320]]
[[1, 0], [0, 1], [-64, -19]]
[[1, 0], [0, 1], [-93024, -305]]
[[1, 0], [1, 102], [-305, -102]]
[[1, 0], [1, 102], [-611, -306]]
[[1, 0], [1, 104], [-155, -312]]
[[1, 0], [1, 104], [-77, -104]]
[[1, 0], [1, 10], [-147, -64]]
[[1, 0], [1, 10], [-371, -62]]
[[1, 0], [1, 10], [-659, -320]]
[[1, 0], [1, 112], [-41, -336]]
[[1, 0], [1, 114], [-17, -114]]
[[1, 0], [1, 114], [-35, -342]]
[[1, 0], [1, 11], [-11, -57]]
[[1, 0], [1, 11], [-241, -352]]
[[1, 0], [1, 11], [-637, -319]]
[[1, 0], [1, 128], [-11, -192]]
[[1, 0], [1, 12], [-161, -108]]
[[1, 0], [1, 12], [-35, -192]]
[[1, 0], [1, 12], [-55, -128]]
[[1, 0], [1, 12], [-61, -124]]
[[1, 0], [1, 12], [-9, -32]]
[[1, 0], [1, 14], [-5, -32]]
[[1, 0], [1, 152], [-11, -456]]
[[1, 0], [1, 152], [-5, -152]]
[[1, 0], [1, 152], [-9, -608]]
[[1, 0], [1, 15], [-629, -315]]
[[1, 0], [1, 15], [-89, -480]]
[[1, 0], [1, 160], [-59, -320]]
[[1, 0], [1, 16], [-119, -384]]
[[1, 0], [1, 16], [-137, -368]]
[[1, 0], [1, 16], [-21, -32]]
[[1, 0], [1, 16], [-29, -160]]
[[1, 0], [1, 16], [-41, -48]]
[[1, 0], [1, 16], [-419, -320]]
[[1, 0], [1, 16], [-77, -608]]
[[1, 0], [1, 16], [-83, -112]]
[[1, 0], [1, 16], [-99, -64]]
[[1, 0], [1, 176], [-21, -352]]
[[1, 0], [1, 17], [-339, -323]]
[[1, 0], [1, 17], [-35, -19]]
[[1, 0], [1, 18], [-1019, -102]]
[[1, 0], [1, 18], [-179, -342]]
[[1, 0], [1, 18], [-27, -38]]
[[1, 0], [1, 18], [-2753, -306]]
[[1, 0], [1, 18], [-305, -18]]
[[1, 0], [1, 18], [-441, -34]]
[[1, 0], [1, 18], [-65, -114]]
[[1, 0], [1, 19], [-305, -323]]
[[1, 0], [1, 19], [-33, -19]]
[[1, 0], [1, 19], [-65, -608]]
[[1, 0], [1, 20], [-169, -340]]
[[1, 0], [1, 20], [-23, -76]]
[[1, 0], [1, 20], [-339, -320]]
[[1, 0], [1, 20], [-83, -64]]
[[1, 0], [1, 20], [-99, -380]]
[[1, 0], [1, 21], [-83, -399]]
[[1, 0], [1, 21], [-89, -45]]
[[1, 0], [1, 22], [-17, -32]]
[[1, 0], [1, 22], [-29, -30]]
[[1, 0], [1, 22], [-9, -38]]
[[1, 0], [1, 24], [-207, -104]]
[[1, 0], [1, 24], [-21, -152]]
[[1, 0], [1, 24], [-545, -312]]
[[1, 0], [1, 24], [-59, -456]]
[[1, 0], [1, 24], [-77, -24]]
[[1, 0], [1, 26], [-51, -494]]
[[1, 0], [1, 27], [-17, -171]]
[[1, 0], [1, 28], [-153, -28]]
[[1, 0], [1, 28], [-197, -44]]
[[1, 0], [1, 28], [-923, -308]]
[[1, 0], [1, 2], [-1297, -352]]
[[1, 0], [1, 2], [-1529, -18]]
[[1, 0], [1, 2], [-1547, -342]]
[[1, 0], [1, 2], [-1689, -338]]
[[1, 0], [1, 2], [-179, -38]]
[[1, 0], [1, 2], [-23561, -306]]
[[1, 0], [1, 2], [-2753, -34]]
[[1, 0], [1, 2], [-2897, -322]]
[[1, 0], [1, 2], [-305, -2]]
[[1, 0], [1, 2], [-309, -10]]
[[1, 0], [1, 2], [-311, -128]]
[[1, 0], [1, 2], [-3219, -320]]
[[1, 0], [1, 2], [-365, -122]]
[[1, 0], [1, 2], [-51, -38]]
[[1, 0], [1, 2], [-521, -114]]
[[1, 0], [1, 2], [-609, -608]]
[[1, 0], [1, 2], [-611, -576]]
[[1, 0], [1, 2], [-611, -6]]
[[1, 0], [1, 2], [-659, -64]]
[[1, 0], [1, 2], [-699, -448]]
[[1, 0], [1, 2], [-769, -418]]
[[1, 0], [1, 2], [-7955, -102]]
[[1, 0], [1, 2], [-8059, -310]]
[[1, 0], [1, 2], [-811, -406]]
[[1, 0], [1, 304], [-5, -608]]
[[1, 0], [1, 305], [-609, -305]]
[[1, 0], [1, 306], [-305, -306]]
[[1, 0], [1, 308], [-153, -308]]
[[1, 0], [1, 312], [-77, -312]]
[[1, 0], [1, 320], [-39, -320]]
[[1, 0], [1, 323], [-33, -323]]
[[1, 0], [1, 32], [-219, -320]]
[[1, 0], [1, 32], [-23, -128]]
[[1, 0], [1, 32], [-39, -608]]
[[1, 0], [1, 32], [-51, -416]]
[[1, 0], [1, 32], [-59, -64]]
[[1, 0], [1, 32], [-87, -352]]
[[1, 0], [1, 342], [-17, -342]]
[[1, 0], [1, 34], [-1529, -306]]
[[1, 0], [1, 34], [-3, -38]]
[[1, 0], [1, 34], [-305, -34]]
[[1, 0], [1, 34], [-611, -102]]
[[1, 0], [1, 36], [-161, -324]]
[[1, 0], [1, 36], [-35, -576]]
[[1, 0], [1, 380], [-9, -380]]
[[1, 0], [1, 38], [-17, -38]]
[[1, 0], [1, 38], [-33, -608]]
[[1, 0], [1, 38], [-35, -114]]
[[1, 0], [1, 38], [-43, -418]]
[[1, 0], [1, 38], [-89, -342]]
[[1, 0], [1, 3], [-17, -19]]
[[1, 0], [1, 3], [-629, -63]]
[[1, 0], [1, 3], [-83, -57]]
[[1, 0], [1, 3], [-89, -96]]
[[1, 0], [1, 40], [-17, -72]]
[[1, 0], [1, 40], [-179, -320]]
[[1, 0], [1, 40], [-51, -64]]
[[1, 0], [1, 40], [-7, -128]]
[[1, 0], [1, 42], [-5, -96]]
[[1, 0], [1, 44], [-153, -44]]
[[1, 0], [1, 44], [-615, -308]]
[[1, 0], [1, 44], [-65, -352]]
[[1, 0], [1, 456], [-5, -456]]
[[1, 0], [1, 48], [-29, -480]]
[[1, 0], [1, 48], [-83, -336]]
[[1, 0], [1, 4], [-153, -4]]
[[1, 0], [1, 4], [-161, -36]]
[[1, 0], [1, 4], [-1619, -320]]
[[1, 0], [1, 4], [-169, -68]]
[[1, 0], [1, 4], [-305, -608]]
[[1, 0], [1, 4], [-329, -480]]
[[1, 0], [1, 4], [-339, -64]]
[[1, 0], [1, 4], [-35, -64]]
[[1, 0], [1, 4], [-389, -416]]
[[1, 0], [1, 4], [-479, -380]]
[[1, 0], [1, 4], [-6005, -308]]
[[1, 0], [1, 4], [-615, -28]]
[[1, 0], [1, 4], [-65, -32]]
[[1, 0], [1, 4], [-695, -348]]
[[1, 0], [1, 4], [-923, -44]]
[[1, 0], [1, 4], [-99, -76]]
[[1, 0], [1, 4], [-995, -332]]
[[1, 0], [1, 56], [-27, -448]]
[[1, 0], [1, 57], [-13, -133]]
[[1, 0], [1, 5], [-1299, -320]]
[[1, 0], [1, 5], [-18909, -305]]
[[1, 0], [1, 5], [-275, -64]]
[[1, 0], [1, 5], [-4025, -61]]
[[1, 0], [1, 5], [-609, -5]]
[[1, 0], [1, 5], [-629, -105]]
[[1, 0], [1, 5], [-89, -160]]
[[1, 0], [1, 608], [-3, -608]]
[[1, 0], [1, 60], [-9, -160]]
[[1, 0], [1, 61], [-1829, -305]]
[[1, 0], [1, 61], [-609, -61]]
[[1, 0], [1, 62], [-309, -310]]
[[1, 0], [1, 64], [-119, -320]]
[[1, 0], [1, 64], [-13, -224]]
[[1, 0], [1, 64], [-39, -64]]
[[1, 0], [1, 64], [-69, -160]]
[[1, 0], [1, 6], [-1019, -34]]
[[1, 0], [1, 6], [-179, -114]]
[[1, 0], [1, 6], [-2753, -102]]
[[1, 0], [1, 6], [-305, -6]]
[[1, 0], [1, 6], [-311, -384]]
[[1, 0], [1, 6], [-365, -366]]
[[1, 0], [1, 6], [-423, -106]]
[[1, 0], [1, 6], [-521, -342]]
[[1, 0], [1, 6], [-611, -18]]
[[1, 0], [1, 6], [-65, -38]]
[[1, 0], [1, 6], [-69, -190]]
[[1, 0], [1, 6], [-7955, -306]]
[[1, 0], [1, 76], [-17, -608]]
[[1, 0], [1, 76], [-29, -380]]
[[1, 0], [1, 76], [-9, -76]]
[[1, 0], [1, 7], [-83, -133]]
[[1, 0], [1, 7], [-89, -15]]
[[1, 0], [1, 80], [-5, -96]]
[[1, 0], [1, 80], [-99, -320]]
[[1, 0], [1, 8], [-153, -608]]
[[1, 0], [1, 8], [-155, -24]]
[[1, 0], [1, 8], [-1559, -312]]
[[1, 0], [1, 8], [-159, -512]]
[[1, 0], [1, 8], [-173, -456]]
[[1, 0], [1, 8], [-179, -64]]
[[1, 0], [1, 8], [-203, -408]]
[[1, 0], [1, 8], [-27, -64]]
[[1, 0], [1, 8], [-329, -352]]
[[1, 0], [1, 8], [-545, -104]]
[[1, 0], [1, 8], [-573, -328]]
[[1, 0], [1, 8], [-59, -152]]
[[1, 0], [1, 8], [-77, -8]]
[[1, 0], [1, 8], [-819, -320]]
[[1, 0], [1, 96], [-23, -384]]
[[1, 0], [1, 9], [-139, -35]]
[[1, 0], [1, 9], [-17, -57]]
[[1, 0], [10, 19], [-353, -608]]
[[1, 0], [10, 19], [-42, -19]]
[[1, 0], [10, 19], [-458, -323]]
[[1, 0], [10, 57], [-34, -133]]
[[1, 0], [101, 152], [-105, -152]]
[[1, 0], [101, 152], [-311, -456]]
[[1, 0], [101, 152], [-409, -608]]
[[1, 0], [101, 160], [-259, -320]]
[[1, 0], [101, 304], [-205, -608]]
[[1, 0], [101, 320], [-139, -320]]
[[1, 0], [101, 380], [-109, -380]]
[[1, 0], [103, 114], [-119, -114]]
[[1, 0], [103, 114], [-341, -342]]
[[1, 0], [103, 152], [-317, -456]]
[[1, 0], [103, 152], [-417, -608]]
[[1, 0], [103, 323], [-135, -323]]
[[1, 0], [103, 608], [-105, -608]]
[[1, 0], [105, 128], [-167, -192]]
[[1, 0], [105, 152], [-109, -152]]
[[1, 0], [105, 152], [-425, -608]]
[[1, 0], [105, 304], [-213, -608]]
[[1, 0], [105, 608], [-107, -608]]
[[1, 0], [107, 152], [-329, -456]]
[[1, 0], [107, 152], [-433, -608]]
[[1, 0], [107, 304], [-217, -608]]
[[1, 0], [107, 608], [-109, -608]]
[[1, 0], [109, 114], [-359, -342]]
[[1, 0], [109, 152], [-113, -152]]
[[1, 0], [109, 152], [-335, -456]]
[[1, 0], [109, 152], [-441, -608]]
[[1, 0], [109, 304], [-221, -608]]
[[1, 0], [109, 342], [-125, -342]]
[[1, 0], [109, 456], [-113, -456]]
[[1, 0], [11, 152], [-41, -456]]
[[1, 0], [11, 152], [-49, -608]]
[[1, 0], [11, 160], [-49, -160]]
[[1, 0], [11, 160], [-79, -320]]
[[1, 0], [11, 16], [-129, -160]]
[[1, 0], [11, 16], [-139, -64]]
[[1, 0], [11, 16], [-153, -112]]
[[1, 0], [11, 16], [-359, -384]]
[[1, 0], [11, 16], [-367, -368]]
[[1, 0], [11, 16], [-41, -32]]
[[1, 0], [11, 16], [-457, -608]]
[[1, 0], [11, 16], [-619, -320]]
[[1, 0], [11, 16], [-71, -48]]
[[1, 0], [11, 19], [-385, -608]]
[[1, 0], [11, 19], [-43, -19]]
[[1, 0], [11, 20], [-115, -64]]
[[1, 0], [11, 20], [-289, -380]]
[[1, 0], [11, 20], [-339, -340]]
[[1, 0], [11, 20], [-499, -320]]
[[1, 0], [11, 20], [-61, -76]]
[[1, 0], [11, 304], [-25, -608]]
[[1, 0], [11, 32], [-115, -304]]
[[1, 0], [11, 32], [-169, -160]]
[[1, 0], [11, 32], [-181, -416]]
[[1, 0], [11, 32], [-197, -352]]
[[1, 0], [11, 32], [-229, -608]]
[[1, 0], [11, 32], [-25, -52]]
[[1, 0], [11, 32], [-319, -320]]
[[1, 0], [11, 32], [-49, -32]]
[[1, 0], [11, 32], [-63, -128]]
[[1, 0], [11, 32], [-79, -64]]
[[1, 0], [11, 38], [-153, -418]]
[[1, 0], [11, 38], [-179, -342]]
[[1, 0], [11, 38], [-193, -608]]
[[1, 0], [11, 38], [-27, -38]]
[[1, 0], [11, 38], [-65, -114]]
[[1, 0], [11, 40], [-259, -320]]
[[1, 0], [11, 40], [-35, -72]]
[[1, 0], [11, 40], [-39, -128]]
[[1, 0], [11, 40], [-67, -64]]
[[1, 0], [11, 608], [-13, -608]]
[[1, 0], [11, 76], [-79, -380]]
[[1, 0], [11, 76], [-97, -608]]
[[1, 0], [11, 80], [-139, -320]]
[[1, 0], [11, 80], [-17, -96]]
[[1, 0], [111, 152], [-341, -456]]
[[1, 0], [111, 152], [-449, -608]]
[[1, 0], [111, 160], [-279, -320]]
[[1, 0], [111, 176], [-241, -352]]
[[1, 0], [111, 304], [-225, -608]]
[[1, 0], [111, 608], [-113, -608]]
[[1, 0], [113, 128], [-179, -192]]
[[1, 0], [113, 152], [-117, -152]]
[[1, 0], [113, 152], [-347, -456]]
[[1, 0], [113, 152], [-457, -608]]
[[1, 0], [113, 304], [-229, -608]]
[[1, 0], [113, 608], [-115, -608]]
[[1, 0], [115, 152], [-353, -456]]
[[1, 0], [115, 152], [-465, -608]]
[[1, 0], [115, 304], [-233, -608]]
[[1, 0], [115, 608], [-117, -608]]
[[1, 0], [117, 152], [-121, -152]]
[[1, 0], [117, 152], [-359, -456]]
[[1, 0], [117, 152], [-473, -608]]
[[1, 0], [117, 304], [-237, -608]]
[[1, 0], [119, 152], [-365, -456]]
[[1, 0], [119, 152], [-481, -608]]
[[1, 0], [119, 304], [-241, -608]]
[[1, 0], [12, 19], [-20, -21]]
[[1, 0], [12, 19], [-417, -608]]
[[1, 0], [12, 19], [-44, -19]]
[[1, 0], [12, 19], [-492, -323]]
[[1, 0], [121, 128], [-191, -192]]
[[1, 0], [121, 152], [-125, -152]]
[[1, 0], [121, 152], [-371, -456]]
[[1, 0], [121, 152], [-489, -608]]
[[1, 0], [121, 160], [-299, -320]]
[[1, 0], [121, 304], [-245, -608]]
[[1, 0], [121, 380], [-129, -380]]
[[1, 0], [121, 456], [-125, -456]]
[[1, 0], [121, 608], [-123, -608]]
[[1, 0], [123, 152], [-377, -456]]
[[1, 0], [123, 152], [-497, -608]]
[[1, 0], [123, 304], [-249, -608]]
[[1, 0], [123, 608], [-125, -608]]
[[1, 0], [125, 152], [-129, -152]]
[[1, 0], [125, 152], [-383, -456]]
[[1, 0], [125, 152], [-505, -608]]
[[1, 0], [125, 304], [-253, -608]]
[[1, 0], [127, 152], [-389, -456]]
[[1, 0], [127, 304], [-257, -608]]
[[1, 0], [127, 342], [-143, -342]]
[[1, 0], [127, 608], [-129, -608]]
[[1, 0], [129, 152], [-395, -456]]
[[1, 0], [129, 152], [-521, -608]]
[[1, 0], [129, 304], [-261, -608]]
[[1, 0], [129, 608], [-131, -608]]
[[1, 0], [13, 114], [-29, -114]]
[[1, 0], [13, 114], [-71, -342]]
[[1, 0], [13, 152], [-17, -152]]
[[1, 0], [13, 152], [-47, -456]]
[[1, 0], [13, 16], [-147, -64]]
[[1, 0], [13, 16], [-149, -160]]
[[1, 0], [13, 16], [-167, -112]]
[[1, 0], [13, 16], [-407, -384]]
[[1, 0], [13, 16], [-413, -368]]
[[1, 0], [13, 16], [-45, -32]]
[[1, 0], [13, 16], [-533, -608]]
[[1, 0], [13, 16], [-659, -320]]
[[1, 0], [13, 16], [-77, -48]]
[[1, 0], [13, 19], [-449, -608]]
[[1, 0], [13, 19], [-509, -323]]
[[1, 0], [13, 24], [-259, -104]]
[[1, 0], [13, 24], [-287, -456]]
[[1, 0], [13, 24], [-701, -312]]
[[1, 0], [13, 24], [-89, -24]]
[[1, 0], [13, 24], [-97, -152]]
[[1, 0], [13, 304], [-29, -608]]
[[1, 0], [13, 32], [-207, -416]]
[[1, 0], [13, 32], [-219, -352]]
[[1, 0], [13, 32], [-267, -608]]
[[1, 0], [13, 32], [-339, -320]]
[[1, 0], [13, 32], [-71, -128]]
[[1, 0], [13, 32], [-83, -64]]
[[1, 0], [13, 38], [-175, -418]]
[[1, 0], [13, 38], [-197, -342]]
[[1, 0], [13, 38], [-225, -608]]
[[1, 0], [13, 38], [-71, -114]]
[[1, 0], [13, 456], [-17, -456]]
[[1, 0], [13, 48], [-149, -480]]
[[1, 0], [13, 48], [-167, -336]]
[[1, 0], [13, 57], [-41, -133]]
[[1, 0], [13, 64], [-17, -72]]
[[1, 0], [13, 64], [-179, -320]]
[[1, 0], [13, 64], [-29, -96]]
[[1, 0], [13, 64], [-51, -64]]
[[1, 0], [13, 64], [-55, -224]]
[[1, 0], [13, 64], [-59, -80]]
[[1, 0], [13, 64], [-99, -160]]
[[1, 0], [13, 76], [-113, -608]]
[[1, 0], [13, 76], [-21, -76]]
[[1, 0], [13, 76], [-89, -380]]
[[1, 0], [13, 96], [-71, -384]]
[[1, 0], [131, 152], [-401, -456]]
[[1, 0], [131, 152], [-529, -608]]
[[1, 0], [131, 160], [-169, -160]]
[[1, 0], [131, 160], [-319, -320]]
[[1, 0], [131, 304], [-265, -608]]
[[1, 0], [133, 176], [-285, -352]]
[[1, 0], [135, 152], [-413, -456]]
[[1, 0], [135, 152], [-545, -608]]
[[1, 0], [135, 304], [-273, -608]]
[[1, 0], [135, 608], [-137, -608]]
[[1, 0], [137, 152], [-141, -152]]
[[1, 0], [137, 152], [-419, -456]]
[[1, 0], [137, 152], [-553, -608]]
[[1, 0], [137, 304], [-277, -608]]
[[1, 0], [137, 323], [-169, -323]]
[[1, 0], [137, 608], [-139, -608]]
[[1, 0], [139, 152], [-425, -456]]
[[1, 0], [139, 152], [-561, -608]]
[[1, 0], [139, 304], [-281, -608]]
[[1, 0], [139, 608], [-141, -608]]
[[1, 0], [14, 19], [-22, -23]]
[[1, 0], [14, 19], [-481, -608]]
[[1, 0], [14, 19], [-526, -323]]
[[1, 0], [141, 152], [-145, -152]]
[[1, 0], [141, 152], [-431, -456]]
[[1, 0], [141, 152], [-569, -608]]
[[1, 0], [141, 160], [-339, -320]]
[[1, 0], [141, 320], [-179, -320]]
[[1, 0], [141, 380], [-149, -380]]
[[1, 0], [143, 152], [-577, -608]]
[[1, 0], [143, 304], [-289, -608]]
[[1, 0], [143, 608], [-145, -608]]
[[1, 0], [145, 152], [-149, -152]]
[[1, 0], [145, 152], [-443, -456]]
[[1, 0], [145, 152], [-585, -608]]
[[1, 0], [145, 304], [-293, -608]]
[[1, 0], [145, 342], [-161, -342]]
[[1, 0], [145, 456], [-149, -456]]
[[1, 0], [145, 608], [-147, -608]]
[[1, 0], [147, 152], [-449, -456]]
[[1, 0], [147, 152], [-593, -608]]
[[1, 0], [147, 304], [-297, -608]]
[[1, 0], [147, 608], [-149, -608]]
[[1, 0], [149, 152], [-153, -152]]
[[1, 0], [149, 152], [-455, -456]]
[[1, 0], [149, 152], [-601, -608]]
[[1, 0], [149, 304], [-301, -608]]
[[1, 0], [15, 112], [-83, -336]]
[[1, 0], [15, 152], [-53, -456]]
[[1, 0], [15, 152], [-65, -608]]
[[1, 0], [15, 16], [-155, -64]]
[[1, 0], [15, 16], [-169, -160]]
[[1, 0], [15, 16], [-181, -112]]
[[1, 0], [15, 16], [-455, -384]]
[[1, 0], [15, 16], [-459, -368]]
[[1, 0], [15, 16], [-49, -32]]
[[1, 0], [15, 16], [-609, -608]]
[[1, 0], [15, 16], [-699, -320]]
[[1, 0], [15, 16], [-83, -48]]
[[1, 0], [15, 19], [-543, -323]]
[[1, 0], [15, 28], [-1077, -308]]
[[1, 0], [15, 28], [-219, -44]]
[[1, 0], [15, 304], [-33, -608]]
[[1, 0], [15, 32], [-153, -304]]
[[1, 0], [15, 32], [-189, -160]]
[[1, 0], [15, 32], [-233, -416]]
[[1, 0], [15, 32], [-241, -352]]
[[1, 0], [15, 32], [-305, -608]]
[[1, 0], [15, 32], [-359, -320]]
[[1, 0], [15, 32], [-39, -76]]
[[1, 0], [15, 32], [-65, -88]]
[[1, 0], [15, 32], [-77, -152]]
[[1, 0], [15, 32], [-79, -128]]
[[1, 0], [15, 32], [-87, -64]]
[[1, 0], [15, 38], [-197, -418]]
[[1, 0], [15, 38], [-215, -342]]
[[1, 0], [15, 38], [-257, -608]]
[[1, 0], [15, 38], [-77, -114]]
[[1, 0], [15, 56], [-139, -448]]
[[1, 0], [15, 608], [-17, -608]]
[[1, 0], [15, 76], [-129, -608]]
[[1, 0], [15, 76], [-99, -380]]
[[1, 0], [151, 152], [-461, -456]]
[[1, 0], [151, 152], [-609, -608]]
[[1, 0], [151, 160], [-359, -320]]
[[1, 0], [151, 304], [-305, -608]]
[[1, 0], [151, 608], [-153, -608]]
[[1, 0], [153, 304], [-309, -608]]
[[1, 0], [153, 608], [-155, -608]]
[[1, 0], [155, 176], [-329, -352]]
[[1, 0], [155, 304], [-313, -608]]
[[1, 0], [155, 608], [-157, -608]]
[[1, 0], [157, 304], [-317, -608]]
[[1, 0], [157, 312], [-233, -312]]
[[1, 0], [157, 456], [-161, -456]]
[[1, 0], [159, 304], [-321, -608]]
[[1, 0], [159, 608], [-161, -608]]
[[1, 0], [16, 19], [-545, -608]]
[[1, 0], [16, 19], [-560, -323]]
[[1, 0], [16, 57], [-48, -133]]
[[1, 0], [161, 304], [-325, -608]]
[[1, 0], [161, 320], [-199, -320]]
[[1, 0], [161, 380], [-169, -380]]
[[1, 0], [161, 608], [-163, -608]]
[[1, 0], [163, 304], [-329, -608]]
[[1, 0], [163, 342], [-179, -342]]
[[1, 0], [163, 608], [-165, -608]]
[[1, 0], [165, 304], [-333, -608]]
[[1, 0], [167, 304], [-337, -608]]
[[1, 0], [167, 608], [-169, -608]]
[[1, 0], [169, 304], [-341, -608]]
[[1, 0], [169, 456], [-173, -456]]
[[1, 0], [17, 128], [-35, -192]]
[[1, 0], [17, 152], [-21, -152]]
[[1, 0], [17, 152], [-59, -456]]
[[1, 0], [17, 152], [-73, -608]]
[[1, 0], [17, 19], [-577, -323]]
[[1, 0], [17, 19], [-577, -608]]
[[1, 0], [17, 304], [-37, -608]]
[[1, 0], [17, 32], [-259, -416]]
[[1, 0], [17, 32], [-263, -352]]
[[1, 0], [17, 32], [-343, -608]]
[[1, 0], [17, 32], [-379, -320]]
[[1, 0], [17, 32], [-87, -128]]
[[1, 0], [17, 32], [-91, -64]]
[[1, 0], [17, 38], [-219, -418]]
[[1, 0], [17, 38], [-233, -342]]
[[1, 0], [17, 38], [-289, -608]]
[[1, 0], [17, 38], [-83, -114]]
[[1, 0], [17, 64], [-109, -160]]
[[1, 0], [17, 64], [-199, -320]]
[[1, 0], [17, 64], [-55, -64]]
[[1, 0], [17, 64], [-69, -224]]
[[1, 0], [17, 76], [-109, -380]]
[[1, 0], [17, 76], [-145, -608]]
[[1, 0], [17, 76], [-25, -76]]
[[1, 0], [173, 304], [-349, -608]]
[[1, 0], [175, 304], [-353, -608]]
[[1, 0], [175, 608], [-177, -608]]
[[1, 0], [177, 304], [-357, -608]]
[[1, 0], [177, 608], [-179, -608]]
[[1, 0], [179, 608], [-181, -608]]
[[1, 0], [18, 19], [-33, -32]]
[[1, 0], [18, 19], [-594, -323]]
[[1, 0], [18, 19], [-609, -608]]
[[1, 0], [18, 323], [-50, -323]]
[[1, 0], [181, 304], [-365, -608]]
[[1, 0], [181, 380], [-189, -380]]
[[1, 0], [181, 456], [-185, -456]]
[[1, 0], [183, 304], [-369, -608]]
[[1, 0], [183, 608], [-185, -608]]
[[1, 0], [185, 304], [-373, -608]]
[[1, 0], [185, 608], [-187, -608]]
[[1, 0], [187, 304], [-377, -608]]
[[1, 0], [187, 608], [-189, -608]]
[[1, 0], [189, 304], [-381, -608]]
[[1, 0], [19, 24], [-135, -152]]
[[1, 0], [19, 24], [-285, -104]]
[[1, 0], [19, 24], [-401, -456]]
[[1, 0], [19, 24], [-779, -312]]
[[1, 0], [19, 32], [-191, -304]]
[[1, 0], [19, 32], [-209, -160]]
[[1, 0], [19, 32], [-285, -352]]
[[1, 0], [19, 32], [-285, -416]]
[[1, 0], [19, 32], [-381, -608]]
[[1, 0], [19, 32], [-399, -320]]
[[1, 0], [19, 32], [-95, -128]]
[[1, 0], [19, 32], [-95, -64]]
[[1, 0], [19, 36], [-323, -324]]
[[1, 0], [19, 36], [-323, -576]]
[[1, 0], [19, 48], [-209, -336]]
[[1, 0], [19, 48], [-209, -480]]
[[1, 0], [19, 96], [-95, -384]]
[[1, 0], [191, 304], [-385, -608]]
[[1, 0], [191, 608], [-193, -608]]
[[1, 0], [193, 304], [-389, -608]]
[[1, 0], [193, 456], [-197, -456]]
[[1, 0], [193, 608], [-195, -608]]
[[1, 0], [195, 304], [-393, -608]]
[[1, 0], [197, 304], [-397, -608]]
[[1, 0], [199, 304], [-401, -608]]
[[1, 0], [199, 608], [-201, -608]]
[[1, 0], [2, 19], [-322, -323]]
[[1, 0], [2, 19], [-34, -19]]
[[1, 0], [2, 19], [-97, -608]]
[[1, 0], [201, 304], [-405, -608]]
[[1, 0], [201, 608], [-203, -608]]
[[1, 0], [203, 304], [-409, -608]]
[[1, 0], [203, 608], [-205, -608]]
[[1, 0], [205, 304], [-413, -608]]
[[1, 0], [207, 304], [-417, -608]]
[[1, 0], [21, 152], [-25, -152]]
[[1, 0], [21, 152], [-71, -456]]
[[1, 0], [21, 152], [-89, -608]]
[[1, 0], [21, 160], [-99, -320]]
[[1, 0], [21, 304], [-45, -608]]
[[1, 0], [21, 320], [-59, -320]]
[[1, 0], [21, 32], [-103, -128]]
[[1, 0], [21, 32], [-307, -352]]
[[1, 0], [21, 32], [-311, -416]]
[[1, 0], [21, 32], [-419, -320]]
[[1, 0], [21, 32], [-419, -608]]
[[1, 0], [21, 32], [-99, -64]]
[[1, 0], [21, 380], [-29, -380]]
[[1, 0], [21, 38], [-263, -418]]
[[1, 0], [21, 38], [-269, -342]]
[[1, 0], [21, 38], [-353, -608]]
[[1, 0], [21, 40], [-339, -320]]
[[1, 0], [21, 40], [-53, -72]]
[[1, 0], [21, 40], [-71, -128]]
[[1, 0], [21, 40], [-83, -64]]
[[1, 0], [21, 64], [-119, -160]]
[[1, 0], [21, 64], [-219, -320]]
[[1, 0], [21, 64], [-41, -96]]
[[1, 0], [21, 64], [-69, -80]]
[[1, 0], [21, 64], [-83, -224]]
[[1, 0], [21, 76], [-129, -380]]
[[1, 0], [21, 76], [-177, -608]]
[[1, 0], [21, 76], [-29, -76]]
[[1, 0], [21, 80], [-179, -320]]
[[1, 0], [21, 80], [-29, -96]]
[[1, 0], [211, 304], [-425, -608]]
[[1, 0], [211, 608], [-213, -608]]
[[1, 0], [213, 304], [-429, -608]]
[[1, 0], [215, 304], [-433, -608]]
[[1, 0], [215, 608], [-217, -608]]
[[1, 0], [217, 456], [-221, -456]]
[[1, 0], [217, 608], [-219, -608]]
[[1, 0], [219, 304], [-441, -608]]
[[1, 0], [219, 608], [-221, -608]]
[[1, 0], [22, 57], [-62, -133]]
[[1, 0], [221, 304], [-445, -608]]
[[1, 0], [221, 380], [-229, -380]]
[[1, 0], [223, 304], [-449, -608]]
[[1, 0], [223, 608], [-225, -608]]
[[1, 0], [225, 304], [-453, -608]]
[[1, 0], [225, 608], [-227, -608]]
[[1, 0], [227, 304], [-457, -608]]
[[1, 0], [227, 608], [-229, -608]]
[[1, 0], [229, 304], [-461, -608]]
[[1, 0], [229, 456], [-233, -456]]
[[1, 0], [23, 152], [-77, -456]]
[[1, 0], [23, 152], [-97, -608]]
[[1, 0], [23, 176], [-65, -352]]
[[1, 0], [23, 304], [-49, -608]]
[[1, 0], [23, 32], [-103, -64]]
[[1, 0], [23, 32], [-111, -128]]
[[1, 0], [23, 32], [-115, -152]]
[[1, 0], [23, 32], [-229, -160]]
[[1, 0], [23, 32], [-229, -304]]
[[1, 0], [23, 32], [-329, -352]]
[[1, 0], [23, 32], [-337, -416]]
[[1, 0], [23, 32], [-439, -320]]
[[1, 0], [23, 32], [-457, -608]]
[[1, 0], [23, 32], [-87, -88]]
[[1, 0], [23, 38], [-101, -114]]
[[1, 0], [23, 38], [-287, -342]]
[[1, 0], [23, 38], [-385, -608]]
[[1, 0], [23, 38], [-39, -38]]
[[1, 0], [23, 44], [-241, -352]]
[[1, 0], [23, 44], [-769, -308]]
[[1, 0], [23, 608], [-25, -608]]
[[1, 0], [23, 76], [-139, -380]]
[[1, 0], [23, 76], [-193, -608]]
[[1, 0], [231, 304], [-465, -608]]
[[1, 0], [231, 608], [-233, -608]]
[[1, 0], [233, 304], [-469, -608]]
[[1, 0], [233, 608], [-235, -608]]
[[1, 0], [235, 304], [-473, -608]]
[[1, 0], [235, 608], [-237, -608]]
[[1, 0], [237, 304], [-477, -608]]
[[1, 0], [239, 304], [-481, -608]]
[[1, 0], [239, 608], [-241, -608]]
[[1, 0], [241, 304], [-485, -608]]
[[1, 0], [241, 320], [-279, -320]]
[[1, 0], [241, 380], [-249, -380]]
[[1, 0], [241, 456], [-245, -456]]
[[1, 0], [241, 608], [-243, -608]]
[[1, 0], [243, 304], [-489, -608]]
[[1, 0], [243, 608], [-245, -608]]
[[1, 0], [245, 304], [-493, -608]]
[[1, 0], [249, 304], [-501, -608]]
[[1, 0], [249, 608], [-251, -608]]
[[1, 0], [25, 114], [-107, -342]]
[[1, 0], [25, 114], [-41, -114]]
[[1, 0], [25, 128], [-47, -192]]
[[1, 0], [25, 152], [-105, -608]]
[[1, 0], [25, 152], [-29, -152]]
[[1, 0], [25, 152], [-83, -456]]
[[1, 0], [25, 304], [-53, -608]]
[[1, 0], [25, 32], [-107, -64]]
[[1, 0], [25, 32], [-119, -128]]
[[1, 0], [25, 32], [-351, -352]]
[[1, 0], [25, 32], [-363, -416]]
[[1, 0], [25, 32], [-459, -320]]
[[1, 0], [25, 32], [-495, -608]]
[[1, 0], [25, 38], [-107, -114]]
[[1, 0], [25, 38], [-305, -342]]
[[1, 0], [25, 38], [-307, -418]]
[[1, 0], [25, 38], [-41, -38]]
[[1, 0], [25, 38], [-417, -608]]
[[1, 0], [25, 456], [-29, -456]]
[[1, 0], [25, 48], [-251, -336]]
[[1, 0], [25, 48], [-269, -480]]
[[1, 0], [25, 57], [-69, -133]]
[[1, 0], [25, 608], [-27, -608]]
[[1, 0], [25, 64], [-129, -160]]
[[1, 0], [25, 64], [-239, -320]]
[[1, 0], [25, 64], [-97, -224]]
[[1, 0], [25, 76], [-149, -380]]
[[1, 0], [25, 76], [-33, -76]]
[[1, 0], [25, 96], [-119, -384]]
[[1, 0], [251, 304], [-505, -608]]
[[1, 0], [251, 608], [-253, -608]]
[[1, 0], [253, 304], [-509, -608]]
[[1, 0], [253, 456], [-257, -456]]
[[1, 0], [255, 608], [-257, -608]]
[[1, 0], [256, 323], [-288, -323]]
[[1, 0], [257, 304], [-517, -608]]
[[1, 0], [257, 608], [-259, -608]]
[[1, 0], [259, 304], [-521, -608]]
[[1, 0], [259, 608], [-261, -608]]
[[1, 0], [261, 304], [-525, -608]]
[[1, 0], [261, 380], [-269, -380]]
[[1, 0], [263, 304], [-529, -608]]
[[1, 0], [263, 608], [-265, -608]]
[[1, 0], [265, 304], [-533, -608]]
[[1, 0], [265, 456], [-269, -456]]
[[1, 0], [265, 608], [-267, -608]]
[[1, 0], [267, 304], [-537, -608]]
[[1, 0], [267, 608], [-269, -608]]
[[1, 0], [269, 304], [-541, -608]]
[[1, 0], [27, 104], [-233, -312]]
[[1, 0], [27, 152], [-113, -608]]
[[1, 0], [27, 152], [-89, -456]]
[[1, 0], [27, 32], [-111, -64]]
[[1, 0], [27, 32], [-127, -128]]
[[1, 0], [27, 32], [-249, -160]]
[[1, 0], [27, 32], [-267, -304]]
[[1, 0], [27, 32], [-373, -352]]
[[1, 0], [27, 32], [-389, -416]]
[[1, 0], [27, 32], [-479, -320]]
[[1, 0], [27, 32], [-51, -52]]
[[1, 0], [27, 32], [-533, -608]]
[[1, 0], [27, 32], [-65, -32]]
[[1, 0], [27, 38], [-113, -114]]
[[1, 0], [27, 38], [-329, -418]]
[[1, 0], [27, 38], [-43, -38]]
[[1, 0], [27, 38], [-449, -608]]
[[1, 0], [27, 608], [-29, -608]]
[[1, 0], [27, 76], [-159, -380]]
[[1, 0], [27, 76], [-225, -608]]
[[1, 0], [271, 304], [-545, -608]]
[[1, 0], [273, 304], [-549, -608]]
[[1, 0], [273, 608], [-275, -608]]
[[1, 0], [275, 304], [-553, -608]]
[[1, 0], [275, 608], [-277, -608]]
[[1, 0], [277, 304], [-557, -608]]
[[1, 0], [277, 456], [-281, -456]]
[[1, 0], [279, 304], [-561, -608]]
[[1, 0], [279, 608], [-281, -608]]
[[1, 0], [281, 304], [-565, -608]]
[[1, 0], [281, 380], [-289, -380]]
[[1, 0], [281, 608], [-283, -608]]
[[1, 0], [283, 304], [-569, -608]]
[[1, 0], [287, 304], [-577, -608]]
[[1, 0], [287, 608], [-289, -608]]
[[1, 0], [289, 304], [-581, -608]]
[[1, 0], [289, 456], [-293, -456]]
[[1, 0], [289, 608], [-291, -608]]
[[1, 0], [29, 112], [-125, -336]]
[[1, 0], [29, 152], [-121, -608]]
[[1, 0], [29, 152], [-33, -152]]
[[1, 0], [29, 304], [-61, -608]]
[[1, 0], [29, 32], [-115, -64]]
[[1, 0], [29, 32], [-135, -128]]
[[1, 0], [29, 32], [-395, -352]]
[[1, 0], [29, 32], [-415, -416]]
[[1, 0], [29, 32], [-499, -320]]
[[1, 0], [29, 32], [-571, -608]]
[[1, 0], [29, 38], [-119, -114]]
[[1, 0], [29, 38], [-341, -342]]
[[1, 0], [29, 38], [-351, -418]]
[[1, 0], [29, 38], [-45, -38]]
[[1, 0], [29, 38], [-481, -608]]
[[1, 0], [29, 56], [-251, -448]]
[[1, 0], [29, 64], [-111, -224]]
[[1, 0], [29, 64], [-139, -160]]
[[1, 0], [29, 64], [-259, -320]]
[[1, 0], [29, 64], [-35, -72]]
[[1, 0], [29, 64], [-53, -96]]
[[1, 0], [29, 64], [-67, -64]]
[[1, 0], [29, 64], [-79, -80]]
[[1, 0], [29, 76], [-169, -380]]
[[1, 0], [29, 76], [-241, -608]]
[[1, 0], [29, 76], [-37, -76]]
[[1, 0], [291, 304], [-585, -608]]
[[1, 0], [291, 608], [-293, -608]]
[[1, 0], [295, 304], [-593, -608]]
[[1, 0], [295, 608], [-297, -608]]
[[1, 0], [297, 304], [-597, -608]]
[[1, 0], [297, 608], [-299, -608]]
[[1, 0], [299, 304], [-601, -608]]
[[1, 0], [299, 608], [-301, -608]]
[[1, 0], [3, 152], [-17, -456]]
[[1, 0], [3, 152], [-17, -608]]
[[1, 0], [3, 16], [-107, -64]]
[[1, 0], [3, 16], [-153, -608]]
[[1, 0], [3, 16], [-167, -384]]
[[1, 0], [3, 16], [-183, -368]]
[[1, 0], [3, 16], [-25, -32]]
[[1, 0], [3, 16], [-459, -320]]
[[1, 0], [3, 16], [-47, -48]]
[[1, 0], [3, 16], [-49, -160]]
[[1, 0], [3, 16], [-97, -112]]
[[1, 0], [3, 19], [-129, -608]]
[[1, 0], [3, 19], [-339, -323]]
[[1, 0], [3, 19], [-35, -19]]
[[1, 0], [3, 304], [-9, -608]]
[[1, 0], [3, 32], [-109, -352]]
[[1, 0], [3, 32], [-129, -160]]
[[1, 0], [3, 32], [-239, -320]]
[[1, 0], [3, 32], [-31, -128]]
[[1, 0], [3, 32], [-39, -304]]
[[1, 0], [3, 32], [-41, -32]]
[[1, 0], [3, 32], [-63, -64]]
[[1, 0], [3, 32], [-77, -416]]
[[1, 0], [3, 32], [-77, -608]]
[[1, 0], [3, 38], [-107, -342]]
[[1, 0], [3, 38], [-41, -114]]
[[1, 0], [3, 38], [-65, -418]]
[[1, 0], [3, 38], [-65, -608]]
[[1, 0], [3, 4], [-1161, -332]]
[[1, 0], [3, 4], [-137, -76]]
[[1, 0], [3, 4], [-1779, -320]]
[[1, 0], [3, 4], [-179, -36]]
[[1, 0], [3, 4], [-203, -68]]
[[1, 0], [3, 4], [-371, -64]]
[[1, 0], [3, 4], [-569, -480]]
[[1, 0], [3, 4], [-597, -416]]
[[1, 0], [3, 4], [-609, -608]]
[[1, 0], [3, 4], [-6159, -308]]
[[1, 0], [3, 4], [-629, -28]]
[[1, 0], [3, 4], [-669, -380]]
[[1, 0], [3, 4], [-67, -64]]
[[1, 0], [3, 4], [-81, -32]]
[[1, 0], [3, 4], [-869, -348]]
[[1, 0], [3, 4], [-945, -44]]
[[1, 0], [3, 608], [-5, -608]]
[[1, 0], [3, 76], [-33, -608]]
[[1, 0], [3, 76], [-39, -380]]
[[1, 0], [3, 8], [-161, -24]]
[[1, 0], [3, 8], [-1637, -312]]
[[1, 0], [3, 8], [-195, -64]]
[[1, 0], [3, 8], [-287, -456]]
[[1, 0], [3, 8], [-287, -512]]
[[1, 0], [3, 8], [-305, -408]]
[[1, 0], [3, 8], [-305, -608]]
[[1, 0], [3, 8], [-417, -352]]
[[1, 0], [3, 8], [-43, -64]]
[[1, 0], [3, 8], [-571, -104]]
[[1, 0], [3, 8], [-655, -328]]
[[1, 0], [3, 8], [-899, -320]]
[[1, 0], [3, 8], [-97, -152]]
[[1, 0], [301, 304], [-605, -608]]
[[1, 0], [301, 320], [-339, -320]]
[[1, 0], [301, 380], [-309, -380]]
[[1, 0], [301, 456], [-305, -456]]
[[1, 0], [303, 304], [-609, -608]]
[[1, 0], [303, 608], [-305, -608]]
[[1, 0], [305, 608], [-307, -608]]
[[1, 0], [307, 323], [-339, -323]]
[[1, 0], [31, 114], [-125, -342]]
[[1, 0], [31, 114], [-47, -114]]
[[1, 0], [31, 152], [-101, -456]]
[[1, 0], [31, 152], [-129, -608]]
[[1, 0], [31, 160], [-119, -320]]
[[1, 0], [31, 160], [-69, -160]]
[[1, 0], [31, 304], [-65, -608]]
[[1, 0], [31, 32], [-109, -88]]
[[1, 0], [31, 32], [-119, -64]]
[[1, 0], [31, 32], [-143, -128]]
[[1, 0], [31, 32], [-153, -152]]
[[1, 0], [31, 32], [-269, -160]]
[[1, 0], [31, 32], [-305, -304]]
[[1, 0], [31, 32], [-39, -38]]
[[1, 0], [31, 32], [-417, -352]]
[[1, 0], [31, 32], [-441, -416]]
[[1, 0], [31, 32], [-519, -320]]
[[1, 0], [31, 32], [-609, -608]]
[[1, 0], [31, 32], [-77, -76]]
[[1, 0], [31, 38], [-125, -114]]
[[1, 0], [31, 38], [-359, -342]]
[[1, 0], [31, 38], [-373, -418]]
[[1, 0], [31, 40], [-103, -128]]
[[1, 0], [31, 40], [-419, -320]]
[[1, 0], [31, 40], [-71, -72]]
[[1, 0], [31, 40], [-99, -64]]
[[1, 0], [31, 48], [-293, -336]]
[[1, 0], [31, 48], [-329, -480]]
[[1, 0], [31, 57], [-83, -133]]
[[1, 0], [31, 608], [-33, -608]]
[[1, 0], [31, 60], [-89, -160]]
[[1, 0], [31, 76], [-179, -380]]
[[1, 0], [31, 76], [-257, -608]]
[[1, 0], [31, 80], [-219, -320]]
[[1, 0], [31, 80], [-41, -96]]
[[1, 0], [31, 96], [-143, -384]]
[[1, 0], [313, 456], [-317, -456]]
[[1, 0], [313, 608], [-315, -608]]
[[1, 0], [321, 380], [-329, -380]]
[[1, 0], [325, 456], [-329, -456]]
[[1, 0], [329, 608], [-331, -608]]
[[1, 0], [33, 128], [-59, -192]]
[[1, 0], [33, 152], [-107, -456]]
[[1, 0], [33, 152], [-137, -608]]
[[1, 0], [33, 152], [-37, -152]]
[[1, 0], [33, 304], [-69, -608]]
[[1, 0], [33, 38], [-131, -114]]
[[1, 0], [33, 38], [-377, -342]]
[[1, 0], [33, 38], [-395, -418]]
[[1, 0], [33, 38], [-545, -608]]
[[1, 0], [33, 608], [-35, -608]]
[[1, 0], [33, 64], [-125, -224]]
[[1, 0], [33, 64], [-149, -160]]
[[1, 0], [33, 64], [-279, -320]]
[[1, 0], [33, 64], [-71, -64]]
[[1, 0], [33, 76], [-189, -380]]
[[1, 0], [33, 76], [-273, -608]]
[[1, 0], [33, 76], [-41, -76]]
[[1, 0], [335, 608], [-337, -608]]
[[1, 0], [337, 456], [-341, -456]]
[[1, 0], [337, 608], [-339, -608]]
[[1, 0], [34, 57], [-90, -133]]
[[1, 0], [341, 380], [-349, -380]]
[[1, 0], [345, 608], [-347, -608]]
[[1, 0], [349, 456], [-353, -456]]
[[1, 0], [35, 152], [-113, -456]]
[[1, 0], [35, 152], [-145, -608]]
[[1, 0], [35, 304], [-73, -608]]
[[1, 0], [35, 38], [-137, -114]]
[[1, 0], [35, 38], [-395, -342]]
[[1, 0], [35, 38], [-417, -418]]
[[1, 0], [35, 38], [-577, -608]]
[[1, 0], [35, 608], [-37, -608]]
[[1, 0], [35, 76], [-199, -380]]
[[1, 0], [35, 76], [-289, -608]]
[[1, 0], [353, 608], [-355, -608]]
[[1, 0], [369, 608], [-371, -608]]
[[1, 0], [37, 114], [-143, -342]]
[[1, 0], [37, 114], [-53, -114]]
[[1, 0], [37, 152], [-119, -456]]
[[1, 0], [37, 152], [-153, -608]]
[[1, 0], [37, 152], [-41, -152]]
[[1, 0], [37, 304], [-77, -608]]
[[1, 0], [37, 342], [-53, -342]]
[[1, 0], [37, 38], [-143, -114]]
[[1, 0], [37, 38], [-413, -342]]
[[1, 0], [37, 38], [-439, -418]]
[[1, 0], [37, 38], [-609, -608]]
[[1, 0], [37, 456], [-41, -456]]
[[1, 0], [37, 48], [-335, -336]]
[[1, 0], [37, 48], [-389, -480]]
[[1, 0], [37, 57], [-97, -133]]
[[1, 0], [37, 64], [-139, -224]]
[[1, 0], [37, 64], [-159, -160]]
[[1, 0], [37, 64], [-299, -320]]
[[1, 0], [37, 64], [-65, -96]]
[[1, 0], [37, 64], [-75, -64]]
[[1, 0], [37, 64], [-89, -80]]
[[1, 0], [37, 76], [-305, -608]]
[[1, 0], [37, 76], [-45, -76]]
[[1, 0], [37, 96], [-167, -384]]
[[1, 0], [373, 456], [-377, -456]]
[[1, 0], [377, 608], [-379, -608]]
[[1, 0], [385, 456], [-389, -456]]
[[1, 0], [385, 608], [-387, -608]]
[[1, 0], [39, 152], [-125, -456]]
[[1, 0], [39, 152], [-161, -608]]
[[1, 0], [39, 304], [-81, -608]]
[[1, 0], [39, 608], [-41, -608]]
[[1, 0], [39, 76], [-219, -380]]
[[1, 0], [39, 76], [-321, -608]]
[[1, 0], [393, 608], [-395, -608]]
[[1, 0], [397, 456], [-401, -456]]
[[1, 0], [4, 19], [-161, -608]]
[[1, 0], [4, 19], [-356, -323]]
[[1, 0], [4, 57], [-20, -133]]
[[1, 0], [40, 57], [-104, -133]]
[[1, 0], [401, 608], [-403, -608]]
[[1, 0], [409, 456], [-413, -456]]
[[1, 0], [409, 608], [-411, -608]]
[[1, 0], [41, 128], [-71, -192]]
[[1, 0], [41, 152], [-131, -456]]
[[1, 0], [41, 152], [-169, -608]]
[[1, 0], [41, 152], [-45, -152]]
[[1, 0], [41, 160], [-139, -320]]
[[1, 0], [41, 304], [-85, -608]]
[[1, 0], [41, 380], [-49, -380]]
[[1, 0], [41, 608], [-43, -608]]
[[1, 0], [41, 64], [-153, -224]]
[[1, 0], [41, 64], [-169, -160]]
[[1, 0], [41, 64], [-319, -320]]
[[1, 0], [41, 76], [-229, -380]]
[[1, 0], [41, 76], [-337, -608]]
[[1, 0], [41, 76], [-49, -76]]
[[1, 0], [41, 80], [-259, -320]]
[[1, 0], [41, 80], [-53, -96]]
[[1, 0], [411, 608], [-413, -608]]
[[1, 0], [417, 608], [-419, -608]]
[[1, 0], [421, 456], [-425, -456]]
[[1, 0], [425, 608], [-427, -608]]
[[1, 0], [43, 112], [-167, -336]]
[[1, 0], [43, 114], [-161, -342]]
[[1, 0], [43, 114], [-59, -114]]
[[1, 0], [43, 152], [-137, -456]]
[[1, 0], [43, 152], [-177, -608]]
[[1, 0], [43, 304], [-89, -608]]
[[1, 0], [43, 48], [-377, -336]]
[[1, 0], [43, 48], [-449, -480]]
[[1, 0], [43, 56], [-363, -448]]
[[1, 0], [43, 57], [-111, -133]]
[[1, 0], [43, 76], [-239, -380]]
[[1, 0], [43, 76], [-353, -608]]
[[1, 0], [43, 96], [-191, -384]]
[[1, 0], [433, 608], [-435, -608]]
[[1, 0], [441, 608], [-443, -608]]
[[1, 0], [445, 456], [-449, -456]]
[[1, 0], [449, 608], [-451, -608]]
[[1, 0], [45, 152], [-143, -456]]
[[1, 0], [45, 152], [-185, -608]]
[[1, 0], [45, 152], [-49, -152]]
[[1, 0], [45, 176], [-109, -352]]
[[1, 0], [45, 304], [-93, -608]]
[[1, 0], [45, 64], [-167, -224]]
[[1, 0], [45, 64], [-179, -160]]
[[1, 0], [45, 64], [-339, -320]]
[[1, 0], [45, 64], [-53, -72]]
[[1, 0], [45, 64], [-77, -96]]
[[1, 0], [45, 64], [-83, -64]]
[[1, 0], [45, 64], [-99, -80]]
[[1, 0], [45, 76], [-249, -380]]
[[1, 0], [45, 76], [-369, -608]]
[[1, 0], [45, 76], [-53, -76]]
[[1, 0], [457, 608], [-459, -608]]
[[1, 0], [46, 57], [-118, -133]]
[[1, 0], [465, 608], [-467, -608]]
[[1, 0], [47, 152], [-149, -456]]
[[1, 0], [47, 152], [-193, -608]]
[[1, 0], [47, 304], [-97, -608]]
[[1, 0], [47, 608], [-49, -608]]
[[1, 0], [47, 76], [-259, -380]]
[[1, 0], [47, 76], [-385, -608]]
[[1, 0], [481, 608], [-483, -608]]
[[1, 0], [487, 608], [-489, -608]]
[[1, 0], [489, 608], [-491, -608]]
[[1, 0], [49, 114], [-179, -342]]
[[1, 0], [49, 114], [-65, -114]]
[[1, 0], [49, 128], [-83, -192]]
[[1, 0], [49, 152], [-155, -456]]
[[1, 0], [49, 152], [-201, -608]]
[[1, 0], [49, 152], [-53, -152]]
[[1, 0], [49, 304], [-101, -608]]
[[1, 0], [49, 456], [-53, -456]]
[[1, 0], [49, 57], [-125, -133]]
[[1, 0], [49, 608], [-51, -608]]
[[1, 0], [49, 64], [-181, -224]]
[[1, 0], [49, 64], [-189, -160]]
[[1, 0], [49, 64], [-359, -320]]
[[1, 0], [49, 64], [-87, -64]]
[[1, 0], [49, 76], [-269, -380]]
[[1, 0], [49, 76], [-401, -608]]
[[1, 0], [49, 96], [-215, -384]]
[[1, 0], [497, 608], [-499, -608]]
[[1, 0], [5, 152], [-23, -456]]
[[1, 0], [5, 152], [-25, -608]]
[[1, 0], [5, 152], [-9, -152]]
[[1, 0], [5, 16], [-111, -112]]
[[1, 0], [5, 16], [-115, -64]]
[[1, 0], [5, 16], [-215, -384]]
[[1, 0], [5, 16], [-229, -368]]
[[1, 0], [5, 16], [-229, -608]]
[[1, 0], [5, 16], [-29, -32]]
[[1, 0], [5, 16], [-499, -320]]
[[1, 0], [5, 16], [-53, -48]]
[[1, 0], [5, 16], [-69, -160]]
[[1, 0], [5, 19], [-193, -608]]
[[1, 0], [5, 19], [-373, -323]]
[[1, 0], [5, 304], [-13, -608]]
[[1, 0], [5, 32], [-103, -416]]
[[1, 0], [5, 32], [-115, -608]]
[[1, 0], [5, 32], [-131, -352]]
[[1, 0], [5, 32], [-259, -320]]
[[1, 0], [5, 32], [-39, -128]]
[[1, 0], [5, 32], [-67, -64]]
[[1, 0], [5, 38], [-125, -342]]
[[1, 0], [5, 38], [-21, -38]]
[[1, 0], [5, 38], [-47, -114]]
[[1, 0], [5, 38], [-87, -418]]
[[1, 0], [5, 38], [-97, -608]]
[[1, 0], [5, 64], [-139, -320]]
[[1, 0], [5, 64], [-17, -96]]
[[1, 0], [5, 64], [-27, -224]]
[[1, 0], [5, 64], [-43, -64]]
[[1, 0], [5, 64], [-49, -80]]
[[1, 0], [5, 64], [-79, -160]]
[[1, 0], [5, 76], [-13, -76]]
[[1, 0], [5, 76], [-49, -380]]
[[1, 0], [5, 76], [-49, -608]]
[[1, 0], [5, 8], [-135, -152]]
[[1, 0], [5, 8], [-167, -24]]
[[1, 0], [5, 8], [-1715, -312]]
[[1, 0], [5, 8], [-211, -64]]
[[1, 0], [5, 8], [-401, -456]]
[[1, 0], [5, 8], [-407, -408]]
[[1, 0], [5, 8], [-415, -512]]
[[1, 0], [5, 8], [-457, -608]]
[[1, 0], [5, 8], [-505, -352]]
[[1, 0], [5, 8], [-59, -64]]
[[1, 0], [5, 8], [-597, -104]]
[[1, 0], [5, 8], [-737, -328]]
[[1, 0], [5, 8], [-81, -8]]
[[1, 0], [5, 8], [-979, -320]]
[[1, 0], [505, 608], [-507, -608]]
[[1, 0], [51, 152], [-161, -456]]
[[1, 0], [51, 160], [-159, -320]]
[[1, 0], [51, 160], [-89, -160]]
[[1, 0], [51, 304], [-105, -608]]
[[1, 0], [51, 608], [-53, -608]]
[[1, 0], [51, 76], [-279, -380]]
[[1, 0], [51, 76], [-417, -608]]
[[1, 0], [51, 80], [-299, -320]]
[[1, 0], [51, 80], [-65, -96]]
[[1, 0], [52, 323], [-84, -323]]
[[1, 0], [52, 57], [-132, -133]]
[[1, 0], [521, 608], [-523, -608]]
[[1, 0], [529, 608], [-531, -608]]
[[1, 0], [53, 104], [-129, -104]]
[[1, 0], [53, 104], [-311, -312]]
[[1, 0], [53, 152], [-167, -456]]
[[1, 0], [53, 152], [-217, -608]]
[[1, 0], [53, 304], [-109, -608]]
[[1, 0], [53, 64], [-109, -80]]
[[1, 0], [53, 64], [-195, -224]]
[[1, 0], [53, 64], [-199, -160]]
[[1, 0], [53, 64], [-379, -320]]
[[1, 0], [53, 64], [-89, -96]]
[[1, 0], [53, 76], [-289, -380]]
[[1, 0], [53, 76], [-433, -608]]
[[1, 0], [53, 76], [-61, -76]]
[[1, 0], [537, 608], [-539, -608]]
[[1, 0], [545, 608], [-547, -608]]
[[1, 0], [55, 114], [-197, -342]]
[[1, 0], [55, 152], [-173, -456]]
[[1, 0], [55, 152], [-225, -608]]
[[1, 0], [55, 304], [-113, -608]]
[[1, 0], [55, 342], [-71, -342]]
[[1, 0], [55, 57], [-139, -133]]
[[1, 0], [55, 76], [-299, -380]]
[[1, 0], [55, 76], [-449, -608]]
[[1, 0], [55, 96], [-239, -384]]
[[1, 0], [553, 608], [-555, -608]]
[[1, 0], [561, 608], [-563, -608]]
[[1, 0], [563, 608], [-565, -608]]
[[1, 0], [569, 608], [-571, -608]]
[[1, 0], [57, 112], [-209, -336]]
[[1, 0], [57, 128], [-95, -192]]
[[1, 0], [57, 64], [-209, -160]]
[[1, 0], [57, 64], [-209, -224]]
[[1, 0], [57, 64], [-399, -320]]
[[1, 0], [577, 608], [-579, -608]]
[[1, 0], [585, 608], [-587, -608]]
[[1, 0], [59, 152], [-185, -456]]
[[1, 0], [59, 152], [-241, -608]]
[[1, 0], [59, 304], [-121, -608]]
[[1, 0], [59, 608], [-61, -608]]
[[1, 0], [59, 76], [-319, -380]]
[[1, 0], [59, 76], [-481, -608]]
[[1, 0], [593, 608], [-595, -608]]
[[1, 0], [6, 19], [-225, -608]]
[[1, 0], [6, 19], [-390, -323]]
[[1, 0], [601, 608], [-603, -608]]
[[1, 0], [607, 608], [-609, -608]]
[[1, 0], [61, 114], [-215, -342]]
[[1, 0], [61, 152], [-191, -456]]
[[1, 0], [61, 152], [-249, -608]]
[[1, 0], [61, 152], [-65, -152]]
[[1, 0], [61, 160], [-179, -320]]
[[1, 0], [61, 304], [-125, -608]]
[[1, 0], [61, 320], [-99, -320]]
[[1, 0], [61, 380], [-69, -380]]
[[1, 0], [61, 456], [-65, -456]]
[[1, 0], [61, 64], [-101, -96]]
[[1, 0], [61, 64], [-119, -80]]
[[1, 0], [61, 64], [-219, -160]]
[[1, 0], [61, 64], [-223, -224]]
[[1, 0], [61, 64], [-419, -320]]
[[1, 0], [61, 64], [-71, -72]]
[[1, 0], [61, 76], [-329, -380]]
[[1, 0], [61, 76], [-497, -608]]
[[1, 0], [61, 76], [-69, -76]]
[[1, 0], [61, 80], [-339, -320]]
[[1, 0], [61, 80], [-77, -96]]
[[1, 0], [61, 96], [-263, -384]]
[[1, 0], [63, 152], [-197, -456]]
[[1, 0], [63, 152], [-257, -608]]
[[1, 0], [63, 304], [-129, -608]]
[[1, 0], [63, 608], [-65, -608]]
[[1, 0], [63, 76], [-339, -380]]
[[1, 0], [65, 128], [-107, -192]]
[[1, 0], [65, 152], [-203, -456]]
[[1, 0], [65, 152], [-265, -608]]
[[1, 0], [65, 152], [-69, -152]]
[[1, 0], [65, 608], [-67, -608]]
[[1, 0], [65, 76], [-349, -380]]
[[1, 0], [65, 76], [-529, -608]]
[[1, 0], [65, 76], [-73, -76]]
[[1, 0], [67, 114], [-233, -342]]
[[1, 0], [67, 152], [-273, -608]]
[[1, 0], [67, 176], [-153, -352]]
[[1, 0], [67, 304], [-137, -608]]
[[1, 0], [67, 608], [-69, -608]]
[[1, 0], [67, 76], [-359, -380]]
[[1, 0], [67, 76], [-545, -608]]
[[1, 0], [67, 96], [-287, -384]]
[[1, 0], [69, 152], [-215, -456]]
[[1, 0], [69, 152], [-281, -608]]
[[1, 0], [69, 152], [-73, -152]]
[[1, 0], [69, 304], [-141, -608]]
[[1, 0], [69, 323], [-101, -323]]
[[1, 0], [69, 76], [-369, -380]]
[[1, 0], [69, 76], [-561, -608]]
[[1, 0], [69, 76], [-77, -76]]
[[1, 0], [7, 114], [-23, -114]]
[[1, 0], [7, 114], [-53, -342]]
[[1, 0], [7, 12], [-119, -128]]
[[1, 0], [7, 12], [-123, -124]]
[[1, 0], [7, 12], [-131, -192]]
[[1, 0], [7, 12], [-215, -108]]
[[1, 0], [7, 12], [-25, -32]]
[[1, 0], [7, 152], [-29, -456]]
[[1, 0], [7, 152], [-33, -608]]
[[1, 0], [7, 16], [-123, -64]]
[[1, 0], [7, 16], [-125, -112]]
[[1, 0], [7, 16], [-263, -384]]
[[1, 0], [7, 16], [-275, -368]]
[[1, 0], [7, 16], [-305, -608]]
[[1, 0], [7, 16], [-33, -32]]
[[1, 0], [7, 16], [-539, -320]]
[[1, 0], [7, 16], [-59, -48]]
[[1, 0], [7, 16], [-89, -160]]
[[1, 0], [7, 19], [-257, -608]]
[[1, 0], [7, 19], [-39, -19]]
[[1, 0], [7, 19], [-407, -323]]
[[1, 0], [7, 24], [-173, -456]]
[[1, 0], [7, 24], [-233, -104]]
[[1, 0], [7, 24], [-59, -152]]
[[1, 0], [7, 24], [-623, -312]]
[[1, 0], [7, 304], [-17, -608]]
[[1, 0], [7, 32], [-129, -416]]
[[1, 0], [7, 32], [-149, -160]]
[[1, 0], [7, 32], [-153, -352]]
[[1, 0], [7, 32], [-153, -608]]
[[1, 0], [7, 32], [-279, -320]]
[[1, 0], [7, 32], [-39, -152]]
[[1, 0], [7, 32], [-43, -88]]
[[1, 0], [7, 32], [-45, -32]]
[[1, 0], [7, 32], [-47, -128]]
[[1, 0], [7, 32], [-71, -64]]
[[1, 0], [7, 32], [-77, -304]]
[[1, 0], [7, 38], [-109, -418]]
[[1, 0], [7, 38], [-129, -608]]
[[1, 0], [7, 38], [-143, -342]]
[[1, 0], [7, 38], [-23, -38]]
[[1, 0], [7, 38], [-53, -114]]
[[1, 0], [7, 48], [-125, -336]]
[[1, 0], [7, 48], [-89, -480]]
[[1, 0], [7, 57], [-27, -133]]
[[1, 0], [7, 608], [-9, -608]]
[[1, 0], [7, 76], [-59, -380]]
[[1, 0], [7, 76], [-65, -608]]
[[1, 0], [7, 8], [-1059, -320]]
[[1, 0], [7, 8], [-173, -152]]
[[1, 0], [7, 8], [-173, -24]]
[[1, 0], [7, 8], [-1793, -312]]
[[1, 0], [7, 8], [-227, -64]]
[[1, 0], [7, 8], [-509, -408]]
[[1, 0], [7, 8], [-515, -456]]
[[1, 0], [7, 8], [-543, -512]]
[[1, 0], [7, 8], [-593, -352]]
[[1, 0], [7, 8], [-609, -608]]
[[1, 0], [7, 8], [-623, -104]]
[[1, 0], [7, 8], [-75, -64]]
[[1, 0], [7, 8], [-819, -328]]
[[1, 0], [7, 96], [-47, -384]]
[[1, 0], [71, 112], [-251, -336]]
[[1, 0], [71, 152], [-221, -456]]
[[1, 0], [71, 152], [-289, -608]]
[[1, 0], [71, 160], [-199, -320]]
[[1, 0], [71, 304], [-145, -608]]
[[1, 0], [71, 608], [-73, -608]]
[[1, 0], [71, 76], [-379, -380]]
[[1, 0], [71, 76], [-577, -608]]
[[1, 0], [71, 80], [-379, -320]]
[[1, 0], [71, 80], [-89, -96]]
[[1, 0], [73, 114], [-251, -342]]
[[1, 0], [73, 128], [-119, -192]]
[[1, 0], [73, 152], [-227, -456]]
[[1, 0], [73, 152], [-297, -608]]
[[1, 0], [73, 152], [-77, -152]]
[[1, 0], [73, 304], [-149, -608]]
[[1, 0], [73, 342], [-89, -342]]
[[1, 0], [73, 456], [-77, -456]]
[[1, 0], [73, 608], [-75, -608]]
[[1, 0], [73, 76], [-389, -380]]
[[1, 0], [73, 76], [-593, -608]]
[[1, 0], [73, 76], [-81, -76]]
[[1, 0], [73, 96], [-311, -384]]
[[1, 0], [75, 152], [-233, -456]]
[[1, 0], [75, 152], [-305, -608]]
[[1, 0], [75, 304], [-153, -608]]
[[1, 0], [75, 608], [-77, -608]]
[[1, 0], [75, 76], [-609, -608]]
[[1, 0], [77, 152], [-239, -456]]
[[1, 0], [77, 152], [-313, -608]]
[[1, 0], [77, 152], [-81, -152]]
[[1, 0], [77, 304], [-157, -608]]
[[1, 0], [79, 104], [-389, -312]]
[[1, 0], [79, 114], [-269, -342]]
[[1, 0], [79, 152], [-245, -456]]
[[1, 0], [79, 152], [-321, -608]]
[[1, 0], [79, 304], [-161, -608]]
[[1, 0], [79, 608], [-81, -608]]
[[1, 0], [79, 96], [-335, -384]]
[[1, 0], [8, 19], [-289, -608]]
[[1, 0], [8, 19], [-40, -19]]
[[1, 0], [8, 19], [-424, -323]]
[[1, 0], [81, 128], [-131, -192]]
[[1, 0], [81, 152], [-251, -456]]
[[1, 0], [81, 152], [-329, -608]]
[[1, 0], [81, 152], [-85, -152]]
[[1, 0], [81, 160], [-219, -320]]
[[1, 0], [81, 304], [-165, -608]]
[[1, 0], [81, 320], [-119, -320]]
[[1, 0], [81, 380], [-89, -380]]
[[1, 0], [81, 608], [-83, -608]]
[[1, 0], [83, 152], [-257, -456]]
[[1, 0], [83, 152], [-337, -608]]
[[1, 0], [83, 304], [-169, -608]]
[[1, 0], [83, 608], [-85, -608]]
[[1, 0], [85, 112], [-293, -336]]
[[1, 0], [85, 114], [-287, -342]]
[[1, 0], [85, 152], [-263, -456]]
[[1, 0], [85, 152], [-345, -608]]
[[1, 0], [85, 152], [-89, -152]]
[[1, 0], [85, 304], [-173, -608]]
[[1, 0], [85, 456], [-89, -456]]
[[1, 0], [85, 96], [-359, -384]]
[[1, 0], [86, 323], [-118, -323]]
[[1, 0], [87, 152], [-269, -456]]
[[1, 0], [87, 152], [-353, -608]]
[[1, 0], [87, 304], [-177, -608]]
[[1, 0], [87, 608], [-89, -608]]
[[1, 0], [89, 128], [-143, -192]]
[[1, 0], [89, 152], [-275, -456]]
[[1, 0], [89, 152], [-93, -152]]
[[1, 0], [89, 176], [-197, -352]]
[[1, 0], [89, 304], [-181, -608]]
[[1, 0], [89, 608], [-91, -608]]
[[1, 0], [9, 128], [-23, -192]]
[[1, 0], [9, 152], [-13, -152]]
[[1, 0], [9, 152], [-35, -456]]
[[1, 0], [9, 152], [-41, -608]]
[[1, 0], [9, 16], [-109, -160]]
[[1, 0], [9, 16], [-131, -64]]
[[1, 0], [9, 16], [-139, -112]]
[[1, 0], [9, 16], [-311, -384]]
[[1, 0], [9, 16], [-321, -368]]
[[1, 0], [9, 16], [-37, -32]]
[[1, 0], [9, 16], [-381, -608]]
[[1, 0], [9, 16], [-579, -320]]
[[1, 0], [9, 16], [-65, -48]]
[[1, 0], [9, 19], [-321, -608]]
[[1, 0], [9, 19], [-41, -19]]
[[1, 0], [9, 19], [-441, -323]]
[[1, 0], [9, 304], [-21, -608]]
[[1, 0], [9, 32], [-155, -416]]
[[1, 0], [9, 32], [-175, -352]]
[[1, 0], [9, 32], [-191, -608]]
[[1, 0], [9, 32], [-299, -320]]
[[1, 0], [9, 32], [-55, -128]]
[[1, 0], [9, 32], [-75, -64]]
[[1, 0], [9, 38], [-131, -418]]
[[1, 0], [9, 38], [-161, -342]]
[[1, 0], [9, 38], [-161, -608]]
[[1, 0], [9, 38], [-25, -38]]
[[1, 0], [9, 38], [-59, -114]]
[[1, 0], [9, 608], [-11, -608]]
[[1, 0], [9, 64], [-159, -320]]
[[1, 0], [9, 64], [-41, -224]]
[[1, 0], [9, 64], [-89, -160]]
[[1, 0], [9, 76], [-17, -76]]
[[1, 0], [9, 76], [-69, -380]]
[[1, 0], [9, 76], [-81, -608]]
[[1, 0], [91, 114], [-305, -342]]
[[1, 0], [91, 152], [-281, -456]]
[[1, 0], [91, 152], [-369, -608]]
[[1, 0], [91, 160], [-239, -320]]
[[1, 0], [91, 304], [-185, -608]]
[[1, 0], [91, 342], [-107, -342]]
[[1, 0], [91, 608], [-93, -608]]
[[1, 0], [91, 96], [-383, -384]]
[[1, 0], [93, 152], [-287, -456]]
[[1, 0], [93, 152], [-377, -608]]
[[1, 0], [93, 152], [-97, -152]]
[[1, 0], [93, 304], [-189, -608]]
[[1, 0], [97, 128], [-155, -192]]
[[1, 0], [97, 152], [-101, -152]]
[[1, 0], [97, 152], [-299, -456]]
[[1, 0], [97, 152], [-393, -608]]
[[1, 0], [97, 304], [-197, -608]]
[[1, 0], [97, 456], [-101, -456]]
[[1, 0], [97, 608], [-99, -608]]
[[1, 0], [99, 112], [-335, -336]]
[[1, 0], [99, 152], [-305, -456]]
[[1, 0], [99, 152], [-401, -608]]
[[1, 0], [99, 304], [-201, -608]]
[[1, 0], [99, 608], [-101, -608]]
