[[1, 0], [0, 1], [-1029, -206]]
[[1, 0], [0, 1], [-1029, -2]]
[[1, 0], [0, 1], [-1029, -515]]
[[1, 0], [0, 1], [-1029, -5]]
[[1, 0], [0, 1], [-118335, -344]]
[[1, 0], [0, 1], [-12005, -174]]
[[1, 0], [0, 1], [-12005, -69]]
[[1, 0], [0, 1], [-15092, -351]]
[[1, 0], [0, 1], [-15092, -43]]
[[1, 0], [0, 1], [-1715, -39]]
[[1, 0], [0, 1], [-1715, -429]]
[[1, 0], [0, 1], [-1715, -44]]
[[1, 0], [0, 1], [-1715, -4]]
[[1, 0], [0, 1], [-19894, -115]]
[[1, 0], [0, 1], [-19894, -173]]
[[1, 0], [0, 1], [-2058, -29]]
[[1, 0], [0, 1], [-2058, -71]]
[[1, 0], [0, 1], [-2744, -15]]
[[1, 0], [0, 1], [-2744, -183]]
[[1, 0], [0, 1], [-29841, -347]]
[[1, 0], [0, 1], [-29841, -86]]
[[1, 0], [0, 1], [-3087, -386]]
[[1, 0], [0, 1], [-3087, -8]]
[[1, 0], [0, 1], [-343, -172]]
[[1, 0], [0, 1], [-343, -1]]
[[1, 0], [0, 1], [-343, -2]]
[[1, 0], [0, 1], [-343, -43]]
[[1, 0], [0, 1], [-343, -4]]
[[1, 0], [0, 1], [-343, -86]]
[[1, 0], [0, 1], [-343, -8]]
[[1, 0], [0, 1], [-344, -343]]
[[1, 0], [0, 1], [-4116, -179]]
[[1, 0], [0, 1], [-4116, -23]]
[[1, 0], [0, 1], [-59339, -172]]
[[1, 0], [0, 1], [-59339, -345]]
[[1, 0], [0, 1], [-686, -1]]
[[1, 0], [0, 1], [-686, -229]]
[[1, 0], [0, 1], [-686, -3]]
[[1, 0], [0, 1], [-687, -686]]
[[1, 0], [1, 1029], [-2, -1029]]
[[1, 0], [1, 10], [-71, -24]]
[[1, 0], [1, 115], [-344, -115]]
[[1, 0], [1, 115], [-689, -345]]
[[1, 0], [1, 116], [-173, -174]]
[[1, 0], [1, 119], [-101, -357]]
[[1, 0], [1, 119], [-50, -119]]
[[1, 0], [1, 11], [-351, -88]]
[[1, 0], [1, 11], [-95, -16]]
[[1, 0], [1, 126], [-26, -189]]
[[1, 0], [1, 12], [-179, -90]]
[[1, 0], [1, 12], [-2087, -348]]
[[1, 0], [1, 12], [-405, -58]]
[[1, 0], [1, 13], [-134, -27]]
[[1, 0], [1, 147], [-11, -588]]
[[1, 0], [1, 147], [-17, -441]]
[[1, 0], [1, 147], [-4, -245]]
[[1, 0], [1, 147], [-8, -147]]
[[1, 0], [1, 14], [-107, -126]]
[[1, 0], [1, 14], [-129, -91]]
[[1, 0], [1, 14], [-1299, -350]]
[[1, 0], [1, 14], [-131, -462]]
[[1, 0], [1, 14], [-174, -35]]
[[1, 0], [1, 14], [-26, -21]]
[[1, 0], [1, 14], [-299, -70]]
[[1, 0], [1, 14], [-33, -119]]
[[1, 0], [1, 14], [-467, -364]]
[[1, 0], [1, 14], [-50, -343]]
[[1, 0], [1, 14], [-51, -28]]
[[1, 0], [1, 14], [-59, -140]]
[[1, 0], [1, 14], [-674, -175]]
[[1, 0], [1, 14], [-99, -14]]
[[1, 0], [1, 14], [-99, -686]]
[[1, 0], [1, 15], [-1494, -115]]
[[1, 0], [1, 15], [-344, -15]]
[[1, 0], [1, 15], [-4139, -345]]
[[1, 0], [1, 15], [-436, -23]]
[[1, 0], [1, 15], [-71, -36]]
[[1, 0], [1, 15], [-965, -69]]
[[1, 0], [1, 16], [-183, -184]]
[[1, 0], [1, 172], [-1031, -344]]
[[1, 0], [1, 172], [-687, -172]]
[[1, 0], [1, 173], [-345, -346]]
[[1, 0], [1, 175], [-149, -350]]
[[1, 0], [1, 175], [-99, -175]]
[[1, 0], [1, 182], [-51, -364]]
[[1, 0], [1, 196], [-15, -196]]
[[1, 0], [1, 196], [-23, -392]]
[[1, 0], [1, 196], [-5, -294]]
[[1, 0], [1, 21], [-107, -189]]
[[1, 0], [1, 21], [-169, -119]]
[[1, 0], [1, 21], [-25, -182]]
[[1, 0], [1, 21], [-458, -357]]
[[1, 0], [1, 21], [-50, -21]]
[[1, 0], [1, 21], [-59, -210]]
[[1, 0], [1, 21], [-74, -525]]
[[1, 0], [1, 22], [-351, -176]]
[[1, 0], [1, 22], [-95, -32]]
[[1, 0], [1, 23], [-1034, -115]]
[[1, 0], [1, 23], [-2759, -345]]
[[1, 0], [1, 23], [-344, -23]]
[[1, 0], [1, 23], [-689, -69]]
[[1, 0], [1, 245], [-9, -490]]
[[1, 0], [1, 24], [-179, -180]]
[[1, 0], [1, 27], [-233, -117]]
[[1, 0], [1, 28], [-129, -182]]
[[1, 0], [1, 28], [-33, -238]]
[[1, 0], [1, 29], [-347, -116]]
[[1, 0], [1, 2], [-1031, -4]]
[[1, 0], [1, 2], [-12179, -348]]
[[1, 0], [1, 2], [-1235, -412]]
[[1, 0], [1, 2], [-1245, -89]]
[[1, 0], [1, 2], [-15135, -86]]
[[1, 0], [1, 2], [-1719, -8]]
[[1, 0], [1, 2], [-173, -3]]
[[1, 0], [1, 2], [-1759, -88]]
[[1, 0], [1, 2], [-179, -15]]
[[1, 0], [1, 2], [-183, -23]]
[[1, 0], [1, 2], [-20067, -346]]
[[1, 0], [1, 2], [-206, -69]]
[[1, 0], [1, 2], [-2087, -58]]
[[1, 0], [1, 2], [-229, -115]]
[[1, 0], [1, 2], [-2927, -366]]
[[1, 0], [1, 2], [-29927, -172]]
[[1, 0], [1, 2], [-344, -343]]
[[1, 0], [1, 2], [-351, -16]]
[[1, 0], [1, 2], [-4295, -358]]
[[1, 0], [1, 2], [-59511, -344]]
[[1, 0], [1, 2], [-687, -2]]
[[1, 0], [1, 2], [-687, -686]]
[[1, 0], [1, 2], [-7739, -43]]
[[1, 0], [1, 2], [-915, -458]]
[[1, 0], [1, 30], [-71, -72]]
[[1, 0], [1, 343], [-2, -343]]
[[1, 0], [1, 343], [-3, -343]]
[[1, 0], [1, 343], [-5, -686]]
[[1, 0], [1, 344], [-687, -344]]
[[1, 0], [1, 345], [-344, -345]]
[[1, 0], [1, 350], [-99, -350]]
[[1, 0], [1, 357], [-50, -357]]
[[1, 0], [1, 35], [-109, -385]]
[[1, 0], [1, 35], [-11, -42]]
[[1, 0], [1, 35], [-149, -70]]
[[1, 0], [1, 35], [-299, -175]]
[[1, 0], [1, 35], [-549, -350]]
[[1, 0], [1, 35], [-99, -35]]
[[1, 0], [1, 392], [-15, -392]]
[[1, 0], [1, 3], [-1034, -15]]
[[1, 0], [1, 3], [-1297, -118]]
[[1, 0], [1, 3], [-1494, -23]]
[[1, 0], [1, 3], [-172, -173]]
[[1, 0], [1, 3], [-1754, -117]]
[[1, 0], [1, 3], [-20009, -345]]
[[1, 0], [1, 3], [-2087, -87]]
[[1, 0], [1, 3], [-233, -13]]
[[1, 0], [1, 3], [-344, -3]]
[[1, 0], [1, 3], [-347, -12]]
[[1, 0], [1, 3], [-386, -129]]
[[1, 0], [1, 3], [-4139, -69]]
[[1, 0], [1, 3], [-459, -5]]
[[1, 0], [1, 3], [-499, -125]]
[[1, 0], [1, 3], [-515, -516]]
[[1, 0], [1, 3], [-6784, -115]]
[[1, 0], [1, 40], [-44, -45]]
[[1, 0], [1, 42], [-10, -77]]
[[1, 0], [1, 42], [-107, -378]]
[[1, 0], [1, 42], [-26, -63]]
[[1, 0], [1, 42], [-59, -420]]
[[1, 0], [1, 43], [-1031, -86]]
[[1, 0], [1, 43], [-1719, -172]]
[[1, 0], [1, 43], [-3095, -344]]
[[1, 0], [1, 43], [-687, -43]]
[[1, 0], [1, 441], [-8, -441]]
[[1, 0], [1, 44], [-351, -352]]
[[1, 0], [1, 49], [-11, -196]]
[[1, 0], [1, 49], [-15, -343]]
[[1, 0], [1, 49], [-15, -49]]
[[1, 0], [1, 49], [-17, -147]]
[[1, 0], [1, 49], [-19, -245]]
[[1, 0], [1, 49], [-23, -98]]
[[1, 0], [1, 49], [-29, -686]]
[[1, 0], [1, 49], [-32, -539]]
[[1, 0], [1, 49], [-39, -196]]
[[1, 0], [1, 49], [-44, -441]]
[[1, 0], [1, 49], [-71, -392]]
[[1, 0], [1, 49], [-8, -49]]
[[1, 0], [1, 49], [-9, -98]]
[[1, 0], [1, 4], [-1031, -8]]
[[1, 0], [1, 4], [-1245, -178]]
[[1, 0], [1, 4], [-15135, -172]]
[[1, 0], [1, 4], [-173, -6]]
[[1, 0], [1, 4], [-1759, -176]]
[[1, 0], [1, 4], [-179, -30]]
[[1, 0], [1, 4], [-183, -46]]
[[1, 0], [1, 4], [-2087, -116]]
[[1, 0], [1, 4], [-229, -230]]
[[1, 0], [1, 4], [-29927, -344]]
[[1, 0], [1, 4], [-351, -32]]
[[1, 0], [1, 4], [-4041, -43]]
[[1, 0], [1, 4], [-687, -4]]
[[1, 0], [1, 4], [-7739, -86]]
[[1, 0], [1, 58], [-173, -87]]
[[1, 0], [1, 5], [-12074, -345]]
[[1, 0], [1, 5], [-2129, -355]]
[[1, 0], [1, 5], [-2552, -69]]
[[1, 0], [1, 5], [-344, -5]]
[[1, 0], [1, 5], [-4139, -115]]
[[1, 0], [1, 5], [-429, -430]]
[[1, 0], [1, 5], [-689, -15]]
[[1, 0], [1, 5], [-71, -12]]
[[1, 0], [1, 5], [-86, -87]]
[[1, 0], [1, 5], [-965, -23]]
[[1, 0], [1, 686], [-3, -686]]
[[1, 0], [1, 69], [-1034, -345]]
[[1, 0], [1, 69], [-344, -69]]
[[1, 0], [1, 69], [-459, -115]]
[[1, 0], [1, 6], [-179, -45]]
[[1, 0], [1, 6], [-206, -207]]
[[1, 0], [1, 6], [-2087, -174]]
[[1, 0], [1, 6], [-405, -29]]
[[1, 0], [1, 70], [-11, -84]]
[[1, 0], [1, 70], [-174, -175]]
[[1, 0], [1, 70], [-299, -350]]
[[1, 0], [1, 70], [-99, -70]]
[[1, 0], [1, 77], [-54, -385]]
[[1, 0], [1, 7], [-101, -21]]
[[1, 0], [1, 7], [-107, -63]]
[[1, 0], [1, 7], [-109, -77]]
[[1, 0], [1, 7], [-1299, -175]]
[[1, 0], [1, 7], [-131, -231]]
[[1, 0], [1, 7], [-1325, -357]]
[[1, 0], [1, 7], [-149, -14]]
[[1, 0], [1, 7], [-197, -686]]
[[1, 0], [1, 7], [-221, -518]]
[[1, 0], [1, 7], [-2549, -350]]
[[1, 0], [1, 7], [-299, -35]]
[[1, 0], [1, 7], [-353, -413]]
[[1, 0], [1, 7], [-458, -119]]
[[1, 0], [1, 7], [-467, -182]]
[[1, 0], [1, 7], [-50, -7]]
[[1, 0], [1, 7], [-51, -14]]
[[1, 0], [1, 7], [-54, -35]]
[[1, 0], [1, 7], [-549, -70]]
[[1, 0], [1, 7], [-59, -70]]
[[1, 0], [1, 7], [-593, -378]]
[[1, 0], [1, 7], [-74, -175]]
[[1, 0], [1, 7], [-99, -343]]
[[1, 0], [1, 7], [-99, -7]]
[[1, 0], [1, 86], [-1031, -172]]
[[1, 0], [1, 86], [-1719, -344]]
[[1, 0], [1, 86], [-687, -86]]
[[1, 0], [1, 87], [-347, -348]]
[[1, 0], [1, 8], [-15135, -344]]
[[1, 0], [1, 8], [-1759, -352]]
[[1, 0], [1, 8], [-179, -60]]
[[1, 0], [1, 8], [-183, -92]]
[[1, 0], [1, 8], [-2192, -43]]
[[1, 0], [1, 8], [-4041, -86]]
[[1, 0], [1, 8], [-44, -9]]
[[1, 0], [1, 8], [-687, -8]]
[[1, 0], [1, 8], [-7739, -172]]
[[1, 0], [1, 91], [-51, -182]]
[[1, 0], [1, 98], [-15, -686]]
[[1, 0], [1, 98], [-15, -98]]
[[1, 0], [1, 98], [-19, -490]]
[[1, 0], [1, 98], [-23, -196]]
[[1, 0], [1, 98], [-39, -392]]
[[1, 0], [1, 98], [-5, -147]]
[[1, 0], [1, 98], [-8, -343]]
[[1, 0], [1, 9], [-1754, -351]]
[[1, 0], [1, 9], [-233, -39]]
[[1, 0], [1, 9], [-386, -387]]
[[1, 0], [1, 9], [-43, -44]]
[[1, 0], [10, 1029], [-11, -1029]]
[[1, 0], [10, 147], [-19, -245]]
[[1, 0], [10, 147], [-44, -441]]
[[1, 0], [10, 147], [-47, -588]]
[[1, 0], [10, 21], [-103, -182]]
[[1, 0], [10, 21], [-149, -210]]
[[1, 0], [10, 21], [-188, -189]]
[[1, 0], [10, 21], [-220, -119]]
[[1, 0], [10, 21], [-299, -525]]
[[1, 0], [10, 21], [-611, -357]]
[[1, 0], [10, 343], [-11, -343]]
[[1, 0], [10, 343], [-12, -343]]
[[1, 0], [10, 343], [-23, -686]]
[[1, 0], [10, 49], [-125, -441]]
[[1, 0], [10, 49], [-131, -539]]
[[1, 0], [10, 49], [-143, -392]]
[[1, 0], [10, 49], [-155, -686]]
[[1, 0], [10, 49], [-27, -98]]
[[1, 0], [10, 49], [-41, -98]]
[[1, 0], [10, 49], [-44, -147]]
[[1, 0], [10, 49], [-47, -196]]
[[1, 0], [10, 49], [-64, -245]]
[[1, 0], [10, 49], [-75, -196]]
[[1, 0], [10, 49], [-78, -343]]
[[1, 0], [100, 147], [-169, -245]]
[[1, 0], [100, 147], [-314, -441]]
[[1, 0], [100, 147], [-407, -588]]
[[1, 0], [100, 343], [-102, -343]]
[[1, 0], [100, 441], [-107, -441]]
[[1, 0], [101, 175], [-349, -350]]
[[1, 0], [101, 196], [-155, -294]]
[[1, 0], [101, 196], [-223, -392]]
[[1, 0], [101, 245], [-209, -490]]
[[1, 0], [101, 343], [-103, -343]]
[[1, 0], [101, 343], [-205, -686]]
[[1, 0], [101, 686], [-103, -686]]
[[1, 0], [102, 343], [-104, -343]]
[[1, 0], [102, 343], [-207, -686]]
[[1, 0], [103, 119], [-407, -357]]
[[1, 0], [103, 147], [-174, -245]]
[[1, 0], [103, 147], [-323, -441]]
[[1, 0], [103, 147], [-419, -588]]
[[1, 0], [103, 343], [-209, -686]]
[[1, 0], [103, 357], [-152, -357]]
[[1, 0], [104, 343], [-106, -343]]
[[1, 0], [104, 343], [-211, -686]]
[[1, 0], [106, 1029], [-107, -1029]]
[[1, 0], [106, 147], [-179, -245]]
[[1, 0], [106, 147], [-332, -441]]
[[1, 0], [106, 147], [-431, -588]]
[[1, 0], [106, 245], [-219, -490]]
[[1, 0], [106, 343], [-108, -343]]
[[1, 0], [106, 343], [-215, -686]]
[[1, 0], [107, 343], [-109, -343]]
[[1, 0], [107, 686], [-109, -686]]
[[1, 0], [108, 343], [-110, -343]]
[[1, 0], [108, 343], [-219, -686]]
[[1, 0], [109, 126], [-188, -189]]
[[1, 0], [109, 147], [-116, -147]]
[[1, 0], [109, 147], [-184, -245]]
[[1, 0], [109, 147], [-341, -441]]
[[1, 0], [109, 147], [-443, -588]]
[[1, 0], [109, 196], [-123, -196]]
[[1, 0], [109, 196], [-167, -294]]
[[1, 0], [109, 196], [-239, -392]]
[[1, 0], [109, 343], [-111, -343]]
[[1, 0], [109, 343], [-221, -686]]
[[1, 0], [109, 441], [-116, -441]]
[[1, 0], [109, 686], [-111, -686]]
[[1, 0], [11, 14], [-109, -14]]
[[1, 0], [11, 14], [-118, -119]]
[[1, 0], [11, 14], [-1549, -350]]
[[1, 0], [11, 14], [-159, -140]]
[[1, 0], [11, 14], [-194, -91]]
[[1, 0], [11, 14], [-197, -126]]
[[1, 0], [11, 14], [-199, -35]]
[[1, 0], [11, 14], [-295, -343]]
[[1, 0], [11, 14], [-349, -70]]
[[1, 0], [11, 14], [-41, -21]]
[[1, 0], [11, 14], [-461, -462]]
[[1, 0], [11, 14], [-589, -686]]
[[1, 0], [11, 14], [-71, -28]]
[[1, 0], [11, 14], [-727, -364]]
[[1, 0], [11, 14], [-799, -175]]
[[1, 0], [11, 245], [-29, -490]]
[[1, 0], [11, 343], [-13, -343]]
[[1, 0], [11, 343], [-25, -686]]
[[1, 0], [11, 35], [-109, -35]]
[[1, 0], [11, 35], [-169, -70]]
[[1, 0], [11, 35], [-219, -385]]
[[1, 0], [11, 35], [-23, -42]]
[[1, 0], [11, 35], [-349, -175]]
[[1, 0], [11, 35], [-649, -350]]
[[1, 0], [11, 49], [-134, -441]]
[[1, 0], [11, 49], [-142, -539]]
[[1, 0], [11, 49], [-151, -392]]
[[1, 0], [11, 49], [-169, -686]]
[[1, 0], [11, 49], [-18, -49]]
[[1, 0], [11, 49], [-25, -49]]
[[1, 0], [11, 49], [-29, -98]]
[[1, 0], [11, 49], [-43, -98]]
[[1, 0], [11, 49], [-47, -147]]
[[1, 0], [11, 49], [-51, -196]]
[[1, 0], [11, 49], [-69, -245]]
[[1, 0], [11, 49], [-79, -196]]
[[1, 0], [11, 49], [-85, -343]]
[[1, 0], [11, 686], [-13, -686]]
[[1, 0], [11, 70], [-109, -70]]
[[1, 0], [11, 70], [-199, -175]]
[[1, 0], [11, 70], [-23, -84]]
[[1, 0], [11, 70], [-349, -350]]
[[1, 0], [11, 98], [-20, -147]]
[[1, 0], [11, 98], [-25, -98]]
[[1, 0], [11, 98], [-43, -196]]
[[1, 0], [11, 98], [-43, -343]]
[[1, 0], [11, 98], [-69, -490]]
[[1, 0], [11, 98], [-79, -392]]
[[1, 0], [11, 98], [-85, -686]]
[[1, 0], [110, 343], [-223, -686]]
[[1, 0], [111, 245], [-229, -490]]
[[1, 0], [111, 343], [-113, -343]]
[[1, 0], [111, 343], [-225, -686]]
[[1, 0], [111, 686], [-113, -686]]
[[1, 0], [113, 196], [-173, -294]]
[[1, 0], [113, 196], [-247, -392]]
[[1, 0], [113, 343], [-115, -343]]
[[1, 0], [113, 343], [-229, -686]]
[[1, 0], [113, 392], [-127, -392]]
[[1, 0], [113, 686], [-115, -686]]
[[1, 0], [114, 343], [-116, -343]]
[[1, 0], [115, 1029], [-116, -1029]]
[[1, 0], [115, 147], [-194, -245]]
[[1, 0], [115, 147], [-359, -441]]
[[1, 0], [115, 147], [-467, -588]]
[[1, 0], [115, 343], [-117, -343]]
[[1, 0], [115, 343], [-233, -686]]
[[1, 0], [115, 686], [-117, -686]]
[[1, 0], [116, 245], [-239, -490]]
[[1, 0], [116, 343], [-117, -343]]
[[1, 0], [116, 343], [-118, -343]]
[[1, 0], [116, 343], [-235, -686]]
[[1, 0], [117, 196], [-179, -294]]
[[1, 0], [117, 196], [-255, -392]]
[[1, 0], [117, 343], [-118, -343]]
[[1, 0], [117, 343], [-237, -686]]
[[1, 0], [118, 147], [-199, -245]]
[[1, 0], [118, 147], [-368, -441]]
[[1, 0], [118, 147], [-479, -588]]
[[1, 0], [118, 343], [-120, -343]]
[[1, 0], [118, 343], [-239, -686]]
[[1, 0], [118, 441], [-125, -441]]
[[1, 0], [12, 343], [-13, -343]]
[[1, 0], [12, 343], [-27, -686]]
[[1, 0], [12, 49], [-143, -441]]
[[1, 0], [12, 49], [-153, -539]]
[[1, 0], [12, 49], [-159, -392]]
[[1, 0], [12, 49], [-183, -686]]
[[1, 0], [12, 49], [-19, -49]]
[[1, 0], [12, 49], [-26, -49]]
[[1, 0], [12, 49], [-31, -98]]
[[1, 0], [12, 49], [-45, -98]]
[[1, 0], [12, 49], [-50, -147]]
[[1, 0], [12, 49], [-55, -196]]
[[1, 0], [12, 49], [-74, -245]]
[[1, 0], [12, 49], [-83, -196]]
[[1, 0], [12, 49], [-92, -343]]
[[1, 0], [12, 77], [-109, -385]]
[[1, 0], [120, 343], [-122, -343]]
[[1, 0], [120, 343], [-243, -686]]
[[1, 0], [121, 147], [-204, -245]]
[[1, 0], [121, 147], [-377, -441]]
[[1, 0], [121, 147], [-491, -588]]
[[1, 0], [121, 196], [-185, -294]]
[[1, 0], [121, 196], [-263, -392]]
[[1, 0], [121, 245], [-249, -490]]
[[1, 0], [121, 343], [-123, -343]]
[[1, 0], [121, 392], [-135, -392]]
[[1, 0], [121, 686], [-123, -686]]
[[1, 0], [122, 343], [-123, -343]]
[[1, 0], [122, 343], [-124, -343]]
[[1, 0], [122, 343], [-247, -686]]
[[1, 0], [123, 343], [-125, -343]]
[[1, 0], [123, 343], [-249, -686]]
[[1, 0], [123, 686], [-125, -686]]
[[1, 0], [124, 1029], [-125, -1029]]
[[1, 0], [124, 147], [-209, -245]]
[[1, 0], [124, 147], [-386, -441]]
[[1, 0], [124, 147], [-503, -588]]
[[1, 0], [124, 343], [-251, -686]]
[[1, 0], [125, 196], [-191, -294]]
[[1, 0], [125, 196], [-271, -392]]
[[1, 0], [125, 343], [-127, -343]]
[[1, 0], [125, 343], [-253, -686]]
[[1, 0], [125, 686], [-127, -686]]
[[1, 0], [127, 1029], [-128, -1029]]
[[1, 0], [127, 147], [-214, -245]]
[[1, 0], [127, 147], [-395, -441]]
[[1, 0], [127, 147], [-515, -588]]
[[1, 0], [127, 343], [-129, -343]]
[[1, 0], [127, 343], [-257, -686]]
[[1, 0], [127, 441], [-134, -441]]
[[1, 0], [127, 686], [-129, -686]]
[[1, 0], [128, 343], [-130, -343]]
[[1, 0], [129, 196], [-197, -294]]
[[1, 0], [129, 196], [-279, -392]]
[[1, 0], [129, 343], [-131, -343]]
[[1, 0], [129, 343], [-261, -686]]
[[1, 0], [129, 686], [-131, -686]]
[[1, 0], [13, 147], [-20, -147]]
[[1, 0], [13, 147], [-24, -245]]
[[1, 0], [13, 147], [-53, -441]]
[[1, 0], [13, 147], [-59, -588]]
[[1, 0], [13, 14], [-135, -119]]
[[1, 0], [13, 14], [-1599, -350]]
[[1, 0], [13, 14], [-179, -140]]
[[1, 0], [13, 14], [-204, -35]]
[[1, 0], [13, 14], [-207, -91]]
[[1, 0], [13, 14], [-215, -126]]
[[1, 0], [13, 14], [-344, -343]]
[[1, 0], [13, 14], [-359, -70]]
[[1, 0], [13, 14], [-44, -21]]
[[1, 0], [13, 14], [-527, -462]]
[[1, 0], [13, 14], [-687, -686]]
[[1, 0], [13, 14], [-75, -28]]
[[1, 0], [13, 14], [-779, -364]]
[[1, 0], [13, 14], [-824, -175]]
[[1, 0], [13, 196], [-23, -294]]
[[1, 0], [13, 196], [-27, -196]]
[[1, 0], [13, 196], [-47, -392]]
[[1, 0], [13, 21], [-129, -182]]
[[1, 0], [13, 21], [-179, -210]]
[[1, 0], [13, 21], [-215, -189]]
[[1, 0], [13, 21], [-237, -119]]
[[1, 0], [13, 21], [-374, -525]]
[[1, 0], [13, 21], [-662, -357]]
[[1, 0], [13, 28], [-135, -238]]
[[1, 0], [13, 28], [-207, -182]]
[[1, 0], [13, 343], [-15, -343]]
[[1, 0], [13, 343], [-29, -686]]
[[1, 0], [13, 42], [-179, -420]]
[[1, 0], [13, 42], [-215, -378]]
[[1, 0], [13, 42], [-32, -77]]
[[1, 0], [13, 42], [-44, -63]]
[[1, 0], [13, 49], [-152, -441]]
[[1, 0], [13, 49], [-164, -539]]
[[1, 0], [13, 49], [-167, -392]]
[[1, 0], [13, 49], [-197, -686]]
[[1, 0], [13, 49], [-20, -49]]
[[1, 0], [13, 49], [-27, -49]]
[[1, 0], [13, 49], [-33, -98]]
[[1, 0], [13, 49], [-47, -98]]
[[1, 0], [13, 49], [-53, -147]]
[[1, 0], [13, 49], [-59, -196]]
[[1, 0], [13, 49], [-79, -245]]
[[1, 0], [13, 49], [-87, -196]]
[[1, 0], [13, 49], [-99, -343]]
[[1, 0], [13, 686], [-15, -686]]
[[1, 0], [13, 98], [-23, -147]]
[[1, 0], [13, 98], [-27, -98]]
[[1, 0], [13, 98], [-47, -196]]
[[1, 0], [13, 98], [-50, -343]]
[[1, 0], [13, 98], [-79, -490]]
[[1, 0], [13, 98], [-87, -392]]
[[1, 0], [13, 98], [-99, -686]]
[[1, 0], [130, 147], [-137, -147]]
[[1, 0], [130, 147], [-219, -245]]
[[1, 0], [130, 147], [-404, -441]]
[[1, 0], [130, 147], [-527, -588]]
[[1, 0], [130, 343], [-131, -343]]
[[1, 0], [130, 343], [-132, -343]]
[[1, 0], [130, 343], [-263, -686]]
[[1, 0], [131, 182], [-311, -364]]
[[1, 0], [131, 245], [-269, -490]]
[[1, 0], [131, 343], [-265, -686]]
[[1, 0], [132, 343], [-134, -343]]
[[1, 0], [132, 343], [-267, -686]]
[[1, 0], [134, 343], [-136, -343]]
[[1, 0], [134, 343], [-271, -686]]
[[1, 0], [135, 343], [-136, -343]]
[[1, 0], [135, 343], [-137, -343]]
[[1, 0], [135, 686], [-137, -686]]
[[1, 0], [136, 1029], [-137, -1029]]
[[1, 0], [136, 147], [-229, -245]]
[[1, 0], [136, 147], [-422, -441]]
[[1, 0], [136, 147], [-551, -588]]
[[1, 0], [136, 245], [-279, -490]]
[[1, 0], [136, 343], [-138, -343]]
[[1, 0], [136, 343], [-275, -686]]
[[1, 0], [137, 196], [-151, -196]]
[[1, 0], [137, 196], [-209, -294]]
[[1, 0], [137, 196], [-295, -392]]
[[1, 0], [137, 343], [-138, -343]]
[[1, 0], [137, 343], [-139, -343]]
[[1, 0], [137, 343], [-277, -686]]
[[1, 0], [137, 392], [-151, -392]]
[[1, 0], [137, 686], [-139, -686]]
[[1, 0], [138, 343], [-279, -686]]
[[1, 0], [139, 147], [-234, -245]]
[[1, 0], [139, 147], [-431, -441]]
[[1, 0], [139, 147], [-563, -588]]
[[1, 0], [139, 343], [-141, -343]]
[[1, 0], [139, 343], [-281, -686]]
[[1, 0], [139, 686], [-141, -686]]
[[1, 0], [141, 196], [-215, -294]]
[[1, 0], [141, 196], [-303, -392]]
[[1, 0], [141, 245], [-289, -490]]
[[1, 0], [141, 343], [-143, -343]]
[[1, 0], [141, 343], [-285, -686]]
[[1, 0], [141, 686], [-143, -686]]
[[1, 0], [142, 147], [-149, -147]]
[[1, 0], [142, 147], [-239, -245]]
[[1, 0], [142, 147], [-440, -441]]
[[1, 0], [142, 147], [-575, -588]]
[[1, 0], [142, 343], [-144, -343]]
[[1, 0], [143, 343], [-145, -343]]
[[1, 0], [143, 343], [-289, -686]]
[[1, 0], [143, 686], [-145, -686]]
[[1, 0], [144, 343], [-146, -343]]
[[1, 0], [144, 343], [-291, -686]]
[[1, 0], [145, 1029], [-146, -1029]]
[[1, 0], [145, 147], [-244, -245]]
[[1, 0], [145, 147], [-449, -441]]
[[1, 0], [145, 147], [-587, -588]]
[[1, 0], [145, 196], [-221, -294]]
[[1, 0], [145, 196], [-311, -392]]
[[1, 0], [145, 343], [-293, -686]]
[[1, 0], [145, 392], [-159, -392]]
[[1, 0], [145, 441], [-152, -441]]
[[1, 0], [146, 245], [-299, -490]]
[[1, 0], [146, 343], [-148, -343]]
[[1, 0], [146, 343], [-295, -686]]
[[1, 0], [148, 343], [-150, -343]]
[[1, 0], [148, 343], [-299, -686]]
[[1, 0], [149, 196], [-227, -294]]
[[1, 0], [149, 196], [-319, -392]]
[[1, 0], [149, 343], [-150, -343]]
[[1, 0], [149, 343], [-151, -343]]
[[1, 0], [149, 686], [-151, -686]]
[[1, 0], [15, 343], [-16, -343]]
[[1, 0], [15, 343], [-17, -343]]
[[1, 0], [15, 343], [-33, -686]]
[[1, 0], [15, 49], [-113, -343]]
[[1, 0], [15, 49], [-170, -441]]
[[1, 0], [15, 49], [-183, -392]]
[[1, 0], [15, 49], [-186, -539]]
[[1, 0], [15, 49], [-22, -49]]
[[1, 0], [15, 49], [-225, -686]]
[[1, 0], [15, 49], [-29, -49]]
[[1, 0], [15, 49], [-37, -98]]
[[1, 0], [15, 49], [-51, -98]]
[[1, 0], [15, 49], [-59, -147]]
[[1, 0], [15, 49], [-67, -196]]
[[1, 0], [15, 49], [-89, -245]]
[[1, 0], [15, 49], [-95, -196]]
[[1, 0], [15, 686], [-17, -686]]
[[1, 0], [15, 98], [-113, -686]]
[[1, 0], [15, 98], [-26, -147]]
[[1, 0], [15, 98], [-29, -98]]
[[1, 0], [15, 98], [-51, -196]]
[[1, 0], [15, 98], [-57, -343]]
[[1, 0], [15, 98], [-89, -490]]
[[1, 0], [15, 98], [-95, -392]]
[[1, 0], [150, 343], [-152, -343]]
[[1, 0], [150, 343], [-303, -686]]
[[1, 0], [151, 175], [-249, -175]]
[[1, 0], [151, 175], [-449, -350]]
[[1, 0], [151, 245], [-309, -490]]
[[1, 0], [151, 343], [-153, -343]]
[[1, 0], [151, 343], [-305, -686]]
[[1, 0], [151, 350], [-249, -350]]
[[1, 0], [151, 686], [-153, -686]]
[[1, 0], [152, 343], [-307, -686]]
[[1, 0], [153, 196], [-233, -294]]
[[1, 0], [153, 196], [-327, -392]]
[[1, 0], [153, 343], [-155, -343]]
[[1, 0], [153, 343], [-309, -686]]
[[1, 0], [153, 392], [-167, -392]]
[[1, 0], [153, 686], [-155, -686]]
[[1, 0], [155, 343], [-157, -343]]
[[1, 0], [155, 343], [-313, -686]]
[[1, 0], [155, 686], [-157, -686]]
[[1, 0], [156, 245], [-319, -490]]
[[1, 0], [156, 343], [-158, -343]]
[[1, 0], [157, 1029], [-158, -1029]]
[[1, 0], [157, 182], [-363, -364]]
[[1, 0], [157, 196], [-239, -294]]
[[1, 0], [157, 196], [-335, -392]]
[[1, 0], [157, 343], [-159, -343]]
[[1, 0], [157, 343], [-317, -686]]
[[1, 0], [157, 686], [-159, -686]]
[[1, 0], [158, 343], [-159, -343]]
[[1, 0], [158, 343], [-160, -343]]
[[1, 0], [158, 343], [-319, -686]]
[[1, 0], [159, 343], [-321, -686]]
[[1, 0], [16, 147], [-23, -147]]
[[1, 0], [16, 147], [-29, -245]]
[[1, 0], [16, 147], [-62, -441]]
[[1, 0], [16, 147], [-71, -588]]
[[1, 0], [16, 21], [-155, -182]]
[[1, 0], [16, 21], [-209, -210]]
[[1, 0], [16, 21], [-242, -189]]
[[1, 0], [16, 21], [-254, -119]]
[[1, 0], [16, 21], [-449, -525]]
[[1, 0], [16, 21], [-65, -21]]
[[1, 0], [16, 21], [-713, -357]]
[[1, 0], [16, 245], [-39, -490]]
[[1, 0], [16, 343], [-18, -343]]
[[1, 0], [16, 35], [-114, -35]]
[[1, 0], [16, 35], [-179, -70]]
[[1, 0], [16, 35], [-274, -385]]
[[1, 0], [16, 35], [-29, -42]]
[[1, 0], [16, 35], [-374, -175]]
[[1, 0], [16, 35], [-699, -350]]
[[1, 0], [16, 49], [-120, -343]]
[[1, 0], [16, 49], [-179, -441]]
[[1, 0], [16, 49], [-191, -392]]
[[1, 0], [16, 49], [-197, -539]]
[[1, 0], [16, 49], [-23, -49]]
[[1, 0], [16, 49], [-239, -686]]
[[1, 0], [16, 49], [-30, -49]]
[[1, 0], [16, 49], [-39, -98]]
[[1, 0], [16, 49], [-53, -98]]
[[1, 0], [16, 49], [-62, -147]]
[[1, 0], [16, 49], [-71, -196]]
[[1, 0], [16, 49], [-94, -245]]
[[1, 0], [16, 49], [-99, -196]]
[[1, 0], [160, 343], [-162, -343]]
[[1, 0], [160, 343], [-323, -686]]
[[1, 0], [162, 343], [-164, -343]]
[[1, 0], [162, 343], [-327, -686]]
[[1, 0], [163, 343], [-164, -343]]
[[1, 0], [163, 343], [-165, -343]]
[[1, 0], [163, 441], [-170, -441]]
[[1, 0], [163, 686], [-165, -686]]
[[1, 0], [164, 343], [-166, -343]]
[[1, 0], [164, 343], [-331, -686]]
[[1, 0], [165, 196], [-179, -196]]
[[1, 0], [165, 196], [-251, -294]]
[[1, 0], [165, 196], [-351, -392]]
[[1, 0], [165, 343], [-167, -343]]
[[1, 0], [165, 343], [-333, -686]]
[[1, 0], [165, 686], [-167, -686]]
[[1, 0], [166, 245], [-339, -490]]
[[1, 0], [166, 343], [-335, -686]]
[[1, 0], [167, 343], [-169, -343]]
[[1, 0], [167, 343], [-337, -686]]
[[1, 0], [167, 686], [-169, -686]]
[[1, 0], [169, 196], [-257, -294]]
[[1, 0], [169, 196], [-359, -392]]
[[1, 0], [169, 343], [-171, -343]]
[[1, 0], [169, 343], [-341, -686]]
[[1, 0], [169, 392], [-183, -392]]
[[1, 0], [169, 686], [-171, -686]]
[[1, 0], [17, 196], [-29, -294]]
[[1, 0], [17, 196], [-55, -392]]
[[1, 0], [17, 28], [-169, -238]]
[[1, 0], [17, 28], [-233, -182]]
[[1, 0], [17, 343], [-18, -343]]
[[1, 0], [17, 343], [-19, -343]]
[[1, 0], [17, 343], [-37, -686]]
[[1, 0], [17, 49], [-103, -196]]
[[1, 0], [17, 49], [-127, -343]]
[[1, 0], [17, 49], [-188, -441]]
[[1, 0], [17, 49], [-199, -392]]
[[1, 0], [17, 49], [-208, -539]]
[[1, 0], [17, 49], [-253, -686]]
[[1, 0], [17, 49], [-41, -98]]
[[1, 0], [17, 49], [-55, -98]]
[[1, 0], [17, 49], [-65, -147]]
[[1, 0], [17, 49], [-75, -196]]
[[1, 0], [17, 49], [-99, -245]]
[[1, 0], [17, 686], [-19, -686]]
[[1, 0], [17, 98], [-103, -392]]
[[1, 0], [17, 98], [-127, -686]]
[[1, 0], [17, 98], [-29, -147]]
[[1, 0], [17, 98], [-55, -196]]
[[1, 0], [17, 98], [-64, -343]]
[[1, 0], [17, 98], [-99, -490]]
[[1, 0], [170, 343], [-171, -343]]
[[1, 0], [170, 343], [-172, -343]]
[[1, 0], [171, 245], [-349, -490]]
[[1, 0], [171, 343], [-345, -686]]
[[1, 0], [171, 686], [-173, -686]]
[[1, 0], [172, 343], [-347, -686]]
[[1, 0], [172, 441], [-179, -441]]
[[1, 0], [173, 196], [-263, -294]]
[[1, 0], [173, 196], [-367, -392]]
[[1, 0], [173, 343], [-349, -686]]
[[1, 0], [174, 343], [-351, -686]]
[[1, 0], [176, 245], [-359, -490]]
[[1, 0], [176, 343], [-355, -686]]
[[1, 0], [177, 196], [-269, -294]]
[[1, 0], [177, 196], [-375, -392]]
[[1, 0], [177, 392], [-191, -392]]
[[1, 0], [177, 686], [-179, -686]]
[[1, 0], [178, 343], [-359, -686]]
[[1, 0], [179, 343], [-361, -686]]
[[1, 0], [179, 686], [-181, -686]]
[[1, 0], [18, 119], [-152, -357]]
[[1, 0], [18, 119], [-67, -119]]
[[1, 0], [18, 343], [-19, -343]]
[[1, 0], [18, 343], [-20, -343]]
[[1, 0], [18, 343], [-39, -686]]
[[1, 0], [18, 49], [-104, -245]]
[[1, 0], [18, 49], [-107, -196]]
[[1, 0], [18, 49], [-134, -343]]
[[1, 0], [18, 49], [-197, -441]]
[[1, 0], [18, 49], [-207, -392]]
[[1, 0], [18, 49], [-219, -539]]
[[1, 0], [18, 49], [-25, -49]]
[[1, 0], [18, 49], [-267, -686]]
[[1, 0], [18, 49], [-32, -49]]
[[1, 0], [18, 49], [-43, -98]]
[[1, 0], [18, 49], [-57, -98]]
[[1, 0], [18, 49], [-68, -147]]
[[1, 0], [18, 49], [-79, -196]]
[[1, 0], [180, 343], [-363, -686]]
[[1, 0], [181, 196], [-275, -294]]
[[1, 0], [181, 196], [-383, -392]]
[[1, 0], [181, 245], [-369, -490]]
[[1, 0], [181, 343], [-365, -686]]
[[1, 0], [181, 441], [-188, -441]]
[[1, 0], [181, 686], [-183, -686]]
[[1, 0], [183, 343], [-369, -686]]
[[1, 0], [183, 686], [-185, -686]]
[[1, 0], [185, 196], [-281, -294]]
[[1, 0], [185, 196], [-391, -392]]
[[1, 0], [185, 343], [-373, -686]]
[[1, 0], [185, 686], [-187, -686]]
[[1, 0], [186, 245], [-379, -490]]
[[1, 0], [186, 343], [-375, -686]]
[[1, 0], [187, 343], [-377, -686]]
[[1, 0], [188, 343], [-379, -686]]
[[1, 0], [19, 1029], [-20, -1029]]
[[1, 0], [19, 126], [-53, -189]]
[[1, 0], [19, 147], [-26, -147]]
[[1, 0], [19, 147], [-34, -245]]
[[1, 0], [19, 147], [-71, -441]]
[[1, 0], [19, 147], [-83, -588]]
[[1, 0], [19, 21], [-181, -182]]
[[1, 0], [19, 21], [-239, -210]]
[[1, 0], [19, 21], [-269, -189]]
[[1, 0], [19, 21], [-271, -119]]
[[1, 0], [19, 21], [-524, -525]]
[[1, 0], [19, 21], [-764, -357]]
[[1, 0], [19, 343], [-41, -686]]
[[1, 0], [19, 42], [-239, -420]]
[[1, 0], [19, 42], [-269, -378]]
[[1, 0], [19, 42], [-43, -77]]
[[1, 0], [19, 42], [-53, -63]]
[[1, 0], [19, 441], [-26, -441]]
[[1, 0], [19, 49], [-109, -245]]
[[1, 0], [19, 49], [-111, -196]]
[[1, 0], [19, 49], [-141, -343]]
[[1, 0], [19, 49], [-206, -441]]
[[1, 0], [19, 49], [-215, -392]]
[[1, 0], [19, 49], [-230, -539]]
[[1, 0], [19, 49], [-26, -49]]
[[1, 0], [19, 49], [-281, -686]]
[[1, 0], [19, 49], [-45, -98]]
[[1, 0], [19, 49], [-59, -98]]
[[1, 0], [19, 49], [-71, -147]]
[[1, 0], [19, 49], [-83, -196]]
[[1, 0], [19, 98], [-109, -490]]
[[1, 0], [19, 98], [-111, -392]]
[[1, 0], [19, 98], [-141, -686]]
[[1, 0], [19, 98], [-32, -147]]
[[1, 0], [19, 98], [-33, -98]]
[[1, 0], [19, 98], [-59, -196]]
[[1, 0], [19, 98], [-71, -343]]
[[1, 0], [190, 1029], [-191, -1029]]
[[1, 0], [190, 343], [-383, -686]]
[[1, 0], [190, 441], [-197, -441]]
[[1, 0], [191, 245], [-389, -490]]
[[1, 0], [191, 686], [-193, -686]]
[[1, 0], [192, 343], [-387, -686]]
[[1, 0], [193, 196], [-207, -196]]
[[1, 0], [193, 196], [-293, -294]]
[[1, 0], [193, 196], [-407, -392]]
[[1, 0], [193, 343], [-389, -686]]
[[1, 0], [193, 392], [-207, -392]]
[[1, 0], [193, 686], [-195, -686]]
[[1, 0], [194, 343], [-391, -686]]
[[1, 0], [195, 343], [-393, -686]]
[[1, 0], [195, 686], [-197, -686]]
[[1, 0], [197, 343], [-397, -686]]
[[1, 0], [197, 686], [-199, -686]]
[[1, 0], [199, 1029], [-200, -1029]]
[[1, 0], [199, 343], [-401, -686]]
[[1, 0], [199, 686], [-201, -686]]
[[1, 0], [2, 343], [-4, -343]]
[[1, 0], [2, 49], [-11, -98]]
[[1, 0], [2, 49], [-15, -196]]
[[1, 0], [2, 49], [-16, -49]]
[[1, 0], [2, 49], [-20, -147]]
[[1, 0], [2, 49], [-22, -343]]
[[1, 0], [2, 49], [-24, -245]]
[[1, 0], [2, 49], [-25, -98]]
[[1, 0], [2, 49], [-43, -196]]
[[1, 0], [2, 49], [-43, -539]]
[[1, 0], [2, 49], [-43, -686]]
[[1, 0], [2, 49], [-53, -441]]
[[1, 0], [2, 49], [-79, -392]]
[[1, 0], [2, 49], [-9, -49]]
[[1, 0], [2, 7], [-100, -7]]
[[1, 0], [2, 7], [-104, -21]]
[[1, 0], [2, 7], [-116, -63]]
[[1, 0], [2, 7], [-120, -77]]
[[1, 0], [2, 7], [-1324, -175]]
[[1, 0], [2, 7], [-1376, -357]]
[[1, 0], [2, 7], [-148, -343]]
[[1, 0], [2, 7], [-151, -14]]
[[1, 0], [2, 7], [-164, -231]]
[[1, 0], [2, 7], [-2599, -350]]
[[1, 0], [2, 7], [-295, -518]]
[[1, 0], [2, 7], [-295, -686]]
[[1, 0], [2, 7], [-304, -35]]
[[1, 0], [2, 7], [-412, -413]]
[[1, 0], [2, 7], [-475, -119]]
[[1, 0], [2, 7], [-493, -182]]
[[1, 0], [2, 7], [-51, -7]]
[[1, 0], [2, 7], [-53, -14]]
[[1, 0], [2, 7], [-559, -70]]
[[1, 0], [2, 7], [-59, -35]]
[[1, 0], [2, 7], [-647, -378]]
[[1, 0], [2, 7], [-69, -70]]
[[1, 0], [2, 7], [-99, -175]]
[[1, 0], [20, 343], [-22, -343]]
[[1, 0], [20, 343], [-43, -686]]
[[1, 0], [20, 49], [-114, -245]]
[[1, 0], [20, 49], [-115, -196]]
[[1, 0], [20, 49], [-148, -343]]
[[1, 0], [20, 49], [-215, -441]]
[[1, 0], [20, 49], [-223, -392]]
[[1, 0], [20, 49], [-241, -539]]
[[1, 0], [20, 49], [-27, -49]]
[[1, 0], [20, 49], [-295, -686]]
[[1, 0], [20, 49], [-47, -98]]
[[1, 0], [20, 49], [-61, -98]]
[[1, 0], [20, 49], [-74, -147]]
[[1, 0], [20, 49], [-87, -196]]
[[1, 0], [200, 343], [-201, -343]]
[[1, 0], [200, 343], [-403, -686]]
[[1, 0], [201, 245], [-409, -490]]
[[1, 0], [201, 343], [-405, -686]]
[[1, 0], [202, 343], [-407, -686]]
[[1, 0], [204, 343], [-411, -686]]
[[1, 0], [205, 686], [-207, -686]]
[[1, 0], [206, 245], [-419, -490]]
[[1, 0], [206, 343], [-415, -686]]
[[1, 0], [207, 343], [-417, -686]]
[[1, 0], [207, 686], [-209, -686]]
[[1, 0], [208, 343], [-419, -686]]
[[1, 0], [208, 441], [-215, -441]]
[[1, 0], [209, 343], [-421, -686]]
[[1, 0], [209, 686], [-211, -686]]
[[1, 0], [211, 245], [-429, -490]]
[[1, 0], [211, 343], [-425, -686]]
[[1, 0], [211, 686], [-213, -686]]
[[1, 0], [213, 343], [-429, -686]]
[[1, 0], [213, 686], [-215, -686]]
[[1, 0], [214, 343], [-431, -686]]
[[1, 0], [215, 343], [-433, -686]]
[[1, 0], [216, 245], [-439, -490]]
[[1, 0], [216, 343], [-435, -686]]
[[1, 0], [218, 343], [-439, -686]]
[[1, 0], [219, 686], [-221, -686]]
[[1, 0], [22, 1029], [-23, -1029]]
[[1, 0], [22, 147], [-29, -147]]
[[1, 0], [22, 147], [-39, -245]]
[[1, 0], [22, 147], [-80, -441]]
[[1, 0], [22, 147], [-95, -588]]
[[1, 0], [22, 343], [-23, -343]]
[[1, 0], [22, 343], [-24, -343]]
[[1, 0], [22, 343], [-47, -686]]
[[1, 0], [22, 49], [-123, -196]]
[[1, 0], [22, 49], [-124, -245]]
[[1, 0], [22, 49], [-162, -343]]
[[1, 0], [22, 49], [-233, -441]]
[[1, 0], [22, 49], [-239, -392]]
[[1, 0], [22, 49], [-263, -539]]
[[1, 0], [22, 49], [-323, -686]]
[[1, 0], [22, 49], [-51, -98]]
[[1, 0], [22, 49], [-65, -98]]
[[1, 0], [22, 49], [-80, -147]]
[[1, 0], [22, 49], [-95, -196]]
[[1, 0], [220, 343], [-443, -686]]
[[1, 0], [221, 245], [-449, -490]]
[[1, 0], [221, 343], [-445, -686]]
[[1, 0], [221, 686], [-223, -686]]
[[1, 0], [222, 343], [-447, -686]]
[[1, 0], [223, 343], [-449, -686]]
[[1, 0], [223, 686], [-225, -686]]
[[1, 0], [225, 343], [-453, -686]]
[[1, 0], [225, 686], [-227, -686]]
[[1, 0], [226, 245], [-459, -490]]
[[1, 0], [227, 343], [-457, -686]]
[[1, 0], [227, 686], [-229, -686]]
[[1, 0], [228, 343], [-459, -686]]
[[1, 0], [229, 343], [-461, -686]]
[[1, 0], [23, 343], [-25, -343]]
[[1, 0], [23, 49], [-127, -196]]
[[1, 0], [23, 49], [-129, -245]]
[[1, 0], [23, 49], [-169, -343]]
[[1, 0], [23, 49], [-242, -441]]
[[1, 0], [23, 49], [-247, -392]]
[[1, 0], [23, 49], [-274, -539]]
[[1, 0], [23, 49], [-337, -686]]
[[1, 0], [23, 49], [-53, -98]]
[[1, 0], [23, 49], [-67, -98]]
[[1, 0], [23, 49], [-83, -147]]
[[1, 0], [23, 49], [-99, -196]]
[[1, 0], [23, 686], [-25, -686]]
[[1, 0], [23, 77], [-164, -385]]
[[1, 0], [23, 98], [-127, -392]]
[[1, 0], [23, 98], [-129, -490]]
[[1, 0], [23, 98], [-169, -686]]
[[1, 0], [23, 98], [-37, -98]]
[[1, 0], [23, 98], [-38, -147]]
[[1, 0], [23, 98], [-67, -196]]
[[1, 0], [23, 98], [-85, -343]]
[[1, 0], [230, 343], [-463, -686]]
[[1, 0], [232, 343], [-467, -686]]
[[1, 0], [233, 686], [-235, -686]]
[[1, 0], [234, 343], [-471, -686]]
[[1, 0], [235, 343], [-236, -343]]
[[1, 0], [235, 343], [-473, -686]]
[[1, 0], [235, 441], [-242, -441]]
[[1, 0], [235, 686], [-237, -686]]
[[1, 0], [236, 245], [-479, -490]]
[[1, 0], [236, 343], [-475, -686]]
[[1, 0], [237, 343], [-477, -686]]
[[1, 0], [237, 686], [-239, -686]]
[[1, 0], [239, 343], [-481, -686]]
[[1, 0], [239, 686], [-241, -686]]
[[1, 0], [24, 343], [-25, -343]]
[[1, 0], [24, 343], [-26, -343]]
[[1, 0], [24, 343], [-51, -686]]
[[1, 0], [24, 49], [-103, -196]]
[[1, 0], [24, 49], [-131, -196]]
[[1, 0], [24, 49], [-134, -245]]
[[1, 0], [24, 49], [-176, -343]]
[[1, 0], [24, 49], [-251, -441]]
[[1, 0], [24, 49], [-255, -392]]
[[1, 0], [24, 49], [-285, -539]]
[[1, 0], [24, 49], [-351, -686]]
[[1, 0], [24, 49], [-55, -98]]
[[1, 0], [24, 49], [-69, -98]]
[[1, 0], [24, 49], [-86, -147]]
[[1, 0], [241, 1029], [-242, -1029]]
[[1, 0], [241, 245], [-489, -490]]
[[1, 0], [241, 343], [-485, -686]]
[[1, 0], [241, 686], [-243, -686]]
[[1, 0], [242, 343], [-487, -686]]
[[1, 0], [243, 343], [-489, -686]]
[[1, 0], [244, 343], [-491, -686]]
[[1, 0], [246, 343], [-495, -686]]
[[1, 0], [247, 686], [-249, -686]]
[[1, 0], [248, 343], [-499, -686]]
[[1, 0], [249, 343], [-501, -686]]
[[1, 0], [249, 392], [-263, -392]]
[[1, 0], [249, 686], [-251, -686]]
[[1, 0], [25, 147], [-107, -588]]
[[1, 0], [25, 147], [-32, -147]]
[[1, 0], [25, 147], [-44, -245]]
[[1, 0], [25, 147], [-89, -441]]
[[1, 0], [25, 196], [-39, -196]]
[[1, 0], [25, 196], [-41, -294]]
[[1, 0], [25, 196], [-71, -392]]
[[1, 0], [25, 28], [-237, -238]]
[[1, 0], [25, 28], [-285, -182]]
[[1, 0], [25, 343], [-27, -343]]
[[1, 0], [25, 343], [-53, -686]]
[[1, 0], [25, 392], [-39, -392]]
[[1, 0], [25, 42], [-299, -420]]
[[1, 0], [25, 42], [-323, -378]]
[[1, 0], [25, 42], [-54, -77]]
[[1, 0], [25, 42], [-62, -63]]
[[1, 0], [25, 49], [-107, -196]]
[[1, 0], [25, 49], [-135, -196]]
[[1, 0], [25, 49], [-139, -245]]
[[1, 0], [25, 49], [-183, -343]]
[[1, 0], [25, 49], [-260, -441]]
[[1, 0], [25, 49], [-263, -392]]
[[1, 0], [25, 49], [-296, -539]]
[[1, 0], [25, 49], [-32, -49]]
[[1, 0], [25, 49], [-365, -686]]
[[1, 0], [25, 49], [-39, -49]]
[[1, 0], [25, 49], [-57, -98]]
[[1, 0], [25, 49], [-71, -98]]
[[1, 0], [25, 49], [-89, -147]]
[[1, 0], [25, 686], [-27, -686]]
[[1, 0], [25, 98], [-135, -392]]
[[1, 0], [25, 98], [-139, -490]]
[[1, 0], [25, 98], [-183, -686]]
[[1, 0], [25, 98], [-39, -98]]
[[1, 0], [25, 98], [-41, -147]]
[[1, 0], [25, 98], [-71, -196]]
[[1, 0], [25, 98], [-92, -343]]
[[1, 0], [250, 343], [-503, -686]]
[[1, 0], [251, 343], [-505, -686]]
[[1, 0], [251, 686], [-253, -686]]
[[1, 0], [253, 343], [-509, -686]]
[[1, 0], [253, 686], [-255, -686]]
[[1, 0], [255, 343], [-513, -686]]
[[1, 0], [255, 686], [-257, -686]]
[[1, 0], [256, 343], [-515, -686]]
[[1, 0], [256, 357], [-305, -357]]
[[1, 0], [257, 343], [-517, -686]]
[[1, 0], [258, 343], [-519, -686]]
[[1, 0], [26, 175], [-124, -175]]
[[1, 0], [26, 175], [-199, -350]]
[[1, 0], [26, 245], [-59, -490]]
[[1, 0], [26, 343], [-27, -343]]
[[1, 0], [26, 343], [-55, -686]]
[[1, 0], [26, 35], [-199, -70]]
[[1, 0], [26, 35], [-384, -385]]
[[1, 0], [26, 35], [-41, -42]]
[[1, 0], [26, 35], [-424, -175]]
[[1, 0], [26, 35], [-799, -350]]
[[1, 0], [26, 49], [-111, -196]]
[[1, 0], [26, 49], [-139, -196]]
[[1, 0], [26, 49], [-144, -245]]
[[1, 0], [26, 49], [-190, -343]]
[[1, 0], [26, 49], [-269, -441]]
[[1, 0], [26, 49], [-271, -392]]
[[1, 0], [26, 49], [-307, -539]]
[[1, 0], [26, 49], [-379, -686]]
[[1, 0], [26, 49], [-59, -98]]
[[1, 0], [26, 49], [-73, -98]]
[[1, 0], [26, 49], [-92, -147]]
[[1, 0], [260, 343], [-523, -686]]
[[1, 0], [261, 686], [-263, -686]]
[[1, 0], [262, 1029], [-263, -1029]]
[[1, 0], [262, 343], [-527, -686]]
[[1, 0], [263, 343], [-529, -686]]
[[1, 0], [263, 686], [-265, -686]]
[[1, 0], [264, 343], [-531, -686]]
[[1, 0], [265, 343], [-533, -686]]
[[1, 0], [265, 686], [-267, -686]]
[[1, 0], [267, 343], [-537, -686]]
[[1, 0], [267, 686], [-269, -686]]
[[1, 0], [269, 343], [-541, -686]]
[[1, 0], [269, 686], [-271, -686]]
[[1, 0], [27, 182], [-103, -364]]
[[1, 0], [27, 343], [-29, -343]]
[[1, 0], [27, 343], [-57, -686]]
[[1, 0], [27, 49], [-115, -196]]
[[1, 0], [27, 49], [-143, -196]]
[[1, 0], [27, 49], [-149, -245]]
[[1, 0], [27, 49], [-197, -343]]
[[1, 0], [27, 49], [-278, -441]]
[[1, 0], [27, 49], [-279, -392]]
[[1, 0], [27, 49], [-318, -539]]
[[1, 0], [27, 49], [-393, -686]]
[[1, 0], [27, 49], [-61, -98]]
[[1, 0], [27, 49], [-75, -98]]
[[1, 0], [27, 49], [-95, -147]]
[[1, 0], [27, 686], [-29, -686]]
[[1, 0], [27, 91], [-103, -182]]
[[1, 0], [27, 98], [-143, -392]]
[[1, 0], [27, 98], [-149, -490]]
[[1, 0], [27, 98], [-197, -686]]
[[1, 0], [27, 98], [-41, -98]]
[[1, 0], [27, 98], [-44, -147]]
[[1, 0], [27, 98], [-75, -196]]
[[1, 0], [27, 98], [-99, -343]]
[[1, 0], [270, 343], [-271, -343]]
[[1, 0], [270, 343], [-543, -686]]
[[1, 0], [271, 343], [-545, -686]]
[[1, 0], [272, 343], [-547, -686]]
[[1, 0], [274, 343], [-551, -686]]
[[1, 0], [275, 686], [-277, -686]]
[[1, 0], [276, 343], [-555, -686]]
[[1, 0], [277, 1029], [-278, -1029]]
[[1, 0], [277, 343], [-278, -343]]
[[1, 0], [277, 343], [-557, -686]]
[[1, 0], [277, 686], [-279, -686]]
[[1, 0], [278, 343], [-559, -686]]
[[1, 0], [279, 343], [-561, -686]]
[[1, 0], [279, 686], [-281, -686]]
[[1, 0], [281, 343], [-565, -686]]
[[1, 0], [281, 686], [-283, -686]]
[[1, 0], [283, 343], [-569, -686]]
[[1, 0], [283, 686], [-285, -686]]
[[1, 0], [284, 343], [-571, -686]]
[[1, 0], [285, 343], [-573, -686]]
[[1, 0], [286, 343], [-575, -686]]
[[1, 0], [288, 343], [-579, -686]]
[[1, 0], [289, 686], [-291, -686]]
[[1, 0], [29, 196], [-43, -196]]
[[1, 0], [29, 196], [-47, -294]]
[[1, 0], [29, 196], [-79, -392]]
[[1, 0], [29, 343], [-30, -343]]
[[1, 0], [29, 343], [-31, -343]]
[[1, 0], [29, 343], [-61, -686]]
[[1, 0], [29, 49], [-101, -147]]
[[1, 0], [29, 49], [-123, -196]]
[[1, 0], [29, 49], [-151, -196]]
[[1, 0], [29, 49], [-159, -245]]
[[1, 0], [29, 49], [-211, -343]]
[[1, 0], [29, 49], [-295, -392]]
[[1, 0], [29, 49], [-296, -441]]
[[1, 0], [29, 49], [-340, -539]]
[[1, 0], [29, 49], [-421, -686]]
[[1, 0], [29, 49], [-65, -98]]
[[1, 0], [29, 49], [-79, -98]]
[[1, 0], [29, 686], [-31, -686]]
[[1, 0], [29, 98], [-106, -343]]
[[1, 0], [29, 98], [-151, -392]]
[[1, 0], [29, 98], [-159, -490]]
[[1, 0], [29, 98], [-211, -686]]
[[1, 0], [29, 98], [-43, -98]]
[[1, 0], [29, 98], [-47, -147]]
[[1, 0], [29, 98], [-79, -196]]
[[1, 0], [290, 343], [-583, -686]]
[[1, 0], [291, 343], [-292, -343]]
[[1, 0], [291, 343], [-585, -686]]
[[1, 0], [291, 686], [-293, -686]]
[[1, 0], [292, 343], [-587, -686]]
[[1, 0], [293, 343], [-589, -686]]
[[1, 0], [293, 686], [-295, -686]]
[[1, 0], [295, 343], [-593, -686]]
[[1, 0], [295, 686], [-297, -686]]
[[1, 0], [297, 343], [-597, -686]]
[[1, 0], [297, 686], [-299, -686]]
[[1, 0], [298, 343], [-599, -686]]
[[1, 0], [298, 441], [-305, -441]]
[[1, 0], [299, 343], [-601, -686]]
[[1, 0], [3, 14], [-125, -126]]
[[1, 0], [3, 14], [-1349, -350]]
[[1, 0], [3, 14], [-142, -91]]
[[1, 0], [3, 14], [-179, -35]]
[[1, 0], [3, 14], [-197, -462]]
[[1, 0], [3, 14], [-197, -686]]
[[1, 0], [3, 14], [-29, -21]]
[[1, 0], [3, 14], [-309, -70]]
[[1, 0], [3, 14], [-50, -119]]
[[1, 0], [3, 14], [-519, -364]]
[[1, 0], [3, 14], [-55, -28]]
[[1, 0], [3, 14], [-699, -175]]
[[1, 0], [3, 14], [-79, -140]]
[[1, 0], [3, 14], [-99, -343]]
[[1, 0], [3, 343], [-4, -343]]
[[1, 0], [3, 343], [-5, -343]]
[[1, 0], [3, 343], [-9, -686]]
[[1, 0], [3, 49], [-13, -98]]
[[1, 0], [3, 49], [-19, -196]]
[[1, 0], [3, 49], [-23, -147]]
[[1, 0], [3, 49], [-27, -98]]
[[1, 0], [3, 49], [-29, -245]]
[[1, 0], [3, 49], [-29, -343]]
[[1, 0], [3, 49], [-47, -196]]
[[1, 0], [3, 49], [-54, -539]]
[[1, 0], [3, 49], [-57, -686]]
[[1, 0], [3, 49], [-62, -441]]
[[1, 0], [3, 49], [-87, -392]]
[[1, 0], [3, 686], [-5, -686]]
[[1, 0], [3, 7], [-107, -21]]
[[1, 0], [3, 7], [-124, -175]]
[[1, 0], [3, 7], [-125, -63]]
[[1, 0], [3, 7], [-131, -77]]
[[1, 0], [3, 7], [-1349, -175]]
[[1, 0], [3, 7], [-1427, -357]]
[[1, 0], [3, 7], [-153, -14]]
[[1, 0], [3, 7], [-197, -231]]
[[1, 0], [3, 7], [-197, -343]]
[[1, 0], [3, 7], [-2649, -350]]
[[1, 0], [3, 7], [-309, -35]]
[[1, 0], [3, 7], [-369, -518]]
[[1, 0], [3, 7], [-393, -686]]
[[1, 0], [3, 7], [-471, -413]]
[[1, 0], [3, 7], [-492, -119]]
[[1, 0], [3, 7], [-519, -182]]
[[1, 0], [3, 7], [-55, -14]]
[[1, 0], [3, 7], [-569, -70]]
[[1, 0], [3, 7], [-64, -35]]
[[1, 0], [3, 7], [-701, -378]]
[[1, 0], [3, 7], [-79, -70]]
[[1, 0], [3, 98], [-15, -343]]
[[1, 0], [3, 98], [-27, -196]]
[[1, 0], [3, 98], [-29, -490]]
[[1, 0], [3, 98], [-29, -686]]
[[1, 0], [3, 98], [-47, -392]]
[[1, 0], [3, 98], [-8, -147]]
[[1, 0], [30, 343], [-32, -343]]
[[1, 0], [30, 49], [-104, -147]]
[[1, 0], [30, 49], [-127, -196]]
[[1, 0], [30, 49], [-155, -196]]
[[1, 0], [30, 49], [-164, -245]]
[[1, 0], [30, 49], [-218, -343]]
[[1, 0], [30, 49], [-303, -392]]
[[1, 0], [30, 49], [-305, -441]]
[[1, 0], [30, 49], [-351, -539]]
[[1, 0], [30, 49], [-435, -686]]
[[1, 0], [30, 49], [-67, -98]]
[[1, 0], [30, 49], [-81, -98]]
[[1, 0], [300, 343], [-603, -686]]
[[1, 0], [302, 343], [-607, -686]]
[[1, 0], [303, 686], [-305, -686]]
[[1, 0], [304, 343], [-611, -686]]
[[1, 0], [305, 343], [-613, -686]]
[[1, 0], [305, 392], [-319, -392]]
[[1, 0], [305, 686], [-307, -686]]
[[1, 0], [306, 343], [-615, -686]]
[[1, 0], [307, 343], [-617, -686]]
[[1, 0], [307, 686], [-309, -686]]
[[1, 0], [309, 343], [-621, -686]]
[[1, 0], [309, 686], [-311, -686]]
[[1, 0], [31, 1029], [-32, -1029]]
[[1, 0], [31, 147], [-107, -441]]
[[1, 0], [31, 147], [-131, -588]]
[[1, 0], [31, 147], [-54, -245]]
[[1, 0], [31, 245], [-69, -490]]
[[1, 0], [31, 343], [-32, -343]]
[[1, 0], [31, 343], [-33, -343]]
[[1, 0], [31, 343], [-65, -686]]
[[1, 0], [31, 35], [-209, -70]]
[[1, 0], [31, 35], [-439, -385]]
[[1, 0], [31, 35], [-449, -175]]
[[1, 0], [31, 35], [-47, -42]]
[[1, 0], [31, 35], [-849, -350]]
[[1, 0], [31, 42], [-359, -420]]
[[1, 0], [31, 42], [-377, -378]]
[[1, 0], [31, 42], [-65, -77]]
[[1, 0], [31, 42], [-71, -63]]
[[1, 0], [31, 49], [-107, -147]]
[[1, 0], [31, 49], [-131, -196]]
[[1, 0], [31, 49], [-159, -196]]
[[1, 0], [31, 49], [-169, -245]]
[[1, 0], [31, 49], [-225, -343]]
[[1, 0], [31, 49], [-311, -392]]
[[1, 0], [31, 49], [-314, -441]]
[[1, 0], [31, 49], [-362, -539]]
[[1, 0], [31, 49], [-449, -686]]
[[1, 0], [31, 49], [-69, -98]]
[[1, 0], [31, 49], [-83, -98]]
[[1, 0], [31, 686], [-33, -686]]
[[1, 0], [31, 70], [-249, -175]]
[[1, 0], [31, 70], [-449, -350]]
[[1, 0], [31, 70], [-47, -84]]
[[1, 0], [31, 98], [-113, -343]]
[[1, 0], [31, 98], [-159, -392]]
[[1, 0], [31, 98], [-169, -490]]
[[1, 0], [31, 98], [-225, -686]]
[[1, 0], [31, 98], [-50, -147]]
[[1, 0], [31, 98], [-83, -196]]
[[1, 0], [310, 1029], [-311, -1029]]
[[1, 0], [311, 343], [-625, -686]]
[[1, 0], [311, 686], [-313, -686]]
[[1, 0], [312, 343], [-627, -686]]
[[1, 0], [313, 343], [-629, -686]]
[[1, 0], [314, 343], [-631, -686]]
[[1, 0], [316, 343], [-635, -686]]
[[1, 0], [317, 686], [-319, -686]]
[[1, 0], [318, 343], [-639, -686]]
[[1, 0], [319, 343], [-641, -686]]
[[1, 0], [319, 686], [-321, -686]]
[[1, 0], [32, 343], [-34, -343]]
[[1, 0], [32, 343], [-67, -686]]
[[1, 0], [32, 49], [-110, -147]]
[[1, 0], [32, 49], [-135, -196]]
[[1, 0], [32, 49], [-163, -196]]
[[1, 0], [32, 49], [-174, -245]]
[[1, 0], [32, 49], [-232, -343]]
[[1, 0], [32, 49], [-319, -392]]
[[1, 0], [32, 49], [-323, -441]]
[[1, 0], [32, 49], [-373, -539]]
[[1, 0], [32, 49], [-39, -49]]
[[1, 0], [32, 49], [-46, -49]]
[[1, 0], [32, 49], [-463, -686]]
[[1, 0], [32, 49], [-71, -98]]
[[1, 0], [32, 49], [-85, -98]]
[[1, 0], [320, 343], [-643, -686]]
[[1, 0], [321, 343], [-645, -686]]
[[1, 0], [321, 686], [-323, -686]]
[[1, 0], [323, 343], [-649, -686]]
[[1, 0], [323, 686], [-325, -686]]
[[1, 0], [325, 343], [-653, -686]]
[[1, 0], [325, 686], [-327, -686]]
[[1, 0], [326, 343], [-655, -686]]
[[1, 0], [327, 343], [-657, -686]]
[[1, 0], [328, 343], [-659, -686]]
[[1, 0], [33, 196], [-47, -196]]
[[1, 0], [33, 196], [-53, -294]]
[[1, 0], [33, 196], [-87, -392]]
[[1, 0], [33, 343], [-34, -343]]
[[1, 0], [33, 343], [-69, -686]]
[[1, 0], [33, 392], [-47, -392]]
[[1, 0], [33, 49], [-113, -147]]
[[1, 0], [33, 49], [-139, -196]]
[[1, 0], [33, 49], [-167, -196]]
[[1, 0], [33, 49], [-179, -245]]
[[1, 0], [33, 49], [-239, -343]]
[[1, 0], [33, 49], [-327, -392]]
[[1, 0], [33, 49], [-332, -441]]
[[1, 0], [33, 49], [-384, -539]]
[[1, 0], [33, 49], [-477, -686]]
[[1, 0], [33, 49], [-73, -98]]
[[1, 0], [33, 49], [-87, -98]]
[[1, 0], [33, 98], [-120, -343]]
[[1, 0], [33, 98], [-167, -392]]
[[1, 0], [33, 98], [-179, -490]]
[[1, 0], [33, 98], [-239, -686]]
[[1, 0], [33, 98], [-47, -98]]
[[1, 0], [33, 98], [-53, -147]]
[[1, 0], [33, 98], [-87, -196]]
[[1, 0], [330, 343], [-663, -686]]
[[1, 0], [331, 686], [-333, -686]]
[[1, 0], [332, 343], [-667, -686]]
[[1, 0], [333, 343], [-669, -686]]
[[1, 0], [333, 686], [-335, -686]]
[[1, 0], [334, 343], [-671, -686]]
[[1, 0], [335, 343], [-673, -686]]
[[1, 0], [335, 686], [-337, -686]]
[[1, 0], [337, 343], [-677, -686]]
[[1, 0], [337, 686], [-339, -686]]
[[1, 0], [339, 343], [-681, -686]]
[[1, 0], [339, 686], [-341, -686]]
[[1, 0], [34, 147], [-116, -441]]
[[1, 0], [34, 147], [-143, -588]]
[[1, 0], [34, 147], [-41, -147]]
[[1, 0], [34, 147], [-59, -245]]
[[1, 0], [34, 343], [-36, -343]]
[[1, 0], [34, 343], [-71, -686]]
[[1, 0], [34, 49], [-116, -147]]
[[1, 0], [34, 49], [-143, -196]]
[[1, 0], [34, 49], [-171, -196]]
[[1, 0], [34, 49], [-184, -245]]
[[1, 0], [34, 49], [-246, -343]]
[[1, 0], [34, 49], [-335, -392]]
[[1, 0], [34, 49], [-341, -441]]
[[1, 0], [34, 49], [-395, -539]]
[[1, 0], [34, 49], [-491, -686]]
[[1, 0], [34, 49], [-75, -98]]
[[1, 0], [34, 49], [-89, -98]]
[[1, 0], [34, 77], [-219, -385]]
[[1, 0], [340, 343], [-683, -686]]
[[1, 0], [341, 343], [-685, -686]]
[[1, 0], [342, 343], [-344, -343]]
[[1, 0], [342, 343], [-687, -686]]
[[1, 0], [358, 1029], [-359, -1029]]
[[1, 0], [36, 245], [-79, -490]]
[[1, 0], [36, 343], [-37, -343]]
[[1, 0], [36, 343], [-38, -343]]
[[1, 0], [36, 343], [-75, -686]]
[[1, 0], [36, 49], [-122, -147]]
[[1, 0], [36, 49], [-151, -196]]
[[1, 0], [36, 49], [-179, -196]]
[[1, 0], [36, 49], [-194, -245]]
[[1, 0], [36, 49], [-260, -343]]
[[1, 0], [36, 49], [-351, -392]]
[[1, 0], [36, 49], [-359, -441]]
[[1, 0], [36, 49], [-417, -539]]
[[1, 0], [36, 49], [-50, -49]]
[[1, 0], [36, 49], [-519, -686]]
[[1, 0], [36, 49], [-79, -98]]
[[1, 0], [36, 49], [-93, -98]]
[[1, 0], [361, 1029], [-362, -1029]]
[[1, 0], [361, 392], [-375, -392]]
[[1, 0], [361, 441], [-368, -441]]
[[1, 0], [367, 1029], [-368, -1029]]
[[1, 0], [37, 126], [-80, -189]]
[[1, 0], [37, 147], [-125, -441]]
[[1, 0], [37, 147], [-155, -588]]
[[1, 0], [37, 147], [-44, -147]]
[[1, 0], [37, 147], [-64, -245]]
[[1, 0], [37, 196], [-51, -196]]
[[1, 0], [37, 196], [-59, -294]]
[[1, 0], [37, 196], [-95, -392]]
[[1, 0], [37, 343], [-38, -343]]
[[1, 0], [37, 343], [-39, -343]]
[[1, 0], [37, 42], [-419, -420]]
[[1, 0], [37, 42], [-431, -378]]
[[1, 0], [37, 42], [-76, -77]]
[[1, 0], [37, 42], [-80, -63]]
[[1, 0], [37, 441], [-44, -441]]
[[1, 0], [37, 49], [-125, -147]]
[[1, 0], [37, 49], [-155, -196]]
[[1, 0], [37, 49], [-183, -196]]
[[1, 0], [37, 49], [-199, -245]]
[[1, 0], [37, 49], [-267, -343]]
[[1, 0], [37, 49], [-359, -392]]
[[1, 0], [37, 49], [-368, -441]]
[[1, 0], [37, 49], [-428, -539]]
[[1, 0], [37, 49], [-51, -49]]
[[1, 0], [37, 49], [-533, -686]]
[[1, 0], [37, 49], [-81, -98]]
[[1, 0], [37, 49], [-95, -98]]
[[1, 0], [37, 686], [-39, -686]]
[[1, 0], [37, 98], [-134, -343]]
[[1, 0], [37, 98], [-183, -392]]
[[1, 0], [37, 98], [-199, -490]]
[[1, 0], [37, 98], [-267, -686]]
[[1, 0], [37, 98], [-51, -98]]
[[1, 0], [37, 98], [-59, -147]]
[[1, 0], [37, 98], [-95, -196]]
[[1, 0], [38, 343], [-40, -343]]
[[1, 0], [38, 343], [-79, -686]]
[[1, 0], [38, 49], [-128, -147]]
[[1, 0], [38, 49], [-159, -196]]
[[1, 0], [38, 49], [-187, -196]]
[[1, 0], [38, 49], [-204, -245]]
[[1, 0], [38, 49], [-274, -343]]
[[1, 0], [38, 49], [-367, -392]]
[[1, 0], [38, 49], [-377, -441]]
[[1, 0], [38, 49], [-439, -539]]
[[1, 0], [38, 49], [-547, -686]]
[[1, 0], [38, 49], [-83, -98]]
[[1, 0], [38, 49], [-97, -98]]
[[1, 0], [382, 1029], [-383, -1029]]
[[1, 0], [39, 343], [-41, -343]]
[[1, 0], [39, 343], [-81, -686]]
[[1, 0], [39, 49], [-131, -147]]
[[1, 0], [39, 49], [-163, -196]]
[[1, 0], [39, 49], [-191, -196]]
[[1, 0], [39, 49], [-209, -245]]
[[1, 0], [39, 49], [-281, -343]]
[[1, 0], [39, 49], [-375, -392]]
[[1, 0], [39, 49], [-386, -441]]
[[1, 0], [39, 49], [-450, -539]]
[[1, 0], [39, 49], [-46, -49]]
[[1, 0], [39, 49], [-53, -49]]
[[1, 0], [39, 49], [-561, -686]]
[[1, 0], [39, 49], [-85, -98]]
[[1, 0], [39, 49], [-99, -98]]
[[1, 0], [39, 686], [-41, -686]]
[[1, 0], [39, 98], [-141, -343]]
[[1, 0], [39, 98], [-191, -392]]
[[1, 0], [39, 98], [-209, -490]]
[[1, 0], [39, 98], [-281, -686]]
[[1, 0], [39, 98], [-53, -98]]
[[1, 0], [39, 98], [-62, -147]]
[[1, 0], [39, 98], [-99, -196]]
[[1, 0], [4, 147], [-11, -147]]
[[1, 0], [4, 147], [-23, -588]]
[[1, 0], [4, 147], [-26, -441]]
[[1, 0], [4, 147], [-9, -245]]
[[1, 0], [4, 21], [-134, -189]]
[[1, 0], [4, 21], [-149, -525]]
[[1, 0], [4, 21], [-186, -119]]
[[1, 0], [4, 21], [-509, -357]]
[[1, 0], [4, 21], [-51, -182]]
[[1, 0], [4, 21], [-53, -21]]
[[1, 0], [4, 21], [-89, -210]]
[[1, 0], [4, 343], [-11, -686]]
[[1, 0], [4, 343], [-6, -343]]
[[1, 0], [4, 49], [-11, -49]]
[[1, 0], [4, 49], [-15, -98]]
[[1, 0], [4, 49], [-18, -49]]
[[1, 0], [4, 49], [-23, -196]]
[[1, 0], [4, 49], [-26, -147]]
[[1, 0], [4, 49], [-29, -98]]
[[1, 0], [4, 49], [-34, -245]]
[[1, 0], [4, 49], [-36, -343]]
[[1, 0], [4, 49], [-51, -196]]
[[1, 0], [4, 49], [-65, -539]]
[[1, 0], [4, 49], [-71, -441]]
[[1, 0], [4, 49], [-71, -686]]
[[1, 0], [4, 49], [-95, -392]]
[[1, 0], [4, 7], [-102, -7]]
[[1, 0], [4, 7], [-110, -21]]
[[1, 0], [4, 7], [-134, -63]]
[[1, 0], [4, 7], [-1374, -175]]
[[1, 0], [4, 7], [-142, -77]]
[[1, 0], [4, 7], [-1478, -357]]
[[1, 0], [4, 7], [-149, -175]]
[[1, 0], [4, 7], [-155, -14]]
[[1, 0], [4, 7], [-230, -231]]
[[1, 0], [4, 7], [-246, -343]]
[[1, 0], [4, 7], [-2699, -350]]
[[1, 0], [4, 7], [-314, -35]]
[[1, 0], [4, 7], [-443, -518]]
[[1, 0], [4, 7], [-491, -686]]
[[1, 0], [4, 7], [-509, -119]]
[[1, 0], [4, 7], [-53, -7]]
[[1, 0], [4, 7], [-530, -413]]
[[1, 0], [4, 7], [-545, -182]]
[[1, 0], [4, 7], [-57, -14]]
[[1, 0], [4, 7], [-579, -70]]
[[1, 0], [4, 7], [-69, -35]]
[[1, 0], [4, 7], [-755, -378]]
[[1, 0], [4, 7], [-89, -70]]
[[1, 0], [40, 1029], [-41, -1029]]
[[1, 0], [40, 147], [-134, -441]]
[[1, 0], [40, 147], [-167, -588]]
[[1, 0], [40, 147], [-47, -147]]
[[1, 0], [40, 147], [-69, -245]]
[[1, 0], [40, 343], [-41, -343]]
[[1, 0], [40, 343], [-83, -686]]
[[1, 0], [40, 49], [-101, -98]]
[[1, 0], [40, 49], [-134, -147]]
[[1, 0], [40, 49], [-167, -196]]
[[1, 0], [40, 49], [-195, -196]]
[[1, 0], [40, 49], [-214, -245]]
[[1, 0], [40, 49], [-288, -343]]
[[1, 0], [40, 49], [-383, -392]]
[[1, 0], [40, 49], [-395, -441]]
[[1, 0], [40, 49], [-461, -539]]
[[1, 0], [40, 49], [-54, -49]]
[[1, 0], [40, 49], [-575, -686]]
[[1, 0], [40, 49], [-87, -98]]
[[1, 0], [40, 91], [-129, -182]]
[[1, 0], [41, 196], [-103, -392]]
[[1, 0], [41, 196], [-55, -196]]
[[1, 0], [41, 196], [-65, -294]]
[[1, 0], [41, 245], [-89, -490]]
[[1, 0], [41, 343], [-43, -343]]
[[1, 0], [41, 343], [-85, -686]]
[[1, 0], [41, 392], [-55, -392]]
[[1, 0], [41, 49], [-103, -98]]
[[1, 0], [41, 49], [-137, -147]]
[[1, 0], [41, 49], [-171, -196]]
[[1, 0], [41, 49], [-199, -196]]
[[1, 0], [41, 49], [-219, -245]]
[[1, 0], [41, 49], [-295, -343]]
[[1, 0], [41, 49], [-391, -392]]
[[1, 0], [41, 49], [-404, -441]]
[[1, 0], [41, 49], [-472, -539]]
[[1, 0], [41, 49], [-55, -49]]
[[1, 0], [41, 49], [-589, -686]]
[[1, 0], [41, 49], [-89, -98]]
[[1, 0], [41, 686], [-43, -686]]
[[1, 0], [41, 70], [-274, -175]]
[[1, 0], [41, 70], [-499, -350]]
[[1, 0], [41, 70], [-59, -84]]
[[1, 0], [41, 98], [-103, -196]]
[[1, 0], [41, 98], [-148, -343]]
[[1, 0], [41, 98], [-199, -392]]
[[1, 0], [41, 98], [-219, -490]]
[[1, 0], [41, 98], [-295, -686]]
[[1, 0], [41, 98], [-55, -98]]
[[1, 0], [41, 98], [-65, -147]]
[[1, 0], [424, 441], [-431, -441]]
[[1, 0], [43, 1029], [-44, -1029]]
[[1, 0], [43, 147], [-143, -441]]
[[1, 0], [43, 147], [-179, -588]]
[[1, 0], [43, 147], [-50, -147]]
[[1, 0], [43, 147], [-74, -245]]
[[1, 0], [43, 343], [-45, -343]]
[[1, 0], [43, 343], [-89, -686]]
[[1, 0], [43, 49], [-107, -98]]
[[1, 0], [43, 49], [-143, -147]]
[[1, 0], [43, 49], [-179, -196]]
[[1, 0], [43, 49], [-207, -196]]
[[1, 0], [43, 49], [-229, -245]]
[[1, 0], [43, 49], [-309, -343]]
[[1, 0], [43, 49], [-407, -392]]
[[1, 0], [43, 49], [-422, -441]]
[[1, 0], [43, 49], [-494, -539]]
[[1, 0], [43, 49], [-50, -49]]
[[1, 0], [43, 49], [-617, -686]]
[[1, 0], [43, 49], [-93, -98]]
[[1, 0], [43, 686], [-45, -686]]
[[1, 0], [43, 98], [-107, -196]]
[[1, 0], [43, 98], [-155, -343]]
[[1, 0], [43, 98], [-207, -392]]
[[1, 0], [43, 98], [-229, -490]]
[[1, 0], [43, 98], [-309, -686]]
[[1, 0], [43, 98], [-68, -147]]
[[1, 0], [44, 343], [-46, -343]]
[[1, 0], [44, 49], [-109, -98]]
[[1, 0], [44, 49], [-146, -147]]
[[1, 0], [44, 49], [-183, -196]]
[[1, 0], [44, 49], [-211, -196]]
[[1, 0], [44, 49], [-234, -245]]
[[1, 0], [44, 49], [-316, -343]]
[[1, 0], [44, 49], [-415, -392]]
[[1, 0], [44, 49], [-431, -441]]
[[1, 0], [44, 49], [-505, -539]]
[[1, 0], [44, 49], [-51, -49]]
[[1, 0], [44, 49], [-631, -686]]
[[1, 0], [44, 49], [-95, -98]]
[[1, 0], [45, 196], [-111, -392]]
[[1, 0], [45, 196], [-71, -294]]
[[1, 0], [45, 343], [-46, -343]]
[[1, 0], [45, 343], [-47, -343]]
[[1, 0], [45, 343], [-93, -686]]
[[1, 0], [45, 49], [-111, -98]]
[[1, 0], [45, 49], [-149, -147]]
[[1, 0], [45, 49], [-187, -196]]
[[1, 0], [45, 49], [-215, -196]]
[[1, 0], [45, 49], [-239, -245]]
[[1, 0], [45, 49], [-323, -343]]
[[1, 0], [45, 49], [-423, -392]]
[[1, 0], [45, 49], [-440, -441]]
[[1, 0], [45, 49], [-516, -539]]
[[1, 0], [45, 49], [-645, -686]]
[[1, 0], [45, 49], [-97, -98]]
[[1, 0], [45, 686], [-47, -686]]
[[1, 0], [45, 77], [-274, -385]]
[[1, 0], [45, 98], [-111, -196]]
[[1, 0], [45, 98], [-162, -343]]
[[1, 0], [45, 98], [-215, -392]]
[[1, 0], [45, 98], [-239, -490]]
[[1, 0], [45, 98], [-323, -686]]
[[1, 0], [45, 98], [-71, -147]]
[[1, 0], [46, 147], [-152, -441]]
[[1, 0], [46, 147], [-191, -588]]
[[1, 0], [46, 147], [-53, -147]]
[[1, 0], [46, 147], [-79, -245]]
[[1, 0], [46, 245], [-99, -490]]
[[1, 0], [46, 343], [-48, -343]]
[[1, 0], [46, 343], [-95, -686]]
[[1, 0], [46, 441], [-53, -441]]
[[1, 0], [46, 49], [-113, -98]]
[[1, 0], [46, 49], [-152, -147]]
[[1, 0], [46, 49], [-191, -196]]
[[1, 0], [46, 49], [-219, -196]]
[[1, 0], [46, 49], [-244, -245]]
[[1, 0], [46, 49], [-330, -343]]
[[1, 0], [46, 49], [-431, -392]]
[[1, 0], [46, 49], [-449, -441]]
[[1, 0], [46, 49], [-527, -539]]
[[1, 0], [46, 49], [-53, -49]]
[[1, 0], [46, 49], [-60, -49]]
[[1, 0], [46, 49], [-659, -686]]
[[1, 0], [46, 49], [-99, -98]]
[[1, 0], [47, 343], [-48, -343]]
[[1, 0], [47, 343], [-97, -686]]
[[1, 0], [47, 49], [-101, -98]]
[[1, 0], [47, 49], [-115, -98]]
[[1, 0], [47, 49], [-155, -147]]
[[1, 0], [47, 49], [-195, -196]]
[[1, 0], [47, 49], [-223, -196]]
[[1, 0], [47, 49], [-249, -245]]
[[1, 0], [47, 49], [-337, -343]]
[[1, 0], [47, 49], [-439, -392]]
[[1, 0], [47, 49], [-458, -441]]
[[1, 0], [47, 49], [-538, -539]]
[[1, 0], [47, 49], [-673, -686]]
[[1, 0], [47, 98], [-115, -196]]
[[1, 0], [47, 98], [-169, -343]]
[[1, 0], [47, 98], [-223, -392]]
[[1, 0], [47, 98], [-249, -490]]
[[1, 0], [47, 98], [-337, -686]]
[[1, 0], [47, 98], [-74, -147]]
[[1, 0], [478, 1029], [-479, -1029]]
[[1, 0], [48, 343], [-50, -343]]
[[1, 0], [48, 343], [-99, -686]]
[[1, 0], [48, 49], [-103, -98]]
[[1, 0], [48, 49], [-117, -98]]
[[1, 0], [48, 49], [-158, -147]]
[[1, 0], [48, 49], [-199, -196]]
[[1, 0], [48, 49], [-227, -196]]
[[1, 0], [48, 49], [-254, -245]]
[[1, 0], [48, 49], [-344, -343]]
[[1, 0], [48, 49], [-447, -392]]
[[1, 0], [48, 49], [-467, -441]]
[[1, 0], [48, 49], [-549, -539]]
[[1, 0], [48, 49], [-687, -686]]
[[1, 0], [487, 1029], [-488, -1029]]
[[1, 0], [499, 1029], [-500, -1029]]
[[1, 0], [5, 14], [-103, -14]]
[[1, 0], [5, 14], [-1399, -350]]
[[1, 0], [5, 14], [-143, -126]]
[[1, 0], [5, 14], [-148, -343]]
[[1, 0], [5, 14], [-155, -91]]
[[1, 0], [5, 14], [-184, -35]]
[[1, 0], [5, 14], [-263, -462]]
[[1, 0], [5, 14], [-295, -686]]
[[1, 0], [5, 14], [-319, -70]]
[[1, 0], [5, 14], [-32, -21]]
[[1, 0], [5, 14], [-571, -364]]
[[1, 0], [5, 14], [-59, -28]]
[[1, 0], [5, 14], [-67, -119]]
[[1, 0], [5, 14], [-724, -175]]
[[1, 0], [5, 14], [-99, -140]]
[[1, 0], [5, 196], [-11, -294]]
[[1, 0], [5, 196], [-19, -196]]
[[1, 0], [5, 196], [-31, -392]]
[[1, 0], [5, 28], [-155, -182]]
[[1, 0], [5, 28], [-67, -238]]
[[1, 0], [5, 343], [-13, -686]]
[[1, 0], [5, 343], [-6, -343]]
[[1, 0], [5, 49], [-103, -392]]
[[1, 0], [5, 49], [-12, -49]]
[[1, 0], [5, 49], [-17, -98]]
[[1, 0], [5, 49], [-19, -49]]
[[1, 0], [5, 49], [-27, -196]]
[[1, 0], [5, 49], [-29, -147]]
[[1, 0], [5, 49], [-31, -98]]
[[1, 0], [5, 49], [-39, -245]]
[[1, 0], [5, 49], [-43, -343]]
[[1, 0], [5, 49], [-55, -196]]
[[1, 0], [5, 49], [-76, -539]]
[[1, 0], [5, 49], [-80, -441]]
[[1, 0], [5, 49], [-85, -686]]
[[1, 0], [5, 7], [-113, -21]]
[[1, 0], [5, 7], [-1399, -175]]
[[1, 0], [5, 7], [-143, -63]]
[[1, 0], [5, 7], [-1529, -357]]
[[1, 0], [5, 7], [-153, -77]]
[[1, 0], [5, 7], [-157, -14]]
[[1, 0], [5, 7], [-174, -175]]
[[1, 0], [5, 7], [-263, -231]]
[[1, 0], [5, 7], [-2749, -350]]
[[1, 0], [5, 7], [-295, -343]]
[[1, 0], [5, 7], [-319, -35]]
[[1, 0], [5, 7], [-517, -518]]
[[1, 0], [5, 7], [-526, -119]]
[[1, 0], [5, 7], [-571, -182]]
[[1, 0], [5, 7], [-589, -413]]
[[1, 0], [5, 7], [-589, -686]]
[[1, 0], [5, 7], [-589, -70]]
[[1, 0], [5, 7], [-59, -14]]
[[1, 0], [5, 7], [-74, -35]]
[[1, 0], [5, 7], [-809, -378]]
[[1, 0], [5, 7], [-99, -70]]
[[1, 0], [5, 98], [-11, -147]]
[[1, 0], [5, 98], [-19, -98]]
[[1, 0], [5, 98], [-22, -343]]
[[1, 0], [5, 98], [-31, -196]]
[[1, 0], [5, 98], [-39, -490]]
[[1, 0], [5, 98], [-43, -686]]
[[1, 0], [5, 98], [-55, -392]]
[[1, 0], [50, 343], [-103, -686]]
[[1, 0], [50, 343], [-52, -343]]
[[1, 0], [51, 175], [-249, -350]]
[[1, 0], [51, 245], [-109, -490]]
[[1, 0], [51, 343], [-53, -343]]
[[1, 0], [51, 350], [-149, -350]]
[[1, 0], [51, 686], [-53, -686]]
[[1, 0], [51, 70], [-149, -70]]
[[1, 0], [51, 70], [-299, -175]]
[[1, 0], [51, 70], [-549, -350]]
[[1, 0], [51, 70], [-71, -84]]
[[1, 0], [51, 98], [-123, -196]]
[[1, 0], [51, 98], [-183, -343]]
[[1, 0], [51, 98], [-239, -392]]
[[1, 0], [51, 98], [-269, -490]]
[[1, 0], [51, 98], [-365, -686]]
[[1, 0], [51, 98], [-80, -147]]
[[1, 0], [52, 1029], [-53, -1029]]
[[1, 0], [52, 119], [-254, -357]]
[[1, 0], [52, 147], [-170, -441]]
[[1, 0], [52, 147], [-215, -588]]
[[1, 0], [52, 147], [-89, -245]]
[[1, 0], [52, 343], [-107, -686]]
[[1, 0], [52, 343], [-54, -343]]
[[1, 0], [520, 1029], [-521, -1029]]
[[1, 0], [53, 182], [-155, -364]]
[[1, 0], [53, 196], [-127, -392]]
[[1, 0], [53, 196], [-67, -196]]
[[1, 0], [53, 196], [-83, -294]]
[[1, 0], [53, 343], [-109, -686]]
[[1, 0], [53, 343], [-55, -343]]
[[1, 0], [53, 686], [-55, -686]]
[[1, 0], [53, 91], [-155, -182]]
[[1, 0], [53, 98], [-127, -196]]
[[1, 0], [53, 98], [-190, -343]]
[[1, 0], [53, 98], [-247, -392]]
[[1, 0], [53, 98], [-279, -490]]
[[1, 0], [53, 98], [-379, -686]]
[[1, 0], [53, 98], [-67, -98]]
[[1, 0], [53, 98], [-83, -147]]
[[1, 0], [54, 343], [-111, -686]]
[[1, 0], [54, 343], [-55, -343]]
[[1, 0], [55, 126], [-107, -189]]
[[1, 0], [55, 147], [-179, -441]]
[[1, 0], [55, 147], [-227, -588]]
[[1, 0], [55, 147], [-62, -147]]
[[1, 0], [55, 147], [-94, -245]]
[[1, 0], [55, 343], [-113, -686]]
[[1, 0], [55, 343], [-57, -343]]
[[1, 0], [55, 441], [-62, -441]]
[[1, 0], [55, 686], [-57, -686]]
[[1, 0], [55, 98], [-131, -196]]
[[1, 0], [55, 98], [-197, -343]]
[[1, 0], [55, 98], [-255, -392]]
[[1, 0], [55, 98], [-289, -490]]
[[1, 0], [55, 98], [-393, -686]]
[[1, 0], [55, 98], [-86, -147]]
[[1, 0], [57, 196], [-135, -392]]
[[1, 0], [57, 196], [-71, -196]]
[[1, 0], [57, 196], [-89, -294]]
[[1, 0], [57, 343], [-117, -686]]
[[1, 0], [57, 343], [-59, -343]]
[[1, 0], [57, 392], [-71, -392]]
[[1, 0], [57, 686], [-59, -686]]
[[1, 0], [57, 98], [-135, -196]]
[[1, 0], [57, 98], [-204, -343]]
[[1, 0], [57, 98], [-263, -392]]
[[1, 0], [57, 98], [-299, -490]]
[[1, 0], [57, 98], [-407, -686]]
[[1, 0], [57, 98], [-89, -147]]
[[1, 0], [571, 1029], [-572, -1029]]
[[1, 0], [58, 147], [-188, -441]]
[[1, 0], [58, 147], [-239, -588]]
[[1, 0], [58, 147], [-65, -147]]
[[1, 0], [58, 147], [-99, -245]]
[[1, 0], [58, 343], [-60, -343]]
[[1, 0], [583, 1029], [-584, -1029]]
[[1, 0], [59, 343], [-121, -686]]
[[1, 0], [59, 343], [-61, -343]]
[[1, 0], [59, 686], [-61, -686]]
[[1, 0], [59, 98], [-139, -196]]
[[1, 0], [59, 98], [-211, -343]]
[[1, 0], [59, 98], [-271, -392]]
[[1, 0], [59, 98], [-309, -490]]
[[1, 0], [59, 98], [-421, -686]]
[[1, 0], [59, 98], [-92, -147]]
[[1, 0], [6, 245], [-19, -490]]
[[1, 0], [6, 343], [-15, -686]]
[[1, 0], [6, 343], [-8, -343]]
[[1, 0], [6, 35], [-159, -70]]
[[1, 0], [6, 35], [-164, -385]]
[[1, 0], [6, 35], [-17, -42]]
[[1, 0], [6, 35], [-324, -175]]
[[1, 0], [6, 35], [-599, -350]]
[[1, 0], [6, 49], [-111, -392]]
[[1, 0], [6, 49], [-13, -49]]
[[1, 0], [6, 49], [-19, -98]]
[[1, 0], [6, 49], [-20, -49]]
[[1, 0], [6, 49], [-31, -196]]
[[1, 0], [6, 49], [-32, -147]]
[[1, 0], [6, 49], [-33, -98]]
[[1, 0], [6, 49], [-44, -245]]
[[1, 0], [6, 49], [-50, -343]]
[[1, 0], [6, 49], [-59, -196]]
[[1, 0], [6, 49], [-87, -539]]
[[1, 0], [6, 49], [-89, -441]]
[[1, 0], [6, 49], [-99, -686]]
[[1, 0], [6, 7], [-109, -70]]
[[1, 0], [6, 7], [-116, -21]]
[[1, 0], [6, 7], [-1424, -175]]
[[1, 0], [6, 7], [-152, -63]]
[[1, 0], [6, 7], [-1580, -357]]
[[1, 0], [6, 7], [-159, -14]]
[[1, 0], [6, 7], [-164, -77]]
[[1, 0], [6, 7], [-199, -175]]
[[1, 0], [6, 7], [-2799, -350]]
[[1, 0], [6, 7], [-296, -231]]
[[1, 0], [6, 7], [-324, -35]]
[[1, 0], [6, 7], [-344, -343]]
[[1, 0], [6, 7], [-543, -119]]
[[1, 0], [6, 7], [-591, -518]]
[[1, 0], [6, 7], [-597, -182]]
[[1, 0], [6, 7], [-599, -70]]
[[1, 0], [6, 7], [-61, -14]]
[[1, 0], [6, 7], [-648, -413]]
[[1, 0], [6, 7], [-687, -686]]
[[1, 0], [6, 7], [-79, -35]]
[[1, 0], [6, 7], [-863, -378]]
[[1, 0], [60, 343], [-123, -686]]
[[1, 0], [60, 343], [-61, -343]]
[[1, 0], [60, 343], [-62, -343]]
[[1, 0], [61, 1029], [-62, -1029]]
[[1, 0], [61, 147], [-104, -245]]
[[1, 0], [61, 147], [-197, -441]]
[[1, 0], [61, 147], [-251, -588]]
[[1, 0], [61, 147], [-68, -147]]
[[1, 0], [61, 196], [-143, -392]]
[[1, 0], [61, 196], [-75, -196]]
[[1, 0], [61, 196], [-95, -294]]
[[1, 0], [61, 245], [-129, -490]]
[[1, 0], [61, 343], [-125, -686]]
[[1, 0], [61, 70], [-324, -175]]
[[1, 0], [61, 70], [-599, -350]]
[[1, 0], [61, 70], [-83, -84]]
[[1, 0], [61, 98], [-143, -196]]
[[1, 0], [61, 98], [-218, -343]]
[[1, 0], [61, 98], [-279, -392]]
[[1, 0], [61, 98], [-319, -490]]
[[1, 0], [61, 98], [-435, -686]]
[[1, 0], [61, 98], [-95, -147]]
[[1, 0], [613, 1029], [-614, -1029]]
[[1, 0], [62, 343], [-127, -686]]
[[1, 0], [62, 343], [-64, -343]]
[[1, 0], [64, 1029], [-65, -1029]]
[[1, 0], [64, 147], [-109, -245]]
[[1, 0], [64, 147], [-206, -441]]
[[1, 0], [64, 147], [-263, -588]]
[[1, 0], [64, 147], [-71, -147]]
[[1, 0], [64, 343], [-131, -686]]
[[1, 0], [64, 343], [-65, -343]]
[[1, 0], [64, 343], [-66, -343]]
[[1, 0], [64, 441], [-71, -441]]
[[1, 0], [65, 196], [-101, -294]]
[[1, 0], [65, 196], [-151, -392]]
[[1, 0], [65, 196], [-79, -196]]
[[1, 0], [65, 343], [-67, -343]]
[[1, 0], [65, 392], [-79, -392]]
[[1, 0], [65, 686], [-67, -686]]
[[1, 0], [65, 98], [-101, -147]]
[[1, 0], [65, 98], [-151, -196]]
[[1, 0], [65, 98], [-232, -343]]
[[1, 0], [65, 98], [-295, -392]]
[[1, 0], [65, 98], [-339, -490]]
[[1, 0], [65, 98], [-463, -686]]
[[1, 0], [66, 245], [-139, -490]]
[[1, 0], [66, 343], [-135, -686]]
[[1, 0], [66, 343], [-68, -343]]
[[1, 0], [66, 91], [-181, -182]]
[[1, 0], [67, 147], [-114, -245]]
[[1, 0], [67, 147], [-215, -441]]
[[1, 0], [67, 147], [-275, -588]]
[[1, 0], [67, 147], [-74, -147]]
[[1, 0], [67, 343], [-137, -686]]
[[1, 0], [67, 343], [-69, -343]]
[[1, 0], [67, 686], [-69, -686]]
[[1, 0], [67, 77], [-384, -385]]
[[1, 0], [67, 98], [-104, -147]]
[[1, 0], [67, 98], [-155, -196]]
[[1, 0], [67, 98], [-239, -343]]
[[1, 0], [67, 98], [-303, -392]]
[[1, 0], [67, 98], [-349, -490]]
[[1, 0], [67, 98], [-477, -686]]
[[1, 0], [67, 98], [-81, -98]]
[[1, 0], [68, 343], [-139, -686]]
[[1, 0], [68, 343], [-69, -343]]
[[1, 0], [685, 686], [-687, -686]]
[[1, 0], [69, 119], [-305, -357]]
[[1, 0], [69, 196], [-107, -294]]
[[1, 0], [69, 196], [-159, -392]]
[[1, 0], [69, 196], [-83, -196]]
[[1, 0], [69, 343], [-141, -686]]
[[1, 0], [69, 343], [-71, -343]]
[[1, 0], [69, 686], [-71, -686]]
[[1, 0], [69, 98], [-107, -147]]
[[1, 0], [69, 98], [-159, -196]]
[[1, 0], [69, 98], [-246, -343]]
[[1, 0], [69, 98], [-311, -392]]
[[1, 0], [69, 98], [-359, -490]]
[[1, 0], [69, 98], [-491, -686]]
[[1, 0], [709, 1029], [-710, -1029]]
[[1, 0], [71, 245], [-149, -490]]
[[1, 0], [71, 343], [-145, -686]]
[[1, 0], [71, 343], [-73, -343]]
[[1, 0], [71, 686], [-73, -686]]
[[1, 0], [71, 98], [-110, -147]]
[[1, 0], [71, 98], [-163, -196]]
[[1, 0], [71, 98], [-253, -343]]
[[1, 0], [71, 98], [-319, -392]]
[[1, 0], [71, 98], [-369, -490]]
[[1, 0], [71, 98], [-505, -686]]
[[1, 0], [72, 343], [-74, -343]]
[[1, 0], [73, 1029], [-74, -1029]]
[[1, 0], [73, 126], [-134, -189]]
[[1, 0], [73, 147], [-124, -245]]
[[1, 0], [73, 147], [-233, -441]]
[[1, 0], [73, 147], [-299, -588]]
[[1, 0], [73, 196], [-113, -294]]
[[1, 0], [73, 196], [-167, -392]]
[[1, 0], [73, 343], [-149, -686]]
[[1, 0], [73, 343], [-75, -343]]
[[1, 0], [73, 686], [-75, -686]]
[[1, 0], [73, 98], [-113, -147]]
[[1, 0], [73, 98], [-167, -196]]
[[1, 0], [73, 98], [-260, -343]]
[[1, 0], [73, 98], [-327, -392]]
[[1, 0], [73, 98], [-379, -490]]
[[1, 0], [73, 98], [-519, -686]]
[[1, 0], [739, 1029], [-740, -1029]]
[[1, 0], [74, 343], [-151, -686]]
[[1, 0], [74, 343], [-76, -343]]
[[1, 0], [75, 343], [-153, -686]]
[[1, 0], [75, 98], [-116, -147]]
[[1, 0], [75, 98], [-171, -196]]
[[1, 0], [75, 98], [-267, -343]]
[[1, 0], [75, 98], [-335, -392]]
[[1, 0], [75, 98], [-389, -490]]
[[1, 0], [75, 98], [-533, -686]]
[[1, 0], [76, 147], [-129, -245]]
[[1, 0], [76, 147], [-242, -441]]
[[1, 0], [76, 147], [-311, -588]]
[[1, 0], [76, 175], [-299, -350]]
[[1, 0], [76, 245], [-159, -490]]
[[1, 0], [76, 343], [-155, -686]]
[[1, 0], [76, 343], [-78, -343]]
[[1, 0], [78, 343], [-159, -686]]
[[1, 0], [78, 343], [-80, -343]]
[[1, 0], [79, 147], [-134, -245]]
[[1, 0], [79, 147], [-251, -441]]
[[1, 0], [79, 147], [-323, -588]]
[[1, 0], [79, 182], [-207, -364]]
[[1, 0], [79, 343], [-80, -343]]
[[1, 0], [79, 343], [-81, -343]]
[[1, 0], [79, 686], [-81, -686]]
[[1, 0], [79, 91], [-207, -182]]
[[1, 0], [79, 98], [-122, -147]]
[[1, 0], [79, 98], [-179, -196]]
[[1, 0], [79, 98], [-281, -343]]
[[1, 0], [79, 98], [-351, -392]]
[[1, 0], [79, 98], [-409, -490]]
[[1, 0], [79, 98], [-561, -686]]
[[1, 0], [8, 343], [-10, -343]]
[[1, 0], [8, 343], [-19, -686]]
[[1, 0], [8, 343], [-9, -343]]
[[1, 0], [8, 49], [-107, -441]]
[[1, 0], [8, 49], [-109, -539]]
[[1, 0], [8, 49], [-127, -392]]
[[1, 0], [8, 49], [-127, -686]]
[[1, 0], [8, 49], [-15, -49]]
[[1, 0], [8, 49], [-22, -49]]
[[1, 0], [8, 49], [-23, -98]]
[[1, 0], [8, 49], [-37, -98]]
[[1, 0], [8, 49], [-38, -147]]
[[1, 0], [8, 49], [-39, -196]]
[[1, 0], [8, 49], [-54, -245]]
[[1, 0], [8, 49], [-64, -343]]
[[1, 0], [8, 49], [-67, -196]]
[[1, 0], [80, 343], [-163, -686]]
[[1, 0], [80, 343], [-82, -343]]
[[1, 0], [802, 1029], [-803, -1029]]
[[1, 0], [81, 196], [-125, -294]]
[[1, 0], [81, 196], [-183, -392]]
[[1, 0], [81, 196], [-95, -196]]
[[1, 0], [81, 245], [-169, -490]]
[[1, 0], [81, 343], [-165, -686]]
[[1, 0], [81, 343], [-83, -343]]
[[1, 0], [81, 392], [-95, -392]]
[[1, 0], [81, 686], [-83, -686]]
[[1, 0], [81, 98], [-125, -147]]
[[1, 0], [81, 98], [-183, -196]]
[[1, 0], [81, 98], [-288, -343]]
[[1, 0], [81, 98], [-359, -392]]
[[1, 0], [81, 98], [-419, -490]]
[[1, 0], [81, 98], [-575, -686]]
[[1, 0], [81, 98], [-95, -98]]
[[1, 0], [82, 147], [-139, -245]]
[[1, 0], [82, 147], [-260, -441]]
[[1, 0], [82, 147], [-335, -588]]
[[1, 0], [82, 343], [-167, -686]]
[[1, 0], [82, 441], [-89, -441]]
[[1, 0], [823, 1029], [-824, -1029]]
[[1, 0], [83, 343], [-169, -686]]
[[1, 0], [83, 343], [-85, -343]]
[[1, 0], [83, 686], [-85, -686]]
[[1, 0], [83, 98], [-128, -147]]
[[1, 0], [83, 98], [-187, -196]]
[[1, 0], [83, 98], [-295, -343]]
[[1, 0], [83, 98], [-367, -392]]
[[1, 0], [83, 98], [-429, -490]]
[[1, 0], [83, 98], [-589, -686]]
[[1, 0], [835, 1029], [-836, -1029]]
[[1, 0], [844, 1029], [-845, -1029]]
[[1, 0], [85, 1029], [-86, -1029]]
[[1, 0], [85, 147], [-144, -245]]
[[1, 0], [85, 147], [-269, -441]]
[[1, 0], [85, 147], [-347, -588]]
[[1, 0], [85, 196], [-131, -294]]
[[1, 0], [85, 196], [-191, -392]]
[[1, 0], [85, 196], [-99, -196]]
[[1, 0], [85, 343], [-173, -686]]
[[1, 0], [85, 343], [-87, -343]]
[[1, 0], [85, 686], [-87, -686]]
[[1, 0], [85, 98], [-131, -147]]
[[1, 0], [85, 98], [-191, -196]]
[[1, 0], [85, 98], [-302, -343]]
[[1, 0], [85, 98], [-375, -392]]
[[1, 0], [85, 98], [-439, -490]]
[[1, 0], [85, 98], [-603, -686]]
[[1, 0], [85, 98], [-99, -98]]
[[1, 0], [86, 119], [-135, -119]]
[[1, 0], [86, 119], [-356, -357]]
[[1, 0], [86, 245], [-179, -490]]
[[1, 0], [86, 343], [-88, -343]]
[[1, 0], [87, 343], [-177, -686]]
[[1, 0], [87, 343], [-88, -343]]
[[1, 0], [87, 343], [-89, -343]]
[[1, 0], [87, 686], [-89, -686]]
[[1, 0], [87, 98], [-134, -147]]
[[1, 0], [87, 98], [-195, -196]]
[[1, 0], [87, 98], [-309, -343]]
[[1, 0], [87, 98], [-383, -392]]
[[1, 0], [87, 98], [-449, -490]]
[[1, 0], [87, 98], [-617, -686]]
[[1, 0], [88, 147], [-149, -245]]
[[1, 0], [88, 147], [-278, -441]]
[[1, 0], [88, 147], [-359, -588]]
[[1, 0], [88, 147], [-95, -147]]
[[1, 0], [88, 343], [-179, -686]]
[[1, 0], [88, 343], [-90, -343]]
[[1, 0], [89, 196], [-103, -196]]
[[1, 0], [89, 196], [-137, -294]]
[[1, 0], [89, 196], [-199, -392]]
[[1, 0], [89, 343], [-181, -686]]
[[1, 0], [89, 343], [-90, -343]]
[[1, 0], [89, 392], [-103, -392]]
[[1, 0], [89, 98], [-103, -98]]
[[1, 0], [89, 98], [-137, -147]]
[[1, 0], [89, 98], [-199, -196]]
[[1, 0], [89, 98], [-316, -343]]
[[1, 0], [89, 98], [-391, -392]]
[[1, 0], [89, 98], [-459, -490]]
[[1, 0], [89, 98], [-631, -686]]
[[1, 0], [9, 14], [-101, -119]]
[[1, 0], [9, 14], [-139, -140]]
[[1, 0], [9, 14], [-1499, -350]]
[[1, 0], [9, 14], [-179, -126]]
[[1, 0], [9, 14], [-181, -91]]
[[1, 0], [9, 14], [-194, -35]]
[[1, 0], [9, 14], [-246, -343]]
[[1, 0], [9, 14], [-339, -70]]
[[1, 0], [9, 14], [-38, -21]]
[[1, 0], [9, 14], [-395, -462]]
[[1, 0], [9, 14], [-491, -686]]
[[1, 0], [9, 14], [-67, -28]]
[[1, 0], [9, 14], [-675, -364]]
[[1, 0], [9, 14], [-774, -175]]
[[1, 0], [9, 196], [-17, -294]]
[[1, 0], [9, 196], [-23, -196]]
[[1, 0], [9, 196], [-39, -392]]
[[1, 0], [9, 28], [-101, -238]]
[[1, 0], [9, 28], [-181, -182]]
[[1, 0], [9, 343], [-11, -343]]
[[1, 0], [9, 392], [-23, -392]]
[[1, 0], [9, 49], [-116, -441]]
[[1, 0], [9, 49], [-120, -539]]
[[1, 0], [9, 49], [-135, -392]]
[[1, 0], [9, 49], [-141, -686]]
[[1, 0], [9, 49], [-16, -49]]
[[1, 0], [9, 49], [-23, -49]]
[[1, 0], [9, 49], [-25, -98]]
[[1, 0], [9, 49], [-39, -98]]
[[1, 0], [9, 49], [-41, -147]]
[[1, 0], [9, 49], [-43, -196]]
[[1, 0], [9, 49], [-59, -245]]
[[1, 0], [9, 49], [-71, -196]]
[[1, 0], [9, 49], [-71, -343]]
[[1, 0], [9, 686], [-11, -686]]
[[1, 0], [9, 98], [-17, -147]]
[[1, 0], [9, 98], [-23, -98]]
[[1, 0], [9, 98], [-36, -343]]
[[1, 0], [9, 98], [-39, -196]]
[[1, 0], [9, 98], [-59, -490]]
[[1, 0], [9, 98], [-71, -392]]
[[1, 0], [9, 98], [-71, -686]]
[[1, 0], [90, 343], [-183, -686]]
[[1, 0], [90, 343], [-92, -343]]
[[1, 0], [92, 343], [-187, -686]]
[[1, 0], [92, 343], [-94, -343]]
[[1, 0], [93, 196], [-143, -294]]
[[1, 0], [93, 196], [-207, -392]]
[[1, 0], [93, 343], [-95, -343]]
[[1, 0], [93, 686], [-95, -686]]
[[1, 0], [93, 98], [-143, -147]]
[[1, 0], [93, 98], [-207, -196]]
[[1, 0], [93, 98], [-330, -343]]
[[1, 0], [93, 98], [-407, -392]]
[[1, 0], [93, 98], [-479, -490]]
[[1, 0], [93, 98], [-659, -686]]
[[1, 0], [94, 147], [-159, -245]]
[[1, 0], [94, 147], [-296, -441]]
[[1, 0], [94, 147], [-383, -588]]
[[1, 0], [94, 343], [-191, -686]]
[[1, 0], [94, 343], [-96, -343]]
[[1, 0], [95, 343], [-193, -686]]
[[1, 0], [95, 343], [-97, -343]]
[[1, 0], [95, 686], [-97, -686]]
[[1, 0], [95, 98], [-109, -98]]
[[1, 0], [95, 98], [-146, -147]]
[[1, 0], [95, 98], [-211, -196]]
[[1, 0], [95, 98], [-337, -343]]
[[1, 0], [95, 98], [-415, -392]]
[[1, 0], [95, 98], [-489, -490]]
[[1, 0], [95, 98], [-673, -686]]
[[1, 0], [96, 245], [-199, -490]]
[[1, 0], [96, 343], [-195, -686]]
[[1, 0], [97, 147], [-164, -245]]
[[1, 0], [97, 147], [-305, -441]]
[[1, 0], [97, 147], [-395, -588]]
[[1, 0], [97, 196], [-149, -294]]
[[1, 0], [97, 196], [-215, -392]]
[[1, 0], [97, 343], [-197, -686]]
[[1, 0], [97, 343], [-99, -343]]
[[1, 0], [97, 392], [-111, -392]]
[[1, 0], [97, 686], [-99, -686]]
[[1, 0], [97, 98], [-149, -147]]
[[1, 0], [97, 98], [-215, -196]]
[[1, 0], [97, 98], [-344, -343]]
[[1, 0], [97, 98], [-423, -392]]
[[1, 0], [97, 98], [-499, -490]]
[[1, 0], [97, 98], [-687, -686]]
[[1, 0], [99, 343], [-101, -343]]
[[1, 0], [99, 343], [-201, -686]]
[[1, 0], [99, 686], [-101, -686]]
