[[1, 0], [0, 1], [-1059, -8]]
[[1, 0], [0, 1], [-11296, -143]]
[[1, 0], [0, 1], [-11296, -79]]
[[1, 0], [0, 1], [-1412, -157]]
[[1, 0], [0, 1], [-1412, -1]]
[[1, 0], [0, 1], [-1412, -9]]
[[1, 0], [0, 1], [-1413, -1412]]
[[1, 0], [0, 1], [-1765, -4]]
[[1, 0], [0, 1], [-2120, -1059]]
[[1, 0], [0, 1], [-2471, -48]]
[[1, 0], [0, 1], [-250277, -708]]
[[1, 0], [0, 1], [-3177, -908]]
[[1, 0], [0, 1], [-353, -12]]
[[1, 0], [0, 1], [-353, -236]]
[[1, 0], [0, 1], [-353, -4]]
[[1, 0], [0, 1], [-36359, -720]]
[[1, 0], [0, 1], [-4589, -12]]
[[1, 0], [0, 1], [-499848, -707]]
[[1, 0], [0, 1], [-5648, -7]]
[[1, 0], [0, 1], [-5648, -807]]
[[1, 0], [0, 1], [-708, -353]]
[[1, 0], [0, 1], [-72012, -101]]
[[1, 0], [0, 1], [-72012, -713]]
[[1, 0], [0, 1], [-83661, -236]]
[[1, 0], [1, 101], [-1413, -101]]
[[1, 0], [1, 101], [-5655, -707]]
[[1, 0], [1, 102], [-713, -714]]
[[1, 0], [1, 1059], [-5, -1059]]
[[1, 0], [1, 10], [-12779, -710]]
[[1, 0], [1, 10], [-157, -158]]
[[1, 0], [1, 10], [-227, -152]]
[[1, 0], [1, 10], [-2697, -142]]
[[1, 0], [1, 10], [-791, -144]]
[[1, 0], [1, 118], [-1061, -236]]
[[1, 0], [1, 118], [-2477, -708]]
[[1, 0], [1, 120], [-359, -720]]
[[1, 0], [1, 12], [-1079, -240]]
[[1, 0], [1, 12], [-119, -16]]
[[1, 0], [1, 12], [-21239, -708]]
[[1, 0], [1, 12], [-707, -12]]
[[1, 0], [1, 12], [-7315, -236]]
[[1, 0], [1, 13], [-113, -57]]
[[1, 0], [1, 1412], [-3, -1412]]
[[1, 0], [1, 144], [-179, -360]]
[[1, 0], [1, 14], [-305, -34]]
[[1, 0], [1, 14], [-53, -36]]
[[1, 0], [1, 14], [-59, -120]]
[[1, 0], [1, 15], [-215, -48]]
[[1, 0], [1, 15], [-2519, -720]]
[[1, 0], [1, 16], [-101, -204]]
[[1, 0], [1, 16], [-179, -40]]
[[1, 0], [1, 16], [-629, -180]]
[[1, 0], [1, 177], [-1769, -708]]
[[1, 0], [1, 177], [-825, -236]]
[[1, 0], [1, 179], [-357, -716]]
[[1, 0], [1, 180], [-119, -240]]
[[1, 0], [1, 18], [-279, -80]]
[[1, 0], [1, 236], [-1415, -708]]
[[1, 0], [1, 236], [-707, -236]]
[[1, 0], [1, 24], [-359, -144]]
[[1, 0], [1, 28], [-155, -104]]
[[1, 0], [1, 2], [-1061, -4]]
[[1, 0], [1, 2], [-10709, -238]]
[[1, 0], [1, 2], [-125669, -708]]
[[1, 0], [1, 2], [-12779, -142]]
[[1, 0], [1, 2], [-1413, -1412]]
[[1, 0], [1, 2], [-1589, -1060]]
[[1, 0], [1, 2], [-1883, -942]]
[[1, 0], [1, 2], [-21539, -718]]
[[1, 0], [1, 2], [-2477, -12]]
[[1, 0], [1, 2], [-2883, -824]]
[[1, 0], [1, 2], [-42125, -236]]
[[1, 0], [1, 2], [-42363, -712]]
[[1, 0], [1, 2], [-63189, -710]]
[[1, 0], [1, 2], [-713, -14]]
[[1, 0], [1, 34], [-713, -238]]
[[1, 0], [1, 353], [-11, -1059]]
[[1, 0], [1, 353], [-5, -353]]
[[1, 0], [1, 353], [-9, -1412]]
[[1, 0], [1, 354], [-1061, -708]]
[[1, 0], [1, 356], [-355, -712]]
[[1, 0], [1, 36], [-1079, -720]]
[[1, 0], [1, 36], [-119, -48]]
[[1, 0], [1, 3], [-1027, -257]]
[[1, 0], [1, 3], [-1061, -1059]]
[[1, 0], [1, 3], [-11375, -237]]
[[1, 0], [1, 3], [-1769, -12]]
[[1, 0], [1, 3], [-2317, -244]]
[[1, 0], [1, 3], [-2519, -144]]
[[1, 0], [1, 3], [-28201, -236]]
[[1, 0], [1, 3], [-355, -353]]
[[1, 0], [1, 3], [-5257, -239]]
[[1, 0], [1, 3], [-565, -283]]
[[1, 0], [1, 3], [-679, -272]]
[[1, 0], [1, 3], [-825, -4]]
[[1, 0], [1, 3], [-83897, -708]]
[[1, 0], [1, 40], [-359, -240]]
[[1, 0], [1, 42], [-305, -102]]
[[1, 0], [1, 42], [-53, -108]]
[[1, 0], [1, 45], [-215, -144]]
[[1, 0], [1, 48], [-179, -120]]
[[1, 0], [1, 4], [-1079, -80]]
[[1, 0], [1, 4], [-1271, -848]]
[[1, 0], [1, 4], [-12887, -716]]
[[1, 0], [1, 4], [-1415, -12]]
[[1, 0], [1, 4], [-21239, -236]]
[[1, 0], [1, 4], [-355, -8]]
[[1, 0], [1, 4], [-63011, -708]]
[[1, 0], [1, 4], [-707, -1412]]
[[1, 0], [1, 4], [-707, -4]]
[[1, 0], [1, 55], [-285, -143]]
[[1, 0], [1, 59], [-1769, -236]]
[[1, 0], [1, 59], [-4601, -708]]
[[1, 0], [1, 5], [-11439, -715]]
[[1, 0], [1, 5], [-1569, -785]]
[[1, 0], [1, 5], [-215, -16]]
[[1, 0], [1, 5], [-2519, -240]]
[[1, 0], [1, 5], [-285, -13]]
[[1, 0], [1, 5], [-589, -1180]]
[[1, 0], [1, 5], [-665, -148]]
[[1, 0], [1, 60], [-119, -80]]
[[1, 0], [1, 61], [-365, -732]]
[[1, 0], [1, 6], [-1061, -12]]
[[1, 0], [1, 6], [-10709, -714]]
[[1, 0], [1, 6], [-14277, -236]]
[[1, 0], [1, 6], [-177, -356]]
[[1, 0], [1, 6], [-42125, -708]]
[[1, 0], [1, 6], [-713, -42]]
[[1, 0], [1, 706], [-5, -1412]]
[[1, 0], [1, 707], [-1413, -707]]
[[1, 0], [1, 708], [-707, -708]]
[[1, 0], [1, 79], [-1421, -711]]
[[1, 0], [1, 7], [-10907, -101]]
[[1, 0], [1, 7], [-1413, -7]]
[[1, 0], [1, 7], [-71, -144]]
[[1, 0], [1, 7], [-72113, -707]]
[[1, 0], [1, 80], [-143, -144]]
[[1, 0], [1, 89], [-1067, -712]]
[[1, 0], [1, 8], [-10679, -712]]
[[1, 0], [1, 8], [-359, -48]]
[[1, 0], [1, 8], [-4679, -720]]
[[1, 0], [1, 8], [-471, -944]]
[[1, 0], [1, 8], [-807, -808]]
[[1, 0], [1, 8], [-929, -372]]
[[1, 0], [1, 9], [-11375, -711]]
[[1, 0], [10, 1059], [-14, -1059]]
[[1, 0], [10, 353], [-14, -353]]
[[1, 0], [10, 353], [-38, -1059]]
[[1, 0], [10, 353], [-45, -1412]]
[[1, 0], [100, 1059], [-104, -1059]]
[[1, 0], [100, 353], [-104, -353]]
[[1, 0], [100, 353], [-308, -1059]]
[[1, 0], [100, 353], [-405, -1412]]
[[1, 0], [101, 1412], [-103, -1412]]
[[1, 0], [101, 353], [-105, -353]]
[[1, 0], [101, 353], [-311, -1059]]
[[1, 0], [101, 353], [-409, -1412]]
[[1, 0], [101, 706], [-205, -1412]]
[[1, 0], [102, 353], [-106, -353]]
[[1, 0], [102, 353], [-314, -1059]]
[[1, 0], [102, 353], [-413, -1412]]
[[1, 0], [103, 1059], [-107, -1059]]
[[1, 0], [103, 1412], [-105, -1412]]
[[1, 0], [103, 353], [-107, -353]]
[[1, 0], [103, 353], [-317, -1059]]
[[1, 0], [103, 353], [-417, -1412]]
[[1, 0], [103, 706], [-209, -1412]]
[[1, 0], [104, 353], [-108, -353]]
[[1, 0], [104, 353], [-320, -1059]]
[[1, 0], [104, 353], [-421, -1412]]
[[1, 0], [1048, 1059], [-1052, -1059]]
[[1, 0], [105, 1412], [-107, -1412]]
[[1, 0], [105, 353], [-109, -353]]
[[1, 0], [105, 353], [-323, -1059]]
[[1, 0], [105, 353], [-425, -1412]]
[[1, 0], [105, 706], [-213, -1412]]
[[1, 0], [1057, 1059], [-1061, -1059]]
[[1, 0], [106, 1059], [-110, -1059]]
[[1, 0], [106, 353], [-110, -353]]
[[1, 0], [106, 353], [-326, -1059]]
[[1, 0], [106, 353], [-429, -1412]]
[[1, 0], [107, 1412], [-109, -1412]]
[[1, 0], [107, 353], [-111, -353]]
[[1, 0], [107, 353], [-329, -1059]]
[[1, 0], [107, 353], [-433, -1412]]
[[1, 0], [107, 706], [-217, -1412]]
[[1, 0], [108, 353], [-112, -353]]
[[1, 0], [108, 353], [-332, -1059]]
[[1, 0], [108, 353], [-437, -1412]]
[[1, 0], [109, 1059], [-113, -1059]]
[[1, 0], [109, 1412], [-111, -1412]]
[[1, 0], [109, 353], [-113, -353]]
[[1, 0], [109, 353], [-335, -1059]]
[[1, 0], [109, 353], [-441, -1412]]
[[1, 0], [109, 706], [-221, -1412]]
[[1, 0], [11, 1412], [-13, -1412]]
[[1, 0], [11, 20], [-161, -36]]
[[1, 0], [11, 20], [-419, -120]]
[[1, 0], [11, 353], [-15, -353]]
[[1, 0], [11, 353], [-41, -1059]]
[[1, 0], [11, 353], [-49, -1412]]
[[1, 0], [11, 706], [-25, -1412]]
[[1, 0], [110, 353], [-114, -353]]
[[1, 0], [110, 353], [-338, -1059]]
[[1, 0], [110, 353], [-445, -1412]]
[[1, 0], [111, 1412], [-113, -1412]]
[[1, 0], [111, 353], [-115, -353]]
[[1, 0], [111, 353], [-341, -1059]]
[[1, 0], [111, 353], [-449, -1412]]
[[1, 0], [111, 706], [-225, -1412]]
[[1, 0], [112, 1059], [-116, -1059]]
[[1, 0], [112, 353], [-116, -353]]
[[1, 0], [112, 353], [-344, -1059]]
[[1, 0], [112, 353], [-453, -1412]]
[[1, 0], [113, 1412], [-115, -1412]]
[[1, 0], [113, 353], [-117, -353]]
[[1, 0], [113, 353], [-347, -1059]]
[[1, 0], [113, 353], [-457, -1412]]
[[1, 0], [113, 706], [-229, -1412]]
[[1, 0], [114, 353], [-118, -353]]
[[1, 0], [114, 353], [-350, -1059]]
[[1, 0], [114, 353], [-461, -1412]]
[[1, 0], [115, 1059], [-119, -1059]]
[[1, 0], [115, 1412], [-117, -1412]]
[[1, 0], [115, 353], [-119, -353]]
[[1, 0], [115, 353], [-465, -1412]]
[[1, 0], [115, 706], [-233, -1412]]
[[1, 0], [116, 353], [-120, -353]]
[[1, 0], [116, 353], [-356, -1059]]
[[1, 0], [116, 353], [-469, -1412]]
[[1, 0], [117, 1412], [-119, -1412]]
[[1, 0], [117, 353], [-121, -353]]
[[1, 0], [117, 353], [-359, -1059]]
[[1, 0], [117, 353], [-473, -1412]]
[[1, 0], [117, 706], [-237, -1412]]
[[1, 0], [118, 1059], [-122, -1059]]
[[1, 0], [118, 353], [-122, -353]]
[[1, 0], [118, 353], [-362, -1059]]
[[1, 0], [118, 353], [-477, -1412]]
[[1, 0], [119, 1412], [-121, -1412]]
[[1, 0], [119, 236], [-1061, -354]]
[[1, 0], [119, 236], [-1769, -708]]
[[1, 0], [119, 236], [-825, -236]]
[[1, 0], [119, 353], [-123, -353]]
[[1, 0], [119, 353], [-365, -1059]]
[[1, 0], [119, 353], [-481, -1412]]
[[1, 0], [119, 706], [-241, -1412]]
[[1, 0], [12, 353], [-16, -353]]
[[1, 0], [12, 353], [-44, -1059]]
[[1, 0], [12, 353], [-53, -1412]]
[[1, 0], [120, 353], [-124, -353]]
[[1, 0], [120, 353], [-368, -1059]]
[[1, 0], [120, 353], [-485, -1412]]
[[1, 0], [121, 1059], [-125, -1059]]
[[1, 0], [121, 1412], [-123, -1412]]
[[1, 0], [121, 353], [-125, -353]]
[[1, 0], [121, 353], [-371, -1059]]
[[1, 0], [121, 353], [-489, -1412]]
[[1, 0], [121, 706], [-245, -1412]]
[[1, 0], [122, 353], [-126, -353]]
[[1, 0], [122, 353], [-374, -1059]]
[[1, 0], [122, 353], [-493, -1412]]
[[1, 0], [123, 1412], [-125, -1412]]
[[1, 0], [123, 353], [-127, -353]]
[[1, 0], [123, 353], [-377, -1059]]
[[1, 0], [123, 353], [-497, -1412]]
[[1, 0], [123, 706], [-249, -1412]]
[[1, 0], [124, 1059], [-128, -1059]]
[[1, 0], [124, 353], [-128, -353]]
[[1, 0], [124, 353], [-380, -1059]]
[[1, 0], [124, 353], [-501, -1412]]
[[1, 0], [125, 1412], [-127, -1412]]
[[1, 0], [125, 353], [-129, -353]]
[[1, 0], [125, 353], [-383, -1059]]
[[1, 0], [125, 353], [-505, -1412]]
[[1, 0], [125, 706], [-253, -1412]]
[[1, 0], [126, 353], [-130, -353]]
[[1, 0], [126, 353], [-386, -1059]]
[[1, 0], [126, 353], [-509, -1412]]
[[1, 0], [127, 1059], [-131, -1059]]
[[1, 0], [127, 1412], [-129, -1412]]
[[1, 0], [127, 353], [-131, -353]]
[[1, 0], [127, 353], [-389, -1059]]
[[1, 0], [127, 353], [-513, -1412]]
[[1, 0], [127, 706], [-257, -1412]]
[[1, 0], [128, 353], [-132, -353]]
[[1, 0], [128, 353], [-392, -1059]]
[[1, 0], [128, 353], [-517, -1412]]
[[1, 0], [129, 1412], [-131, -1412]]
[[1, 0], [129, 353], [-133, -353]]
[[1, 0], [129, 353], [-395, -1059]]
[[1, 0], [129, 353], [-521, -1412]]
[[1, 0], [129, 706], [-261, -1412]]
[[1, 0], [13, 1059], [-17, -1059]]
[[1, 0], [13, 1412], [-15, -1412]]
[[1, 0], [13, 24], [-209, -60]]
[[1, 0], [13, 24], [-431, -144]]
[[1, 0], [13, 353], [-17, -353]]
[[1, 0], [13, 353], [-47, -1059]]
[[1, 0], [13, 353], [-57, -1412]]
[[1, 0], [13, 706], [-29, -1412]]
[[1, 0], [130, 1059], [-134, -1059]]
[[1, 0], [130, 353], [-134, -353]]
[[1, 0], [130, 353], [-398, -1059]]
[[1, 0], [130, 353], [-525, -1412]]
[[1, 0], [131, 1412], [-133, -1412]]
[[1, 0], [131, 353], [-135, -353]]
[[1, 0], [131, 353], [-401, -1059]]
[[1, 0], [131, 353], [-529, -1412]]
[[1, 0], [131, 706], [-265, -1412]]
[[1, 0], [132, 353], [-136, -353]]
[[1, 0], [132, 353], [-404, -1059]]
[[1, 0], [132, 353], [-533, -1412]]
[[1, 0], [133, 1059], [-137, -1059]]
[[1, 0], [133, 1412], [-135, -1412]]
[[1, 0], [133, 353], [-137, -353]]
[[1, 0], [133, 353], [-407, -1059]]
[[1, 0], [133, 353], [-537, -1412]]
[[1, 0], [133, 706], [-269, -1412]]
[[1, 0], [134, 353], [-138, -353]]
[[1, 0], [134, 353], [-410, -1059]]
[[1, 0], [134, 353], [-541, -1412]]
[[1, 0], [135, 1412], [-137, -1412]]
[[1, 0], [135, 353], [-139, -353]]
[[1, 0], [135, 353], [-413, -1059]]
[[1, 0], [135, 353], [-545, -1412]]
[[1, 0], [135, 706], [-273, -1412]]
[[1, 0], [136, 1059], [-140, -1059]]
[[1, 0], [136, 353], [-140, -353]]
[[1, 0], [136, 353], [-416, -1059]]
[[1, 0], [136, 353], [-549, -1412]]
[[1, 0], [137, 1412], [-139, -1412]]
[[1, 0], [137, 353], [-141, -353]]
[[1, 0], [137, 353], [-419, -1059]]
[[1, 0], [137, 353], [-553, -1412]]
[[1, 0], [137, 706], [-277, -1412]]
[[1, 0], [138, 353], [-142, -353]]
[[1, 0], [138, 353], [-422, -1059]]
[[1, 0], [138, 353], [-557, -1412]]
[[1, 0], [139, 1059], [-143, -1059]]
[[1, 0], [139, 1412], [-141, -1412]]
[[1, 0], [139, 353], [-143, -353]]
[[1, 0], [139, 353], [-425, -1059]]
[[1, 0], [139, 353], [-561, -1412]]
[[1, 0], [139, 706], [-281, -1412]]
[[1, 0], [14, 353], [-18, -353]]
[[1, 0], [14, 353], [-50, -1059]]
[[1, 0], [14, 353], [-61, -1412]]
[[1, 0], [140, 353], [-144, -353]]
[[1, 0], [140, 353], [-428, -1059]]
[[1, 0], [140, 353], [-565, -1412]]
[[1, 0], [1405, 1412], [-1407, -1412]]
[[1, 0], [141, 1412], [-143, -1412]]
[[1, 0], [141, 353], [-145, -353]]
[[1, 0], [141, 353], [-431, -1059]]
[[1, 0], [141, 353], [-569, -1412]]
[[1, 0], [141, 706], [-285, -1412]]
[[1, 0], [1411, 1412], [-1413, -1412]]
[[1, 0], [142, 1059], [-146, -1059]]
[[1, 0], [142, 353], [-146, -353]]
[[1, 0], [142, 353], [-434, -1059]]
[[1, 0], [142, 353], [-573, -1412]]
[[1, 0], [143, 1412], [-145, -1412]]
[[1, 0], [143, 353], [-147, -353]]
[[1, 0], [143, 353], [-437, -1059]]
[[1, 0], [143, 353], [-577, -1412]]
[[1, 0], [143, 706], [-289, -1412]]
[[1, 0], [144, 353], [-148, -353]]
[[1, 0], [144, 353], [-440, -1059]]
[[1, 0], [144, 353], [-581, -1412]]
[[1, 0], [145, 1059], [-149, -1059]]
[[1, 0], [145, 1412], [-147, -1412]]
[[1, 0], [145, 353], [-149, -353]]
[[1, 0], [145, 353], [-443, -1059]]
[[1, 0], [145, 353], [-585, -1412]]
[[1, 0], [145, 706], [-293, -1412]]
[[1, 0], [146, 353], [-150, -353]]
[[1, 0], [146, 353], [-446, -1059]]
[[1, 0], [146, 353], [-589, -1412]]
[[1, 0], [147, 1412], [-149, -1412]]
[[1, 0], [147, 353], [-151, -353]]
[[1, 0], [147, 353], [-449, -1059]]
[[1, 0], [147, 353], [-593, -1412]]
[[1, 0], [147, 706], [-297, -1412]]
[[1, 0], [148, 1059], [-152, -1059]]
[[1, 0], [148, 353], [-152, -353]]
[[1, 0], [148, 353], [-452, -1059]]
[[1, 0], [148, 353], [-597, -1412]]
[[1, 0], [149, 1412], [-151, -1412]]
[[1, 0], [149, 353], [-153, -353]]
[[1, 0], [149, 353], [-455, -1059]]
[[1, 0], [149, 353], [-601, -1412]]
[[1, 0], [149, 706], [-301, -1412]]
[[1, 0], [15, 1412], [-17, -1412]]
[[1, 0], [15, 28], [-207, -104]]
[[1, 0], [15, 353], [-19, -353]]
[[1, 0], [15, 353], [-53, -1059]]
[[1, 0], [15, 353], [-65, -1412]]
[[1, 0], [15, 706], [-33, -1412]]
[[1, 0], [150, 353], [-154, -353]]
[[1, 0], [150, 353], [-458, -1059]]
[[1, 0], [150, 353], [-605, -1412]]
[[1, 0], [151, 1059], [-155, -1059]]
[[1, 0], [151, 1412], [-153, -1412]]
[[1, 0], [151, 353], [-155, -353]]
[[1, 0], [151, 353], [-461, -1059]]
[[1, 0], [151, 353], [-609, -1412]]
[[1, 0], [151, 706], [-305, -1412]]
[[1, 0], [152, 353], [-156, -353]]
[[1, 0], [152, 353], [-464, -1059]]
[[1, 0], [152, 353], [-613, -1412]]
[[1, 0], [153, 1412], [-155, -1412]]
[[1, 0], [153, 353], [-157, -353]]
[[1, 0], [153, 353], [-467, -1059]]
[[1, 0], [153, 353], [-617, -1412]]
[[1, 0], [153, 706], [-309, -1412]]
[[1, 0], [154, 1059], [-158, -1059]]
[[1, 0], [154, 353], [-158, -353]]
[[1, 0], [154, 353], [-470, -1059]]
[[1, 0], [154, 353], [-621, -1412]]
[[1, 0], [155, 1412], [-157, -1412]]
[[1, 0], [155, 353], [-159, -353]]
[[1, 0], [155, 353], [-473, -1059]]
[[1, 0], [155, 353], [-625, -1412]]
[[1, 0], [155, 706], [-313, -1412]]
[[1, 0], [156, 353], [-160, -353]]
[[1, 0], [156, 353], [-476, -1059]]
[[1, 0], [156, 353], [-629, -1412]]
[[1, 0], [157, 1059], [-161, -1059]]
[[1, 0], [157, 1412], [-159, -1412]]
[[1, 0], [157, 353], [-161, -353]]
[[1, 0], [157, 353], [-479, -1059]]
[[1, 0], [157, 353], [-633, -1412]]
[[1, 0], [157, 706], [-317, -1412]]
[[1, 0], [158, 353], [-162, -353]]
[[1, 0], [158, 353], [-482, -1059]]
[[1, 0], [158, 353], [-637, -1412]]
[[1, 0], [159, 1412], [-161, -1412]]
[[1, 0], [159, 353], [-163, -353]]
[[1, 0], [159, 353], [-485, -1059]]
[[1, 0], [159, 353], [-641, -1412]]
[[1, 0], [159, 706], [-321, -1412]]
[[1, 0], [16, 1059], [-20, -1059]]
[[1, 0], [16, 353], [-20, -353]]
[[1, 0], [16, 353], [-56, -1059]]
[[1, 0], [16, 353], [-69, -1412]]
[[1, 0], [160, 1059], [-164, -1059]]
[[1, 0], [160, 353], [-164, -353]]
[[1, 0], [160, 353], [-488, -1059]]
[[1, 0], [160, 353], [-645, -1412]]
[[1, 0], [161, 1412], [-163, -1412]]
[[1, 0], [161, 353], [-165, -353]]
[[1, 0], [161, 353], [-491, -1059]]
[[1, 0], [161, 353], [-649, -1412]]
[[1, 0], [161, 706], [-325, -1412]]
[[1, 0], [162, 353], [-166, -353]]
[[1, 0], [162, 353], [-494, -1059]]
[[1, 0], [162, 353], [-653, -1412]]
[[1, 0], [163, 1059], [-167, -1059]]
[[1, 0], [163, 1412], [-165, -1412]]
[[1, 0], [163, 353], [-167, -353]]
[[1, 0], [163, 353], [-497, -1059]]
[[1, 0], [163, 353], [-657, -1412]]
[[1, 0], [163, 706], [-329, -1412]]
[[1, 0], [164, 353], [-168, -353]]
[[1, 0], [164, 353], [-500, -1059]]
[[1, 0], [164, 353], [-661, -1412]]
[[1, 0], [165, 1412], [-167, -1412]]
[[1, 0], [165, 353], [-169, -353]]
[[1, 0], [165, 353], [-503, -1059]]
[[1, 0], [165, 353], [-665, -1412]]
[[1, 0], [165, 706], [-333, -1412]]
[[1, 0], [166, 1059], [-170, -1059]]
[[1, 0], [166, 353], [-170, -353]]
[[1, 0], [166, 353], [-506, -1059]]
[[1, 0], [166, 353], [-669, -1412]]
[[1, 0], [167, 1412], [-169, -1412]]
[[1, 0], [167, 353], [-171, -353]]
[[1, 0], [167, 353], [-509, -1059]]
[[1, 0], [167, 353], [-673, -1412]]
[[1, 0], [167, 706], [-337, -1412]]
[[1, 0], [168, 353], [-172, -353]]
[[1, 0], [168, 353], [-512, -1059]]
[[1, 0], [168, 353], [-677, -1412]]
[[1, 0], [169, 1059], [-173, -1059]]
[[1, 0], [169, 1412], [-171, -1412]]
[[1, 0], [169, 353], [-173, -353]]
[[1, 0], [169, 353], [-515, -1059]]
[[1, 0], [169, 353], [-681, -1412]]
[[1, 0], [169, 706], [-341, -1412]]
[[1, 0], [17, 1412], [-19, -1412]]
[[1, 0], [17, 353], [-21, -353]]
[[1, 0], [17, 353], [-59, -1059]]
[[1, 0], [17, 353], [-73, -1412]]
[[1, 0], [17, 706], [-37, -1412]]
[[1, 0], [170, 353], [-174, -353]]
[[1, 0], [170, 353], [-518, -1059]]
[[1, 0], [170, 353], [-685, -1412]]
[[1, 0], [171, 1412], [-173, -1412]]
[[1, 0], [171, 353], [-175, -353]]
[[1, 0], [171, 353], [-521, -1059]]
[[1, 0], [171, 353], [-689, -1412]]
[[1, 0], [171, 706], [-345, -1412]]
[[1, 0], [172, 1059], [-176, -1059]]
[[1, 0], [172, 353], [-176, -353]]
[[1, 0], [172, 353], [-524, -1059]]
[[1, 0], [172, 353], [-693, -1412]]
[[1, 0], [173, 1412], [-175, -1412]]
[[1, 0], [173, 353], [-177, -353]]
[[1, 0], [173, 353], [-527, -1059]]
[[1, 0], [173, 353], [-697, -1412]]
[[1, 0], [173, 706], [-349, -1412]]
[[1, 0], [174, 353], [-178, -353]]
[[1, 0], [174, 353], [-530, -1059]]
[[1, 0], [174, 353], [-701, -1412]]
[[1, 0], [175, 1059], [-179, -1059]]
[[1, 0], [175, 1412], [-177, -1412]]
[[1, 0], [175, 353], [-533, -1059]]
[[1, 0], [175, 353], [-705, -1412]]
[[1, 0], [176, 353], [-536, -1059]]
[[1, 0], [176, 353], [-709, -1412]]
[[1, 0], [177, 1412], [-179, -1412]]
[[1, 0], [177, 353], [-539, -1059]]
[[1, 0], [177, 353], [-713, -1412]]
[[1, 0], [177, 706], [-357, -1412]]
[[1, 0], [178, 1059], [-182, -1059]]
[[1, 0], [178, 353], [-542, -1059]]
[[1, 0], [178, 353], [-717, -1412]]
[[1, 0], [179, 1412], [-181, -1412]]
[[1, 0], [179, 353], [-545, -1059]]
[[1, 0], [179, 353], [-721, -1412]]
[[1, 0], [179, 356], [-711, -712]]
[[1, 0], [179, 706], [-361, -1412]]
[[1, 0], [18, 353], [-22, -353]]
[[1, 0], [18, 353], [-62, -1059]]
[[1, 0], [18, 353], [-77, -1412]]
[[1, 0], [180, 353], [-548, -1059]]
[[1, 0], [180, 353], [-725, -1412]]
[[1, 0], [181, 1059], [-185, -1059]]
[[1, 0], [181, 1412], [-183, -1412]]
[[1, 0], [181, 353], [-551, -1059]]
[[1, 0], [181, 353], [-729, -1412]]
[[1, 0], [181, 706], [-365, -1412]]
[[1, 0], [182, 353], [-554, -1059]]
[[1, 0], [182, 353], [-733, -1412]]
[[1, 0], [183, 1412], [-185, -1412]]
[[1, 0], [183, 353], [-557, -1059]]
[[1, 0], [183, 353], [-737, -1412]]
[[1, 0], [183, 706], [-369, -1412]]
[[1, 0], [184, 1059], [-188, -1059]]
[[1, 0], [184, 353], [-560, -1059]]
[[1, 0], [184, 353], [-741, -1412]]
[[1, 0], [185, 1412], [-187, -1412]]
[[1, 0], [185, 353], [-563, -1059]]
[[1, 0], [185, 353], [-745, -1412]]
[[1, 0], [185, 706], [-373, -1412]]
[[1, 0], [186, 353], [-566, -1059]]
[[1, 0], [186, 353], [-749, -1412]]
[[1, 0], [187, 1059], [-191, -1059]]
[[1, 0], [187, 1412], [-189, -1412]]
[[1, 0], [187, 353], [-569, -1059]]
[[1, 0], [187, 353], [-753, -1412]]
[[1, 0], [187, 706], [-377, -1412]]
[[1, 0], [188, 353], [-572, -1059]]
[[1, 0], [188, 353], [-757, -1412]]
[[1, 0], [189, 1412], [-191, -1412]]
[[1, 0], [189, 353], [-575, -1059]]
[[1, 0], [189, 353], [-761, -1412]]
[[1, 0], [189, 706], [-381, -1412]]
[[1, 0], [19, 1059], [-23, -1059]]
[[1, 0], [19, 1412], [-21, -1412]]
[[1, 0], [19, 353], [-23, -353]]
[[1, 0], [19, 353], [-65, -1059]]
[[1, 0], [19, 353], [-81, -1412]]
[[1, 0], [19, 36], [-143, -48]]
[[1, 0], [19, 36], [-1439, -720]]
[[1, 0], [19, 36], [-188, -189]]
[[1, 0], [19, 706], [-41, -1412]]
[[1, 0], [190, 1059], [-194, -1059]]
[[1, 0], [190, 353], [-578, -1059]]
[[1, 0], [190, 353], [-765, -1412]]
[[1, 0], [191, 1412], [-193, -1412]]
[[1, 0], [191, 353], [-581, -1059]]
[[1, 0], [191, 353], [-769, -1412]]
[[1, 0], [191, 706], [-385, -1412]]
[[1, 0], [192, 353], [-584, -1059]]
[[1, 0], [192, 353], [-773, -1412]]
[[1, 0], [193, 1059], [-197, -1059]]
[[1, 0], [193, 1412], [-195, -1412]]
[[1, 0], [193, 353], [-587, -1059]]
[[1, 0], [193, 353], [-777, -1412]]
[[1, 0], [193, 706], [-389, -1412]]
[[1, 0], [194, 353], [-590, -1059]]
[[1, 0], [194, 353], [-781, -1412]]
[[1, 0], [195, 1412], [-197, -1412]]
[[1, 0], [195, 353], [-593, -1059]]
[[1, 0], [195, 353], [-785, -1412]]
[[1, 0], [195, 706], [-393, -1412]]
[[1, 0], [196, 1059], [-200, -1059]]
[[1, 0], [196, 353], [-596, -1059]]
[[1, 0], [196, 353], [-789, -1412]]
[[1, 0], [197, 1412], [-199, -1412]]
[[1, 0], [197, 353], [-599, -1059]]
[[1, 0], [197, 353], [-793, -1412]]
[[1, 0], [197, 706], [-397, -1412]]
[[1, 0], [198, 353], [-602, -1059]]
[[1, 0], [198, 353], [-797, -1412]]
[[1, 0], [199, 1059], [-203, -1059]]
[[1, 0], [199, 1412], [-201, -1412]]
[[1, 0], [199, 353], [-605, -1059]]
[[1, 0], [199, 353], [-801, -1412]]
[[1, 0], [199, 706], [-401, -1412]]
[[1, 0], [2, 353], [-13, -1412]]
[[1, 0], [2, 353], [-14, -1059]]
[[1, 0], [2, 353], [-6, -353]]
[[1, 0], [20, 353], [-24, -353]]
[[1, 0], [20, 353], [-68, -1059]]
[[1, 0], [20, 353], [-85, -1412]]
[[1, 0], [200, 353], [-608, -1059]]
[[1, 0], [200, 353], [-805, -1412]]
[[1, 0], [201, 1412], [-203, -1412]]
[[1, 0], [201, 353], [-611, -1059]]
[[1, 0], [201, 353], [-809, -1412]]
[[1, 0], [201, 706], [-405, -1412]]
[[1, 0], [202, 1059], [-206, -1059]]
[[1, 0], [202, 353], [-614, -1059]]
[[1, 0], [202, 353], [-813, -1412]]
[[1, 0], [203, 1412], [-205, -1412]]
[[1, 0], [203, 353], [-617, -1059]]
[[1, 0], [203, 353], [-817, -1412]]
[[1, 0], [203, 706], [-409, -1412]]
[[1, 0], [204, 353], [-620, -1059]]
[[1, 0], [204, 353], [-821, -1412]]
[[1, 0], [205, 1059], [-209, -1059]]
[[1, 0], [205, 1412], [-207, -1412]]
[[1, 0], [205, 353], [-623, -1059]]
[[1, 0], [205, 353], [-825, -1412]]
[[1, 0], [205, 706], [-413, -1412]]
[[1, 0], [206, 353], [-626, -1059]]
[[1, 0], [206, 353], [-829, -1412]]
[[1, 0], [207, 1412], [-209, -1412]]
[[1, 0], [207, 353], [-629, -1059]]
[[1, 0], [207, 353], [-833, -1412]]
[[1, 0], [207, 706], [-417, -1412]]
[[1, 0], [208, 1059], [-212, -1059]]
[[1, 0], [208, 353], [-632, -1059]]
[[1, 0], [208, 353], [-837, -1412]]
[[1, 0], [209, 1412], [-211, -1412]]
[[1, 0], [209, 353], [-635, -1059]]
[[1, 0], [209, 353], [-841, -1412]]
[[1, 0], [209, 706], [-421, -1412]]
[[1, 0], [21, 1412], [-23, -1412]]
[[1, 0], [21, 353], [-25, -353]]
[[1, 0], [21, 353], [-71, -1059]]
[[1, 0], [21, 353], [-89, -1412]]
[[1, 0], [21, 40], [-179, -72]]
[[1, 0], [21, 40], [-479, -240]]
[[1, 0], [21, 40], [-94, -95]]
[[1, 0], [21, 706], [-45, -1412]]
[[1, 0], [210, 353], [-638, -1059]]
[[1, 0], [210, 353], [-845, -1412]]
[[1, 0], [211, 1059], [-215, -1059]]
[[1, 0], [211, 1412], [-213, -1412]]
[[1, 0], [211, 353], [-641, -1059]]
[[1, 0], [211, 353], [-849, -1412]]
[[1, 0], [211, 706], [-425, -1412]]
[[1, 0], [212, 353], [-644, -1059]]
[[1, 0], [212, 353], [-853, -1412]]
[[1, 0], [213, 1412], [-215, -1412]]
[[1, 0], [213, 353], [-647, -1059]]
[[1, 0], [213, 353], [-857, -1412]]
[[1, 0], [213, 706], [-429, -1412]]
[[1, 0], [214, 1059], [-218, -1059]]
[[1, 0], [214, 353], [-650, -1059]]
[[1, 0], [214, 353], [-861, -1412]]
[[1, 0], [215, 1412], [-217, -1412]]
[[1, 0], [215, 353], [-653, -1059]]
[[1, 0], [215, 353], [-865, -1412]]
[[1, 0], [215, 706], [-433, -1412]]
[[1, 0], [216, 353], [-656, -1059]]
[[1, 0], [216, 353], [-869, -1412]]
[[1, 0], [217, 1059], [-221, -1059]]
[[1, 0], [217, 1412], [-219, -1412]]
[[1, 0], [217, 353], [-659, -1059]]
[[1, 0], [217, 353], [-873, -1412]]
[[1, 0], [217, 706], [-437, -1412]]
[[1, 0], [218, 353], [-662, -1059]]
[[1, 0], [218, 353], [-877, -1412]]
[[1, 0], [219, 1412], [-221, -1412]]
[[1, 0], [219, 353], [-665, -1059]]
[[1, 0], [219, 353], [-881, -1412]]
[[1, 0], [219, 706], [-441, -1412]]
[[1, 0], [22, 1059], [-26, -1059]]
[[1, 0], [22, 353], [-26, -353]]
[[1, 0], [22, 353], [-74, -1059]]
[[1, 0], [22, 353], [-93, -1412]]
[[1, 0], [220, 1059], [-224, -1059]]
[[1, 0], [220, 353], [-668, -1059]]
[[1, 0], [220, 353], [-885, -1412]]
[[1, 0], [221, 1412], [-223, -1412]]
[[1, 0], [221, 353], [-671, -1059]]
[[1, 0], [221, 353], [-889, -1412]]
[[1, 0], [221, 706], [-445, -1412]]
[[1, 0], [222, 353], [-674, -1059]]
[[1, 0], [222, 353], [-893, -1412]]
[[1, 0], [223, 1059], [-227, -1059]]
[[1, 0], [223, 1412], [-225, -1412]]
[[1, 0], [223, 353], [-677, -1059]]
[[1, 0], [223, 353], [-897, -1412]]
[[1, 0], [223, 706], [-449, -1412]]
[[1, 0], [224, 353], [-680, -1059]]
[[1, 0], [224, 353], [-901, -1412]]
[[1, 0], [225, 1412], [-227, -1412]]
[[1, 0], [225, 353], [-683, -1059]]
[[1, 0], [225, 353], [-905, -1412]]
[[1, 0], [225, 706], [-453, -1412]]
[[1, 0], [226, 1059], [-230, -1059]]
[[1, 0], [226, 353], [-686, -1059]]
[[1, 0], [226, 353], [-909, -1412]]
[[1, 0], [227, 1412], [-229, -1412]]
[[1, 0], [227, 353], [-689, -1059]]
[[1, 0], [227, 353], [-913, -1412]]
[[1, 0], [227, 706], [-457, -1412]]
[[1, 0], [228, 353], [-692, -1059]]
[[1, 0], [228, 353], [-917, -1412]]
[[1, 0], [229, 1059], [-233, -1059]]
[[1, 0], [229, 1412], [-231, -1412]]
[[1, 0], [229, 353], [-695, -1059]]
[[1, 0], [229, 353], [-921, -1412]]
[[1, 0], [229, 706], [-461, -1412]]
[[1, 0], [23, 1412], [-25, -1412]]
[[1, 0], [23, 353], [-27, -353]]
[[1, 0], [23, 353], [-77, -1059]]
[[1, 0], [23, 353], [-97, -1412]]
[[1, 0], [23, 44], [-186, -187]]
[[1, 0], [23, 706], [-49, -1412]]
[[1, 0], [230, 353], [-698, -1059]]
[[1, 0], [230, 353], [-925, -1412]]
[[1, 0], [231, 1412], [-233, -1412]]
[[1, 0], [231, 353], [-701, -1059]]
[[1, 0], [231, 353], [-929, -1412]]
[[1, 0], [231, 706], [-465, -1412]]
[[1, 0], [232, 1059], [-236, -1059]]
[[1, 0], [232, 353], [-704, -1059]]
[[1, 0], [232, 353], [-933, -1412]]
[[1, 0], [233, 1412], [-235, -1412]]
[[1, 0], [233, 353], [-707, -1059]]
[[1, 0], [233, 353], [-937, -1412]]
[[1, 0], [233, 706], [-469, -1412]]
[[1, 0], [234, 353], [-710, -1059]]
[[1, 0], [234, 353], [-941, -1412]]
[[1, 0], [235, 1059], [-239, -1059]]
[[1, 0], [235, 1412], [-237, -1412]]
[[1, 0], [235, 353], [-713, -1059]]
[[1, 0], [235, 353], [-945, -1412]]
[[1, 0], [235, 706], [-473, -1412]]
[[1, 0], [236, 353], [-716, -1059]]
[[1, 0], [236, 353], [-949, -1412]]
[[1, 0], [237, 1412], [-239, -1412]]
[[1, 0], [237, 353], [-719, -1059]]
[[1, 0], [237, 353], [-953, -1412]]
[[1, 0], [237, 706], [-477, -1412]]
[[1, 0], [238, 1059], [-242, -1059]]
[[1, 0], [238, 353], [-722, -1059]]
[[1, 0], [238, 353], [-957, -1412]]
[[1, 0], [239, 1412], [-241, -1412]]
[[1, 0], [239, 353], [-725, -1059]]
[[1, 0], [239, 353], [-961, -1412]]
[[1, 0], [239, 706], [-481, -1412]]
[[1, 0], [24, 353], [-101, -1412]]
[[1, 0], [24, 353], [-28, -353]]
[[1, 0], [24, 353], [-80, -1059]]
[[1, 0], [240, 353], [-728, -1059]]
[[1, 0], [240, 353], [-965, -1412]]
[[1, 0], [241, 1059], [-245, -1059]]
[[1, 0], [241, 1412], [-243, -1412]]
[[1, 0], [241, 353], [-731, -1059]]
[[1, 0], [241, 353], [-969, -1412]]
[[1, 0], [241, 706], [-485, -1412]]
[[1, 0], [242, 353], [-734, -1059]]
[[1, 0], [242, 353], [-973, -1412]]
[[1, 0], [243, 1412], [-245, -1412]]
[[1, 0], [243, 353], [-737, -1059]]
[[1, 0], [243, 353], [-977, -1412]]
[[1, 0], [243, 706], [-489, -1412]]
[[1, 0], [244, 1059], [-248, -1059]]
[[1, 0], [244, 353], [-740, -1059]]
[[1, 0], [244, 353], [-981, -1412]]
[[1, 0], [245, 1412], [-247, -1412]]
[[1, 0], [245, 353], [-743, -1059]]
[[1, 0], [245, 353], [-985, -1412]]
[[1, 0], [245, 706], [-493, -1412]]
[[1, 0], [246, 353], [-746, -1059]]
[[1, 0], [246, 353], [-989, -1412]]
[[1, 0], [247, 1059], [-251, -1059]]
[[1, 0], [247, 1412], [-249, -1412]]
[[1, 0], [247, 353], [-749, -1059]]
[[1, 0], [247, 353], [-993, -1412]]
[[1, 0], [247, 706], [-497, -1412]]
[[1, 0], [248, 353], [-752, -1059]]
[[1, 0], [248, 353], [-997, -1412]]
[[1, 0], [249, 1412], [-251, -1412]]
[[1, 0], [249, 353], [-1001, -1412]]
[[1, 0], [249, 353], [-755, -1059]]
[[1, 0], [249, 706], [-501, -1412]]
[[1, 0], [25, 1059], [-29, -1059]]
[[1, 0], [25, 1412], [-27, -1412]]
[[1, 0], [25, 353], [-105, -1412]]
[[1, 0], [25, 353], [-29, -353]]
[[1, 0], [25, 353], [-83, -1059]]
[[1, 0], [25, 48], [-239, -120]]
[[1, 0], [25, 706], [-53, -1412]]
[[1, 0], [250, 1059], [-254, -1059]]
[[1, 0], [250, 353], [-1005, -1412]]
[[1, 0], [250, 353], [-758, -1059]]
[[1, 0], [251, 1412], [-253, -1412]]
[[1, 0], [251, 353], [-1009, -1412]]
[[1, 0], [251, 353], [-761, -1059]]
[[1, 0], [251, 706], [-505, -1412]]
[[1, 0], [252, 353], [-1013, -1412]]
[[1, 0], [252, 353], [-764, -1059]]
[[1, 0], [253, 1059], [-257, -1059]]
[[1, 0], [253, 1412], [-255, -1412]]
[[1, 0], [253, 353], [-1017, -1412]]
[[1, 0], [253, 353], [-767, -1059]]
[[1, 0], [253, 706], [-509, -1412]]
[[1, 0], [254, 353], [-1021, -1412]]
[[1, 0], [254, 353], [-770, -1059]]
[[1, 0], [255, 1412], [-257, -1412]]
[[1, 0], [255, 353], [-1025, -1412]]
[[1, 0], [255, 353], [-773, -1059]]
[[1, 0], [255, 706], [-513, -1412]]
[[1, 0], [256, 1059], [-260, -1059]]
[[1, 0], [256, 353], [-1029, -1412]]
[[1, 0], [256, 353], [-776, -1059]]
[[1, 0], [257, 1412], [-259, -1412]]
[[1, 0], [257, 353], [-1033, -1412]]
[[1, 0], [257, 353], [-779, -1059]]
[[1, 0], [257, 706], [-517, -1412]]
[[1, 0], [258, 353], [-1037, -1412]]
[[1, 0], [258, 353], [-782, -1059]]
[[1, 0], [259, 1059], [-263, -1059]]
[[1, 0], [259, 1412], [-261, -1412]]
[[1, 0], [259, 353], [-1041, -1412]]
[[1, 0], [259, 353], [-785, -1059]]
[[1, 0], [259, 706], [-521, -1412]]
[[1, 0], [26, 353], [-109, -1412]]
[[1, 0], [26, 353], [-30, -353]]
[[1, 0], [26, 353], [-86, -1059]]
[[1, 0], [260, 353], [-1045, -1412]]
[[1, 0], [260, 353], [-788, -1059]]
[[1, 0], [261, 1412], [-263, -1412]]
[[1, 0], [261, 353], [-1049, -1412]]
[[1, 0], [261, 353], [-791, -1059]]
[[1, 0], [261, 706], [-525, -1412]]
[[1, 0], [262, 1059], [-266, -1059]]
[[1, 0], [262, 353], [-1053, -1412]]
[[1, 0], [262, 353], [-794, -1059]]
[[1, 0], [263, 1412], [-265, -1412]]
[[1, 0], [263, 353], [-1057, -1412]]
[[1, 0], [263, 353], [-797, -1059]]
[[1, 0], [263, 706], [-529, -1412]]
[[1, 0], [264, 353], [-1061, -1412]]
[[1, 0], [264, 353], [-800, -1059]]
[[1, 0], [265, 1059], [-269, -1059]]
[[1, 0], [265, 1412], [-267, -1412]]
[[1, 0], [265, 353], [-1065, -1412]]
[[1, 0], [265, 353], [-803, -1059]]
[[1, 0], [265, 706], [-533, -1412]]
[[1, 0], [266, 353], [-1069, -1412]]
[[1, 0], [266, 353], [-806, -1059]]
[[1, 0], [267, 1412], [-269, -1412]]
[[1, 0], [267, 353], [-1073, -1412]]
[[1, 0], [267, 353], [-809, -1059]]
[[1, 0], [267, 706], [-537, -1412]]
[[1, 0], [268, 1059], [-272, -1059]]
[[1, 0], [268, 353], [-1077, -1412]]
[[1, 0], [268, 353], [-812, -1059]]
[[1, 0], [269, 1412], [-271, -1412]]
[[1, 0], [269, 353], [-1081, -1412]]
[[1, 0], [269, 353], [-815, -1059]]
[[1, 0], [269, 706], [-541, -1412]]
[[1, 0], [27, 1412], [-29, -1412]]
[[1, 0], [27, 353], [-113, -1412]]
[[1, 0], [27, 353], [-31, -353]]
[[1, 0], [27, 353], [-89, -1059]]
[[1, 0], [27, 706], [-57, -1412]]
[[1, 0], [270, 353], [-1085, -1412]]
[[1, 0], [270, 353], [-818, -1059]]
[[1, 0], [271, 1059], [-275, -1059]]
[[1, 0], [271, 1412], [-273, -1412]]
[[1, 0], [271, 353], [-1089, -1412]]
[[1, 0], [271, 353], [-821, -1059]]
[[1, 0], [271, 706], [-545, -1412]]
[[1, 0], [272, 353], [-1093, -1412]]
[[1, 0], [272, 353], [-824, -1059]]
[[1, 0], [273, 1412], [-275, -1412]]
[[1, 0], [273, 353], [-1097, -1412]]
[[1, 0], [273, 353], [-827, -1059]]
[[1, 0], [273, 706], [-549, -1412]]
[[1, 0], [274, 1059], [-278, -1059]]
[[1, 0], [274, 353], [-1101, -1412]]
[[1, 0], [274, 353], [-830, -1059]]
[[1, 0], [275, 1412], [-277, -1412]]
[[1, 0], [275, 353], [-1105, -1412]]
[[1, 0], [275, 353], [-833, -1059]]
[[1, 0], [275, 706], [-553, -1412]]
[[1, 0], [276, 353], [-1109, -1412]]
[[1, 0], [276, 353], [-836, -1059]]
[[1, 0], [277, 1059], [-281, -1059]]
[[1, 0], [277, 1412], [-279, -1412]]
[[1, 0], [277, 353], [-1113, -1412]]
[[1, 0], [277, 353], [-839, -1059]]
[[1, 0], [277, 706], [-557, -1412]]
[[1, 0], [278, 353], [-1117, -1412]]
[[1, 0], [278, 353], [-842, -1059]]
[[1, 0], [279, 1412], [-281, -1412]]
[[1, 0], [279, 353], [-1121, -1412]]
[[1, 0], [279, 353], [-845, -1059]]
[[1, 0], [279, 706], [-561, -1412]]
[[1, 0], [28, 1059], [-32, -1059]]
[[1, 0], [28, 353], [-117, -1412]]
[[1, 0], [28, 353], [-32, -353]]
[[1, 0], [28, 353], [-92, -1059]]
[[1, 0], [280, 1059], [-284, -1059]]
[[1, 0], [280, 353], [-1125, -1412]]
[[1, 0], [280, 353], [-848, -1059]]
[[1, 0], [281, 1412], [-283, -1412]]
[[1, 0], [281, 353], [-1129, -1412]]
[[1, 0], [281, 353], [-851, -1059]]
[[1, 0], [281, 706], [-565, -1412]]
[[1, 0], [282, 353], [-1133, -1412]]
[[1, 0], [282, 353], [-854, -1059]]
[[1, 0], [283, 1059], [-287, -1059]]
[[1, 0], [283, 1412], [-285, -1412]]
[[1, 0], [283, 353], [-1137, -1412]]
[[1, 0], [283, 353], [-857, -1059]]
[[1, 0], [283, 706], [-569, -1412]]
[[1, 0], [284, 353], [-1141, -1412]]
[[1, 0], [284, 353], [-860, -1059]]
[[1, 0], [285, 1412], [-287, -1412]]
[[1, 0], [285, 353], [-1145, -1412]]
[[1, 0], [285, 353], [-863, -1059]]
[[1, 0], [285, 706], [-573, -1412]]
[[1, 0], [286, 1059], [-290, -1059]]
[[1, 0], [286, 353], [-1149, -1412]]
[[1, 0], [286, 353], [-866, -1059]]
[[1, 0], [287, 1412], [-289, -1412]]
[[1, 0], [287, 353], [-1153, -1412]]
[[1, 0], [287, 353], [-869, -1059]]
[[1, 0], [287, 706], [-577, -1412]]
[[1, 0], [288, 353], [-1157, -1412]]
[[1, 0], [288, 353], [-872, -1059]]
[[1, 0], [289, 1059], [-293, -1059]]
[[1, 0], [289, 1412], [-291, -1412]]
[[1, 0], [289, 353], [-1161, -1412]]
[[1, 0], [289, 353], [-875, -1059]]
[[1, 0], [289, 706], [-581, -1412]]
[[1, 0], [29, 1412], [-31, -1412]]
[[1, 0], [29, 353], [-121, -1412]]
[[1, 0], [29, 353], [-33, -353]]
[[1, 0], [29, 353], [-95, -1059]]
[[1, 0], [29, 706], [-61, -1412]]
[[1, 0], [290, 353], [-1165, -1412]]
[[1, 0], [290, 353], [-878, -1059]]
[[1, 0], [291, 1412], [-293, -1412]]
[[1, 0], [291, 353], [-1169, -1412]]
[[1, 0], [291, 353], [-881, -1059]]
[[1, 0], [291, 706], [-585, -1412]]
[[1, 0], [292, 1059], [-296, -1059]]
[[1, 0], [292, 353], [-1173, -1412]]
[[1, 0], [292, 353], [-884, -1059]]
[[1, 0], [293, 1412], [-295, -1412]]
[[1, 0], [293, 353], [-1177, -1412]]
[[1, 0], [293, 353], [-887, -1059]]
[[1, 0], [293, 706], [-589, -1412]]
[[1, 0], [294, 353], [-1181, -1412]]
[[1, 0], [294, 353], [-890, -1059]]
[[1, 0], [295, 1059], [-299, -1059]]
[[1, 0], [295, 1412], [-297, -1412]]
[[1, 0], [295, 353], [-1185, -1412]]
[[1, 0], [295, 353], [-893, -1059]]
[[1, 0], [295, 706], [-593, -1412]]
[[1, 0], [296, 353], [-1189, -1412]]
[[1, 0], [296, 353], [-896, -1059]]
[[1, 0], [297, 1412], [-299, -1412]]
[[1, 0], [297, 353], [-1193, -1412]]
[[1, 0], [297, 353], [-899, -1059]]
[[1, 0], [297, 706], [-597, -1412]]
[[1, 0], [298, 1059], [-302, -1059]]
[[1, 0], [298, 353], [-1197, -1412]]
[[1, 0], [298, 353], [-902, -1059]]
[[1, 0], [299, 1412], [-301, -1412]]
[[1, 0], [299, 353], [-1201, -1412]]
[[1, 0], [299, 353], [-905, -1059]]
[[1, 0], [299, 706], [-601, -1412]]
[[1, 0], [3, 1412], [-5, -1412]]
[[1, 0], [3, 353], [-17, -1059]]
[[1, 0], [3, 353], [-17, -1412]]
[[1, 0], [3, 353], [-7, -353]]
[[1, 0], [3, 4], [-1009, -404]]
[[1, 0], [3, 4], [-101, -17]]
[[1, 0], [3, 4], [-104, -21]]
[[1, 0], [3, 4], [-10855, -118]]
[[1, 0], [3, 4], [-10857, -356]]
[[1, 0], [3, 4], [-1119, -80]]
[[1, 0], [3, 4], [-13245, -716]]
[[1, 0], [3, 4], [-1413, -1412]]
[[1, 0], [3, 4], [-1421, -12]]
[[1, 0], [3, 4], [-16106, -177]]
[[1, 0], [3, 4], [-1695, -848]]
[[1, 0], [3, 4], [-1869, -374]]
[[1, 0], [3, 4], [-21357, -236]]
[[1, 0], [3, 4], [-2219, -370]]
[[1, 0], [3, 4], [-283, -142]]
[[1, 0], [3, 4], [-31859, -354]]
[[1, 0], [3, 4], [-354, -353]]
[[1, 0], [3, 4], [-359, -8]]
[[1, 0], [3, 4], [-371, -24]]
[[1, 0], [3, 4], [-4859, -360]]
[[1, 0], [3, 4], [-487, -61]]
[[1, 0], [3, 4], [-5604, -59]]
[[1, 0], [3, 4], [-63365, -708]]
[[1, 0], [3, 4], [-707, -472]]
[[1, 0], [3, 4], [-707, -706]]
[[1, 0], [3, 4], [-709, -4]]
[[1, 0], [3, 4], [-887, -6]]
[[1, 0], [3, 706], [-9, -1412]]
[[1, 0], [30, 353], [-125, -1412]]
[[1, 0], [30, 353], [-34, -353]]
[[1, 0], [30, 353], [-98, -1059]]
[[1, 0], [300, 353], [-1205, -1412]]
[[1, 0], [300, 353], [-908, -1059]]
[[1, 0], [301, 1059], [-305, -1059]]
[[1, 0], [301, 1412], [-303, -1412]]
[[1, 0], [301, 353], [-1209, -1412]]
[[1, 0], [301, 353], [-911, -1059]]
[[1, 0], [301, 706], [-605, -1412]]
[[1, 0], [302, 353], [-1213, -1412]]
[[1, 0], [302, 353], [-914, -1059]]
[[1, 0], [303, 1412], [-305, -1412]]
[[1, 0], [303, 353], [-1217, -1412]]
[[1, 0], [303, 353], [-917, -1059]]
[[1, 0], [303, 706], [-609, -1412]]
[[1, 0], [304, 1059], [-308, -1059]]
[[1, 0], [304, 353], [-1221, -1412]]
[[1, 0], [304, 353], [-920, -1059]]
[[1, 0], [305, 1412], [-307, -1412]]
[[1, 0], [305, 353], [-1225, -1412]]
[[1, 0], [305, 353], [-923, -1059]]
[[1, 0], [305, 706], [-613, -1412]]
[[1, 0], [306, 353], [-1229, -1412]]
[[1, 0], [306, 353], [-926, -1059]]
[[1, 0], [307, 1059], [-311, -1059]]
[[1, 0], [307, 1412], [-309, -1412]]
[[1, 0], [307, 353], [-1233, -1412]]
[[1, 0], [307, 353], [-929, -1059]]
[[1, 0], [307, 706], [-617, -1412]]
[[1, 0], [308, 353], [-1237, -1412]]
[[1, 0], [308, 353], [-932, -1059]]
[[1, 0], [309, 1412], [-311, -1412]]
[[1, 0], [309, 353], [-1241, -1412]]
[[1, 0], [309, 353], [-935, -1059]]
[[1, 0], [309, 706], [-621, -1412]]
[[1, 0], [31, 1059], [-35, -1059]]
[[1, 0], [31, 1412], [-33, -1412]]
[[1, 0], [31, 353], [-101, -1059]]
[[1, 0], [31, 353], [-129, -1412]]
[[1, 0], [31, 353], [-35, -353]]
[[1, 0], [31, 60], [-159, -80]]
[[1, 0], [31, 60], [-539, -360]]
[[1, 0], [31, 706], [-65, -1412]]
[[1, 0], [310, 1059], [-314, -1059]]
[[1, 0], [310, 353], [-1245, -1412]]
[[1, 0], [310, 353], [-938, -1059]]
[[1, 0], [311, 1412], [-313, -1412]]
[[1, 0], [311, 353], [-1249, -1412]]
[[1, 0], [311, 353], [-941, -1059]]
[[1, 0], [311, 706], [-625, -1412]]
[[1, 0], [312, 353], [-1253, -1412]]
[[1, 0], [312, 353], [-944, -1059]]
[[1, 0], [313, 1059], [-317, -1059]]
[[1, 0], [313, 1412], [-315, -1412]]
[[1, 0], [313, 353], [-1257, -1412]]
[[1, 0], [313, 353], [-947, -1059]]
[[1, 0], [313, 706], [-629, -1412]]
[[1, 0], [314, 353], [-1261, -1412]]
[[1, 0], [314, 353], [-950, -1059]]
[[1, 0], [315, 1412], [-317, -1412]]
[[1, 0], [315, 353], [-1265, -1412]]
[[1, 0], [315, 353], [-953, -1059]]
[[1, 0], [315, 706], [-633, -1412]]
[[1, 0], [316, 1059], [-320, -1059]]
[[1, 0], [316, 353], [-1269, -1412]]
[[1, 0], [316, 353], [-956, -1059]]
[[1, 0], [317, 1412], [-319, -1412]]
[[1, 0], [317, 353], [-1273, -1412]]
[[1, 0], [317, 353], [-959, -1059]]
[[1, 0], [317, 706], [-637, -1412]]
[[1, 0], [318, 353], [-1277, -1412]]
[[1, 0], [318, 353], [-962, -1059]]
[[1, 0], [319, 1059], [-323, -1059]]
[[1, 0], [319, 1412], [-321, -1412]]
[[1, 0], [319, 353], [-1281, -1412]]
[[1, 0], [319, 353], [-965, -1059]]
[[1, 0], [319, 706], [-641, -1412]]
[[1, 0], [32, 353], [-104, -1059]]
[[1, 0], [32, 353], [-133, -1412]]
[[1, 0], [32, 353], [-36, -353]]
[[1, 0], [320, 353], [-1285, -1412]]
[[1, 0], [320, 353], [-968, -1059]]
[[1, 0], [321, 1412], [-323, -1412]]
[[1, 0], [321, 353], [-1289, -1412]]
[[1, 0], [321, 353], [-971, -1059]]
[[1, 0], [321, 706], [-645, -1412]]
[[1, 0], [322, 1059], [-326, -1059]]
[[1, 0], [322, 353], [-1293, -1412]]
[[1, 0], [322, 353], [-974, -1059]]
[[1, 0], [323, 1412], [-325, -1412]]
[[1, 0], [323, 353], [-1297, -1412]]
[[1, 0], [323, 353], [-977, -1059]]
[[1, 0], [323, 706], [-649, -1412]]
[[1, 0], [324, 353], [-1301, -1412]]
[[1, 0], [324, 353], [-980, -1059]]
[[1, 0], [325, 1059], [-329, -1059]]
[[1, 0], [325, 1412], [-327, -1412]]
[[1, 0], [325, 353], [-1305, -1412]]
[[1, 0], [325, 353], [-983, -1059]]
[[1, 0], [325, 706], [-653, -1412]]
[[1, 0], [326, 353], [-1309, -1412]]
[[1, 0], [326, 353], [-986, -1059]]
[[1, 0], [327, 1412], [-329, -1412]]
[[1, 0], [327, 353], [-1313, -1412]]
[[1, 0], [327, 353], [-989, -1059]]
[[1, 0], [327, 706], [-657, -1412]]
[[1, 0], [328, 1059], [-332, -1059]]
[[1, 0], [328, 353], [-1317, -1412]]
[[1, 0], [328, 353], [-992, -1059]]
[[1, 0], [329, 1412], [-331, -1412]]
[[1, 0], [329, 353], [-1321, -1412]]
[[1, 0], [329, 353], [-995, -1059]]
[[1, 0], [329, 706], [-661, -1412]]
[[1, 0], [33, 1412], [-35, -1412]]
[[1, 0], [33, 353], [-107, -1059]]
[[1, 0], [33, 353], [-137, -1412]]
[[1, 0], [33, 353], [-37, -353]]
[[1, 0], [33, 706], [-69, -1412]]
[[1, 0], [330, 353], [-1325, -1412]]
[[1, 0], [330, 353], [-998, -1059]]
[[1, 0], [331, 1059], [-335, -1059]]
[[1, 0], [331, 1412], [-333, -1412]]
[[1, 0], [331, 353], [-1001, -1059]]
[[1, 0], [331, 353], [-1329, -1412]]
[[1, 0], [331, 706], [-665, -1412]]
[[1, 0], [332, 353], [-1004, -1059]]
[[1, 0], [332, 353], [-1333, -1412]]
[[1, 0], [333, 1412], [-335, -1412]]
[[1, 0], [333, 353], [-1007, -1059]]
[[1, 0], [333, 353], [-1337, -1412]]
[[1, 0], [333, 706], [-669, -1412]]
[[1, 0], [334, 1059], [-338, -1059]]
[[1, 0], [334, 353], [-1010, -1059]]
[[1, 0], [334, 353], [-1341, -1412]]
[[1, 0], [335, 1412], [-337, -1412]]
[[1, 0], [335, 353], [-1013, -1059]]
[[1, 0], [335, 353], [-1345, -1412]]
[[1, 0], [335, 706], [-673, -1412]]
[[1, 0], [336, 353], [-1016, -1059]]
[[1, 0], [336, 353], [-1349, -1412]]
[[1, 0], [337, 1059], [-341, -1059]]
[[1, 0], [337, 1412], [-339, -1412]]
[[1, 0], [337, 353], [-1019, -1059]]
[[1, 0], [337, 353], [-1353, -1412]]
[[1, 0], [337, 706], [-677, -1412]]
[[1, 0], [338, 353], [-1022, -1059]]
[[1, 0], [338, 353], [-1357, -1412]]
[[1, 0], [339, 1412], [-341, -1412]]
[[1, 0], [339, 353], [-1025, -1059]]
[[1, 0], [339, 353], [-1361, -1412]]
[[1, 0], [339, 706], [-681, -1412]]
[[1, 0], [34, 1059], [-38, -1059]]
[[1, 0], [34, 353], [-110, -1059]]
[[1, 0], [34, 353], [-141, -1412]]
[[1, 0], [34, 353], [-38, -353]]
[[1, 0], [340, 1059], [-344, -1059]]
[[1, 0], [340, 353], [-1028, -1059]]
[[1, 0], [340, 353], [-1365, -1412]]
[[1, 0], [341, 1412], [-343, -1412]]
[[1, 0], [341, 353], [-1031, -1059]]
[[1, 0], [341, 353], [-1369, -1412]]
[[1, 0], [341, 706], [-685, -1412]]
[[1, 0], [342, 353], [-1034, -1059]]
[[1, 0], [342, 353], [-1373, -1412]]
[[1, 0], [342, 353], [-346, -353]]
[[1, 0], [343, 1059], [-347, -1059]]
[[1, 0], [343, 1412], [-345, -1412]]
[[1, 0], [343, 353], [-1037, -1059]]
[[1, 0], [343, 353], [-1377, -1412]]
[[1, 0], [343, 706], [-689, -1412]]
[[1, 0], [344, 353], [-1040, -1059]]
[[1, 0], [344, 353], [-1381, -1412]]
[[1, 0], [345, 1412], [-347, -1412]]
[[1, 0], [345, 353], [-1043, -1059]]
[[1, 0], [345, 353], [-1385, -1412]]
[[1, 0], [345, 706], [-693, -1412]]
[[1, 0], [346, 1059], [-350, -1059]]
[[1, 0], [346, 353], [-1046, -1059]]
[[1, 0], [346, 353], [-1389, -1412]]
[[1, 0], [347, 1412], [-349, -1412]]
[[1, 0], [347, 353], [-1049, -1059]]
[[1, 0], [347, 353], [-1393, -1412]]
[[1, 0], [347, 706], [-697, -1412]]
[[1, 0], [348, 353], [-1052, -1059]]
[[1, 0], [348, 353], [-1397, -1412]]
[[1, 0], [349, 1412], [-351, -1412]]
[[1, 0], [349, 353], [-1055, -1059]]
[[1, 0], [349, 353], [-1401, -1412]]
[[1, 0], [349, 706], [-701, -1412]]
[[1, 0], [35, 1412], [-37, -1412]]
[[1, 0], [35, 353], [-113, -1059]]
[[1, 0], [35, 353], [-145, -1412]]
[[1, 0], [35, 353], [-39, -353]]
[[1, 0], [35, 706], [-73, -1412]]
[[1, 0], [350, 353], [-1058, -1059]]
[[1, 0], [350, 353], [-1405, -1412]]
[[1, 0], [350, 353], [-354, -353]]
[[1, 0], [351, 353], [-1061, -1059]]
[[1, 0], [351, 353], [-1409, -1412]]
[[1, 0], [351, 353], [-355, -353]]
[[1, 0], [351, 706], [-705, -1412]]
[[1, 0], [352, 1059], [-356, -1059]]
[[1, 0], [352, 353], [-1064, -1059]]
[[1, 0], [352, 353], [-1413, -1412]]
[[1, 0], [355, 1059], [-359, -1059]]
[[1, 0], [355, 1412], [-357, -1412]]
[[1, 0], [355, 706], [-713, -1412]]
[[1, 0], [355, 708], [-1061, -708]]
[[1, 0], [357, 1412], [-359, -1412]]
[[1, 0], [357, 706], [-717, -1412]]
[[1, 0], [358, 1059], [-362, -1059]]
[[1, 0], [359, 1412], [-361, -1412]]
[[1, 0], [359, 706], [-721, -1412]]
[[1, 0], [36, 353], [-116, -1059]]
[[1, 0], [36, 353], [-149, -1412]]
[[1, 0], [36, 353], [-40, -353]]
[[1, 0], [361, 1059], [-365, -1059]]
[[1, 0], [361, 1412], [-363, -1412]]
[[1, 0], [361, 706], [-725, -1412]]
[[1, 0], [363, 1412], [-365, -1412]]
[[1, 0], [363, 706], [-729, -1412]]
[[1, 0], [364, 1059], [-368, -1059]]
[[1, 0], [365, 1412], [-367, -1412]]
[[1, 0], [365, 706], [-733, -1412]]
[[1, 0], [367, 1059], [-371, -1059]]
[[1, 0], [367, 1412], [-369, -1412]]
[[1, 0], [367, 706], [-737, -1412]]
[[1, 0], [369, 1412], [-371, -1412]]
[[1, 0], [369, 706], [-741, -1412]]
[[1, 0], [37, 1059], [-41, -1059]]
[[1, 0], [37, 1412], [-39, -1412]]
[[1, 0], [37, 353], [-119, -1059]]
[[1, 0], [37, 353], [-153, -1412]]
[[1, 0], [37, 353], [-41, -353]]
[[1, 0], [37, 706], [-77, -1412]]
[[1, 0], [37, 72], [-269, -180]]
[[1, 0], [370, 1059], [-374, -1059]]
[[1, 0], [371, 1412], [-373, -1412]]
[[1, 0], [371, 706], [-745, -1412]]
[[1, 0], [373, 1059], [-377, -1059]]
[[1, 0], [373, 1412], [-375, -1412]]
[[1, 0], [373, 706], [-749, -1412]]
[[1, 0], [375, 1412], [-377, -1412]]
[[1, 0], [375, 706], [-753, -1412]]
[[1, 0], [376, 1059], [-380, -1059]]
[[1, 0], [377, 1412], [-379, -1412]]
[[1, 0], [377, 706], [-757, -1412]]
[[1, 0], [379, 1059], [-383, -1059]]
[[1, 0], [379, 1412], [-381, -1412]]
[[1, 0], [379, 706], [-761, -1412]]
[[1, 0], [38, 353], [-122, -1059]]
[[1, 0], [38, 353], [-157, -1412]]
[[1, 0], [38, 353], [-42, -353]]
[[1, 0], [381, 1412], [-383, -1412]]
[[1, 0], [381, 706], [-765, -1412]]
[[1, 0], [382, 1059], [-386, -1059]]
[[1, 0], [383, 1412], [-385, -1412]]
[[1, 0], [383, 706], [-769, -1412]]
[[1, 0], [385, 1059], [-389, -1059]]
[[1, 0], [385, 1412], [-387, -1412]]
[[1, 0], [385, 706], [-773, -1412]]
[[1, 0], [387, 1412], [-389, -1412]]
[[1, 0], [387, 706], [-777, -1412]]
[[1, 0], [388, 1059], [-392, -1059]]
[[1, 0], [389, 1412], [-391, -1412]]
[[1, 0], [389, 706], [-781, -1412]]
[[1, 0], [39, 1412], [-41, -1412]]
[[1, 0], [39, 353], [-125, -1059]]
[[1, 0], [39, 353], [-161, -1412]]
[[1, 0], [39, 353], [-43, -353]]
[[1, 0], [39, 706], [-81, -1412]]
[[1, 0], [391, 1059], [-395, -1059]]
[[1, 0], [391, 1412], [-393, -1412]]
[[1, 0], [391, 706], [-785, -1412]]
[[1, 0], [393, 1412], [-395, -1412]]
[[1, 0], [393, 706], [-789, -1412]]
[[1, 0], [394, 1059], [-398, -1059]]
[[1, 0], [395, 1412], [-397, -1412]]
[[1, 0], [395, 706], [-793, -1412]]
[[1, 0], [397, 1059], [-401, -1059]]
[[1, 0], [397, 1412], [-399, -1412]]
[[1, 0], [397, 706], [-797, -1412]]
[[1, 0], [399, 1412], [-401, -1412]]
[[1, 0], [399, 706], [-801, -1412]]
[[1, 0], [4, 1059], [-8, -1059]]
[[1, 0], [4, 353], [-20, -1059]]
[[1, 0], [4, 353], [-21, -1412]]
[[1, 0], [4, 353], [-8, -353]]
[[1, 0], [40, 1059], [-44, -1059]]
[[1, 0], [40, 353], [-128, -1059]]
[[1, 0], [40, 353], [-165, -1412]]
[[1, 0], [40, 353], [-44, -353]]
[[1, 0], [400, 1059], [-404, -1059]]
[[1, 0], [401, 1412], [-403, -1412]]
[[1, 0], [401, 706], [-805, -1412]]
[[1, 0], [403, 1059], [-407, -1059]]
[[1, 0], [403, 1412], [-405, -1412]]
[[1, 0], [403, 706], [-809, -1412]]
[[1, 0], [405, 1412], [-407, -1412]]
[[1, 0], [405, 706], [-813, -1412]]
[[1, 0], [406, 1059], [-410, -1059]]
[[1, 0], [407, 1412], [-409, -1412]]
[[1, 0], [407, 706], [-817, -1412]]
[[1, 0], [409, 1059], [-413, -1059]]
[[1, 0], [409, 1412], [-411, -1412]]
[[1, 0], [409, 706], [-821, -1412]]
[[1, 0], [41, 1412], [-43, -1412]]
[[1, 0], [41, 353], [-131, -1059]]
[[1, 0], [41, 353], [-169, -1412]]
[[1, 0], [41, 353], [-45, -353]]
[[1, 0], [41, 706], [-85, -1412]]
[[1, 0], [41, 80], [-215, -144]]
[[1, 0], [411, 1412], [-413, -1412]]
[[1, 0], [411, 706], [-825, -1412]]
[[1, 0], [412, 1059], [-416, -1059]]
[[1, 0], [413, 1412], [-415, -1412]]
[[1, 0], [413, 706], [-829, -1412]]
[[1, 0], [415, 1059], [-419, -1059]]
[[1, 0], [415, 1412], [-417, -1412]]
[[1, 0], [415, 706], [-833, -1412]]
[[1, 0], [417, 1412], [-419, -1412]]
[[1, 0], [417, 706], [-837, -1412]]
[[1, 0], [418, 1059], [-422, -1059]]
[[1, 0], [419, 1412], [-421, -1412]]
[[1, 0], [419, 706], [-841, -1412]]
[[1, 0], [42, 353], [-134, -1059]]
[[1, 0], [42, 353], [-173, -1412]]
[[1, 0], [42, 353], [-46, -353]]
[[1, 0], [421, 1059], [-425, -1059]]
[[1, 0], [421, 1412], [-423, -1412]]
[[1, 0], [421, 706], [-845, -1412]]
[[1, 0], [423, 1412], [-425, -1412]]
[[1, 0], [423, 706], [-849, -1412]]
[[1, 0], [424, 1059], [-428, -1059]]
[[1, 0], [425, 1412], [-427, -1412]]
[[1, 0], [425, 706], [-853, -1412]]
[[1, 0], [427, 1059], [-431, -1059]]
[[1, 0], [427, 1412], [-429, -1412]]
[[1, 0], [427, 706], [-857, -1412]]
[[1, 0], [429, 1412], [-431, -1412]]
[[1, 0], [429, 706], [-861, -1412]]
[[1, 0], [43, 1059], [-47, -1059]]
[[1, 0], [43, 1412], [-45, -1412]]
[[1, 0], [43, 353], [-137, -1059]]
[[1, 0], [43, 353], [-177, -1412]]
[[1, 0], [43, 353], [-47, -353]]
[[1, 0], [43, 706], [-89, -1412]]
[[1, 0], [430, 1059], [-434, -1059]]
[[1, 0], [431, 1412], [-433, -1412]]
[[1, 0], [431, 706], [-865, -1412]]
[[1, 0], [433, 1059], [-437, -1059]]
[[1, 0], [433, 1412], [-435, -1412]]
[[1, 0], [433, 706], [-869, -1412]]
[[1, 0], [435, 1412], [-437, -1412]]
[[1, 0], [435, 706], [-873, -1412]]
[[1, 0], [436, 1059], [-440, -1059]]
[[1, 0], [437, 1412], [-439, -1412]]
[[1, 0], [437, 706], [-877, -1412]]
[[1, 0], [439, 1059], [-443, -1059]]
[[1, 0], [439, 1412], [-441, -1412]]
[[1, 0], [439, 706], [-881, -1412]]
[[1, 0], [44, 353], [-140, -1059]]
[[1, 0], [44, 353], [-181, -1412]]
[[1, 0], [44, 353], [-48, -353]]
[[1, 0], [441, 1412], [-443, -1412]]
[[1, 0], [441, 706], [-885, -1412]]
[[1, 0], [442, 1059], [-446, -1059]]
[[1, 0], [443, 1412], [-445, -1412]]
[[1, 0], [443, 706], [-889, -1412]]
[[1, 0], [445, 1059], [-449, -1059]]
[[1, 0], [445, 1412], [-447, -1412]]
[[1, 0], [445, 706], [-893, -1412]]
[[1, 0], [447, 1412], [-449, -1412]]
[[1, 0], [447, 706], [-897, -1412]]
[[1, 0], [448, 1059], [-452, -1059]]
[[1, 0], [449, 1412], [-451, -1412]]
[[1, 0], [449, 706], [-901, -1412]]
[[1, 0], [45, 1412], [-47, -1412]]
[[1, 0], [45, 353], [-143, -1059]]
[[1, 0], [45, 353], [-185, -1412]]
[[1, 0], [45, 353], [-49, -353]]
[[1, 0], [45, 706], [-93, -1412]]
[[1, 0], [451, 1059], [-455, -1059]]
[[1, 0], [451, 1412], [-453, -1412]]
[[1, 0], [451, 706], [-905, -1412]]
[[1, 0], [453, 1412], [-455, -1412]]
[[1, 0], [453, 706], [-909, -1412]]
[[1, 0], [454, 1059], [-458, -1059]]
[[1, 0], [455, 1412], [-457, -1412]]
[[1, 0], [455, 706], [-913, -1412]]
[[1, 0], [457, 1059], [-461, -1059]]
[[1, 0], [457, 1412], [-459, -1412]]
[[1, 0], [457, 706], [-917, -1412]]
[[1, 0], [459, 1412], [-461, -1412]]
[[1, 0], [459, 706], [-921, -1412]]
[[1, 0], [46, 1059], [-50, -1059]]
[[1, 0], [46, 353], [-146, -1059]]
[[1, 0], [46, 353], [-189, -1412]]
[[1, 0], [46, 353], [-50, -353]]
[[1, 0], [460, 1059], [-464, -1059]]
[[1, 0], [461, 1412], [-463, -1412]]
[[1, 0], [461, 706], [-925, -1412]]
[[1, 0], [463, 1059], [-467, -1059]]
[[1, 0], [463, 1412], [-465, -1412]]
[[1, 0], [463, 706], [-929, -1412]]
[[1, 0], [465, 1412], [-467, -1412]]
[[1, 0], [465, 706], [-933, -1412]]
[[1, 0], [466, 1059], [-470, -1059]]
[[1, 0], [467, 1412], [-469, -1412]]
[[1, 0], [467, 706], [-937, -1412]]
[[1, 0], [469, 1059], [-473, -1059]]
[[1, 0], [469, 1412], [-471, -1412]]
[[1, 0], [469, 706], [-941, -1412]]
[[1, 0], [47, 1412], [-49, -1412]]
[[1, 0], [47, 353], [-149, -1059]]
[[1, 0], [47, 353], [-193, -1412]]
[[1, 0], [47, 353], [-51, -353]]
[[1, 0], [47, 706], [-97, -1412]]
[[1, 0], [471, 1412], [-473, -1412]]
[[1, 0], [471, 706], [-945, -1412]]
[[1, 0], [472, 1059], [-476, -1059]]
[[1, 0], [473, 1412], [-475, -1412]]
[[1, 0], [473, 706], [-949, -1412]]
[[1, 0], [475, 1059], [-479, -1059]]
[[1, 0], [475, 1412], [-477, -1412]]
[[1, 0], [475, 706], [-953, -1412]]
[[1, 0], [477, 1412], [-479, -1412]]
[[1, 0], [477, 706], [-957, -1412]]
[[1, 0], [478, 1059], [-482, -1059]]
[[1, 0], [479, 1412], [-481, -1412]]
[[1, 0], [479, 706], [-961, -1412]]
[[1, 0], [48, 353], [-152, -1059]]
[[1, 0], [48, 353], [-197, -1412]]
[[1, 0], [48, 353], [-52, -353]]
[[1, 0], [481, 1059], [-485, -1059]]
[[1, 0], [481, 1412], [-483, -1412]]
[[1, 0], [481, 706], [-965, -1412]]
[[1, 0], [483, 1412], [-485, -1412]]
[[1, 0], [483, 706], [-969, -1412]]
[[1, 0], [484, 1059], [-488, -1059]]
[[1, 0], [485, 1412], [-487, -1412]]
[[1, 0], [485, 706], [-973, -1412]]
[[1, 0], [487, 1059], [-491, -1059]]
[[1, 0], [487, 1412], [-489, -1412]]
[[1, 0], [487, 706], [-977, -1412]]
[[1, 0], [489, 1412], [-491, -1412]]
[[1, 0], [489, 706], [-981, -1412]]
[[1, 0], [49, 1059], [-53, -1059]]
[[1, 0], [49, 1412], [-51, -1412]]
[[1, 0], [49, 353], [-155, -1059]]
[[1, 0], [49, 353], [-201, -1412]]
[[1, 0], [49, 353], [-53, -353]]
[[1, 0], [49, 706], [-101, -1412]]
[[1, 0], [490, 1059], [-494, -1059]]
[[1, 0], [491, 1412], [-493, -1412]]
[[1, 0], [491, 706], [-985, -1412]]
[[1, 0], [493, 1059], [-497, -1059]]
[[1, 0], [493, 1412], [-495, -1412]]
[[1, 0], [493, 706], [-989, -1412]]
[[1, 0], [495, 1412], [-497, -1412]]
[[1, 0], [495, 706], [-993, -1412]]
[[1, 0], [496, 1059], [-500, -1059]]
[[1, 0], [497, 1412], [-499, -1412]]
[[1, 0], [497, 706], [-997, -1412]]
[[1, 0], [499, 1059], [-503, -1059]]
[[1, 0], [499, 1412], [-501, -1412]]
[[1, 0], [499, 706], [-1001, -1412]]
[[1, 0], [5, 353], [-23, -1059]]
[[1, 0], [5, 353], [-25, -1412]]
[[1, 0], [5, 353], [-9, -353]]
[[1, 0], [5, 706], [-13, -1412]]
[[1, 0], [5, 8], [-11035, -712]]
[[1, 0], [5, 8], [-1115, -372]]
[[1, 0], [5, 8], [-1211, -808]]
[[1, 0], [5, 8], [-189, -20]]
[[1, 0], [5, 8], [-193, -97]]
[[1, 0], [5, 8], [-237, -238]]
[[1, 0], [5, 8], [-2847, -178]]
[[1, 0], [5, 8], [-383, -48]]
[[1, 0], [5, 8], [-454, -91]]
[[1, 0], [5, 8], [-5039, -720]]
[[1, 0], [5, 8], [-56, -19]]
[[1, 0], [5, 8], [-943, -944]]
[[1, 0], [5, 8], [-97, -14]]
[[1, 0], [50, 353], [-158, -1059]]
[[1, 0], [50, 353], [-205, -1412]]
[[1, 0], [50, 353], [-54, -353]]
[[1, 0], [501, 1412], [-503, -1412]]
[[1, 0], [501, 706], [-1005, -1412]]
[[1, 0], [502, 1059], [-506, -1059]]
[[1, 0], [503, 1412], [-505, -1412]]
[[1, 0], [503, 706], [-1009, -1412]]
[[1, 0], [505, 1059], [-509, -1059]]
[[1, 0], [505, 1412], [-507, -1412]]
[[1, 0], [505, 706], [-1013, -1412]]
[[1, 0], [507, 1412], [-509, -1412]]
[[1, 0], [507, 706], [-1017, -1412]]
[[1, 0], [508, 1059], [-512, -1059]]
[[1, 0], [509, 1412], [-511, -1412]]
[[1, 0], [509, 706], [-1021, -1412]]
[[1, 0], [51, 1412], [-53, -1412]]
[[1, 0], [51, 353], [-161, -1059]]
[[1, 0], [51, 353], [-209, -1412]]
[[1, 0], [51, 353], [-55, -353]]
[[1, 0], [51, 706], [-105, -1412]]
[[1, 0], [511, 1059], [-515, -1059]]
[[1, 0], [511, 1412], [-513, -1412]]
[[1, 0], [511, 706], [-1025, -1412]]
[[1, 0], [513, 1412], [-515, -1412]]
[[1, 0], [513, 706], [-1029, -1412]]
[[1, 0], [514, 1059], [-518, -1059]]
[[1, 0], [515, 1412], [-517, -1412]]
[[1, 0], [515, 706], [-1033, -1412]]
[[1, 0], [517, 1059], [-521, -1059]]
[[1, 0], [517, 1412], [-519, -1412]]
[[1, 0], [517, 706], [-1037, -1412]]
[[1, 0], [519, 1412], [-521, -1412]]
[[1, 0], [519, 706], [-1041, -1412]]
[[1, 0], [52, 1059], [-56, -1059]]
[[1, 0], [52, 353], [-164, -1059]]
[[1, 0], [52, 353], [-213, -1412]]
[[1, 0], [52, 353], [-56, -353]]
[[1, 0], [520, 1059], [-524, -1059]]
[[1, 0], [521, 1412], [-523, -1412]]
[[1, 0], [521, 706], [-1045, -1412]]
[[1, 0], [523, 1059], [-527, -1059]]
[[1, 0], [523, 1412], [-525, -1412]]
[[1, 0], [523, 706], [-1049, -1412]]
[[1, 0], [525, 1412], [-527, -1412]]
[[1, 0], [525, 706], [-1053, -1412]]
[[1, 0], [526, 1059], [-530, -1059]]
[[1, 0], [527, 1412], [-529, -1412]]
[[1, 0], [527, 706], [-1057, -1412]]
[[1, 0], [529, 1412], [-531, -1412]]
[[1, 0], [529, 706], [-1061, -1412]]
[[1, 0], [53, 104], [-181, -182]]
[[1, 0], [53, 1412], [-55, -1412]]
[[1, 0], [53, 353], [-167, -1059]]
[[1, 0], [53, 353], [-217, -1412]]
[[1, 0], [53, 353], [-57, -353]]
[[1, 0], [53, 706], [-109, -1412]]
[[1, 0], [531, 1412], [-533, -1412]]
[[1, 0], [531, 706], [-1065, -1412]]
[[1, 0], [533, 1412], [-535, -1412]]
[[1, 0], [533, 706], [-1069, -1412]]
[[1, 0], [535, 1412], [-537, -1412]]
[[1, 0], [535, 706], [-1073, -1412]]
[[1, 0], [537, 1412], [-539, -1412]]
[[1, 0], [537, 706], [-1077, -1412]]
[[1, 0], [539, 1412], [-541, -1412]]
[[1, 0], [539, 706], [-1081, -1412]]
[[1, 0], [54, 353], [-170, -1059]]
[[1, 0], [54, 353], [-221, -1412]]
[[1, 0], [54, 353], [-58, -353]]
[[1, 0], [541, 1412], [-543, -1412]]
[[1, 0], [541, 706], [-1085, -1412]]
[[1, 0], [543, 1412], [-545, -1412]]
[[1, 0], [543, 706], [-1089, -1412]]
[[1, 0], [545, 1412], [-547, -1412]]
[[1, 0], [545, 706], [-1093, -1412]]
[[1, 0], [547, 1412], [-549, -1412]]
[[1, 0], [547, 706], [-1097, -1412]]
[[1, 0], [549, 1412], [-551, -1412]]
[[1, 0], [549, 706], [-1101, -1412]]
[[1, 0], [55, 1059], [-59, -1059]]
[[1, 0], [55, 1412], [-57, -1412]]
[[1, 0], [55, 353], [-173, -1059]]
[[1, 0], [55, 353], [-225, -1412]]
[[1, 0], [55, 353], [-59, -353]]
[[1, 0], [55, 706], [-113, -1412]]
[[1, 0], [551, 1412], [-553, -1412]]
[[1, 0], [551, 706], [-1105, -1412]]
[[1, 0], [553, 1412], [-555, -1412]]
[[1, 0], [553, 706], [-1109, -1412]]
[[1, 0], [555, 1412], [-557, -1412]]
[[1, 0], [555, 706], [-1113, -1412]]
[[1, 0], [557, 1412], [-559, -1412]]
[[1, 0], [557, 706], [-1117, -1412]]
[[1, 0], [559, 1412], [-561, -1412]]
[[1, 0], [559, 706], [-1121, -1412]]
[[1, 0], [56, 353], [-176, -1059]]
[[1, 0], [56, 353], [-229, -1412]]
[[1, 0], [56, 353], [-60, -353]]
[[1, 0], [561, 1412], [-563, -1412]]
[[1, 0], [561, 706], [-1125, -1412]]
[[1, 0], [563, 1412], [-565, -1412]]
[[1, 0], [563, 706], [-1129, -1412]]
[[1, 0], [565, 1412], [-567, -1412]]
[[1, 0], [565, 706], [-1133, -1412]]
[[1, 0], [567, 1412], [-569, -1412]]
[[1, 0], [567, 706], [-1137, -1412]]
[[1, 0], [569, 1412], [-571, -1412]]
[[1, 0], [569, 706], [-1141, -1412]]
[[1, 0], [57, 1412], [-59, -1412]]
[[1, 0], [57, 353], [-179, -1059]]
[[1, 0], [57, 353], [-233, -1412]]
[[1, 0], [57, 353], [-61, -353]]
[[1, 0], [57, 706], [-117, -1412]]
[[1, 0], [571, 1412], [-573, -1412]]
[[1, 0], [571, 706], [-1145, -1412]]
[[1, 0], [573, 1412], [-575, -1412]]
[[1, 0], [573, 706], [-1149, -1412]]
[[1, 0], [575, 1412], [-577, -1412]]
[[1, 0], [575, 706], [-1153, -1412]]
[[1, 0], [577, 1412], [-579, -1412]]
[[1, 0], [577, 706], [-1157, -1412]]
[[1, 0], [579, 1412], [-581, -1412]]
[[1, 0], [579, 706], [-1161, -1412]]
[[1, 0], [58, 1059], [-62, -1059]]
[[1, 0], [58, 353], [-182, -1059]]
[[1, 0], [58, 353], [-237, -1412]]
[[1, 0], [58, 353], [-62, -353]]
[[1, 0], [581, 1412], [-583, -1412]]
[[1, 0], [581, 706], [-1165, -1412]]
[[1, 0], [583, 1412], [-585, -1412]]
[[1, 0], [583, 706], [-1169, -1412]]
[[1, 0], [585, 1412], [-587, -1412]]
[[1, 0], [585, 706], [-1173, -1412]]
[[1, 0], [587, 1412], [-589, -1412]]
[[1, 0], [587, 706], [-1177, -1412]]
[[1, 0], [589, 1412], [-591, -1412]]
[[1, 0], [589, 706], [-1181, -1412]]
[[1, 0], [59, 1412], [-61, -1412]]
[[1, 0], [59, 353], [-185, -1059]]
[[1, 0], [59, 353], [-241, -1412]]
[[1, 0], [59, 353], [-63, -353]]
[[1, 0], [59, 706], [-121, -1412]]
[[1, 0], [591, 1412], [-593, -1412]]
[[1, 0], [591, 706], [-1185, -1412]]
[[1, 0], [593, 1412], [-595, -1412]]
[[1, 0], [593, 706], [-1189, -1412]]
[[1, 0], [595, 1412], [-597, -1412]]
[[1, 0], [595, 706], [-1193, -1412]]
[[1, 0], [597, 1412], [-599, -1412]]
[[1, 0], [597, 706], [-1197, -1412]]
[[1, 0], [599, 1412], [-601, -1412]]
[[1, 0], [599, 706], [-1201, -1412]]
[[1, 0], [6, 353], [-10, -353]]
[[1, 0], [6, 353], [-26, -1059]]
[[1, 0], [6, 353], [-29, -1412]]
[[1, 0], [60, 353], [-188, -1059]]
[[1, 0], [60, 353], [-245, -1412]]
[[1, 0], [60, 353], [-64, -353]]
[[1, 0], [601, 1412], [-603, -1412]]
[[1, 0], [601, 706], [-1205, -1412]]
[[1, 0], [603, 1412], [-605, -1412]]
[[1, 0], [603, 706], [-1209, -1412]]
[[1, 0], [605, 1412], [-607, -1412]]
[[1, 0], [605, 706], [-1213, -1412]]
[[1, 0], [607, 1412], [-609, -1412]]
[[1, 0], [607, 706], [-1217, -1412]]
[[1, 0], [609, 1412], [-611, -1412]]
[[1, 0], [609, 706], [-1221, -1412]]
[[1, 0], [61, 1059], [-65, -1059]]
[[1, 0], [61, 120], [-719, -720]]
[[1, 0], [61, 1412], [-63, -1412]]
[[1, 0], [61, 353], [-191, -1059]]
[[1, 0], [61, 353], [-249, -1412]]
[[1, 0], [61, 353], [-65, -353]]
[[1, 0], [61, 706], [-125, -1412]]
[[1, 0], [611, 1412], [-613, -1412]]
[[1, 0], [611, 706], [-1225, -1412]]
[[1, 0], [613, 1412], [-615, -1412]]
[[1, 0], [613, 706], [-1229, -1412]]
[[1, 0], [615, 1412], [-617, -1412]]
[[1, 0], [615, 706], [-1233, -1412]]
[[1, 0], [617, 1412], [-619, -1412]]
[[1, 0], [617, 706], [-1237, -1412]]
[[1, 0], [619, 1412], [-621, -1412]]
[[1, 0], [619, 706], [-1241, -1412]]
[[1, 0], [62, 353], [-194, -1059]]
[[1, 0], [62, 353], [-253, -1412]]
[[1, 0], [62, 353], [-66, -353]]
[[1, 0], [621, 1412], [-623, -1412]]
[[1, 0], [621, 706], [-1245, -1412]]
[[1, 0], [623, 1412], [-625, -1412]]
[[1, 0], [623, 706], [-1249, -1412]]
[[1, 0], [625, 1412], [-627, -1412]]
[[1, 0], [625, 706], [-1253, -1412]]
[[1, 0], [627, 1412], [-629, -1412]]
[[1, 0], [627, 706], [-1257, -1412]]
[[1, 0], [629, 1412], [-631, -1412]]
[[1, 0], [629, 706], [-1261, -1412]]
[[1, 0], [63, 1412], [-65, -1412]]
[[1, 0], [63, 353], [-197, -1059]]
[[1, 0], [63, 353], [-257, -1412]]
[[1, 0], [63, 353], [-67, -353]]
[[1, 0], [63, 706], [-129, -1412]]
[[1, 0], [631, 1412], [-633, -1412]]
[[1, 0], [631, 706], [-1265, -1412]]
[[1, 0], [633, 1412], [-635, -1412]]
[[1, 0], [633, 706], [-1269, -1412]]
[[1, 0], [635, 1412], [-637, -1412]]
[[1, 0], [635, 706], [-1273, -1412]]
[[1, 0], [637, 1412], [-639, -1412]]
[[1, 0], [637, 706], [-1277, -1412]]
[[1, 0], [639, 1412], [-641, -1412]]
[[1, 0], [639, 706], [-1281, -1412]]
[[1, 0], [64, 1059], [-68, -1059]]
[[1, 0], [64, 353], [-200, -1059]]
[[1, 0], [64, 353], [-261, -1412]]
[[1, 0], [64, 353], [-68, -353]]
[[1, 0], [641, 1412], [-643, -1412]]
[[1, 0], [641, 706], [-1285, -1412]]
[[1, 0], [643, 1412], [-645, -1412]]
[[1, 0], [643, 706], [-1289, -1412]]
[[1, 0], [645, 1412], [-647, -1412]]
[[1, 0], [645, 706], [-1293, -1412]]
[[1, 0], [647, 1412], [-649, -1412]]
[[1, 0], [647, 706], [-1297, -1412]]
[[1, 0], [649, 1412], [-651, -1412]]
[[1, 0], [649, 706], [-1301, -1412]]
[[1, 0], [65, 1412], [-67, -1412]]
[[1, 0], [65, 353], [-203, -1059]]
[[1, 0], [65, 353], [-265, -1412]]
[[1, 0], [65, 353], [-69, -353]]
[[1, 0], [65, 706], [-133, -1412]]
[[1, 0], [651, 1412], [-653, -1412]]
[[1, 0], [651, 706], [-1305, -1412]]
[[1, 0], [653, 1412], [-655, -1412]]
[[1, 0], [653, 706], [-1309, -1412]]
[[1, 0], [655, 1412], [-657, -1412]]
[[1, 0], [655, 706], [-1313, -1412]]
[[1, 0], [657, 1412], [-659, -1412]]
[[1, 0], [657, 706], [-1317, -1412]]
[[1, 0], [659, 1412], [-661, -1412]]
[[1, 0], [659, 706], [-1321, -1412]]
[[1, 0], [66, 353], [-206, -1059]]
[[1, 0], [66, 353], [-269, -1412]]
[[1, 0], [66, 353], [-70, -353]]
[[1, 0], [661, 1412], [-663, -1412]]
[[1, 0], [661, 706], [-1325, -1412]]
[[1, 0], [663, 1412], [-665, -1412]]
[[1, 0], [663, 706], [-1329, -1412]]
[[1, 0], [665, 1412], [-667, -1412]]
[[1, 0], [665, 706], [-1333, -1412]]
[[1, 0], [667, 1412], [-669, -1412]]
[[1, 0], [667, 706], [-1337, -1412]]
[[1, 0], [669, 1412], [-671, -1412]]
[[1, 0], [669, 706], [-1341, -1412]]
[[1, 0], [67, 1059], [-71, -1059]]
[[1, 0], [67, 1412], [-69, -1412]]
[[1, 0], [67, 353], [-209, -1059]]
[[1, 0], [67, 353], [-273, -1412]]
[[1, 0], [67, 353], [-71, -353]]
[[1, 0], [67, 706], [-137, -1412]]
[[1, 0], [671, 1412], [-673, -1412]]
[[1, 0], [671, 706], [-1345, -1412]]
[[1, 0], [673, 1412], [-675, -1412]]
[[1, 0], [673, 706], [-1349, -1412]]
[[1, 0], [675, 1412], [-677, -1412]]
[[1, 0], [675, 706], [-1353, -1412]]
[[1, 0], [677, 1412], [-679, -1412]]
[[1, 0], [677, 706], [-1357, -1412]]
[[1, 0], [679, 1412], [-681, -1412]]
[[1, 0], [679, 706], [-1361, -1412]]
[[1, 0], [68, 353], [-212, -1059]]
[[1, 0], [68, 353], [-277, -1412]]
[[1, 0], [68, 353], [-72, -353]]
[[1, 0], [681, 1412], [-683, -1412]]
[[1, 0], [681, 706], [-1365, -1412]]
[[1, 0], [683, 1412], [-685, -1412]]
[[1, 0], [683, 706], [-1369, -1412]]
[[1, 0], [685, 1412], [-687, -1412]]
[[1, 0], [685, 706], [-1373, -1412]]
[[1, 0], [687, 1412], [-689, -1412]]
[[1, 0], [687, 706], [-1377, -1412]]
[[1, 0], [689, 1412], [-691, -1412]]
[[1, 0], [689, 706], [-1381, -1412]]
[[1, 0], [69, 1412], [-71, -1412]]
[[1, 0], [69, 353], [-215, -1059]]
[[1, 0], [69, 353], [-281, -1412]]
[[1, 0], [69, 353], [-73, -353]]
[[1, 0], [69, 706], [-141, -1412]]
[[1, 0], [691, 1412], [-693, -1412]]
[[1, 0], [691, 706], [-1385, -1412]]
[[1, 0], [693, 1412], [-695, -1412]]
[[1, 0], [693, 706], [-1389, -1412]]
[[1, 0], [695, 1412], [-697, -1412]]
[[1, 0], [695, 706], [-1393, -1412]]
[[1, 0], [697, 1412], [-699, -1412]]
[[1, 0], [697, 706], [-1397, -1412]]
[[1, 0], [699, 1412], [-701, -1412]]
[[1, 0], [699, 706], [-1401, -1412]]
[[1, 0], [7, 12], [-10973, -354]]
[[1, 0], [7, 12], [-1199, -240]]
[[1, 0], [7, 12], [-125, -63]]
[[1, 0], [7, 12], [-127, -16]]
[[1, 0], [7, 12], [-2123, -59]]
[[1, 0], [7, 12], [-21593, -708]]
[[1, 0], [7, 12], [-3893, -118]]
[[1, 0], [7, 12], [-395, -72]]
[[1, 0], [7, 12], [-425, -426]]
[[1, 0], [7, 12], [-548, -183]]
[[1, 0], [7, 12], [-5663, -177]]
[[1, 0], [7, 12], [-713, -12]]
[[1, 0], [7, 12], [-72, -73]]
[[1, 0], [7, 12], [-7433, -236]]
[[1, 0], [7, 1412], [-9, -1412]]
[[1, 0], [7, 353], [-29, -1059]]
[[1, 0], [7, 353], [-33, -1412]]
[[1, 0], [7, 706], [-17, -1412]]
[[1, 0], [70, 1059], [-74, -1059]]
[[1, 0], [70, 353], [-218, -1059]]
[[1, 0], [70, 353], [-285, -1412]]
[[1, 0], [70, 353], [-74, -353]]
[[1, 0], [701, 1412], [-703, -1412]]
[[1, 0], [701, 706], [-1405, -1412]]
[[1, 0], [703, 1412], [-705, -1412]]
[[1, 0], [703, 706], [-1409, -1412]]
[[1, 0], [705, 1412], [-707, -1412]]
[[1, 0], [705, 706], [-1413, -1412]]
[[1, 0], [71, 1412], [-73, -1412]]
[[1, 0], [71, 353], [-221, -1059]]
[[1, 0], [71, 353], [-289, -1412]]
[[1, 0], [71, 353], [-75, -353]]
[[1, 0], [71, 706], [-145, -1412]]
[[1, 0], [72, 353], [-224, -1059]]
[[1, 0], [72, 353], [-293, -1412]]
[[1, 0], [72, 353], [-76, -353]]
[[1, 0], [73, 1059], [-77, -1059]]
[[1, 0], [73, 1412], [-75, -1412]]
[[1, 0], [73, 144], [-359, -360]]
[[1, 0], [73, 353], [-227, -1059]]
[[1, 0], [73, 353], [-297, -1412]]
[[1, 0], [73, 353], [-77, -353]]
[[1, 0], [73, 706], [-149, -1412]]
[[1, 0], [74, 353], [-230, -1059]]
[[1, 0], [74, 353], [-301, -1412]]
[[1, 0], [74, 353], [-78, -353]]
[[1, 0], [75, 1412], [-77, -1412]]
[[1, 0], [75, 353], [-233, -1059]]
[[1, 0], [75, 353], [-305, -1412]]
[[1, 0], [75, 353], [-79, -353]]
[[1, 0], [75, 706], [-153, -1412]]
[[1, 0], [76, 1059], [-80, -1059]]
[[1, 0], [76, 353], [-236, -1059]]
[[1, 0], [76, 353], [-309, -1412]]
[[1, 0], [76, 353], [-80, -353]]
[[1, 0], [77, 1412], [-79, -1412]]
[[1, 0], [77, 353], [-239, -1059]]
[[1, 0], [77, 353], [-313, -1412]]
[[1, 0], [77, 353], [-81, -353]]
[[1, 0], [77, 706], [-157, -1412]]
[[1, 0], [78, 353], [-242, -1059]]
[[1, 0], [78, 353], [-317, -1412]]
[[1, 0], [78, 353], [-82, -353]]
[[1, 0], [79, 1059], [-83, -1059]]
[[1, 0], [79, 1412], [-81, -1412]]
[[1, 0], [79, 353], [-245, -1059]]
[[1, 0], [79, 353], [-321, -1412]]
[[1, 0], [79, 353], [-83, -353]]
[[1, 0], [79, 706], [-161, -1412]]
[[1, 0], [8, 353], [-12, -353]]
[[1, 0], [8, 353], [-32, -1059]]
[[1, 0], [8, 353], [-37, -1412]]
[[1, 0], [80, 353], [-248, -1059]]
[[1, 0], [80, 353], [-325, -1412]]
[[1, 0], [80, 353], [-84, -353]]
[[1, 0], [81, 1412], [-83, -1412]]
[[1, 0], [81, 353], [-251, -1059]]
[[1, 0], [81, 353], [-329, -1412]]
[[1, 0], [81, 353], [-85, -353]]
[[1, 0], [81, 706], [-165, -1412]]
[[1, 0], [82, 1059], [-86, -1059]]
[[1, 0], [82, 353], [-254, -1059]]
[[1, 0], [82, 353], [-333, -1412]]
[[1, 0], [82, 353], [-86, -353]]
[[1, 0], [83, 1412], [-85, -1412]]
[[1, 0], [83, 353], [-257, -1059]]
[[1, 0], [83, 353], [-337, -1412]]
[[1, 0], [83, 353], [-87, -353]]
[[1, 0], [83, 706], [-169, -1412]]
[[1, 0], [84, 353], [-260, -1059]]
[[1, 0], [84, 353], [-341, -1412]]
[[1, 0], [84, 353], [-88, -353]]
[[1, 0], [85, 1059], [-89, -1059]]
[[1, 0], [85, 1412], [-87, -1412]]
[[1, 0], [85, 353], [-263, -1059]]
[[1, 0], [85, 353], [-345, -1412]]
[[1, 0], [85, 353], [-89, -353]]
[[1, 0], [85, 706], [-173, -1412]]
[[1, 0], [86, 353], [-266, -1059]]
[[1, 0], [86, 353], [-349, -1412]]
[[1, 0], [86, 353], [-90, -353]]
[[1, 0], [87, 1412], [-89, -1412]]
[[1, 0], [87, 353], [-269, -1059]]
[[1, 0], [87, 353], [-91, -353]]
[[1, 0], [87, 706], [-177, -1412]]
[[1, 0], [88, 1059], [-92, -1059]]
[[1, 0], [88, 353], [-272, -1059]]
[[1, 0], [88, 353], [-357, -1412]]
[[1, 0], [88, 353], [-92, -353]]
[[1, 0], [89, 1412], [-91, -1412]]
[[1, 0], [89, 353], [-275, -1059]]
[[1, 0], [89, 353], [-361, -1412]]
[[1, 0], [89, 353], [-93, -353]]
[[1, 0], [89, 706], [-181, -1412]]
[[1, 0], [9, 1412], [-11, -1412]]
[[1, 0], [9, 16], [-199, -40]]
[[1, 0], [9, 16], [-203, -204]]
[[1, 0], [9, 16], [-719, -180]]
[[1, 0], [9, 353], [-13, -353]]
[[1, 0], [9, 353], [-35, -1059]]
[[1, 0], [9, 353], [-41, -1412]]
[[1, 0], [9, 706], [-21, -1412]]
[[1, 0], [90, 353], [-278, -1059]]
[[1, 0], [90, 353], [-365, -1412]]
[[1, 0], [90, 353], [-94, -353]]
[[1, 0], [91, 1059], [-95, -1059]]
[[1, 0], [91, 1412], [-93, -1412]]
[[1, 0], [91, 180], [-239, -240]]
[[1, 0], [91, 353], [-281, -1059]]
[[1, 0], [91, 353], [-369, -1412]]
[[1, 0], [91, 353], [-95, -353]]
[[1, 0], [91, 706], [-185, -1412]]
[[1, 0], [92, 353], [-284, -1059]]
[[1, 0], [92, 353], [-373, -1412]]
[[1, 0], [92, 353], [-96, -353]]
[[1, 0], [93, 1412], [-95, -1412]]
[[1, 0], [93, 353], [-287, -1059]]
[[1, 0], [93, 353], [-377, -1412]]
[[1, 0], [93, 353], [-97, -353]]
[[1, 0], [93, 706], [-189, -1412]]
[[1, 0], [94, 1059], [-98, -1059]]
[[1, 0], [94, 353], [-290, -1059]]
[[1, 0], [94, 353], [-381, -1412]]
[[1, 0], [94, 353], [-98, -353]]
[[1, 0], [95, 1412], [-97, -1412]]
[[1, 0], [95, 353], [-293, -1059]]
[[1, 0], [95, 353], [-385, -1412]]
[[1, 0], [95, 353], [-99, -353]]
[[1, 0], [95, 706], [-193, -1412]]
[[1, 0], [96, 353], [-100, -353]]
[[1, 0], [96, 353], [-296, -1059]]
[[1, 0], [96, 353], [-389, -1412]]
[[1, 0], [97, 1059], [-101, -1059]]
[[1, 0], [97, 1412], [-99, -1412]]
[[1, 0], [97, 353], [-101, -353]]
[[1, 0], [97, 353], [-299, -1059]]
[[1, 0], [97, 353], [-393, -1412]]
[[1, 0], [97, 706], [-197, -1412]]
[[1, 0], [98, 353], [-102, -353]]
[[1, 0], [98, 353], [-302, -1059]]
[[1, 0], [98, 353], [-397, -1412]]
[[1, 0], [99, 1412], [-101, -1412]]
[[1, 0], [99, 353], [-103, -353]]
[[1, 0], [99, 353], [-305, -1059]]
[[1, 0], [99, 353], [-401, -1412]]
[[1, 0], [99, 706], [-201, -1412]]
