[[1, 0], [0, 1], [-1280, -39]]
[[1, 0], [0, 1], [-13760, -429]]
[[1, 0], [0, 1], [-1664, -3]]
[[1, 0], [0, 1], [-1664, -555]]
[[1, 0], [0, 1], [-169, -64]]
[[1, 0], [0, 1], [-173888, -417]]
[[1, 0], [0, 1], [-2223, -512]]
[[1, 0], [0, 1], [-448, -13]]
[[1, 0], [0, 1], [-4608, -143]]
[[1, 0], [0, 1], [-4864, -455]]
[[1, 0], [0, 1], [-58240, -139]]
[[1, 0], [0, 1], [-58240, -419]]
[[1, 0], [0, 1], [-5837, -448]]
[[1, 0], [0, 1], [-704, -65]]
[[1, 0], [0, 1], [-832, -17]]
[[1, 0], [0, 1], [-832, -1]]
[[1, 0], [0, 1], [-832, -49]]
[[1, 0], [0, 1], [-833, -832]]
[[1, 0], [0, 1], [-845, -64]]
[[1, 0], [1, 104], [-17, -832]]
[[1, 0], [1, 104], [-29, -520]]
[[1, 0], [1, 104], [-9, -104]]
[[1, 0], [1, 10], [-9, -26]]
[[1, 0], [1, 112], [-3, -128]]
[[1, 0], [1, 112], [-69, -448]]
[[1, 0], [1, 11], [-1319, -429]]
[[1, 0], [1, 11], [-149, -39]]
[[1, 0], [1, 11], [-461, -143]]
[[1, 0], [1, 11], [-71, -13]]
[[1, 0], [1, 128], [-9, -320]]
[[1, 0], [1, 12], [-125, -156]]
[[1, 0], [1, 12], [-1329, -140]]
[[1, 0], [1, 12], [-209, -12]]
[[1, 0], [1, 12], [-279, -20]]
[[1, 0], [1, 12], [-29, -156]]
[[1, 0], [1, 12], [-349, -28]]
[[1, 0], [1, 12], [-359, -468]]
[[1, 0], [1, 12], [-3779, -420]]
[[1, 0], [1, 12], [-47, -52]]
[[1, 0], [1, 12], [-629, -60]]
[[1, 0], [1, 12], [-839, -84]]
[[1, 0], [1, 139], [-1667, -417]]
[[1, 0], [1, 139], [-833, -139]]
[[1, 0], [1, 13], [-1121, -429]]
[[1, 0], [1, 13], [-129, -832]]
[[1, 0], [1, 13], [-131, -39]]
[[1, 0], [1, 13], [-171, -559]]
[[1, 0], [1, 13], [-395, -143]]
[[1, 0], [1, 13], [-419, -455]]
[[1, 0], [1, 13], [-69, -65]]
[[1, 0], [1, 13], [-77, -169]]
[[1, 0], [1, 140], [-209, -140]]
[[1, 0], [1, 140], [-419, -420]]
[[1, 0], [1, 143], [-131, -429]]
[[1, 0], [1, 144], [-107, -432]]
[[1, 0], [1, 144], [-17, -576]]
[[1, 0], [1, 144], [-53, -144]]
[[1, 0], [1, 14], [-11, -26]]
[[1, 0], [1, 14], [-167, -546]]
[[1, 0], [1, 14], [-461, -448]]
[[1, 0], [1, 14], [-77, -64]]
[[1, 0], [1, 156], [-17, -156]]
[[1, 0], [1, 156], [-35, -468]]
[[1, 0], [1, 160], [-29, -480]]
[[1, 0], [1, 16], [-105, -832]]
[[1, 0], [1, 16], [-107, -48]]
[[1, 0], [1, 16], [-109, -704]]
[[1, 0], [1, 16], [-119, -624]]
[[1, 0], [1, 16], [-139, -560]]
[[1, 0], [1, 16], [-17, -64]]
[[1, 0], [1, 16], [-175, -512]]
[[1, 0], [1, 16], [-269, -144]]
[[1, 0], [1, 16], [-289, -464]]
[[1, 0], [1, 16], [-405, -448]]
[[1, 0], [1, 16], [-41, -208]]
[[1, 0], [1, 16], [-53, -16]]
[[1, 0], [1, 16], [-69, -64]]
[[1, 0], [1, 16], [-755, -432]]
[[1, 0], [1, 18], [-41, -192]]
[[1, 0], [1, 18], [-49, -50]]
[[1, 0], [1, 18], [-5, -26]]
[[1, 0], [1, 19], [-45, -23]]
[[1, 0], [1, 208], [-11, -624]]
[[1, 0], [1, 208], [-5, -208]]
[[1, 0], [1, 208], [-9, -832]]
[[1, 0], [1, 20], [-209, -20]]
[[1, 0], [1, 20], [-2309, -420]]
[[1, 0], [1, 20], [-251, -28]]
[[1, 0], [1, 20], [-29, -260]]
[[1, 0], [1, 20], [-419, -60]]
[[1, 0], [1, 20], [-545, -84]]
[[1, 0], [1, 20], [-839, -140]]
[[1, 0], [1, 224], [-41, -448]]
[[1, 0], [1, 22], [-417, -22]]
[[1, 0], [1, 22], [-4179, -418]]
[[1, 0], [1, 22], [-569, -38]]
[[1, 0], [1, 24], [-125, -504]]
[[1, 0], [1, 24], [-227, -456]]
[[1, 0], [1, 24], [-71, -768]]
[[1, 0], [1, 24], [-89, -576]]
[[1, 0], [1, 256], [-15, -512]]
[[1, 0], [1, 25], [-849, -425]]
[[1, 0], [1, 26], [-305, -442]]
[[1, 0], [1, 26], [-33, -26]]
[[1, 0], [1, 28], [-1679, -420]]
[[1, 0], [1, 28], [-209, -28]]
[[1, 0], [1, 28], [-237, -448]]
[[1, 0], [1, 28], [-329, -60]]
[[1, 0], [1, 28], [-419, -84]]
[[1, 0], [1, 28], [-45, -64]]
[[1, 0], [1, 28], [-629, -140]]
[[1, 0], [1, 2], [-167, -78]]
[[1, 0], [1, 2], [-237, -26]]
[[1, 0], [1, 2], [-2507, -22]]
[[1, 0], [1, 2], [-2723, -454]]
[[1, 0], [1, 2], [-3149, -448]]
[[1, 0], [1, 2], [-3773, -442]]
[[1, 0], [1, 2], [-417, -2]]
[[1, 0], [1, 2], [-4179, -38]]
[[1, 0], [1, 2], [-4379, -438]]
[[1, 0], [1, 2], [-43889, -418]]
[[1, 0], [1, 2], [-45, -26]]
[[1, 0], [1, 2], [-461, -64]]
[[1, 0], [1, 2], [-833, -832]]
[[1, 0], [1, 2], [-839, -768]]
[[1, 0], [1, 2], [-863, -702]]
[[1, 0], [1, 32], [-119, -480]]
[[1, 0], [1, 32], [-209, -448]]
[[1, 0], [1, 32], [-29, -96]]
[[1, 0], [1, 32], [-41, -64]]
[[1, 0], [1, 32], [-53, -832]]
[[1, 0], [1, 32], [-59, -640]]
[[1, 0], [1, 33], [-175, -143]]
[[1, 0], [1, 33], [-461, -429]]
[[1, 0], [1, 33], [-71, -39]]
[[1, 0], [1, 34], [-237, -442]]
[[1, 0], [1, 35], [-41, -91]]
[[1, 0], [1, 36], [-125, -468]]
[[1, 0], [1, 36], [-21, -52]]
[[1, 0], [1, 36], [-47, -156]]
[[1, 0], [1, 36], [-9, -64]]
[[1, 0], [1, 38], [-2507, -418]]
[[1, 0], [1, 38], [-417, -38]]
[[1, 0], [1, 39], [-153, -143]]
[[1, 0], [1, 39], [-395, -429]]
[[1, 0], [1, 39], [-77, -507]]
[[1, 0], [1, 3], [-1605, -143]]
[[1, 0], [1, 3], [-175, -13]]
[[1, 0], [1, 3], [-189, -247]]
[[1, 0], [1, 3], [-19737, -139]]
[[1, 0], [1, 3], [-233, -192]]
[[1, 0], [1, 3], [-333, -167]]
[[1, 0], [1, 3], [-461, -39]]
[[1, 0], [1, 3], [-4751, -429]]
[[1, 0], [1, 3], [-58379, -417]]
[[1, 0], [1, 3], [-833, -3]]
[[1, 0], [1, 3], [-881, -147]]
[[1, 0], [1, 40], [-11, -128]]
[[1, 0], [1, 40], [-17, -104]]
[[1, 0], [1, 40], [-219, -440]]
[[1, 0], [1, 40], [-69, -520]]
[[1, 0], [1, 416], [-5, -832]]
[[1, 0], [1, 417], [-833, -417]]
[[1, 0], [1, 418], [-417, -418]]
[[1, 0], [1, 420], [-209, -420]]
[[1, 0], [1, 424], [-105, -424]]
[[1, 0], [1, 42], [-11, -78]]
[[1, 0], [1, 432], [-53, -432]]
[[1, 0], [1, 442], [-33, -442]]
[[1, 0], [1, 448], [-27, -448]]
[[1, 0], [1, 44], [-5, -64]]
[[1, 0], [1, 44], [-7, -52]]
[[1, 0], [1, 468], [-17, -468]]
[[1, 0], [1, 46], [-45, -598]]
[[1, 0], [1, 48], [-107, -144]]
[[1, 0], [1, 48], [-15, -208]]
[[1, 0], [1, 48], [-17, -192]]
[[1, 0], [1, 48], [-21, -176]]
[[1, 0], [1, 48], [-269, -432]]
[[1, 0], [1, 48], [-41, -624]]
[[1, 0], [1, 48], [-53, -48]]
[[1, 0], [1, 4], [-1061, -468]]
[[1, 0], [1, 4], [-11129, -420]]
[[1, 0], [1, 4], [-125, -52]]
[[1, 0], [1, 4], [-1581, -448]]
[[1, 0], [1, 4], [-1679, -60]]
[[1, 0], [1, 4], [-1775, -444]]
[[1, 0], [1, 4], [-209, -4]]
[[1, 0], [1, 4], [-2309, -84]]
[[1, 0], [1, 4], [-237, -64]]
[[1, 0], [1, 4], [-2397, -436]]
[[1, 0], [1, 4], [-29, -52]]
[[1, 0], [1, 4], [-359, -156]]
[[1, 0], [1, 4], [-3779, -140]]
[[1, 0], [1, 4], [-3851, -428]]
[[1, 0], [1, 4], [-417, -832]]
[[1, 0], [1, 4], [-419, -12]]
[[1, 0], [1, 4], [-419, -780]]
[[1, 0], [1, 4], [-441, -676]]
[[1, 0], [1, 4], [-459, -640]]
[[1, 0], [1, 4], [-521, -576]]
[[1, 0], [1, 4], [-527, -572]]
[[1, 0], [1, 4], [-555, -556]]
[[1, 0], [1, 4], [-629, -20]]
[[1, 0], [1, 4], [-687, -512]]
[[1, 0], [1, 4], [-749, -500]]
[[1, 0], [1, 4], [-839, -28]]
[[1, 0], [1, 4], [-951, -476]]
[[1, 0], [1, 50], [-9, -130]]
[[1, 0], [1, 520], [-9, -520]]
[[1, 0], [1, 52], [-17, -52]]
[[1, 0], [1, 52], [-33, -832]]
[[1, 0], [1, 52], [-35, -156]]
[[1, 0], [1, 52], [-43, -572]]
[[1, 0], [1, 52], [-89, -468]]
[[1, 0], [1, 54], [-5, -78]]
[[1, 0], [1, 56], [-125, -448]]
[[1, 0], [1, 56], [-29, -64]]
[[1, 0], [1, 5], [-185, -93]]
[[1, 0], [1, 5], [-223, -91]]
[[1, 0], [1, 5], [-41, -13]]
[[1, 0], [1, 5], [-75, -128]]
[[1, 0], [1, 5], [-849, -85]]
[[1, 0], [1, 60], [-209, -60]]
[[1, 0], [1, 60], [-251, -84]]
[[1, 0], [1, 60], [-29, -780]]
[[1, 0], [1, 60], [-349, -140]]
[[1, 0], [1, 60], [-839, -420]]
[[1, 0], [1, 624], [-5, -624]]
[[1, 0], [1, 64], [-111, -448]]
[[1, 0], [1, 64], [-27, -64]]
[[1, 0], [1, 64], [-27, -832]]
[[1, 0], [1, 64], [-35, -576]]
[[1, 0], [1, 64], [-47, -512]]
[[1, 0], [1, 65], [-27, -91]]
[[1, 0], [1, 6], [-41, -64]]
[[1, 0], [1, 7], [-119, -65]]
[[1, 0], [1, 7], [-141, -64]]
[[1, 0], [1, 7], [-35, -117]]
[[1, 0], [1, 7], [-769, -455]]
[[1, 0], [1, 7], [-909, -448]]
[[1, 0], [1, 80], [-5, -192]]
[[1, 0], [1, 832], [-3, -832]]
[[1, 0], [1, 84], [-209, -84]]
[[1, 0], [1, 84], [-279, -140]]
[[1, 0], [1, 84], [-629, -420]]
[[1, 0], [1, 88], [-109, -440]]
[[1, 0], [1, 88], [-21, -704]]
[[1, 0], [1, 8], [-105, -8]]
[[1, 0], [1, 8], [-109, -40]]
[[1, 0], [1, 8], [-125, -168]]
[[1, 0], [1, 8], [-125, -64]]
[[1, 0], [1, 8], [-209, -832]]
[[1, 0], [1, 8], [-21, -64]]
[[1, 0], [1, 8], [-219, -88]]
[[1, 0], [1, 8], [-227, -152]]
[[1, 0], [1, 8], [-2861, -424]]
[[1, 0], [1, 8], [-329, -520]]
[[1, 0], [1, 8], [-69, -104]]
[[1, 0], [1, 8], [-71, -256]]
[[1, 0], [1, 8], [-797, -448]]
[[1, 0], [1, 8], [-89, -192]]
[[1, 0], [1, 91], [-69, -455]]
[[1, 0], [1, 96], [-19, -160]]
[[1, 0], [1, 96], [-7, -256]]
[[1, 0], [1, 9], [-233, -576]]
[[1, 0], [1, 9], [-375, -47]]
[[1, 0], [1, 9], [-881, -441]]
[[1, 0], [10, 13], [-114, -65]]
[[1, 0], [10, 13], [-1418, -429]]
[[1, 0], [10, 13], [-158, -39]]
[[1, 0], [10, 13], [-194, -169]]
[[1, 0], [10, 13], [-46, -47]]
[[1, 0], [10, 13], [-558, -559]]
[[1, 0], [10, 13], [-705, -832]]
[[1, 0], [10, 13], [-734, -455]]
[[1, 0], [10, 39], [-186, -143]]
[[1, 0], [10, 39], [-194, -507]]
[[1, 0], [100, 143], [-164, -143]]
[[1, 0], [100, 143], [-428, -429]]
[[1, 0], [100, 429], [-164, -429]]
[[1, 0], [101, 104], [-109, -104]]
[[1, 0], [101, 104], [-529, -520]]
[[1, 0], [101, 104], [-817, -832]]
[[1, 0], [101, 128], [-215, -256]]
[[1, 0], [101, 128], [-259, -320]]
[[1, 0], [101, 160], [-329, -480]]
[[1, 0], [101, 208], [-105, -208]]
[[1, 0], [101, 208], [-311, -624]]
[[1, 0], [101, 208], [-409, -832]]
[[1, 0], [101, 416], [-205, -832]]
[[1, 0], [101, 520], [-109, -520]]
[[1, 0], [103, 104], [-539, -520]]
[[1, 0], [103, 104], [-833, -832]]
[[1, 0], [103, 156], [-341, -468]]
[[1, 0], [103, 192], [-161, -288]]
[[1, 0], [103, 208], [-317, -624]]
[[1, 0], [103, 208], [-417, -832]]
[[1, 0], [103, 416], [-209, -832]]
[[1, 0], [103, 442], [-135, -442]]
[[1, 0], [103, 832], [-105, -832]]
[[1, 0], [105, 128], [-269, -320]]
[[1, 0], [105, 208], [-109, -208]]
[[1, 0], [105, 208], [-323, -624]]
[[1, 0], [105, 208], [-425, -832]]
[[1, 0], [105, 256], [-223, -512]]
[[1, 0], [105, 416], [-213, -832]]
[[1, 0], [105, 832], [-107, -832]]
[[1, 0], [107, 208], [-329, -624]]
[[1, 0], [107, 208], [-433, -832]]
[[1, 0], [107, 416], [-217, -832]]
[[1, 0], [107, 832], [-109, -832]]
[[1, 0], [109, 128], [-231, -256]]
[[1, 0], [109, 128], [-279, -320]]
[[1, 0], [109, 144], [-161, -144]]
[[1, 0], [109, 144], [-431, -432]]
[[1, 0], [109, 144], [-449, -576]]
[[1, 0], [109, 156], [-125, -156]]
[[1, 0], [109, 156], [-359, -468]]
[[1, 0], [109, 208], [-113, -208]]
[[1, 0], [109, 208], [-335, -624]]
[[1, 0], [109, 208], [-441, -832]]
[[1, 0], [109, 432], [-161, -432]]
[[1, 0], [109, 468], [-125, -468]]
[[1, 0], [109, 624], [-113, -624]]
[[1, 0], [11, 104], [-79, -520]]
[[1, 0], [11, 104], [-97, -832]]
[[1, 0], [11, 13], [-119, -65]]
[[1, 0], [11, 13], [-1451, -429]]
[[1, 0], [11, 13], [-161, -39]]
[[1, 0], [11, 13], [-207, -169]]
[[1, 0], [11, 13], [-505, -143]]
[[1, 0], [11, 13], [-601, -559]]
[[1, 0], [11, 13], [-69, -35]]
[[1, 0], [11, 13], [-769, -455]]
[[1, 0], [11, 13], [-769, -832]]
[[1, 0], [11, 160], [-59, -480]]
[[1, 0], [11, 16], [-1025, -432]]
[[1, 0], [11, 16], [-109, -64]]
[[1, 0], [11, 16], [-137, -48]]
[[1, 0], [11, 16], [-171, -208]]
[[1, 0], [11, 16], [-359, -144]]
[[1, 0], [11, 16], [-489, -560]]
[[1, 0], [11, 16], [-495, -512]]
[[1, 0], [11, 16], [-509, -624]]
[[1, 0], [11, 16], [-549, -704]]
[[1, 0], [11, 16], [-57, -64]]
[[1, 0], [11, 16], [-579, -464]]
[[1, 0], [11, 16], [-625, -832]]
[[1, 0], [11, 16], [-685, -448]]
[[1, 0], [11, 208], [-41, -624]]
[[1, 0], [11, 208], [-49, -832]]
[[1, 0], [11, 20], [-159, -260]]
[[1, 0], [11, 20], [-2519, -420]]
[[1, 0], [11, 20], [-265, -28]]
[[1, 0], [11, 20], [-449, -60]]
[[1, 0], [11, 20], [-587, -84]]
[[1, 0], [11, 20], [-909, -140]]
[[1, 0], [11, 26], [-385, -832]]
[[1, 0], [11, 26], [-43, -26]]
[[1, 0], [11, 26], [-475, -442]]
[[1, 0], [11, 32], [-259, -640]]
[[1, 0], [11, 32], [-269, -480]]
[[1, 0], [11, 32], [-313, -832]]
[[1, 0], [11, 32], [-349, -448]]
[[1, 0], [11, 32], [-59, -96]]
[[1, 0], [11, 32], [-61, -64]]
[[1, 0], [11, 40], [-199, -520]]
[[1, 0], [11, 40], [-329, -440]]
[[1, 0], [11, 40], [-43, -104]]
[[1, 0], [11, 40], [-43, -128]]
[[1, 0], [11, 416], [-25, -832]]
[[1, 0], [11, 52], [-153, -572]]
[[1, 0], [11, 52], [-179, -468]]
[[1, 0], [11, 52], [-193, -832]]
[[1, 0], [11, 64], [-125, -576]]
[[1, 0], [11, 64], [-127, -512]]
[[1, 0], [11, 64], [-157, -832]]
[[1, 0], [11, 64], [-181, -448]]
[[1, 0], [11, 64], [-23, -96]]
[[1, 0], [11, 64], [-35, -128]]
[[1, 0], [11, 64], [-37, -64]]
[[1, 0], [11, 64], [-55, -112]]
[[1, 0], [11, 64], [-79, -416]]
[[1, 0], [11, 64], [-97, -224]]
[[1, 0], [11, 65], [-41, -91]]
[[1, 0], [11, 80], [-29, -192]]
[[1, 0], [111, 143], [-175, -143]]
[[1, 0], [111, 143], [-461, -429]]
[[1, 0], [111, 160], [-359, -480]]
[[1, 0], [111, 208], [-341, -624]]
[[1, 0], [111, 208], [-449, -832]]
[[1, 0], [111, 416], [-225, -832]]
[[1, 0], [111, 832], [-113, -832]]
[[1, 0], [113, 128], [-289, -320]]
[[1, 0], [113, 208], [-347, -624]]
[[1, 0], [113, 208], [-457, -832]]
[[1, 0], [113, 224], [-265, -448]]
[[1, 0], [113, 256], [-239, -512]]
[[1, 0], [113, 416], [-229, -832]]
[[1, 0], [113, 448], [-139, -448]]
[[1, 0], [113, 832], [-115, -832]]
[[1, 0], [115, 192], [-179, -288]]
[[1, 0], [115, 208], [-353, -624]]
[[1, 0], [115, 208], [-465, -832]]
[[1, 0], [115, 416], [-233, -832]]
[[1, 0], [117, 128], [-247, -256]]
[[1, 0], [117, 128], [-299, -320]]
[[1, 0], [119, 208], [-365, -624]]
[[1, 0], [119, 416], [-241, -832]]
[[1, 0], [119, 832], [-121, -832]]
[[1, 0], [12, 13], [-124, -65]]
[[1, 0], [12, 13], [-1484, -429]]
[[1, 0], [12, 13], [-164, -39]]
[[1, 0], [12, 13], [-220, -169]]
[[1, 0], [12, 13], [-516, -143]]
[[1, 0], [12, 13], [-644, -559]]
[[1, 0], [12, 13], [-65, -64]]
[[1, 0], [12, 13], [-76, -13]]
[[1, 0], [12, 13], [-804, -455]]
[[1, 0], [12, 13], [-833, -832]]
[[1, 0], [12, 143], [-164, -429]]
[[1, 0], [12, 143], [-76, -143]]
[[1, 0], [121, 128], [-309, -320]]
[[1, 0], [121, 156], [-137, -156]]
[[1, 0], [121, 156], [-395, -468]]
[[1, 0], [121, 160], [-389, -480]]
[[1, 0], [121, 208], [-125, -208]]
[[1, 0], [121, 208], [-371, -624]]
[[1, 0], [121, 208], [-489, -832]]
[[1, 0], [121, 256], [-255, -512]]
[[1, 0], [121, 416], [-245, -832]]
[[1, 0], [121, 520], [-129, -520]]
[[1, 0], [121, 624], [-125, -624]]
[[1, 0], [121, 832], [-123, -832]]
[[1, 0], [123, 208], [-497, -832]]
[[1, 0], [123, 416], [-249, -832]]
[[1, 0], [123, 832], [-125, -832]]
[[1, 0], [125, 128], [-263, -256]]
[[1, 0], [125, 128], [-319, -320]]
[[1, 0], [125, 208], [-129, -208]]
[[1, 0], [125, 208], [-383, -624]]
[[1, 0], [125, 208], [-505, -832]]
[[1, 0], [125, 416], [-253, -832]]
[[1, 0], [127, 144], [-485, -432]]
[[1, 0], [127, 144], [-521, -576]]
[[1, 0], [127, 156], [-413, -468]]
[[1, 0], [127, 192], [-197, -288]]
[[1, 0], [127, 208], [-389, -624]]
[[1, 0], [127, 208], [-513, -832]]
[[1, 0], [127, 224], [-293, -448]]
[[1, 0], [127, 416], [-257, -832]]
[[1, 0], [127, 448], [-153, -448]]
[[1, 0], [127, 832], [-129, -832]]
[[1, 0], [129, 208], [-133, -208]]
[[1, 0], [129, 208], [-395, -624]]
[[1, 0], [129, 208], [-521, -832]]
[[1, 0], [129, 256], [-271, -512]]
[[1, 0], [129, 416], [-261, -832]]
[[1, 0], [129, 832], [-131, -832]]
[[1, 0], [13, 128], [-39, -256]]
[[1, 0], [13, 128], [-39, -320]]
[[1, 0], [13, 16], [-1079, -432]]
[[1, 0], [13, 16], [-117, -64]]
[[1, 0], [13, 16], [-143, -48]]
[[1, 0], [13, 16], [-197, -208]]
[[1, 0], [13, 16], [-377, -144]]
[[1, 0], [13, 16], [-559, -512]]
[[1, 0], [13, 16], [-559, -560]]
[[1, 0], [13, 16], [-587, -624]]
[[1, 0], [13, 16], [-637, -464]]
[[1, 0], [13, 16], [-637, -704]]
[[1, 0], [13, 16], [-65, -16]]
[[1, 0], [13, 16], [-65, -64]]
[[1, 0], [13, 16], [-729, -832]]
[[1, 0], [13, 16], [-741, -448]]
[[1, 0], [13, 24], [-377, -504]]
[[1, 0], [13, 24], [-377, -576]]
[[1, 0], [13, 24], [-455, -456]]
[[1, 0], [13, 24], [-455, -768]]
[[1, 0], [13, 32], [-299, -480]]
[[1, 0], [13, 32], [-299, -640]]
[[1, 0], [13, 32], [-365, -832]]
[[1, 0], [13, 32], [-377, -448]]
[[1, 0], [13, 32], [-65, -64]]
[[1, 0], [13, 32], [-65, -96]]
[[1, 0], [13, 48], [-143, -144]]
[[1, 0], [13, 48], [-197, -624]]
[[1, 0], [13, 48], [-377, -432]]
[[1, 0], [13, 48], [-65, -176]]
[[1, 0], [13, 48], [-65, -192]]
[[1, 0], [13, 48], [-65, -48]]
[[1, 0], [13, 48], [-67, -208]]
[[1, 0], [13, 64], [-143, -512]]
[[1, 0], [13, 64], [-143, -576]]
[[1, 0], [13, 64], [-183, -832]]
[[1, 0], [13, 64], [-195, -448]]
[[1, 0], [13, 96], [-39, -160]]
[[1, 0], [13, 96], [-39, -256]]
[[1, 0], [131, 160], [-419, -480]]
[[1, 0], [131, 208], [-401, -624]]
[[1, 0], [131, 208], [-529, -832]]
[[1, 0], [131, 416], [-265, -832]]
[[1, 0], [131, 832], [-133, -832]]
[[1, 0], [133, 143], [-527, -429]]
[[1, 0], [133, 156], [-149, -156]]
[[1, 0], [133, 156], [-431, -468]]
[[1, 0], [133, 208], [-137, -208]]
[[1, 0], [133, 208], [-407, -624]]
[[1, 0], [133, 208], [-537, -832]]
[[1, 0], [133, 416], [-269, -832]]
[[1, 0], [133, 429], [-197, -429]]
[[1, 0], [133, 624], [-137, -624]]
[[1, 0], [135, 208], [-413, -624]]
[[1, 0], [135, 208], [-545, -832]]
[[1, 0], [137, 208], [-141, -208]]
[[1, 0], [137, 208], [-419, -624]]
[[1, 0], [137, 208], [-553, -832]]
[[1, 0], [137, 256], [-287, -512]]
[[1, 0], [137, 416], [-277, -832]]
[[1, 0], [137, 832], [-139, -832]]
[[1, 0], [139, 156], [-449, -468]]
[[1, 0], [139, 192], [-215, -288]]
[[1, 0], [139, 208], [-425, -624]]
[[1, 0], [139, 208], [-561, -832]]
[[1, 0], [139, 416], [-281, -832]]
[[1, 0], [139, 832], [-141, -832]]
[[1, 0], [141, 160], [-449, -480]]
[[1, 0], [141, 208], [-145, -208]]
[[1, 0], [141, 208], [-431, -624]]
[[1, 0], [141, 208], [-569, -832]]
[[1, 0], [141, 224], [-321, -448]]
[[1, 0], [141, 416], [-285, -832]]
[[1, 0], [141, 520], [-149, -520]]
[[1, 0], [145, 156], [-161, -156]]
[[1, 0], [145, 156], [-467, -468]]
[[1, 0], [145, 208], [-149, -208]]
[[1, 0], [145, 208], [-443, -624]]
[[1, 0], [145, 256], [-303, -512]]
[[1, 0], [145, 416], [-293, -832]]
[[1, 0], [145, 468], [-161, -468]]
[[1, 0], [145, 624], [-149, -624]]
[[1, 0], [145, 832], [-147, -832]]
[[1, 0], [147, 208], [-449, -624]]
[[1, 0], [147, 208], [-593, -832]]
[[1, 0], [147, 416], [-297, -832]]
[[1, 0], [147, 832], [-149, -832]]
[[1, 0], [149, 208], [-153, -208]]
[[1, 0], [149, 208], [-601, -832]]
[[1, 0], [149, 416], [-301, -832]]
[[1, 0], [15, 104], [-129, -832]]
[[1, 0], [15, 104], [-99, -520]]
[[1, 0], [15, 112], [-125, -448]]
[[1, 0], [15, 112], [-19, -128]]
[[1, 0], [15, 16], [-1133, -432]]
[[1, 0], [15, 16], [-125, -64]]
[[1, 0], [15, 16], [-149, -48]]
[[1, 0], [15, 16], [-223, -208]]
[[1, 0], [15, 16], [-395, -144]]
[[1, 0], [15, 16], [-623, -512]]
[[1, 0], [15, 16], [-629, -560]]
[[1, 0], [15, 16], [-665, -624]]
[[1, 0], [15, 16], [-695, -464]]
[[1, 0], [15, 16], [-725, -704]]
[[1, 0], [15, 16], [-73, -64]]
[[1, 0], [15, 16], [-797, -448]]
[[1, 0], [15, 16], [-833, -832]]
[[1, 0], [15, 208], [-53, -624]]
[[1, 0], [15, 224], [-69, -448]]
[[1, 0], [15, 26], [-513, -832]]
[[1, 0], [15, 26], [-543, -442]]
[[1, 0], [15, 28], [-1889, -420]]
[[1, 0], [15, 28], [-359, -60]]
[[1, 0], [15, 28], [-461, -448]]
[[1, 0], [15, 28], [-461, -84]]
[[1, 0], [15, 28], [-699, -140]]
[[1, 0], [15, 28], [-77, -64]]
[[1, 0], [15, 32], [-329, -480]]
[[1, 0], [15, 32], [-339, -640]]
[[1, 0], [15, 32], [-405, -448]]
[[1, 0], [15, 32], [-417, -832]]
[[1, 0], [15, 32], [-69, -64]]
[[1, 0], [15, 32], [-71, -96]]
[[1, 0], [15, 416], [-33, -832]]
[[1, 0], [15, 448], [-41, -448]]
[[1, 0], [15, 52], [-197, -572]]
[[1, 0], [15, 52], [-215, -468]]
[[1, 0], [15, 52], [-257, -832]]
[[1, 0], [15, 52], [-77, -156]]
[[1, 0], [15, 56], [-237, -448]]
[[1, 0], [15, 56], [-45, -64]]
[[1, 0], [15, 64], [-105, -416]]
[[1, 0], [15, 64], [-111, -224]]
[[1, 0], [15, 64], [-159, -512]]
[[1, 0], [15, 64], [-161, -576]]
[[1, 0], [15, 64], [-209, -448]]
[[1, 0], [15, 64], [-209, -832]]
[[1, 0], [15, 64], [-27, -104]]
[[1, 0], [15, 64], [-29, -96]]
[[1, 0], [15, 64], [-41, -64]]
[[1, 0], [15, 64], [-43, -128]]
[[1, 0], [15, 64], [-53, -208]]
[[1, 0], [15, 832], [-17, -832]]
[[1, 0], [15, 91], [-139, -455]]
[[1, 0], [151, 156], [-485, -468]]
[[1, 0], [151, 160], [-479, -480]]
[[1, 0], [151, 192], [-233, -288]]
[[1, 0], [151, 208], [-461, -624]]
[[1, 0], [151, 208], [-609, -832]]
[[1, 0], [151, 416], [-305, -832]]
[[1, 0], [151, 832], [-153, -832]]
[[1, 0], [153, 208], [-157, -208]]
[[1, 0], [153, 208], [-467, -624]]
[[1, 0], [153, 208], [-617, -832]]
[[1, 0], [153, 256], [-319, -512]]
[[1, 0], [153, 416], [-309, -832]]
[[1, 0], [153, 832], [-155, -832]]
[[1, 0], [155, 208], [-473, -624]]
[[1, 0], [155, 208], [-625, -832]]
[[1, 0], [155, 224], [-349, -448]]
[[1, 0], [155, 416], [-313, -832]]
[[1, 0], [155, 448], [-181, -448]]
[[1, 0], [155, 832], [-157, -832]]
[[1, 0], [157, 208], [-161, -208]]
[[1, 0], [157, 208], [-479, -624]]
[[1, 0], [157, 208], [-633, -832]]
[[1, 0], [157, 416], [-317, -832]]
[[1, 0], [157, 624], [-161, -624]]
[[1, 0], [159, 208], [-485, -624]]
[[1, 0], [159, 208], [-641, -832]]
[[1, 0], [159, 416], [-321, -832]]
[[1, 0], [159, 832], [-161, -832]]
[[1, 0], [16, 39], [-272, -507]]
[[1, 0], [16, 39], [-560, -429]]
[[1, 0], [16, 39], [-80, -39]]
[[1, 0], [16, 65], [-48, -91]]
[[1, 0], [161, 208], [-165, -208]]
[[1, 0], [161, 208], [-491, -624]]
[[1, 0], [161, 208], [-649, -832]]
[[1, 0], [161, 256], [-335, -512]]
[[1, 0], [161, 832], [-163, -832]]
[[1, 0], [163, 192], [-251, -288]]
[[1, 0], [163, 208], [-497, -624]]
[[1, 0], [163, 208], [-657, -832]]
[[1, 0], [163, 416], [-329, -832]]
[[1, 0], [163, 832], [-165, -832]]
[[1, 0], [165, 208], [-503, -624]]
[[1, 0], [165, 208], [-665, -832]]
[[1, 0], [165, 416], [-333, -832]]
[[1, 0], [166, 429], [-230, -429]]
[[1, 0], [167, 208], [-509, -624]]
[[1, 0], [167, 208], [-673, -832]]
[[1, 0], [167, 416], [-337, -832]]
[[1, 0], [169, 224], [-377, -448]]
[[1, 0], [169, 256], [-351, -512]]
[[1, 0], [169, 448], [-195, -448]]
[[1, 0], [17, 104], [-109, -520]]
[[1, 0], [17, 104], [-145, -832]]
[[1, 0], [17, 104], [-25, -104]]
[[1, 0], [17, 128], [-49, -320]]
[[1, 0], [17, 208], [-21, -208]]
[[1, 0], [17, 208], [-59, -624]]
[[1, 0], [17, 208], [-73, -832]]
[[1, 0], [17, 256], [-47, -512]]
[[1, 0], [17, 26], [-577, -442]]
[[1, 0], [17, 26], [-577, -832]]
[[1, 0], [17, 32], [-359, -480]]
[[1, 0], [17, 32], [-379, -640]]
[[1, 0], [17, 32], [-433, -448]]
[[1, 0], [17, 32], [-469, -832]]
[[1, 0], [17, 32], [-73, -64]]
[[1, 0], [17, 32], [-77, -96]]
[[1, 0], [17, 416], [-37, -832]]
[[1, 0], [17, 52], [-219, -572]]
[[1, 0], [17, 52], [-233, -468]]
[[1, 0], [17, 52], [-289, -832]]
[[1, 0], [17, 52], [-33, -52]]
[[1, 0], [17, 52], [-83, -156]]
[[1, 0], [17, 64], [-175, -512]]
[[1, 0], [17, 64], [-179, -576]]
[[1, 0], [17, 64], [-223, -448]]
[[1, 0], [17, 64], [-235, -832]]
[[1, 0], [17, 64], [-43, -64]]
[[1, 0], [17, 832], [-19, -832]]
[[1, 0], [171, 208], [-521, -624]]
[[1, 0], [171, 416], [-345, -832]]
[[1, 0], [171, 442], [-203, -442]]
[[1, 0], [171, 832], [-173, -832]]
[[1, 0], [173, 208], [-177, -208]]
[[1, 0], [173, 208], [-527, -624]]
[[1, 0], [173, 208], [-697, -832]]
[[1, 0], [173, 416], [-349, -832]]
[[1, 0], [175, 192], [-269, -288]]
[[1, 0], [175, 208], [-705, -832]]
[[1, 0], [175, 416], [-353, -832]]
[[1, 0], [175, 832], [-177, -832]]
[[1, 0], [177, 208], [-181, -208]]
[[1, 0], [177, 208], [-539, -624]]
[[1, 0], [177, 208], [-713, -832]]
[[1, 0], [177, 256], [-367, -512]]
[[1, 0], [177, 416], [-357, -832]]
[[1, 0], [177, 832], [-179, -832]]
[[1, 0], [179, 208], [-545, -624]]
[[1, 0], [179, 208], [-721, -832]]
[[1, 0], [179, 416], [-361, -832]]
[[1, 0], [179, 832], [-181, -832]]
[[1, 0], [181, 208], [-185, -208]]
[[1, 0], [181, 208], [-551, -624]]
[[1, 0], [181, 208], [-729, -832]]
[[1, 0], [181, 416], [-365, -832]]
[[1, 0], [181, 468], [-197, -468]]
[[1, 0], [181, 520], [-189, -520]]
[[1, 0], [181, 624], [-185, -624]]
[[1, 0], [183, 208], [-557, -624]]
[[1, 0], [183, 208], [-737, -832]]
[[1, 0], [183, 224], [-405, -448]]
[[1, 0], [183, 416], [-369, -832]]
[[1, 0], [183, 448], [-209, -448]]
[[1, 0], [183, 832], [-185, -832]]
[[1, 0], [185, 208], [-189, -208]]
[[1, 0], [185, 208], [-563, -624]]
[[1, 0], [185, 208], [-745, -832]]
[[1, 0], [185, 256], [-383, -512]]
[[1, 0], [185, 416], [-373, -832]]
[[1, 0], [185, 832], [-187, -832]]
[[1, 0], [187, 192], [-287, -288]]
[[1, 0], [187, 208], [-569, -624]]
[[1, 0], [187, 208], [-753, -832]]
[[1, 0], [189, 208], [-193, -208]]
[[1, 0], [189, 208], [-575, -624]]
[[1, 0], [189, 208], [-761, -832]]
[[1, 0], [189, 416], [-381, -832]]
[[1, 0], [19, 104], [-119, -520]]
[[1, 0], [19, 104], [-161, -832]]
[[1, 0], [19, 144], [-161, -432]]
[[1, 0], [19, 144], [-89, -576]]
[[1, 0], [19, 156], [-89, -468]]
[[1, 0], [19, 192], [-35, -288]]
[[1, 0], [19, 208], [-81, -832]]
[[1, 0], [19, 24], [-503, -504]]
[[1, 0], [19, 24], [-521, -576]]
[[1, 0], [19, 24], [-569, -456]]
[[1, 0], [19, 24], [-647, -768]]
[[1, 0], [19, 26], [-641, -832]]
[[1, 0], [19, 32], [-389, -480]]
[[1, 0], [19, 32], [-419, -640]]
[[1, 0], [19, 32], [-461, -448]]
[[1, 0], [19, 32], [-521, -832]]
[[1, 0], [19, 32], [-77, -64]]
[[1, 0], [19, 32], [-83, -96]]
[[1, 0], [19, 36], [-125, -156]]
[[1, 0], [19, 36], [-359, -468]]
[[1, 0], [19, 36], [-41, -64]]
[[1, 0], [19, 36], [-47, -52]]
[[1, 0], [19, 39], [-219, -143]]
[[1, 0], [19, 39], [-311, -507]]
[[1, 0], [19, 39], [-593, -429]]
[[1, 0], [19, 39], [-83, -39]]
[[1, 0], [19, 416], [-41, -832]]
[[1, 0], [19, 48], [-161, -144]]
[[1, 0], [19, 48], [-275, -624]]
[[1, 0], [19, 48], [-431, -432]]
[[1, 0], [19, 48], [-87, -176]]
[[1, 0], [19, 48], [-89, -192]]
[[1, 0], [19, 48], [-93, -208]]
[[1, 0], [19, 52], [-241, -572]]
[[1, 0], [19, 52], [-251, -468]]
[[1, 0], [19, 52], [-321, -832]]
[[1, 0], [19, 52], [-89, -156]]
[[1, 0], [19, 64], [-125, -224]]
[[1, 0], [19, 64], [-131, -416]]
[[1, 0], [19, 64], [-191, -512]]
[[1, 0], [19, 64], [-197, -576]]
[[1, 0], [19, 64], [-237, -448]]
[[1, 0], [19, 64], [-261, -832]]
[[1, 0], [19, 64], [-35, -96]]
[[1, 0], [19, 64], [-45, -64]]
[[1, 0], [19, 64], [-51, -128]]
[[1, 0], [19, 64], [-69, -112]]
[[1, 0], [19, 78], [-55, -182]]
[[1, 0], [19, 832], [-21, -832]]
[[1, 0], [19, 96], [-49, -160]]
[[1, 0], [19, 96], [-55, -256]]
[[1, 0], [191, 208], [-581, -624]]
[[1, 0], [191, 208], [-769, -832]]
[[1, 0], [191, 416], [-385, -832]]
[[1, 0], [191, 832], [-193, -832]]
[[1, 0], [193, 208], [-197, -208]]
[[1, 0], [193, 208], [-587, -624]]
[[1, 0], [193, 208], [-777, -832]]
[[1, 0], [193, 256], [-399, -512]]
[[1, 0], [193, 416], [-389, -832]]
[[1, 0], [193, 624], [-197, -624]]
[[1, 0], [197, 208], [-201, -208]]
[[1, 0], [197, 208], [-599, -624]]
[[1, 0], [197, 224], [-433, -448]]
[[1, 0], [197, 416], [-397, -832]]
[[1, 0], [199, 208], [-605, -624]]
[[1, 0], [199, 208], [-801, -832]]
[[1, 0], [199, 416], [-401, -832]]
[[1, 0], [199, 832], [-201, -832]]
[[1, 0], [2, 13], [-1154, -429]]
[[1, 0], [2, 13], [-134, -39]]
[[1, 0], [2, 13], [-193, -832]]
[[1, 0], [2, 13], [-214, -559]]
[[1, 0], [2, 13], [-406, -143]]
[[1, 0], [2, 13], [-454, -455]]
[[1, 0], [2, 13], [-74, -65]]
[[1, 0], [2, 13], [-90, -169]]
[[1, 0], [201, 208], [-205, -208]]
[[1, 0], [201, 208], [-809, -832]]
[[1, 0], [201, 256], [-415, -512]]
[[1, 0], [201, 416], [-405, -832]]
[[1, 0], [201, 520], [-209, -520]]
[[1, 0], [201, 832], [-203, -832]]
[[1, 0], [203, 208], [-617, -624]]
[[1, 0], [203, 208], [-817, -832]]
[[1, 0], [203, 416], [-409, -832]]
[[1, 0], [203, 832], [-205, -832]]
[[1, 0], [205, 208], [-209, -208]]
[[1, 0], [205, 208], [-623, -624]]
[[1, 0], [205, 208], [-825, -832]]
[[1, 0], [205, 416], [-413, -832]]
[[1, 0], [205, 442], [-237, -442]]
[[1, 0], [205, 624], [-209, -624]]
[[1, 0], [207, 208], [-629, -624]]
[[1, 0], [207, 208], [-833, -832]]
[[1, 0], [207, 416], [-417, -832]]
[[1, 0], [207, 832], [-209, -832]]
[[1, 0], [209, 256], [-431, -512]]
[[1, 0], [209, 416], [-421, -832]]
[[1, 0], [209, 832], [-211, -832]]
[[1, 0], [21, 104], [-129, -520]]
[[1, 0], [21, 104], [-177, -832]]
[[1, 0], [21, 104], [-29, -104]]
[[1, 0], [21, 128], [-55, -256]]
[[1, 0], [21, 128], [-59, -320]]
[[1, 0], [21, 160], [-89, -480]]
[[1, 0], [21, 208], [-25, -208]]
[[1, 0], [21, 208], [-71, -624]]
[[1, 0], [21, 208], [-89, -832]]
[[1, 0], [21, 26], [-53, -26]]
[[1, 0], [21, 26], [-645, -442]]
[[1, 0], [21, 26], [-705, -832]]
[[1, 0], [21, 32], [-419, -480]]
[[1, 0], [21, 32], [-459, -640]]
[[1, 0], [21, 32], [-489, -448]]
[[1, 0], [21, 32], [-573, -832]]
[[1, 0], [21, 32], [-81, -64]]
[[1, 0], [21, 32], [-89, -96]]
[[1, 0], [21, 40], [-329, -520]]
[[1, 0], [21, 40], [-439, -440]]
[[1, 0], [21, 40], [-69, -104]]
[[1, 0], [21, 40], [-75, -128]]
[[1, 0], [21, 416], [-45, -832]]
[[1, 0], [21, 520], [-29, -520]]
[[1, 0], [21, 52], [-263, -572]]
[[1, 0], [21, 52], [-269, -468]]
[[1, 0], [21, 52], [-353, -832]]
[[1, 0], [21, 52], [-37, -52]]
[[1, 0], [21, 52], [-95, -156]]
[[1, 0], [21, 64], [-207, -512]]
[[1, 0], [21, 64], [-215, -576]]
[[1, 0], [21, 64], [-251, -448]]
[[1, 0], [21, 64], [-287, -832]]
[[1, 0], [21, 65], [-55, -91]]
[[1, 0], [21, 80], [-53, -192]]
[[1, 0], [211, 224], [-461, -448]]
[[1, 0], [211, 416], [-425, -832]]
[[1, 0], [211, 448], [-237, -448]]
[[1, 0], [211, 832], [-213, -832]]
[[1, 0], [213, 424], [-317, -424]]
[[1, 0], [215, 416], [-433, -832]]
[[1, 0], [215, 832], [-217, -832]]
[[1, 0], [217, 256], [-447, -512]]
[[1, 0], [217, 416], [-437, -832]]
[[1, 0], [217, 432], [-269, -432]]
[[1, 0], [217, 468], [-233, -468]]
[[1, 0], [217, 832], [-219, -832]]
[[1, 0], [219, 416], [-441, -832]]
[[1, 0], [22, 39], [-230, -143]]
[[1, 0], [22, 39], [-350, -507]]
[[1, 0], [22, 39], [-626, -429]]
[[1, 0], [22, 39], [-86, -39]]
[[1, 0], [22, 91], [-174, -455]]
[[1, 0], [223, 416], [-449, -832]]
[[1, 0], [223, 832], [-225, -832]]
[[1, 0], [225, 256], [-463, -512]]
[[1, 0], [225, 416], [-453, -832]]
[[1, 0], [225, 448], [-251, -448]]
[[1, 0], [225, 832], [-227, -832]]
[[1, 0], [227, 416], [-457, -832]]
[[1, 0], [227, 832], [-229, -832]]
[[1, 0], [229, 416], [-461, -832]]
[[1, 0], [229, 624], [-233, -624]]
[[1, 0], [23, 104], [-139, -520]]
[[1, 0], [23, 104], [-193, -832]]
[[1, 0], [23, 143], [-197, -429]]
[[1, 0], [23, 143], [-87, -143]]
[[1, 0], [23, 208], [-77, -624]]
[[1, 0], [23, 208], [-97, -832]]
[[1, 0], [23, 26], [-55, -26]]
[[1, 0], [23, 26], [-67, -34]]
[[1, 0], [23, 26], [-679, -442]]
[[1, 0], [23, 26], [-769, -832]]
[[1, 0], [23, 32], [-449, -480]]
[[1, 0], [23, 32], [-499, -640]]
[[1, 0], [23, 32], [-517, -448]]
[[1, 0], [23, 32], [-625, -832]]
[[1, 0], [23, 32], [-85, -64]]
[[1, 0], [23, 32], [-95, -96]]
[[1, 0], [23, 416], [-49, -832]]
[[1, 0], [23, 44], [-33, -52]]
[[1, 0], [23, 44], [-37, -64]]
[[1, 0], [23, 52], [-101, -156]]
[[1, 0], [23, 52], [-285, -572]]
[[1, 0], [23, 52], [-287, -468]]
[[1, 0], [23, 52], [-29, -60]]
[[1, 0], [23, 52], [-385, -832]]
[[1, 0], [23, 64], [-139, -224]]
[[1, 0], [23, 64], [-157, -416]]
[[1, 0], [23, 64], [-223, -512]]
[[1, 0], [23, 64], [-233, -576]]
[[1, 0], [23, 64], [-265, -448]]
[[1, 0], [23, 64], [-313, -832]]
[[1, 0], [23, 64], [-41, -96]]
[[1, 0], [23, 64], [-59, -128]]
[[1, 0], [23, 64], [-79, -208]]
[[1, 0], [23, 832], [-25, -832]]
[[1, 0], [23, 88], [-197, -704]]
[[1, 0], [23, 88], [-219, -440]]
[[1, 0], [231, 416], [-465, -832]]
[[1, 0], [231, 832], [-233, -832]]
[[1, 0], [233, 256], [-479, -512]]
[[1, 0], [233, 416], [-469, -832]]
[[1, 0], [233, 832], [-235, -832]]
[[1, 0], [235, 416], [-473, -832]]
[[1, 0], [235, 832], [-237, -832]]
[[1, 0], [237, 416], [-477, -832]]
[[1, 0], [241, 256], [-495, -512]]
[[1, 0], [241, 416], [-485, -832]]
[[1, 0], [241, 520], [-249, -520]]
[[1, 0], [241, 624], [-245, -624]]
[[1, 0], [241, 832], [-243, -832]]
[[1, 0], [243, 416], [-489, -832]]
[[1, 0], [243, 832], [-245, -832]]
[[1, 0], [245, 416], [-493, -832]]
[[1, 0], [249, 256], [-511, -512]]
[[1, 0], [249, 416], [-501, -832]]
[[1, 0], [249, 832], [-251, -832]]
[[1, 0], [25, 104], [-149, -520]]
[[1, 0], [25, 104], [-209, -832]]
[[1, 0], [25, 104], [-33, -104]]
[[1, 0], [25, 128], [-69, -320]]
[[1, 0], [25, 156], [-107, -468]]
[[1, 0], [25, 156], [-41, -156]]
[[1, 0], [25, 208], [-105, -832]]
[[1, 0], [25, 208], [-29, -208]]
[[1, 0], [25, 208], [-83, -624]]
[[1, 0], [25, 256], [-63, -512]]
[[1, 0], [25, 26], [-65, -64]]
[[1, 0], [25, 26], [-713, -442]]
[[1, 0], [25, 26], [-833, -832]]
[[1, 0], [25, 32], [-101, -96]]
[[1, 0], [25, 32], [-479, -480]]
[[1, 0], [25, 32], [-539, -640]]
[[1, 0], [25, 32], [-545, -448]]
[[1, 0], [25, 32], [-677, -832]]
[[1, 0], [25, 32], [-89, -64]]
[[1, 0], [25, 39], [-241, -143]]
[[1, 0], [25, 39], [-389, -507]]
[[1, 0], [25, 39], [-659, -429]]
[[1, 0], [25, 39], [-89, -39]]
[[1, 0], [25, 416], [-53, -832]]
[[1, 0], [25, 48], [-109, -176]]
[[1, 0], [25, 48], [-113, -192]]
[[1, 0], [25, 48], [-119, -208]]
[[1, 0], [25, 48], [-179, -144]]
[[1, 0], [25, 48], [-353, -624]]
[[1, 0], [25, 48], [-485, -432]]
[[1, 0], [25, 48], [-77, -48]]
[[1, 0], [25, 52], [-107, -156]]
[[1, 0], [25, 52], [-305, -468]]
[[1, 0], [25, 52], [-307, -572]]
[[1, 0], [25, 52], [-33, -64]]
[[1, 0], [25, 52], [-41, -52]]
[[1, 0], [25, 52], [-417, -832]]
[[1, 0], [25, 624], [-29, -624]]
[[1, 0], [25, 64], [-239, -512]]
[[1, 0], [25, 64], [-251, -576]]
[[1, 0], [25, 64], [-279, -448]]
[[1, 0], [25, 64], [-339, -832]]
[[1, 0], [25, 64], [-51, -64]]
[[1, 0], [25, 78], [-69, -182]]
[[1, 0], [25, 832], [-27, -832]]
[[1, 0], [25, 96], [-59, -160]]
[[1, 0], [25, 96], [-71, -256]]
[[1, 0], [251, 416], [-505, -832]]
[[1, 0], [251, 832], [-253, -832]]
[[1, 0], [253, 416], [-509, -832]]
[[1, 0], [253, 468], [-269, -468]]
[[1, 0], [253, 624], [-257, -624]]
[[1, 0], [255, 416], [-513, -832]]
[[1, 0], [255, 832], [-257, -832]]
[[1, 0], [257, 416], [-517, -832]]
[[1, 0], [259, 416], [-521, -832]]
[[1, 0], [259, 832], [-261, -832]]
[[1, 0], [261, 416], [-525, -832]]
[[1, 0], [261, 520], [-269, -520]]
[[1, 0], [263, 416], [-529, -832]]
[[1, 0], [263, 832], [-265, -832]]
[[1, 0], [265, 624], [-269, -624]]
[[1, 0], [265, 832], [-267, -832]]
[[1, 0], [267, 416], [-537, -832]]
[[1, 0], [267, 832], [-269, -832]]
[[1, 0], [269, 416], [-541, -832]]
[[1, 0], [27, 104], [-159, -520]]
[[1, 0], [27, 104], [-225, -832]]
[[1, 0], [27, 208], [-113, -832]]
[[1, 0], [27, 208], [-89, -624]]
[[1, 0], [27, 32], [-107, -96]]
[[1, 0], [27, 32], [-509, -480]]
[[1, 0], [27, 32], [-573, -448]]
[[1, 0], [27, 32], [-579, -640]]
[[1, 0], [27, 32], [-729, -832]]
[[1, 0], [27, 32], [-93, -64]]
[[1, 0], [27, 416], [-57, -832]]
[[1, 0], [27, 52], [-113, -156]]
[[1, 0], [27, 52], [-323, -468]]
[[1, 0], [27, 52], [-329, -572]]
[[1, 0], [27, 52], [-449, -832]]
[[1, 0], [27, 64], [-153, -224]]
[[1, 0], [27, 64], [-183, -416]]
[[1, 0], [27, 64], [-255, -512]]
[[1, 0], [27, 64], [-269, -576]]
[[1, 0], [27, 64], [-293, -448]]
[[1, 0], [27, 64], [-365, -832]]
[[1, 0], [27, 64], [-47, -96]]
[[1, 0], [27, 64], [-67, -128]]
[[1, 0], [27, 64], [-83, -112]]
[[1, 0], [27, 832], [-29, -832]]
[[1, 0], [271, 416], [-545, -832]]
[[1, 0], [275, 416], [-553, -832]]
[[1, 0], [275, 832], [-277, -832]]
[[1, 0], [277, 416], [-557, -832]]
[[1, 0], [277, 624], [-281, -624]]
[[1, 0], [279, 416], [-561, -832]]
[[1, 0], [279, 832], [-281, -832]]
[[1, 0], [28, 39], [-252, -143]]
[[1, 0], [28, 39], [-428, -507]]
[[1, 0], [28, 39], [-692, -429]]
[[1, 0], [281, 416], [-565, -832]]
[[1, 0], [281, 448], [-307, -448]]
[[1, 0], [281, 520], [-289, -520]]
[[1, 0], [281, 832], [-283, -832]]
[[1, 0], [283, 416], [-569, -832]]
[[1, 0], [283, 832], [-285, -832]]
[[1, 0], [285, 416], [-573, -832]]
[[1, 0], [287, 416], [-577, -832]]
[[1, 0], [287, 832], [-289, -832]]
[[1, 0], [289, 416], [-581, -832]]
[[1, 0], [289, 468], [-305, -468]]
[[1, 0], [289, 624], [-293, -624]]
[[1, 0], [289, 832], [-291, -832]]
[[1, 0], [29, 104], [-241, -832]]
[[1, 0], [29, 104], [-37, -104]]
[[1, 0], [29, 112], [-181, -448]]
[[1, 0], [29, 112], [-35, -128]]
[[1, 0], [29, 128], [-71, -256]]
[[1, 0], [29, 128], [-79, -320]]
[[1, 0], [29, 208], [-121, -832]]
[[1, 0], [29, 208], [-33, -208]]
[[1, 0], [29, 208], [-95, -624]]
[[1, 0], [29, 224], [-97, -448]]
[[1, 0], [29, 32], [-113, -96]]
[[1, 0], [29, 32], [-539, -480]]
[[1, 0], [29, 32], [-601, -448]]
[[1, 0], [29, 32], [-619, -640]]
[[1, 0], [29, 32], [-781, -832]]
[[1, 0], [29, 32], [-97, -64]]
[[1, 0], [29, 416], [-61, -832]]
[[1, 0], [29, 52], [-119, -156]]
[[1, 0], [29, 52], [-341, -468]]
[[1, 0], [29, 52], [-45, -52]]
[[1, 0], [29, 56], [-349, -448]]
[[1, 0], [29, 56], [-61, -64]]
[[1, 0], [29, 64], [-271, -512]]
[[1, 0], [29, 64], [-287, -576]]
[[1, 0], [29, 64], [-307, -448]]
[[1, 0], [29, 64], [-391, -832]]
[[1, 0], [29, 91], [-209, -455]]
[[1, 0], [293, 416], [-589, -832]]
[[1, 0], [295, 416], [-593, -832]]
[[1, 0], [295, 832], [-297, -832]]
[[1, 0], [297, 416], [-597, -832]]
[[1, 0], [298, 429], [-362, -429]]
[[1, 0], [3, 104], [-33, -832]]
[[1, 0], [3, 13], [-103, -169]]
[[1, 0], [3, 13], [-1187, -429]]
[[1, 0], [3, 13], [-137, -39]]
[[1, 0], [3, 13], [-257, -559]]
[[1, 0], [3, 13], [-257, -832]]
[[1, 0], [3, 13], [-417, -143]]
[[1, 0], [3, 13], [-489, -455]]
[[1, 0], [3, 13], [-67, -13]]
[[1, 0], [3, 13], [-79, -65]]
[[1, 0], [3, 16], [-113, -48]]
[[1, 0], [3, 16], [-197, -624]]
[[1, 0], [3, 16], [-197, -704]]
[[1, 0], [3, 16], [-209, -560]]
[[1, 0], [3, 16], [-209, -832]]
[[1, 0], [3, 16], [-239, -512]]
[[1, 0], [3, 16], [-25, -64]]
[[1, 0], [3, 16], [-287, -144]]
[[1, 0], [3, 16], [-347, -464]]
[[1, 0], [3, 16], [-461, -448]]
[[1, 0], [3, 16], [-67, -208]]
[[1, 0], [3, 16], [-77, -64]]
[[1, 0], [3, 16], [-809, -432]]
[[1, 0], [3, 208], [-17, -624]]
[[1, 0], [3, 208], [-17, -832]]
[[1, 0], [3, 26], [-129, -832]]
[[1, 0], [3, 26], [-339, -442]]
[[1, 0], [3, 26], [-35, -26]]
[[1, 0], [3, 32], [-105, -832]]
[[1, 0], [3, 32], [-149, -480]]
[[1, 0], [3, 32], [-237, -448]]
[[1, 0], [3, 32], [-35, -96]]
[[1, 0], [3, 32], [-45, -64]]
[[1, 0], [3, 32], [-99, -640]]
[[1, 0], [3, 416], [-9, -832]]
[[1, 0], [3, 4], [-11339, -420]]
[[1, 0], [3, 4], [-1189, -476]]
[[1, 0], [3, 4], [-1295, -468]]
[[1, 0], [3, 4], [-151, -52]]
[[1, 0], [3, 4], [-1709, -60]]
[[1, 0], [3, 4], [-1805, -448]]
[[1, 0], [3, 4], [-1997, -444]]
[[1, 0], [3, 4], [-2351, -84]]
[[1, 0], [3, 4], [-2615, -436]]
[[1, 0], [3, 4], [-269, -64]]
[[1, 0], [3, 4], [-3849, -140]]
[[1, 0], [3, 4], [-4065, -428]]
[[1, 0], [3, 4], [-425, -12]]
[[1, 0], [3, 4], [-437, -156]]
[[1, 0], [3, 4], [-55, -52]]
[[1, 0], [3, 4], [-639, -20]]
[[1, 0], [3, 4], [-779, -640]]
[[1, 0], [3, 4], [-779, -676]]
[[1, 0], [3, 4], [-809, -576]]
[[1, 0], [3, 4], [-809, -780]]
[[1, 0], [3, 4], [-813, -572]]
[[1, 0], [3, 4], [-833, -556]]
[[1, 0], [3, 4], [-833, -832]]
[[1, 0], [3, 4], [-853, -28]]
[[1, 0], [3, 4], [-943, -512]]
[[1, 0], [3, 4], [-999, -500]]
[[1, 0], [3, 52], [-107, -468]]
[[1, 0], [3, 52], [-41, -156]]
[[1, 0], [3, 64], [-11, -96]]
[[1, 0], [3, 64], [-125, -448]]
[[1, 0], [3, 64], [-19, -128]]
[[1, 0], [3, 64], [-27, -416]]
[[1, 0], [3, 64], [-29, -64]]
[[1, 0], [3, 64], [-41, -112]]
[[1, 0], [3, 64], [-53, -576]]
[[1, 0], [3, 64], [-53, -832]]
[[1, 0], [3, 64], [-63, -512]]
[[1, 0], [3, 64], [-69, -224]]
[[1, 0], [3, 832], [-5, -832]]
[[1, 0], [3, 8], [-119, -40]]
[[1, 0], [3, 8], [-135, -256]]
[[1, 0], [3, 8], [-137, -192]]
[[1, 0], [3, 8], [-141, -64]]
[[1, 0], [3, 8], [-167, -168]]
[[1, 0], [3, 8], [-241, -88]]
[[1, 0], [3, 8], [-265, -152]]
[[1, 0], [3, 8], [-2967, -424]]
[[1, 0], [3, 8], [-37, -64]]
[[1, 0], [3, 8], [-417, -832]]
[[1, 0], [3, 8], [-459, -520]]
[[1, 0], [3, 8], [-909, -448]]
[[1, 0], [3, 8], [-95, -104]]
[[1, 0], [301, 416], [-605, -832]]
[[1, 0], [301, 520], [-309, -520]]
[[1, 0], [301, 624], [-305, -624]]
[[1, 0], [303, 416], [-609, -832]]
[[1, 0], [303, 832], [-305, -832]]
[[1, 0], [305, 416], [-613, -832]]
[[1, 0], [305, 832], [-307, -832]]
[[1, 0], [307, 416], [-617, -832]]
[[1, 0], [307, 832], [-309, -832]]
[[1, 0], [309, 416], [-621, -832]]
[[1, 0], [31, 104], [-179, -520]]
[[1, 0], [31, 104], [-257, -832]]
[[1, 0], [31, 156], [-125, -468]]
[[1, 0], [31, 160], [-119, -480]]
[[1, 0], [31, 192], [-53, -288]]
[[1, 0], [31, 208], [-101, -624]]
[[1, 0], [31, 208], [-129, -832]]
[[1, 0], [31, 32], [-101, -64]]
[[1, 0], [31, 32], [-119, -96]]
[[1, 0], [31, 32], [-569, -480]]
[[1, 0], [31, 32], [-629, -448]]
[[1, 0], [31, 32], [-659, -640]]
[[1, 0], [31, 32], [-833, -832]]
[[1, 0], [31, 39], [-263, -143]]
[[1, 0], [31, 39], [-467, -507]]
[[1, 0], [31, 39], [-725, -429]]
[[1, 0], [31, 40], [-107, -128]]
[[1, 0], [31, 40], [-459, -520]]
[[1, 0], [31, 40], [-549, -440]]
[[1, 0], [31, 40], [-95, -104]]
[[1, 0], [31, 48], [-131, -176]]
[[1, 0], [31, 48], [-137, -192]]
[[1, 0], [31, 48], [-145, -208]]
[[1, 0], [31, 48], [-197, -144]]
[[1, 0], [31, 48], [-431, -624]]
[[1, 0], [31, 48], [-539, -432]]
[[1, 0], [31, 52], [-125, -156]]
[[1, 0], [31, 52], [-359, -468]]
[[1, 0], [31, 52], [-373, -572]]
[[1, 0], [31, 52], [-513, -832]]
[[1, 0], [31, 60], [-1049, -420]]
[[1, 0], [31, 60], [-293, -84]]
[[1, 0], [31, 60], [-419, -140]]
[[1, 0], [31, 60], [-419, -780]]
[[1, 0], [31, 64], [-105, -208]]
[[1, 0], [31, 64], [-167, -224]]
[[1, 0], [31, 64], [-209, -416]]
[[1, 0], [31, 64], [-287, -512]]
[[1, 0], [31, 64], [-305, -576]]
[[1, 0], [31, 64], [-321, -448]]
[[1, 0], [31, 64], [-417, -832]]
[[1, 0], [31, 64], [-53, -104]]
[[1, 0], [31, 64], [-53, -96]]
[[1, 0], [31, 64], [-75, -128]]
[[1, 0], [31, 65], [-69, -91]]
[[1, 0], [31, 78], [-83, -182]]
[[1, 0], [31, 80], [-77, -192]]
[[1, 0], [31, 96], [-69, -160]]
[[1, 0], [31, 96], [-87, -256]]
[[1, 0], [311, 416], [-625, -832]]
[[1, 0], [311, 832], [-313, -832]]
[[1, 0], [313, 416], [-629, -832]]
[[1, 0], [313, 624], [-317, -624]]
[[1, 0], [313, 832], [-315, -832]]
[[1, 0], [315, 416], [-633, -832]]
[[1, 0], [315, 832], [-317, -832]]
[[1, 0], [319, 416], [-641, -832]]
[[1, 0], [319, 832], [-321, -832]]
[[1, 0], [321, 416], [-645, -832]]
[[1, 0], [321, 520], [-329, -520]]
[[1, 0], [321, 832], [-323, -832]]
[[1, 0], [323, 416], [-649, -832]]
[[1, 0], [325, 432], [-377, -432]]
[[1, 0], [327, 416], [-657, -832]]
[[1, 0], [327, 832], [-329, -832]]
[[1, 0], [329, 416], [-661, -832]]
[[1, 0], [329, 832], [-331, -832]]
[[1, 0], [33, 104], [-189, -520]]
[[1, 0], [33, 104], [-41, -104]]
[[1, 0], [33, 128], [-89, -320]]
[[1, 0], [33, 208], [-107, -624]]
[[1, 0], [33, 208], [-137, -832]]
[[1, 0], [33, 208], [-37, -208]]
[[1, 0], [33, 256], [-79, -512]]
[[1, 0], [33, 416], [-69, -832]]
[[1, 0], [33, 52], [-131, -156]]
[[1, 0], [33, 52], [-395, -572]]
[[1, 0], [33, 52], [-49, -52]]
[[1, 0], [33, 52], [-545, -832]]
[[1, 0], [33, 64], [-303, -512]]
[[1, 0], [33, 64], [-323, -576]]
[[1, 0], [33, 64], [-335, -448]]
[[1, 0], [33, 64], [-443, -832]]
[[1, 0], [33, 64], [-59, -64]]
[[1, 0], [33, 832], [-35, -832]]
[[1, 0], [331, 416], [-665, -832]]
[[1, 0], [331, 832], [-333, -832]]
[[1, 0], [333, 416], [-669, -832]]
[[1, 0], [335, 416], [-673, -832]]
[[1, 0], [335, 832], [-337, -832]]
[[1, 0], [337, 416], [-677, -832]]
[[1, 0], [337, 448], [-363, -448]]
[[1, 0], [337, 624], [-341, -624]]
[[1, 0], [337, 832], [-339, -832]]
[[1, 0], [339, 416], [-681, -832]]
[[1, 0], [339, 832], [-341, -832]]
[[1, 0], [34, 143], [-230, -429]]
[[1, 0], [34, 143], [-98, -143]]
[[1, 0], [34, 39], [-274, -143]]
[[1, 0], [34, 39], [-506, -507]]
[[1, 0], [34, 39], [-758, -429]]
[[1, 0], [34, 429], [-98, -429]]
[[1, 0], [341, 416], [-685, -832]]
[[1, 0], [341, 520], [-349, -520]]
[[1, 0], [345, 416], [-693, -832]]
[[1, 0], [345, 832], [-347, -832]]
[[1, 0], [347, 416], [-697, -832]]
[[1, 0], [347, 832], [-349, -832]]
[[1, 0], [349, 416], [-701, -832]]
[[1, 0], [349, 624], [-353, -624]]
[[1, 0], [35, 104], [-199, -520]]
[[1, 0], [35, 104], [-289, -832]]
[[1, 0], [35, 208], [-113, -624]]
[[1, 0], [35, 208], [-145, -832]]
[[1, 0], [35, 416], [-73, -832]]
[[1, 0], [35, 52], [-137, -156]]
[[1, 0], [35, 52], [-395, -468]]
[[1, 0], [35, 52], [-417, -572]]
[[1, 0], [35, 52], [-577, -832]]
[[1, 0], [35, 64], [-181, -224]]
[[1, 0], [35, 64], [-235, -416]]
[[1, 0], [35, 64], [-319, -512]]
[[1, 0], [35, 64], [-341, -576]]
[[1, 0], [35, 64], [-349, -448]]
[[1, 0], [35, 64], [-469, -832]]
[[1, 0], [35, 64], [-59, -96]]
[[1, 0], [35, 64], [-83, -128]]
[[1, 0], [35, 64], [-97, -112]]
[[1, 0], [35, 832], [-37, -832]]
[[1, 0], [353, 416], [-709, -832]]
[[1, 0], [353, 832], [-355, -832]]
[[1, 0], [355, 416], [-713, -832]]
[[1, 0], [355, 832], [-357, -832]]
[[1, 0], [357, 416], [-717, -832]]
[[1, 0], [359, 416], [-721, -832]]
[[1, 0], [359, 832], [-361, -832]]
[[1, 0], [36, 65], [-76, -91]]
[[1, 0], [36, 91], [-244, -455]]
[[1, 0], [361, 416], [-725, -832]]
[[1, 0], [361, 520], [-369, -520]]
[[1, 0], [361, 624], [-365, -624]]
[[1, 0], [361, 832], [-363, -832]]
[[1, 0], [363, 416], [-729, -832]]
[[1, 0], [363, 832], [-365, -832]]
[[1, 0], [365, 416], [-733, -832]]
[[1, 0], [367, 416], [-737, -832]]
[[1, 0], [367, 832], [-369, -832]]
[[1, 0], [369, 832], [-371, -832]]
[[1, 0], [37, 104], [-209, -520]]
[[1, 0], [37, 104], [-305, -832]]
[[1, 0], [37, 104], [-45, -104]]
[[1, 0], [37, 128], [-87, -256]]
[[1, 0], [37, 128], [-99, -320]]
[[1, 0], [37, 144], [-161, -576]]
[[1, 0], [37, 144], [-215, -432]]
[[1, 0], [37, 144], [-89, -144]]
[[1, 0], [37, 156], [-53, -156]]
[[1, 0], [37, 208], [-119, -624]]
[[1, 0], [37, 208], [-153, -832]]
[[1, 0], [37, 208], [-41, -208]]
[[1, 0], [37, 39], [-285, -143]]
[[1, 0], [37, 39], [-545, -507]]
[[1, 0], [37, 39], [-791, -429]]
[[1, 0], [37, 416], [-77, -832]]
[[1, 0], [37, 468], [-53, -468]]
[[1, 0], [37, 48], [-153, -176]]
[[1, 0], [37, 48], [-161, -192]]
[[1, 0], [37, 48], [-171, -208]]
[[1, 0], [37, 48], [-215, -144]]
[[1, 0], [37, 48], [-509, -624]]
[[1, 0], [37, 48], [-593, -432]]
[[1, 0], [37, 48], [-89, -48]]
[[1, 0], [37, 52], [-413, -468]]
[[1, 0], [37, 52], [-439, -572]]
[[1, 0], [37, 52], [-53, -52]]
[[1, 0], [37, 52], [-609, -832]]
[[1, 0], [37, 624], [-41, -624]]
[[1, 0], [37, 64], [-335, -512]]
[[1, 0], [37, 64], [-359, -576]]
[[1, 0], [37, 64], [-363, -448]]
[[1, 0], [37, 64], [-495, -832]]
[[1, 0], [37, 78], [-97, -182]]
[[1, 0], [37, 96], [-103, -256]]
[[1, 0], [37, 96], [-79, -160]]
[[1, 0], [371, 416], [-745, -832]]
[[1, 0], [371, 832], [-373, -832]]
[[1, 0], [373, 416], [-749, -832]]
[[1, 0], [375, 416], [-753, -832]]
[[1, 0], [375, 442], [-407, -442]]
[[1, 0], [379, 416], [-761, -832]]
[[1, 0], [379, 832], [-381, -832]]
[[1, 0], [381, 416], [-765, -832]]
[[1, 0], [381, 520], [-389, -520]]
[[1, 0], [383, 416], [-769, -832]]
[[1, 0], [383, 832], [-385, -832]]
[[1, 0], [385, 416], [-773, -832]]
[[1, 0], [385, 624], [-389, -624]]
[[1, 0], [385, 832], [-387, -832]]
[[1, 0], [387, 416], [-777, -832]]
[[1, 0], [387, 832], [-389, -832]]
[[1, 0], [389, 416], [-781, -832]]
[[1, 0], [39, 64], [-131, -208]]
[[1, 0], [39, 64], [-195, -224]]
[[1, 0], [39, 64], [-261, -416]]
[[1, 0], [39, 64], [-351, -512]]
[[1, 0], [39, 64], [-377, -448]]
[[1, 0], [39, 64], [-377, -576]]
[[1, 0], [39, 64], [-521, -832]]
[[1, 0], [39, 64], [-65, -64]]
[[1, 0], [39, 64], [-65, -96]]
[[1, 0], [39, 64], [-91, -128]]
[[1, 0], [391, 416], [-785, -832]]
[[1, 0], [391, 832], [-393, -832]]
[[1, 0], [393, 416], [-789, -832]]
[[1, 0], [393, 448], [-419, -448]]
[[1, 0], [393, 832], [-395, -832]]
[[1, 0], [397, 416], [-797, -832]]
[[1, 0], [397, 429], [-461, -429]]
[[1, 0], [397, 468], [-413, -468]]
[[1, 0], [397, 624], [-401, -624]]
[[1, 0], [399, 416], [-801, -832]]
[[1, 0], [399, 832], [-401, -832]]
[[1, 0], [4, 13], [-116, -169]]
[[1, 0], [4, 13], [-1220, -429]]
[[1, 0], [4, 13], [-140, -39]]
[[1, 0], [4, 13], [-300, -559]]
[[1, 0], [4, 13], [-321, -832]]
[[1, 0], [4, 13], [-36, -37]]
[[1, 0], [4, 13], [-428, -143]]
[[1, 0], [4, 13], [-524, -455]]
[[1, 0], [4, 13], [-68, -13]]
[[1, 0], [4, 13], [-84, -65]]
[[1, 0], [4, 39], [-116, -507]]
[[1, 0], [4, 39], [-164, -143]]
[[1, 0], [4, 39], [-428, -429]]
[[1, 0], [4, 39], [-68, -39]]
[[1, 0], [401, 416], [-805, -832]]
[[1, 0], [401, 520], [-409, -520]]
[[1, 0], [405, 416], [-813, -832]]
[[1, 0], [407, 416], [-817, -832]]
[[1, 0], [407, 832], [-409, -832]]
[[1, 0], [409, 416], [-821, -832]]
[[1, 0], [409, 624], [-413, -624]]
[[1, 0], [409, 832], [-411, -832]]
[[1, 0], [41, 104], [-229, -520]]
[[1, 0], [41, 104], [-337, -832]]
[[1, 0], [41, 104], [-49, -104]]
[[1, 0], [41, 128], [-109, -320]]
[[1, 0], [41, 160], [-149, -480]]
[[1, 0], [41, 208], [-131, -624]]
[[1, 0], [41, 208], [-45, -208]]
[[1, 0], [41, 256], [-95, -512]]
[[1, 0], [41, 416], [-85, -832]]
[[1, 0], [41, 520], [-49, -520]]
[[1, 0], [41, 52], [-155, -156]]
[[1, 0], [41, 52], [-449, -468]]
[[1, 0], [41, 52], [-483, -572]]
[[1, 0], [41, 52], [-57, -52]]
[[1, 0], [41, 52], [-673, -832]]
[[1, 0], [41, 64], [-367, -512]]
[[1, 0], [41, 64], [-391, -448]]
[[1, 0], [41, 64], [-395, -576]]
[[1, 0], [41, 64], [-547, -832]]
[[1, 0], [41, 64], [-67, -64]]
[[1, 0], [41, 65], [-83, -91]]
[[1, 0], [41, 80], [-101, -192]]
[[1, 0], [41, 832], [-43, -832]]
[[1, 0], [411, 416], [-825, -832]]
[[1, 0], [411, 832], [-413, -832]]
[[1, 0], [413, 416], [-829, -832]]
[[1, 0], [415, 416], [-833, -832]]
[[1, 0], [415, 832], [-417, -832]]
[[1, 0], [417, 832], [-419, -832]]
[[1, 0], [421, 624], [-425, -624]]
[[1, 0], [425, 832], [-427, -832]]
[[1, 0], [43, 104], [-239, -520]]
[[1, 0], [43, 104], [-353, -832]]
[[1, 0], [43, 112], [-237, -448]]
[[1, 0], [43, 112], [-51, -128]]
[[1, 0], [43, 156], [-161, -468]]
[[1, 0], [43, 192], [-71, -288]]
[[1, 0], [43, 208], [-137, -624]]
[[1, 0], [43, 208], [-177, -832]]
[[1, 0], [43, 224], [-125, -448]]
[[1, 0], [43, 416], [-89, -832]]
[[1, 0], [43, 448], [-69, -448]]
[[1, 0], [43, 48], [-175, -176]]
[[1, 0], [43, 48], [-185, -192]]
[[1, 0], [43, 48], [-197, -208]]
[[1, 0], [43, 48], [-233, -144]]
[[1, 0], [43, 48], [-587, -624]]
[[1, 0], [43, 48], [-647, -432]]
[[1, 0], [43, 52], [-161, -156]]
[[1, 0], [43, 52], [-467, -468]]
[[1, 0], [43, 52], [-505, -572]]
[[1, 0], [43, 52], [-705, -832]]
[[1, 0], [43, 56], [-461, -448]]
[[1, 0], [43, 56], [-77, -64]]
[[1, 0], [43, 64], [-111, -112]]
[[1, 0], [43, 64], [-209, -224]]
[[1, 0], [43, 64], [-287, -416]]
[[1, 0], [43, 64], [-383, -512]]
[[1, 0], [43, 64], [-405, -448]]
[[1, 0], [43, 64], [-413, -576]]
[[1, 0], [43, 64], [-573, -832]]
[[1, 0], [43, 64], [-69, -64]]
[[1, 0], [43, 64], [-71, -96]]
[[1, 0], [43, 64], [-99, -128]]
[[1, 0], [43, 78], [-111, -182]]
[[1, 0], [43, 832], [-45, -832]]
[[1, 0], [43, 84], [-349, -140]]
[[1, 0], [43, 84], [-839, -420]]
[[1, 0], [43, 91], [-279, -455]]
[[1, 0], [43, 96], [-119, -256]]
[[1, 0], [43, 96], [-89, -160]]
[[1, 0], [433, 468], [-449, -468]]
[[1, 0], [433, 624], [-437, -624]]
[[1, 0], [433, 832], [-435, -832]]
[[1, 0], [435, 448], [-461, -448]]
[[1, 0], [435, 832], [-437, -832]]
[[1, 0], [441, 520], [-449, -520]]
[[1, 0], [441, 832], [-443, -832]]
[[1, 0], [445, 624], [-449, -624]]
[[1, 0], [449, 832], [-451, -832]]
[[1, 0], [45, 104], [-249, -520]]
[[1, 0], [45, 104], [-369, -832]]
[[1, 0], [45, 104], [-53, -104]]
[[1, 0], [45, 128], [-103, -256]]
[[1, 0], [45, 128], [-119, -320]]
[[1, 0], [45, 143], [-263, -429]]
[[1, 0], [45, 208], [-185, -832]]
[[1, 0], [45, 208], [-49, -208]]
[[1, 0], [45, 416], [-93, -832]]
[[1, 0], [45, 52], [-167, -156]]
[[1, 0], [45, 52], [-485, -468]]
[[1, 0], [45, 52], [-527, -572]]
[[1, 0], [45, 52], [-61, -52]]
[[1, 0], [45, 52], [-737, -832]]
[[1, 0], [45, 64], [-399, -512]]
[[1, 0], [45, 64], [-419, -448]]
[[1, 0], [45, 64], [-431, -576]]
[[1, 0], [45, 64], [-599, -832]]
[[1, 0], [45, 88], [-329, -440]]
[[1, 0], [45, 88], [-373, -704]]
[[1, 0], [457, 624], [-461, -624]]
[[1, 0], [457, 832], [-459, -832]]
[[1, 0], [46, 65], [-90, -91]]
[[1, 0], [461, 520], [-469, -520]]
[[1, 0], [465, 832], [-467, -832]]
[[1, 0], [469, 624], [-473, -624]]
[[1, 0], [47, 104], [-259, -520]]
[[1, 0], [47, 104], [-385, -832]]
[[1, 0], [47, 208], [-149, -624]]
[[1, 0], [47, 208], [-193, -832]]
[[1, 0], [47, 416], [-97, -832]]
[[1, 0], [47, 52], [-173, -156]]
[[1, 0], [47, 52], [-503, -468]]
[[1, 0], [47, 52], [-549, -572]]
[[1, 0], [47, 52], [-769, -832]]
[[1, 0], [47, 64], [-107, -128]]
[[1, 0], [47, 64], [-157, -208]]
[[1, 0], [47, 64], [-223, -224]]
[[1, 0], [47, 64], [-313, -416]]
[[1, 0], [47, 64], [-415, -512]]
[[1, 0], [47, 64], [-433, -448]]
[[1, 0], [47, 64], [-449, -576]]
[[1, 0], [47, 64], [-625, -832]]
[[1, 0], [47, 64], [-73, -64]]
[[1, 0], [47, 64], [-77, -96]]
[[1, 0], [47, 64], [-79, -104]]
[[1, 0], [47, 832], [-49, -832]]
[[1, 0], [473, 832], [-475, -832]]
[[1, 0], [487, 832], [-489, -832]]
[[1, 0], [489, 832], [-491, -832]]
[[1, 0], [49, 104], [-269, -520]]
[[1, 0], [49, 104], [-401, -832]]
[[1, 0], [49, 104], [-57, -104]]
[[1, 0], [49, 128], [-129, -320]]
[[1, 0], [49, 156], [-179, -468]]
[[1, 0], [49, 208], [-155, -624]]
[[1, 0], [49, 208], [-201, -832]]
[[1, 0], [49, 208], [-53, -208]]
[[1, 0], [49, 256], [-111, -512]]
[[1, 0], [49, 416], [-101, -832]]
[[1, 0], [49, 52], [-179, -156]]
[[1, 0], [49, 52], [-521, -468]]
[[1, 0], [49, 52], [-571, -572]]
[[1, 0], [49, 52], [-59, -60]]
[[1, 0], [49, 52], [-801, -832]]
[[1, 0], [49, 624], [-53, -624]]
[[1, 0], [49, 64], [-431, -512]]
[[1, 0], [49, 64], [-447, -448]]
[[1, 0], [49, 64], [-467, -576]]
[[1, 0], [49, 64], [-651, -832]]
[[1, 0], [49, 64], [-75, -64]]
[[1, 0], [49, 78], [-125, -182]]
[[1, 0], [49, 832], [-51, -832]]
[[1, 0], [49, 96], [-135, -256]]
[[1, 0], [49, 96], [-99, -160]]
[[1, 0], [493, 624], [-497, -624]]
[[1, 0], [497, 832], [-499, -832]]
[[1, 0], [5, 104], [-49, -520]]
[[1, 0], [5, 104], [-49, -832]]
[[1, 0], [5, 128], [-19, -320]]
[[1, 0], [5, 128], [-23, -256]]
[[1, 0], [5, 13], [-1253, -429]]
[[1, 0], [5, 13], [-129, -169]]
[[1, 0], [5, 13], [-343, -559]]
[[1, 0], [5, 13], [-385, -832]]
[[1, 0], [5, 13], [-439, -143]]
[[1, 0], [5, 13], [-69, -13]]
[[1, 0], [5, 13], [-89, -65]]
[[1, 0], [5, 16], [-119, -48]]
[[1, 0], [5, 16], [-275, -624]]
[[1, 0], [5, 16], [-279, -560]]
[[1, 0], [5, 16], [-285, -704]]
[[1, 0], [5, 16], [-303, -512]]
[[1, 0], [5, 16], [-305, -144]]
[[1, 0], [5, 16], [-313, -832]]
[[1, 0], [5, 16], [-33, -64]]
[[1, 0], [5, 16], [-405, -464]]
[[1, 0], [5, 16], [-517, -448]]
[[1, 0], [5, 16], [-57, -16]]
[[1, 0], [5, 16], [-85, -64]]
[[1, 0], [5, 16], [-863, -432]]
[[1, 0], [5, 16], [-93, -208]]
[[1, 0], [5, 208], [-23, -624]]
[[1, 0], [5, 208], [-25, -832]]
[[1, 0], [5, 208], [-9, -208]]
[[1, 0], [5, 26], [-193, -832]]
[[1, 0], [5, 26], [-37, -26]]
[[1, 0], [5, 26], [-373, -442]]
[[1, 0], [5, 32], [-139, -640]]
[[1, 0], [5, 32], [-157, -832]]
[[1, 0], [5, 32], [-179, -480]]
[[1, 0], [5, 32], [-265, -448]]
[[1, 0], [5, 32], [-41, -96]]
[[1, 0], [5, 32], [-49, -64]]
[[1, 0], [5, 52], [-125, -468]]
[[1, 0], [5, 52], [-21, -52]]
[[1, 0], [5, 52], [-47, -156]]
[[1, 0], [5, 52], [-87, -572]]
[[1, 0], [5, 52], [-97, -832]]
[[1, 0], [5, 64], [-139, -448]]
[[1, 0], [5, 64], [-71, -576]]
[[1, 0], [5, 64], [-79, -512]]
[[1, 0], [5, 64], [-79, -832]]
[[1, 0], [5, 8], [-1021, -448]]
[[1, 0], [5, 8], [-109, -8]]
[[1, 0], [5, 8], [-121, -104]]
[[1, 0], [5, 8], [-129, -40]]
[[1, 0], [5, 8], [-157, -64]]
[[1, 0], [5, 8], [-185, -192]]
[[1, 0], [5, 8], [-199, -256]]
[[1, 0], [5, 8], [-209, -168]]
[[1, 0], [5, 8], [-263, -88]]
[[1, 0], [5, 8], [-303, -152]]
[[1, 0], [5, 8], [-3073, -424]]
[[1, 0], [5, 8], [-53, -64]]
[[1, 0], [5, 8], [-589, -520]]
[[1, 0], [5, 8], [-625, -832]]
[[1, 0], [50, 91], [-314, -455]]
[[1, 0], [501, 520], [-509, -520]]
[[1, 0], [505, 624], [-509, -624]]
[[1, 0], [51, 104], [-279, -520]]
[[1, 0], [51, 104], [-417, -832]]
[[1, 0], [51, 160], [-179, -480]]
[[1, 0], [51, 208], [-161, -624]]
[[1, 0], [51, 208], [-209, -832]]
[[1, 0], [51, 416], [-105, -832]]
[[1, 0], [51, 52], [-185, -156]]
[[1, 0], [51, 52], [-539, -468]]
[[1, 0], [51, 52], [-593, -572]]
[[1, 0], [51, 52], [-65, -64]]
[[1, 0], [51, 52], [-833, -832]]
[[1, 0], [51, 64], [-115, -128]]
[[1, 0], [51, 64], [-125, -112]]
[[1, 0], [51, 64], [-237, -224]]
[[1, 0], [51, 64], [-339, -416]]
[[1, 0], [51, 64], [-447, -512]]
[[1, 0], [51, 64], [-461, -448]]
[[1, 0], [51, 64], [-485, -576]]
[[1, 0], [51, 64], [-677, -832]]
[[1, 0], [51, 64], [-77, -64]]
[[1, 0], [51, 64], [-83, -96]]
[[1, 0], [51, 65], [-97, -91]]
[[1, 0], [51, 80], [-125, -192]]
[[1, 0], [51, 832], [-53, -832]]
[[1, 0], [513, 832], [-515, -832]]
[[1, 0], [517, 624], [-521, -624]]
[[1, 0], [521, 832], [-523, -832]]
[[1, 0], [529, 832], [-531, -832]]
[[1, 0], [53, 104], [-289, -520]]
[[1, 0], [53, 104], [-433, -832]]
[[1, 0], [53, 104], [-61, -104]]
[[1, 0], [53, 128], [-119, -256]]
[[1, 0], [53, 128], [-139, -320]]
[[1, 0], [53, 208], [-167, -624]]
[[1, 0], [53, 208], [-217, -832]]
[[1, 0], [53, 208], [-57, -208]]
[[1, 0], [53, 416], [-109, -832]]
[[1, 0], [53, 64], [-463, -512]]
[[1, 0], [53, 64], [-475, -448]]
[[1, 0], [53, 64], [-503, -576]]
[[1, 0], [53, 64], [-703, -832]]
[[1, 0], [537, 832], [-539, -832]]
[[1, 0], [539, 832], [-541, -832]]
[[1, 0], [541, 624], [-545, -624]]
[[1, 0], [545, 832], [-547, -832]]
[[1, 0], [55, 104], [-449, -832]]
[[1, 0], [55, 144], [-233, -576]]
[[1, 0], [55, 144], [-269, -432]]
[[1, 0], [55, 156], [-197, -468]]
[[1, 0], [55, 192], [-89, -288]]
[[1, 0], [55, 208], [-173, -624]]
[[1, 0], [55, 208], [-225, -832]]
[[1, 0], [55, 416], [-113, -832]]
[[1, 0], [55, 64], [-123, -128]]
[[1, 0], [55, 64], [-183, -208]]
[[1, 0], [55, 64], [-251, -224]]
[[1, 0], [55, 64], [-365, -416]]
[[1, 0], [55, 64], [-479, -512]]
[[1, 0], [55, 64], [-489, -448]]
[[1, 0], [55, 64], [-521, -576]]
[[1, 0], [55, 64], [-729, -832]]
[[1, 0], [55, 64], [-89, -96]]
[[1, 0], [55, 78], [-139, -182]]
[[1, 0], [55, 832], [-57, -832]]
[[1, 0], [55, 96], [-109, -160]]
[[1, 0], [55, 96], [-151, -256]]
[[1, 0], [553, 624], [-557, -624]]
[[1, 0], [553, 832], [-555, -832]]
[[1, 0], [56, 143], [-296, -429]]
[[1, 0], [561, 832], [-563, -832]]
[[1, 0], [565, 624], [-569, -624]]
[[1, 0], [569, 832], [-571, -832]]
[[1, 0], [57, 104], [-309, -520]]
[[1, 0], [57, 104], [-465, -832]]
[[1, 0], [57, 112], [-293, -448]]
[[1, 0], [57, 112], [-67, -128]]
[[1, 0], [57, 128], [-149, -320]]
[[1, 0], [57, 208], [-179, -624]]
[[1, 0], [57, 208], [-233, -832]]
[[1, 0], [57, 208], [-61, -208]]
[[1, 0], [57, 224], [-153, -448]]
[[1, 0], [57, 256], [-127, -512]]
[[1, 0], [57, 448], [-83, -448]]
[[1, 0], [57, 64], [-495, -512]]
[[1, 0], [57, 64], [-503, -448]]
[[1, 0], [57, 64], [-539, -576]]
[[1, 0], [57, 64], [-755, -832]]
[[1, 0], [57, 64], [-83, -64]]
[[1, 0], [57, 832], [-59, -832]]
[[1, 0], [57, 91], [-349, -455]]
[[1, 0], [573, 832], [-575, -832]]
[[1, 0], [577, 624], [-581, -624]]
[[1, 0], [577, 832], [-579, -832]]
[[1, 0], [589, 624], [-593, -624]]
[[1, 0], [59, 104], [-319, -520]]
[[1, 0], [59, 208], [-185, -624]]
[[1, 0], [59, 208], [-241, -832]]
[[1, 0], [59, 416], [-121, -832]]
[[1, 0], [59, 64], [-131, -128]]
[[1, 0], [59, 64], [-139, -112]]
[[1, 0], [59, 64], [-265, -224]]
[[1, 0], [59, 64], [-391, -416]]
[[1, 0], [59, 64], [-511, -512]]
[[1, 0], [59, 64], [-517, -448]]
[[1, 0], [59, 64], [-557, -576]]
[[1, 0], [59, 64], [-781, -832]]
[[1, 0], [59, 64], [-95, -96]]
[[1, 0], [59, 832], [-61, -832]]
[[1, 0], [591, 832], [-593, -832]]
[[1, 0], [593, 832], [-595, -832]]
[[1, 0], [6, 13], [-1286, -429]]
[[1, 0], [6, 13], [-142, -169]]
[[1, 0], [6, 13], [-146, -39]]
[[1, 0], [6, 13], [-386, -559]]
[[1, 0], [6, 13], [-449, -832]]
[[1, 0], [6, 13], [-450, -143]]
[[1, 0], [6, 13], [-594, -455]]
[[1, 0], [6, 13], [-70, -13]]
[[1, 0], [6, 13], [-94, -65]]
[[1, 0], [6, 65], [-34, -91]]
[[1, 0], [601, 624], [-605, -624]]
[[1, 0], [601, 832], [-603, -832]]
[[1, 0], [61, 104], [-329, -520]]
[[1, 0], [61, 104], [-497, -832]]
[[1, 0], [61, 104], [-69, -104]]
[[1, 0], [61, 128], [-135, -256]]
[[1, 0], [61, 128], [-159, -320]]
[[1, 0], [61, 156], [-215, -468]]
[[1, 0], [61, 156], [-77, -156]]
[[1, 0], [61, 160], [-209, -480]]
[[1, 0], [61, 208], [-191, -624]]
[[1, 0], [61, 208], [-249, -832]]
[[1, 0], [61, 416], [-125, -832]]
[[1, 0], [61, 520], [-69, -520]]
[[1, 0], [61, 64], [-527, -512]]
[[1, 0], [61, 64], [-531, -448]]
[[1, 0], [61, 64], [-575, -576]]
[[1, 0], [61, 64], [-807, -832]]
[[1, 0], [61, 65], [-111, -91]]
[[1, 0], [61, 78], [-153, -182]]
[[1, 0], [61, 80], [-149, -192]]
[[1, 0], [61, 96], [-119, -160]]
[[1, 0], [61, 96], [-167, -256]]
[[1, 0], [613, 624], [-617, -624]]
[[1, 0], [617, 832], [-619, -832]]
[[1, 0], [625, 832], [-627, -832]]
[[1, 0], [63, 104], [-339, -520]]
[[1, 0], [63, 104], [-513, -832]]
[[1, 0], [63, 208], [-197, -624]]
[[1, 0], [63, 208], [-257, -832]]
[[1, 0], [63, 416], [-129, -832]]
[[1, 0], [63, 64], [-101, -96]]
[[1, 0], [63, 64], [-105, -104]]
[[1, 0], [63, 64], [-139, -128]]
[[1, 0], [63, 64], [-209, -208]]
[[1, 0], [63, 64], [-279, -224]]
[[1, 0], [63, 64], [-417, -416]]
[[1, 0], [63, 64], [-543, -512]]
[[1, 0], [63, 64], [-545, -448]]
[[1, 0], [63, 64], [-593, -576]]
[[1, 0], [63, 64], [-833, -832]]
[[1, 0], [633, 832], [-635, -832]]
[[1, 0], [64, 91], [-384, -455]]
[[1, 0], [641, 832], [-643, -832]]
[[1, 0], [643, 832], [-645, -832]]
[[1, 0], [649, 832], [-651, -832]]
[[1, 0], [65, 128], [-169, -320]]
[[1, 0], [65, 256], [-143, -512]]
[[1, 0], [657, 832], [-659, -832]]
[[1, 0], [665, 832], [-667, -832]]
[[1, 0], [67, 104], [-359, -520]]
[[1, 0], [67, 104], [-545, -832]]
[[1, 0], [67, 143], [-329, -429]]
[[1, 0], [67, 156], [-233, -468]]
[[1, 0], [67, 192], [-107, -288]]
[[1, 0], [67, 208], [-209, -624]]
[[1, 0], [67, 416], [-137, -832]]
[[1, 0], [67, 78], [-167, -182]]
[[1, 0], [67, 832], [-69, -832]]
[[1, 0], [67, 88], [-439, -440]]
[[1, 0], [67, 88], [-549, -704]]
[[1, 0], [67, 96], [-129, -160]]
[[1, 0], [67, 96], [-183, -256]]
[[1, 0], [673, 832], [-675, -832]]
[[1, 0], [681, 832], [-683, -832]]
[[1, 0], [69, 104], [-369, -520]]
[[1, 0], [69, 104], [-561, -832]]
[[1, 0], [69, 104], [-77, -104]]
[[1, 0], [69, 128], [-151, -256]]
[[1, 0], [69, 128], [-179, -320]]
[[1, 0], [69, 208], [-215, -624]]
[[1, 0], [69, 208], [-281, -832]]
[[1, 0], [69, 208], [-73, -208]]
[[1, 0], [69, 416], [-141, -832]]
[[1, 0], [69, 442], [-101, -442]]
[[1, 0], [695, 832], [-697, -832]]
[[1, 0], [697, 832], [-699, -832]]
[[1, 0], [7, 104], [-59, -520]]
[[1, 0], [7, 12], [-107, -156]]
[[1, 0], [7, 12], [-1399, -140]]
[[1, 0], [7, 12], [-203, -156]]
[[1, 0], [7, 12], [-289, -20]]
[[1, 0], [7, 12], [-363, -28]]
[[1, 0], [7, 12], [-3989, -420]]
[[1, 0], [7, 12], [-593, -468]]
[[1, 0], [7, 12], [-659, -60]]
[[1, 0], [7, 12], [-73, -52]]
[[1, 0], [7, 12], [-881, -84]]
[[1, 0], [7, 13], [-131, -33]]
[[1, 0], [7, 13], [-1319, -429]]
[[1, 0], [7, 13], [-149, -39]]
[[1, 0], [7, 13], [-155, -169]]
[[1, 0], [7, 13], [-461, -143]]
[[1, 0], [7, 13], [-513, -832]]
[[1, 0], [7, 13], [-629, -455]]
[[1, 0], [7, 13], [-71, -13]]
[[1, 0], [7, 13], [-99, -65]]
[[1, 0], [7, 156], [-53, -468]]
[[1, 0], [7, 16], [-119, -208]]
[[1, 0], [7, 16], [-125, -48]]
[[1, 0], [7, 16], [-323, -144]]
[[1, 0], [7, 16], [-349, -560]]
[[1, 0], [7, 16], [-353, -624]]
[[1, 0], [7, 16], [-367, -512]]
[[1, 0], [7, 16], [-373, -704]]
[[1, 0], [7, 16], [-41, -64]]
[[1, 0], [7, 16], [-417, -832]]
[[1, 0], [7, 16], [-463, -464]]
[[1, 0], [7, 16], [-573, -448]]
[[1, 0], [7, 16], [-917, -432]]
[[1, 0], [7, 16], [-93, -64]]
[[1, 0], [7, 192], [-17, -288]]
[[1, 0], [7, 208], [-29, -624]]
[[1, 0], [7, 208], [-33, -832]]
[[1, 0], [7, 24], [-233, -576]]
[[1, 0], [7, 24], [-251, -504]]
[[1, 0], [7, 24], [-263, -768]]
[[1, 0], [7, 24], [-341, -456]]
[[1, 0], [7, 26], [-257, -832]]
[[1, 0], [7, 26], [-407, -442]]
[[1, 0], [7, 32], [-179, -640]]
[[1, 0], [7, 32], [-209, -480]]
[[1, 0], [7, 32], [-209, -832]]
[[1, 0], [7, 32], [-293, -448]]
[[1, 0], [7, 32], [-47, -96]]
[[1, 0], [7, 32], [-53, -64]]
[[1, 0], [7, 39], [-155, -507]]
[[1, 0], [7, 39], [-175, -143]]
[[1, 0], [7, 39], [-461, -429]]
[[1, 0], [7, 39], [-71, -39]]
[[1, 0], [7, 416], [-17, -832]]
[[1, 0], [7, 48], [-119, -624]]
[[1, 0], [7, 48], [-125, -144]]
[[1, 0], [7, 48], [-323, -432]]
[[1, 0], [7, 48], [-41, -192]]
[[1, 0], [7, 48], [-41, -208]]
[[1, 0], [7, 48], [-43, -176]]
[[1, 0], [7, 52], [-109, -572]]
[[1, 0], [7, 52], [-129, -832]]
[[1, 0], [7, 52], [-53, -156]]
[[1, 0], [7, 64], [-105, -832]]
[[1, 0], [7, 64], [-153, -448]]
[[1, 0], [7, 64], [-17, -96]]
[[1, 0], [7, 64], [-27, -128]]
[[1, 0], [7, 64], [-27, -208]]
[[1, 0], [7, 64], [-33, -64]]
[[1, 0], [7, 64], [-53, -416]]
[[1, 0], [7, 64], [-83, -224]]
[[1, 0], [7, 64], [-89, -576]]
[[1, 0], [7, 64], [-95, -512]]
[[1, 0], [7, 78], [-27, -182]]
[[1, 0], [7, 832], [-9, -832]]
[[1, 0], [7, 8], [-1133, -448]]
[[1, 0], [7, 8], [-139, -40]]
[[1, 0], [7, 8], [-147, -104]]
[[1, 0], [7, 8], [-173, -64]]
[[1, 0], [7, 8], [-233, -192]]
[[1, 0], [7, 8], [-251, -168]]
[[1, 0], [7, 8], [-263, -256]]
[[1, 0], [7, 8], [-285, -88]]
[[1, 0], [7, 8], [-3179, -424]]
[[1, 0], [7, 8], [-341, -152]]
[[1, 0], [7, 8], [-69, -64]]
[[1, 0], [7, 8], [-719, -520]]
[[1, 0], [7, 8], [-833, -832]]
[[1, 0], [7, 96], [-23, -256]]
[[1, 0], [7, 96], [-29, -160]]
[[1, 0], [705, 832], [-707, -832]]
[[1, 0], [71, 104], [-379, -520]]
[[1, 0], [71, 104], [-577, -832]]
[[1, 0], [71, 112], [-349, -448]]
[[1, 0], [71, 112], [-83, -128]]
[[1, 0], [71, 140], [-629, -420]]
[[1, 0], [71, 160], [-239, -480]]
[[1, 0], [71, 208], [-289, -832]]
[[1, 0], [71, 224], [-181, -448]]
[[1, 0], [71, 416], [-145, -832]]
[[1, 0], [71, 448], [-97, -448]]
[[1, 0], [71, 80], [-173, -192]]
[[1, 0], [71, 832], [-73, -832]]
[[1, 0], [71, 91], [-419, -455]]
[[1, 0], [721, 832], [-723, -832]]
[[1, 0], [729, 832], [-731, -832]]
[[1, 0], [73, 104], [-389, -520]]
[[1, 0], [73, 104], [-593, -832]]
[[1, 0], [73, 104], [-81, -104]]
[[1, 0], [73, 128], [-189, -320]]
[[1, 0], [73, 144], [-125, -144]]
[[1, 0], [73, 144], [-305, -576]]
[[1, 0], [73, 144], [-323, -432]]
[[1, 0], [73, 156], [-251, -468]]
[[1, 0], [73, 156], [-89, -156]]
[[1, 0], [73, 208], [-227, -624]]
[[1, 0], [73, 208], [-297, -832]]
[[1, 0], [73, 208], [-77, -208]]
[[1, 0], [73, 256], [-159, -512]]
[[1, 0], [73, 416], [-149, -832]]
[[1, 0], [73, 468], [-89, -468]]
[[1, 0], [73, 624], [-77, -624]]
[[1, 0], [73, 78], [-181, -182]]
[[1, 0], [73, 832], [-75, -832]]
[[1, 0], [73, 96], [-139, -160]]
[[1, 0], [73, 96], [-199, -256]]
[[1, 0], [737, 832], [-739, -832]]
[[1, 0], [745, 832], [-747, -832]]
[[1, 0], [747, 832], [-749, -832]]
[[1, 0], [75, 104], [-399, -520]]
[[1, 0], [75, 104], [-609, -832]]
[[1, 0], [75, 208], [-233, -624]]
[[1, 0], [75, 208], [-305, -832]]
[[1, 0], [75, 416], [-153, -832]]
[[1, 0], [75, 832], [-77, -832]]
[[1, 0], [753, 832], [-755, -832]]
[[1, 0], [761, 832], [-763, -832]]
[[1, 0], [769, 832], [-771, -832]]
[[1, 0], [77, 104], [-409, -520]]
[[1, 0], [77, 104], [-625, -832]]
[[1, 0], [77, 104], [-85, -104]]
[[1, 0], [77, 128], [-167, -256]]
[[1, 0], [77, 128], [-199, -320]]
[[1, 0], [77, 208], [-239, -624]]
[[1, 0], [77, 208], [-313, -832]]
[[1, 0], [77, 208], [-81, -208]]
[[1, 0], [77, 416], [-157, -832]]
[[1, 0], [777, 832], [-779, -832]]
[[1, 0], [785, 832], [-787, -832]]
[[1, 0], [79, 104], [-419, -520]]
[[1, 0], [79, 104], [-641, -832]]
[[1, 0], [79, 156], [-269, -468]]
[[1, 0], [79, 192], [-125, -288]]
[[1, 0], [79, 208], [-245, -624]]
[[1, 0], [79, 208], [-321, -832]]
[[1, 0], [79, 416], [-161, -832]]
[[1, 0], [79, 832], [-81, -832]]
[[1, 0], [79, 96], [-149, -160]]
[[1, 0], [79, 96], [-215, -256]]
[[1, 0], [799, 832], [-801, -832]]
[[1, 0], [8, 13], [-152, -39]]
[[1, 0], [8, 13], [-168, -169]]
[[1, 0], [8, 13], [-40, -41]]
[[1, 0], [8, 13], [-472, -143]]
[[1, 0], [8, 13], [-472, -559]]
[[1, 0], [8, 13], [-577, -832]]
[[1, 0], [8, 13], [-664, -455]]
[[1, 0], [801, 832], [-803, -832]]
[[1, 0], [809, 832], [-811, -832]]
[[1, 0], [81, 104], [-657, -832]]
[[1, 0], [81, 104], [-89, -104]]
[[1, 0], [81, 128], [-209, -320]]
[[1, 0], [81, 160], [-269, -480]]
[[1, 0], [81, 208], [-251, -624]]
[[1, 0], [81, 208], [-329, -832]]
[[1, 0], [81, 208], [-85, -208]]
[[1, 0], [81, 256], [-175, -512]]
[[1, 0], [81, 416], [-165, -832]]
[[1, 0], [81, 520], [-89, -520]]
[[1, 0], [81, 832], [-83, -832]]
[[1, 0], [825, 832], [-827, -832]]
[[1, 0], [83, 104], [-439, -520]]
[[1, 0], [83, 104], [-673, -832]]
[[1, 0], [83, 208], [-257, -624]]
[[1, 0], [83, 208], [-337, -832]]
[[1, 0], [831, 832], [-833, -832]]
[[1, 0], [85, 104], [-449, -520]]
[[1, 0], [85, 104], [-93, -104]]
[[1, 0], [85, 112], [-405, -448]]
[[1, 0], [85, 112], [-99, -128]]
[[1, 0], [85, 128], [-183, -256]]
[[1, 0], [85, 128], [-219, -320]]
[[1, 0], [85, 156], [-101, -156]]
[[1, 0], [85, 156], [-287, -468]]
[[1, 0], [85, 208], [-263, -624]]
[[1, 0], [85, 208], [-345, -832]]
[[1, 0], [85, 208], [-89, -208]]
[[1, 0], [85, 224], [-209, -448]]
[[1, 0], [85, 416], [-173, -832]]
[[1, 0], [85, 624], [-89, -624]]
[[1, 0], [85, 91], [-489, -455]]
[[1, 0], [85, 96], [-159, -160]]
[[1, 0], [85, 96], [-231, -256]]
[[1, 0], [87, 104], [-459, -520]]
[[1, 0], [87, 104], [-705, -832]]
[[1, 0], [87, 208], [-269, -624]]
[[1, 0], [87, 208], [-353, -832]]
[[1, 0], [87, 416], [-177, -832]]
[[1, 0], [87, 832], [-89, -832]]
[[1, 0], [89, 104], [-469, -520]]
[[1, 0], [89, 104], [-721, -832]]
[[1, 0], [89, 104], [-97, -104]]
[[1, 0], [89, 128], [-229, -320]]
[[1, 0], [89, 143], [-153, -143]]
[[1, 0], [89, 143], [-395, -429]]
[[1, 0], [89, 208], [-275, -624]]
[[1, 0], [89, 208], [-361, -832]]
[[1, 0], [89, 208], [-93, -208]]
[[1, 0], [89, 256], [-191, -512]]
[[1, 0], [89, 416], [-181, -832]]
[[1, 0], [9, 104], [-17, -104]]
[[1, 0], [9, 104], [-69, -520]]
[[1, 0], [9, 104], [-81, -832]]
[[1, 0], [9, 128], [-29, -320]]
[[1, 0], [9, 13], [-109, -65]]
[[1, 0], [9, 13], [-1385, -429]]
[[1, 0], [9, 13], [-155, -39]]
[[1, 0], [9, 13], [-181, -169]]
[[1, 0], [9, 13], [-483, -143]]
[[1, 0], [9, 13], [-515, -559]]
[[1, 0], [9, 13], [-641, -832]]
[[1, 0], [9, 13], [-699, -455]]
[[1, 0], [9, 16], [-101, -64]]
[[1, 0], [9, 16], [-131, -48]]
[[1, 0], [9, 16], [-145, -208]]
[[1, 0], [9, 16], [-341, -144]]
[[1, 0], [9, 16], [-419, -560]]
[[1, 0], [9, 16], [-431, -512]]
[[1, 0], [9, 16], [-431, -624]]
[[1, 0], [9, 16], [-461, -704]]
[[1, 0], [9, 16], [-49, -64]]
[[1, 0], [9, 16], [-521, -464]]
[[1, 0], [9, 16], [-521, -832]]
[[1, 0], [9, 16], [-61, -16]]
[[1, 0], [9, 16], [-629, -448]]
[[1, 0], [9, 16], [-971, -432]]
[[1, 0], [9, 208], [-35, -624]]
[[1, 0], [9, 208], [-41, -832]]
[[1, 0], [9, 256], [-31, -512]]
[[1, 0], [9, 26], [-321, -832]]
[[1, 0], [9, 26], [-441, -442]]
[[1, 0], [9, 32], [-219, -640]]
[[1, 0], [9, 32], [-239, -480]]
[[1, 0], [9, 32], [-261, -832]]
[[1, 0], [9, 32], [-321, -448]]
[[1, 0], [9, 32], [-53, -96]]
[[1, 0], [9, 32], [-57, -64]]
[[1, 0], [9, 416], [-21, -832]]
[[1, 0], [9, 52], [-131, -572]]
[[1, 0], [9, 52], [-161, -468]]
[[1, 0], [9, 52], [-161, -832]]
[[1, 0], [9, 52], [-25, -52]]
[[1, 0], [9, 52], [-59, -156]]
[[1, 0], [9, 64], [-107, -576]]
[[1, 0], [9, 64], [-111, -512]]
[[1, 0], [9, 64], [-131, -832]]
[[1, 0], [9, 64], [-167, -448]]
[[1, 0], [9, 64], [-35, -64]]
[[1, 0], [9, 832], [-11, -832]]
[[1, 0], [91, 144], [-377, -432]]
[[1, 0], [91, 144], [-377, -576]]
[[1, 0], [91, 160], [-299, -480]]
[[1, 0], [91, 192], [-143, -288]]
[[1, 0], [91, 96], [-169, -160]]
[[1, 0], [91, 96], [-247, -256]]
[[1, 0], [93, 104], [-101, -104]]
[[1, 0], [93, 104], [-489, -520]]
[[1, 0], [93, 104], [-753, -832]]
[[1, 0], [93, 128], [-199, -256]]
[[1, 0], [93, 128], [-239, -320]]
[[1, 0], [93, 208], [-287, -624]]
[[1, 0], [93, 208], [-97, -208]]
[[1, 0], [93, 416], [-189, -832]]
[[1, 0], [95, 104], [-499, -520]]
[[1, 0], [95, 104], [-769, -832]]
[[1, 0], [95, 208], [-293, -624]]
[[1, 0], [95, 208], [-385, -832]]
[[1, 0], [95, 416], [-193, -832]]
[[1, 0], [95, 832], [-97, -832]]
[[1, 0], [97, 104], [-105, -104]]
[[1, 0], [97, 104], [-509, -520]]
[[1, 0], [97, 104], [-785, -832]]
[[1, 0], [97, 128], [-249, -320]]
[[1, 0], [97, 156], [-113, -156]]
[[1, 0], [97, 156], [-323, -468]]
[[1, 0], [97, 208], [-101, -208]]
[[1, 0], [97, 208], [-393, -832]]
[[1, 0], [97, 256], [-207, -512]]
[[1, 0], [97, 416], [-197, -832]]
[[1, 0], [97, 624], [-101, -624]]
[[1, 0], [97, 832], [-99, -832]]
[[1, 0], [99, 104], [-519, -520]]
[[1, 0], [99, 104], [-801, -832]]
[[1, 0], [99, 112], [-115, -128]]
[[1, 0], [99, 112], [-461, -448]]
[[1, 0], [99, 208], [-305, -624]]
[[1, 0], [99, 208], [-401, -832]]
[[1, 0], [99, 224], [-237, -448]]
[[1, 0], [99, 416], [-201, -832]]
[[1, 0], [99, 448], [-125, -448]]
[[1, 0], [99, 832], [-101, -832]]
