[[1, 0], [0, 1], [-1024, -15]]
[[1, 0], [0, 1], [-12544, -195]]
[[1, 0], [0, 1], [-128, -9]]
[[1, 0], [0, 1], [-256, -3]]
[[1, 0], [0, 1], [-2560, -39]]
[[1, 0], [0, 1], [-37248, -193]]
[[1, 0], [0, 1], [-384, -1]]
[[1, 0], [0, 1], [-385, -384]]
[[1, 0], [0, 1], [-771, -256]]
[[1, 0], [1, 128], [-11, -256]]
[[1, 0], [1, 128], [-7, -384]]
[[1, 0], [1, 12], [-305, -204]]
[[1, 0], [1, 12], [-65, -384]]
[[1, 0], [1, 13], [-1039, -195]]
[[1, 0], [1, 13], [-139, -15]]
[[1, 0], [1, 13], [-259, -39]]
[[1, 0], [1, 15], [-233, -39]]
[[1, 0], [1, 16], [-181, -208]]
[[1, 0], [1, 16], [-19, -48]]
[[1, 0], [1, 16], [-25, -16]]
[[1, 0], [1, 16], [-49, -384]]
[[1, 0], [1, 16], [-67, -256]]
[[1, 0], [1, 16], [-79, -240]]
[[1, 0], [1, 18], [-395, -198]]
[[1, 0], [1, 18], [-65, -18]]
[[1, 0], [1, 18], [-77, -234]]
[[1, 0], [1, 192], [-5, -384]]
[[1, 0], [1, 193], [-385, -193]]
[[1, 0], [1, 194], [-193, -194]]
[[1, 0], [1, 196], [-97, -196]]
[[1, 0], [1, 198], [-65, -198]]
[[1, 0], [1, 200], [-49, -200]]
[[1, 0], [1, 208], [-25, -208]]
[[1, 0], [1, 216], [-17, -216]]
[[1, 0], [1, 224], [-13, -224]]
[[1, 0], [1, 22], [-329, -198]]
[[1, 0], [1, 23], [-137, -207]]
[[1, 0], [1, 24], [-43, -264]]
[[1, 0], [1, 24], [-89, -216]]
[[1, 0], [1, 256], [-7, -256]]
[[1, 0], [1, 288], [-5, -288]]
[[1, 0], [1, 28], [-391, -196]]
[[1, 0], [1, 28], [-41, -252]]
[[1, 0], [1, 28], [-97, -28]]
[[1, 0], [1, 2], [-193, -2]]
[[1, 0], [1, 2], [-329, -18]]
[[1, 0], [1, 2], [-3299, -198]]
[[1, 0], [1, 2], [-385, -384]]
[[1, 0], [1, 2], [-515, -256]]
[[1, 0], [1, 2], [-9505, -194]]
[[1, 0], [1, 32], [-13, -32]]
[[1, 0], [1, 32], [-25, -384]]
[[1, 0], [1, 32], [-29, -288]]
[[1, 0], [1, 32], [-35, -256]]
[[1, 0], [1, 32], [-55, -224]]
[[1, 0], [1, 36], [-13, -84]]
[[1, 0], [1, 39], [-389, -195]]
[[1, 0], [1, 3], [-257, -384]]
[[1, 0], [1, 3], [-389, -15]]
[[1, 0], [1, 3], [-4289, -195]]
[[1, 0], [1, 3], [-461, -231]]
[[1, 0], [1, 3], [-965, -207]]
[[1, 0], [1, 40], [-149, -200]]
[[1, 0], [1, 40], [-49, -40]]
[[1, 0], [1, 40], [-5, -72]]
[[1, 0], [1, 48], [-17, -384]]
[[1, 0], [1, 48], [-29, -240]]
[[1, 0], [1, 4], [-193, -384]]
[[1, 0], [1, 4], [-229, -276]]
[[1, 0], [1, 4], [-2449, -196]]
[[1, 0], [1, 4], [-259, -256]]
[[1, 0], [1, 4], [-391, -28]]
[[1, 0], [1, 4], [-41, -36]]
[[1, 0], [1, 4], [-439, -220]]
[[1, 0], [1, 4], [-67, -12]]
[[1, 0], [1, 4], [-883, -204]]
[[1, 0], [1, 4], [-97, -4]]
[[1, 0], [1, 5], [-259, -15]]
[[1, 0], [1, 5], [-2599, -195]]
[[1, 0], [1, 5], [-37, -57]]
[[1, 0], [1, 5], [-571, -39]]
[[1, 0], [1, 64], [-13, -384]]
[[1, 0], [1, 64], [-19, -256]]
[[1, 0], [1, 65], [-259, -195]]
[[1, 0], [1, 66], [-131, -198]]
[[1, 0], [1, 68], [-67, -204]]
[[1, 0], [1, 6], [-1121, -198]]
[[1, 0], [1, 6], [-131, -18]]
[[1, 0], [1, 6], [-419, -210]]
[[1, 0], [1, 72], [-35, -216]]
[[1, 0], [1, 80], [-19, -240]]
[[1, 0], [1, 8], [-103, -312]]
[[1, 0], [1, 8], [-131, -256]]
[[1, 0], [1, 8], [-149, -40]]
[[1, 0], [1, 8], [-173, -232]]
[[1, 0], [1, 8], [-251, -216]]
[[1, 0], [1, 8], [-49, -8]]
[[1, 0], [1, 8], [-649, -200]]
[[1, 0], [1, 8], [-97, -384]]
[[1, 0], [1, 96], [-11, -288]]
[[1, 0], [101, 128], [-211, -256]]
[[1, 0], [101, 128], [-307, -384]]
[[1, 0], [101, 192], [-205, -384]]
[[1, 0], [101, 200], [-149, -200]]
[[1, 0], [101, 240], [-109, -240]]
[[1, 0], [101, 256], [-107, -256]]
[[1, 0], [103, 128], [-157, -192]]
[[1, 0], [103, 128], [-215, -256]]
[[1, 0], [103, 128], [-313, -384]]
[[1, 0], [103, 192], [-209, -384]]
[[1, 0], [105, 128], [-219, -256]]
[[1, 0], [105, 128], [-319, -384]]
[[1, 0], [105, 208], [-129, -208]]
[[1, 0], [107, 128], [-163, -192]]
[[1, 0], [107, 128], [-223, -256]]
[[1, 0], [107, 128], [-325, -384]]
[[1, 0], [107, 192], [-217, -384]]
[[1, 0], [109, 128], [-227, -256]]
[[1, 0], [109, 128], [-331, -384]]
[[1, 0], [109, 192], [-221, -384]]
[[1, 0], [109, 216], [-125, -216]]
[[1, 0], [109, 256], [-115, -256]]
[[1, 0], [109, 288], [-113, -288]]
[[1, 0], [11, 128], [-17, -128]]
[[1, 0], [11, 128], [-19, -192]]
[[1, 0], [11, 128], [-31, -256]]
[[1, 0], [11, 128], [-37, -384]]
[[1, 0], [11, 12], [-129, -128]]
[[1, 0], [11, 12], [-169, -68]]
[[1, 0], [11, 12], [-385, -384]]
[[1, 0], [11, 12], [-475, -204]]
[[1, 0], [11, 15], [-1039, -195]]
[[1, 0], [11, 15], [-139, -15]]
[[1, 0], [11, 15], [-259, -39]]
[[1, 0], [11, 15], [-389, -65]]
[[1, 0], [11, 16], [-227, -256]]
[[1, 0], [11, 16], [-229, -240]]
[[1, 0], [11, 16], [-289, -384]]
[[1, 0], [11, 16], [-311, -208]]
[[1, 0], [11, 16], [-49, -48]]
[[1, 0], [11, 192], [-25, -384]]
[[1, 0], [11, 24], [-179, -216]]
[[1, 0], [11, 24], [-193, -384]]
[[1, 0], [11, 24], [-65, -128]]
[[1, 0], [11, 24], [-65, -72]]
[[1, 0], [11, 30], [-41, -42]]
[[1, 0], [11, 32], [-115, -256]]
[[1, 0], [11, 32], [-119, -288]]
[[1, 0], [11, 32], [-125, -224]]
[[1, 0], [11, 32], [-145, -384]]
[[1, 0], [11, 40], [-199, -200]]
[[1, 0], [11, 40], [-23, -72]]
[[1, 0], [11, 48], [-29, -80]]
[[1, 0], [11, 48], [-33, -128]]
[[1, 0], [11, 48], [-79, -240]]
[[1, 0], [11, 48], [-97, -384]]
[[1, 0], [11, 64], [-59, -256]]
[[1, 0], [11, 64], [-73, -384]]
[[1, 0], [11, 80], [-49, -240]]
[[1, 0], [11, 96], [-17, -128]]
[[1, 0], [11, 96], [-41, -288]]
[[1, 0], [11, 96], [-49, -384]]
[[1, 0], [111, 128], [-169, -192]]
[[1, 0], [111, 128], [-231, -256]]
[[1, 0], [111, 128], [-337, -384]]
[[1, 0], [113, 128], [-235, -256]]
[[1, 0], [113, 128], [-343, -384]]
[[1, 0], [113, 192], [-229, -384]]
[[1, 0], [113, 224], [-125, -224]]
[[1, 0], [113, 256], [-119, -256]]
[[1, 0], [113, 384], [-115, -384]]
[[1, 0], [115, 128], [-175, -192]]
[[1, 0], [115, 128], [-239, -256]]
[[1, 0], [115, 128], [-349, -384]]
[[1, 0], [115, 192], [-233, -384]]
[[1, 0], [117, 128], [-243, -256]]
[[1, 0], [117, 128], [-355, -384]]
[[1, 0], [117, 256], [-123, -256]]
[[1, 0], [119, 128], [-181, -192]]
[[1, 0], [119, 128], [-247, -256]]
[[1, 0], [119, 128], [-361, -384]]
[[1, 0], [119, 192], [-241, -384]]
[[1, 0], [121, 128], [-251, -256]]
[[1, 0], [121, 128], [-367, -384]]
[[1, 0], [121, 192], [-245, -384]]
[[1, 0], [123, 128], [-129, -128]]
[[1, 0], [123, 128], [-187, -192]]
[[1, 0], [123, 128], [-255, -256]]
[[1, 0], [123, 128], [-373, -384]]
[[1, 0], [125, 128], [-259, -256]]
[[1, 0], [125, 128], [-379, -384]]
[[1, 0], [125, 192], [-253, -384]]
[[1, 0], [125, 256], [-131, -256]]
[[1, 0], [127, 128], [-193, -192]]
[[1, 0], [127, 128], [-263, -256]]
[[1, 0], [127, 128], [-385, -384]]
[[1, 0], [127, 192], [-257, -384]]
[[1, 0], [129, 256], [-135, -256]]
[[1, 0], [13, 128], [-35, -256]]
[[1, 0], [13, 128], [-43, -384]]
[[1, 0], [13, 16], [-259, -240]]
[[1, 0], [13, 16], [-259, -256]]
[[1, 0], [13, 16], [-337, -208]]
[[1, 0], [13, 16], [-337, -384]]
[[1, 0], [13, 16], [-37, -16]]
[[1, 0], [13, 16], [-55, -48]]
[[1, 0], [13, 18], [-197, -66]]
[[1, 0], [13, 18], [-233, -234]]
[[1, 0], [13, 18], [-527, -198]]
[[1, 0], [13, 18], [-77, -18]]
[[1, 0], [13, 18], [-87, -22]]
[[1, 0], [13, 192], [-29, -384]]
[[1, 0], [13, 24], [-175, -264]]
[[1, 0], [13, 24], [-197, -216]]
[[1, 0], [13, 256], [-19, -256]]
[[1, 0], [13, 288], [-17, -288]]
[[1, 0], [13, 32], [-131, -256]]
[[1, 0], [13, 32], [-137, -288]]
[[1, 0], [13, 32], [-139, -224]]
[[1, 0], [13, 32], [-169, -384]]
[[1, 0], [13, 32], [-25, -32]]
[[1, 0], [13, 36], [-41, -84]]
[[1, 0], [13, 48], [-113, -384]]
[[1, 0], [13, 48], [-89, -240]]
[[1, 0], [13, 64], [-67, -256]]
[[1, 0], [13, 64], [-85, -384]]
[[1, 0], [13, 72], [-29, -72]]
[[1, 0], [13, 72], [-71, -216]]
[[1, 0], [13, 96], [-47, -288]]
[[1, 0], [131, 192], [-265, -384]]
[[1, 0], [131, 195], [-259, -195]]
[[1, 0], [133, 192], [-269, -384]]
[[1, 0], [133, 288], [-137, -288]]
[[1, 0], [137, 192], [-277, -384]]
[[1, 0], [137, 204], [-169, -204]]
[[1, 0], [137, 384], [-139, -384]]
[[1, 0], [139, 192], [-281, -384]]
[[1, 0], [14, 39], [-142, -39]]
[[1, 0], [14, 39], [-194, -65]]
[[1, 0], [14, 39], [-454, -195]]
[[1, 0], [141, 224], [-153, -224]]
[[1, 0], [143, 192], [-289, -384]]
[[1, 0], [145, 192], [-293, -384]]
[[1, 0], [145, 256], [-151, -256]]
[[1, 0], [145, 288], [-149, -288]]
[[1, 0], [149, 192], [-301, -384]]
[[1, 0], [15, 128], [-21, -128]]
[[1, 0], [15, 128], [-25, -192]]
[[1, 0], [15, 128], [-39, -256]]
[[1, 0], [15, 128], [-49, -384]]
[[1, 0], [15, 16], [-289, -240]]
[[1, 0], [15, 16], [-291, -256]]
[[1, 0], [15, 16], [-363, -208]]
[[1, 0], [15, 16], [-385, -384]]
[[1, 0], [15, 16], [-61, -48]]
[[1, 0], [15, 28], [-167, -252]]
[[1, 0], [15, 28], [-489, -196]]
[[1, 0], [15, 32], [-147, -256]]
[[1, 0], [15, 32], [-153, -224]]
[[1, 0], [15, 32], [-155, -288]]
[[1, 0], [15, 32], [-193, -384]]
[[1, 0], [15, 64], [-75, -256]]
[[1, 0], [15, 64], [-97, -384]]
[[1, 0], [151, 192], [-305, -384]]
[[1, 0], [155, 192], [-313, -384]]
[[1, 0], [157, 192], [-317, -384]]
[[1, 0], [157, 208], [-181, -208]]
[[1, 0], [157, 288], [-161, -288]]
[[1, 0], [161, 192], [-325, -384]]
[[1, 0], [161, 240], [-169, -240]]
[[1, 0], [161, 256], [-167, -256]]
[[1, 0], [161, 384], [-163, -384]]
[[1, 0], [163, 192], [-329, -384]]
[[1, 0], [163, 288], [-167, -288]]
[[1, 0], [167, 192], [-337, -384]]
[[1, 0], [169, 192], [-341, -384]]
[[1, 0], [169, 224], [-181, -224]]
[[1, 0], [169, 288], [-173, -288]]
[[1, 0], [17, 128], [-43, -256]]
[[1, 0], [17, 128], [-55, -384]]
[[1, 0], [17, 192], [-37, -384]]
[[1, 0], [17, 24], [-233, -216]]
[[1, 0], [17, 24], [-289, -384]]
[[1, 0], [17, 24], [-83, -72]]
[[1, 0], [17, 24], [-97, -128]]
[[1, 0], [17, 256], [-23, -256]]
[[1, 0], [17, 32], [-163, -256]]
[[1, 0], [17, 32], [-167, -224]]
[[1, 0], [17, 32], [-173, -288]]
[[1, 0], [17, 32], [-217, -384]]
[[1, 0], [17, 32], [-29, -32]]
[[1, 0], [17, 384], [-19, -384]]
[[1, 0], [17, 48], [-109, -240]]
[[1, 0], [17, 48], [-145, -384]]
[[1, 0], [17, 48], [-25, -48]]
[[1, 0], [17, 48], [-39, -80]]
[[1, 0], [17, 48], [-49, -128]]
[[1, 0], [17, 64], [-109, -384]]
[[1, 0], [17, 64], [-83, -256]]
[[1, 0], [17, 96], [-25, -128]]
[[1, 0], [17, 96], [-59, -288]]
[[1, 0], [17, 96], [-73, -384]]
[[1, 0], [173, 192], [-349, -384]]
[[1, 0], [175, 192], [-353, -384]]
[[1, 0], [177, 256], [-183, -256]]
[[1, 0], [179, 192], [-361, -384]]
[[1, 0], [181, 192], [-365, -384]]
[[1, 0], [181, 216], [-197, -216]]
[[1, 0], [181, 288], [-185, -288]]
[[1, 0], [185, 192], [-373, -384]]
[[1, 0], [185, 384], [-187, -384]]
[[1, 0], [187, 192], [-377, -384]]
[[1, 0], [19, 128], [-25, -128]]
[[1, 0], [19, 128], [-31, -192]]
[[1, 0], [19, 128], [-47, -256]]
[[1, 0], [19, 128], [-61, -384]]
[[1, 0], [19, 192], [-41, -384]]
[[1, 0], [19, 24], [-241, -264]]
[[1, 0], [19, 24], [-251, -216]]
[[1, 0], [19, 288], [-23, -288]]
[[1, 0], [19, 32], [-179, -256]]
[[1, 0], [19, 32], [-181, -224]]
[[1, 0], [19, 32], [-191, -288]]
[[1, 0], [19, 32], [-241, -384]]
[[1, 0], [19, 36], [-55, -84]]
[[1, 0], [19, 48], [-119, -240]]
[[1, 0], [19, 48], [-161, -384]]
[[1, 0], [19, 64], [-121, -384]]
[[1, 0], [19, 64], [-91, -256]]
[[1, 0], [19, 72], [-89, -216]]
[[1, 0], [19, 96], [-65, -288]]
[[1, 0], [191, 192], [-385, -384]]
[[1, 0], [191, 384], [-193, -384]]
[[1, 0], [193, 256], [-199, -256]]
[[1, 0], [197, 224], [-209, -224]]
[[1, 0], [2, 3], [-1034, -207]]
[[1, 0], [2, 3], [-129, -128]]
[[1, 0], [2, 3], [-130, -3]]
[[1, 0], [2, 3], [-1494, -65]]
[[1, 0], [2, 3], [-174, -5]]
[[1, 0], [2, 3], [-350, -13]]
[[1, 0], [2, 3], [-385, -384]]
[[1, 0], [2, 3], [-394, -15]]
[[1, 0], [2, 3], [-4354, -195]]
[[1, 0], [2, 3], [-538, -231]]
[[1, 0], [2, 3], [-922, -39]]
[[1, 0], [203, 384], [-205, -384]]
[[1, 0], [205, 288], [-209, -288]]
[[1, 0], [209, 256], [-215, -256]]
[[1, 0], [209, 384], [-211, -384]]
[[1, 0], [21, 128], [-51, -256]]
[[1, 0], [21, 128], [-67, -384]]
[[1, 0], [21, 256], [-27, -256]]
[[1, 0], [21, 32], [-195, -224]]
[[1, 0], [21, 32], [-195, -256]]
[[1, 0], [21, 32], [-209, -288]]
[[1, 0], [21, 32], [-265, -384]]
[[1, 0], [21, 32], [-33, -32]]
[[1, 0], [21, 40], [-249, -200]]
[[1, 0], [21, 40], [-41, -72]]
[[1, 0], [21, 40], [-69, -40]]
[[1, 0], [21, 64], [-133, -384]]
[[1, 0], [21, 64], [-99, -256]]
[[1, 0], [21, 80], [-79, -240]]
[[1, 0], [215, 384], [-217, -384]]
[[1, 0], [217, 288], [-221, -288]]
[[1, 0], [221, 240], [-229, -240]]
[[1, 0], [225, 256], [-231, -256]]
[[1, 0], [227, 384], [-229, -384]]
[[1, 0], [229, 288], [-233, -288]]
[[1, 0], [23, 128], [-29, -128]]
[[1, 0], [23, 128], [-37, -192]]
[[1, 0], [23, 128], [-55, -256]]
[[1, 0], [23, 128], [-73, -384]]
[[1, 0], [23, 192], [-49, -384]]
[[1, 0], [23, 24], [-101, -72]]
[[1, 0], [23, 24], [-129, -128]]
[[1, 0], [23, 24], [-287, -216]]
[[1, 0], [23, 24], [-385, -384]]
[[1, 0], [23, 32], [-209, -224]]
[[1, 0], [23, 32], [-211, -256]]
[[1, 0], [23, 32], [-227, -288]]
[[1, 0], [23, 32], [-289, -384]]
[[1, 0], [23, 48], [-139, -240]]
[[1, 0], [23, 48], [-193, -384]]
[[1, 0], [23, 48], [-49, -80]]
[[1, 0], [23, 48], [-65, -128]]
[[1, 0], [23, 64], [-107, -256]]
[[1, 0], [23, 64], [-145, -384]]
[[1, 0], [23, 66], [-197, -198]]
[[1, 0], [23, 96], [-33, -128]]
[[1, 0], [23, 96], [-77, -288]]
[[1, 0], [23, 96], [-97, -384]]
[[1, 0], [233, 384], [-235, -384]]
[[1, 0], [235, 288], [-239, -288]]
[[1, 0], [239, 384], [-241, -384]]
[[1, 0], [241, 256], [-247, -256]]
[[1, 0], [241, 288], [-245, -288]]
[[1, 0], [25, 128], [-59, -256]]
[[1, 0], [25, 128], [-79, -384]]
[[1, 0], [25, 192], [-53, -384]]
[[1, 0], [25, 288], [-29, -288]]
[[1, 0], [25, 32], [-223, -224]]
[[1, 0], [25, 32], [-227, -256]]
[[1, 0], [25, 32], [-245, -288]]
[[1, 0], [25, 32], [-313, -384]]
[[1, 0], [25, 32], [-37, -32]]
[[1, 0], [25, 48], [-149, -240]]
[[1, 0], [25, 48], [-209, -384]]
[[1, 0], [25, 64], [-115, -256]]
[[1, 0], [25, 64], [-157, -384]]
[[1, 0], [25, 72], [-107, -216]]
[[1, 0], [25, 72], [-41, -72]]
[[1, 0], [25, 96], [-83, -288]]
[[1, 0], [251, 384], [-253, -384]]
[[1, 0], [253, 256], [-259, -256]]
[[1, 0], [253, 288], [-257, -288]]
[[1, 0], [257, 384], [-259, -384]]
[[1, 0], [263, 384], [-265, -384]]
[[1, 0], [27, 128], [-33, -128]]
[[1, 0], [27, 128], [-43, -192]]
[[1, 0], [27, 128], [-63, -256]]
[[1, 0], [27, 128], [-85, -384]]
[[1, 0], [27, 32], [-237, -224]]
[[1, 0], [27, 32], [-243, -256]]
[[1, 0], [27, 32], [-263, -288]]
[[1, 0], [27, 32], [-337, -384]]
[[1, 0], [27, 64], [-123, -256]]
[[1, 0], [27, 64], [-169, -384]]
[[1, 0], [275, 384], [-277, -384]]
[[1, 0], [277, 288], [-281, -288]]
[[1, 0], [281, 384], [-283, -384]]
[[1, 0], [287, 384], [-289, -384]]
[[1, 0], [29, 128], [-67, -256]]
[[1, 0], [29, 128], [-91, -384]]
[[1, 0], [29, 192], [-61, -384]]
[[1, 0], [29, 224], [-41, -224]]
[[1, 0], [29, 256], [-35, -256]]
[[1, 0], [29, 32], [-251, -224]]
[[1, 0], [29, 32], [-259, -256]]
[[1, 0], [29, 32], [-281, -288]]
[[1, 0], [29, 32], [-361, -384]]
[[1, 0], [29, 32], [-41, -32]]
[[1, 0], [29, 42], [-209, -210]]
[[1, 0], [29, 48], [-169, -240]]
[[1, 0], [29, 48], [-241, -384]]
[[1, 0], [29, 48], [-37, -48]]
[[1, 0], [29, 48], [-59, -80]]
[[1, 0], [29, 48], [-81, -128]]
[[1, 0], [29, 64], [-131, -256]]
[[1, 0], [29, 64], [-181, -384]]
[[1, 0], [29, 96], [-121, -384]]
[[1, 0], [29, 96], [-41, -128]]
[[1, 0], [29, 96], [-95, -288]]
[[1, 0], [299, 384], [-301, -384]]
[[1, 0], [3, 128], [-13, -384]]
[[1, 0], [3, 128], [-15, -256]]
[[1, 0], [3, 128], [-7, -192]]
[[1, 0], [3, 128], [-9, -128]]
[[1, 0], [3, 16], [-109, -240]]
[[1, 0], [3, 16], [-207, -208]]
[[1, 0], [3, 16], [-25, -48]]
[[1, 0], [3, 16], [-97, -384]]
[[1, 0], [3, 16], [-99, -256]]
[[1, 0], [3, 32], [-47, -288]]
[[1, 0], [3, 32], [-49, -384]]
[[1, 0], [3, 32], [-51, -256]]
[[1, 0], [3, 32], [-69, -224]]
[[1, 0], [3, 4], [-2547, -196]]
[[1, 0], [3, 4], [-367, -276]]
[[1, 0], [3, 4], [-385, -384]]
[[1, 0], [3, 4], [-387, -256]]
[[1, 0], [3, 4], [-405, -28]]
[[1, 0], [3, 4], [-549, -220]]
[[1, 0], [3, 4], [-59, -36]]
[[1, 0], [3, 4], [-73, -12]]
[[1, 0], [3, 4], [-985, -204]]
[[1, 0], [3, 64], [-25, -384]]
[[1, 0], [3, 64], [-27, -256]]
[[1, 0], [3, 8], [-159, -40]]
[[1, 0], [3, 8], [-181, -312]]
[[1, 0], [3, 8], [-193, -384]]
[[1, 0], [3, 8], [-195, -256]]
[[1, 0], [3, 8], [-231, -232]]
[[1, 0], [3, 8], [-305, -216]]
[[1, 0], [3, 8], [-699, -200]]
[[1, 0], [305, 384], [-307, -384]]
[[1, 0], [31, 128], [-37, -128]]
[[1, 0], [31, 128], [-49, -192]]
[[1, 0], [31, 128], [-71, -256]]
[[1, 0], [31, 128], [-97, -384]]
[[1, 0], [31, 192], [-65, -384]]
[[1, 0], [31, 32], [-265, -224]]
[[1, 0], [31, 32], [-275, -256]]
[[1, 0], [31, 32], [-299, -288]]
[[1, 0], [31, 32], [-385, -384]]
[[1, 0], [31, 36], [-83, -84]]
[[1, 0], [31, 40], [-299, -200]]
[[1, 0], [31, 40], [-59, -72]]
[[1, 0], [31, 48], [-179, -240]]
[[1, 0], [31, 48], [-257, -384]]
[[1, 0], [31, 64], [-139, -256]]
[[1, 0], [31, 64], [-193, -384]]
[[1, 0], [31, 72], [-125, -216]]
[[1, 0], [31, 80], [-109, -240]]
[[1, 0], [31, 96], [-101, -288]]
[[1, 0], [311, 384], [-313, -384]]
[[1, 0], [323, 384], [-325, -384]]
[[1, 0], [329, 384], [-331, -384]]
[[1, 0], [33, 128], [-103, -384]]
[[1, 0], [33, 128], [-75, -256]]
[[1, 0], [33, 256], [-39, -256]]
[[1, 0], [33, 64], [-147, -256]]
[[1, 0], [33, 64], [-205, -384]]
[[1, 0], [335, 384], [-337, -384]]
[[1, 0], [347, 384], [-349, -384]]
[[1, 0], [35, 128], [-109, -384]]
[[1, 0], [35, 128], [-41, -128]]
[[1, 0], [35, 128], [-55, -192]]
[[1, 0], [35, 128], [-79, -256]]
[[1, 0], [35, 192], [-73, -384]]
[[1, 0], [35, 48], [-199, -240]]
[[1, 0], [35, 48], [-289, -384]]
[[1, 0], [35, 48], [-69, -80]]
[[1, 0], [35, 48], [-97, -128]]
[[1, 0], [35, 64], [-155, -256]]
[[1, 0], [35, 64], [-217, -384]]
[[1, 0], [35, 68], [-169, -204]]
[[1, 0], [35, 96], [-113, -288]]
[[1, 0], [35, 96], [-145, -384]]
[[1, 0], [35, 96], [-49, -128]]
[[1, 0], [353, 384], [-355, -384]]
[[1, 0], [359, 384], [-361, -384]]
[[1, 0], [37, 128], [-115, -384]]
[[1, 0], [37, 128], [-83, -256]]
[[1, 0], [37, 192], [-77, -384]]
[[1, 0], [37, 216], [-53, -216]]
[[1, 0], [37, 256], [-43, -256]]
[[1, 0], [37, 288], [-41, -288]]
[[1, 0], [37, 48], [-209, -240]]
[[1, 0], [37, 48], [-305, -384]]
[[1, 0], [37, 64], [-163, -256]]
[[1, 0], [37, 64], [-229, -384]]
[[1, 0], [37, 72], [-143, -216]]
[[1, 0], [37, 96], [-119, -288]]
[[1, 0], [371, 384], [-373, -384]]
[[1, 0], [377, 384], [-379, -384]]
[[1, 0], [383, 384], [-385, -384]]
[[1, 0], [39, 128], [-121, -384]]
[[1, 0], [39, 128], [-45, -128]]
[[1, 0], [39, 128], [-61, -192]]
[[1, 0], [39, 128], [-87, -256]]
[[1, 0], [39, 64], [-171, -256]]
[[1, 0], [39, 64], [-241, -384]]
[[1, 0], [41, 128], [-127, -384]]
[[1, 0], [41, 128], [-91, -256]]
[[1, 0], [41, 192], [-85, -384]]
[[1, 0], [41, 240], [-49, -240]]
[[1, 0], [41, 384], [-43, -384]]
[[1, 0], [41, 48], [-113, -128]]
[[1, 0], [41, 48], [-229, -240]]
[[1, 0], [41, 48], [-337, -384]]
[[1, 0], [41, 48], [-49, -48]]
[[1, 0], [41, 48], [-79, -80]]
[[1, 0], [41, 64], [-179, -256]]
[[1, 0], [41, 64], [-253, -384]]
[[1, 0], [41, 80], [-139, -240]]
[[1, 0], [41, 96], [-131, -288]]
[[1, 0], [41, 96], [-169, -384]]
[[1, 0], [41, 96], [-57, -128]]
[[1, 0], [43, 128], [-133, -384]]
[[1, 0], [43, 128], [-49, -128]]
[[1, 0], [43, 128], [-67, -192]]
[[1, 0], [43, 128], [-95, -256]]
[[1, 0], [43, 192], [-89, -384]]
[[1, 0], [43, 48], [-239, -240]]
[[1, 0], [43, 48], [-353, -384]]
[[1, 0], [43, 64], [-187, -256]]
[[1, 0], [43, 64], [-265, -384]]
[[1, 0], [43, 72], [-161, -216]]
[[1, 0], [43, 96], [-137, -288]]
[[1, 0], [45, 128], [-139, -384]]
[[1, 0], [45, 128], [-99, -256]]
[[1, 0], [45, 256], [-51, -256]]
[[1, 0], [45, 64], [-195, -256]]
[[1, 0], [45, 64], [-277, -384]]
[[1, 0], [47, 128], [-103, -256]]
[[1, 0], [47, 128], [-145, -384]]
[[1, 0], [47, 128], [-53, -128]]
[[1, 0], [47, 128], [-73, -192]]
[[1, 0], [47, 192], [-97, -384]]
[[1, 0], [47, 48], [-129, -128]]
[[1, 0], [47, 48], [-259, -240]]
[[1, 0], [47, 48], [-385, -384]]
[[1, 0], [47, 48], [-89, -80]]
[[1, 0], [47, 64], [-203, -256]]
[[1, 0], [47, 64], [-289, -384]]
[[1, 0], [47, 96], [-149, -288]]
[[1, 0], [47, 96], [-193, -384]]
[[1, 0], [47, 96], [-65, -128]]
[[1, 0], [49, 128], [-107, -256]]
[[1, 0], [49, 128], [-151, -384]]
[[1, 0], [49, 192], [-101, -384]]
[[1, 0], [49, 256], [-55, -256]]
[[1, 0], [49, 64], [-211, -256]]
[[1, 0], [49, 64], [-301, -384]]
[[1, 0], [49, 72], [-179, -216]]
[[1, 0], [49, 72], [-65, -72]]
[[1, 0], [49, 96], [-155, -288]]
[[1, 0], [5, 128], [-19, -256]]
[[1, 0], [5, 128], [-19, -384]]
[[1, 0], [5, 12], [-135, -68]]
[[1, 0], [5, 12], [-193, -384]]
[[1, 0], [5, 12], [-37, -12]]
[[1, 0], [5, 12], [-373, -204]]
[[1, 0], [5, 12], [-65, -128]]
[[1, 0], [5, 16], [-131, -256]]
[[1, 0], [5, 16], [-139, -240]]
[[1, 0], [5, 16], [-145, -384]]
[[1, 0], [5, 16], [-233, -208]]
[[1, 0], [5, 16], [-29, -16]]
[[1, 0], [5, 16], [-31, -48]]
[[1, 0], [5, 192], [-13, -384]]
[[1, 0], [5, 24], [-125, -216]]
[[1, 0], [5, 24], [-33, -128]]
[[1, 0], [5, 24], [-47, -72]]
[[1, 0], [5, 24], [-97, -384]]
[[1, 0], [5, 256], [-11, -256]]
[[1, 0], [5, 32], [-17, -32]]
[[1, 0], [5, 32], [-65, -288]]
[[1, 0], [5, 32], [-67, -256]]
[[1, 0], [5, 32], [-73, -384]]
[[1, 0], [5, 32], [-83, -224]]
[[1, 0], [5, 48], [-13, -48]]
[[1, 0], [5, 48], [-17, -128]]
[[1, 0], [5, 48], [-19, -80]]
[[1, 0], [5, 48], [-49, -240]]
[[1, 0], [5, 48], [-49, -384]]
[[1, 0], [5, 64], [-35, -256]]
[[1, 0], [5, 64], [-37, -384]]
[[1, 0], [5, 6], [-1253, -198]]
[[1, 0], [5, 6], [-129, -128]]
[[1, 0], [5, 6], [-143, -18]]
[[1, 0], [5, 6], [-147, -74]]
[[1, 0], [5, 6], [-343, -258]]
[[1, 0], [5, 6], [-385, -384]]
[[1, 0], [5, 6], [-439, -66]]
[[1, 0], [5, 6], [-559, -210]]
[[1, 0], [5, 6], [-89, -30]]
[[1, 0], [5, 8], [-169, -40]]
[[1, 0], [5, 8], [-259, -256]]
[[1, 0], [5, 8], [-259, -312]]
[[1, 0], [5, 8], [-289, -232]]
[[1, 0], [5, 8], [-289, -384]]
[[1, 0], [5, 8], [-359, -216]]
[[1, 0], [5, 8], [-53, -8]]
[[1, 0], [5, 8], [-749, -200]]
[[1, 0], [5, 96], [-23, -288]]
[[1, 0], [5, 96], [-25, -384]]
[[1, 0], [5, 96], [-9, -128]]
[[1, 0], [51, 128], [-111, -256]]
[[1, 0], [51, 128], [-157, -384]]
[[1, 0], [51, 128], [-57, -128]]
[[1, 0], [51, 128], [-79, -192]]
[[1, 0], [51, 64], [-219, -256]]
[[1, 0], [51, 64], [-313, -384]]
[[1, 0], [51, 80], [-169, -240]]
[[1, 0], [53, 128], [-115, -256]]
[[1, 0], [53, 128], [-163, -384]]
[[1, 0], [53, 192], [-109, -384]]
[[1, 0], [53, 208], [-77, -208]]
[[1, 0], [53, 256], [-59, -256]]
[[1, 0], [53, 64], [-227, -256]]
[[1, 0], [53, 64], [-325, -384]]
[[1, 0], [53, 96], [-167, -288]]
[[1, 0], [53, 96], [-217, -384]]
[[1, 0], [53, 96], [-73, -128]]
[[1, 0], [55, 128], [-119, -256]]
[[1, 0], [55, 128], [-169, -384]]
[[1, 0], [55, 128], [-61, -128]]
[[1, 0], [55, 128], [-85, -192]]
[[1, 0], [55, 192], [-113, -384]]
[[1, 0], [55, 216], [-71, -216]]
[[1, 0], [55, 64], [-235, -256]]
[[1, 0], [55, 64], [-337, -384]]
[[1, 0], [55, 72], [-197, -216]]
[[1, 0], [55, 96], [-173, -288]]
[[1, 0], [57, 128], [-123, -256]]
[[1, 0], [57, 128], [-175, -384]]
[[1, 0], [57, 224], [-69, -224]]
[[1, 0], [57, 64], [-243, -256]]
[[1, 0], [57, 64], [-349, -384]]
[[1, 0], [59, 128], [-127, -256]]
[[1, 0], [59, 128], [-181, -384]]
[[1, 0], [59, 128], [-65, -128]]
[[1, 0], [59, 128], [-91, -192]]
[[1, 0], [59, 192], [-121, -384]]
[[1, 0], [59, 64], [-251, -256]]
[[1, 0], [59, 64], [-361, -384]]
[[1, 0], [59, 96], [-185, -288]]
[[1, 0], [59, 96], [-241, -384]]
[[1, 0], [59, 96], [-81, -128]]
[[1, 0], [61, 128], [-131, -256]]
[[1, 0], [61, 128], [-187, -384]]
[[1, 0], [61, 192], [-125, -384]]
[[1, 0], [61, 256], [-67, -256]]
[[1, 0], [61, 288], [-65, -288]]
[[1, 0], [61, 64], [-259, -256]]
[[1, 0], [61, 64], [-373, -384]]
[[1, 0], [61, 72], [-215, -216]]
[[1, 0], [61, 72], [-77, -72]]
[[1, 0], [61, 80], [-199, -240]]
[[1, 0], [61, 96], [-191, -288]]
[[1, 0], [63, 128], [-135, -256]]
[[1, 0], [63, 128], [-193, -384]]
[[1, 0], [63, 128], [-97, -192]]
[[1, 0], [63, 64], [-267, -256]]
[[1, 0], [63, 64], [-385, -384]]
[[1, 0], [65, 128], [-139, -256]]
[[1, 0], [65, 128], [-199, -384]]
[[1, 0], [65, 192], [-133, -384]]
[[1, 0], [65, 256], [-71, -256]]
[[1, 0], [65, 384], [-67, -384]]
[[1, 0], [65, 96], [-203, -288]]
[[1, 0], [65, 96], [-265, -384]]
[[1, 0], [65, 96], [-89, -128]]
[[1, 0], [67, 128], [-103, -192]]
[[1, 0], [67, 128], [-143, -256]]
[[1, 0], [67, 128], [-205, -384]]
[[1, 0], [67, 192], [-137, -384]]
[[1, 0], [67, 198], [-131, -198]]
[[1, 0], [67, 72], [-233, -216]]
[[1, 0], [67, 96], [-209, -288]]
[[1, 0], [69, 128], [-147, -256]]
[[1, 0], [69, 128], [-211, -384]]
[[1, 0], [69, 256], [-75, -256]]
[[1, 0], [7, 128], [-13, -128]]
[[1, 0], [7, 128], [-13, -192]]
[[1, 0], [7, 128], [-23, -256]]
[[1, 0], [7, 128], [-25, -384]]
[[1, 0], [7, 12], [-257, -384]]
[[1, 0], [7, 12], [-407, -204]]
[[1, 0], [7, 16], [-163, -256]]
[[1, 0], [7, 16], [-169, -240]]
[[1, 0], [7, 16], [-193, -384]]
[[1, 0], [7, 16], [-259, -208]]
[[1, 0], [7, 16], [-37, -48]]
[[1, 0], [7, 18], [-155, -234]]
[[1, 0], [7, 18], [-175, -66]]
[[1, 0], [7, 18], [-461, -198]]
[[1, 0], [7, 192], [-17, -384]]
[[1, 0], [7, 24], [-109, -264]]
[[1, 0], [7, 24], [-143, -216]]
[[1, 0], [7, 32], [-83, -256]]
[[1, 0], [7, 32], [-83, -288]]
[[1, 0], [7, 32], [-97, -224]]
[[1, 0], [7, 32], [-97, -384]]
[[1, 0], [7, 48], [-59, -240]]
[[1, 0], [7, 48], [-65, -384]]
[[1, 0], [7, 64], [-43, -256]]
[[1, 0], [7, 64], [-49, -384]]
[[1, 0], [7, 72], [-53, -216]]
[[1, 0], [7, 8], [-179, -40]]
[[1, 0], [7, 8], [-323, -256]]
[[1, 0], [7, 8], [-337, -312]]
[[1, 0], [7, 8], [-347, -232]]
[[1, 0], [7, 8], [-385, -384]]
[[1, 0], [7, 8], [-413, -216]]
[[1, 0], [7, 8], [-799, -200]]
[[1, 0], [7, 96], [-29, -288]]
[[1, 0], [71, 128], [-109, -192]]
[[1, 0], [71, 128], [-151, -256]]
[[1, 0], [71, 128], [-217, -384]]
[[1, 0], [71, 192], [-145, -384]]
[[1, 0], [71, 80], [-229, -240]]
[[1, 0], [71, 96], [-221, -288]]
[[1, 0], [71, 96], [-289, -384]]
[[1, 0], [71, 96], [-97, -128]]
[[1, 0], [73, 128], [-155, -256]]
[[1, 0], [73, 128], [-223, -384]]
[[1, 0], [73, 192], [-149, -384]]
[[1, 0], [73, 216], [-89, -216]]
[[1, 0], [73, 288], [-77, -288]]
[[1, 0], [73, 96], [-227, -288]]
[[1, 0], [75, 128], [-115, -192]]
[[1, 0], [75, 128], [-159, -256]]
[[1, 0], [75, 128], [-229, -384]]
[[1, 0], [77, 128], [-163, -256]]
[[1, 0], [77, 128], [-235, -384]]
[[1, 0], [77, 192], [-157, -384]]
[[1, 0], [77, 256], [-83, -256]]
[[1, 0], [77, 96], [-105, -128]]
[[1, 0], [77, 96], [-239, -288]]
[[1, 0], [77, 96], [-313, -384]]
[[1, 0], [79, 128], [-121, -192]]
[[1, 0], [79, 128], [-167, -256]]
[[1, 0], [79, 128], [-241, -384]]
[[1, 0], [79, 192], [-161, -384]]
[[1, 0], [79, 96], [-245, -288]]
[[1, 0], [81, 128], [-171, -256]]
[[1, 0], [81, 128], [-247, -384]]
[[1, 0], [81, 256], [-87, -256]]
[[1, 0], [83, 128], [-127, -192]]
[[1, 0], [83, 128], [-175, -256]]
[[1, 0], [83, 128], [-253, -384]]
[[1, 0], [83, 192], [-169, -384]]
[[1, 0], [83, 96], [-113, -128]]
[[1, 0], [83, 96], [-257, -288]]
[[1, 0], [83, 96], [-337, -384]]
[[1, 0], [85, 128], [-179, -256]]
[[1, 0], [85, 128], [-259, -384]]
[[1, 0], [85, 192], [-173, -384]]
[[1, 0], [85, 224], [-97, -224]]
[[1, 0], [85, 256], [-91, -256]]
[[1, 0], [85, 288], [-89, -288]]
[[1, 0], [85, 96], [-263, -288]]
[[1, 0], [87, 128], [-133, -192]]
[[1, 0], [87, 128], [-183, -256]]
[[1, 0], [87, 128], [-265, -384]]
[[1, 0], [89, 128], [-187, -256]]
[[1, 0], [89, 128], [-271, -384]]
[[1, 0], [89, 192], [-181, -384]]
[[1, 0], [89, 384], [-91, -384]]
[[1, 0], [89, 96], [-121, -128]]
[[1, 0], [89, 96], [-275, -288]]
[[1, 0], [89, 96], [-361, -384]]
[[1, 0], [9, 128], [-27, -256]]
[[1, 0], [9, 128], [-31, -384]]
[[1, 0], [9, 16], [-195, -256]]
[[1, 0], [9, 16], [-199, -240]]
[[1, 0], [9, 16], [-241, -384]]
[[1, 0], [9, 16], [-285, -208]]
[[1, 0], [9, 16], [-33, -16]]
[[1, 0], [9, 16], [-43, -48]]
[[1, 0], [9, 32], [-101, -288]]
[[1, 0], [9, 32], [-111, -224]]
[[1, 0], [9, 32], [-121, -384]]
[[1, 0], [9, 32], [-21, -32]]
[[1, 0], [9, 32], [-99, -256]]
[[1, 0], [9, 64], [-51, -256]]
[[1, 0], [9, 64], [-61, -384]]
[[1, 0], [91, 128], [-139, -192]]
[[1, 0], [91, 128], [-191, -256]]
[[1, 0], [91, 128], [-277, -384]]
[[1, 0], [91, 192], [-185, -384]]
[[1, 0], [91, 288], [-95, -288]]
[[1, 0], [91, 96], [-281, -288]]
[[1, 0], [93, 128], [-195, -256]]
[[1, 0], [93, 128], [-283, -384]]
[[1, 0], [93, 256], [-99, -256]]
[[1, 0], [95, 128], [-145, -192]]
[[1, 0], [95, 128], [-199, -256]]
[[1, 0], [95, 128], [-289, -384]]
[[1, 0], [95, 192], [-193, -384]]
[[1, 0], [95, 96], [-129, -128]]
[[1, 0], [95, 96], [-293, -288]]
[[1, 0], [95, 96], [-385, -384]]
[[1, 0], [97, 128], [-203, -256]]
[[1, 0], [97, 128], [-295, -384]]
[[1, 0], [97, 192], [-197, -384]]
[[1, 0], [97, 256], [-103, -256]]
[[1, 0], [97, 288], [-101, -288]]
[[1, 0], [99, 128], [-151, -192]]
[[1, 0], [99, 128], [-207, -256]]
[[1, 0], [99, 128], [-301, -384]]
