[[1, 0], [0, 1], [-1056, -175]]
[[1, 0], [0, 1], [-11475, -152]]
[[1, 0], [0, 1], [-156, -25]]
[[1, 0], [0, 1], [-22800, -151]]
[[1, 0], [0, 1], [-25, -12]]
[[1, 0], [0, 1], [-300, -1]]
[[1, 0], [0, 1], [-301, -300]]
[[1, 0], [0, 1], [-325, -12]]
[[1, 0], [0, 1], [-3925, -156]]
[[1, 0], [0, 1], [-452, -225]]
[[1, 0], [0, 1], [-500, -9]]
[[1, 0], [0, 1], [-603, -200]]
[[1, 0], [0, 1], [-675, -8]]
[[1, 0], [0, 1], [-7700, -153]]
[[1, 0], [1, 100], [-11, -200]]
[[1, 0], [1, 100], [-7, -300]]
[[1, 0], [1, 10], [-113, -180]]
[[1, 0], [1, 10], [-13, -30]]
[[1, 0], [1, 10], [-271, -160]]
[[1, 0], [1, 10], [-61, -300]]
[[1, 0], [1, 10], [-83, -200]]
[[1, 0], [1, 120], [-7, -240]]
[[1, 0], [1, 12], [-139, -168]]
[[1, 0], [1, 12], [-67, -204]]
[[1, 0], [1, 13], [-337, -156]]
[[1, 0], [1, 13], [-7, -16]]
[[1, 0], [1, 14], [-461, -154]]
[[1, 0], [1, 14], [-7, -48]]
[[1, 0], [1, 151], [-301, -151]]
[[1, 0], [1, 152], [-151, -152]]
[[1, 0], [1, 153], [-101, -153]]
[[1, 0], [1, 155], [-61, -155]]
[[1, 0], [1, 15], [-131, -165]]
[[1, 0], [1, 15], [-41, -300]]
[[1, 0], [1, 15], [-47, -225]]
[[1, 0], [1, 15], [-77, -180]]
[[1, 0], [1, 160], [-31, -160]]
[[1, 0], [1, 16], [-43, -88]]
[[1, 0], [1, 175], [-13, -175]]
[[1, 0], [1, 17], [-509, -153]]
[[1, 0], [1, 180], [-11, -180]]
[[1, 0], [1, 18], [-13, -84]]
[[1, 0], [1, 19], [-37, -228]]
[[1, 0], [1, 19], [-683, -152]]
[[1, 0], [1, 200], [-7, -200]]
[[1, 0], [1, 20], [-143, -160]]
[[1, 0], [1, 20], [-31, -300]]
[[1, 0], [1, 20], [-43, -200]]
[[1, 0], [1, 20], [-59, -180]]
[[1, 0], [1, 21], [-19, -24]]
[[1, 0], [1, 21], [-83, -168]]
[[1, 0], [1, 22], [-307, -154]]
[[1, 0], [1, 24], [-17, -108]]
[[1, 0], [1, 24], [-41, -84]]
[[1, 0], [1, 25], [-13, -25]]
[[1, 0], [1, 25], [-29, -225]]
[[1, 0], [1, 26], [-181, -156]]
[[1, 0], [1, 27], [-11, -72]]
[[1, 0], [1, 2], [-1579, -158]]
[[1, 0], [1, 2], [-181, -12]]
[[1, 0], [1, 2], [-2053, -156]]
[[1, 0], [1, 2], [-301, -300]]
[[1, 0], [1, 2], [-307, -14]]
[[1, 0], [1, 2], [-307, -264]]
[[1, 0], [1, 2], [-379, -8]]
[[1, 0], [1, 2], [-403, -200]]
[[1, 0], [1, 2], [-461, -22]]
[[1, 0], [1, 2], [-469, -188]]
[[1, 0], [1, 2], [-5851, -152]]
[[1, 0], [1, 2], [-637, -174]]
[[1, 0], [1, 30], [-23, -240]]
[[1, 0], [1, 30], [-41, -180]]
[[1, 0], [1, 32], [-31, -192]]
[[1, 0], [1, 35], [-41, -175]]
[[1, 0], [1, 38], [-379, -152]]
[[1, 0], [1, 3], [-203, -9]]
[[1, 0], [1, 3], [-209, -252]]
[[1, 0], [1, 3], [-227, -225]]
[[1, 0], [1, 3], [-2651, -153]]
[[1, 0], [1, 3], [-83, -24]]
[[1, 0], [1, 3], [-953, -159]]
[[1, 0], [1, 40], [-13, -100]]
[[1, 0], [1, 40], [-23, -200]]
[[1, 0], [1, 40], [-79, -160]]
[[1, 0], [1, 45], [-13, -60]]
[[1, 0], [1, 45], [-17, -225]]
[[1, 0], [1, 45], [-29, -180]]
[[1, 0], [1, 45], [-7, -75]]
[[1, 0], [1, 4], [-103, -12]]
[[1, 0], [1, 4], [-1039, -156]]
[[1, 0], [1, 4], [-151, -300]]
[[1, 0], [1, 4], [-179, -216]]
[[1, 0], [1, 4], [-203, -200]]
[[1, 0], [1, 4], [-223, -192]]
[[1, 0], [1, 4], [-227, -8]]
[[1, 0], [1, 4], [-2963, -152]]
[[1, 0], [1, 4], [-343, -172]]
[[1, 0], [1, 4], [-491, -164]]
[[1, 0], [1, 50], [-13, -300]]
[[1, 0], [1, 50], [-19, -200]]
[[1, 0], [1, 51], [-203, -153]]
[[1, 0], [1, 52], [-103, -156]]
[[1, 0], [1, 54], [-53, -162]]
[[1, 0], [1, 55], [-43, -165]]
[[1, 0], [1, 5], [-121, -300]]
[[1, 0], [1, 5], [-137, -225]]
[[1, 0], [1, 5], [-163, -200]]
[[1, 0], [1, 5], [-221, -180]]
[[1, 0], [1, 5], [-251, -175]]
[[1, 0], [1, 5], [-373, -165]]
[[1, 0], [1, 5], [-41, -25]]
[[1, 0], [1, 5], [-43, -15]]
[[1, 0], [1, 5], [-527, -160]]
[[1, 0], [1, 5], [-61, -5]]
[[1, 0], [1, 5], [-991, -155]]
[[1, 0], [1, 60], [-11, -300]]
[[1, 0], [1, 60], [-23, -180]]
[[1, 0], [1, 6], [-101, -300]]
[[1, 0], [1, 6], [-113, -228]]
[[1, 0], [1, 6], [-377, -162]]
[[1, 0], [1, 6], [-701, -156]]
[[1, 0], [1, 6], [-77, -12]]
[[1, 0], [1, 70], [-13, -210]]
[[1, 0], [1, 75], [-11, -225]]
[[1, 0], [1, 76], [-227, -152]]
[[1, 0], [1, 78], [-77, -156]]
[[1, 0], [1, 7], [-181, -175]]
[[1, 0], [1, 7], [-31, -25]]
[[1, 0], [1, 80], [-47, -160]]
[[1, 0], [1, 8], [-103, -200]]
[[1, 0], [1, 8], [-151, -8]]
[[1, 0], [1, 8], [-1519, -152]]
[[1, 0], [1, 8], [-53, -100]]
[[1, 0], [1, 8], [-797, -76]]
[[1, 0], [1, 90], [-17, -180]]
[[1, 0], [1, 9], [-101, -9]]
[[1, 0], [1, 9], [-77, -225]]
[[1, 0], [1, 9], [-917, -153]]
[[1, 0], [10, 27], [-35, -72]]
[[1, 0], [101, 300], [-103, -300]]
[[1, 0], [103, 150], [-209, -300]]
[[1, 0], [103, 153], [-203, -153]]
[[1, 0], [103, 180], [-113, -180]]
[[1, 0], [103, 225], [-107, -225]]
[[1, 0], [107, 150], [-217, -300]]
[[1, 0], [109, 120], [-223, -240]]
[[1, 0], [109, 150], [-221, -300]]
[[1, 0], [109, 180], [-119, -180]]
[[1, 0], [109, 225], [-113, -225]]
[[1, 0], [11, 100], [-17, -100]]
[[1, 0], [11, 100], [-19, -150]]
[[1, 0], [11, 100], [-31, -200]]
[[1, 0], [11, 100], [-37, -300]]
[[1, 0], [11, 12], [-101, -100]]
[[1, 0], [11, 12], [-103, -26]]
[[1, 0], [11, 12], [-142, -39]]
[[1, 0], [11, 12], [-151, -150]]
[[1, 0], [11, 12], [-181, -52]]
[[1, 0], [11, 12], [-23, -16]]
[[1, 0], [11, 12], [-259, -78]]
[[1, 0], [11, 12], [-26, -25]]
[[1, 0], [11, 12], [-301, -300]]
[[1, 0], [11, 12], [-47, -24]]
[[1, 0], [11, 12], [-493, -156]]
[[1, 0], [11, 12], [-51, -50]]
[[1, 0], [11, 12], [-61, -12]]
[[1, 0], [11, 12], [-64, -13]]
[[1, 0], [11, 12], [-76, -75]]
[[1, 0], [11, 15], [-197, -180]]
[[1, 0], [11, 15], [-197, -225]]
[[1, 0], [11, 15], [-241, -165]]
[[1, 0], [11, 15], [-241, -300]]
[[1, 0], [11, 15], [-31, -15]]
[[1, 0], [11, 15], [-67, -75]]
[[1, 0], [11, 15], [-81, -100]]
[[1, 0], [11, 15], [-87, -55]]
[[1, 0], [11, 20], [-119, -80]]
[[1, 0], [11, 20], [-143, -200]]
[[1, 0], [11, 20], [-149, -180]]
[[1, 0], [11, 20], [-181, -300]]
[[1, 0], [11, 20], [-223, -160]]
[[1, 0], [11, 20], [-41, -20]]
[[1, 0], [11, 20], [-41, -45]]
[[1, 0], [11, 20], [-46, -75]]
[[1, 0], [11, 20], [-67, -40]]
[[1, 0], [11, 20], [-73, -100]]
[[1, 0], [11, 20], [-77, -90]]
[[1, 0], [11, 20], [-91, -150]]
[[1, 0], [11, 25], [-119, -225]]
[[1, 0], [11, 300], [-13, -300]]
[[1, 0], [11, 30], [-101, -180]]
[[1, 0], [11, 30], [-103, -240]]
[[1, 0], [11, 30], [-121, -300]]
[[1, 0], [11, 30], [-37, -60]]
[[1, 0], [11, 30], [-41, -100]]
[[1, 0], [11, 30], [-97, -210]]
[[1, 0], [11, 50], [-59, -200]]
[[1, 0], [11, 50], [-73, -300]]
[[1, 0], [11, 60], [-16, -75]]
[[1, 0], [11, 60], [-21, -100]]
[[1, 0], [11, 60], [-29, -90]]
[[1, 0], [11, 60], [-31, -150]]
[[1, 0], [11, 60], [-53, -180]]
[[1, 0], [11, 60], [-61, -300]]
[[1, 0], [11, 75], [-17, -100]]
[[1, 0], [11, 75], [-41, -225]]
[[1, 0], [11, 75], [-49, -300]]
[[1, 0], [113, 150], [-229, -300]]
[[1, 0], [119, 150], [-241, -300]]
[[1, 0], [12, 25], [-123, -200]]
[[1, 0], [12, 25], [-128, -225]]
[[1, 0], [12, 25], [-132, -175]]
[[1, 0], [12, 25], [-157, -300]]
[[1, 0], [12, 25], [-27, -40]]
[[1, 0], [12, 55], [-76, -165]]
[[1, 0], [121, 180], [-131, -180]]
[[1, 0], [122, 165], [-142, -165]]
[[1, 0], [124, 225], [-128, -225]]
[[1, 0], [127, 150], [-257, -300]]
[[1, 0], [127, 180], [-137, -180]]
[[1, 0], [13, 100], [-43, -300]]
[[1, 0], [13, 120], [-31, -240]]
[[1, 0], [13, 150], [-29, -300]]
[[1, 0], [13, 15], [-221, -180]]
[[1, 0], [13, 15], [-227, -225]]
[[1, 0], [13, 15], [-263, -165]]
[[1, 0], [13, 15], [-281, -300]]
[[1, 0], [13, 18], [-89, -54]]
[[1, 0], [13, 200], [-19, -200]]
[[1, 0], [13, 20], [-163, -200]]
[[1, 0], [13, 20], [-167, -180]]
[[1, 0], [13, 20], [-211, -300]]
[[1, 0], [13, 20], [-239, -160]]
[[1, 0], [13, 225], [-17, -225]]
[[1, 0], [13, 24], [-71, -108]]
[[1, 0], [13, 24], [-83, -84]]
[[1, 0], [13, 25], [-131, -200]]
[[1, 0], [13, 25], [-137, -225]]
[[1, 0], [13, 25], [-139, -175]]
[[1, 0], [13, 25], [-169, -300]]
[[1, 0], [13, 25], [-29, -45]]
[[1, 0], [13, 30], [-113, -180]]
[[1, 0], [13, 30], [-119, -240]]
[[1, 0], [13, 40], [-127, -160]]
[[1, 0], [13, 40], [-23, -50]]
[[1, 0], [13, 40], [-43, -100]]
[[1, 0], [13, 40], [-71, -80]]
[[1, 0], [13, 40], [-83, -200]]
[[1, 0], [13, 45], [-29, -60]]
[[1, 0], [13, 45], [-77, -180]]
[[1, 0], [13, 45], [-77, -225]]
[[1, 0], [13, 50], [-67, -200]]
[[1, 0], [13, 60], [-59, -180]]
[[1, 0], [13, 60], [-71, -300]]
[[1, 0], [13, 75], [-47, -225]]
[[1, 0], [13, 90], [-19, -120]]
[[1, 0], [13, 90], [-41, -180]]
[[1, 0], [131, 156], [-181, -156]]
[[1, 0], [131, 300], [-133, -300]]
[[1, 0], [133, 150], [-269, -300]]
[[1, 0], [133, 225], [-137, -225]]
[[1, 0], [137, 150], [-277, -300]]
[[1, 0], [139, 150], [-281, -300]]
[[1, 0], [14, 15], [-101, -100]]
[[1, 0], [14, 15], [-233, -180]]
[[1, 0], [14, 15], [-242, -225]]
[[1, 0], [14, 15], [-274, -165]]
[[1, 0], [14, 15], [-301, -300]]
[[1, 0], [14, 15], [-82, -75]]
[[1, 0], [14, 15], [-98, -55]]
[[1, 0], [14, 25], [-139, -200]]
[[1, 0], [14, 25], [-146, -175]]
[[1, 0], [14, 25], [-146, -225]]
[[1, 0], [14, 25], [-181, -300]]
[[1, 0], [14, 25], [-26, -25]]
[[1, 0], [14, 25], [-34, -35]]
[[1, 0], [14, 25], [-37, -60]]
[[1, 0], [14, 39], [-181, -156]]
[[1, 0], [14, 39], [-77, -52]]
[[1, 0], [14, 75], [-21, -100]]
[[1, 0], [14, 75], [-61, -300]]
[[1, 0], [142, 225], [-146, -225]]
[[1, 0], [143, 150], [-289, -300]]
[[1, 0], [149, 150], [-301, -300]]
[[1, 0], [149, 300], [-151, -300]]
[[1, 0], [154, 225], [-158, -225]]
[[1, 0], [157, 180], [-167, -180]]
[[1, 0], [16, 25], [-164, -225]]
[[1, 0], [16, 25], [-28, -25]]
[[1, 0], [16, 45], [-32, -75]]
[[1, 0], [16, 45], [-89, -180]]
[[1, 0], [16, 45], [-92, -225]]
[[1, 0], [16, 75], [-56, -225]]
[[1, 0], [161, 300], [-163, -300]]
[[1, 0], [169, 175], [-181, -175]]
[[1, 0], [169, 225], [-173, -225]]
[[1, 0], [17, 100], [-43, -200]]
[[1, 0], [17, 150], [-37, -300]]
[[1, 0], [17, 160], [-47, -160]]
[[1, 0], [17, 200], [-23, -200]]
[[1, 0], [17, 20], [-203, -180]]
[[1, 0], [17, 20], [-203, -200]]
[[1, 0], [17, 20], [-271, -160]]
[[1, 0], [17, 20], [-271, -300]]
[[1, 0], [17, 24], [-89, -108]]
[[1, 0], [17, 24], [-97, -84]]
[[1, 0], [17, 25], [-163, -200]]
[[1, 0], [17, 25], [-167, -175]]
[[1, 0], [17, 25], [-173, -225]]
[[1, 0], [17, 25], [-217, -300]]
[[1, 0], [17, 25], [-29, -25]]
[[1, 0], [17, 30], [-137, -180]]
[[1, 0], [17, 30], [-139, -210]]
[[1, 0], [17, 30], [-151, -240]]
[[1, 0], [17, 30], [-181, -300]]
[[1, 0], [17, 30], [-49, -60]]
[[1, 0], [17, 30], [-61, -100]]
[[1, 0], [17, 32], [-127, -192]]
[[1, 0], [17, 40], [-103, -200]]
[[1, 0], [17, 40], [-143, -160]]
[[1, 0], [17, 40], [-53, -100]]
[[1, 0], [17, 48], [-31, -64]]
[[1, 0], [17, 50], [-109, -300]]
[[1, 0], [17, 50], [-83, -200]]
[[1, 0], [17, 60], [-31, -100]]
[[1, 0], [17, 60], [-71, -180]]
[[1, 0], [17, 60], [-91, -300]]
[[1, 0], [17, 75], [-59, -225]]
[[1, 0], [17, 75], [-73, -300]]
[[1, 0], [17, 80], [-79, -160]]
[[1, 0], [178, 225], [-182, -225]]
[[1, 0], [179, 300], [-181, -300]]
[[1, 0], [18, 25], [-171, -200]]
[[1, 0], [18, 25], [-174, -175]]
[[1, 0], [18, 25], [-182, -225]]
[[1, 0], [18, 25], [-229, -300]]
[[1, 0], [18, 25], [-38, -45]]
[[1, 0], [187, 225], [-191, -225]]
[[1, 0], [19, 100], [-31, -150]]
[[1, 0], [19, 100], [-47, -200]]
[[1, 0], [19, 100], [-61, -300]]
[[1, 0], [19, 150], [-41, -300]]
[[1, 0], [19, 180], [-29, -180]]
[[1, 0], [19, 20], [-113, -100]]
[[1, 0], [19, 20], [-113, -90]]
[[1, 0], [19, 20], [-151, -150]]
[[1, 0], [19, 20], [-151, -80]]
[[1, 0], [19, 20], [-221, -180]]
[[1, 0], [19, 20], [-223, -200]]
[[1, 0], [19, 20], [-287, -160]]
[[1, 0], [19, 20], [-301, -300]]
[[1, 0], [19, 20], [-59, -45]]
[[1, 0], [19, 20], [-76, -75]]
[[1, 0], [19, 20], [-83, -40]]
[[1, 0], [19, 225], [-23, -225]]
[[1, 0], [19, 25], [-179, -200]]
[[1, 0], [19, 25], [-181, -175]]
[[1, 0], [19, 25], [-191, -225]]
[[1, 0], [19, 25], [-241, -300]]
[[1, 0], [19, 25], [-31, -25]]
[[1, 0], [19, 25], [-41, -35]]
[[1, 0], [19, 25], [-49, -60]]
[[1, 0], [19, 27], [-59, -72]]
[[1, 0], [19, 30], [-149, -180]]
[[1, 0], [19, 30], [-167, -240]]
[[1, 0], [19, 45], [-101, -180]]
[[1, 0], [19, 45], [-107, -225]]
[[1, 0], [19, 45], [-37, -60]]
[[1, 0], [19, 45], [-37, -75]]
[[1, 0], [19, 50], [-121, -300]]
[[1, 0], [19, 50], [-91, -200]]
[[1, 0], [19, 54], [-107, -162]]
[[1, 0], [19, 60], [-101, -300]]
[[1, 0], [19, 60], [-26, -75]]
[[1, 0], [19, 60], [-41, -90]]
[[1, 0], [19, 60], [-43, -120]]
[[1, 0], [19, 60], [-77, -180]]
[[1, 0], [19, 90], [-53, -180]]
[[1, 0], [191, 300], [-193, -300]]
[[1, 0], [197, 200], [-203, -200]]
[[1, 0], [199, 225], [-203, -225]]
[[1, 0], [2, 15], [-142, -165]]
[[1, 0], [2, 15], [-21, -100]]
[[1, 0], [2, 15], [-22, -75]]
[[1, 0], [2, 15], [-54, -55]]
[[1, 0], [2, 15], [-61, -300]]
[[1, 0], [2, 15], [-62, -225]]
[[1, 0], [2, 15], [-89, -180]]
[[1, 0], [2, 25], [-11, -40]]
[[1, 0], [2, 25], [-14, -25]]
[[1, 0], [2, 25], [-37, -300]]
[[1, 0], [2, 25], [-38, -225]]
[[1, 0], [2, 25], [-43, -200]]
[[1, 0], [2, 25], [-62, -175]]
[[1, 0], [2, 3], [-1006, -159]]
[[1, 0], [2, 3], [-101, -100]]
[[1, 0], [2, 3], [-133, -12]]
[[1, 0], [2, 3], [-1429, -156]]
[[1, 0], [2, 3], [-206, -9]]
[[1, 0], [2, 3], [-2702, -153]]
[[1, 0], [2, 3], [-293, -252]]
[[1, 0], [2, 3], [-301, -300]]
[[1, 0], [2, 3], [-302, -225]]
[[1, 0], [2, 3], [-334, -201]]
[[1, 0], [2, 3], [-493, -52]]
[[1, 0], [2, 3], [-587, -168]]
[[1, 0], [2, 3], [-61, -4]]
[[1, 0], [2, 3], [-91, -24]]
[[1, 0], [2, 3], [-934, -51]]
[[1, 0], [2, 5], [-1022, -155]]
[[1, 0], [2, 5], [-181, -300]]
[[1, 0], [2, 5], [-182, -225]]
[[1, 0], [2, 5], [-203, -200]]
[[1, 0], [2, 5], [-257, -180]]
[[1, 0], [2, 5], [-286, -175]]
[[1, 0], [2, 5], [-406, -165]]
[[1, 0], [2, 5], [-46, -15]]
[[1, 0], [2, 5], [-46, -25]]
[[1, 0], [2, 5], [-559, -160]]
[[1, 0], [2, 5], [-62, -5]]
[[1, 0], [2, 75], [-13, -300]]
[[1, 0], [2, 75], [-14, -225]]
[[1, 0], [209, 300], [-211, -300]]
[[1, 0], [21, 100], [-51, -200]]
[[1, 0], [21, 100], [-67, -300]]
[[1, 0], [21, 200], [-27, -200]]
[[1, 0], [21, 25], [-209, -225]]
[[1, 0], [21, 40], [-123, -200]]
[[1, 0], [21, 40], [-159, -160]]
[[1, 0], [21, 40], [-33, -50]]
[[1, 0], [21, 40], [-51, -40]]
[[1, 0], [21, 40], [-63, -100]]
[[1, 0], [21, 40], [-87, -80]]
[[1, 0], [21, 50], [-133, -300]]
[[1, 0], [21, 50], [-99, -200]]
[[1, 0], [214, 225], [-218, -225]]
[[1, 0], [22, 175], [-34, -175]]
[[1, 0], [22, 25], [-202, -175]]
[[1, 0], [22, 25], [-203, -200]]
[[1, 0], [22, 25], [-218, -225]]
[[1, 0], [22, 25], [-277, -300]]
[[1, 0], [22, 25], [-43, -40]]
[[1, 0], [22, 35], [-146, -175]]
[[1, 0], [22, 45], [-113, -180]]
[[1, 0], [22, 45], [-122, -225]]
[[1, 0], [22, 45], [-41, -60]]
[[1, 0], [22, 75], [-74, -225]]
[[1, 0], [221, 300], [-223, -300]]
[[1, 0], [223, 225], [-227, -225]]
[[1, 0], [23, 100], [-29, -100]]
[[1, 0], [23, 100], [-37, -150]]
[[1, 0], [23, 100], [-73, -300]]
[[1, 0], [23, 150], [-49, -300]]
[[1, 0], [23, 25], [-209, -175]]
[[1, 0], [23, 25], [-211, -200]]
[[1, 0], [23, 25], [-227, -225]]
[[1, 0], [23, 25], [-289, -300]]
[[1, 0], [23, 25], [-47, -45]]
[[1, 0], [23, 30], [-173, -180]]
[[1, 0], [23, 30], [-181, -210]]
[[1, 0], [23, 30], [-199, -240]]
[[1, 0], [23, 30], [-241, -300]]
[[1, 0], [23, 30], [-61, -60]]
[[1, 0], [23, 30], [-81, -100]]
[[1, 0], [23, 50], [-107, -200]]
[[1, 0], [23, 55], [-109, -165]]
[[1, 0], [23, 60], [-121, -300]]
[[1, 0], [23, 60], [-31, -75]]
[[1, 0], [23, 60], [-41, -100]]
[[1, 0], [23, 60], [-47, -90]]
[[1, 0], [23, 60], [-61, -150]]
[[1, 0], [23, 60], [-89, -180]]
[[1, 0], [23, 75], [-33, -100]]
[[1, 0], [23, 75], [-77, -225]]
[[1, 0], [23, 75], [-97, -300]]
[[1, 0], [239, 300], [-241, -300]]
[[1, 0], [24, 25], [-216, -175]]
[[1, 0], [24, 25], [-219, -200]]
[[1, 0], [24, 25], [-236, -225]]
[[1, 0], [24, 25], [-301, -300]]
[[1, 0], [24, 25], [-48, -35]]
[[1, 0], [24, 25], [-61, -60]]
[[1, 0], [251, 300], [-253, -300]]
[[1, 0], [26, 75], [-109, -300]]
[[1, 0], [26, 75], [-37, -100]]
[[1, 0], [26, 75], [-86, -225]]
[[1, 0], [269, 300], [-271, -300]]
[[1, 0], [27, 100], [-33, -100]]
[[1, 0], [27, 100], [-43, -150]]
[[1, 0], [27, 100], [-63, -200]]
[[1, 0], [27, 50], [-123, -200]]
[[1, 0], [27, 50], [-169, -300]]
[[1, 0], [27, 52], [-103, -78]]
[[1, 0], [27, 52], [-181, -156]]
[[1, 0], [28, 225], [-32, -225]]
[[1, 0], [28, 45], [-137, -180]]
[[1, 0], [28, 45], [-152, -225]]
[[1, 0], [28, 45], [-49, -60]]
[[1, 0], [28, 45], [-52, -75]]
[[1, 0], [28, 75], [-92, -225]]
[[1, 0], [281, 300], [-283, -300]]
[[1, 0], [29, 100], [-67, -200]]
[[1, 0], [29, 100], [-91, -300]]
[[1, 0], [29, 150], [-61, -300]]
[[1, 0], [29, 175], [-41, -175]]
[[1, 0], [29, 30], [-101, -100]]
[[1, 0], [29, 30], [-209, -180]]
[[1, 0], [29, 30], [-223, -210]]
[[1, 0], [29, 30], [-247, -240]]
[[1, 0], [29, 30], [-301, -300]]
[[1, 0], [29, 30], [-73, -60]]
[[1, 0], [29, 35], [-181, -175]]
[[1, 0], [29, 40], [-103, -80]]
[[1, 0], [29, 40], [-163, -200]]
[[1, 0], [29, 40], [-191, -160]]
[[1, 0], [29, 40], [-43, -50]]
[[1, 0], [29, 40], [-83, -100]]
[[1, 0], [29, 50], [-131, -200]]
[[1, 0], [29, 50], [-181, -300]]
[[1, 0], [29, 50], [-37, -60]]
[[1, 0], [29, 60], [-107, -180]]
[[1, 0], [29, 60], [-151, -300]]
[[1, 0], [29, 60], [-51, -100]]
[[1, 0], [29, 70], [-97, -210]]
[[1, 0], [29, 75], [-121, -300]]
[[1, 0], [29, 75], [-41, -100]]
[[1, 0], [29, 84], [-83, -168]]
[[1, 0], [299, 300], [-301, -300]]
[[1, 0], [3, 100], [-13, -300]]
[[1, 0], [3, 100], [-7, -150]]
[[1, 0], [3, 100], [-9, -100]]
[[1, 0], [3, 10], [-121, -300]]
[[1, 0], [3, 10], [-123, -200]]
[[1, 0], [3, 10], [-149, -180]]
[[1, 0], [3, 10], [-19, -30]]
[[1, 0], [3, 10], [-303, -160]]
[[1, 0], [3, 20], [-159, -160]]
[[1, 0], [3, 20], [-16, -75]]
[[1, 0], [3, 20], [-23, -45]]
[[1, 0], [3, 20], [-31, -150]]
[[1, 0], [3, 20], [-33, -100]]
[[1, 0], [3, 20], [-41, -90]]
[[1, 0], [3, 20], [-51, -40]]
[[1, 0], [3, 20], [-61, -300]]
[[1, 0], [3, 20], [-63, -200]]
[[1, 0], [3, 20], [-77, -180]]
[[1, 0], [3, 20], [-87, -80]]
[[1, 0], [3, 25], [-11, -45]]
[[1, 0], [3, 25], [-47, -225]]
[[1, 0], [3, 25], [-49, -300]]
[[1, 0], [3, 25], [-51, -200]]
[[1, 0], [3, 25], [-69, -175]]
[[1, 0], [3, 4], [-109, -12]]
[[1, 0], [3, 4], [-1117, -156]]
[[1, 0], [3, 4], [-151, -150]]
[[1, 0], [3, 4], [-153, -100]]
[[1, 0], [3, 4], [-153, -4]]
[[1, 0], [3, 4], [-1557, -76]]
[[1, 0], [3, 4], [-231, -8]]
[[1, 0], [3, 4], [-287, -216]]
[[1, 0], [3, 4], [-298, -39]]
[[1, 0], [3, 4], [-301, -300]]
[[1, 0], [3, 4], [-303, -200]]
[[1, 0], [3, 4], [-3039, -152]]
[[1, 0], [3, 4], [-319, -192]]
[[1, 0], [3, 4], [-429, -172]]
[[1, 0], [3, 4], [-43, -24]]
[[1, 0], [3, 4], [-571, -78]]
[[1, 0], [3, 4], [-573, -164]]
[[1, 0], [3, 4], [-67, -6]]
[[1, 0], [3, 4], [-76, -75]]
[[1, 0], [3, 50], [-27, -200]]
[[1, 0], [3, 5], [-1053, -155]]
[[1, 0], [3, 5], [-227, -225]]
[[1, 0], [3, 5], [-241, -300]]
[[1, 0], [3, 5], [-243, -200]]
[[1, 0], [3, 5], [-293, -180]]
[[1, 0], [3, 5], [-321, -175]]
[[1, 0], [3, 5], [-439, -165]]
[[1, 0], [3, 5], [-49, -15]]
[[1, 0], [3, 5], [-51, -25]]
[[1, 0], [3, 5], [-591, -160]]
[[1, 0], [31, 100], [-37, -100]]
[[1, 0], [31, 100], [-49, -150]]
[[1, 0], [31, 100], [-71, -200]]
[[1, 0], [31, 100], [-97, -300]]
[[1, 0], [31, 180], [-41, -180]]
[[1, 0], [31, 45], [-149, -180]]
[[1, 0], [31, 45], [-167, -225]]
[[1, 0], [31, 45], [-53, -60]]
[[1, 0], [31, 50], [-139, -200]]
[[1, 0], [31, 50], [-193, -300]]
[[1, 0], [31, 60], [-113, -180]]
[[1, 0], [31, 60], [-161, -300]]
[[1, 0], [31, 60], [-41, -75]]
[[1, 0], [31, 60], [-59, -90]]
[[1, 0], [31, 60], [-67, -120]]
[[1, 0], [31, 75], [-101, -225]]
[[1, 0], [31, 90], [-43, -120]]
[[1, 0], [31, 90], [-77, -180]]
[[1, 0], [32, 155], [-92, -155]]
[[1, 0], [32, 75], [-104, -225]]
[[1, 0], [32, 75], [-133, -300]]
[[1, 0], [33, 100], [-103, -300]]
[[1, 0], [33, 200], [-39, -200]]
[[1, 0], [33, 40], [-183, -200]]
[[1, 0], [33, 40], [-207, -160]]
[[1, 0], [33, 40], [-93, -100]]
[[1, 0], [33, 50], [-147, -200]]
[[1, 0], [33, 80], [-111, -160]]
[[1, 0], [34, 45], [-161, -180]]
[[1, 0], [34, 45], [-182, -225]]
[[1, 0], [34, 45], [-62, -75]]
[[1, 0], [34, 55], [-142, -165]]
[[1, 0], [35, 51], [-305, -153]]
[[1, 0], [36, 175], [-48, -175]]
[[1, 0], [37, 100], [-83, -200]]
[[1, 0], [37, 120], [-79, -240]]
[[1, 0], [37, 150], [-77, -300]]
[[1, 0], [37, 180], [-47, -180]]
[[1, 0], [37, 200], [-43, -200]]
[[1, 0], [37, 225], [-41, -225]]
[[1, 0], [37, 40], [-103, -100]]
[[1, 0], [37, 40], [-119, -80]]
[[1, 0], [37, 40], [-203, -200]]
[[1, 0], [37, 40], [-223, -160]]
[[1, 0], [37, 40], [-53, -50]]
[[1, 0], [37, 40], [-67, -40]]
[[1, 0], [37, 45], [-173, -180]]
[[1, 0], [37, 45], [-197, -225]]
[[1, 0], [37, 45], [-61, -60]]
[[1, 0], [37, 45], [-67, -75]]
[[1, 0], [37, 50], [-163, -200]]
[[1, 0], [37, 50], [-229, -300]]
[[1, 0], [37, 54], [-161, -162]]
[[1, 0], [37, 60], [-131, -180]]
[[1, 0], [37, 60], [-191, -300]]
[[1, 0], [37, 75], [-119, -225]]
[[1, 0], [37, 90], [-89, -180]]
[[1, 0], [38, 75], [-122, -225]]
[[1, 0], [38, 75], [-157, -300]]
[[1, 0], [38, 75], [-53, -100]]
[[1, 0], [39, 100], [-121, -300]]
[[1, 0], [39, 100], [-61, -150]]
[[1, 0], [39, 100], [-87, -200]]
[[1, 0], [39, 50], [-171, -200]]
[[1, 0], [39, 50], [-241, -300]]
[[1, 0], [39, 50], [-49, -60]]
[[1, 0], [39, 76], [-189, -76]]
[[1, 0], [39, 76], [-303, -152]]
[[1, 0], [4, 15], [-101, -300]]
[[1, 0], [4, 15], [-113, -180]]
[[1, 0], [4, 15], [-164, -165]]
[[1, 0], [4, 15], [-92, -225]]
[[1, 0], [4, 225], [-8, -225]]
[[1, 0], [4, 25], [-13, -60]]
[[1, 0], [4, 25], [-16, -25]]
[[1, 0], [4, 25], [-56, -225]]
[[1, 0], [4, 25], [-59, -200]]
[[1, 0], [4, 25], [-61, -300]]
[[1, 0], [4, 25], [-76, -175]]
[[1, 0], [4, 45], [-17, -60]]
[[1, 0], [4, 45], [-32, -225]]
[[1, 0], [4, 45], [-41, -180]]
[[1, 0], [4, 5], [-1084, -155]]
[[1, 0], [4, 5], [-272, -225]]
[[1, 0], [4, 5], [-283, -200]]
[[1, 0], [4, 5], [-301, -300]]
[[1, 0], [4, 5], [-329, -180]]
[[1, 0], [4, 5], [-356, -175]]
[[1, 0], [4, 5], [-472, -165]]
[[1, 0], [4, 5], [-52, -15]]
[[1, 0], [4, 5], [-56, -25]]
[[1, 0], [4, 5], [-623, -160]]
[[1, 0], [4, 9], [-104, -9]]
[[1, 0], [4, 9], [-152, -17]]
[[1, 0], [4, 9], [-152, -225]]
[[1, 0], [4, 9], [-19, -24]]
[[1, 0], [4, 9], [-356, -51]]
[[1, 0], [4, 9], [-52, -75]]
[[1, 0], [4, 9], [-968, -153]]
[[1, 0], [41, 100], [-127, -300]]
[[1, 0], [41, 100], [-91, -200]]
[[1, 0], [41, 200], [-47, -200]]
[[1, 0], [41, 300], [-43, -300]]
[[1, 0], [41, 48], [-63, -64]]
[[1, 0], [41, 50], [-179, -200]]
[[1, 0], [41, 50], [-253, -300]]
[[1, 0], [41, 60], [-143, -180]]
[[1, 0], [41, 60], [-211, -300]]
[[1, 0], [41, 60], [-71, -100]]
[[1, 0], [41, 75], [-131, -225]]
[[1, 0], [41, 75], [-169, -300]]
[[1, 0], [41, 75], [-57, -100]]
[[1, 0], [41, 80], [-127, -160]]
[[1, 0], [43, 100], [-133, -300]]
[[1, 0], [43, 100], [-49, -100]]
[[1, 0], [43, 100], [-67, -150]]
[[1, 0], [43, 150], [-89, -300]]
[[1, 0], [43, 45], [-197, -180]]
[[1, 0], [43, 45], [-227, -225]]
[[1, 0], [43, 45], [-77, -75]]
[[1, 0], [43, 50], [-187, -200]]
[[1, 0], [43, 60], [-149, -180]]
[[1, 0], [43, 60], [-221, -300]]
[[1, 0], [43, 60], [-56, -75]]
[[1, 0], [43, 60], [-77, -90]]
[[1, 0], [43, 60], [-91, -120]]
[[1, 0], [43, 70], [-139, -210]]
[[1, 0], [43, 75], [-137, -225]]
[[1, 0], [43, 90], [-101, -180]]
[[1, 0], [43, 90], [-59, -120]]
[[1, 0], [44, 75], [-181, -300]]
[[1, 0], [44, 75], [-61, -100]]
[[1, 0], [46, 75], [-146, -225]]
[[1, 0], [47, 100], [-103, -200]]
[[1, 0], [47, 100], [-53, -100]]
[[1, 0], [47, 100], [-73, -150]]
[[1, 0], [47, 150], [-97, -300]]
[[1, 0], [47, 50], [-203, -200]]
[[1, 0], [47, 50], [-289, -300]]
[[1, 0], [47, 60], [-121, -150]]
[[1, 0], [47, 60], [-161, -180]]
[[1, 0], [47, 60], [-241, -300]]
[[1, 0], [47, 60], [-61, -75]]
[[1, 0], [47, 60], [-81, -100]]
[[1, 0], [47, 60], [-83, -90]]
[[1, 0], [47, 75], [-149, -225]]
[[1, 0], [47, 75], [-193, -300]]
[[1, 0], [49, 100], [-107, -200]]
[[1, 0], [49, 100], [-151, -300]]
[[1, 0], [49, 120], [-103, -240]]
[[1, 0], [49, 150], [-101, -300]]
[[1, 0], [49, 160], [-79, -160]]
[[1, 0], [49, 225], [-53, -225]]
[[1, 0], [49, 50], [-211, -200]]
[[1, 0], [49, 50], [-301, -300]]
[[1, 0], [49, 50], [-61, -60]]
[[1, 0], [49, 60], [-167, -180]]
[[1, 0], [49, 60], [-251, -300]]
[[1, 0], [49, 80], [-143, -160]]
[[1, 0], [49, 90], [-113, -180]]
[[1, 0], [49, 90], [-67, -120]]
[[1, 0], [5, 12], [-151, -300]]
[[1, 0], [5, 12], [-155, -52]]
[[1, 0], [5, 12], [-35, -24]]
[[1, 0], [5, 12], [-415, -156]]
[[1, 0], [5, 12], [-51, -100]]
[[1, 0], [5, 12], [-55, -12]]
[[1, 0], [5, 24], [-10, -33]]
[[1, 0], [5, 24], [-15, -32]]
[[1, 0], [5, 24], [-35, -108]]
[[1, 0], [5, 24], [-55, -84]]
[[1, 0], [5, 6], [-101, -100]]
[[1, 0], [5, 6], [-115, -58]]
[[1, 0], [5, 6], [-265, -228]]
[[1, 0], [5, 6], [-285, -52]]
[[1, 0], [5, 6], [-301, -300]]
[[1, 0], [5, 6], [-485, -162]]
[[1, 0], [5, 6], [-65, -18]]
[[1, 0], [5, 6], [-805, -156]]
[[1, 0], [5, 6], [-85, -12]]
[[1, 0], [5, 6], [-95, -64]]
[[1, 0], [5, 8], [-103, -100]]
[[1, 0], [5, 8], [-155, -8]]
[[1, 0], [5, 8], [-1595, -152]]
[[1, 0], [5, 8], [-203, -200]]
[[1, 0], [5, 8], [-265, -19]]
[[1, 0], [5, 8], [-28, -25]]
[[1, 0], [5, 8], [-455, -38]]
[[1, 0], [5, 8], [-53, -50]]
[[1, 0], [5, 8], [-55, -48]]
[[1, 0], [5, 8], [-65, -44]]
[[1, 0], [5, 8], [-835, -76]]
[[1, 0], [51, 100], [-111, -200]]
[[1, 0], [51, 100], [-157, -300]]
[[1, 0], [51, 100], [-79, -150]]
[[1, 0], [52, 75], [-164, -225]]
[[1, 0], [53, 100], [-163, -300]]
[[1, 0], [53, 150], [-109, -300]]
[[1, 0], [53, 156], [-103, -156]]
[[1, 0], [53, 200], [-59, -200]]
[[1, 0], [53, 60], [-179, -180]]
[[1, 0], [53, 60], [-271, -300]]
[[1, 0], [53, 60], [-91, -100]]
[[1, 0], [53, 75], [-167, -225]]
[[1, 0], [53, 75], [-217, -300]]
[[1, 0], [53, 75], [-73, -100]]
[[1, 0], [53, 78], [-181, -156]]
[[1, 0], [56, 165], [-76, -165]]
[[1, 0], [56, 75], [-176, -225]]
[[1, 0], [56, 75], [-229, -300]]
[[1, 0], [56, 75], [-77, -100]]
[[1, 0], [57, 100], [-123, -200]]
[[1, 0], [57, 175], [-69, -175]]
[[1, 0], [57, 200], [-63, -200]]
[[1, 0], [57, 70], [-181, -210]]
[[1, 0], [57, 80], [-159, -160]]
[[1, 0], [57, 80], [-87, -80]]
[[1, 0], [58, 225], [-62, -225]]
[[1, 0], [58, 75], [-182, -225]]
[[1, 0], [59, 100], [-127, -200]]
[[1, 0], [59, 100], [-181, -300]]
[[1, 0], [59, 100], [-91, -150]]
[[1, 0], [59, 150], [-121, -300]]
[[1, 0], [59, 60], [-101, -100]]
[[1, 0], [59, 60], [-101, -90]]
[[1, 0], [59, 60], [-151, -150]]
[[1, 0], [59, 60], [-197, -180]]
[[1, 0], [59, 60], [-301, -300]]
[[1, 0], [59, 60], [-76, -75]]
[[1, 0], [59, 75], [-241, -300]]
[[1, 0], [59, 75], [-81, -100]]
[[1, 0], [6, 25], [-18, -25]]
[[1, 0], [6, 25], [-74, -225]]
[[1, 0], [61, 100], [-131, -200]]
[[1, 0], [61, 100], [-187, -300]]
[[1, 0], [61, 120], [-127, -240]]
[[1, 0], [61, 200], [-67, -200]]
[[1, 0], [61, 75], [-191, -225]]
[[1, 0], [61, 90], [-137, -180]]
[[1, 0], [61, 90], [-83, -120]]
[[1, 0], [62, 75], [-194, -225]]
[[1, 0], [62, 75], [-253, -300]]
[[1, 0], [63, 100], [-193, -300]]
[[1, 0], [63, 100], [-97, -150]]
[[1, 0], [64, 175], [-76, -175]]
[[1, 0], [64, 225], [-68, -225]]
[[1, 0], [67, 100], [-103, -150]]
[[1, 0], [67, 100], [-143, -200]]
[[1, 0], [67, 150], [-137, -300]]
[[1, 0], [67, 75], [-209, -225]]
[[1, 0], [67, 90], [-149, -180]]
[[1, 0], [67, 90], [-91, -120]]
[[1, 0], [68, 75], [-212, -225]]
[[1, 0], [68, 75], [-277, -300]]
[[1, 0], [68, 75], [-93, -100]]
[[1, 0], [69, 100], [-147, -200]]
[[1, 0], [69, 100], [-211, -300]]
[[1, 0], [7, 100], [-13, -100]]
[[1, 0], [7, 100], [-13, -150]]
[[1, 0], [7, 100], [-23, -200]]
[[1, 0], [7, 10], [-203, -200]]
[[1, 0], [7, 10], [-221, -180]]
[[1, 0], [7, 10], [-241, -300]]
[[1, 0], [7, 10], [-31, -30]]
[[1, 0], [7, 10], [-367, -160]]
[[1, 0], [7, 12], [-101, -150]]
[[1, 0], [7, 12], [-169, -204]]
[[1, 0], [7, 12], [-223, -168]]
[[1, 0], [7, 12], [-233, -78]]
[[1, 0], [7, 150], [-17, -300]]
[[1, 0], [7, 15], [-137, -225]]
[[1, 0], [7, 15], [-149, -180]]
[[1, 0], [7, 15], [-161, -300]]
[[1, 0], [7, 15], [-197, -165]]
[[1, 0], [7, 180], [-17, -180]]
[[1, 0], [7, 18], [-41, -84]]
[[1, 0], [7, 18], [-71, -54]]
[[1, 0], [7, 20], [-103, -200]]
[[1, 0], [7, 20], [-103, -80]]
[[1, 0], [7, 20], [-113, -180]]
[[1, 0], [7, 20], [-121, -300]]
[[1, 0], [7, 20], [-191, -160]]
[[1, 0], [7, 20], [-31, -75]]
[[1, 0], [7, 20], [-32, -45]]
[[1, 0], [7, 20], [-37, -20]]
[[1, 0], [7, 20], [-53, -100]]
[[1, 0], [7, 20], [-59, -40]]
[[1, 0], [7, 20], [-59, -90]]
[[1, 0], [7, 20], [-61, -150]]
[[1, 0], [7, 25], [-19, -40]]
[[1, 0], [7, 25], [-83, -200]]
[[1, 0], [7, 25], [-83, -225]]
[[1, 0], [7, 25], [-97, -175]]
[[1, 0], [7, 25], [-97, -300]]
[[1, 0], [7, 30], [-71, -240]]
[[1, 0], [7, 30], [-77, -180]]
[[1, 0], [7, 45], [-17, -75]]
[[1, 0], [7, 45], [-47, -225]]
[[1, 0], [7, 45], [-53, -180]]
[[1, 0], [7, 50], [-43, -200]]
[[1, 0], [7, 50], [-49, -300]]
[[1, 0], [7, 60], [-11, -75]]
[[1, 0], [7, 60], [-19, -120]]
[[1, 0], [7, 60], [-23, -90]]
[[1, 0], [7, 60], [-41, -180]]
[[1, 0], [7, 60], [-41, -300]]
[[1, 0], [7, 75], [-29, -225]]
[[1, 0], [7, 90], [-11, -120]]
[[1, 0], [7, 90], [-29, -180]]
[[1, 0], [7, 9], [-1019, -153]]
[[1, 0], [7, 9], [-227, -225]]
[[1, 0], [7, 9], [-27, -25]]
[[1, 0], [7, 9], [-37, -19]]
[[1, 0], [7, 9], [-373, -51]]
[[1, 0], [7, 9], [-77, -75]]
[[1, 0], [71, 100], [-109, -150]]
[[1, 0], [71, 100], [-151, -200]]
[[1, 0], [71, 100], [-217, -300]]
[[1, 0], [71, 175], [-83, -175]]
[[1, 0], [71, 300], [-73, -300]]
[[1, 0], [71, 75], [-221, -225]]
[[1, 0], [71, 75], [-289, -300]]
[[1, 0], [71, 75], [-97, -100]]
[[1, 0], [71, 84], [-167, -168]]
[[1, 0], [73, 100], [-223, -300]]
[[1, 0], [73, 120], [-151, -240]]
[[1, 0], [73, 150], [-149, -300]]
[[1, 0], [73, 180], [-83, -180]]
[[1, 0], [73, 200], [-79, -200]]
[[1, 0], [73, 225], [-77, -225]]
[[1, 0], [73, 75], [-227, -225]]
[[1, 0], [73, 80], [-191, -160]]
[[1, 0], [73, 90], [-161, -180]]
[[1, 0], [74, 75], [-101, -100]]
[[1, 0], [74, 75], [-301, -300]]
[[1, 0], [77, 100], [-163, -200]]
[[1, 0], [77, 150], [-157, -300]]
[[1, 0], [77, 152], [-227, -152]]
[[1, 0], [77, 200], [-83, -200]]
[[1, 0], [79, 100], [-121, -150]]
[[1, 0], [79, 100], [-167, -200]]
[[1, 0], [79, 100], [-241, -300]]
[[1, 0], [79, 150], [-161, -300]]
[[1, 0], [79, 180], [-89, -180]]
[[1, 0], [79, 90], [-107, -120]]
[[1, 0], [79, 90], [-173, -180]]
[[1, 0], [8, 15], [-152, -225]]
[[1, 0], [8, 15], [-161, -180]]
[[1, 0], [8, 15], [-181, -300]]
[[1, 0], [8, 15], [-208, -165]]
[[1, 0], [8, 15], [-28, -15]]
[[1, 0], [8, 15], [-52, -75]]
[[1, 0], [8, 15], [-61, -100]]
[[1, 0], [8, 15], [-76, -55]]
[[1, 0], [8, 21], [-139, -168]]
[[1, 0], [8, 25], [-104, -175]]
[[1, 0], [8, 25], [-109, -300]]
[[1, 0], [8, 25], [-91, -200]]
[[1, 0], [8, 25], [-92, -225]]
[[1, 0], [8, 35], [-76, -175]]
[[1, 0], [8, 75], [-13, -100]]
[[1, 0], [8, 75], [-32, -225]]
[[1, 0], [8, 75], [-37, -300]]
[[1, 0], [81, 100], [-171, -200]]
[[1, 0], [81, 100], [-247, -300]]
[[1, 0], [81, 200], [-87, -200]]
[[1, 0], [82, 225], [-86, -225]]
[[1, 0], [83, 100], [-127, -150]]
[[1, 0], [83, 100], [-253, -300]]
[[1, 0], [83, 150], [-169, -300]]
[[1, 0], [87, 100], [-133, -150]]
[[1, 0], [87, 100], [-183, -200]]
[[1, 0], [89, 100], [-187, -200]]
[[1, 0], [89, 100], [-271, -300]]
[[1, 0], [89, 150], [-181, -300]]
[[1, 0], [9, 100], [-27, -200]]
[[1, 0], [9, 100], [-31, -300]]
[[1, 0], [9, 10], [-243, -200]]
[[1, 0], [9, 10], [-257, -180]]
[[1, 0], [9, 10], [-301, -300]]
[[1, 0], [9, 10], [-37, -30]]
[[1, 0], [9, 10], [-399, -160]]
[[1, 0], [9, 16], [-79, -96]]
[[1, 0], [9, 16], [-87, -88]]
[[1, 0], [9, 20], [-123, -200]]
[[1, 0], [9, 20], [-131, -180]]
[[1, 0], [9, 20], [-151, -300]]
[[1, 0], [9, 20], [-207, -160]]
[[1, 0], [9, 25], [-101, -225]]
[[1, 0], [9, 25], [-111, -175]]
[[1, 0], [9, 25], [-121, -300]]
[[1, 0], [9, 25], [-27, -35]]
[[1, 0], [9, 25], [-99, -200]]
[[1, 0], [9, 40], [-111, -160]]
[[1, 0], [9, 40], [-33, -100]]
[[1, 0], [9, 40], [-63, -200]]
[[1, 0], [9, 50], [-13, -60]]
[[1, 0], [9, 50], [-51, -200]]
[[1, 0], [9, 50], [-61, -300]]
[[1, 0], [9, 80], [-39, -80]]
[[1, 0], [9, 80], [-63, -160]]
[[1, 0], [91, 100], [-139, -150]]
[[1, 0], [91, 100], [-191, -200]]
[[1, 0], [91, 100], [-277, -300]]
[[1, 0], [93, 100], [-283, -300]]
[[1, 0], [93, 200], [-99, -200]]
[[1, 0], [94, 225], [-98, -225]]
[[1, 0], [97, 100], [-203, -200]]
[[1, 0], [97, 120], [-199, -240]]
[[1, 0], [97, 150], [-197, -300]]
[[1, 0], [97, 160], [-127, -160]]
[[1, 0], [97, 200], [-103, -200]]
[[1, 0], [99, 100], [-151, -150]]
[[1, 0], [99, 100], [-207, -200]]
[[1, 0], [99, 100], [-301, -300]]
