[[1, 0], [0, 1], [-113298, -137]]
[[1, 0], [0, 1], [-113298, -827]]
[[1, 0], [0, 1], [-11494, -209]]
[[1, 0], [0, 1], [-11494, -55]]
[[1, 0], [0, 1], [-15599, -208]]
[[1, 0], [0, 1], [-15599, -75]]
[[1, 0], [0, 1], [-1642, -1]]
[[1, 0], [0, 1], [-1642, -31]]
[[1, 0], [0, 1], [-1642, -53]]
[[1, 0], [0, 1], [-1643, -1642]]
[[1, 0], [0, 1], [-225775, -274]]
[[1, 0], [0, 1], [-225775, -824]]
[[1, 0], [0, 1], [-2463, -11]]
[[1, 0], [0, 1], [-2463, -1232]]
[[1, 0], [0, 1], [-2463, -14]]
[[1, 0], [0, 1], [-2463, -176]]
[[1, 0], [0, 1], [-2463, -224]]
[[1, 0], [0, 1], [-2463, -2]]
[[1, 0], [0, 1], [-2463, -308]]
[[1, 0], [0, 1], [-2463, -32]]
[[1, 0], [0, 1], [-2463, -44]]
[[1, 0], [0, 1], [-2463, -56]]
[[1, 0], [0, 1], [-2463, -77]]
[[1, 0], [0, 1], [-2463, -8]]
[[1, 0], [0, 1], [-3284, -1095]]
[[1, 0], [0, 1], [-3284, -15]]
[[1, 0], [0, 1], [-3284, -219]]
[[1, 0], [0, 1], [-3284, -3]]
[[1, 0], [0, 1], [-338252, -411]]
[[1, 0], [0, 1], [-338252, -823]]
[[1, 0], [0, 1], [-56649, -206]]
[[1, 0], [0, 1], [-56649, -275]]
[[1, 0], [0, 1], [-5747, -6]]
[[1, 0], [0, 1], [-5747, -958]]
[[1, 0], [0, 1], [-675683, -822]]
[[1, 0], [0, 1], [-821, -137]]
[[1, 0], [0, 1], [-821, -1]]
[[1, 0], [0, 1], [-821, -274]]
[[1, 0], [0, 1], [-821, -2]]
[[1, 0], [0, 1], [-821, -3]]
[[1, 0], [0, 1], [-821, -411]]
[[1, 0], [0, 1], [-821, -6]]
[[1, 0], [0, 1], [-8210, -119]]
[[1, 0], [0, 1], [-8210, -69]]
[[1, 0], [0, 1], [-822, -821]]
[[1, 0], [0, 1], [-9852, -167]]
[[1, 0], [0, 1], [-9852, -59]]
[[1, 0], [1, 103], [-2471, -824]]
[[1, 0], [1, 103], [-823, -206]]
[[1, 0], [1, 10], [-1274, -425]]
[[1, 0], [1, 10], [-167, -28]]
[[1, 0], [1, 11], [-151, -19]]
[[1, 0], [1, 11], [-15674, -825]]
[[1, 0], [1, 11], [-2540, -847]]
[[1, 0], [1, 11], [-3299, -165]]
[[1, 0], [1, 11], [-674, -25]]
[[1, 0], [1, 11], [-77, -26]]
[[1, 0], [1, 11], [-824, -33]]
[[1, 0], [1, 12], [-224, -225]]
[[1, 0], [1, 12], [-344, -23]]
[[1, 0], [1, 12], [-559, -140]]
[[1, 0], [1, 12], [-8279, -828]]
[[1, 0], [1, 137], [-1643, -137]]
[[1, 0], [1, 137], [-2465, -274]]
[[1, 0], [1, 137], [-3287, -411]]
[[1, 0], [1, 137], [-5753, -822]]
[[1, 0], [1, 138], [-827, -828]]
[[1, 0], [1, 13], [-2495, -416]]
[[1, 0], [1, 13], [-447, -64]]
[[1, 0], [1, 14], [-119, -24]]
[[1, 0], [1, 14], [-9911, -826]]
[[1, 0], [1, 15], [-11549, -825]]
[[1, 0], [1, 15], [-167, -42]]
[[1, 0], [1, 15], [-176, -177]]
[[1, 0], [1, 15], [-2474, -165]]
[[1, 0], [1, 15], [-2519, -840]]
[[1, 0], [1, 15], [-549, -25]]
[[1, 0], [1, 15], [-56, -19]]
[[1, 0], [1, 15], [-659, -33]]
[[1, 0], [1, 1642], [-3, -1642]]
[[1, 0], [1, 165], [-549, -275]]
[[1, 0], [1, 16], [-1695, -848]]
[[1, 0], [1, 16], [-219, -220]]
[[1, 0], [1, 16], [-53, -27]]
[[1, 0], [1, 18], [-1931, -276]]
[[1, 0], [1, 18], [-563, -282]]
[[1, 0], [1, 19], [-2507, -836]]
[[1, 0], [1, 206], [-823, -412]]
[[1, 0], [1, 207], [-275, -276]]
[[1, 0], [1, 20], [-167, -56]]
[[1, 0], [1, 22], [-151, -38]]
[[1, 0], [1, 23], [-73, -37]]
[[1, 0], [1, 23], [-827, -138]]
[[1, 0], [1, 2463], [-2, -2463]]
[[1, 0], [1, 24], [-559, -280]]
[[1, 0], [1, 25], [-2474, -275]]
[[1, 0], [1, 25], [-659, -55]]
[[1, 0], [1, 25], [-824, -75]]
[[1, 0], [1, 26], [-2495, -832]]
[[1, 0], [1, 274], [-1643, -274]]
[[1, 0], [1, 274], [-2054, -411]]
[[1, 0], [1, 274], [-3287, -822]]
[[1, 0], [1, 275], [-824, -825]]
[[1, 0], [1, 27], [-1673, -837]]
[[1, 0], [1, 28], [-209, -105]]
[[1, 0], [1, 2], [-1095, -548]]
[[1, 0], [1, 2], [-113435, -274]]
[[1, 0], [1, 2], [-11703, -418]]
[[1, 0], [1, 2], [-1274, -85]]
[[1, 0], [1, 2], [-1304, -145]]
[[1, 0], [1, 2], [-14419, -103]]
[[1, 0], [1, 2], [-1478, -493]]
[[1, 0], [1, 2], [-15807, -416]]
[[1, 0], [1, 2], [-1643, -1642]]
[[1, 0], [1, 2], [-1643, -2]]
[[1, 0], [1, 2], [-1695, -106]]
[[1, 0], [1, 2], [-169742, -411]]
[[1, 0], [1, 2], [-2054, -3]]
[[1, 0], [1, 2], [-2495, -64]]
[[1, 0], [1, 2], [-2687, -448]]
[[1, 0], [1, 2], [-3287, -6]]
[[1, 0], [1, 2], [-338663, -822]]
[[1, 0], [1, 2], [-34278, -413]]
[[1, 0], [1, 2], [-3503, -438]]
[[1, 0], [1, 2], [-5550, -427]]
[[1, 0], [1, 2], [-56855, -412]]
[[1, 0], [1, 2], [-57128, -137]]
[[1, 0], [1, 2], [-7190, -423]]
[[1, 0], [1, 2], [-822, -821]]
[[1, 0], [1, 2], [-823, -4]]
[[1, 0], [1, 2], [-827, -12]]
[[1, 0], [1, 2], [-8279, -138]]
[[1, 0], [1, 2], [-9911, -118]]
[[1, 0], [1, 30], [-167, -84]]
[[1, 0], [1, 32], [-53, -54]]
[[1, 0], [1, 33], [-1924, -275]]
[[1, 0], [1, 33], [-549, -55]]
[[1, 0], [1, 33], [-674, -75]]
[[1, 0], [1, 33], [-77, -78]]
[[1, 0], [1, 35], [-119, -60]]
[[1, 0], [1, 36], [-344, -69]]
[[1, 0], [1, 3], [-113435, -411]]
[[1, 0], [1, 3], [-11549, -165]]
[[1, 0], [1, 3], [-1232, -1233]]
[[1, 0], [1, 3], [-1643, -3]]
[[1, 0], [1, 3], [-1673, -93]]
[[1, 0], [1, 3], [-1924, -25]]
[[1, 0], [1, 3], [-1931, -46]]
[[1, 0], [1, 3], [-226049, -822]]
[[1, 0], [1, 3], [-2465, -6]]
[[1, 0], [1, 3], [-2474, -33]]
[[1, 0], [1, 3], [-2519, -168]]
[[1, 0], [1, 3], [-275, -4]]
[[1, 0], [1, 3], [-2771, -924]]
[[1, 0], [1, 3], [-308, -103]]
[[1, 0], [1, 3], [-38359, -137]]
[[1, 0], [1, 3], [-411, -412]]
[[1, 0], [1, 3], [-549, -5]]
[[1, 0], [1, 3], [-559, -35]]
[[1, 0], [1, 3], [-563, -47]]
[[1, 0], [1, 3], [-56924, -825]]
[[1, 0], [1, 3], [-657, -329]]
[[1, 0], [1, 3], [-75897, -274]]
[[1, 0], [1, 3], [-7755, -277]]
[[1, 0], [1, 3], [-827, -18]]
[[1, 0], [1, 3], [-8279, -207]]
[[1, 0], [1, 411], [-1643, -411]]
[[1, 0], [1, 411], [-2465, -822]]
[[1, 0], [1, 412], [-823, -824]]
[[1, 0], [1, 44], [-151, -76]]
[[1, 0], [1, 45], [-56, -57]]
[[1, 0], [1, 46], [-827, -276]]
[[1, 0], [1, 49], [-237, -119]]
[[1, 0], [1, 4], [-1095, -1096]]
[[1, 0], [1, 4], [-11703, -836]]
[[1, 0], [1, 4], [-14419, -206]]
[[1, 0], [1, 4], [-1490, -213]]
[[1, 0], [1, 4], [-15807, -832]]
[[1, 0], [1, 4], [-1695, -212]]
[[1, 0], [1, 4], [-208, -11]]
[[1, 0], [1, 4], [-209, -15]]
[[1, 0], [1, 4], [-219, -55]]
[[1, 0], [1, 4], [-224, -75]]
[[1, 0], [1, 4], [-2687, -896]]
[[1, 0], [1, 4], [-274, -275]]
[[1, 0], [1, 4], [-3503, -876]]
[[1, 0], [1, 4], [-56855, -824]]
[[1, 0], [1, 4], [-823, -8]]
[[1, 0], [1, 4], [-8279, -276]]
[[1, 0], [1, 55], [-3299, -825]]
[[1, 0], [1, 55], [-824, -165]]
[[1, 0], [1, 56], [-209, -210]]
[[1, 0], [1, 59], [-2477, -826]]
[[1, 0], [1, 5], [-10019, -835]]
[[1, 0], [1, 5], [-11549, -275]]
[[1, 0], [1, 5], [-167, -14]]
[[1, 0], [1, 5], [-176, -59]]
[[1, 0], [1, 5], [-2474, -55]]
[[1, 0], [1, 5], [-2519, -280]]
[[1, 0], [1, 5], [-2639, -880]]
[[1, 0], [1, 5], [-3153, -166]]
[[1, 0], [1, 5], [-3299, -75]]
[[1, 0], [1, 5], [-365, -183]]
[[1, 0], [1, 5], [-659, -11]]
[[1, 0], [1, 5], [-824, -15]]
[[1, 0], [1, 60], [-167, -168]]
[[1, 0], [1, 69], [-275, -92]]
[[1, 0], [1, 69], [-827, -414]]
[[1, 0], [1, 6], [-113435, -822]]
[[1, 0], [1, 6], [-1304, -435]]
[[1, 0], [1, 6], [-1643, -6]]
[[1, 0], [1, 6], [-1931, -92]]
[[1, 0], [1, 6], [-19590, -137]]
[[1, 0], [1, 6], [-38359, -274]]
[[1, 0], [1, 6], [-559, -70]]
[[1, 0], [1, 6], [-563, -94]]
[[1, 0], [1, 6], [-57128, -411]]
[[1, 0], [1, 6], [-827, -36]]
[[1, 0], [1, 6], [-8279, -414]]
[[1, 0], [1, 70], [-119, -120]]
[[1, 0], [1, 75], [-2474, -825]]
[[1, 0], [1, 75], [-659, -165]]
[[1, 0], [1, 76], [-208, -209]]
[[1, 0], [1, 7], [-119, -12]]
[[1, 0], [1, 7], [-137, -138]]
[[1, 0], [1, 7], [-237, -17]]
[[1, 0], [1, 7], [-2949, -118]]
[[1, 0], [1, 7], [-8329, -833]]
[[1, 0], [1, 7], [-958, -959]]
[[1, 0], [1, 7], [-9911, -413]]
[[1, 0], [1, 821], [-2, -821]]
[[1, 0], [1, 821], [-3, -821]]
[[1, 0], [1, 821], [-5, -1642]]
[[1, 0], [1, 822], [-1643, -822]]
[[1, 0], [1, 823], [-822, -823]]
[[1, 0], [1, 8], [-14419, -412]]
[[1, 0], [1, 8], [-1695, -424]]
[[1, 0], [1, 8], [-209, -30]]
[[1, 0], [1, 8], [-219, -110]]
[[1, 0], [1, 8], [-3810, -103]]
[[1, 0], [1, 9], [-1673, -279]]
[[1, 0], [1, 9], [-1931, -138]]
[[1, 0], [1, 9], [-275, -12]]
[[1, 0], [1, 9], [-308, -309]]
[[1, 0], [1, 9], [-563, -141]]
[[1, 0], [10, 2463], [-11, -2463]]
[[1, 0], [10, 821], [-11, -821]]
[[1, 0], [10, 821], [-12, -821]]
[[1, 0], [10, 821], [-23, -1642]]
[[1, 0], [100, 2463], [-101, -2463]]
[[1, 0], [100, 821], [-101, -821]]
[[1, 0], [100, 821], [-102, -821]]
[[1, 0], [100, 821], [-203, -1642]]
[[1, 0], [101, 1642], [-103, -1642]]
[[1, 0], [101, 821], [-102, -821]]
[[1, 0], [101, 821], [-103, -821]]
[[1, 0], [101, 821], [-205, -1642]]
[[1, 0], [102, 821], [-103, -821]]
[[1, 0], [102, 821], [-104, -821]]
[[1, 0], [102, 821], [-207, -1642]]
[[1, 0], [103, 1642], [-105, -1642]]
[[1, 0], [103, 2463], [-104, -2463]]
[[1, 0], [103, 821], [-104, -821]]
[[1, 0], [103, 821], [-105, -821]]
[[1, 0], [103, 821], [-209, -1642]]
[[1, 0], [104, 821], [-106, -821]]
[[1, 0], [104, 821], [-211, -1642]]
[[1, 0], [105, 1642], [-107, -1642]]
[[1, 0], [105, 821], [-107, -821]]
[[1, 0], [105, 821], [-213, -1642]]
[[1, 0], [106, 2463], [-107, -2463]]
[[1, 0], [106, 821], [-107, -821]]
[[1, 0], [106, 821], [-108, -821]]
[[1, 0], [106, 821], [-215, -1642]]
[[1, 0], [1063, 2463], [-1064, -2463]]
[[1, 0], [107, 1642], [-109, -1642]]
[[1, 0], [107, 821], [-109, -821]]
[[1, 0], [107, 821], [-217, -1642]]
[[1, 0], [108, 821], [-110, -821]]
[[1, 0], [108, 821], [-219, -1642]]
[[1, 0], [109, 1642], [-111, -1642]]
[[1, 0], [109, 2463], [-110, -2463]]
[[1, 0], [109, 821], [-110, -821]]
[[1, 0], [109, 821], [-111, -821]]
[[1, 0], [109, 821], [-221, -1642]]
[[1, 0], [11, 1642], [-13, -1642]]
[[1, 0], [11, 821], [-12, -821]]
[[1, 0], [11, 821], [-13, -821]]
[[1, 0], [11, 821], [-25, -1642]]
[[1, 0], [110, 821], [-111, -821]]
[[1, 0], [110, 821], [-112, -821]]
[[1, 0], [110, 821], [-223, -1642]]
[[1, 0], [111, 1642], [-113, -1642]]
[[1, 0], [111, 821], [-113, -821]]
[[1, 0], [111, 821], [-225, -1642]]
[[1, 0], [112, 821], [-114, -821]]
[[1, 0], [112, 821], [-227, -1642]]
[[1, 0], [113, 1642], [-115, -1642]]
[[1, 0], [113, 821], [-115, -821]]
[[1, 0], [113, 821], [-229, -1642]]
[[1, 0], [114, 821], [-116, -821]]
[[1, 0], [114, 821], [-231, -1642]]
[[1, 0], [115, 1642], [-117, -1642]]
[[1, 0], [115, 2463], [-116, -2463]]
[[1, 0], [115, 821], [-117, -821]]
[[1, 0], [115, 821], [-233, -1642]]
[[1, 0], [116, 821], [-118, -821]]
[[1, 0], [116, 821], [-235, -1642]]
[[1, 0], [117, 1642], [-119, -1642]]
[[1, 0], [117, 821], [-118, -821]]
[[1, 0], [117, 821], [-119, -821]]
[[1, 0], [117, 821], [-237, -1642]]
[[1, 0], [118, 2463], [-119, -2463]]
[[1, 0], [118, 821], [-120, -821]]
[[1, 0], [118, 821], [-239, -1642]]
[[1, 0], [119, 1642], [-121, -1642]]
[[1, 0], [119, 821], [-121, -821]]
[[1, 0], [119, 821], [-241, -1642]]
[[1, 0], [12, 821], [-13, -821]]
[[1, 0], [12, 821], [-14, -821]]
[[1, 0], [12, 821], [-27, -1642]]
[[1, 0], [120, 821], [-122, -821]]
[[1, 0], [120, 821], [-243, -1642]]
[[1, 0], [121, 1642], [-123, -1642]]
[[1, 0], [121, 2463], [-122, -2463]]
[[1, 0], [121, 821], [-123, -821]]
[[1, 0], [121, 821], [-245, -1642]]
[[1, 0], [122, 821], [-123, -821]]
[[1, 0], [122, 821], [-124, -821]]
[[1, 0], [122, 821], [-247, -1642]]
[[1, 0], [123, 1642], [-125, -1642]]
[[1, 0], [123, 821], [-124, -821]]
[[1, 0], [123, 821], [-125, -821]]
[[1, 0], [123, 821], [-249, -1642]]
[[1, 0], [124, 2463], [-125, -2463]]
[[1, 0], [124, 821], [-125, -821]]
[[1, 0], [124, 821], [-126, -821]]
[[1, 0], [124, 821], [-251, -1642]]
[[1, 0], [125, 1642], [-127, -1642]]
[[1, 0], [125, 821], [-126, -821]]
[[1, 0], [125, 821], [-127, -821]]
[[1, 0], [125, 821], [-253, -1642]]
[[1, 0], [126, 821], [-127, -821]]
[[1, 0], [126, 821], [-128, -821]]
[[1, 0], [126, 821], [-255, -1642]]
[[1, 0], [127, 1642], [-129, -1642]]
[[1, 0], [127, 2463], [-128, -2463]]
[[1, 0], [127, 821], [-128, -821]]
[[1, 0], [127, 821], [-129, -821]]
[[1, 0], [127, 821], [-257, -1642]]
[[1, 0], [128, 821], [-130, -821]]
[[1, 0], [128, 821], [-259, -1642]]
[[1, 0], [129, 1642], [-131, -1642]]
[[1, 0], [129, 821], [-131, -821]]
[[1, 0], [129, 821], [-261, -1642]]
[[1, 0], [13, 1642], [-15, -1642]]
[[1, 0], [13, 2463], [-14, -2463]]
[[1, 0], [13, 821], [-14, -821]]
[[1, 0], [13, 821], [-15, -821]]
[[1, 0], [13, 821], [-29, -1642]]
[[1, 0], [130, 821], [-132, -821]]
[[1, 0], [130, 821], [-263, -1642]]
[[1, 0], [131, 1642], [-133, -1642]]
[[1, 0], [131, 821], [-133, -821]]
[[1, 0], [131, 821], [-265, -1642]]
[[1, 0], [132, 821], [-133, -821]]
[[1, 0], [132, 821], [-134, -821]]
[[1, 0], [132, 821], [-267, -1642]]
[[1, 0], [133, 1642], [-135, -1642]]
[[1, 0], [133, 2463], [-134, -2463]]
[[1, 0], [133, 821], [-134, -821]]
[[1, 0], [133, 821], [-135, -821]]
[[1, 0], [133, 821], [-269, -1642]]
[[1, 0], [134, 821], [-135, -821]]
[[1, 0], [134, 821], [-136, -821]]
[[1, 0], [134, 821], [-271, -1642]]
[[1, 0], [135, 1642], [-137, -1642]]
[[1, 0], [135, 821], [-136, -821]]
[[1, 0], [135, 821], [-137, -821]]
[[1, 0], [135, 821], [-273, -1642]]
[[1, 0], [136, 2463], [-137, -2463]]
[[1, 0], [136, 821], [-138, -821]]
[[1, 0], [136, 821], [-275, -1642]]
[[1, 0], [137, 1642], [-139, -1642]]
[[1, 0], [137, 821], [-139, -821]]
[[1, 0], [137, 821], [-277, -1642]]
[[1, 0], [138, 821], [-139, -821]]
[[1, 0], [138, 821], [-140, -821]]
[[1, 0], [138, 821], [-279, -1642]]
[[1, 0], [139, 1642], [-141, -1642]]
[[1, 0], [139, 2463], [-140, -2463]]
[[1, 0], [139, 821], [-140, -821]]
[[1, 0], [139, 821], [-141, -821]]
[[1, 0], [139, 821], [-281, -1642]]
[[1, 0], [14, 821], [-15, -821]]
[[1, 0], [14, 821], [-16, -821]]
[[1, 0], [14, 821], [-31, -1642]]
[[1, 0], [140, 821], [-141, -821]]
[[1, 0], [140, 821], [-142, -821]]
[[1, 0], [140, 821], [-283, -1642]]
[[1, 0], [141, 1642], [-143, -1642]]
[[1, 0], [141, 821], [-142, -821]]
[[1, 0], [141, 821], [-143, -821]]
[[1, 0], [141, 821], [-285, -1642]]
[[1, 0], [142, 2463], [-143, -2463]]
[[1, 0], [142, 821], [-143, -821]]
[[1, 0], [142, 821], [-144, -821]]
[[1, 0], [142, 821], [-287, -1642]]
[[1, 0], [143, 1642], [-145, -1642]]
[[1, 0], [143, 821], [-144, -821]]
[[1, 0], [143, 821], [-145, -821]]
[[1, 0], [143, 821], [-289, -1642]]
[[1, 0], [144, 821], [-145, -821]]
[[1, 0], [144, 821], [-146, -821]]
[[1, 0], [144, 821], [-291, -1642]]
[[1, 0], [145, 1642], [-147, -1642]]
[[1, 0], [145, 2463], [-146, -2463]]
[[1, 0], [145, 821], [-146, -821]]
[[1, 0], [145, 821], [-147, -821]]
[[1, 0], [145, 821], [-293, -1642]]
[[1, 0], [146, 821], [-147, -821]]
[[1, 0], [146, 821], [-148, -821]]
[[1, 0], [146, 821], [-295, -1642]]
[[1, 0], [147, 1642], [-149, -1642]]
[[1, 0], [147, 821], [-148, -821]]
[[1, 0], [147, 821], [-149, -821]]
[[1, 0], [147, 821], [-297, -1642]]
[[1, 0], [148, 2463], [-149, -2463]]
[[1, 0], [148, 821], [-149, -821]]
[[1, 0], [148, 821], [-150, -821]]
[[1, 0], [148, 821], [-299, -1642]]
[[1, 0], [149, 1642], [-151, -1642]]
[[1, 0], [149, 821], [-151, -821]]
[[1, 0], [149, 821], [-301, -1642]]
[[1, 0], [15, 1642], [-17, -1642]]
[[1, 0], [15, 821], [-16, -821]]
[[1, 0], [15, 821], [-17, -821]]
[[1, 0], [15, 821], [-33, -1642]]
[[1, 0], [150, 821], [-152, -821]]
[[1, 0], [150, 821], [-303, -1642]]
[[1, 0], [151, 1642], [-153, -1642]]
[[1, 0], [151, 2463], [-152, -2463]]
[[1, 0], [151, 821], [-153, -821]]
[[1, 0], [151, 821], [-305, -1642]]
[[1, 0], [152, 821], [-154, -821]]
[[1, 0], [152, 821], [-307, -1642]]
[[1, 0], [153, 1642], [-155, -1642]]
[[1, 0], [153, 821], [-155, -821]]
[[1, 0], [153, 821], [-309, -1642]]
[[1, 0], [154, 821], [-156, -821]]
[[1, 0], [154, 821], [-311, -1642]]
[[1, 0], [155, 1642], [-157, -1642]]
[[1, 0], [155, 821], [-157, -821]]
[[1, 0], [155, 821], [-313, -1642]]
[[1, 0], [156, 821], [-158, -821]]
[[1, 0], [156, 821], [-315, -1642]]
[[1, 0], [157, 1642], [-159, -1642]]
[[1, 0], [157, 2463], [-158, -2463]]
[[1, 0], [157, 821], [-158, -821]]
[[1, 0], [157, 821], [-159, -821]]
[[1, 0], [157, 821], [-317, -1642]]
[[1, 0], [158, 821], [-159, -821]]
[[1, 0], [158, 821], [-160, -821]]
[[1, 0], [158, 821], [-319, -1642]]
[[1, 0], [159, 1642], [-161, -1642]]
[[1, 0], [159, 821], [-160, -821]]
[[1, 0], [159, 821], [-161, -821]]
[[1, 0], [159, 821], [-321, -1642]]
[[1, 0], [16, 2463], [-17, -2463]]
[[1, 0], [16, 821], [-17, -821]]
[[1, 0], [16, 821], [-18, -821]]
[[1, 0], [16, 821], [-35, -1642]]
[[1, 0], [160, 2463], [-161, -2463]]
[[1, 0], [160, 821], [-162, -821]]
[[1, 0], [160, 821], [-323, -1642]]
[[1, 0], [161, 1642], [-163, -1642]]
[[1, 0], [161, 821], [-163, -821]]
[[1, 0], [161, 821], [-325, -1642]]
[[1, 0], [162, 821], [-164, -821]]
[[1, 0], [162, 821], [-327, -1642]]
[[1, 0], [163, 1642], [-165, -1642]]
[[1, 0], [163, 821], [-165, -821]]
[[1, 0], [163, 821], [-329, -1642]]
[[1, 0], [1635, 1642], [-1637, -1642]]
[[1, 0], [164, 821], [-165, -821]]
[[1, 0], [164, 821], [-166, -821]]
[[1, 0], [164, 821], [-331, -1642]]
[[1, 0], [1641, 1642], [-1643, -1642]]
[[1, 0], [165, 1642], [-167, -1642]]
[[1, 0], [165, 821], [-166, -821]]
[[1, 0], [165, 821], [-167, -821]]
[[1, 0], [165, 821], [-333, -1642]]
[[1, 0], [166, 821], [-168, -821]]
[[1, 0], [166, 821], [-335, -1642]]
[[1, 0], [167, 1642], [-169, -1642]]
[[1, 0], [167, 821], [-169, -821]]
[[1, 0], [167, 821], [-337, -1642]]
[[1, 0], [168, 821], [-170, -821]]
[[1, 0], [168, 821], [-339, -1642]]
[[1, 0], [169, 1642], [-171, -1642]]
[[1, 0], [169, 2463], [-170, -2463]]
[[1, 0], [169, 821], [-171, -821]]
[[1, 0], [169, 821], [-341, -1642]]
[[1, 0], [17, 1642], [-19, -1642]]
[[1, 0], [17, 821], [-18, -821]]
[[1, 0], [17, 821], [-19, -821]]
[[1, 0], [17, 821], [-37, -1642]]
[[1, 0], [170, 821], [-172, -821]]
[[1, 0], [170, 821], [-343, -1642]]
[[1, 0], [171, 1642], [-173, -1642]]
[[1, 0], [171, 821], [-173, -821]]
[[1, 0], [171, 821], [-345, -1642]]
[[1, 0], [172, 2463], [-173, -2463]]
[[1, 0], [172, 821], [-173, -821]]
[[1, 0], [172, 821], [-174, -821]]
[[1, 0], [172, 821], [-347, -1642]]
[[1, 0], [173, 1642], [-175, -1642]]
[[1, 0], [173, 821], [-174, -821]]
[[1, 0], [173, 821], [-175, -821]]
[[1, 0], [173, 821], [-349, -1642]]
[[1, 0], [174, 821], [-175, -821]]
[[1, 0], [174, 821], [-176, -821]]
[[1, 0], [174, 821], [-351, -1642]]
[[1, 0], [175, 1642], [-177, -1642]]
[[1, 0], [175, 821], [-177, -821]]
[[1, 0], [175, 821], [-353, -1642]]
[[1, 0], [176, 821], [-178, -821]]
[[1, 0], [176, 821], [-355, -1642]]
[[1, 0], [177, 1642], [-179, -1642]]
[[1, 0], [177, 821], [-178, -821]]
[[1, 0], [177, 821], [-179, -821]]
[[1, 0], [177, 821], [-357, -1642]]
[[1, 0], [178, 2463], [-179, -2463]]
[[1, 0], [178, 821], [-179, -821]]
[[1, 0], [178, 821], [-180, -821]]
[[1, 0], [178, 821], [-359, -1642]]
[[1, 0], [179, 1642], [-181, -1642]]
[[1, 0], [179, 821], [-180, -821]]
[[1, 0], [179, 821], [-181, -821]]
[[1, 0], [179, 821], [-361, -1642]]
[[1, 0], [18, 821], [-19, -821]]
[[1, 0], [18, 821], [-20, -821]]
[[1, 0], [18, 821], [-39, -1642]]
[[1, 0], [180, 821], [-182, -821]]
[[1, 0], [180, 821], [-363, -1642]]
[[1, 0], [181, 1642], [-183, -1642]]
[[1, 0], [181, 2463], [-182, -2463]]
[[1, 0], [181, 821], [-183, -821]]
[[1, 0], [181, 821], [-365, -1642]]
[[1, 0], [182, 821], [-184, -821]]
[[1, 0], [182, 821], [-367, -1642]]
[[1, 0], [183, 1642], [-185, -1642]]
[[1, 0], [183, 821], [-185, -821]]
[[1, 0], [183, 821], [-369, -1642]]
[[1, 0], [184, 2463], [-185, -2463]]
[[1, 0], [184, 821], [-186, -821]]
[[1, 0], [184, 821], [-371, -1642]]
[[1, 0], [185, 1642], [-187, -1642]]
[[1, 0], [185, 821], [-187, -821]]
[[1, 0], [185, 821], [-373, -1642]]
[[1, 0], [186, 821], [-188, -821]]
[[1, 0], [186, 821], [-375, -1642]]
[[1, 0], [187, 1642], [-189, -1642]]
[[1, 0], [187, 2463], [-188, -2463]]
[[1, 0], [187, 821], [-189, -821]]
[[1, 0], [187, 821], [-377, -1642]]
[[1, 0], [188, 821], [-190, -821]]
[[1, 0], [188, 821], [-379, -1642]]
[[1, 0], [189, 1642], [-191, -1642]]
[[1, 0], [189, 821], [-191, -821]]
[[1, 0], [189, 821], [-381, -1642]]
[[1, 0], [19, 1642], [-21, -1642]]
[[1, 0], [19, 2463], [-20, -2463]]
[[1, 0], [19, 821], [-20, -821]]
[[1, 0], [19, 821], [-21, -821]]
[[1, 0], [19, 821], [-41, -1642]]
[[1, 0], [190, 2463], [-191, -2463]]
[[1, 0], [190, 821], [-191, -821]]
[[1, 0], [190, 821], [-192, -821]]
[[1, 0], [190, 821], [-383, -1642]]
[[1, 0], [191, 1642], [-193, -1642]]
[[1, 0], [191, 821], [-193, -821]]
[[1, 0], [191, 821], [-385, -1642]]
[[1, 0], [192, 821], [-194, -821]]
[[1, 0], [192, 821], [-387, -1642]]
[[1, 0], [193, 1642], [-195, -1642]]
[[1, 0], [193, 2463], [-194, -2463]]
[[1, 0], [193, 821], [-194, -821]]
[[1, 0], [193, 821], [-195, -821]]
[[1, 0], [193, 821], [-389, -1642]]
[[1, 0], [194, 821], [-196, -821]]
[[1, 0], [194, 821], [-391, -1642]]
[[1, 0], [195, 1642], [-197, -1642]]
[[1, 0], [195, 821], [-197, -821]]
[[1, 0], [195, 821], [-393, -1642]]
[[1, 0], [196, 821], [-198, -821]]
[[1, 0], [196, 821], [-395, -1642]]
[[1, 0], [197, 1642], [-199, -1642]]
[[1, 0], [197, 821], [-199, -821]]
[[1, 0], [197, 821], [-397, -1642]]
[[1, 0], [198, 821], [-200, -821]]
[[1, 0], [198, 821], [-399, -1642]]
[[1, 0], [199, 1642], [-201, -1642]]
[[1, 0], [199, 2463], [-200, -2463]]
[[1, 0], [199, 821], [-201, -821]]
[[1, 0], [199, 821], [-401, -1642]]
[[1, 0], [2, 821], [-3, -821]]
[[1, 0], [2, 821], [-4, -821]]
[[1, 0], [2, 821], [-7, -1642]]
[[1, 0], [20, 821], [-21, -821]]
[[1, 0], [20, 821], [-22, -821]]
[[1, 0], [20, 821], [-43, -1642]]
[[1, 0], [200, 821], [-202, -821]]
[[1, 0], [200, 821], [-403, -1642]]
[[1, 0], [201, 1642], [-203, -1642]]
[[1, 0], [201, 821], [-203, -821]]
[[1, 0], [201, 821], [-405, -1642]]
[[1, 0], [202, 821], [-204, -821]]
[[1, 0], [202, 821], [-407, -1642]]
[[1, 0], [203, 1642], [-205, -1642]]
[[1, 0], [203, 821], [-205, -821]]
[[1, 0], [203, 821], [-409, -1642]]
[[1, 0], [204, 821], [-206, -821]]
[[1, 0], [204, 821], [-411, -1642]]
[[1, 0], [205, 1642], [-207, -1642]]
[[1, 0], [205, 2463], [-206, -2463]]
[[1, 0], [205, 821], [-207, -821]]
[[1, 0], [205, 821], [-413, -1642]]
[[1, 0], [206, 821], [-207, -821]]
[[1, 0], [206, 821], [-208, -821]]
[[1, 0], [206, 821], [-415, -1642]]
[[1, 0], [207, 1642], [-209, -1642]]
[[1, 0], [207, 821], [-209, -821]]
[[1, 0], [207, 821], [-417, -1642]]
[[1, 0], [208, 2463], [-209, -2463]]
[[1, 0], [208, 821], [-210, -821]]
[[1, 0], [208, 821], [-419, -1642]]
[[1, 0], [209, 1642], [-211, -1642]]
[[1, 0], [209, 821], [-211, -821]]
[[1, 0], [209, 821], [-421, -1642]]
[[1, 0], [21, 1642], [-23, -1642]]
[[1, 0], [21, 821], [-22, -821]]
[[1, 0], [21, 821], [-23, -821]]
[[1, 0], [21, 821], [-45, -1642]]
[[1, 0], [210, 821], [-212, -821]]
[[1, 0], [210, 821], [-423, -1642]]
[[1, 0], [211, 1642], [-213, -1642]]
[[1, 0], [211, 2463], [-212, -2463]]
[[1, 0], [211, 821], [-212, -821]]
[[1, 0], [211, 821], [-213, -821]]
[[1, 0], [211, 821], [-425, -1642]]
[[1, 0], [212, 821], [-214, -821]]
[[1, 0], [212, 821], [-427, -1642]]
[[1, 0], [213, 1642], [-215, -1642]]
[[1, 0], [213, 821], [-215, -821]]
[[1, 0], [213, 821], [-429, -1642]]
[[1, 0], [214, 2463], [-215, -2463]]
[[1, 0], [214, 821], [-216, -821]]
[[1, 0], [214, 821], [-431, -1642]]
[[1, 0], [215, 1642], [-217, -1642]]
[[1, 0], [215, 821], [-217, -821]]
[[1, 0], [215, 821], [-433, -1642]]
[[1, 0], [216, 821], [-218, -821]]
[[1, 0], [216, 821], [-435, -1642]]
[[1, 0], [217, 1642], [-219, -1642]]
[[1, 0], [217, 2463], [-218, -2463]]
[[1, 0], [217, 821], [-219, -821]]
[[1, 0], [217, 821], [-437, -1642]]
[[1, 0], [218, 821], [-220, -821]]
[[1, 0], [218, 821], [-439, -1642]]
[[1, 0], [219, 1642], [-221, -1642]]
[[1, 0], [219, 821], [-221, -821]]
[[1, 0], [219, 821], [-441, -1642]]
[[1, 0], [22, 2463], [-23, -2463]]
[[1, 0], [22, 821], [-23, -821]]
[[1, 0], [22, 821], [-24, -821]]
[[1, 0], [22, 821], [-47, -1642]]
[[1, 0], [220, 2463], [-221, -2463]]
[[1, 0], [220, 821], [-222, -821]]
[[1, 0], [220, 821], [-443, -1642]]
[[1, 0], [221, 1642], [-223, -1642]]
[[1, 0], [221, 821], [-223, -821]]
[[1, 0], [221, 821], [-445, -1642]]
[[1, 0], [222, 821], [-224, -821]]
[[1, 0], [222, 821], [-447, -1642]]
[[1, 0], [223, 1642], [-225, -1642]]
[[1, 0], [223, 821], [-225, -821]]
[[1, 0], [223, 821], [-449, -1642]]
[[1, 0], [224, 821], [-226, -821]]
[[1, 0], [224, 821], [-451, -1642]]
[[1, 0], [225, 1642], [-227, -1642]]
[[1, 0], [225, 821], [-227, -821]]
[[1, 0], [225, 821], [-453, -1642]]
[[1, 0], [226, 821], [-228, -821]]
[[1, 0], [226, 821], [-455, -1642]]
[[1, 0], [227, 1642], [-229, -1642]]
[[1, 0], [227, 821], [-229, -821]]
[[1, 0], [227, 821], [-457, -1642]]
[[1, 0], [228, 821], [-230, -821]]
[[1, 0], [228, 821], [-459, -1642]]
[[1, 0], [229, 1642], [-231, -1642]]
[[1, 0], [229, 2463], [-230, -2463]]
[[1, 0], [229, 821], [-230, -821]]
[[1, 0], [229, 821], [-231, -821]]
[[1, 0], [229, 821], [-461, -1642]]
[[1, 0], [23, 1642], [-25, -1642]]
[[1, 0], [23, 821], [-24, -821]]
[[1, 0], [23, 821], [-25, -821]]
[[1, 0], [23, 821], [-49, -1642]]
[[1, 0], [230, 821], [-231, -821]]
[[1, 0], [230, 821], [-232, -821]]
[[1, 0], [230, 821], [-463, -1642]]
[[1, 0], [231, 1642], [-233, -1642]]
[[1, 0], [231, 821], [-233, -821]]
[[1, 0], [231, 821], [-465, -1642]]
[[1, 0], [232, 821], [-234, -821]]
[[1, 0], [232, 821], [-467, -1642]]
[[1, 0], [233, 1642], [-235, -1642]]
[[1, 0], [233, 821], [-235, -821]]
[[1, 0], [233, 821], [-469, -1642]]
[[1, 0], [234, 821], [-236, -821]]
[[1, 0], [234, 821], [-471, -1642]]
[[1, 0], [235, 1642], [-237, -1642]]
[[1, 0], [235, 2463], [-236, -2463]]
[[1, 0], [235, 821], [-236, -821]]
[[1, 0], [235, 821], [-237, -821]]
[[1, 0], [235, 821], [-473, -1642]]
[[1, 0], [236, 821], [-238, -821]]
[[1, 0], [236, 821], [-475, -1642]]
[[1, 0], [237, 1642], [-239, -1642]]
[[1, 0], [237, 821], [-239, -821]]
[[1, 0], [237, 821], [-477, -1642]]
[[1, 0], [238, 2463], [-239, -2463]]
[[1, 0], [238, 821], [-239, -821]]
[[1, 0], [238, 821], [-240, -821]]
[[1, 0], [238, 821], [-479, -1642]]
[[1, 0], [239, 1642], [-241, -1642]]
[[1, 0], [239, 821], [-241, -821]]
[[1, 0], [239, 821], [-481, -1642]]
[[1, 0], [24, 821], [-25, -821]]
[[1, 0], [24, 821], [-26, -821]]
[[1, 0], [24, 821], [-51, -1642]]
[[1, 0], [240, 821], [-242, -821]]
[[1, 0], [240, 821], [-483, -1642]]
[[1, 0], [241, 1642], [-243, -1642]]
[[1, 0], [241, 2463], [-242, -2463]]
[[1, 0], [241, 821], [-242, -821]]
[[1, 0], [241, 821], [-243, -821]]
[[1, 0], [241, 821], [-485, -1642]]
[[1, 0], [242, 821], [-243, -821]]
[[1, 0], [242, 821], [-244, -821]]
[[1, 0], [242, 821], [-487, -1642]]
[[1, 0], [243, 1642], [-245, -1642]]
[[1, 0], [243, 821], [-244, -821]]
[[1, 0], [243, 821], [-245, -821]]
[[1, 0], [243, 821], [-489, -1642]]
[[1, 0], [244, 2463], [-245, -2463]]
[[1, 0], [244, 821], [-245, -821]]
[[1, 0], [244, 821], [-246, -821]]
[[1, 0], [244, 821], [-491, -1642]]
[[1, 0], [245, 1642], [-247, -1642]]
[[1, 0], [245, 821], [-246, -821]]
[[1, 0], [245, 821], [-247, -821]]
[[1, 0], [245, 821], [-493, -1642]]
[[1, 0], [246, 821], [-248, -821]]
[[1, 0], [246, 821], [-495, -1642]]
[[1, 0], [247, 1642], [-249, -1642]]
[[1, 0], [247, 2463], [-248, -2463]]
[[1, 0], [247, 821], [-249, -821]]
[[1, 0], [247, 821], [-497, -1642]]
[[1, 0], [248, 821], [-250, -821]]
[[1, 0], [248, 821], [-499, -1642]]
[[1, 0], [249, 1642], [-251, -1642]]
[[1, 0], [249, 821], [-251, -821]]
[[1, 0], [249, 821], [-501, -1642]]
[[1, 0], [25, 1642], [-27, -1642]]
[[1, 0], [25, 2463], [-26, -2463]]
[[1, 0], [25, 821], [-26, -821]]
[[1, 0], [25, 821], [-27, -821]]
[[1, 0], [25, 821], [-53, -1642]]
[[1, 0], [250, 821], [-252, -821]]
[[1, 0], [250, 821], [-503, -1642]]
[[1, 0], [251, 1642], [-253, -1642]]
[[1, 0], [251, 821], [-253, -821]]
[[1, 0], [251, 821], [-505, -1642]]
[[1, 0], [252, 821], [-254, -821]]
[[1, 0], [252, 821], [-507, -1642]]
[[1, 0], [253, 1642], [-255, -1642]]
[[1, 0], [253, 2463], [-254, -2463]]
[[1, 0], [253, 821], [-254, -821]]
[[1, 0], [253, 821], [-255, -821]]
[[1, 0], [253, 821], [-509, -1642]]
[[1, 0], [254, 821], [-256, -821]]
[[1, 0], [254, 821], [-511, -1642]]
[[1, 0], [255, 1642], [-257, -1642]]
[[1, 0], [255, 821], [-257, -821]]
[[1, 0], [255, 821], [-513, -1642]]
[[1, 0], [256, 821], [-258, -821]]
[[1, 0], [256, 821], [-515, -1642]]
[[1, 0], [257, 1642], [-259, -1642]]
[[1, 0], [257, 821], [-259, -821]]
[[1, 0], [257, 821], [-517, -1642]]
[[1, 0], [258, 821], [-260, -821]]
[[1, 0], [258, 821], [-519, -1642]]
[[1, 0], [259, 1642], [-261, -1642]]
[[1, 0], [259, 2463], [-260, -2463]]
[[1, 0], [259, 821], [-261, -821]]
[[1, 0], [259, 821], [-521, -1642]]
[[1, 0], [26, 821], [-27, -821]]
[[1, 0], [26, 821], [-28, -821]]
[[1, 0], [26, 821], [-55, -1642]]
[[1, 0], [260, 821], [-262, -821]]
[[1, 0], [260, 821], [-523, -1642]]
[[1, 0], [261, 1642], [-263, -1642]]
[[1, 0], [261, 821], [-263, -821]]
[[1, 0], [261, 821], [-525, -1642]]
[[1, 0], [262, 821], [-264, -821]]
[[1, 0], [262, 821], [-527, -1642]]
[[1, 0], [263, 1642], [-265, -1642]]
[[1, 0], [263, 821], [-265, -821]]
[[1, 0], [263, 821], [-529, -1642]]
[[1, 0], [264, 821], [-266, -821]]
[[1, 0], [264, 821], [-531, -1642]]
[[1, 0], [265, 1642], [-267, -1642]]
[[1, 0], [265, 821], [-267, -821]]
[[1, 0], [265, 821], [-533, -1642]]
[[1, 0], [266, 821], [-268, -821]]
[[1, 0], [266, 821], [-535, -1642]]
[[1, 0], [267, 1642], [-269, -1642]]
[[1, 0], [267, 821], [-269, -821]]
[[1, 0], [267, 821], [-537, -1642]]
[[1, 0], [268, 821], [-270, -821]]
[[1, 0], [268, 821], [-539, -1642]]
[[1, 0], [269, 1642], [-271, -1642]]
[[1, 0], [269, 821], [-271, -821]]
[[1, 0], [269, 821], [-541, -1642]]
[[1, 0], [27, 1642], [-29, -1642]]
[[1, 0], [27, 821], [-28, -821]]
[[1, 0], [27, 821], [-29, -821]]
[[1, 0], [27, 821], [-57, -1642]]
[[1, 0], [270, 821], [-272, -821]]
[[1, 0], [270, 821], [-543, -1642]]
[[1, 0], [271, 1642], [-273, -1642]]
[[1, 0], [271, 2463], [-272, -2463]]
[[1, 0], [271, 821], [-273, -821]]
[[1, 0], [271, 821], [-545, -1642]]
[[1, 0], [272, 821], [-273, -821]]
[[1, 0], [272, 821], [-274, -821]]
[[1, 0], [272, 821], [-547, -1642]]
[[1, 0], [273, 1642], [-275, -1642]]
[[1, 0], [273, 821], [-275, -821]]
[[1, 0], [273, 821], [-549, -1642]]
[[1, 0], [274, 821], [-276, -821]]
[[1, 0], [274, 821], [-551, -1642]]
[[1, 0], [275, 1642], [-277, -1642]]
[[1, 0], [275, 821], [-277, -821]]
[[1, 0], [275, 821], [-553, -1642]]
[[1, 0], [276, 821], [-278, -821]]
[[1, 0], [276, 821], [-555, -1642]]
[[1, 0], [277, 1642], [-279, -1642]]
[[1, 0], [277, 2463], [-278, -2463]]
[[1, 0], [277, 821], [-279, -821]]
[[1, 0], [277, 821], [-557, -1642]]
[[1, 0], [278, 821], [-279, -821]]
[[1, 0], [278, 821], [-280, -821]]
[[1, 0], [278, 821], [-559, -1642]]
[[1, 0], [279, 1642], [-281, -1642]]
[[1, 0], [279, 821], [-281, -821]]
[[1, 0], [279, 821], [-561, -1642]]
[[1, 0], [28, 2463], [-29, -2463]]
[[1, 0], [28, 821], [-29, -821]]
[[1, 0], [28, 821], [-30, -821]]
[[1, 0], [28, 821], [-59, -1642]]
[[1, 0], [280, 2463], [-281, -2463]]
[[1, 0], [280, 821], [-282, -821]]
[[1, 0], [280, 821], [-563, -1642]]
[[1, 0], [281, 1642], [-283, -1642]]
[[1, 0], [281, 821], [-283, -821]]
[[1, 0], [281, 821], [-565, -1642]]
[[1, 0], [282, 821], [-284, -821]]
[[1, 0], [282, 821], [-567, -1642]]
[[1, 0], [283, 1642], [-285, -1642]]
[[1, 0], [283, 2463], [-284, -2463]]
[[1, 0], [283, 821], [-285, -821]]
[[1, 0], [283, 821], [-569, -1642]]
[[1, 0], [284, 821], [-286, -821]]
[[1, 0], [284, 821], [-571, -1642]]
[[1, 0], [285, 1642], [-287, -1642]]
[[1, 0], [285, 821], [-287, -821]]
[[1, 0], [285, 821], [-573, -1642]]
[[1, 0], [286, 2463], [-287, -2463]]
[[1, 0], [286, 821], [-288, -821]]
[[1, 0], [286, 821], [-575, -1642]]
[[1, 0], [287, 1642], [-289, -1642]]
[[1, 0], [287, 821], [-289, -821]]
[[1, 0], [287, 821], [-577, -1642]]
[[1, 0], [288, 821], [-290, -821]]
[[1, 0], [288, 821], [-579, -1642]]
[[1, 0], [289, 1642], [-291, -1642]]
[[1, 0], [289, 2463], [-290, -2463]]
[[1, 0], [289, 821], [-291, -821]]
[[1, 0], [289, 821], [-581, -1642]]
[[1, 0], [29, 1642], [-31, -1642]]
[[1, 0], [29, 821], [-30, -821]]
[[1, 0], [29, 821], [-31, -821]]
[[1, 0], [29, 821], [-61, -1642]]
[[1, 0], [290, 821], [-292, -821]]
[[1, 0], [290, 821], [-583, -1642]]
[[1, 0], [291, 1642], [-293, -1642]]
[[1, 0], [291, 821], [-293, -821]]
[[1, 0], [291, 821], [-585, -1642]]
[[1, 0], [292, 821], [-294, -821]]
[[1, 0], [292, 821], [-587, -1642]]
[[1, 0], [293, 1642], [-295, -1642]]
[[1, 0], [293, 821], [-295, -821]]
[[1, 0], [293, 821], [-589, -1642]]
[[1, 0], [294, 821], [-296, -821]]
[[1, 0], [294, 821], [-591, -1642]]
[[1, 0], [295, 1642], [-297, -1642]]
[[1, 0], [295, 2463], [-296, -2463]]
[[1, 0], [295, 821], [-297, -821]]
[[1, 0], [295, 821], [-593, -1642]]
[[1, 0], [296, 821], [-298, -821]]
[[1, 0], [296, 821], [-595, -1642]]
[[1, 0], [297, 1642], [-299, -1642]]
[[1, 0], [297, 821], [-299, -821]]
[[1, 0], [297, 821], [-597, -1642]]
[[1, 0], [298, 2463], [-299, -2463]]
[[1, 0], [298, 821], [-300, -821]]
[[1, 0], [298, 821], [-599, -1642]]
[[1, 0], [299, 1642], [-301, -1642]]
[[1, 0], [299, 821], [-301, -821]]
[[1, 0], [299, 821], [-601, -1642]]
[[1, 0], [3, 1642], [-5, -1642]]
[[1, 0], [3, 821], [-4, -821]]
[[1, 0], [3, 821], [-5, -821]]
[[1, 0], [3, 821], [-9, -1642]]
[[1, 0], [30, 821], [-31, -821]]
[[1, 0], [30, 821], [-32, -821]]
[[1, 0], [30, 821], [-63, -1642]]
[[1, 0], [300, 821], [-302, -821]]
[[1, 0], [300, 821], [-603, -1642]]
[[1, 0], [301, 1642], [-303, -1642]]
[[1, 0], [301, 2463], [-302, -2463]]
[[1, 0], [301, 821], [-303, -821]]
[[1, 0], [301, 821], [-605, -1642]]
[[1, 0], [302, 821], [-304, -821]]
[[1, 0], [302, 821], [-607, -1642]]
[[1, 0], [303, 1642], [-305, -1642]]
[[1, 0], [303, 821], [-305, -821]]
[[1, 0], [303, 821], [-609, -1642]]
[[1, 0], [304, 2463], [-305, -2463]]
[[1, 0], [304, 821], [-305, -821]]
[[1, 0], [304, 821], [-306, -821]]
[[1, 0], [304, 821], [-611, -1642]]
[[1, 0], [305, 1642], [-307, -1642]]
[[1, 0], [305, 821], [-307, -821]]
[[1, 0], [305, 821], [-613, -1642]]
[[1, 0], [306, 821], [-308, -821]]
[[1, 0], [306, 821], [-615, -1642]]
[[1, 0], [307, 1642], [-309, -1642]]
[[1, 0], [307, 821], [-309, -821]]
[[1, 0], [307, 821], [-617, -1642]]
[[1, 0], [308, 821], [-310, -821]]
[[1, 0], [308, 821], [-619, -1642]]
[[1, 0], [309, 1642], [-311, -1642]]
[[1, 0], [309, 821], [-311, -821]]
[[1, 0], [309, 821], [-621, -1642]]
[[1, 0], [31, 1642], [-33, -1642]]
[[1, 0], [31, 2463], [-32, -2463]]
[[1, 0], [31, 821], [-32, -821]]
[[1, 0], [31, 821], [-33, -821]]
[[1, 0], [31, 821], [-65, -1642]]
[[1, 0], [310, 2463], [-311, -2463]]
[[1, 0], [310, 821], [-312, -821]]
[[1, 0], [310, 821], [-623, -1642]]
[[1, 0], [311, 1642], [-313, -1642]]
[[1, 0], [311, 821], [-313, -821]]
[[1, 0], [311, 821], [-625, -1642]]
[[1, 0], [312, 821], [-314, -821]]
[[1, 0], [312, 821], [-627, -1642]]
[[1, 0], [313, 1642], [-315, -1642]]
[[1, 0], [313, 2463], [-314, -2463]]
[[1, 0], [313, 821], [-315, -821]]
[[1, 0], [313, 821], [-629, -1642]]
[[1, 0], [314, 821], [-316, -821]]
[[1, 0], [314, 821], [-631, -1642]]
[[1, 0], [315, 1642], [-317, -1642]]
[[1, 0], [315, 821], [-317, -821]]
[[1, 0], [315, 821], [-633, -1642]]
[[1, 0], [316, 2463], [-317, -2463]]
[[1, 0], [316, 821], [-318, -821]]
[[1, 0], [316, 821], [-635, -1642]]
[[1, 0], [317, 1642], [-319, -1642]]
[[1, 0], [317, 821], [-319, -821]]
[[1, 0], [317, 821], [-637, -1642]]
[[1, 0], [318, 821], [-320, -821]]
[[1, 0], [318, 821], [-639, -1642]]
[[1, 0], [319, 1642], [-321, -1642]]
[[1, 0], [319, 821], [-321, -821]]
[[1, 0], [319, 821], [-641, -1642]]
[[1, 0], [32, 821], [-33, -821]]
[[1, 0], [32, 821], [-34, -821]]
[[1, 0], [32, 821], [-67, -1642]]
[[1, 0], [320, 821], [-322, -821]]
[[1, 0], [320, 821], [-643, -1642]]
[[1, 0], [321, 1642], [-323, -1642]]
[[1, 0], [321, 821], [-323, -821]]
[[1, 0], [321, 821], [-645, -1642]]
[[1, 0], [322, 821], [-324, -821]]
[[1, 0], [322, 821], [-647, -1642]]
[[1, 0], [323, 1642], [-325, -1642]]
[[1, 0], [323, 821], [-325, -821]]
[[1, 0], [323, 821], [-649, -1642]]
[[1, 0], [324, 821], [-326, -821]]
[[1, 0], [324, 821], [-651, -1642]]
[[1, 0], [325, 1642], [-327, -1642]]
[[1, 0], [325, 821], [-327, -821]]
[[1, 0], [325, 821], [-653, -1642]]
[[1, 0], [326, 821], [-328, -821]]
[[1, 0], [326, 821], [-655, -1642]]
[[1, 0], [327, 1642], [-329, -1642]]
[[1, 0], [327, 821], [-329, -821]]
[[1, 0], [327, 821], [-657, -1642]]
[[1, 0], [328, 2463], [-329, -2463]]
[[1, 0], [328, 821], [-330, -821]]
[[1, 0], [328, 821], [-659, -1642]]
[[1, 0], [329, 1642], [-331, -1642]]
[[1, 0], [329, 821], [-331, -821]]
[[1, 0], [329, 821], [-661, -1642]]
[[1, 0], [33, 1642], [-35, -1642]]
[[1, 0], [33, 821], [-34, -821]]
[[1, 0], [33, 821], [-35, -821]]
[[1, 0], [33, 821], [-69, -1642]]
[[1, 0], [330, 821], [-332, -821]]
[[1, 0], [330, 821], [-663, -1642]]
[[1, 0], [331, 1642], [-333, -1642]]
[[1, 0], [331, 821], [-333, -821]]
[[1, 0], [331, 821], [-665, -1642]]
[[1, 0], [332, 821], [-334, -821]]
[[1, 0], [332, 821], [-667, -1642]]
[[1, 0], [333, 1642], [-335, -1642]]
[[1, 0], [333, 821], [-335, -821]]
[[1, 0], [333, 821], [-669, -1642]]
[[1, 0], [334, 2463], [-335, -2463]]
[[1, 0], [334, 821], [-336, -821]]
[[1, 0], [334, 821], [-671, -1642]]
[[1, 0], [335, 1642], [-337, -1642]]
[[1, 0], [335, 821], [-337, -821]]
[[1, 0], [335, 821], [-673, -1642]]
[[1, 0], [336, 821], [-338, -821]]
[[1, 0], [336, 821], [-675, -1642]]
[[1, 0], [337, 1642], [-339, -1642]]
[[1, 0], [337, 2463], [-338, -2463]]
[[1, 0], [337, 821], [-339, -821]]
[[1, 0], [337, 821], [-677, -1642]]
[[1, 0], [338, 821], [-340, -821]]
[[1, 0], [338, 821], [-679, -1642]]
[[1, 0], [339, 1642], [-341, -1642]]
[[1, 0], [339, 821], [-341, -821]]
[[1, 0], [339, 821], [-681, -1642]]
[[1, 0], [34, 2463], [-35, -2463]]
[[1, 0], [34, 821], [-35, -821]]
[[1, 0], [34, 821], [-36, -821]]
[[1, 0], [34, 821], [-71, -1642]]
[[1, 0], [340, 2463], [-341, -2463]]
[[1, 0], [340, 821], [-342, -821]]
[[1, 0], [340, 821], [-683, -1642]]
[[1, 0], [341, 1642], [-343, -1642]]
[[1, 0], [341, 821], [-343, -821]]
[[1, 0], [341, 821], [-685, -1642]]
[[1, 0], [342, 821], [-344, -821]]
[[1, 0], [342, 821], [-687, -1642]]
[[1, 0], [343, 1642], [-345, -1642]]
[[1, 0], [343, 821], [-345, -821]]
[[1, 0], [343, 821], [-689, -1642]]
[[1, 0], [344, 821], [-346, -821]]
[[1, 0], [344, 821], [-691, -1642]]
[[1, 0], [345, 1642], [-347, -1642]]
[[1, 0], [345, 821], [-347, -821]]
[[1, 0], [345, 821], [-693, -1642]]
[[1, 0], [346, 2463], [-347, -2463]]
[[1, 0], [346, 821], [-348, -821]]
[[1, 0], [346, 821], [-695, -1642]]
[[1, 0], [347, 1642], [-349, -1642]]
[[1, 0], [347, 821], [-349, -821]]
[[1, 0], [347, 821], [-697, -1642]]
[[1, 0], [348, 821], [-350, -821]]
[[1, 0], [348, 821], [-699, -1642]]
[[1, 0], [349, 1642], [-351, -1642]]
[[1, 0], [349, 821], [-351, -821]]
[[1, 0], [349, 821], [-701, -1642]]
[[1, 0], [35, 1642], [-37, -1642]]
[[1, 0], [35, 821], [-36, -821]]
[[1, 0], [35, 821], [-37, -821]]
[[1, 0], [35, 821], [-73, -1642]]
[[1, 0], [350, 821], [-352, -821]]
[[1, 0], [350, 821], [-703, -1642]]
[[1, 0], [351, 1642], [-353, -1642]]
[[1, 0], [351, 821], [-353, -821]]
[[1, 0], [351, 821], [-705, -1642]]
[[1, 0], [352, 821], [-354, -821]]
[[1, 0], [352, 821], [-707, -1642]]
[[1, 0], [353, 1642], [-355, -1642]]
[[1, 0], [353, 821], [-355, -821]]
[[1, 0], [353, 821], [-709, -1642]]
[[1, 0], [354, 821], [-356, -821]]
[[1, 0], [354, 821], [-711, -1642]]
[[1, 0], [355, 1642], [-357, -1642]]
[[1, 0], [355, 2463], [-356, -2463]]
[[1, 0], [355, 821], [-357, -821]]
[[1, 0], [355, 821], [-713, -1642]]
[[1, 0], [356, 821], [-358, -821]]
[[1, 0], [356, 821], [-715, -1642]]
[[1, 0], [357, 1642], [-359, -1642]]
[[1, 0], [357, 821], [-359, -821]]
[[1, 0], [357, 821], [-717, -1642]]
[[1, 0], [358, 821], [-360, -821]]
[[1, 0], [358, 821], [-719, -1642]]
[[1, 0], [359, 1642], [-361, -1642]]
[[1, 0], [359, 821], [-361, -821]]
[[1, 0], [359, 821], [-721, -1642]]
[[1, 0], [36, 821], [-37, -821]]
[[1, 0], [36, 821], [-38, -821]]
[[1, 0], [36, 821], [-75, -1642]]
[[1, 0], [360, 821], [-362, -821]]
[[1, 0], [360, 821], [-723, -1642]]
[[1, 0], [361, 1642], [-363, -1642]]
[[1, 0], [361, 821], [-363, -821]]
[[1, 0], [361, 821], [-725, -1642]]
[[1, 0], [362, 821], [-364, -821]]
[[1, 0], [362, 821], [-727, -1642]]
[[1, 0], [363, 1642], [-365, -1642]]
[[1, 0], [363, 821], [-365, -821]]
[[1, 0], [363, 821], [-729, -1642]]
[[1, 0], [364, 2463], [-365, -2463]]
[[1, 0], [364, 821], [-366, -821]]
[[1, 0], [364, 821], [-731, -1642]]
[[1, 0], [365, 1642], [-367, -1642]]
[[1, 0], [365, 821], [-367, -821]]
[[1, 0], [365, 821], [-733, -1642]]
[[1, 0], [366, 821], [-368, -821]]
[[1, 0], [366, 821], [-735, -1642]]
[[1, 0], [367, 1642], [-369, -1642]]
[[1, 0], [367, 821], [-369, -821]]
[[1, 0], [367, 821], [-737, -1642]]
[[1, 0], [368, 821], [-370, -821]]
[[1, 0], [368, 821], [-739, -1642]]
[[1, 0], [369, 1642], [-371, -1642]]
[[1, 0], [369, 821], [-371, -821]]
[[1, 0], [369, 821], [-741, -1642]]
[[1, 0], [37, 1642], [-39, -1642]]
[[1, 0], [37, 2463], [-38, -2463]]
[[1, 0], [37, 821], [-38, -821]]
[[1, 0], [37, 821], [-39, -821]]
[[1, 0], [37, 821], [-77, -1642]]
[[1, 0], [370, 821], [-372, -821]]
[[1, 0], [370, 821], [-743, -1642]]
[[1, 0], [371, 1642], [-373, -1642]]
[[1, 0], [371, 821], [-373, -821]]
[[1, 0], [371, 821], [-745, -1642]]
[[1, 0], [372, 821], [-374, -821]]
[[1, 0], [372, 821], [-747, -1642]]
[[1, 0], [373, 1642], [-375, -1642]]
[[1, 0], [373, 2463], [-374, -2463]]
[[1, 0], [373, 821], [-375, -821]]
[[1, 0], [373, 821], [-749, -1642]]
[[1, 0], [374, 821], [-376, -821]]
[[1, 0], [374, 821], [-751, -1642]]
[[1, 0], [375, 1642], [-377, -1642]]
[[1, 0], [375, 821], [-377, -821]]
[[1, 0], [375, 821], [-753, -1642]]
[[1, 0], [376, 821], [-378, -821]]
[[1, 0], [376, 821], [-755, -1642]]
[[1, 0], [377, 1642], [-379, -1642]]
[[1, 0], [377, 821], [-379, -821]]
[[1, 0], [377, 821], [-757, -1642]]
[[1, 0], [378, 821], [-380, -821]]
[[1, 0], [378, 821], [-759, -1642]]
[[1, 0], [379, 1642], [-381, -1642]]
[[1, 0], [379, 821], [-381, -821]]
[[1, 0], [379, 821], [-761, -1642]]
[[1, 0], [38, 821], [-39, -821]]
[[1, 0], [38, 821], [-40, -821]]
[[1, 0], [38, 821], [-79, -1642]]
[[1, 0], [380, 821], [-382, -821]]
[[1, 0], [380, 821], [-763, -1642]]
[[1, 0], [381, 1642], [-383, -1642]]
[[1, 0], [381, 821], [-383, -821]]
[[1, 0], [381, 821], [-765, -1642]]
[[1, 0], [382, 2463], [-383, -2463]]
[[1, 0], [382, 821], [-384, -821]]
[[1, 0], [382, 821], [-767, -1642]]
[[1, 0], [383, 1642], [-385, -1642]]
[[1, 0], [383, 821], [-385, -821]]
[[1, 0], [383, 821], [-769, -1642]]
[[1, 0], [384, 821], [-386, -821]]
[[1, 0], [384, 821], [-771, -1642]]
[[1, 0], [385, 1642], [-387, -1642]]
[[1, 0], [385, 821], [-387, -821]]
[[1, 0], [385, 821], [-773, -1642]]
[[1, 0], [386, 821], [-388, -821]]
[[1, 0], [386, 821], [-775, -1642]]
[[1, 0], [387, 1642], [-389, -1642]]
[[1, 0], [387, 821], [-389, -821]]
[[1, 0], [387, 821], [-777, -1642]]
[[1, 0], [388, 821], [-390, -821]]
[[1, 0], [388, 821], [-779, -1642]]
[[1, 0], [389, 1642], [-391, -1642]]
[[1, 0], [389, 821], [-391, -821]]
[[1, 0], [389, 821], [-781, -1642]]
[[1, 0], [39, 1642], [-41, -1642]]
[[1, 0], [39, 821], [-40, -821]]
[[1, 0], [39, 821], [-41, -821]]
[[1, 0], [39, 821], [-81, -1642]]
[[1, 0], [390, 821], [-392, -821]]
[[1, 0], [390, 821], [-783, -1642]]
[[1, 0], [391, 1642], [-393, -1642]]
[[1, 0], [391, 2463], [-392, -2463]]
[[1, 0], [391, 821], [-393, -821]]
[[1, 0], [391, 821], [-785, -1642]]
[[1, 0], [392, 821], [-394, -821]]
[[1, 0], [392, 821], [-787, -1642]]
[[1, 0], [393, 1642], [-395, -1642]]
[[1, 0], [393, 821], [-395, -821]]
[[1, 0], [393, 821], [-789, -1642]]
[[1, 0], [394, 821], [-396, -821]]
[[1, 0], [394, 821], [-791, -1642]]
[[1, 0], [395, 1642], [-397, -1642]]
[[1, 0], [395, 821], [-397, -821]]
[[1, 0], [395, 821], [-793, -1642]]
[[1, 0], [396, 821], [-398, -821]]
[[1, 0], [396, 821], [-795, -1642]]
[[1, 0], [397, 1642], [-399, -1642]]
[[1, 0], [397, 821], [-399, -821]]
[[1, 0], [397, 821], [-797, -1642]]
[[1, 0], [398, 821], [-400, -821]]
[[1, 0], [398, 821], [-799, -1642]]
[[1, 0], [399, 1642], [-401, -1642]]
[[1, 0], [399, 821], [-401, -821]]
[[1, 0], [399, 821], [-801, -1642]]
[[1, 0], [4, 821], [-11, -1642]]
[[1, 0], [4, 821], [-6, -821]]
[[1, 0], [40, 2463], [-41, -2463]]
[[1, 0], [40, 821], [-42, -821]]
[[1, 0], [40, 821], [-83, -1642]]
[[1, 0], [400, 2463], [-401, -2463]]
[[1, 0], [400, 821], [-402, -821]]
[[1, 0], [400, 821], [-803, -1642]]
[[1, 0], [401, 1642], [-403, -1642]]
[[1, 0], [401, 821], [-403, -821]]
[[1, 0], [401, 821], [-805, -1642]]
[[1, 0], [402, 821], [-404, -821]]
[[1, 0], [402, 821], [-807, -1642]]
[[1, 0], [403, 1642], [-405, -1642]]
[[1, 0], [403, 2463], [-404, -2463]]
[[1, 0], [403, 821], [-405, -821]]
[[1, 0], [403, 821], [-809, -1642]]
[[1, 0], [404, 821], [-406, -821]]
[[1, 0], [404, 821], [-811, -1642]]
[[1, 0], [405, 1642], [-407, -1642]]
[[1, 0], [405, 821], [-407, -821]]
[[1, 0], [405, 821], [-813, -1642]]
[[1, 0], [406, 821], [-408, -821]]
[[1, 0], [406, 821], [-815, -1642]]
[[1, 0], [407, 1642], [-409, -1642]]
[[1, 0], [407, 821], [-409, -821]]
[[1, 0], [407, 821], [-817, -1642]]
[[1, 0], [408, 821], [-410, -821]]
[[1, 0], [408, 821], [-819, -1642]]
[[1, 0], [409, 1642], [-411, -1642]]
[[1, 0], [409, 2463], [-410, -2463]]
[[1, 0], [409, 821], [-411, -821]]
[[1, 0], [41, 1642], [-43, -1642]]
[[1, 0], [41, 821], [-43, -821]]
[[1, 0], [41, 821], [-85, -1642]]
[[1, 0], [410, 821], [-823, -1642]]
[[1, 0], [411, 1642], [-413, -1642]]
[[1, 0], [411, 821], [-825, -1642]]
[[1, 0], [412, 821], [-827, -1642]]
[[1, 0], [413, 1642], [-415, -1642]]
[[1, 0], [413, 821], [-829, -1642]]
[[1, 0], [414, 821], [-831, -1642]]
[[1, 0], [415, 1642], [-417, -1642]]
[[1, 0], [415, 821], [-833, -1642]]
[[1, 0], [416, 821], [-835, -1642]]
[[1, 0], [417, 1642], [-419, -1642]]
[[1, 0], [417, 821], [-837, -1642]]
[[1, 0], [418, 821], [-839, -1642]]
[[1, 0], [419, 1642], [-421, -1642]]
[[1, 0], [419, 821], [-841, -1642]]
[[1, 0], [42, 821], [-43, -821]]
[[1, 0], [42, 821], [-44, -821]]
[[1, 0], [42, 821], [-87, -1642]]
[[1, 0], [420, 821], [-843, -1642]]
[[1, 0], [421, 1642], [-423, -1642]]
[[1, 0], [421, 2463], [-422, -2463]]
[[1, 0], [421, 821], [-845, -1642]]
[[1, 0], [422, 821], [-847, -1642]]
[[1, 0], [423, 1642], [-425, -1642]]
[[1, 0], [423, 821], [-849, -1642]]
[[1, 0], [424, 2463], [-425, -2463]]
[[1, 0], [424, 821], [-851, -1642]]
[[1, 0], [425, 1642], [-427, -1642]]
[[1, 0], [425, 821], [-853, -1642]]
[[1, 0], [426, 821], [-855, -1642]]
[[1, 0], [427, 1642], [-429, -1642]]
[[1, 0], [427, 821], [-857, -1642]]
[[1, 0], [428, 821], [-859, -1642]]
[[1, 0], [429, 1642], [-431, -1642]]
[[1, 0], [429, 821], [-861, -1642]]
[[1, 0], [43, 1642], [-45, -1642]]
[[1, 0], [43, 2463], [-44, -2463]]
[[1, 0], [43, 821], [-44, -821]]
[[1, 0], [43, 821], [-45, -821]]
[[1, 0], [43, 821], [-89, -1642]]
[[1, 0], [430, 821], [-863, -1642]]
[[1, 0], [431, 1642], [-433, -1642]]
[[1, 0], [431, 821], [-865, -1642]]
[[1, 0], [432, 821], [-867, -1642]]
[[1, 0], [433, 1642], [-435, -1642]]
[[1, 0], [433, 2463], [-434, -2463]]
[[1, 0], [433, 821], [-869, -1642]]
[[1, 0], [434, 821], [-871, -1642]]
[[1, 0], [435, 1642], [-437, -1642]]
[[1, 0], [435, 821], [-873, -1642]]
[[1, 0], [436, 821], [-875, -1642]]
[[1, 0], [437, 1642], [-439, -1642]]
[[1, 0], [437, 821], [-877, -1642]]
[[1, 0], [438, 821], [-879, -1642]]
[[1, 0], [439, 1642], [-441, -1642]]
[[1, 0], [439, 2463], [-440, -2463]]
[[1, 0], [439, 821], [-881, -1642]]
[[1, 0], [44, 821], [-45, -821]]
[[1, 0], [44, 821], [-46, -821]]
[[1, 0], [44, 821], [-91, -1642]]
[[1, 0], [440, 821], [-883, -1642]]
[[1, 0], [441, 1642], [-443, -1642]]
[[1, 0], [441, 821], [-885, -1642]]
[[1, 0], [442, 2463], [-443, -2463]]
[[1, 0], [442, 821], [-887, -1642]]
[[1, 0], [443, 1642], [-445, -1642]]
[[1, 0], [443, 821], [-889, -1642]]
[[1, 0], [444, 821], [-891, -1642]]
[[1, 0], [445, 1642], [-447, -1642]]
[[1, 0], [445, 821], [-893, -1642]]
[[1, 0], [446, 821], [-895, -1642]]
[[1, 0], [447, 1642], [-449, -1642]]
[[1, 0], [447, 821], [-897, -1642]]
[[1, 0], [448, 2463], [-449, -2463]]
[[1, 0], [448, 821], [-899, -1642]]
[[1, 0], [449, 1642], [-451, -1642]]
[[1, 0], [449, 821], [-901, -1642]]
[[1, 0], [45, 1642], [-47, -1642]]
[[1, 0], [45, 821], [-46, -821]]
[[1, 0], [45, 821], [-47, -821]]
[[1, 0], [45, 821], [-93, -1642]]
[[1, 0], [450, 821], [-903, -1642]]
[[1, 0], [451, 1642], [-453, -1642]]
[[1, 0], [451, 2463], [-452, -2463]]
[[1, 0], [451, 821], [-905, -1642]]
[[1, 0], [452, 821], [-907, -1642]]
[[1, 0], [453, 1642], [-455, -1642]]
[[1, 0], [453, 821], [-909, -1642]]
[[1, 0], [454, 2463], [-455, -2463]]
[[1, 0], [454, 821], [-911, -1642]]
[[1, 0], [455, 1642], [-457, -1642]]
[[1, 0], [455, 821], [-913, -1642]]
[[1, 0], [456, 821], [-915, -1642]]
[[1, 0], [457, 1642], [-459, -1642]]
[[1, 0], [457, 821], [-917, -1642]]
[[1, 0], [458, 821], [-919, -1642]]
[[1, 0], [459, 1642], [-461, -1642]]
[[1, 0], [459, 821], [-921, -1642]]
[[1, 0], [46, 2463], [-47, -2463]]
[[1, 0], [46, 821], [-47, -821]]
[[1, 0], [46, 821], [-48, -821]]
[[1, 0], [46, 821], [-95, -1642]]
[[1, 0], [460, 2463], [-461, -2463]]
[[1, 0], [460, 821], [-923, -1642]]
[[1, 0], [461, 1642], [-463, -1642]]
[[1, 0], [461, 821], [-925, -1642]]
[[1, 0], [462, 821], [-927, -1642]]
[[1, 0], [463, 1642], [-465, -1642]]
[[1, 0], [463, 2463], [-464, -2463]]
[[1, 0], [463, 821], [-929, -1642]]
[[1, 0], [464, 821], [-931, -1642]]
[[1, 0], [465, 1642], [-467, -1642]]
[[1, 0], [465, 821], [-933, -1642]]
[[1, 0], [466, 821], [-935, -1642]]
[[1, 0], [467, 1642], [-469, -1642]]
[[1, 0], [467, 821], [-937, -1642]]
[[1, 0], [468, 821], [-939, -1642]]
[[1, 0], [469, 1642], [-471, -1642]]
[[1, 0], [469, 2463], [-470, -2463]]
[[1, 0], [469, 821], [-941, -1642]]
[[1, 0], [47, 1642], [-49, -1642]]
[[1, 0], [47, 821], [-48, -821]]
[[1, 0], [47, 821], [-49, -821]]
[[1, 0], [47, 821], [-97, -1642]]
[[1, 0], [470, 821], [-943, -1642]]
[[1, 0], [471, 1642], [-473, -1642]]
[[1, 0], [471, 821], [-945, -1642]]
[[1, 0], [472, 821], [-947, -1642]]
[[1, 0], [473, 1642], [-475, -1642]]
[[1, 0], [473, 821], [-949, -1642]]
[[1, 0], [474, 821], [-951, -1642]]
[[1, 0], [475, 1642], [-477, -1642]]
[[1, 0], [475, 821], [-953, -1642]]
[[1, 0], [476, 821], [-955, -1642]]
[[1, 0], [477, 1642], [-479, -1642]]
[[1, 0], [477, 821], [-957, -1642]]
[[1, 0], [478, 2463], [-479, -2463]]
[[1, 0], [478, 821], [-959, -1642]]
[[1, 0], [479, 1642], [-481, -1642]]
[[1, 0], [479, 821], [-961, -1642]]
[[1, 0], [48, 821], [-49, -821]]
[[1, 0], [48, 821], [-50, -821]]
[[1, 0], [48, 821], [-99, -1642]]
[[1, 0], [480, 821], [-963, -1642]]
[[1, 0], [481, 1642], [-483, -1642]]
[[1, 0], [481, 2463], [-482, -2463]]
[[1, 0], [481, 821], [-965, -1642]]
[[1, 0], [482, 821], [-967, -1642]]
[[1, 0], [483, 1642], [-485, -1642]]
[[1, 0], [483, 821], [-969, -1642]]
[[1, 0], [484, 821], [-971, -1642]]
[[1, 0], [485, 1642], [-487, -1642]]
[[1, 0], [485, 821], [-973, -1642]]
[[1, 0], [486, 821], [-975, -1642]]
[[1, 0], [487, 1642], [-489, -1642]]
[[1, 0], [487, 821], [-977, -1642]]
[[1, 0], [488, 821], [-979, -1642]]
[[1, 0], [489, 1642], [-491, -1642]]
[[1, 0], [489, 821], [-981, -1642]]
[[1, 0], [49, 1642], [-51, -1642]]
[[1, 0], [49, 2463], [-50, -2463]]
[[1, 0], [49, 821], [-101, -1642]]
[[1, 0], [49, 821], [-50, -821]]
[[1, 0], [49, 821], [-51, -821]]
[[1, 0], [490, 2463], [-491, -2463]]
[[1, 0], [490, 821], [-983, -1642]]
[[1, 0], [491, 1642], [-493, -1642]]
[[1, 0], [491, 821], [-985, -1642]]
[[1, 0], [492, 821], [-987, -1642]]
[[1, 0], [493, 1642], [-495, -1642]]
[[1, 0], [493, 2463], [-494, -2463]]
[[1, 0], [493, 821], [-989, -1642]]
[[1, 0], [494, 821], [-991, -1642]]
[[1, 0], [495, 1642], [-497, -1642]]
[[1, 0], [495, 821], [-993, -1642]]
[[1, 0], [496, 2463], [-497, -2463]]
[[1, 0], [496, 821], [-995, -1642]]
[[1, 0], [497, 1642], [-499, -1642]]
[[1, 0], [497, 821], [-997, -1642]]
[[1, 0], [498, 821], [-999, -1642]]
[[1, 0], [499, 1642], [-501, -1642]]
[[1, 0], [499, 821], [-1001, -1642]]
[[1, 0], [5, 821], [-13, -1642]]
[[1, 0], [5, 821], [-6, -821]]
[[1, 0], [50, 821], [-103, -1642]]
[[1, 0], [50, 821], [-51, -821]]
[[1, 0], [50, 821], [-52, -821]]
[[1, 0], [500, 821], [-1003, -1642]]
[[1, 0], [501, 1642], [-503, -1642]]
[[1, 0], [501, 821], [-1005, -1642]]
[[1, 0], [502, 821], [-1007, -1642]]
[[1, 0], [503, 1642], [-505, -1642]]
[[1, 0], [503, 821], [-1009, -1642]]
[[1, 0], [504, 821], [-1011, -1642]]
[[1, 0], [505, 1642], [-507, -1642]]
[[1, 0], [505, 821], [-1013, -1642]]
[[1, 0], [506, 821], [-1015, -1642]]
[[1, 0], [507, 1642], [-509, -1642]]
[[1, 0], [507, 821], [-1017, -1642]]
[[1, 0], [508, 821], [-1019, -1642]]
[[1, 0], [509, 1642], [-511, -1642]]
[[1, 0], [509, 821], [-1021, -1642]]
[[1, 0], [51, 1642], [-53, -1642]]
[[1, 0], [51, 821], [-105, -1642]]
[[1, 0], [51, 821], [-52, -821]]
[[1, 0], [51, 821], [-53, -821]]
[[1, 0], [510, 821], [-1023, -1642]]
[[1, 0], [511, 1642], [-513, -1642]]
[[1, 0], [511, 821], [-1025, -1642]]
[[1, 0], [512, 821], [-1027, -1642]]
[[1, 0], [513, 1642], [-515, -1642]]
[[1, 0], [513, 821], [-1029, -1642]]
[[1, 0], [514, 821], [-1031, -1642]]
[[1, 0], [515, 1642], [-517, -1642]]
[[1, 0], [515, 821], [-1033, -1642]]
[[1, 0], [516, 821], [-1035, -1642]]
[[1, 0], [517, 1642], [-519, -1642]]
[[1, 0], [517, 821], [-1037, -1642]]
[[1, 0], [518, 821], [-1039, -1642]]
[[1, 0], [519, 1642], [-521, -1642]]
[[1, 0], [519, 821], [-1041, -1642]]
[[1, 0], [52, 2463], [-53, -2463]]
[[1, 0], [52, 821], [-107, -1642]]
[[1, 0], [52, 821], [-54, -821]]
[[1, 0], [520, 821], [-1043, -1642]]
[[1, 0], [521, 1642], [-523, -1642]]
[[1, 0], [521, 821], [-1045, -1642]]
[[1, 0], [522, 821], [-1047, -1642]]
[[1, 0], [523, 1642], [-525, -1642]]
[[1, 0], [523, 2463], [-524, -2463]]
[[1, 0], [523, 821], [-1049, -1642]]
[[1, 0], [524, 821], [-1051, -1642]]
[[1, 0], [525, 1642], [-527, -1642]]
[[1, 0], [525, 821], [-1053, -1642]]
[[1, 0], [526, 821], [-1055, -1642]]
[[1, 0], [527, 1642], [-529, -1642]]
[[1, 0], [527, 821], [-1057, -1642]]
[[1, 0], [528, 821], [-1059, -1642]]
[[1, 0], [529, 1642], [-531, -1642]]
[[1, 0], [529, 821], [-1061, -1642]]
[[1, 0], [53, 1642], [-55, -1642]]
[[1, 0], [53, 821], [-109, -1642]]
[[1, 0], [53, 821], [-55, -821]]
[[1, 0], [530, 821], [-1063, -1642]]
[[1, 0], [531, 1642], [-533, -1642]]
[[1, 0], [531, 821], [-1065, -1642]]
[[1, 0], [532, 821], [-1067, -1642]]
[[1, 0], [533, 1642], [-535, -1642]]
[[1, 0], [533, 821], [-1069, -1642]]
[[1, 0], [534, 821], [-1071, -1642]]
[[1, 0], [535, 1642], [-537, -1642]]
[[1, 0], [535, 821], [-1073, -1642]]
[[1, 0], [536, 821], [-1075, -1642]]
[[1, 0], [537, 1642], [-539, -1642]]
[[1, 0], [537, 821], [-1077, -1642]]
[[1, 0], [538, 2463], [-539, -2463]]
[[1, 0], [538, 821], [-1079, -1642]]
[[1, 0], [539, 1642], [-541, -1642]]
[[1, 0], [539, 821], [-1081, -1642]]
[[1, 0], [54, 821], [-111, -1642]]
[[1, 0], [54, 821], [-55, -821]]
[[1, 0], [54, 821], [-56, -821]]
[[1, 0], [540, 821], [-1083, -1642]]
[[1, 0], [541, 1642], [-543, -1642]]
[[1, 0], [541, 821], [-1085, -1642]]
[[1, 0], [542, 821], [-1087, -1642]]
[[1, 0], [543, 1642], [-545, -1642]]
[[1, 0], [543, 821], [-1089, -1642]]
[[1, 0], [544, 821], [-1091, -1642]]
[[1, 0], [545, 1642], [-547, -1642]]
[[1, 0], [545, 821], [-1093, -1642]]
[[1, 0], [546, 821], [-1095, -1642]]
[[1, 0], [547, 1642], [-549, -1642]]
[[1, 0], [547, 821], [-1097, -1642]]
[[1, 0], [548, 821], [-1099, -1642]]
[[1, 0], [549, 1642], [-551, -1642]]
[[1, 0], [549, 821], [-1101, -1642]]
[[1, 0], [55, 1642], [-57, -1642]]
[[1, 0], [55, 821], [-113, -1642]]
[[1, 0], [55, 821], [-57, -821]]
[[1, 0], [550, 821], [-1103, -1642]]
[[1, 0], [551, 1642], [-553, -1642]]
[[1, 0], [551, 821], [-1105, -1642]]
[[1, 0], [552, 821], [-1107, -1642]]
[[1, 0], [553, 1642], [-555, -1642]]
[[1, 0], [553, 2463], [-554, -2463]]
[[1, 0], [553, 821], [-1109, -1642]]
[[1, 0], [554, 821], [-1111, -1642]]
[[1, 0], [555, 1642], [-557, -1642]]
[[1, 0], [555, 821], [-1113, -1642]]
[[1, 0], [556, 821], [-1115, -1642]]
[[1, 0], [557, 1642], [-559, -1642]]
[[1, 0], [557, 821], [-1117, -1642]]
[[1, 0], [558, 821], [-1119, -1642]]
[[1, 0], [559, 1642], [-561, -1642]]
[[1, 0], [559, 821], [-1121, -1642]]
[[1, 0], [56, 821], [-115, -1642]]
[[1, 0], [56, 821], [-58, -821]]
[[1, 0], [560, 821], [-1123, -1642]]
[[1, 0], [561, 1642], [-563, -1642]]
[[1, 0], [561, 821], [-1125, -1642]]
[[1, 0], [562, 821], [-1127, -1642]]
[[1, 0], [563, 1642], [-565, -1642]]
[[1, 0], [563, 821], [-1129, -1642]]
[[1, 0], [564, 821], [-1131, -1642]]
[[1, 0], [565, 1642], [-567, -1642]]
[[1, 0], [565, 2463], [-566, -2463]]
[[1, 0], [565, 821], [-1133, -1642]]
[[1, 0], [566, 821], [-1135, -1642]]
[[1, 0], [567, 1642], [-569, -1642]]
[[1, 0], [567, 821], [-1137, -1642]]
[[1, 0], [568, 821], [-1139, -1642]]
[[1, 0], [569, 1642], [-571, -1642]]
[[1, 0], [569, 821], [-1141, -1642]]
[[1, 0], [57, 1642], [-59, -1642]]
[[1, 0], [57, 821], [-117, -1642]]
[[1, 0], [57, 821], [-58, -821]]
[[1, 0], [57, 821], [-59, -821]]
[[1, 0], [570, 821], [-1143, -1642]]
[[1, 0], [571, 1642], [-573, -1642]]
[[1, 0], [571, 2463], [-572, -2463]]
[[1, 0], [571, 821], [-1145, -1642]]
[[1, 0], [572, 821], [-1147, -1642]]
[[1, 0], [573, 1642], [-575, -1642]]
[[1, 0], [573, 821], [-1149, -1642]]
[[1, 0], [574, 821], [-1151, -1642]]
[[1, 0], [575, 1642], [-577, -1642]]
[[1, 0], [575, 821], [-1153, -1642]]
[[1, 0], [576, 821], [-1155, -1642]]
[[1, 0], [577, 1642], [-579, -1642]]
[[1, 0], [577, 821], [-1157, -1642]]
[[1, 0], [578, 821], [-1159, -1642]]
[[1, 0], [579, 1642], [-581, -1642]]
[[1, 0], [579, 821], [-1161, -1642]]
[[1, 0], [58, 2463], [-59, -2463]]
[[1, 0], [58, 821], [-119, -1642]]
[[1, 0], [58, 821], [-59, -821]]
[[1, 0], [58, 821], [-60, -821]]
[[1, 0], [580, 821], [-1163, -1642]]
[[1, 0], [581, 1642], [-583, -1642]]
[[1, 0], [581, 821], [-1165, -1642]]
[[1, 0], [582, 821], [-1167, -1642]]
[[1, 0], [583, 1642], [-585, -1642]]
[[1, 0], [583, 821], [-1169, -1642]]
[[1, 0], [584, 821], [-1171, -1642]]
[[1, 0], [585, 1642], [-587, -1642]]
[[1, 0], [585, 821], [-1173, -1642]]
[[1, 0], [586, 2463], [-587, -2463]]
[[1, 0], [586, 821], [-1175, -1642]]
[[1, 0], [587, 1642], [-589, -1642]]
[[1, 0], [587, 821], [-1177, -1642]]
[[1, 0], [588, 821], [-1179, -1642]]
[[1, 0], [589, 1642], [-591, -1642]]
[[1, 0], [589, 821], [-1181, -1642]]
[[1, 0], [59, 1642], [-61, -1642]]
[[1, 0], [59, 821], [-121, -1642]]
[[1, 0], [59, 821], [-60, -821]]
[[1, 0], [59, 821], [-61, -821]]
[[1, 0], [590, 821], [-1183, -1642]]
[[1, 0], [591, 1642], [-593, -1642]]
[[1, 0], [591, 821], [-1185, -1642]]
[[1, 0], [592, 821], [-1187, -1642]]
[[1, 0], [593, 1642], [-595, -1642]]
[[1, 0], [593, 821], [-1189, -1642]]
[[1, 0], [594, 821], [-1191, -1642]]
[[1, 0], [595, 1642], [-597, -1642]]
[[1, 0], [595, 821], [-1193, -1642]]
[[1, 0], [596, 821], [-1195, -1642]]
[[1, 0], [597, 1642], [-599, -1642]]
[[1, 0], [597, 821], [-1197, -1642]]
[[1, 0], [598, 2463], [-599, -2463]]
[[1, 0], [598, 821], [-1199, -1642]]
[[1, 0], [599, 1642], [-601, -1642]]
[[1, 0], [599, 821], [-1201, -1642]]
[[1, 0], [6, 821], [-15, -1642]]
[[1, 0], [6, 821], [-7, -821]]
[[1, 0], [6, 821], [-8, -821]]
[[1, 0], [60, 821], [-123, -1642]]
[[1, 0], [60, 821], [-61, -821]]
[[1, 0], [60, 821], [-62, -821]]
[[1, 0], [600, 821], [-1203, -1642]]
[[1, 0], [601, 1642], [-603, -1642]]
[[1, 0], [601, 2463], [-602, -2463]]
[[1, 0], [601, 821], [-1205, -1642]]
[[1, 0], [602, 821], [-1207, -1642]]
[[1, 0], [603, 1642], [-605, -1642]]
[[1, 0], [603, 821], [-1209, -1642]]
[[1, 0], [604, 2463], [-605, -2463]]
[[1, 0], [604, 821], [-1211, -1642]]
[[1, 0], [605, 1642], [-607, -1642]]
[[1, 0], [605, 821], [-1213, -1642]]
[[1, 0], [606, 821], [-1215, -1642]]
[[1, 0], [607, 1642], [-609, -1642]]
[[1, 0], [607, 821], [-1217, -1642]]
[[1, 0], [608, 821], [-1219, -1642]]
[[1, 0], [609, 1642], [-611, -1642]]
[[1, 0], [609, 821], [-1221, -1642]]
[[1, 0], [61, 1642], [-63, -1642]]
[[1, 0], [61, 2463], [-62, -2463]]
[[1, 0], [61, 821], [-125, -1642]]
[[1, 0], [61, 821], [-62, -821]]
[[1, 0], [61, 821], [-63, -821]]
[[1, 0], [610, 821], [-1223, -1642]]
[[1, 0], [611, 1642], [-613, -1642]]
[[1, 0], [611, 821], [-1225, -1642]]
[[1, 0], [612, 821], [-1227, -1642]]
[[1, 0], [613, 1642], [-615, -1642]]
[[1, 0], [613, 2463], [-614, -2463]]
[[1, 0], [613, 821], [-1229, -1642]]
[[1, 0], [614, 821], [-1231, -1642]]
[[1, 0], [615, 1642], [-617, -1642]]
[[1, 0], [615, 821], [-1233, -1642]]
[[1, 0], [616, 821], [-1235, -1642]]
[[1, 0], [617, 1642], [-619, -1642]]
[[1, 0], [617, 821], [-1237, -1642]]
[[1, 0], [618, 821], [-1239, -1642]]
[[1, 0], [619, 1642], [-621, -1642]]
[[1, 0], [619, 821], [-1241, -1642]]
[[1, 0], [62, 821], [-127, -1642]]
[[1, 0], [62, 821], [-63, -821]]
[[1, 0], [62, 821], [-64, -821]]
[[1, 0], [620, 821], [-1243, -1642]]
[[1, 0], [621, 1642], [-623, -1642]]
[[1, 0], [621, 821], [-1245, -1642]]
[[1, 0], [622, 821], [-1247, -1642]]
[[1, 0], [623, 1642], [-625, -1642]]
[[1, 0], [623, 821], [-1249, -1642]]
[[1, 0], [624, 821], [-1251, -1642]]
[[1, 0], [625, 1642], [-627, -1642]]
[[1, 0], [625, 821], [-1253, -1642]]
[[1, 0], [626, 821], [-1255, -1642]]
[[1, 0], [627, 1642], [-629, -1642]]
[[1, 0], [627, 821], [-1257, -1642]]
[[1, 0], [628, 821], [-1259, -1642]]
[[1, 0], [629, 1642], [-631, -1642]]
[[1, 0], [629, 821], [-1261, -1642]]
[[1, 0], [63, 1642], [-65, -1642]]
[[1, 0], [63, 821], [-129, -1642]]
[[1, 0], [63, 821], [-64, -821]]
[[1, 0], [63, 821], [-65, -821]]
[[1, 0], [630, 821], [-1263, -1642]]
[[1, 0], [631, 1642], [-633, -1642]]
[[1, 0], [631, 2463], [-632, -2463]]
[[1, 0], [631, 821], [-1265, -1642]]
[[1, 0], [632, 821], [-1267, -1642]]
[[1, 0], [633, 1642], [-635, -1642]]
[[1, 0], [633, 821], [-1269, -1642]]
[[1, 0], [634, 821], [-1271, -1642]]
[[1, 0], [635, 1642], [-637, -1642]]
[[1, 0], [635, 821], [-1273, -1642]]
[[1, 0], [636, 821], [-1275, -1642]]
[[1, 0], [637, 1642], [-639, -1642]]
[[1, 0], [637, 821], [-1277, -1642]]
[[1, 0], [638, 821], [-1279, -1642]]
[[1, 0], [639, 1642], [-641, -1642]]
[[1, 0], [639, 821], [-1281, -1642]]
[[1, 0], [64, 2463], [-65, -2463]]
[[1, 0], [64, 821], [-131, -1642]]
[[1, 0], [64, 821], [-65, -821]]
[[1, 0], [64, 821], [-66, -821]]
[[1, 0], [640, 821], [-1283, -1642]]
[[1, 0], [641, 1642], [-643, -1642]]
[[1, 0], [641, 821], [-1285, -1642]]
[[1, 0], [642, 821], [-1287, -1642]]
[[1, 0], [643, 1642], [-645, -1642]]
[[1, 0], [643, 821], [-1289, -1642]]
[[1, 0], [644, 821], [-1291, -1642]]
[[1, 0], [645, 1642], [-647, -1642]]
[[1, 0], [645, 821], [-1293, -1642]]
[[1, 0], [646, 821], [-1295, -1642]]
[[1, 0], [647, 1642], [-649, -1642]]
[[1, 0], [647, 821], [-1297, -1642]]
[[1, 0], [648, 821], [-1299, -1642]]
[[1, 0], [649, 1642], [-651, -1642]]
[[1, 0], [649, 821], [-1301, -1642]]
[[1, 0], [65, 1642], [-67, -1642]]
[[1, 0], [65, 821], [-133, -1642]]
[[1, 0], [65, 821], [-66, -821]]
[[1, 0], [65, 821], [-67, -821]]
[[1, 0], [650, 821], [-1303, -1642]]
[[1, 0], [651, 1642], [-653, -1642]]
[[1, 0], [651, 821], [-1305, -1642]]
[[1, 0], [652, 821], [-1307, -1642]]
[[1, 0], [653, 1642], [-655, -1642]]
[[1, 0], [653, 821], [-1309, -1642]]
[[1, 0], [654, 821], [-1311, -1642]]
[[1, 0], [655, 1642], [-657, -1642]]
[[1, 0], [655, 2463], [-656, -2463]]
[[1, 0], [655, 821], [-1313, -1642]]
[[1, 0], [656, 821], [-1315, -1642]]
[[1, 0], [657, 1642], [-659, -1642]]
[[1, 0], [657, 821], [-1317, -1642]]
[[1, 0], [658, 821], [-1319, -1642]]
[[1, 0], [659, 1642], [-661, -1642]]
[[1, 0], [659, 821], [-1321, -1642]]
[[1, 0], [66, 821], [-135, -1642]]
[[1, 0], [66, 821], [-68, -821]]
[[1, 0], [660, 821], [-1323, -1642]]
[[1, 0], [661, 1642], [-663, -1642]]
[[1, 0], [661, 821], [-1325, -1642]]
[[1, 0], [662, 821], [-1327, -1642]]
[[1, 0], [663, 1642], [-665, -1642]]
[[1, 0], [663, 821], [-1329, -1642]]
[[1, 0], [664, 821], [-1331, -1642]]
[[1, 0], [665, 1642], [-667, -1642]]
[[1, 0], [665, 821], [-1333, -1642]]
[[1, 0], [666, 821], [-1335, -1642]]
[[1, 0], [667, 1642], [-669, -1642]]
[[1, 0], [667, 821], [-1337, -1642]]
[[1, 0], [668, 821], [-1339, -1642]]
[[1, 0], [669, 1642], [-671, -1642]]
[[1, 0], [669, 821], [-1341, -1642]]
[[1, 0], [67, 1642], [-69, -1642]]
[[1, 0], [67, 2463], [-68, -2463]]
[[1, 0], [67, 821], [-137, -1642]]
[[1, 0], [67, 821], [-69, -821]]
[[1, 0], [670, 2463], [-671, -2463]]
[[1, 0], [670, 821], [-1343, -1642]]
[[1, 0], [671, 1642], [-673, -1642]]
[[1, 0], [671, 821], [-1345, -1642]]
[[1, 0], [672, 821], [-1347, -1642]]
[[1, 0], [673, 1642], [-675, -1642]]
[[1, 0], [673, 821], [-1349, -1642]]
[[1, 0], [674, 821], [-1351, -1642]]
[[1, 0], [675, 1642], [-677, -1642]]
[[1, 0], [675, 821], [-1353, -1642]]
[[1, 0], [676, 821], [-1355, -1642]]
[[1, 0], [677, 1642], [-679, -1642]]
[[1, 0], [677, 821], [-1357, -1642]]
[[1, 0], [678, 821], [-1359, -1642]]
[[1, 0], [679, 1642], [-681, -1642]]
[[1, 0], [679, 821], [-1361, -1642]]
[[1, 0], [68, 821], [-139, -1642]]
[[1, 0], [68, 821], [-69, -821]]
[[1, 0], [68, 821], [-70, -821]]
[[1, 0], [680, 821], [-1363, -1642]]
[[1, 0], [681, 1642], [-683, -1642]]
[[1, 0], [681, 821], [-1365, -1642]]
[[1, 0], [682, 821], [-1367, -1642]]
[[1, 0], [683, 1642], [-685, -1642]]
[[1, 0], [683, 821], [-1369, -1642]]
[[1, 0], [684, 821], [-1371, -1642]]
[[1, 0], [685, 1642], [-687, -1642]]
[[1, 0], [685, 821], [-1373, -1642]]
[[1, 0], [686, 821], [-1375, -1642]]
[[1, 0], [687, 1642], [-689, -1642]]
[[1, 0], [687, 821], [-1377, -1642]]
[[1, 0], [688, 2463], [-689, -2463]]
[[1, 0], [688, 821], [-1379, -1642]]
[[1, 0], [689, 1642], [-691, -1642]]
[[1, 0], [689, 821], [-1381, -1642]]
[[1, 0], [69, 1642], [-71, -1642]]
[[1, 0], [69, 821], [-141, -1642]]
[[1, 0], [69, 821], [-70, -821]]
[[1, 0], [69, 821], [-71, -821]]
[[1, 0], [690, 821], [-1383, -1642]]
[[1, 0], [691, 1642], [-693, -1642]]
[[1, 0], [691, 2463], [-692, -2463]]
[[1, 0], [691, 821], [-1385, -1642]]
[[1, 0], [692, 821], [-1387, -1642]]
[[1, 0], [693, 1642], [-695, -1642]]
[[1, 0], [693, 821], [-1389, -1642]]
[[1, 0], [694, 821], [-1391, -1642]]
[[1, 0], [695, 1642], [-697, -1642]]
[[1, 0], [695, 821], [-1393, -1642]]
[[1, 0], [696, 821], [-1395, -1642]]
[[1, 0], [697, 1642], [-699, -1642]]
[[1, 0], [697, 821], [-1397, -1642]]
[[1, 0], [698, 821], [-1399, -1642]]
[[1, 0], [699, 1642], [-701, -1642]]
[[1, 0], [699, 821], [-1401, -1642]]
[[1, 0], [7, 1642], [-9, -1642]]
[[1, 0], [7, 2463], [-8, -2463]]
[[1, 0], [7, 821], [-17, -1642]]
[[1, 0], [7, 821], [-8, -821]]
[[1, 0], [7, 821], [-9, -821]]
[[1, 0], [70, 2463], [-71, -2463]]
[[1, 0], [70, 821], [-143, -1642]]
[[1, 0], [70, 821], [-71, -821]]
[[1, 0], [70, 821], [-72, -821]]
[[1, 0], [700, 821], [-1403, -1642]]
[[1, 0], [701, 1642], [-703, -1642]]
[[1, 0], [701, 821], [-1405, -1642]]
[[1, 0], [702, 821], [-1407, -1642]]
[[1, 0], [703, 1642], [-705, -1642]]
[[1, 0], [703, 821], [-1409, -1642]]
[[1, 0], [704, 821], [-1411, -1642]]
[[1, 0], [705, 1642], [-707, -1642]]
[[1, 0], [705, 821], [-1413, -1642]]
[[1, 0], [706, 2463], [-707, -2463]]
[[1, 0], [706, 821], [-1415, -1642]]
[[1, 0], [707, 1642], [-709, -1642]]
[[1, 0], [707, 821], [-1417, -1642]]
[[1, 0], [708, 821], [-1419, -1642]]
[[1, 0], [709, 1642], [-711, -1642]]
[[1, 0], [709, 821], [-1421, -1642]]
[[1, 0], [71, 1642], [-73, -1642]]
[[1, 0], [71, 821], [-145, -1642]]
[[1, 0], [71, 821], [-73, -821]]
[[1, 0], [710, 821], [-1423, -1642]]
[[1, 0], [711, 1642], [-713, -1642]]
[[1, 0], [711, 821], [-1425, -1642]]
[[1, 0], [712, 821], [-1427, -1642]]
[[1, 0], [713, 1642], [-715, -1642]]
[[1, 0], [713, 821], [-1429, -1642]]
[[1, 0], [714, 821], [-1431, -1642]]
[[1, 0], [715, 1642], [-717, -1642]]
[[1, 0], [715, 821], [-1433, -1642]]
[[1, 0], [716, 821], [-1435, -1642]]
[[1, 0], [717, 1642], [-719, -1642]]
[[1, 0], [717, 821], [-1437, -1642]]
[[1, 0], [718, 821], [-1439, -1642]]
[[1, 0], [719, 1642], [-721, -1642]]
[[1, 0], [719, 821], [-1441, -1642]]
[[1, 0], [72, 821], [-147, -1642]]
[[1, 0], [72, 821], [-74, -821]]
[[1, 0], [720, 821], [-1443, -1642]]
[[1, 0], [721, 1642], [-723, -1642]]
[[1, 0], [721, 821], [-1445, -1642]]
[[1, 0], [722, 821], [-1447, -1642]]
[[1, 0], [723, 1642], [-725, -1642]]
[[1, 0], [723, 821], [-1449, -1642]]
[[1, 0], [724, 821], [-1451, -1642]]
[[1, 0], [725, 1642], [-727, -1642]]
[[1, 0], [725, 821], [-1453, -1642]]
[[1, 0], [726, 821], [-1455, -1642]]
[[1, 0], [727, 1642], [-729, -1642]]
[[1, 0], [727, 821], [-1457, -1642]]
[[1, 0], [728, 821], [-1459, -1642]]
[[1, 0], [729, 1642], [-731, -1642]]
[[1, 0], [729, 821], [-1461, -1642]]
[[1, 0], [73, 1642], [-75, -1642]]
[[1, 0], [73, 2463], [-74, -2463]]
[[1, 0], [73, 821], [-149, -1642]]
[[1, 0], [73, 821], [-75, -821]]
[[1, 0], [730, 821], [-1463, -1642]]
[[1, 0], [731, 1642], [-733, -1642]]
[[1, 0], [731, 821], [-1465, -1642]]
[[1, 0], [732, 821], [-1467, -1642]]
[[1, 0], [733, 1642], [-735, -1642]]
[[1, 0], [733, 821], [-1469, -1642]]
[[1, 0], [734, 821], [-1471, -1642]]
[[1, 0], [735, 1642], [-737, -1642]]
[[1, 0], [735, 821], [-1473, -1642]]
[[1, 0], [736, 821], [-1475, -1642]]
[[1, 0], [737, 1642], [-739, -1642]]
[[1, 0], [737, 821], [-1477, -1642]]
[[1, 0], [738, 821], [-1479, -1642]]
[[1, 0], [739, 1642], [-741, -1642]]
[[1, 0], [739, 821], [-1481, -1642]]
[[1, 0], [74, 821], [-151, -1642]]
[[1, 0], [74, 821], [-75, -821]]
[[1, 0], [74, 821], [-76, -821]]
[[1, 0], [740, 821], [-1483, -1642]]
[[1, 0], [741, 1642], [-743, -1642]]
[[1, 0], [741, 821], [-1485, -1642]]
[[1, 0], [742, 2463], [-743, -2463]]
[[1, 0], [742, 821], [-1487, -1642]]
[[1, 0], [743, 1642], [-745, -1642]]
[[1, 0], [743, 821], [-1489, -1642]]
[[1, 0], [744, 821], [-1491, -1642]]
[[1, 0], [745, 1642], [-747, -1642]]
[[1, 0], [745, 821], [-1493, -1642]]
[[1, 0], [746, 821], [-1495, -1642]]
[[1, 0], [747, 1642], [-749, -1642]]
[[1, 0], [747, 821], [-1497, -1642]]
[[1, 0], [748, 2463], [-749, -2463]]
[[1, 0], [748, 821], [-1499, -1642]]
[[1, 0], [749, 1642], [-751, -1642]]
[[1, 0], [749, 821], [-1501, -1642]]
[[1, 0], [75, 1642], [-77, -1642]]
[[1, 0], [75, 821], [-153, -1642]]
[[1, 0], [75, 821], [-77, -821]]
[[1, 0], [750, 821], [-1503, -1642]]
[[1, 0], [751, 1642], [-753, -1642]]
[[1, 0], [751, 821], [-1505, -1642]]
[[1, 0], [752, 821], [-1507, -1642]]
[[1, 0], [753, 1642], [-755, -1642]]
[[1, 0], [753, 821], [-1509, -1642]]
[[1, 0], [754, 821], [-1511, -1642]]
[[1, 0], [755, 1642], [-757, -1642]]
[[1, 0], [755, 821], [-1513, -1642]]
[[1, 0], [756, 821], [-1515, -1642]]
[[1, 0], [757, 1642], [-759, -1642]]
[[1, 0], [757, 821], [-1517, -1642]]
[[1, 0], [758, 821], [-1519, -1642]]
[[1, 0], [759, 1642], [-761, -1642]]
[[1, 0], [759, 821], [-1521, -1642]]
[[1, 0], [76, 821], [-155, -1642]]
[[1, 0], [76, 821], [-78, -821]]
[[1, 0], [760, 2463], [-761, -2463]]
[[1, 0], [760, 821], [-1523, -1642]]
[[1, 0], [761, 1642], [-763, -1642]]
[[1, 0], [761, 821], [-1525, -1642]]
[[1, 0], [762, 821], [-1527, -1642]]
[[1, 0], [763, 1642], [-765, -1642]]
[[1, 0], [763, 821], [-1529, -1642]]
[[1, 0], [764, 821], [-1531, -1642]]
[[1, 0], [765, 1642], [-767, -1642]]
[[1, 0], [765, 821], [-1533, -1642]]
[[1, 0], [766, 821], [-1535, -1642]]
[[1, 0], [767, 1642], [-769, -1642]]
[[1, 0], [767, 821], [-1537, -1642]]
[[1, 0], [768, 821], [-1539, -1642]]
[[1, 0], [769, 1642], [-771, -1642]]
[[1, 0], [769, 2463], [-770, -2463]]
[[1, 0], [769, 821], [-1541, -1642]]
[[1, 0], [77, 1642], [-79, -1642]]
[[1, 0], [77, 821], [-157, -1642]]
[[1, 0], [77, 821], [-79, -821]]
[[1, 0], [770, 821], [-1543, -1642]]
[[1, 0], [771, 1642], [-773, -1642]]
[[1, 0], [771, 821], [-1545, -1642]]
[[1, 0], [772, 821], [-1547, -1642]]
[[1, 0], [773, 1642], [-775, -1642]]
[[1, 0], [773, 821], [-1549, -1642]]
[[1, 0], [774, 821], [-1551, -1642]]
[[1, 0], [775, 1642], [-777, -1642]]
[[1, 0], [775, 821], [-1553, -1642]]
[[1, 0], [776, 821], [-1555, -1642]]
[[1, 0], [777, 1642], [-779, -1642]]
[[1, 0], [777, 821], [-1557, -1642]]
[[1, 0], [778, 821], [-1559, -1642]]
[[1, 0], [779, 1642], [-781, -1642]]
[[1, 0], [779, 821], [-1561, -1642]]
[[1, 0], [78, 821], [-159, -1642]]
[[1, 0], [78, 821], [-79, -821]]
[[1, 0], [78, 821], [-80, -821]]
[[1, 0], [780, 821], [-1563, -1642]]
[[1, 0], [781, 1642], [-783, -1642]]
[[1, 0], [781, 821], [-1565, -1642]]
[[1, 0], [782, 821], [-1567, -1642]]
[[1, 0], [783, 1642], [-785, -1642]]
[[1, 0], [783, 821], [-1569, -1642]]
[[1, 0], [784, 821], [-1571, -1642]]
[[1, 0], [785, 1642], [-787, -1642]]
[[1, 0], [785, 821], [-1573, -1642]]
[[1, 0], [786, 821], [-1575, -1642]]
[[1, 0], [787, 1642], [-789, -1642]]
[[1, 0], [787, 821], [-1577, -1642]]
[[1, 0], [788, 821], [-1579, -1642]]
[[1, 0], [789, 1642], [-791, -1642]]
[[1, 0], [789, 821], [-1581, -1642]]
[[1, 0], [79, 1642], [-81, -1642]]
[[1, 0], [79, 2463], [-80, -2463]]
[[1, 0], [79, 821], [-161, -1642]]
[[1, 0], [79, 821], [-80, -821]]
[[1, 0], [79, 821], [-81, -821]]
[[1, 0], [790, 821], [-1583, -1642]]
[[1, 0], [791, 1642], [-793, -1642]]
[[1, 0], [791, 821], [-1585, -1642]]
[[1, 0], [792, 821], [-1587, -1642]]
[[1, 0], [793, 1642], [-795, -1642]]
[[1, 0], [793, 821], [-1589, -1642]]
[[1, 0], [794, 821], [-1591, -1642]]
[[1, 0], [795, 1642], [-797, -1642]]
[[1, 0], [795, 821], [-1593, -1642]]
[[1, 0], [796, 2463], [-797, -2463]]
[[1, 0], [796, 821], [-1595, -1642]]
[[1, 0], [797, 1642], [-799, -1642]]
[[1, 0], [797, 821], [-1597, -1642]]
[[1, 0], [798, 821], [-1599, -1642]]
[[1, 0], [799, 1642], [-801, -1642]]
[[1, 0], [799, 821], [-1601, -1642]]
[[1, 0], [8, 821], [-10, -821]]
[[1, 0], [8, 821], [-19, -1642]]
[[1, 0], [8, 821], [-9, -821]]
[[1, 0], [80, 821], [-163, -1642]]
[[1, 0], [80, 821], [-81, -821]]
[[1, 0], [80, 821], [-82, -821]]
[[1, 0], [800, 821], [-1603, -1642]]
[[1, 0], [801, 1642], [-803, -1642]]
[[1, 0], [801, 821], [-1605, -1642]]
[[1, 0], [802, 821], [-1607, -1642]]
[[1, 0], [803, 1642], [-805, -1642]]
[[1, 0], [803, 821], [-1609, -1642]]
[[1, 0], [804, 821], [-1611, -1642]]
[[1, 0], [805, 1642], [-807, -1642]]
[[1, 0], [805, 821], [-1613, -1642]]
[[1, 0], [806, 821], [-1615, -1642]]
[[1, 0], [807, 1642], [-809, -1642]]
[[1, 0], [807, 821], [-1617, -1642]]
[[1, 0], [808, 821], [-1619, -1642]]
[[1, 0], [809, 1642], [-811, -1642]]
[[1, 0], [809, 821], [-1621, -1642]]
[[1, 0], [81, 1642], [-83, -1642]]
[[1, 0], [81, 821], [-165, -1642]]
[[1, 0], [81, 821], [-83, -821]]
[[1, 0], [810, 821], [-1623, -1642]]
[[1, 0], [811, 1642], [-813, -1642]]
[[1, 0], [811, 821], [-1625, -1642]]
[[1, 0], [812, 821], [-1627, -1642]]
[[1, 0], [813, 1642], [-815, -1642]]
[[1, 0], [813, 821], [-1629, -1642]]
[[1, 0], [814, 821], [-1631, -1642]]
[[1, 0], [814, 821], [-816, -821]]
[[1, 0], [815, 1642], [-817, -1642]]
[[1, 0], [815, 821], [-1633, -1642]]
[[1, 0], [816, 821], [-1635, -1642]]
[[1, 0], [817, 1642], [-819, -1642]]
[[1, 0], [817, 821], [-1637, -1642]]
[[1, 0], [818, 821], [-1639, -1642]]
[[1, 0], [819, 821], [-1641, -1642]]
[[1, 0], [82, 2463], [-83, -2463]]
[[1, 0], [82, 821], [-167, -1642]]
[[1, 0], [82, 821], [-84, -821]]
[[1, 0], [820, 821], [-1643, -1642]]
[[1, 0], [820, 821], [-822, -821]]
[[1, 0], [83, 1642], [-85, -1642]]
[[1, 0], [83, 821], [-169, -1642]]
[[1, 0], [83, 821], [-84, -821]]
[[1, 0], [83, 821], [-85, -821]]
[[1, 0], [835, 2463], [-836, -2463]]
[[1, 0], [84, 821], [-171, -1642]]
[[1, 0], [84, 821], [-85, -821]]
[[1, 0], [84, 821], [-86, -821]]
[[1, 0], [85, 1642], [-87, -1642]]
[[1, 0], [85, 2463], [-86, -2463]]
[[1, 0], [85, 821], [-173, -1642]]
[[1, 0], [85, 821], [-86, -821]]
[[1, 0], [85, 821], [-87, -821]]
[[1, 0], [86, 821], [-175, -1642]]
[[1, 0], [86, 821], [-87, -821]]
[[1, 0], [86, 821], [-88, -821]]
[[1, 0], [87, 1642], [-89, -1642]]
[[1, 0], [87, 821], [-177, -1642]]
[[1, 0], [87, 821], [-89, -821]]
[[1, 0], [88, 821], [-179, -1642]]
[[1, 0], [88, 821], [-90, -821]]
[[1, 0], [89, 1642], [-91, -1642]]
[[1, 0], [89, 821], [-181, -1642]]
[[1, 0], [89, 821], [-90, -821]]
[[1, 0], [89, 821], [-91, -821]]
[[1, 0], [9, 1642], [-11, -1642]]
[[1, 0], [9, 821], [-10, -821]]
[[1, 0], [9, 821], [-11, -821]]
[[1, 0], [9, 821], [-21, -1642]]
[[1, 0], [90, 821], [-183, -1642]]
[[1, 0], [90, 821], [-91, -821]]
[[1, 0], [90, 821], [-92, -821]]
[[1, 0], [91, 1642], [-93, -1642]]
[[1, 0], [91, 2463], [-92, -2463]]
[[1, 0], [91, 821], [-185, -1642]]
[[1, 0], [91, 821], [-92, -821]]
[[1, 0], [91, 821], [-93, -821]]
[[1, 0], [92, 821], [-187, -1642]]
[[1, 0], [92, 821], [-93, -821]]
[[1, 0], [92, 821], [-94, -821]]
[[1, 0], [93, 1642], [-95, -1642]]
[[1, 0], [93, 821], [-189, -1642]]
[[1, 0], [93, 821], [-94, -821]]
[[1, 0], [93, 821], [-95, -821]]
[[1, 0], [931, 2463], [-932, -2463]]
[[1, 0], [94, 2463], [-95, -2463]]
[[1, 0], [94, 821], [-191, -1642]]
[[1, 0], [94, 821], [-95, -821]]
[[1, 0], [94, 821], [-96, -821]]
[[1, 0], [95, 1642], [-97, -1642]]
[[1, 0], [95, 821], [-193, -1642]]
[[1, 0], [95, 821], [-96, -821]]
[[1, 0], [95, 821], [-97, -821]]
[[1, 0], [96, 821], [-195, -1642]]
[[1, 0], [96, 821], [-97, -821]]
[[1, 0], [96, 821], [-98, -821]]
[[1, 0], [97, 1642], [-99, -1642]]
[[1, 0], [97, 2463], [-98, -2463]]
[[1, 0], [97, 821], [-197, -1642]]
[[1, 0], [97, 821], [-98, -821]]
[[1, 0], [97, 821], [-99, -821]]
[[1, 0], [98, 821], [-100, -821]]
[[1, 0], [98, 821], [-199, -1642]]
[[1, 0], [98, 821], [-99, -821]]
[[1, 0], [985, 2463], [-986, -2463]]
[[1, 0], [99, 1642], [-101, -1642]]
[[1, 0], [99, 821], [-100, -821]]
[[1, 0], [99, 821], [-101, -821]]
[[1, 0], [99, 821], [-201, -1642]]
