[[1, 0], [0, 1], [-114959, -480]]
[[1, 0], [0, 1], [-1195, -104]]
[[1, 0], [0, 1], [-1195, -184]]
[[1, 0], [0, 1], [-1436, -717]]
[[1, 0], [0, 1], [-229440, -479]]
[[1, 0], [0, 1], [-23183, -96]]
[[1, 0], [0, 1], [-239, -160]]
[[1, 0], [0, 1], [-239, -32]]
[[1, 0], [0, 1], [-239, -96]]
[[1, 0], [0, 1], [-3107, -168]]
[[1, 0], [0, 1], [-3585, -44]]
[[1, 0], [0, 1], [-38479, -160]]
[[1, 0], [0, 1], [-480, -239]]
[[1, 0], [0, 1], [-6692, -69]]
[[1, 0], [0, 1], [-6692, -97]]
[[1, 0], [0, 1], [-7887, -32]]
[[1, 0], [0, 1], [-956, -1]]
[[1, 0], [0, 1], [-956, -29]]
[[1, 0], [0, 1], [-956, -33]]
[[1, 0], [0, 1], [-957, -956]]
[[1, 0], [1, 10], [-1007, -32]]
[[1, 0], [1, 10], [-11759, -480]]
[[1, 0], [1, 10], [-249, -100]]
[[1, 0], [1, 10], [-2543, -96]]
[[1, 0], [1, 10], [-299, -600]]
[[1, 0], [1, 10], [-4079, -160]]
[[1, 0], [1, 10], [-97, -14]]
[[1, 0], [1, 11], [-3629, -484]]
[[1, 0], [1, 120], [-1199, -480]]
[[1, 0], [1, 120], [-559, -160]]
[[1, 0], [1, 122], [-243, -488]]
[[1, 0], [1, 123], [-81, -164]]
[[1, 0], [1, 12], [-1475, -492]]
[[1, 0], [1, 12], [-2159, -96]]
[[1, 0], [1, 12], [-287, -576]]
[[1, 0], [1, 12], [-3439, -160]]
[[1, 0], [1, 12], [-879, -32]]
[[1, 0], [1, 12], [-9839, -480]]
[[1, 0], [1, 14], [-1469, -490]]
[[1, 0], [1, 14], [-251, -168]]
[[1, 0], [1, 14], [-279, -560]]
[[1, 0], [1, 15], [-1775, -96]]
[[1, 0], [1, 15], [-2799, -160]]
[[1, 0], [1, 15], [-751, -32]]
[[1, 0], [1, 15], [-7919, -480]]
[[1, 0], [1, 15], [-989, -495]]
[[1, 0], [1, 160], [-479, -160]]
[[1, 0], [1, 160], [-599, -240]]
[[1, 0], [1, 160], [-959, -480]]
[[1, 0], [1, 16], [-1679, -96]]
[[1, 0], [1, 16], [-2639, -160]]
[[1, 0], [1, 16], [-719, -32]]
[[1, 0], [1, 16], [-7439, -480]]
[[1, 0], [1, 17], [-271, -544]]
[[1, 0], [1, 17], [-985, -493]]
[[1, 0], [1, 18], [-269, -540]]
[[1, 0], [1, 20], [-1391, -96]]
[[1, 0], [1, 20], [-2159, -160]]
[[1, 0], [1, 20], [-5999, -480]]
[[1, 0], [1, 20], [-623, -32]]
[[1, 0], [1, 21], [-413, -69]]
[[1, 0], [1, 22], [-241, -44]]
[[1, 0], [1, 22], [-263, -528]]
[[1, 0], [1, 239], [-11, -717]]
[[1, 0], [1, 239], [-5, -239]]
[[1, 0], [1, 239], [-9, -956]]
[[1, 0], [1, 240], [-719, -480]]
[[1, 0], [1, 242], [-241, -484]]
[[1, 0], [1, 24], [-1199, -96]]
[[1, 0], [1, 24], [-1839, -160]]
[[1, 0], [1, 24], [-41, -28]]
[[1, 0], [1, 24], [-5039, -480]]
[[1, 0], [1, 24], [-559, -32]]
[[1, 0], [1, 24], [-87, -176]]
[[1, 0], [1, 26], [-259, -520]]
[[1, 0], [1, 26], [-75, -38]]
[[1, 0], [1, 2], [-1043, -174]]
[[1, 0], [1, 2], [-11759, -96]]
[[1, 0], [1, 2], [-11955, -488]]
[[1, 0], [1, 2], [-1275, -638]]
[[1, 0], [1, 2], [-1469, -70]]
[[1, 0], [1, 2], [-1721, -574]]
[[1, 0], [1, 2], [-19439, -160]]
[[1, 0], [1, 2], [-19601, -484]]
[[1, 0], [1, 2], [-241, -4]]
[[1, 0], [1, 2], [-243, -8]]
[[1, 0], [1, 2], [-245, -12]]
[[1, 0], [1, 2], [-247, -16]]
[[1, 0], [1, 2], [-249, -20]]
[[1, 0], [1, 2], [-251, -24]]
[[1, 0], [1, 2], [-259, -40]]
[[1, 0], [1, 2], [-263, -48]]
[[1, 0], [1, 2], [-269, -60]]
[[1, 0], [1, 2], [-279, -80]]
[[1, 0], [1, 2], [-299, -120]]
[[1, 0], [1, 2], [-359, -240]]
[[1, 0], [1, 2], [-4079, -32]]
[[1, 0], [1, 2], [-4079, -510]]
[[1, 0], [1, 2], [-4317, -508]]
[[1, 0], [1, 2], [-57839, -480]]
[[1, 0], [1, 2], [-957, -956]]
[[1, 0], [1, 30], [-1007, -96]]
[[1, 0], [1, 30], [-1519, -160]]
[[1, 0], [1, 30], [-33, -34]]
[[1, 0], [1, 30], [-4079, -480]]
[[1, 0], [1, 30], [-495, -32]]
[[1, 0], [1, 32], [-1139, -120]]
[[1, 0], [1, 32], [-1439, -160]]
[[1, 0], [1, 32], [-2039, -240]]
[[1, 0], [1, 32], [-255, -512]]
[[1, 0], [1, 32], [-3839, -480]]
[[1, 0], [1, 32], [-479, -32]]
[[1, 0], [1, 32], [-539, -40]]
[[1, 0], [1, 32], [-599, -48]]
[[1, 0], [1, 32], [-689, -60]]
[[1, 0], [1, 32], [-839, -80]]
[[1, 0], [1, 32], [-959, -96]]
[[1, 0], [1, 3], [-13039, -160]]
[[1, 0], [1, 3], [-1379, -552]]
[[1, 0], [1, 3], [-241, -239]]
[[1, 0], [1, 3], [-2799, -32]]
[[1, 0], [1, 3], [-321, -7]]
[[1, 0], [1, 3], [-3275, -504]]
[[1, 0], [1, 3], [-38639, -480]]
[[1, 0], [1, 3], [-719, -717]]
[[1, 0], [1, 3], [-7919, -96]]
[[1, 0], [1, 3], [-81, -4]]
[[1, 0], [1, 3], [-989, -99]]
[[1, 0], [1, 40], [-1199, -160]]
[[1, 0], [1, 40], [-3119, -480]]
[[1, 0], [1, 40], [-815, -96]]
[[1, 0], [1, 42], [-251, -504]]
[[1, 0], [1, 44], [-967, -484]]
[[1, 0], [1, 478], [-5, -956]]
[[1, 0], [1, 479], [-957, -479]]
[[1, 0], [1, 480], [-479, -480]]
[[1, 0], [1, 48], [-1039, -160]]
[[1, 0], [1, 48], [-2639, -480]]
[[1, 0], [1, 48], [-719, -96]]
[[1, 0], [1, 4], [-1475, -164]]
[[1, 0], [1, 4], [-2159, -32]]
[[1, 0], [1, 4], [-287, -192]]
[[1, 0], [1, 4], [-29039, -480]]
[[1, 0], [1, 4], [-479, -956]]
[[1, 0], [1, 4], [-5999, -96]]
[[1, 0], [1, 4], [-967, -44]]
[[1, 0], [1, 4], [-9839, -160]]
[[1, 0], [1, 50], [-249, -500]]
[[1, 0], [1, 5], [-1299, -520]]
[[1, 0], [1, 5], [-1775, -32]]
[[1, 0], [1, 5], [-23279, -480]]
[[1, 0], [1, 5], [-399, -800]]
[[1, 0], [1, 5], [-4847, -96]]
[[1, 0], [1, 5], [-6789, -485]]
[[1, 0], [1, 5], [-7919, -160]]
[[1, 0], [1, 5], [-989, -165]]
[[1, 0], [1, 60], [-2159, -480]]
[[1, 0], [1, 60], [-623, -96]]
[[1, 0], [1, 60], [-879, -160]]
[[1, 0], [1, 62], [-247, -496]]
[[1, 0], [1, 69], [-321, -161]]
[[1, 0], [1, 6], [-1043, -522]]
[[1, 0], [1, 6], [-1519, -32]]
[[1, 0], [1, 6], [-19439, -480]]
[[1, 0], [1, 6], [-251, -72]]
[[1, 0], [1, 6], [-269, -180]]
[[1, 0], [1, 6], [-359, -720]]
[[1, 0], [1, 6], [-4079, -96]]
[[1, 0], [1, 6], [-6639, -160]]
[[1, 0], [1, 70], [-97, -98]]
[[1, 0], [1, 717], [-5, -717]]
[[1, 0], [1, 72], [-41, -84]]
[[1, 0], [1, 7], [-335, -672]]
[[1, 0], [1, 7], [-413, -23]]
[[1, 0], [1, 7], [-6761, -483]]
[[1, 0], [1, 80], [-1679, -480]]
[[1, 0], [1, 80], [-527, -96]]
[[1, 0], [1, 80], [-719, -160]]
[[1, 0], [1, 82], [-245, -492]]
[[1, 0], [1, 8], [-1199, -32]]
[[1, 0], [1, 8], [-14639, -480]]
[[1, 0], [1, 8], [-1735, -496]]
[[1, 0], [1, 8], [-3119, -96]]
[[1, 0], [1, 8], [-319, -640]]
[[1, 0], [1, 8], [-5039, -160]]
[[1, 0], [1, 8], [-629, -252]]
[[1, 0], [1, 956], [-3, -956]]
[[1, 0], [1, 96], [-1439, -480]]
[[1, 0], [1, 96], [-479, -96]]
[[1, 0], [1, 96], [-539, -120]]
[[1, 0], [1, 96], [-639, -160]]
[[1, 0], [1, 96], [-839, -240]]
[[1, 0], [1, 9], [-139, -56]]
[[1, 0], [10, 239], [-14, -239]]
[[1, 0], [10, 239], [-38, -717]]
[[1, 0], [10, 239], [-45, -956]]
[[1, 0], [10, 717], [-14, -717]]
[[1, 0], [100, 239], [-104, -239]]
[[1, 0], [100, 239], [-308, -717]]
[[1, 0], [100, 239], [-405, -956]]
[[1, 0], [100, 717], [-104, -717]]
[[1, 0], [101, 239], [-105, -239]]
[[1, 0], [101, 239], [-311, -717]]
[[1, 0], [101, 239], [-409, -956]]
[[1, 0], [101, 478], [-205, -956]]
[[1, 0], [101, 956], [-103, -956]]
[[1, 0], [102, 239], [-106, -239]]
[[1, 0], [102, 239], [-314, -717]]
[[1, 0], [102, 239], [-413, -956]]
[[1, 0], [103, 239], [-107, -239]]
[[1, 0], [103, 239], [-317, -717]]
[[1, 0], [103, 239], [-417, -956]]
[[1, 0], [103, 478], [-209, -956]]
[[1, 0], [103, 717], [-107, -717]]
[[1, 0], [103, 956], [-105, -956]]
[[1, 0], [104, 239], [-108, -239]]
[[1, 0], [104, 239], [-320, -717]]
[[1, 0], [104, 239], [-421, -956]]
[[1, 0], [105, 239], [-109, -239]]
[[1, 0], [105, 239], [-323, -717]]
[[1, 0], [105, 239], [-425, -956]]
[[1, 0], [105, 478], [-213, -956]]
[[1, 0], [105, 956], [-107, -956]]
[[1, 0], [106, 239], [-110, -239]]
[[1, 0], [106, 239], [-326, -717]]
[[1, 0], [106, 239], [-429, -956]]
[[1, 0], [106, 717], [-110, -717]]
[[1, 0], [107, 239], [-111, -239]]
[[1, 0], [107, 239], [-329, -717]]
[[1, 0], [107, 239], [-433, -956]]
[[1, 0], [107, 478], [-217, -956]]
[[1, 0], [107, 956], [-109, -956]]
[[1, 0], [108, 239], [-112, -239]]
[[1, 0], [108, 239], [-332, -717]]
[[1, 0], [108, 239], [-437, -956]]
[[1, 0], [109, 239], [-113, -239]]
[[1, 0], [109, 239], [-335, -717]]
[[1, 0], [109, 239], [-441, -956]]
[[1, 0], [109, 478], [-221, -956]]
[[1, 0], [109, 717], [-113, -717]]
[[1, 0], [109, 956], [-111, -956]]
[[1, 0], [11, 20], [-1239, -80]]
[[1, 0], [11, 20], [-134, -135]]
[[1, 0], [11, 20], [-1439, -96]]
[[1, 0], [11, 20], [-1739, -120]]
[[1, 0], [11, 20], [-2239, -160]]
[[1, 0], [11, 20], [-3239, -240]]
[[1, 0], [11, 20], [-489, -20]]
[[1, 0], [11, 20], [-539, -24]]
[[1, 0], [11, 20], [-6239, -480]]
[[1, 0], [11, 20], [-639, -32]]
[[1, 0], [11, 20], [-739, -40]]
[[1, 0], [11, 20], [-839, -48]]
[[1, 0], [11, 20], [-989, -60]]
[[1, 0], [11, 239], [-15, -239]]
[[1, 0], [11, 239], [-41, -717]]
[[1, 0], [11, 239], [-49, -956]]
[[1, 0], [11, 478], [-25, -956]]
[[1, 0], [11, 956], [-13, -956]]
[[1, 0], [110, 239], [-114, -239]]
[[1, 0], [110, 239], [-338, -717]]
[[1, 0], [110, 239], [-445, -956]]
[[1, 0], [111, 239], [-115, -239]]
[[1, 0], [111, 239], [-341, -717]]
[[1, 0], [111, 239], [-449, -956]]
[[1, 0], [111, 478], [-225, -956]]
[[1, 0], [111, 956], [-113, -956]]
[[1, 0], [112, 239], [-116, -239]]
[[1, 0], [112, 239], [-344, -717]]
[[1, 0], [112, 239], [-453, -956]]
[[1, 0], [112, 717], [-116, -717]]
[[1, 0], [113, 239], [-117, -239]]
[[1, 0], [113, 239], [-347, -717]]
[[1, 0], [113, 239], [-457, -956]]
[[1, 0], [113, 478], [-229, -956]]
[[1, 0], [113, 956], [-115, -956]]
[[1, 0], [114, 239], [-118, -239]]
[[1, 0], [114, 239], [-350, -717]]
[[1, 0], [114, 239], [-461, -956]]
[[1, 0], [115, 239], [-119, -239]]
[[1, 0], [115, 239], [-353, -717]]
[[1, 0], [115, 239], [-465, -956]]
[[1, 0], [115, 478], [-233, -956]]
[[1, 0], [115, 717], [-119, -717]]
[[1, 0], [115, 956], [-117, -956]]
[[1, 0], [116, 239], [-120, -239]]
[[1, 0], [116, 239], [-356, -717]]
[[1, 0], [116, 239], [-469, -956]]
[[1, 0], [117, 239], [-121, -239]]
[[1, 0], [117, 239], [-359, -717]]
[[1, 0], [117, 239], [-473, -956]]
[[1, 0], [117, 478], [-237, -956]]
[[1, 0], [117, 956], [-119, -956]]
[[1, 0], [118, 239], [-362, -717]]
[[1, 0], [118, 239], [-477, -956]]
[[1, 0], [118, 717], [-122, -717]]
[[1, 0], [119, 239], [-365, -717]]
[[1, 0], [119, 239], [-481, -956]]
[[1, 0], [119, 478], [-241, -956]]
[[1, 0], [119, 956], [-121, -956]]
[[1, 0], [12, 239], [-16, -239]]
[[1, 0], [12, 239], [-44, -717]]
[[1, 0], [12, 239], [-53, -956]]
[[1, 0], [120, 239], [-368, -717]]
[[1, 0], [120, 239], [-485, -956]]
[[1, 0], [121, 239], [-371, -717]]
[[1, 0], [121, 239], [-489, -956]]
[[1, 0], [121, 240], [-599, -240]]
[[1, 0], [121, 240], [-959, -480]]
[[1, 0], [121, 478], [-245, -956]]
[[1, 0], [121, 717], [-125, -717]]
[[1, 0], [121, 956], [-123, -956]]
[[1, 0], [122, 239], [-374, -717]]
[[1, 0], [122, 239], [-493, -956]]
[[1, 0], [123, 239], [-377, -717]]
[[1, 0], [123, 239], [-497, -956]]
[[1, 0], [123, 478], [-249, -956]]
[[1, 0], [123, 956], [-125, -956]]
[[1, 0], [124, 239], [-380, -717]]
[[1, 0], [124, 239], [-501, -956]]
[[1, 0], [124, 717], [-128, -717]]
[[1, 0], [125, 239], [-383, -717]]
[[1, 0], [125, 239], [-505, -956]]
[[1, 0], [125, 478], [-253, -956]]
[[1, 0], [125, 956], [-127, -956]]
[[1, 0], [126, 239], [-386, -717]]
[[1, 0], [126, 239], [-509, -956]]
[[1, 0], [127, 239], [-389, -717]]
[[1, 0], [127, 239], [-513, -956]]
[[1, 0], [127, 478], [-257, -956]]
[[1, 0], [127, 717], [-131, -717]]
[[1, 0], [127, 956], [-129, -956]]
[[1, 0], [128, 239], [-392, -717]]
[[1, 0], [128, 239], [-517, -956]]
[[1, 0], [129, 239], [-395, -717]]
[[1, 0], [129, 239], [-521, -956]]
[[1, 0], [129, 478], [-261, -956]]
[[1, 0], [129, 956], [-131, -956]]
[[1, 0], [13, 239], [-17, -239]]
[[1, 0], [13, 239], [-47, -717]]
[[1, 0], [13, 239], [-57, -956]]
[[1, 0], [13, 24], [-1079, -80]]
[[1, 0], [13, 24], [-1247, -96]]
[[1, 0], [13, 24], [-1499, -120]]
[[1, 0], [13, 24], [-175, -176]]
[[1, 0], [13, 24], [-1919, -160]]
[[1, 0], [13, 24], [-2759, -240]]
[[1, 0], [13, 24], [-491, -24]]
[[1, 0], [13, 24], [-5279, -480]]
[[1, 0], [13, 24], [-55, -28]]
[[1, 0], [13, 24], [-575, -32]]
[[1, 0], [13, 24], [-659, -40]]
[[1, 0], [13, 24], [-743, -48]]
[[1, 0], [13, 24], [-869, -60]]
[[1, 0], [13, 478], [-29, -956]]
[[1, 0], [13, 717], [-17, -717]]
[[1, 0], [13, 956], [-15, -956]]
[[1, 0], [130, 239], [-398, -717]]
[[1, 0], [130, 239], [-525, -956]]
[[1, 0], [130, 717], [-134, -717]]
[[1, 0], [131, 239], [-401, -717]]
[[1, 0], [131, 239], [-529, -956]]
[[1, 0], [131, 478], [-265, -956]]
[[1, 0], [131, 956], [-133, -956]]
[[1, 0], [132, 239], [-404, -717]]
[[1, 0], [132, 239], [-533, -956]]
[[1, 0], [133, 239], [-407, -717]]
[[1, 0], [133, 239], [-537, -956]]
[[1, 0], [133, 478], [-269, -956]]
[[1, 0], [133, 717], [-137, -717]]
[[1, 0], [133, 956], [-135, -956]]
[[1, 0], [134, 239], [-410, -717]]
[[1, 0], [134, 239], [-541, -956]]
[[1, 0], [135, 239], [-413, -717]]
[[1, 0], [135, 239], [-545, -956]]
[[1, 0], [135, 478], [-273, -956]]
[[1, 0], [135, 956], [-137, -956]]
[[1, 0], [136, 239], [-416, -717]]
[[1, 0], [136, 239], [-549, -956]]
[[1, 0], [136, 717], [-140, -717]]
[[1, 0], [137, 239], [-419, -717]]
[[1, 0], [137, 239], [-553, -956]]
[[1, 0], [137, 478], [-277, -956]]
[[1, 0], [137, 956], [-139, -956]]
[[1, 0], [138, 239], [-422, -717]]
[[1, 0], [138, 239], [-557, -956]]
[[1, 0], [139, 239], [-425, -717]]
[[1, 0], [139, 239], [-561, -956]]
[[1, 0], [139, 478], [-281, -956]]
[[1, 0], [139, 717], [-143, -717]]
[[1, 0], [139, 956], [-141, -956]]
[[1, 0], [14, 239], [-18, -239]]
[[1, 0], [14, 239], [-50, -717]]
[[1, 0], [14, 239], [-61, -956]]
[[1, 0], [140, 239], [-428, -717]]
[[1, 0], [140, 239], [-565, -956]]
[[1, 0], [141, 239], [-431, -717]]
[[1, 0], [141, 239], [-569, -956]]
[[1, 0], [141, 478], [-285, -956]]
[[1, 0], [141, 956], [-143, -956]]
[[1, 0], [142, 239], [-434, -717]]
[[1, 0], [142, 239], [-573, -956]]
[[1, 0], [142, 717], [-146, -717]]
[[1, 0], [143, 239], [-437, -717]]
[[1, 0], [143, 239], [-577, -956]]
[[1, 0], [143, 478], [-289, -956]]
[[1, 0], [143, 956], [-145, -956]]
[[1, 0], [144, 239], [-440, -717]]
[[1, 0], [144, 239], [-581, -956]]
[[1, 0], [145, 239], [-443, -717]]
[[1, 0], [145, 239], [-585, -956]]
[[1, 0], [145, 478], [-293, -956]]
[[1, 0], [145, 717], [-149, -717]]
[[1, 0], [145, 956], [-147, -956]]
[[1, 0], [146, 239], [-446, -717]]
[[1, 0], [146, 239], [-589, -956]]
[[1, 0], [147, 239], [-449, -717]]
[[1, 0], [147, 239], [-593, -956]]
[[1, 0], [147, 478], [-297, -956]]
[[1, 0], [147, 956], [-149, -956]]
[[1, 0], [148, 239], [-452, -717]]
[[1, 0], [148, 239], [-597, -956]]
[[1, 0], [148, 717], [-152, -717]]
[[1, 0], [149, 239], [-455, -717]]
[[1, 0], [149, 239], [-601, -956]]
[[1, 0], [149, 478], [-301, -956]]
[[1, 0], [149, 956], [-151, -956]]
[[1, 0], [15, 239], [-19, -239]]
[[1, 0], [15, 239], [-53, -717]]
[[1, 0], [15, 239], [-65, -956]]
[[1, 0], [15, 478], [-33, -956]]
[[1, 0], [15, 956], [-17, -956]]
[[1, 0], [150, 239], [-458, -717]]
[[1, 0], [150, 239], [-605, -956]]
[[1, 0], [151, 239], [-461, -717]]
[[1, 0], [151, 239], [-609, -956]]
[[1, 0], [151, 478], [-305, -956]]
[[1, 0], [151, 717], [-155, -717]]
[[1, 0], [151, 956], [-153, -956]]
[[1, 0], [152, 239], [-464, -717]]
[[1, 0], [152, 239], [-613, -956]]
[[1, 0], [153, 239], [-467, -717]]
[[1, 0], [153, 239], [-617, -956]]
[[1, 0], [153, 478], [-309, -956]]
[[1, 0], [153, 956], [-155, -956]]
[[1, 0], [154, 239], [-470, -717]]
[[1, 0], [154, 239], [-621, -956]]
[[1, 0], [154, 717], [-158, -717]]
[[1, 0], [155, 239], [-473, -717]]
[[1, 0], [155, 239], [-625, -956]]
[[1, 0], [155, 478], [-313, -956]]
[[1, 0], [155, 956], [-157, -956]]
[[1, 0], [156, 239], [-476, -717]]
[[1, 0], [156, 239], [-629, -956]]
[[1, 0], [157, 239], [-479, -717]]
[[1, 0], [157, 239], [-633, -956]]
[[1, 0], [157, 478], [-317, -956]]
[[1, 0], [157, 717], [-161, -717]]
[[1, 0], [157, 956], [-159, -956]]
[[1, 0], [158, 239], [-482, -717]]
[[1, 0], [158, 239], [-637, -956]]
[[1, 0], [159, 239], [-485, -717]]
[[1, 0], [159, 239], [-641, -956]]
[[1, 0], [159, 478], [-321, -956]]
[[1, 0], [159, 956], [-161, -956]]
[[1, 0], [16, 239], [-20, -239]]
[[1, 0], [16, 239], [-56, -717]]
[[1, 0], [16, 239], [-69, -956]]
[[1, 0], [16, 717], [-20, -717]]
[[1, 0], [160, 239], [-488, -717]]
[[1, 0], [160, 239], [-645, -956]]
[[1, 0], [160, 717], [-164, -717]]
[[1, 0], [161, 239], [-491, -717]]
[[1, 0], [161, 239], [-649, -956]]
[[1, 0], [161, 478], [-325, -956]]
[[1, 0], [161, 956], [-163, -956]]
[[1, 0], [162, 239], [-494, -717]]
[[1, 0], [162, 239], [-653, -956]]
[[1, 0], [163, 239], [-497, -717]]
[[1, 0], [163, 239], [-657, -956]]
[[1, 0], [163, 478], [-329, -956]]
[[1, 0], [163, 717], [-167, -717]]
[[1, 0], [163, 956], [-165, -956]]
[[1, 0], [164, 239], [-500, -717]]
[[1, 0], [164, 239], [-661, -956]]
[[1, 0], [165, 239], [-503, -717]]
[[1, 0], [165, 239], [-665, -956]]
[[1, 0], [165, 478], [-333, -956]]
[[1, 0], [165, 956], [-167, -956]]
[[1, 0], [166, 239], [-506, -717]]
[[1, 0], [166, 239], [-669, -956]]
[[1, 0], [166, 717], [-170, -717]]
[[1, 0], [167, 239], [-509, -717]]
[[1, 0], [167, 239], [-673, -956]]
[[1, 0], [167, 478], [-337, -956]]
[[1, 0], [167, 956], [-169, -956]]
[[1, 0], [168, 239], [-512, -717]]
[[1, 0], [168, 239], [-677, -956]]
[[1, 0], [169, 239], [-515, -717]]
[[1, 0], [169, 239], [-681, -956]]
[[1, 0], [169, 478], [-341, -956]]
[[1, 0], [169, 717], [-173, -717]]
[[1, 0], [169, 956], [-171, -956]]
[[1, 0], [17, 239], [-21, -239]]
[[1, 0], [17, 239], [-59, -717]]
[[1, 0], [17, 239], [-73, -956]]
[[1, 0], [17, 32], [-1007, -96]]
[[1, 0], [17, 32], [-1199, -120]]
[[1, 0], [17, 32], [-1519, -160]]
[[1, 0], [17, 32], [-2159, -240]]
[[1, 0], [17, 32], [-33, -34]]
[[1, 0], [17, 32], [-4079, -480]]
[[1, 0], [17, 32], [-495, -32]]
[[1, 0], [17, 32], [-511, -512]]
[[1, 0], [17, 32], [-559, -40]]
[[1, 0], [17, 32], [-623, -48]]
[[1, 0], [17, 32], [-719, -60]]
[[1, 0], [17, 32], [-879, -80]]
[[1, 0], [17, 478], [-37, -956]]
[[1, 0], [17, 956], [-19, -956]]
[[1, 0], [170, 239], [-518, -717]]
[[1, 0], [170, 239], [-685, -956]]
[[1, 0], [171, 239], [-521, -717]]
[[1, 0], [171, 239], [-689, -956]]
[[1, 0], [171, 478], [-345, -956]]
[[1, 0], [171, 956], [-173, -956]]
[[1, 0], [172, 239], [-524, -717]]
[[1, 0], [172, 239], [-693, -956]]
[[1, 0], [172, 717], [-176, -717]]
[[1, 0], [173, 239], [-527, -717]]
[[1, 0], [173, 239], [-697, -956]]
[[1, 0], [173, 478], [-349, -956]]
[[1, 0], [173, 956], [-175, -956]]
[[1, 0], [174, 239], [-530, -717]]
[[1, 0], [174, 239], [-701, -956]]
[[1, 0], [175, 239], [-533, -717]]
[[1, 0], [175, 239], [-705, -956]]
[[1, 0], [175, 478], [-353, -956]]
[[1, 0], [175, 717], [-179, -717]]
[[1, 0], [175, 956], [-177, -956]]
[[1, 0], [176, 239], [-536, -717]]
[[1, 0], [176, 239], [-709, -956]]
[[1, 0], [177, 239], [-539, -717]]
[[1, 0], [177, 239], [-713, -956]]
[[1, 0], [177, 478], [-357, -956]]
[[1, 0], [177, 956], [-179, -956]]
[[1, 0], [178, 239], [-542, -717]]
[[1, 0], [178, 717], [-182, -717]]
[[1, 0], [179, 239], [-545, -717]]
[[1, 0], [179, 239], [-721, -956]]
[[1, 0], [179, 478], [-361, -956]]
[[1, 0], [179, 956], [-181, -956]]
[[1, 0], [18, 239], [-22, -239]]
[[1, 0], [18, 239], [-62, -717]]
[[1, 0], [18, 239], [-77, -956]]
[[1, 0], [180, 239], [-548, -717]]
[[1, 0], [180, 239], [-725, -956]]
[[1, 0], [181, 239], [-551, -717]]
[[1, 0], [181, 239], [-729, -956]]
[[1, 0], [181, 478], [-365, -956]]
[[1, 0], [181, 717], [-185, -717]]
[[1, 0], [181, 956], [-183, -956]]
[[1, 0], [182, 239], [-554, -717]]
[[1, 0], [182, 239], [-733, -956]]
[[1, 0], [183, 239], [-557, -717]]
[[1, 0], [183, 239], [-737, -956]]
[[1, 0], [183, 478], [-369, -956]]
[[1, 0], [183, 956], [-185, -956]]
[[1, 0], [184, 239], [-560, -717]]
[[1, 0], [184, 239], [-741, -956]]
[[1, 0], [184, 717], [-188, -717]]
[[1, 0], [185, 239], [-563, -717]]
[[1, 0], [185, 239], [-745, -956]]
[[1, 0], [185, 478], [-373, -956]]
[[1, 0], [185, 956], [-187, -956]]
[[1, 0], [186, 239], [-566, -717]]
[[1, 0], [186, 239], [-749, -956]]
[[1, 0], [187, 239], [-569, -717]]
[[1, 0], [187, 239], [-753, -956]]
[[1, 0], [187, 478], [-377, -956]]
[[1, 0], [187, 717], [-191, -717]]
[[1, 0], [187, 956], [-189, -956]]
[[1, 0], [188, 239], [-572, -717]]
[[1, 0], [188, 239], [-757, -956]]
[[1, 0], [189, 239], [-575, -717]]
[[1, 0], [189, 239], [-761, -956]]
[[1, 0], [189, 478], [-381, -956]]
[[1, 0], [189, 956], [-191, -956]]
[[1, 0], [19, 239], [-23, -239]]
[[1, 0], [19, 239], [-65, -717]]
[[1, 0], [19, 239], [-81, -956]]
[[1, 0], [19, 478], [-41, -956]]
[[1, 0], [19, 717], [-23, -717]]
[[1, 0], [19, 956], [-21, -956]]
[[1, 0], [190, 239], [-578, -717]]
[[1, 0], [190, 239], [-765, -956]]
[[1, 0], [190, 717], [-194, -717]]
[[1, 0], [191, 239], [-581, -717]]
[[1, 0], [191, 239], [-769, -956]]
[[1, 0], [191, 478], [-385, -956]]
[[1, 0], [191, 956], [-193, -956]]
[[1, 0], [192, 239], [-584, -717]]
[[1, 0], [192, 239], [-773, -956]]
[[1, 0], [193, 239], [-587, -717]]
[[1, 0], [193, 239], [-777, -956]]
[[1, 0], [193, 478], [-389, -956]]
[[1, 0], [193, 717], [-197, -717]]
[[1, 0], [193, 956], [-195, -956]]
[[1, 0], [194, 239], [-590, -717]]
[[1, 0], [194, 239], [-781, -956]]
[[1, 0], [195, 239], [-593, -717]]
[[1, 0], [195, 239], [-785, -956]]
[[1, 0], [195, 478], [-393, -956]]
[[1, 0], [195, 956], [-197, -956]]
[[1, 0], [196, 239], [-596, -717]]
[[1, 0], [196, 239], [-789, -956]]
[[1, 0], [196, 717], [-200, -717]]
[[1, 0], [197, 239], [-599, -717]]
[[1, 0], [197, 239], [-793, -956]]
[[1, 0], [197, 478], [-397, -956]]
[[1, 0], [197, 956], [-199, -956]]
[[1, 0], [198, 239], [-602, -717]]
[[1, 0], [198, 239], [-797, -956]]
[[1, 0], [199, 239], [-605, -717]]
[[1, 0], [199, 239], [-801, -956]]
[[1, 0], [199, 478], [-401, -956]]
[[1, 0], [199, 717], [-203, -717]]
[[1, 0], [199, 956], [-201, -956]]
[[1, 0], [2, 239], [-13, -956]]
[[1, 0], [2, 239], [-14, -717]]
[[1, 0], [2, 239], [-6, -239]]
[[1, 0], [20, 239], [-24, -239]]
[[1, 0], [20, 239], [-68, -717]]
[[1, 0], [20, 239], [-85, -956]]
[[1, 0], [200, 239], [-608, -717]]
[[1, 0], [200, 239], [-805, -956]]
[[1, 0], [201, 239], [-611, -717]]
[[1, 0], [201, 239], [-809, -956]]
[[1, 0], [201, 478], [-405, -956]]
[[1, 0], [201, 956], [-203, -956]]
[[1, 0], [202, 239], [-614, -717]]
[[1, 0], [202, 239], [-813, -956]]
[[1, 0], [202, 717], [-206, -717]]
[[1, 0], [203, 239], [-617, -717]]
[[1, 0], [203, 239], [-817, -956]]
[[1, 0], [203, 478], [-409, -956]]
[[1, 0], [203, 956], [-205, -956]]
[[1, 0], [204, 239], [-620, -717]]
[[1, 0], [204, 239], [-821, -956]]
[[1, 0], [205, 239], [-623, -717]]
[[1, 0], [205, 239], [-825, -956]]
[[1, 0], [205, 478], [-413, -956]]
[[1, 0], [205, 717], [-209, -717]]
[[1, 0], [205, 956], [-207, -956]]
[[1, 0], [206, 239], [-626, -717]]
[[1, 0], [206, 239], [-829, -956]]
[[1, 0], [207, 239], [-629, -717]]
[[1, 0], [207, 239], [-833, -956]]
[[1, 0], [207, 478], [-417, -956]]
[[1, 0], [207, 956], [-209, -956]]
[[1, 0], [208, 239], [-632, -717]]
[[1, 0], [208, 239], [-837, -956]]
[[1, 0], [208, 717], [-212, -717]]
[[1, 0], [209, 239], [-635, -717]]
[[1, 0], [209, 239], [-841, -956]]
[[1, 0], [209, 478], [-421, -956]]
[[1, 0], [209, 956], [-211, -956]]
[[1, 0], [21, 239], [-25, -239]]
[[1, 0], [21, 239], [-71, -717]]
[[1, 0], [21, 239], [-89, -956]]
[[1, 0], [21, 40], [-1019, -120]]
[[1, 0], [21, 40], [-1279, -160]]
[[1, 0], [21, 40], [-1799, -240]]
[[1, 0], [21, 40], [-3359, -480]]
[[1, 0], [21, 40], [-499, -40]]
[[1, 0], [21, 40], [-551, -48]]
[[1, 0], [21, 40], [-629, -60]]
[[1, 0], [21, 40], [-64, -65]]
[[1, 0], [21, 40], [-759, -80]]
[[1, 0], [21, 40], [-863, -96]]
[[1, 0], [21, 478], [-45, -956]]
[[1, 0], [21, 956], [-23, -956]]
[[1, 0], [210, 239], [-638, -717]]
[[1, 0], [210, 239], [-845, -956]]
[[1, 0], [211, 239], [-641, -717]]
[[1, 0], [211, 239], [-849, -956]]
[[1, 0], [211, 478], [-425, -956]]
[[1, 0], [211, 717], [-215, -717]]
[[1, 0], [211, 956], [-213, -956]]
[[1, 0], [212, 239], [-644, -717]]
[[1, 0], [212, 239], [-853, -956]]
[[1, 0], [213, 239], [-647, -717]]
[[1, 0], [213, 239], [-857, -956]]
[[1, 0], [213, 478], [-429, -956]]
[[1, 0], [213, 956], [-215, -956]]
[[1, 0], [214, 239], [-650, -717]]
[[1, 0], [214, 239], [-861, -956]]
[[1, 0], [214, 717], [-218, -717]]
[[1, 0], [215, 239], [-653, -717]]
[[1, 0], [215, 239], [-865, -956]]
[[1, 0], [215, 478], [-433, -956]]
[[1, 0], [215, 956], [-217, -956]]
[[1, 0], [216, 239], [-656, -717]]
[[1, 0], [216, 239], [-869, -956]]
[[1, 0], [217, 239], [-659, -717]]
[[1, 0], [217, 239], [-873, -956]]
[[1, 0], [217, 478], [-437, -956]]
[[1, 0], [217, 717], [-221, -717]]
[[1, 0], [217, 956], [-219, -956]]
[[1, 0], [218, 239], [-662, -717]]
[[1, 0], [218, 239], [-877, -956]]
[[1, 0], [219, 239], [-665, -717]]
[[1, 0], [219, 239], [-881, -956]]
[[1, 0], [219, 478], [-441, -956]]
[[1, 0], [219, 956], [-221, -956]]
[[1, 0], [22, 239], [-26, -239]]
[[1, 0], [22, 239], [-74, -717]]
[[1, 0], [22, 239], [-93, -956]]
[[1, 0], [22, 717], [-26, -717]]
[[1, 0], [220, 239], [-668, -717]]
[[1, 0], [220, 239], [-885, -956]]
[[1, 0], [220, 717], [-224, -717]]
[[1, 0], [221, 239], [-671, -717]]
[[1, 0], [221, 239], [-889, -956]]
[[1, 0], [221, 478], [-445, -956]]
[[1, 0], [221, 956], [-223, -956]]
[[1, 0], [222, 239], [-674, -717]]
[[1, 0], [222, 239], [-893, -956]]
[[1, 0], [223, 239], [-677, -717]]
[[1, 0], [223, 239], [-897, -956]]
[[1, 0], [223, 478], [-449, -956]]
[[1, 0], [223, 717], [-227, -717]]
[[1, 0], [223, 956], [-225, -956]]
[[1, 0], [224, 239], [-680, -717]]
[[1, 0], [224, 239], [-901, -956]]
[[1, 0], [225, 239], [-683, -717]]
[[1, 0], [225, 239], [-905, -956]]
[[1, 0], [225, 478], [-453, -956]]
[[1, 0], [225, 956], [-227, -956]]
[[1, 0], [226, 239], [-686, -717]]
[[1, 0], [226, 239], [-909, -956]]
[[1, 0], [226, 717], [-230, -717]]
[[1, 0], [227, 239], [-689, -717]]
[[1, 0], [227, 239], [-913, -956]]
[[1, 0], [227, 478], [-457, -956]]
[[1, 0], [227, 956], [-229, -956]]
[[1, 0], [228, 239], [-232, -239]]
[[1, 0], [228, 239], [-692, -717]]
[[1, 0], [228, 239], [-917, -956]]
[[1, 0], [229, 239], [-695, -717]]
[[1, 0], [229, 239], [-921, -956]]
[[1, 0], [229, 478], [-461, -956]]
[[1, 0], [229, 717], [-233, -717]]
[[1, 0], [229, 956], [-231, -956]]
[[1, 0], [23, 239], [-27, -239]]
[[1, 0], [23, 239], [-77, -717]]
[[1, 0], [23, 239], [-97, -956]]
[[1, 0], [23, 44], [-1209, -484]]
[[1, 0], [23, 44], [-362, -121]]
[[1, 0], [23, 478], [-49, -956]]
[[1, 0], [23, 956], [-25, -956]]
[[1, 0], [230, 239], [-698, -717]]
[[1, 0], [230, 239], [-925, -956]]
[[1, 0], [231, 239], [-701, -717]]
[[1, 0], [231, 239], [-929, -956]]
[[1, 0], [231, 478], [-465, -956]]
[[1, 0], [231, 956], [-233, -956]]
[[1, 0], [232, 239], [-704, -717]]
[[1, 0], [232, 239], [-933, -956]]
[[1, 0], [232, 717], [-236, -717]]
[[1, 0], [233, 239], [-707, -717]]
[[1, 0], [233, 239], [-937, -956]]
[[1, 0], [233, 478], [-469, -956]]
[[1, 0], [233, 956], [-235, -956]]
[[1, 0], [234, 239], [-710, -717]]
[[1, 0], [234, 239], [-941, -956]]
[[1, 0], [235, 239], [-713, -717]]
[[1, 0], [235, 239], [-945, -956]]
[[1, 0], [235, 478], [-473, -956]]
[[1, 0], [235, 956], [-237, -956]]
[[1, 0], [236, 239], [-240, -239]]
[[1, 0], [236, 239], [-716, -717]]
[[1, 0], [236, 239], [-949, -956]]
[[1, 0], [237, 239], [-241, -239]]
[[1, 0], [237, 239], [-719, -717]]
[[1, 0], [237, 239], [-953, -956]]
[[1, 0], [237, 478], [-477, -956]]
[[1, 0], [238, 239], [-722, -717]]
[[1, 0], [238, 239], [-957, -956]]
[[1, 0], [238, 717], [-242, -717]]
[[1, 0], [24, 239], [-101, -956]]
[[1, 0], [24, 239], [-28, -239]]
[[1, 0], [24, 239], [-80, -717]]
[[1, 0], [241, 478], [-485, -956]]
[[1, 0], [241, 480], [-719, -480]]
[[1, 0], [241, 717], [-245, -717]]
[[1, 0], [241, 956], [-243, -956]]
[[1, 0], [243, 478], [-489, -956]]
[[1, 0], [243, 956], [-245, -956]]
[[1, 0], [244, 717], [-248, -717]]
[[1, 0], [245, 478], [-493, -956]]
[[1, 0], [245, 956], [-247, -956]]
[[1, 0], [247, 478], [-497, -956]]
[[1, 0], [247, 717], [-251, -717]]
[[1, 0], [247, 956], [-249, -956]]
[[1, 0], [249, 478], [-501, -956]]
[[1, 0], [249, 956], [-251, -956]]
[[1, 0], [25, 239], [-105, -956]]
[[1, 0], [25, 239], [-29, -239]]
[[1, 0], [25, 239], [-83, -717]]
[[1, 0], [25, 478], [-53, -956]]
[[1, 0], [25, 48], [-1119, -160]]
[[1, 0], [25, 48], [-1559, -240]]
[[1, 0], [25, 48], [-2879, -480]]
[[1, 0], [25, 48], [-503, -48]]
[[1, 0], [25, 48], [-569, -60]]
[[1, 0], [25, 48], [-679, -80]]
[[1, 0], [25, 48], [-767, -96]]
[[1, 0], [25, 48], [-899, -120]]
[[1, 0], [25, 717], [-29, -717]]
[[1, 0], [25, 956], [-27, -956]]
[[1, 0], [250, 717], [-254, -717]]
[[1, 0], [251, 478], [-505, -956]]
[[1, 0], [251, 956], [-253, -956]]
[[1, 0], [253, 478], [-509, -956]]
[[1, 0], [253, 717], [-257, -717]]
[[1, 0], [253, 956], [-255, -956]]
[[1, 0], [255, 478], [-513, -956]]
[[1, 0], [255, 956], [-257, -956]]
[[1, 0], [256, 717], [-260, -717]]
[[1, 0], [257, 478], [-517, -956]]
[[1, 0], [257, 956], [-259, -956]]
[[1, 0], [259, 478], [-521, -956]]
[[1, 0], [259, 717], [-263, -717]]
[[1, 0], [259, 956], [-261, -956]]
[[1, 0], [26, 239], [-109, -956]]
[[1, 0], [26, 239], [-30, -239]]
[[1, 0], [26, 239], [-86, -717]]
[[1, 0], [261, 478], [-525, -956]]
[[1, 0], [261, 956], [-263, -956]]
[[1, 0], [262, 717], [-266, -717]]
[[1, 0], [263, 478], [-529, -956]]
[[1, 0], [263, 956], [-265, -956]]
[[1, 0], [265, 478], [-533, -956]]
[[1, 0], [265, 717], [-269, -717]]
[[1, 0], [265, 956], [-267, -956]]
[[1, 0], [267, 478], [-537, -956]]
[[1, 0], [267, 956], [-269, -956]]
[[1, 0], [268, 717], [-272, -717]]
[[1, 0], [269, 478], [-541, -956]]
[[1, 0], [269, 956], [-271, -956]]
[[1, 0], [27, 239], [-113, -956]]
[[1, 0], [27, 239], [-31, -239]]
[[1, 0], [27, 239], [-89, -717]]
[[1, 0], [27, 478], [-57, -956]]
[[1, 0], [27, 956], [-29, -956]]
[[1, 0], [271, 478], [-545, -956]]
[[1, 0], [271, 717], [-275, -717]]
[[1, 0], [271, 956], [-273, -956]]
[[1, 0], [273, 478], [-549, -956]]
[[1, 0], [273, 956], [-275, -956]]
[[1, 0], [274, 717], [-278, -717]]
[[1, 0], [275, 478], [-553, -956]]
[[1, 0], [275, 956], [-277, -956]]
[[1, 0], [277, 478], [-557, -956]]
[[1, 0], [277, 717], [-281, -717]]
[[1, 0], [277, 956], [-279, -956]]
[[1, 0], [279, 478], [-561, -956]]
[[1, 0], [279, 956], [-281, -956]]
[[1, 0], [28, 239], [-117, -956]]
[[1, 0], [28, 239], [-32, -239]]
[[1, 0], [28, 239], [-92, -717]]
[[1, 0], [28, 717], [-32, -717]]
[[1, 0], [280, 717], [-284, -717]]
[[1, 0], [281, 478], [-565, -956]]
[[1, 0], [281, 956], [-283, -956]]
[[1, 0], [283, 478], [-569, -956]]
[[1, 0], [283, 717], [-287, -717]]
[[1, 0], [283, 956], [-285, -956]]
[[1, 0], [285, 478], [-573, -956]]
[[1, 0], [285, 956], [-287, -956]]
[[1, 0], [286, 717], [-290, -717]]
[[1, 0], [287, 478], [-577, -956]]
[[1, 0], [287, 956], [-289, -956]]
[[1, 0], [289, 478], [-581, -956]]
[[1, 0], [289, 717], [-293, -717]]
[[1, 0], [289, 956], [-291, -956]]
[[1, 0], [29, 239], [-121, -956]]
[[1, 0], [29, 239], [-33, -239]]
[[1, 0], [29, 239], [-95, -717]]
[[1, 0], [29, 478], [-61, -956]]
[[1, 0], [29, 56], [-125, -126]]
[[1, 0], [29, 956], [-31, -956]]
[[1, 0], [291, 478], [-585, -956]]
[[1, 0], [291, 956], [-293, -956]]
[[1, 0], [292, 717], [-296, -717]]
[[1, 0], [293, 478], [-589, -956]]
[[1, 0], [293, 956], [-295, -956]]
[[1, 0], [295, 478], [-593, -956]]
[[1, 0], [295, 717], [-299, -717]]
[[1, 0], [295, 956], [-297, -956]]
[[1, 0], [297, 478], [-597, -956]]
[[1, 0], [297, 956], [-299, -956]]
[[1, 0], [298, 717], [-302, -717]]
[[1, 0], [299, 478], [-601, -956]]
[[1, 0], [299, 956], [-301, -956]]
[[1, 0], [3, 239], [-17, -717]]
[[1, 0], [3, 239], [-17, -956]]
[[1, 0], [3, 239], [-7, -239]]
[[1, 0], [3, 478], [-9, -956]]
[[1, 0], [3, 4], [-1207, -16]]
[[1, 0], [3, 4], [-1449, -20]]
[[1, 0], [3, 4], [-14759, -240]]
[[1, 0], [3, 4], [-1557, -164]]
[[1, 0], [3, 4], [-1691, -24]]
[[1, 0], [3, 4], [-1859, -248]]
[[1, 0], [3, 4], [-2175, -32]]
[[1, 0], [3, 4], [-240, -239]]
[[1, 0], [3, 4], [-2659, -40]]
[[1, 0], [3, 4], [-287, -64]]
[[1, 0], [3, 4], [-29279, -480]]
[[1, 0], [3, 4], [-307, -11]]
[[1, 0], [3, 4], [-3143, -48]]
[[1, 0], [3, 4], [-383, -192]]
[[1, 0], [3, 4], [-3869, -60]]
[[1, 0], [3, 4], [-479, -320]]
[[1, 0], [3, 4], [-479, -478]]
[[1, 0], [3, 4], [-481, -4]]
[[1, 0], [3, 4], [-5079, -80]]
[[1, 0], [3, 4], [-5081, -242]]
[[1, 0], [3, 4], [-515, -129]]
[[1, 0], [3, 4], [-6047, -96]]
[[1, 0], [3, 4], [-723, -8]]
[[1, 0], [3, 4], [-7499, -120]]
[[1, 0], [3, 4], [-797, -266]]
[[1, 0], [3, 4], [-80, -27]]
[[1, 0], [3, 4], [-957, -956]]
[[1, 0], [3, 4], [-965, -12]]
[[1, 0], [3, 4], [-989, -44]]
[[1, 0], [3, 4], [-9919, -160]]
[[1, 0], [3, 956], [-5, -956]]
[[1, 0], [30, 239], [-125, -956]]
[[1, 0], [30, 239], [-34, -239]]
[[1, 0], [30, 239], [-98, -717]]
[[1, 0], [301, 478], [-605, -956]]
[[1, 0], [301, 717], [-305, -717]]
[[1, 0], [301, 956], [-303, -956]]
[[1, 0], [303, 478], [-609, -956]]
[[1, 0], [303, 956], [-305, -956]]
[[1, 0], [304, 717], [-308, -717]]
[[1, 0], [305, 478], [-613, -956]]
[[1, 0], [305, 956], [-307, -956]]
[[1, 0], [307, 478], [-617, -956]]
[[1, 0], [307, 717], [-311, -717]]
[[1, 0], [307, 956], [-309, -956]]
[[1, 0], [309, 478], [-621, -956]]
[[1, 0], [309, 956], [-311, -956]]
[[1, 0], [31, 239], [-101, -717]]
[[1, 0], [31, 239], [-129, -956]]
[[1, 0], [31, 239], [-35, -239]]
[[1, 0], [31, 478], [-65, -956]]
[[1, 0], [31, 60], [-1319, -240]]
[[1, 0], [31, 60], [-2399, -480]]
[[1, 0], [31, 60], [-509, -60]]
[[1, 0], [31, 60], [-599, -80]]
[[1, 0], [31, 60], [-671, -96]]
[[1, 0], [31, 60], [-779, -120]]
[[1, 0], [31, 60], [-959, -160]]
[[1, 0], [31, 717], [-35, -717]]
[[1, 0], [31, 956], [-33, -956]]
[[1, 0], [310, 717], [-314, -717]]
[[1, 0], [311, 478], [-625, -956]]
[[1, 0], [311, 956], [-313, -956]]
[[1, 0], [313, 478], [-629, -956]]
[[1, 0], [313, 717], [-317, -717]]
[[1, 0], [313, 956], [-315, -956]]
[[1, 0], [315, 478], [-633, -956]]
[[1, 0], [315, 956], [-317, -956]]
[[1, 0], [316, 717], [-320, -717]]
[[1, 0], [317, 478], [-637, -956]]
[[1, 0], [317, 956], [-319, -956]]
[[1, 0], [319, 478], [-641, -956]]
[[1, 0], [319, 717], [-323, -717]]
[[1, 0], [319, 956], [-321, -956]]
[[1, 0], [32, 239], [-104, -717]]
[[1, 0], [32, 239], [-133, -956]]
[[1, 0], [32, 239], [-36, -239]]
[[1, 0], [321, 478], [-645, -956]]
[[1, 0], [321, 956], [-323, -956]]
[[1, 0], [322, 717], [-326, -717]]
[[1, 0], [323, 478], [-649, -956]]
[[1, 0], [323, 956], [-325, -956]]
[[1, 0], [325, 478], [-653, -956]]
[[1, 0], [325, 717], [-329, -717]]
[[1, 0], [325, 956], [-327, -956]]
[[1, 0], [327, 478], [-657, -956]]
[[1, 0], [327, 956], [-329, -956]]
[[1, 0], [328, 717], [-332, -717]]
[[1, 0], [329, 478], [-661, -956]]
[[1, 0], [329, 956], [-331, -956]]
[[1, 0], [33, 239], [-107, -717]]
[[1, 0], [33, 239], [-137, -956]]
[[1, 0], [33, 239], [-37, -239]]
[[1, 0], [33, 478], [-69, -956]]
[[1, 0], [33, 956], [-35, -956]]
[[1, 0], [331, 478], [-665, -956]]
[[1, 0], [331, 717], [-335, -717]]
[[1, 0], [331, 956], [-333, -956]]
[[1, 0], [333, 478], [-669, -956]]
[[1, 0], [333, 956], [-335, -956]]
[[1, 0], [334, 717], [-338, -717]]
[[1, 0], [335, 478], [-673, -956]]
[[1, 0], [335, 956], [-337, -956]]
[[1, 0], [337, 478], [-677, -956]]
[[1, 0], [337, 717], [-341, -717]]
[[1, 0], [337, 956], [-339, -956]]
[[1, 0], [339, 478], [-681, -956]]
[[1, 0], [339, 956], [-341, -956]]
[[1, 0], [34, 239], [-110, -717]]
[[1, 0], [34, 239], [-141, -956]]
[[1, 0], [34, 239], [-38, -239]]
[[1, 0], [34, 717], [-38, -717]]
[[1, 0], [340, 717], [-344, -717]]
[[1, 0], [341, 478], [-685, -956]]
[[1, 0], [341, 956], [-343, -956]]
[[1, 0], [343, 478], [-689, -956]]
[[1, 0], [343, 717], [-347, -717]]
[[1, 0], [343, 956], [-345, -956]]
[[1, 0], [345, 478], [-693, -956]]
[[1, 0], [345, 956], [-347, -956]]
[[1, 0], [346, 717], [-350, -717]]
[[1, 0], [347, 478], [-697, -956]]
[[1, 0], [347, 956], [-349, -956]]
[[1, 0], [349, 478], [-701, -956]]
[[1, 0], [349, 717], [-353, -717]]
[[1, 0], [349, 956], [-351, -956]]
[[1, 0], [35, 239], [-113, -717]]
[[1, 0], [35, 239], [-145, -956]]
[[1, 0], [35, 239], [-39, -239]]
[[1, 0], [35, 478], [-73, -956]]
[[1, 0], [35, 956], [-37, -956]]
[[1, 0], [351, 478], [-705, -956]]
[[1, 0], [351, 956], [-353, -956]]
[[1, 0], [352, 717], [-356, -717]]
[[1, 0], [353, 478], [-709, -956]]
[[1, 0], [353, 956], [-355, -956]]
[[1, 0], [355, 478], [-713, -956]]
[[1, 0], [355, 717], [-359, -717]]
[[1, 0], [355, 956], [-357, -956]]
[[1, 0], [357, 956], [-359, -956]]
[[1, 0], [359, 478], [-721, -956]]
[[1, 0], [359, 956], [-361, -956]]
[[1, 0], [36, 239], [-116, -717]]
[[1, 0], [36, 239], [-149, -956]]
[[1, 0], [36, 239], [-40, -239]]
[[1, 0], [361, 478], [-725, -956]]
[[1, 0], [361, 956], [-363, -956]]
[[1, 0], [363, 478], [-729, -956]]
[[1, 0], [363, 956], [-365, -956]]
[[1, 0], [365, 478], [-733, -956]]
[[1, 0], [365, 956], [-367, -956]]
[[1, 0], [367, 478], [-737, -956]]
[[1, 0], [367, 956], [-369, -956]]
[[1, 0], [369, 478], [-741, -956]]
[[1, 0], [369, 956], [-371, -956]]
[[1, 0], [37, 239], [-119, -717]]
[[1, 0], [37, 239], [-153, -956]]
[[1, 0], [37, 239], [-41, -239]]
[[1, 0], [37, 478], [-77, -956]]
[[1, 0], [37, 717], [-41, -717]]
[[1, 0], [37, 72], [-83, -84]]
[[1, 0], [37, 956], [-39, -956]]
[[1, 0], [371, 478], [-745, -956]]
[[1, 0], [371, 956], [-373, -956]]
[[1, 0], [373, 478], [-749, -956]]
[[1, 0], [373, 956], [-375, -956]]
[[1, 0], [375, 478], [-753, -956]]
[[1, 0], [375, 956], [-377, -956]]
[[1, 0], [377, 478], [-757, -956]]
[[1, 0], [377, 956], [-379, -956]]
[[1, 0], [379, 478], [-761, -956]]
[[1, 0], [379, 956], [-381, -956]]
[[1, 0], [38, 239], [-122, -717]]
[[1, 0], [38, 239], [-157, -956]]
[[1, 0], [38, 239], [-42, -239]]
[[1, 0], [381, 478], [-765, -956]]
[[1, 0], [381, 956], [-383, -956]]
[[1, 0], [383, 478], [-769, -956]]
[[1, 0], [383, 956], [-385, -956]]
[[1, 0], [385, 478], [-773, -956]]
[[1, 0], [385, 956], [-387, -956]]
[[1, 0], [387, 478], [-777, -956]]
[[1, 0], [387, 956], [-389, -956]]
[[1, 0], [389, 478], [-781, -956]]
[[1, 0], [389, 956], [-391, -956]]
[[1, 0], [39, 239], [-125, -717]]
[[1, 0], [39, 239], [-161, -956]]
[[1, 0], [39, 239], [-43, -239]]
[[1, 0], [39, 478], [-81, -956]]
[[1, 0], [39, 956], [-41, -956]]
[[1, 0], [391, 478], [-785, -956]]
[[1, 0], [391, 956], [-393, -956]]
[[1, 0], [393, 478], [-789, -956]]
[[1, 0], [393, 956], [-395, -956]]
[[1, 0], [395, 478], [-793, -956]]
[[1, 0], [395, 956], [-397, -956]]
[[1, 0], [397, 478], [-797, -956]]
[[1, 0], [397, 956], [-399, -956]]
[[1, 0], [399, 478], [-801, -956]]
[[1, 0], [399, 956], [-401, -956]]
[[1, 0], [4, 239], [-20, -717]]
[[1, 0], [4, 239], [-21, -956]]
[[1, 0], [4, 239], [-8, -239]]
[[1, 0], [4, 717], [-8, -717]]
[[1, 0], [40, 239], [-128, -717]]
[[1, 0], [40, 239], [-165, -956]]
[[1, 0], [40, 239], [-44, -239]]
[[1, 0], [40, 717], [-44, -717]]
[[1, 0], [401, 478], [-805, -956]]
[[1, 0], [401, 956], [-403, -956]]
[[1, 0], [403, 478], [-809, -956]]
[[1, 0], [403, 956], [-405, -956]]
[[1, 0], [405, 478], [-813, -956]]
[[1, 0], [405, 956], [-407, -956]]
[[1, 0], [407, 478], [-817, -956]]
[[1, 0], [407, 956], [-409, -956]]
[[1, 0], [409, 478], [-821, -956]]
[[1, 0], [409, 956], [-411, -956]]
[[1, 0], [41, 239], [-131, -717]]
[[1, 0], [41, 239], [-169, -956]]
[[1, 0], [41, 239], [-45, -239]]
[[1, 0], [41, 478], [-85, -956]]
[[1, 0], [41, 80], [-1079, -240]]
[[1, 0], [41, 80], [-1919, -480]]
[[1, 0], [41, 80], [-519, -80]]
[[1, 0], [41, 80], [-575, -96]]
[[1, 0], [41, 80], [-659, -120]]
[[1, 0], [41, 80], [-799, -160]]
[[1, 0], [41, 956], [-43, -956]]
[[1, 0], [411, 478], [-825, -956]]
[[1, 0], [411, 956], [-413, -956]]
[[1, 0], [413, 478], [-829, -956]]
[[1, 0], [413, 956], [-415, -956]]
[[1, 0], [415, 478], [-833, -956]]
[[1, 0], [415, 956], [-417, -956]]
[[1, 0], [417, 478], [-837, -956]]
[[1, 0], [417, 956], [-419, -956]]
[[1, 0], [419, 478], [-841, -956]]
[[1, 0], [419, 956], [-421, -956]]
[[1, 0], [42, 239], [-134, -717]]
[[1, 0], [42, 239], [-173, -956]]
[[1, 0], [42, 239], [-46, -239]]
[[1, 0], [421, 478], [-845, -956]]
[[1, 0], [421, 956], [-423, -956]]
[[1, 0], [423, 478], [-849, -956]]
[[1, 0], [423, 956], [-425, -956]]
[[1, 0], [425, 478], [-853, -956]]
[[1, 0], [425, 956], [-427, -956]]
[[1, 0], [427, 478], [-857, -956]]
[[1, 0], [427, 956], [-429, -956]]
[[1, 0], [429, 478], [-861, -956]]
[[1, 0], [429, 956], [-431, -956]]
[[1, 0], [43, 239], [-137, -717]]
[[1, 0], [43, 239], [-177, -956]]
[[1, 0], [43, 239], [-47, -239]]
[[1, 0], [43, 478], [-89, -956]]
[[1, 0], [43, 717], [-47, -717]]
[[1, 0], [43, 956], [-45, -956]]
[[1, 0], [431, 478], [-865, -956]]
[[1, 0], [431, 956], [-433, -956]]
[[1, 0], [433, 478], [-869, -956]]
[[1, 0], [433, 956], [-435, -956]]
[[1, 0], [435, 478], [-873, -956]]
[[1, 0], [435, 956], [-437, -956]]
[[1, 0], [437, 478], [-877, -956]]
[[1, 0], [437, 956], [-439, -956]]
[[1, 0], [439, 478], [-881, -956]]
[[1, 0], [439, 956], [-441, -956]]
[[1, 0], [44, 239], [-140, -717]]
[[1, 0], [44, 239], [-181, -956]]
[[1, 0], [44, 239], [-48, -239]]
[[1, 0], [441, 478], [-885, -956]]
[[1, 0], [441, 956], [-443, -956]]
[[1, 0], [443, 478], [-889, -956]]
[[1, 0], [443, 956], [-445, -956]]
[[1, 0], [445, 478], [-893, -956]]
[[1, 0], [445, 956], [-447, -956]]
[[1, 0], [447, 478], [-897, -956]]
[[1, 0], [447, 956], [-449, -956]]
[[1, 0], [449, 478], [-901, -956]]
[[1, 0], [449, 956], [-451, -956]]
[[1, 0], [45, 239], [-143, -717]]
[[1, 0], [45, 239], [-185, -956]]
[[1, 0], [45, 239], [-49, -239]]
[[1, 0], [45, 478], [-93, -956]]
[[1, 0], [45, 956], [-47, -956]]
[[1, 0], [451, 478], [-905, -956]]
[[1, 0], [451, 956], [-453, -956]]
[[1, 0], [453, 478], [-909, -956]]
[[1, 0], [453, 956], [-455, -956]]
[[1, 0], [455, 478], [-913, -956]]
[[1, 0], [455, 956], [-457, -956]]
[[1, 0], [457, 478], [-917, -956]]
[[1, 0], [457, 956], [-459, -956]]
[[1, 0], [459, 478], [-921, -956]]
[[1, 0], [459, 956], [-461, -956]]
[[1, 0], [46, 239], [-146, -717]]
[[1, 0], [46, 239], [-189, -956]]
[[1, 0], [46, 239], [-50, -239]]
[[1, 0], [46, 717], [-50, -717]]
[[1, 0], [461, 478], [-925, -956]]
[[1, 0], [461, 956], [-463, -956]]
[[1, 0], [463, 478], [-929, -956]]
[[1, 0], [463, 956], [-465, -956]]
[[1, 0], [465, 478], [-933, -956]]
[[1, 0], [465, 956], [-467, -956]]
[[1, 0], [467, 478], [-937, -956]]
[[1, 0], [467, 956], [-469, -956]]
[[1, 0], [469, 478], [-941, -956]]
[[1, 0], [469, 956], [-471, -956]]
[[1, 0], [47, 239], [-149, -717]]
[[1, 0], [47, 239], [-193, -956]]
[[1, 0], [47, 239], [-51, -239]]
[[1, 0], [47, 478], [-97, -956]]
[[1, 0], [47, 956], [-49, -956]]
[[1, 0], [471, 478], [-945, -956]]
[[1, 0], [471, 956], [-473, -956]]
[[1, 0], [473, 478], [-949, -956]]
[[1, 0], [473, 956], [-475, -956]]
[[1, 0], [475, 478], [-953, -956]]
[[1, 0], [475, 956], [-477, -956]]
[[1, 0], [477, 478], [-957, -956]]
[[1, 0], [477, 956], [-479, -956]]
[[1, 0], [48, 239], [-152, -717]]
[[1, 0], [48, 239], [-197, -956]]
[[1, 0], [48, 239], [-52, -239]]
[[1, 0], [49, 239], [-155, -717]]
[[1, 0], [49, 239], [-201, -956]]
[[1, 0], [49, 239], [-53, -239]]
[[1, 0], [49, 478], [-101, -956]]
[[1, 0], [49, 717], [-53, -717]]
[[1, 0], [49, 956], [-51, -956]]
[[1, 0], [49, 96], [-1679, -480]]
[[1, 0], [49, 96], [-527, -96]]
[[1, 0], [49, 96], [-599, -120]]
[[1, 0], [49, 96], [-719, -160]]
[[1, 0], [49, 96], [-959, -240]]
[[1, 0], [5, 239], [-23, -717]]
[[1, 0], [5, 239], [-25, -956]]
[[1, 0], [5, 239], [-9, -239]]
[[1, 0], [5, 478], [-13, -956]]
[[1, 0], [5, 8], [-1215, -32]]
[[1, 0], [5, 8], [-1459, -40]]
[[1, 0], [5, 8], [-14879, -480]]
[[1, 0], [5, 8], [-161, -162]]
[[1, 0], [5, 8], [-1703, -48]]
[[1, 0], [5, 8], [-1983, -496]]
[[1, 0], [5, 8], [-2069, -60]]
[[1, 0], [5, 8], [-2679, -80]]
[[1, 0], [5, 8], [-3167, -96]]
[[1, 0], [5, 8], [-319, -128]]
[[1, 0], [5, 8], [-38, -13]]
[[1, 0], [5, 8], [-3899, -120]]
[[1, 0], [5, 8], [-483, -8]]
[[1, 0], [5, 8], [-5119, -160]]
[[1, 0], [5, 8], [-605, -12]]
[[1, 0], [5, 8], [-639, -640]]
[[1, 0], [5, 8], [-71, -18]]
[[1, 0], [5, 8], [-727, -16]]
[[1, 0], [5, 8], [-755, -252]]
[[1, 0], [5, 8], [-7559, -240]]
[[1, 0], [5, 8], [-849, -20]]
[[1, 0], [5, 8], [-853, -122]]
[[1, 0], [5, 8], [-971, -24]]
[[1, 0], [50, 239], [-158, -717]]
[[1, 0], [50, 239], [-205, -956]]
[[1, 0], [50, 239], [-54, -239]]
[[1, 0], [51, 239], [-161, -717]]
[[1, 0], [51, 239], [-209, -956]]
[[1, 0], [51, 239], [-55, -239]]
[[1, 0], [51, 478], [-105, -956]]
[[1, 0], [51, 956], [-53, -956]]
[[1, 0], [52, 239], [-164, -717]]
[[1, 0], [52, 239], [-213, -956]]
[[1, 0], [52, 239], [-56, -239]]
[[1, 0], [52, 717], [-56, -717]]
[[1, 0], [53, 239], [-167, -717]]
[[1, 0], [53, 239], [-217, -956]]
[[1, 0], [53, 239], [-57, -239]]
[[1, 0], [53, 478], [-109, -956]]
[[1, 0], [53, 956], [-55, -956]]
[[1, 0], [54, 239], [-170, -717]]
[[1, 0], [54, 239], [-221, -956]]
[[1, 0], [54, 239], [-58, -239]]
[[1, 0], [55, 239], [-173, -717]]
[[1, 0], [55, 239], [-225, -956]]
[[1, 0], [55, 239], [-59, -239]]
[[1, 0], [55, 478], [-113, -956]]
[[1, 0], [55, 717], [-59, -717]]
[[1, 0], [55, 956], [-57, -956]]
[[1, 0], [56, 239], [-176, -717]]
[[1, 0], [56, 239], [-229, -956]]
[[1, 0], [56, 239], [-60, -239]]
[[1, 0], [57, 239], [-179, -717]]
[[1, 0], [57, 239], [-233, -956]]
[[1, 0], [57, 239], [-61, -239]]
[[1, 0], [57, 478], [-117, -956]]
[[1, 0], [57, 956], [-59, -956]]
[[1, 0], [58, 239], [-182, -717]]
[[1, 0], [58, 239], [-237, -956]]
[[1, 0], [58, 239], [-62, -239]]
[[1, 0], [58, 717], [-62, -717]]
[[1, 0], [59, 239], [-185, -717]]
[[1, 0], [59, 239], [-241, -956]]
[[1, 0], [59, 239], [-63, -239]]
[[1, 0], [59, 478], [-121, -956]]
[[1, 0], [59, 956], [-61, -956]]
[[1, 0], [6, 239], [-10, -239]]
[[1, 0], [6, 239], [-26, -717]]
[[1, 0], [6, 239], [-29, -956]]
[[1, 0], [60, 239], [-188, -717]]
[[1, 0], [60, 239], [-245, -956]]
[[1, 0], [60, 239], [-64, -239]]
[[1, 0], [61, 120], [-1439, -480]]
[[1, 0], [61, 120], [-539, -120]]
[[1, 0], [61, 120], [-639, -160]]
[[1, 0], [61, 120], [-839, -240]]
[[1, 0], [61, 239], [-191, -717]]
[[1, 0], [61, 239], [-249, -956]]
[[1, 0], [61, 239], [-65, -239]]
[[1, 0], [61, 478], [-125, -956]]
[[1, 0], [61, 717], [-65, -717]]
[[1, 0], [61, 956], [-63, -956]]
[[1, 0], [62, 239], [-194, -717]]
[[1, 0], [62, 239], [-253, -956]]
[[1, 0], [62, 239], [-66, -239]]
[[1, 0], [63, 239], [-197, -717]]
[[1, 0], [63, 239], [-257, -956]]
[[1, 0], [63, 239], [-67, -239]]
[[1, 0], [63, 478], [-129, -956]]
[[1, 0], [63, 956], [-65, -956]]
[[1, 0], [64, 239], [-200, -717]]
[[1, 0], [64, 239], [-261, -956]]
[[1, 0], [64, 239], [-68, -239]]
[[1, 0], [64, 717], [-68, -717]]
[[1, 0], [65, 239], [-203, -717]]
[[1, 0], [65, 239], [-265, -956]]
[[1, 0], [65, 239], [-69, -239]]
[[1, 0], [65, 478], [-133, -956]]
[[1, 0], [65, 956], [-67, -956]]
[[1, 0], [66, 239], [-206, -717]]
[[1, 0], [66, 239], [-269, -956]]
[[1, 0], [66, 239], [-70, -239]]
[[1, 0], [67, 239], [-209, -717]]
[[1, 0], [67, 239], [-273, -956]]
[[1, 0], [67, 239], [-71, -239]]
[[1, 0], [67, 478], [-137, -956]]
[[1, 0], [67, 717], [-71, -717]]
[[1, 0], [67, 956], [-69, -956]]
[[1, 0], [68, 239], [-212, -717]]
[[1, 0], [68, 239], [-277, -956]]
[[1, 0], [68, 239], [-72, -239]]
[[1, 0], [69, 239], [-215, -717]]
[[1, 0], [69, 239], [-281, -956]]
[[1, 0], [69, 239], [-73, -239]]
[[1, 0], [69, 478], [-141, -956]]
[[1, 0], [69, 956], [-71, -956]]
[[1, 0], [7, 12], [-10079, -480]]
[[1, 0], [7, 12], [-1059, -40]]
[[1, 0], [7, 12], [-1223, -48]]
[[1, 0], [7, 12], [-131, -88]]
[[1, 0], [7, 12], [-1469, -60]]
[[1, 0], [7, 12], [-1721, -492]]
[[1, 0], [7, 12], [-1879, -80]]
[[1, 0], [7, 12], [-2207, -96]]
[[1, 0], [7, 12], [-2699, -120]]
[[1, 0], [7, 12], [-3519, -160]]
[[1, 0], [7, 12], [-485, -12]]
[[1, 0], [7, 12], [-5159, -240]]
[[1, 0], [7, 12], [-567, -16]]
[[1, 0], [7, 12], [-575, -576]]
[[1, 0], [7, 12], [-649, -20]]
[[1, 0], [7, 12], [-731, -24]]
[[1, 0], [7, 12], [-895, -32]]
[[1, 0], [7, 12], [-97, -98]]
[[1, 0], [7, 239], [-29, -717]]
[[1, 0], [7, 239], [-33, -956]]
[[1, 0], [7, 478], [-17, -956]]
[[1, 0], [7, 956], [-9, -956]]
[[1, 0], [70, 239], [-218, -717]]
[[1, 0], [70, 239], [-285, -956]]
[[1, 0], [70, 239], [-74, -239]]
[[1, 0], [70, 717], [-74, -717]]
[[1, 0], [706, 717], [-710, -717]]
[[1, 0], [71, 239], [-221, -717]]
[[1, 0], [71, 239], [-289, -956]]
[[1, 0], [71, 239], [-75, -239]]
[[1, 0], [71, 478], [-145, -956]]
[[1, 0], [71, 956], [-73, -956]]
[[1, 0], [715, 717], [-719, -717]]
[[1, 0], [72, 239], [-224, -717]]
[[1, 0], [72, 239], [-293, -956]]
[[1, 0], [72, 239], [-76, -239]]
[[1, 0], [73, 239], [-227, -717]]
[[1, 0], [73, 239], [-297, -956]]
[[1, 0], [73, 239], [-77, -239]]
[[1, 0], [73, 478], [-149, -956]]
[[1, 0], [73, 717], [-77, -717]]
[[1, 0], [73, 956], [-75, -956]]
[[1, 0], [74, 239], [-230, -717]]
[[1, 0], [74, 239], [-301, -956]]
[[1, 0], [74, 239], [-78, -239]]
[[1, 0], [75, 239], [-233, -717]]
[[1, 0], [75, 239], [-305, -956]]
[[1, 0], [75, 239], [-79, -239]]
[[1, 0], [75, 478], [-153, -956]]
[[1, 0], [75, 956], [-77, -956]]
[[1, 0], [76, 239], [-236, -717]]
[[1, 0], [76, 239], [-309, -956]]
[[1, 0], [76, 239], [-80, -239]]
[[1, 0], [76, 717], [-80, -717]]
[[1, 0], [77, 239], [-313, -956]]
[[1, 0], [77, 239], [-81, -239]]
[[1, 0], [77, 478], [-157, -956]]
[[1, 0], [77, 956], [-79, -956]]
[[1, 0], [78, 239], [-242, -717]]
[[1, 0], [78, 239], [-317, -956]]
[[1, 0], [78, 239], [-82, -239]]
[[1, 0], [79, 239], [-245, -717]]
[[1, 0], [79, 239], [-321, -956]]
[[1, 0], [79, 239], [-83, -239]]
[[1, 0], [79, 478], [-161, -956]]
[[1, 0], [79, 717], [-83, -717]]
[[1, 0], [79, 956], [-81, -956]]
[[1, 0], [8, 239], [-12, -239]]
[[1, 0], [8, 239], [-32, -717]]
[[1, 0], [8, 239], [-37, -956]]
[[1, 0], [80, 239], [-248, -717]]
[[1, 0], [80, 239], [-325, -956]]
[[1, 0], [80, 239], [-84, -239]]
[[1, 0], [81, 160], [-1199, -480]]
[[1, 0], [81, 160], [-559, -160]]
[[1, 0], [81, 160], [-719, -240]]
[[1, 0], [81, 239], [-251, -717]]
[[1, 0], [81, 239], [-329, -956]]
[[1, 0], [81, 239], [-85, -239]]
[[1, 0], [81, 478], [-165, -956]]
[[1, 0], [81, 956], [-83, -956]]
[[1, 0], [82, 239], [-254, -717]]
[[1, 0], [82, 239], [-333, -956]]
[[1, 0], [82, 239], [-86, -239]]
[[1, 0], [82, 717], [-86, -717]]
[[1, 0], [83, 239], [-257, -717]]
[[1, 0], [83, 239], [-337, -956]]
[[1, 0], [83, 239], [-87, -239]]
[[1, 0], [83, 478], [-169, -956]]
[[1, 0], [83, 956], [-85, -956]]
[[1, 0], [84, 239], [-260, -717]]
[[1, 0], [84, 239], [-341, -956]]
[[1, 0], [84, 239], [-88, -239]]
[[1, 0], [85, 239], [-263, -717]]
[[1, 0], [85, 239], [-345, -956]]
[[1, 0], [85, 239], [-89, -239]]
[[1, 0], [85, 478], [-173, -956]]
[[1, 0], [85, 717], [-89, -717]]
[[1, 0], [85, 956], [-87, -956]]
[[1, 0], [86, 239], [-266, -717]]
[[1, 0], [86, 239], [-349, -956]]
[[1, 0], [86, 239], [-90, -239]]
[[1, 0], [87, 239], [-269, -717]]
[[1, 0], [87, 239], [-353, -956]]
[[1, 0], [87, 239], [-91, -239]]
[[1, 0], [87, 478], [-177, -956]]
[[1, 0], [87, 956], [-89, -956]]
[[1, 0], [88, 239], [-272, -717]]
[[1, 0], [88, 239], [-357, -956]]
[[1, 0], [88, 239], [-92, -239]]
[[1, 0], [88, 717], [-92, -717]]
[[1, 0], [89, 239], [-275, -717]]
[[1, 0], [89, 239], [-361, -956]]
[[1, 0], [89, 239], [-93, -239]]
[[1, 0], [89, 478], [-181, -956]]
[[1, 0], [89, 956], [-91, -956]]
[[1, 0], [9, 16], [-1169, -60]]
[[1, 0], [9, 16], [-1479, -80]]
[[1, 0], [9, 16], [-1727, -96]]
[[1, 0], [9, 16], [-2099, -120]]
[[1, 0], [9, 16], [-2719, -160]]
[[1, 0], [9, 16], [-383, -256]]
[[1, 0], [9, 16], [-3959, -240]]
[[1, 0], [9, 16], [-487, -16]]
[[1, 0], [9, 16], [-549, -20]]
[[1, 0], [9, 16], [-611, -24]]
[[1, 0], [9, 16], [-735, -32]]
[[1, 0], [9, 16], [-7679, -480]]
[[1, 0], [9, 16], [-859, -40]]
[[1, 0], [9, 16], [-983, -48]]
[[1, 0], [9, 239], [-13, -239]]
[[1, 0], [9, 239], [-35, -717]]
[[1, 0], [9, 239], [-41, -956]]
[[1, 0], [9, 478], [-21, -956]]
[[1, 0], [9, 956], [-11, -956]]
[[1, 0], [90, 239], [-278, -717]]
[[1, 0], [90, 239], [-365, -956]]
[[1, 0], [90, 239], [-94, -239]]
[[1, 0], [91, 239], [-281, -717]]
[[1, 0], [91, 239], [-369, -956]]
[[1, 0], [91, 239], [-95, -239]]
[[1, 0], [91, 478], [-185, -956]]
[[1, 0], [91, 717], [-95, -717]]
[[1, 0], [91, 956], [-93, -956]]
[[1, 0], [92, 239], [-284, -717]]
[[1, 0], [92, 239], [-373, -956]]
[[1, 0], [92, 239], [-96, -239]]
[[1, 0], [93, 239], [-287, -717]]
[[1, 0], [93, 239], [-377, -956]]
[[1, 0], [93, 239], [-97, -239]]
[[1, 0], [93, 478], [-189, -956]]
[[1, 0], [93, 956], [-95, -956]]
[[1, 0], [94, 239], [-290, -717]]
[[1, 0], [94, 239], [-381, -956]]
[[1, 0], [94, 239], [-98, -239]]
[[1, 0], [94, 717], [-98, -717]]
[[1, 0], [949, 956], [-951, -956]]
[[1, 0], [95, 239], [-293, -717]]
[[1, 0], [95, 239], [-385, -956]]
[[1, 0], [95, 239], [-99, -239]]
[[1, 0], [95, 478], [-193, -956]]
[[1, 0], [95, 956], [-97, -956]]
[[1, 0], [955, 956], [-957, -956]]
[[1, 0], [96, 239], [-100, -239]]
[[1, 0], [96, 239], [-296, -717]]
[[1, 0], [96, 239], [-389, -956]]
[[1, 0], [97, 239], [-101, -239]]
[[1, 0], [97, 239], [-299, -717]]
[[1, 0], [97, 239], [-393, -956]]
[[1, 0], [97, 478], [-197, -956]]
[[1, 0], [97, 717], [-101, -717]]
[[1, 0], [97, 956], [-99, -956]]
[[1, 0], [98, 239], [-102, -239]]
[[1, 0], [98, 239], [-302, -717]]
[[1, 0], [98, 239], [-397, -956]]
[[1, 0], [99, 239], [-103, -239]]
[[1, 0], [99, 239], [-305, -717]]
[[1, 0], [99, 239], [-401, -956]]
[[1, 0], [99, 478], [-201, -956]]
[[1, 0], [99, 956], [-101, -956]]
