[[1, 0], [0, 1], [-1121, -816]]
[[1, 0], [0, 1], [-1424, -177]]
[[1, 0], [0, 1], [-15104, -159]]
[[1, 0], [0, 1], [-15104, -95]]
[[1, 0], [0, 1], [-160, -59]]
[[1, 0], [0, 1], [-1947, -32]]
[[1, 0], [0, 1], [-20768, -43]]
[[1, 0], [0, 1], [-20768, -483]]
[[1, 0], [0, 1], [-223728, -473]]
[[1, 0], [0, 1], [-28379, -480]]
[[1, 0], [0, 1], [-295, -64]]
[[1, 0], [0, 1], [-3009, -560]]
[[1, 0], [0, 1], [-413, -48]]
[[1, 0], [0, 1], [-4256, -531]]
[[1, 0], [0, 1], [-480, -59]]
[[1, 0], [0, 1], [-531, -224]]
[[1, 0], [0, 1], [-5664, -11]]
[[1, 0], [0, 1], [-5664, -515]]
[[1, 0], [0, 1], [-5723, -96]]
[[1, 0], [0, 1], [-59, -32]]
[[1, 0], [0, 1], [-649, -208]]
[[1, 0], [0, 1], [-944, -105]]
[[1, 0], [0, 1], [-944, -189]]
[[1, 0], [0, 1], [-944, -1]]
[[1, 0], [0, 1], [-944, -21]]
[[1, 0], [0, 1], [-944, -45]]
[[1, 0], [0, 1], [-944, -5]]
[[1, 0], [0, 1], [-944, -9]]
[[1, 0], [0, 1], [-945, -944]]
[[1, 0], [0, 1], [-9499, -160]]
[[1, 0], [0, 1], [-96, -59]]
[[1, 0], [1, 10], [-1019, -160]]
[[1, 0], [1, 10], [-105, -106]]
[[1, 0], [1, 10], [-251, -32]]
[[1, 0], [1, 10], [-293, -98]]
[[1, 0], [1, 10], [-2939, -480]]
[[1, 0], [1, 10], [-299, -590]]
[[1, 0], [1, 10], [-63, -118]]
[[1, 0], [1, 10], [-635, -96]]
[[1, 0], [1, 118], [-17, -944]]
[[1, 0], [1, 118], [-29, -590]]
[[1, 0], [1, 118], [-9, -118]]
[[1, 0], [1, 11], [-20811, -473]]
[[1, 0], [1, 11], [-219, -649]]
[[1, 0], [1, 11], [-2321, -43]]
[[1, 0], [1, 11], [-461, -528]]
[[1, 0], [1, 11], [-945, -11]]
[[1, 0], [1, 11], [-989, -495]]
[[1, 0], [1, 120], [-139, -160]]
[[1, 0], [1, 120], [-299, -480]]
[[1, 0], [1, 128], [-63, -512]]
[[1, 0], [1, 12], [-179, -708]]
[[1, 0], [1, 12], [-21, -16]]
[[1, 0], [1, 12], [-219, -32]]
[[1, 0], [1, 12], [-2459, -480]]
[[1, 0], [1, 12], [-515, -516]]
[[1, 0], [1, 12], [-539, -96]]
[[1, 0], [1, 12], [-61, -236]]
[[1, 0], [1, 12], [-859, -160]]
[[1, 0], [1, 132], [-21, -176]]
[[1, 0], [1, 13], [-155, -767]]
[[1, 0], [1, 14], [-139, -826]]
[[1, 0], [1, 14], [-21, -118]]
[[1, 0], [1, 14], [-979, -490]]
[[1, 0], [1, 158], [-473, -158]]
[[1, 0], [1, 158], [-947, -474]]
[[1, 0], [1, 15], [-187, -32]]
[[1, 0], [1, 15], [-1979, -480]]
[[1, 0], [1, 15], [-443, -96]]
[[1, 0], [1, 15], [-5, -16]]
[[1, 0], [1, 15], [-699, -160]]
[[1, 0], [1, 160], [-119, -160]]
[[1, 0], [1, 160], [-149, -240]]
[[1, 0], [1, 160], [-239, -480]]
[[1, 0], [1, 16], [-119, -944]]
[[1, 0], [1, 16], [-179, -32]]
[[1, 0], [1, 16], [-1859, -480]]
[[1, 0], [1, 16], [-419, -96]]
[[1, 0], [1, 16], [-659, -160]]
[[1, 0], [1, 16], [-71, -192]]
[[1, 0], [1, 177], [-17, -177]]
[[1, 0], [1, 177], [-35, -531]]
[[1, 0], [1, 18], [-107, -864]]
[[1, 0], [1, 18], [-971, -486]]
[[1, 0], [1, 19], [-11, -32]]
[[1, 0], [1, 19], [-949, -95]]
[[1, 0], [1, 20], [-1499, -480]]
[[1, 0], [1, 20], [-155, -32]]
[[1, 0], [1, 20], [-347, -96]]
[[1, 0], [1, 20], [-41, -112]]
[[1, 0], [1, 20], [-539, -160]]
[[1, 0], [1, 20], [-99, -800]]
[[1, 0], [1, 21], [-91, -23]]
[[1, 0], [1, 22], [-29, -48]]
[[1, 0], [1, 22], [-45, -46]]
[[1, 0], [1, 22], [-9, -80]]
[[1, 0], [1, 236], [-11, -708]]
[[1, 0], [1, 236], [-5, -236]]
[[1, 0], [1, 236], [-9, -944]]
[[1, 0], [1, 23], [-91, -736]]
[[1, 0], [1, 23], [-965, -483]]
[[1, 0], [1, 240], [-179, -480]]
[[1, 0], [1, 248], [-61, -496]]
[[1, 0], [1, 24], [-125, -168]]
[[1, 0], [1, 24], [-1259, -480]]
[[1, 0], [1, 24], [-139, -32]]
[[1, 0], [1, 24], [-299, -96]]
[[1, 0], [1, 24], [-459, -160]]
[[1, 0], [1, 24], [-89, -720]]
[[1, 0], [1, 25], [-759, -95]]
[[1, 0], [1, 26], [-7, -64]]
[[1, 0], [1, 28], [-2141, -476]]
[[1, 0], [1, 28], [-237, -28]]
[[1, 0], [1, 28], [-407, -68]]
[[1, 0], [1, 28], [-83, -672]]
[[1, 0], [1, 2], [-1019, -32]]
[[1, 0], [1, 2], [-107, -96]]
[[1, 0], [1, 2], [-1259, -630]]
[[1, 0], [1, 2], [-139, -118]]
[[1, 0], [1, 2], [-14459, -480]]
[[1, 0], [1, 2], [-1479, -590]]
[[1, 0], [1, 2], [-185, -16]]
[[1, 0], [1, 2], [-18959, -158]]
[[1, 0], [1, 2], [-19119, -478]]
[[1, 0], [1, 2], [-2939, -96]]
[[1, 0], [1, 2], [-299, -118]]
[[1, 0], [1, 2], [-473, -2]]
[[1, 0], [1, 2], [-4859, -160]]
[[1, 0], [1, 2], [-5145, -496]]
[[1, 0], [1, 2], [-56405, -474]]
[[1, 0], [1, 2], [-75, -32]]
[[1, 0], [1, 2], [-945, -944]]
[[1, 0], [1, 2], [-947, -6]]
[[1, 0], [1, 2], [-965, -826]]
[[1, 0], [1, 2], [-971, -54]]
[[1, 0], [1, 2], [-979, -70]]
[[1, 0], [1, 30], [-1019, -480]]
[[1, 0], [1, 30], [-123, -32]]
[[1, 0], [1, 30], [-251, -96]]
[[1, 0], [1, 30], [-379, -160]]
[[1, 0], [1, 32], [-119, -32]]
[[1, 0], [1, 32], [-135, -544]]
[[1, 0], [1, 32], [-149, -48]]
[[1, 0], [1, 32], [-209, -80]]
[[1, 0], [1, 32], [-239, -96]]
[[1, 0], [1, 32], [-359, -160]]
[[1, 0], [1, 32], [-509, -240]]
[[1, 0], [1, 32], [-79, -640]]
[[1, 0], [1, 32], [-959, -480]]
[[1, 0], [1, 38], [-75, -608]]
[[1, 0], [1, 39], [-25, -208]]
[[1, 0], [1, 3], [-1133, -567]]
[[1, 0], [1, 3], [-15263, -477]]
[[1, 0], [1, 3], [-1601, -531]]
[[1, 0], [1, 3], [-185, -59]]
[[1, 0], [1, 3], [-1979, -96]]
[[1, 0], [1, 3], [-223, -256]]
[[1, 0], [1, 3], [-25, -16]]
[[1, 0], [1, 3], [-3259, -160]]
[[1, 0], [1, 3], [-359, -192]]
[[1, 0], [1, 3], [-539, -177]]
[[1, 0], [1, 3], [-699, -32]]
[[1, 0], [1, 3], [-755, -672]]
[[1, 0], [1, 3], [-857, -624]]
[[1, 0], [1, 3], [-9659, -480]]
[[1, 0], [1, 40], [-15, -128]]
[[1, 0], [1, 40], [-203, -96]]
[[1, 0], [1, 40], [-299, -160]]
[[1, 0], [1, 40], [-779, -480]]
[[1, 0], [1, 43], [-5675, -473]]
[[1, 0], [1, 43], [-945, -43]]
[[1, 0], [1, 44], [-483, -484]]
[[1, 0], [1, 45], [-5, -48]]
[[1, 0], [1, 472], [-5, -944]]
[[1, 0], [1, 473], [-945, -473]]
[[1, 0], [1, 474], [-473, -474]]
[[1, 0], [1, 476], [-237, -476]]
[[1, 0], [1, 480], [-119, -480]]
[[1, 0], [1, 48], [-179, -96]]
[[1, 0], [1, 48], [-259, -160]]
[[1, 0], [1, 48], [-43, -176]]
[[1, 0], [1, 48], [-659, -480]]
[[1, 0], [1, 48], [-71, -576]]
[[1, 0], [1, 4], [-1079, -540]]
[[1, 0], [1, 4], [-1253, -528]]
[[1, 0], [1, 4], [-14279, -476]]
[[1, 0], [1, 4], [-1499, -96]]
[[1, 0], [1, 4], [-179, -236]]
[[1, 0], [1, 4], [-2141, -68]]
[[1, 0], [1, 4], [-2249, -500]]
[[1, 0], [1, 4], [-237, -4]]
[[1, 0], [1, 4], [-2459, -160]]
[[1, 0], [1, 4], [-473, -944]]
[[1, 0], [1, 4], [-483, -44]]
[[1, 0], [1, 4], [-515, -172]]
[[1, 0], [1, 4], [-533, -708]]
[[1, 0], [1, 4], [-539, -32]]
[[1, 0], [1, 4], [-67, -32]]
[[1, 0], [1, 4], [-683, -608]]
[[1, 0], [1, 4], [-7259, -480]]
[[1, 0], [1, 4], [-83, -96]]
[[1, 0], [1, 4], [-951, -28]]
[[1, 0], [1, 4], [-99, -160]]
[[1, 0], [1, 531], [-17, -531]]
[[1, 0], [1, 53], [-953, -477]]
[[1, 0], [1, 56], [-35, -72]]
[[1, 0], [1, 56], [-69, -560]]
[[1, 0], [1, 590], [-9, -590]]
[[1, 0], [1, 59], [-17, -59]]
[[1, 0], [1, 59], [-33, -944]]
[[1, 0], [1, 59], [-35, -177]]
[[1, 0], [1, 59], [-43, -649]]
[[1, 0], [1, 59], [-89, -531]]
[[1, 0], [1, 5], [-1049, -525]]
[[1, 0], [1, 5], [-1211, -96]]
[[1, 0], [1, 5], [-15199, -475]]
[[1, 0], [1, 5], [-1979, -160]]
[[1, 0], [1, 5], [-443, -32]]
[[1, 0], [1, 5], [-5819, -480]]
[[1, 0], [1, 5], [-759, -19]]
[[1, 0], [1, 5], [-77, -177]]
[[1, 0], [1, 5], [-949, -25]]
[[1, 0], [1, 60], [-155, -96]]
[[1, 0], [1, 60], [-219, -160]]
[[1, 0], [1, 60], [-539, -480]]
[[1, 0], [1, 62], [-185, -496]]
[[1, 0], [1, 64], [-17, -144]]
[[1, 0], [1, 68], [-237, -68]]
[[1, 0], [1, 68], [-67, -544]]
[[1, 0], [1, 68], [-951, -476]]
[[1, 0], [1, 6], [-1019, -96]]
[[1, 0], [1, 6], [-107, -288]]
[[1, 0], [1, 6], [-1659, -160]]
[[1, 0], [1, 6], [-189, -190]]
[[1, 0], [1, 6], [-18959, -474]]
[[1, 0], [1, 6], [-285, -176]]
[[1, 0], [1, 6], [-379, -32]]
[[1, 0], [1, 6], [-473, -6]]
[[1, 0], [1, 6], [-4859, -480]]
[[1, 0], [1, 6], [-6477, -158]]
[[1, 0], [1, 6], [-971, -162]]
[[1, 0], [1, 708], [-5, -708]]
[[1, 0], [1, 72], [-125, -504]]
[[1, 0], [1, 80], [-131, -96]]
[[1, 0], [1, 80], [-179, -160]]
[[1, 0], [1, 80], [-419, -480]]
[[1, 0], [1, 88], [-65, -528]]
[[1, 0], [1, 8], [-1007, -504]]
[[1, 0], [1, 8], [-125, -56]]
[[1, 0], [1, 8], [-1259, -160]]
[[1, 0], [1, 8], [-1301, -496]]
[[1, 0], [1, 8], [-237, -944]]
[[1, 0], [1, 8], [-299, -32]]
[[1, 0], [1, 8], [-315, -632]]
[[1, 0], [1, 8], [-3659, -480]]
[[1, 0], [1, 8], [-369, -592]]
[[1, 0], [1, 8], [-425, -568]]
[[1, 0], [1, 8], [-61, -16]]
[[1, 0], [1, 8], [-65, -48]]
[[1, 0], [1, 8], [-69, -80]]
[[1, 0], [1, 8], [-779, -96]]
[[1, 0], [1, 8], [-831, -512]]
[[1, 0], [1, 8], [-89, -240]]
[[1, 0], [1, 944], [-3, -944]]
[[1, 0], [1, 95], [-949, -475]]
[[1, 0], [1, 96], [-119, -96]]
[[1, 0], [1, 96], [-159, -160]]
[[1, 0], [1, 96], [-209, -240]]
[[1, 0], [1, 96], [-359, -480]]
[[1, 0], [1, 9], [-185, -177]]
[[1, 0], [1, 9], [-359, -576]]
[[1, 0], [1, 9], [-539, -531]]
[[1, 0], [1, 9], [-67, -59]]
[[1, 0], [10, 177], [-26, -177]]
[[1, 0], [10, 177], [-62, -531]]
[[1, 0], [10, 531], [-26, -531]]
[[1, 0], [10, 59], [-142, -649]]
[[1, 0], [10, 59], [-170, -531]]
[[1, 0], [10, 59], [-26, -59]]
[[1, 0], [10, 59], [-62, -177]]
[[1, 0], [100, 177], [-332, -531]]
[[1, 0], [100, 531], [-116, -531]]
[[1, 0], [101, 118], [-529, -590]]
[[1, 0], [101, 118], [-817, -944]]
[[1, 0], [101, 160], [-219, -160]]
[[1, 0], [101, 160], [-299, -240]]
[[1, 0], [101, 160], [-539, -480]]
[[1, 0], [101, 236], [-105, -236]]
[[1, 0], [101, 236], [-311, -708]]
[[1, 0], [101, 236], [-409, -944]]
[[1, 0], [101, 472], [-205, -944]]
[[1, 0], [101, 590], [-109, -590]]
[[1, 0], [103, 118], [-539, -590]]
[[1, 0], [103, 118], [-833, -944]]
[[1, 0], [103, 177], [-341, -531]]
[[1, 0], [103, 236], [-317, -708]]
[[1, 0], [103, 236], [-417, -944]]
[[1, 0], [103, 472], [-209, -944]]
[[1, 0], [103, 944], [-105, -944]]
[[1, 0], [105, 118], [-549, -590]]
[[1, 0], [105, 118], [-849, -944]]
[[1, 0], [105, 236], [-109, -236]]
[[1, 0], [105, 236], [-323, -708]]
[[1, 0], [105, 236], [-425, -944]]
[[1, 0], [105, 472], [-213, -944]]
[[1, 0], [105, 944], [-107, -944]]
[[1, 0], [106, 177], [-350, -531]]
[[1, 0], [107, 118], [-559, -590]]
[[1, 0], [107, 118], [-865, -944]]
[[1, 0], [107, 236], [-329, -708]]
[[1, 0], [107, 236], [-433, -944]]
[[1, 0], [107, 472], [-217, -944]]
[[1, 0], [107, 944], [-109, -944]]
[[1, 0], [109, 118], [-569, -590]]
[[1, 0], [109, 118], [-881, -944]]
[[1, 0], [109, 177], [-359, -531]]
[[1, 0], [109, 236], [-113, -236]]
[[1, 0], [109, 236], [-335, -708]]
[[1, 0], [109, 236], [-441, -944]]
[[1, 0], [109, 472], [-221, -944]]
[[1, 0], [109, 531], [-125, -531]]
[[1, 0], [109, 708], [-113, -708]]
[[1, 0], [11, 118], [-79, -590]]
[[1, 0], [11, 118], [-97, -944]]
[[1, 0], [11, 16], [-103, -64]]
[[1, 0], [11, 16], [-1109, -240]]
[[1, 0], [11, 16], [-129, -16]]
[[1, 0], [11, 16], [-191, -192]]
[[1, 0], [11, 16], [-199, -32]]
[[1, 0], [11, 16], [-2159, -480]]
[[1, 0], [11, 16], [-269, -48]]
[[1, 0], [11, 16], [-279, -320]]
[[1, 0], [11, 16], [-305, -272]]
[[1, 0], [11, 16], [-329, -264]]
[[1, 0], [11, 16], [-355, -472]]
[[1, 0], [11, 16], [-409, -80]]
[[1, 0], [11, 16], [-479, -96]]
[[1, 0], [11, 16], [-495, -248]]
[[1, 0], [11, 16], [-709, -944]]
[[1, 0], [11, 16], [-73, -74]]
[[1, 0], [11, 16], [-759, -160]]
[[1, 0], [11, 20], [-171, -32]]
[[1, 0], [11, 20], [-1739, -480]]
[[1, 0], [11, 20], [-395, -96]]
[[1, 0], [11, 20], [-499, -800]]
[[1, 0], [11, 20], [-619, -160]]
[[1, 0], [11, 20], [-97, -112]]
[[1, 0], [11, 236], [-41, -708]]
[[1, 0], [11, 236], [-49, -944]]
[[1, 0], [11, 40], [-227, -96]]
[[1, 0], [11, 40], [-339, -160]]
[[1, 0], [11, 40], [-47, -128]]
[[1, 0], [11, 40], [-899, -480]]
[[1, 0], [11, 472], [-25, -944]]
[[1, 0], [11, 59], [-153, -649]]
[[1, 0], [11, 59], [-179, -531]]
[[1, 0], [11, 59], [-193, -944]]
[[1, 0], [11, 59], [-27, -59]]
[[1, 0], [11, 59], [-65, -177]]
[[1, 0], [11, 80], [-129, -80]]
[[1, 0], [11, 80], [-143, -96]]
[[1, 0], [11, 80], [-199, -160]]
[[1, 0], [11, 80], [-269, -240]]
[[1, 0], [11, 80], [-479, -480]]
[[1, 0], [11, 944], [-13, -944]]
[[1, 0], [111, 118], [-119, -118]]
[[1, 0], [111, 118], [-579, -590]]
[[1, 0], [111, 118], [-897, -944]]
[[1, 0], [111, 236], [-341, -708]]
[[1, 0], [111, 236], [-449, -944]]
[[1, 0], [111, 472], [-225, -944]]
[[1, 0], [111, 590], [-119, -590]]
[[1, 0], [111, 944], [-113, -944]]
[[1, 0], [112, 177], [-368, -531]]
[[1, 0], [113, 118], [-121, -118]]
[[1, 0], [113, 118], [-589, -590]]
[[1, 0], [113, 118], [-913, -944]]
[[1, 0], [113, 128], [-511, -512]]
[[1, 0], [113, 236], [-117, -236]]
[[1, 0], [113, 236], [-347, -708]]
[[1, 0], [113, 236], [-457, -944]]
[[1, 0], [113, 472], [-229, -944]]
[[1, 0], [113, 944], [-115, -944]]
[[1, 0], [115, 118], [-599, -590]]
[[1, 0], [115, 118], [-929, -944]]
[[1, 0], [115, 177], [-377, -531]]
[[1, 0], [115, 236], [-353, -708]]
[[1, 0], [115, 236], [-465, -944]]
[[1, 0], [115, 472], [-233, -944]]
[[1, 0], [115, 944], [-117, -944]]
[[1, 0], [117, 118], [-609, -590]]
[[1, 0], [117, 118], [-945, -944]]
[[1, 0], [117, 236], [-121, -236]]
[[1, 0], [117, 236], [-359, -708]]
[[1, 0], [117, 236], [-473, -944]]
[[1, 0], [117, 472], [-237, -944]]
[[1, 0], [119, 236], [-365, -708]]
[[1, 0], [119, 236], [-481, -944]]
[[1, 0], [119, 472], [-241, -944]]
[[1, 0], [119, 944], [-121, -944]]
[[1, 0], [12, 59], [-164, -649]]
[[1, 0], [12, 59], [-188, -531]]
[[1, 0], [12, 59], [-209, -944]]
[[1, 0], [12, 59], [-28, -59]]
[[1, 0], [12, 59], [-68, -177]]
[[1, 0], [121, 160], [-329, -240]]
[[1, 0], [121, 160], [-599, -480]]
[[1, 0], [121, 177], [-395, -531]]
[[1, 0], [121, 236], [-125, -236]]
[[1, 0], [121, 236], [-371, -708]]
[[1, 0], [121, 236], [-489, -944]]
[[1, 0], [121, 240], [-419, -480]]
[[1, 0], [121, 472], [-245, -944]]
[[1, 0], [121, 590], [-129, -590]]
[[1, 0], [121, 708], [-125, -708]]
[[1, 0], [121, 944], [-123, -944]]
[[1, 0], [123, 236], [-377, -708]]
[[1, 0], [123, 236], [-497, -944]]
[[1, 0], [123, 472], [-249, -944]]
[[1, 0], [124, 177], [-404, -531]]
[[1, 0], [125, 236], [-129, -236]]
[[1, 0], [125, 236], [-383, -708]]
[[1, 0], [125, 236], [-505, -944]]
[[1, 0], [125, 248], [-309, -496]]
[[1, 0], [125, 472], [-253, -944]]
[[1, 0], [127, 236], [-389, -708]]
[[1, 0], [127, 236], [-513, -944]]
[[1, 0], [127, 472], [-257, -944]]
[[1, 0], [127, 531], [-143, -531]]
[[1, 0], [127, 944], [-129, -944]]
[[1, 0], [129, 236], [-133, -236]]
[[1, 0], [129, 236], [-395, -708]]
[[1, 0], [129, 236], [-521, -944]]
[[1, 0], [129, 472], [-261, -944]]
[[1, 0], [129, 944], [-131, -944]]
[[1, 0], [13, 118], [-113, -944]]
[[1, 0], [13, 118], [-21, -118]]
[[1, 0], [13, 118], [-89, -590]]
[[1, 0], [13, 16], [-203, -32]]
[[1, 0], [13, 16], [-215, -192]]
[[1, 0], [13, 16], [-2219, -480]]
[[1, 0], [13, 16], [-491, -96]]
[[1, 0], [13, 16], [-779, -160]]
[[1, 0], [13, 16], [-827, -944]]
[[1, 0], [13, 177], [-29, -177]]
[[1, 0], [13, 177], [-71, -531]]
[[1, 0], [13, 236], [-17, -236]]
[[1, 0], [13, 236], [-47, -708]]
[[1, 0], [13, 236], [-57, -944]]
[[1, 0], [13, 24], [-1499, -480]]
[[1, 0], [13, 24], [-155, -32]]
[[1, 0], [13, 24], [-209, -168]]
[[1, 0], [13, 24], [-347, -96]]
[[1, 0], [13, 24], [-449, -720]]
[[1, 0], [13, 24], [-539, -160]]
[[1, 0], [13, 32], [-111, -128]]
[[1, 0], [13, 32], [-1139, -480]]
[[1, 0], [13, 32], [-131, -32]]
[[1, 0], [13, 32], [-149, -40]]
[[1, 0], [13, 32], [-167, -48]]
[[1, 0], [13, 32], [-239, -80]]
[[1, 0], [13, 32], [-275, -96]]
[[1, 0], [13, 32], [-319, -640]]
[[1, 0], [13, 32], [-329, -120]]
[[1, 0], [13, 32], [-339, -544]]
[[1, 0], [13, 32], [-419, -160]]
[[1, 0], [13, 32], [-599, -240]]
[[1, 0], [13, 32], [-83, -168]]
[[1, 0], [13, 472], [-29, -944]]
[[1, 0], [13, 48], [-203, -96]]
[[1, 0], [13, 48], [-215, -576]]
[[1, 0], [13, 48], [-299, -160]]
[[1, 0], [13, 48], [-779, -480]]
[[1, 0], [13, 48], [-87, -176]]
[[1, 0], [13, 59], [-175, -649]]
[[1, 0], [13, 59], [-197, -531]]
[[1, 0], [13, 59], [-225, -944]]
[[1, 0], [13, 59], [-29, -59]]
[[1, 0], [13, 59], [-71, -177]]
[[1, 0], [13, 708], [-17, -708]]
[[1, 0], [13, 96], [-131, -96]]
[[1, 0], [13, 96], [-149, -120]]
[[1, 0], [13, 96], [-179, -160]]
[[1, 0], [13, 96], [-239, -240]]
[[1, 0], [13, 96], [-419, -480]]
[[1, 0], [130, 177], [-422, -531]]
[[1, 0], [131, 236], [-401, -708]]
[[1, 0], [131, 236], [-529, -944]]
[[1, 0], [131, 472], [-265, -944]]
[[1, 0], [131, 590], [-139, -590]]
[[1, 0], [131, 944], [-133, -944]]
[[1, 0], [133, 177], [-431, -531]]
[[1, 0], [133, 236], [-137, -236]]
[[1, 0], [133, 236], [-407, -708]]
[[1, 0], [133, 236], [-537, -944]]
[[1, 0], [133, 472], [-269, -944]]
[[1, 0], [133, 708], [-137, -708]]
[[1, 0], [135, 236], [-545, -944]]
[[1, 0], [135, 472], [-273, -944]]
[[1, 0], [135, 944], [-137, -944]]
[[1, 0], [136, 177], [-440, -531]]
[[1, 0], [136, 531], [-152, -531]]
[[1, 0], [137, 236], [-141, -236]]
[[1, 0], [137, 236], [-419, -708]]
[[1, 0], [137, 236], [-553, -944]]
[[1, 0], [137, 472], [-277, -944]]
[[1, 0], [137, 944], [-139, -944]]
[[1, 0], [139, 177], [-449, -531]]
[[1, 0], [139, 236], [-425, -708]]
[[1, 0], [139, 236], [-561, -944]]
[[1, 0], [139, 472], [-281, -944]]
[[1, 0], [139, 944], [-141, -944]]
[[1, 0], [14, 59], [-186, -649]]
[[1, 0], [14, 59], [-206, -531]]
[[1, 0], [14, 59], [-241, -944]]
[[1, 0], [14, 59], [-30, -59]]
[[1, 0], [14, 59], [-74, -177]]
[[1, 0], [141, 160], [-359, -240]]
[[1, 0], [141, 160], [-659, -480]]
[[1, 0], [141, 236], [-145, -236]]
[[1, 0], [141, 236], [-431, -708]]
[[1, 0], [141, 236], [-569, -944]]
[[1, 0], [141, 472], [-285, -944]]
[[1, 0], [141, 590], [-149, -590]]
[[1, 0], [142, 177], [-158, -177]]
[[1, 0], [142, 177], [-458, -531]]
[[1, 0], [143, 236], [-437, -708]]
[[1, 0], [143, 236], [-577, -944]]
[[1, 0], [143, 472], [-289, -944]]
[[1, 0], [143, 944], [-145, -944]]
[[1, 0], [145, 177], [-467, -531]]
[[1, 0], [145, 236], [-149, -236]]
[[1, 0], [145, 236], [-443, -708]]
[[1, 0], [145, 236], [-585, -944]]
[[1, 0], [145, 472], [-293, -944]]
[[1, 0], [145, 531], [-161, -531]]
[[1, 0], [145, 708], [-149, -708]]
[[1, 0], [145, 944], [-147, -944]]
[[1, 0], [147, 236], [-449, -708]]
[[1, 0], [147, 236], [-593, -944]]
[[1, 0], [147, 472], [-297, -944]]
[[1, 0], [147, 944], [-149, -944]]
[[1, 0], [148, 177], [-476, -531]]
[[1, 0], [149, 236], [-153, -236]]
[[1, 0], [149, 236], [-455, -708]]
[[1, 0], [149, 236], [-601, -944]]
[[1, 0], [149, 472], [-301, -944]]
[[1, 0], [15, 118], [-129, -944]]
[[1, 0], [15, 118], [-23, -118]]
[[1, 0], [15, 118], [-99, -590]]
[[1, 0], [15, 16], [-1169, -240]]
[[1, 0], [15, 16], [-119, -118]]
[[1, 0], [15, 16], [-119, -64]]
[[1, 0], [15, 16], [-207, -32]]
[[1, 0], [15, 16], [-2279, -480]]
[[1, 0], [15, 16], [-237, -236]]
[[1, 0], [15, 16], [-239, -192]]
[[1, 0], [15, 16], [-281, -48]]
[[1, 0], [15, 16], [-359, -320]]
[[1, 0], [15, 16], [-373, -272]]
[[1, 0], [15, 16], [-395, -264]]
[[1, 0], [15, 16], [-41, -28]]
[[1, 0], [15, 16], [-429, -80]]
[[1, 0], [15, 16], [-473, -472]]
[[1, 0], [15, 16], [-503, -96]]
[[1, 0], [15, 16], [-557, -248]]
[[1, 0], [15, 16], [-60, -59]]
[[1, 0], [15, 16], [-799, -160]]
[[1, 0], [15, 16], [-945, -944]]
[[1, 0], [15, 236], [-53, -708]]
[[1, 0], [15, 236], [-65, -944]]
[[1, 0], [15, 28], [-2379, -476]]
[[1, 0], [15, 28], [-419, -672]]
[[1, 0], [15, 28], [-441, -68]]
[[1, 0], [15, 472], [-33, -944]]
[[1, 0], [15, 56], [-209, -560]]
[[1, 0], [15, 56], [-53, -72]]
[[1, 0], [15, 59], [-197, -649]]
[[1, 0], [15, 59], [-215, -531]]
[[1, 0], [15, 59], [-257, -944]]
[[1, 0], [15, 59], [-31, -59]]
[[1, 0], [15, 59], [-77, -177]]
[[1, 0], [15, 944], [-17, -944]]
[[1, 0], [151, 177], [-485, -531]]
[[1, 0], [151, 236], [-461, -708]]
[[1, 0], [151, 236], [-609, -944]]
[[1, 0], [151, 240], [-269, -240]]
[[1, 0], [151, 240], [-479, -480]]
[[1, 0], [151, 472], [-305, -944]]
[[1, 0], [151, 590], [-159, -590]]
[[1, 0], [151, 944], [-153, -944]]
[[1, 0], [153, 236], [-157, -236]]
[[1, 0], [153, 236], [-467, -708]]
[[1, 0], [153, 236], [-617, -944]]
[[1, 0], [153, 472], [-309, -944]]
[[1, 0], [153, 944], [-155, -944]]
[[1, 0], [154, 177], [-494, -531]]
[[1, 0], [154, 531], [-170, -531]]
[[1, 0], [155, 236], [-473, -708]]
[[1, 0], [155, 236], [-625, -944]]
[[1, 0], [155, 472], [-313, -944]]
[[1, 0], [155, 944], [-157, -944]]
[[1, 0], [157, 177], [-503, -531]]
[[1, 0], [157, 236], [-161, -236]]
[[1, 0], [157, 236], [-479, -708]]
[[1, 0], [157, 236], [-633, -944]]
[[1, 0], [157, 472], [-317, -944]]
[[1, 0], [157, 708], [-161, -708]]
[[1, 0], [159, 236], [-485, -708]]
[[1, 0], [159, 236], [-641, -944]]
[[1, 0], [159, 472], [-321, -944]]
[[1, 0], [159, 944], [-161, -944]]
[[1, 0], [16, 177], [-32, -177]]
[[1, 0], [16, 177], [-80, -531]]
[[1, 0], [16, 59], [-208, -649]]
[[1, 0], [16, 59], [-224, -531]]
[[1, 0], [16, 59], [-273, -944]]
[[1, 0], [16, 59], [-32, -59]]
[[1, 0], [16, 59], [-80, -177]]
[[1, 0], [160, 177], [-512, -531]]
[[1, 0], [161, 236], [-165, -236]]
[[1, 0], [161, 236], [-491, -708]]
[[1, 0], [161, 472], [-325, -944]]
[[1, 0], [161, 590], [-169, -590]]
[[1, 0], [161, 944], [-163, -944]]
[[1, 0], [163, 177], [-179, -177]]
[[1, 0], [163, 177], [-521, -531]]
[[1, 0], [163, 236], [-497, -708]]
[[1, 0], [163, 236], [-657, -944]]
[[1, 0], [163, 472], [-329, -944]]
[[1, 0], [163, 531], [-179, -531]]
[[1, 0], [163, 944], [-165, -944]]
[[1, 0], [165, 236], [-169, -236]]
[[1, 0], [165, 236], [-503, -708]]
[[1, 0], [165, 236], [-665, -944]]
[[1, 0], [165, 472], [-333, -944]]
[[1, 0], [166, 177], [-182, -177]]
[[1, 0], [166, 177], [-530, -531]]
[[1, 0], [167, 236], [-509, -708]]
[[1, 0], [167, 236], [-673, -944]]
[[1, 0], [167, 472], [-337, -944]]
[[1, 0], [167, 944], [-169, -944]]
[[1, 0], [169, 177], [-185, -177]]
[[1, 0], [169, 177], [-539, -531]]
[[1, 0], [169, 236], [-173, -236]]
[[1, 0], [169, 236], [-515, -708]]
[[1, 0], [169, 236], [-681, -944]]
[[1, 0], [169, 472], [-341, -944]]
[[1, 0], [169, 708], [-173, -708]]
[[1, 0], [169, 944], [-171, -944]]
[[1, 0], [17, 118], [-109, -590]]
[[1, 0], [17, 118], [-145, -944]]
[[1, 0], [17, 118], [-25, -118]]
[[1, 0], [17, 128], [-127, -512]]
[[1, 0], [17, 236], [-21, -236]]
[[1, 0], [17, 236], [-73, -944]]
[[1, 0], [17, 32], [-1199, -480]]
[[1, 0], [17, 32], [-135, -32]]
[[1, 0], [17, 32], [-173, -48]]
[[1, 0], [17, 32], [-249, -80]]
[[1, 0], [17, 32], [-287, -96]]
[[1, 0], [17, 32], [-399, -640]]
[[1, 0], [17, 32], [-407, -544]]
[[1, 0], [17, 32], [-439, -160]]
[[1, 0], [17, 32], [-629, -240]]
[[1, 0], [17, 472], [-37, -944]]
[[1, 0], [17, 59], [-219, -649]]
[[1, 0], [17, 59], [-233, -531]]
[[1, 0], [17, 59], [-289, -944]]
[[1, 0], [17, 59], [-33, -59]]
[[1, 0], [17, 59], [-83, -177]]
[[1, 0], [17, 64], [-53, -144]]
[[1, 0], [17, 944], [-19, -944]]
[[1, 0], [171, 236], [-521, -708]]
[[1, 0], [171, 236], [-689, -944]]
[[1, 0], [171, 472], [-345, -944]]
[[1, 0], [171, 590], [-179, -590]]
[[1, 0], [171, 944], [-173, -944]]
[[1, 0], [172, 177], [-548, -531]]
[[1, 0], [172, 531], [-188, -531]]
[[1, 0], [173, 236], [-527, -708]]
[[1, 0], [173, 236], [-697, -944]]
[[1, 0], [173, 472], [-349, -944]]
[[1, 0], [175, 177], [-557, -531]]
[[1, 0], [175, 236], [-533, -708]]
[[1, 0], [175, 236], [-705, -944]]
[[1, 0], [175, 472], [-353, -944]]
[[1, 0], [179, 236], [-545, -708]]
[[1, 0], [179, 236], [-721, -944]]
[[1, 0], [179, 472], [-361, -944]]
[[1, 0], [179, 944], [-181, -944]]
[[1, 0], [18, 59], [-230, -649]]
[[1, 0], [18, 59], [-242, -531]]
[[1, 0], [18, 59], [-305, -944]]
[[1, 0], [18, 59], [-34, -59]]
[[1, 0], [18, 59], [-86, -177]]
[[1, 0], [181, 236], [-185, -236]]
[[1, 0], [181, 236], [-551, -708]]
[[1, 0], [181, 236], [-729, -944]]
[[1, 0], [181, 240], [-539, -480]]
[[1, 0], [181, 472], [-365, -944]]
[[1, 0], [181, 480], [-299, -480]]
[[1, 0], [181, 531], [-197, -531]]
[[1, 0], [181, 590], [-189, -590]]
[[1, 0], [181, 708], [-185, -708]]
[[1, 0], [183, 236], [-557, -708]]
[[1, 0], [183, 236], [-737, -944]]
[[1, 0], [183, 472], [-369, -944]]
[[1, 0], [183, 944], [-185, -944]]
[[1, 0], [185, 236], [-189, -236]]
[[1, 0], [185, 236], [-563, -708]]
[[1, 0], [185, 236], [-745, -944]]
[[1, 0], [185, 472], [-373, -944]]
[[1, 0], [185, 944], [-187, -944]]
[[1, 0], [187, 236], [-569, -708]]
[[1, 0], [187, 236], [-753, -944]]
[[1, 0], [187, 248], [-433, -496]]
[[1, 0], [187, 472], [-377, -944]]
[[1, 0], [187, 944], [-189, -944]]
[[1, 0], [189, 236], [-193, -236]]
[[1, 0], [189, 236], [-575, -708]]
[[1, 0], [189, 236], [-761, -944]]
[[1, 0], [189, 472], [-381, -944]]
[[1, 0], [19, 118], [-119, -590]]
[[1, 0], [19, 118], [-161, -944]]
[[1, 0], [19, 118], [-27, -118]]
[[1, 0], [19, 177], [-89, -531]]
[[1, 0], [19, 236], [-65, -708]]
[[1, 0], [19, 236], [-81, -944]]
[[1, 0], [19, 24], [-1619, -480]]
[[1, 0], [19, 24], [-163, -32]]
[[1, 0], [19, 24], [-251, -168]]
[[1, 0], [19, 24], [-371, -96]]
[[1, 0], [19, 24], [-579, -160]]
[[1, 0], [19, 24], [-629, -720]]
[[1, 0], [19, 472], [-41, -944]]
[[1, 0], [19, 48], [-109, -176]]
[[1, 0], [19, 48], [-189, -80]]
[[1, 0], [19, 48], [-215, -96]]
[[1, 0], [19, 48], [-287, -576]]
[[1, 0], [19, 48], [-319, -160]]
[[1, 0], [19, 48], [-449, -240]]
[[1, 0], [19, 48], [-51, -104]]
[[1, 0], [19, 48], [-839, -480]]
[[1, 0], [19, 59], [-241, -649]]
[[1, 0], [19, 59], [-251, -531]]
[[1, 0], [19, 59], [-321, -944]]
[[1, 0], [19, 59], [-89, -177]]
[[1, 0], [19, 72], [-251, -504]]
[[1, 0], [19, 944], [-21, -944]]
[[1, 0], [190, 531], [-206, -531]]
[[1, 0], [191, 236], [-581, -708]]
[[1, 0], [191, 236], [-769, -944]]
[[1, 0], [191, 472], [-385, -944]]
[[1, 0], [191, 590], [-199, -590]]
[[1, 0], [191, 944], [-193, -944]]
[[1, 0], [193, 236], [-197, -236]]
[[1, 0], [193, 236], [-587, -708]]
[[1, 0], [193, 236], [-777, -944]]
[[1, 0], [193, 472], [-389, -944]]
[[1, 0], [193, 708], [-197, -708]]
[[1, 0], [193, 944], [-195, -944]]
[[1, 0], [195, 236], [-593, -708]]
[[1, 0], [195, 236], [-785, -944]]
[[1, 0], [195, 472], [-393, -944]]
[[1, 0], [195, 944], [-197, -944]]
[[1, 0], [197, 236], [-201, -236]]
[[1, 0], [197, 236], [-599, -708]]
[[1, 0], [197, 236], [-793, -944]]
[[1, 0], [197, 472], [-397, -944]]
[[1, 0], [199, 236], [-605, -708]]
[[1, 0], [199, 236], [-801, -944]]
[[1, 0], [199, 472], [-401, -944]]
[[1, 0], [199, 531], [-215, -531]]
[[1, 0], [199, 944], [-201, -944]]
[[1, 0], [2, 59], [-18, -59]]
[[1, 0], [2, 59], [-38, -177]]
[[1, 0], [2, 59], [-49, -944]]
[[1, 0], [2, 59], [-54, -649]]
[[1, 0], [2, 59], [-98, -531]]
[[1, 0], [20, 59], [-252, -649]]
[[1, 0], [20, 59], [-260, -531]]
[[1, 0], [20, 59], [-337, -944]]
[[1, 0], [20, 59], [-36, -59]]
[[1, 0], [20, 59], [-92, -177]]
[[1, 0], [201, 236], [-205, -236]]
[[1, 0], [201, 236], [-611, -708]]
[[1, 0], [201, 236], [-809, -944]]
[[1, 0], [201, 472], [-405, -944]]
[[1, 0], [201, 590], [-209, -590]]
[[1, 0], [201, 944], [-203, -944]]
[[1, 0], [203, 236], [-617, -708]]
[[1, 0], [203, 236], [-817, -944]]
[[1, 0], [203, 472], [-409, -944]]
[[1, 0], [203, 944], [-205, -944]]
[[1, 0], [205, 236], [-209, -236]]
[[1, 0], [205, 236], [-623, -708]]
[[1, 0], [205, 236], [-825, -944]]
[[1, 0], [205, 708], [-209, -708]]
[[1, 0], [207, 236], [-629, -708]]
[[1, 0], [207, 236], [-833, -944]]
[[1, 0], [207, 472], [-417, -944]]
[[1, 0], [207, 944], [-209, -944]]
[[1, 0], [208, 531], [-224, -531]]
[[1, 0], [209, 236], [-213, -236]]
[[1, 0], [209, 236], [-635, -708]]
[[1, 0], [209, 236], [-841, -944]]
[[1, 0], [209, 472], [-421, -944]]
[[1, 0], [209, 944], [-211, -944]]
[[1, 0], [21, 118], [-129, -590]]
[[1, 0], [21, 118], [-29, -118]]
[[1, 0], [21, 160], [-139, -160]]
[[1, 0], [21, 160], [-179, -240]]
[[1, 0], [21, 160], [-299, -480]]
[[1, 0], [21, 236], [-25, -236]]
[[1, 0], [21, 236], [-71, -708]]
[[1, 0], [21, 236], [-89, -944]]
[[1, 0], [21, 32], [-125, -168]]
[[1, 0], [21, 32], [-1259, -480]]
[[1, 0], [21, 32], [-139, -32]]
[[1, 0], [21, 32], [-143, -128]]
[[1, 0], [21, 32], [-159, -40]]
[[1, 0], [21, 32], [-179, -48]]
[[1, 0], [21, 32], [-209, -60]]
[[1, 0], [21, 32], [-259, -80]]
[[1, 0], [21, 32], [-299, -96]]
[[1, 0], [21, 32], [-359, -120]]
[[1, 0], [21, 32], [-459, -160]]
[[1, 0], [21, 32], [-475, -544]]
[[1, 0], [21, 32], [-479, -640]]
[[1, 0], [21, 32], [-659, -240]]
[[1, 0], [21, 40], [-1019, -480]]
[[1, 0], [21, 40], [-251, -96]]
[[1, 0], [21, 40], [-379, -160]]
[[1, 0], [21, 40], [-79, -128]]
[[1, 0], [21, 472], [-45, -944]]
[[1, 0], [21, 590], [-29, -590]]
[[1, 0], [21, 59], [-263, -649]]
[[1, 0], [21, 59], [-269, -531]]
[[1, 0], [21, 59], [-353, -944]]
[[1, 0], [21, 59], [-37, -59]]
[[1, 0], [21, 59], [-95, -177]]
[[1, 0], [21, 80], [-155, -96]]
[[1, 0], [21, 80], [-219, -160]]
[[1, 0], [21, 80], [-539, -480]]
[[1, 0], [211, 236], [-641, -708]]
[[1, 0], [211, 236], [-849, -944]]
[[1, 0], [211, 240], [-599, -480]]
[[1, 0], [211, 472], [-425, -944]]
[[1, 0], [211, 590], [-219, -590]]
[[1, 0], [211, 944], [-213, -944]]
[[1, 0], [213, 236], [-217, -236]]
[[1, 0], [213, 236], [-647, -708]]
[[1, 0], [213, 236], [-857, -944]]
[[1, 0], [213, 472], [-429, -944]]
[[1, 0], [215, 236], [-653, -708]]
[[1, 0], [215, 236], [-865, -944]]
[[1, 0], [215, 472], [-433, -944]]
[[1, 0], [215, 944], [-217, -944]]
[[1, 0], [217, 236], [-221, -236]]
[[1, 0], [217, 236], [-659, -708]]
[[1, 0], [217, 236], [-873, -944]]
[[1, 0], [217, 472], [-437, -944]]
[[1, 0], [217, 531], [-233, -531]]
[[1, 0], [217, 708], [-221, -708]]
[[1, 0], [217, 944], [-219, -944]]
[[1, 0], [219, 236], [-665, -708]]
[[1, 0], [219, 236], [-881, -944]]
[[1, 0], [219, 472], [-441, -944]]
[[1, 0], [219, 944], [-221, -944]]
[[1, 0], [22, 177], [-38, -177]]
[[1, 0], [22, 177], [-98, -531]]
[[1, 0], [22, 59], [-274, -649]]
[[1, 0], [22, 59], [-278, -531]]
[[1, 0], [22, 59], [-369, -944]]
[[1, 0], [22, 59], [-98, -177]]
[[1, 0], [221, 236], [-225, -236]]
[[1, 0], [221, 236], [-671, -708]]
[[1, 0], [221, 236], [-889, -944]]
[[1, 0], [221, 472], [-445, -944]]
[[1, 0], [221, 590], [-229, -590]]
[[1, 0], [223, 236], [-677, -708]]
[[1, 0], [223, 236], [-897, -944]]
[[1, 0], [223, 472], [-449, -944]]
[[1, 0], [223, 944], [-225, -944]]
[[1, 0], [225, 236], [-229, -236]]
[[1, 0], [225, 236], [-683, -708]]
[[1, 0], [225, 236], [-905, -944]]
[[1, 0], [225, 472], [-453, -944]]
[[1, 0], [225, 944], [-227, -944]]
[[1, 0], [226, 531], [-242, -531]]
[[1, 0], [227, 236], [-689, -708]]
[[1, 0], [227, 236], [-913, -944]]
[[1, 0], [227, 472], [-457, -944]]
[[1, 0], [227, 944], [-229, -944]]
[[1, 0], [229, 236], [-233, -236]]
[[1, 0], [229, 236], [-695, -708]]
[[1, 0], [229, 236], [-921, -944]]
[[1, 0], [229, 472], [-461, -944]]
[[1, 0], [229, 708], [-233, -708]]
[[1, 0], [23, 118], [-139, -590]]
[[1, 0], [23, 118], [-193, -944]]
[[1, 0], [23, 118], [-31, -118]]
[[1, 0], [23, 236], [-77, -708]]
[[1, 0], [23, 236], [-97, -944]]
[[1, 0], [23, 44], [-725, -484]]
[[1, 0], [23, 472], [-49, -944]]
[[1, 0], [23, 59], [-101, -177]]
[[1, 0], [23, 59], [-285, -649]]
[[1, 0], [23, 59], [-287, -531]]
[[1, 0], [23, 59], [-385, -944]]
[[1, 0], [23, 88], [-197, -528]]
[[1, 0], [23, 944], [-25, -944]]
[[1, 0], [231, 236], [-701, -708]]
[[1, 0], [231, 236], [-929, -944]]
[[1, 0], [231, 472], [-465, -944]]
[[1, 0], [231, 590], [-239, -590]]
[[1, 0], [231, 944], [-233, -944]]
[[1, 0], [233, 236], [-237, -236]]
[[1, 0], [233, 236], [-707, -708]]
[[1, 0], [233, 236], [-937, -944]]
[[1, 0], [233, 472], [-469, -944]]
[[1, 0], [233, 944], [-235, -944]]
[[1, 0], [235, 236], [-713, -708]]
[[1, 0], [235, 236], [-945, -944]]
[[1, 0], [235, 472], [-473, -944]]
[[1, 0], [235, 531], [-251, -531]]
[[1, 0], [235, 944], [-237, -944]]
[[1, 0], [237, 472], [-477, -944]]
[[1, 0], [239, 472], [-481, -944]]
[[1, 0], [239, 944], [-241, -944]]
[[1, 0], [24, 59], [-104, -177]]
[[1, 0], [24, 59], [-296, -531]]
[[1, 0], [24, 59], [-296, -649]]
[[1, 0], [24, 59], [-40, -59]]
[[1, 0], [24, 59], [-401, -944]]
[[1, 0], [241, 472], [-485, -944]]
[[1, 0], [241, 480], [-359, -480]]
[[1, 0], [241, 590], [-249, -590]]
[[1, 0], [241, 708], [-245, -708]]
[[1, 0], [241, 944], [-243, -944]]
[[1, 0], [243, 472], [-489, -944]]
[[1, 0], [243, 944], [-245, -944]]
[[1, 0], [244, 531], [-260, -531]]
[[1, 0], [245, 472], [-493, -944]]
[[1, 0], [247, 472], [-497, -944]]
[[1, 0], [247, 944], [-249, -944]]
[[1, 0], [249, 472], [-501, -944]]
[[1, 0], [249, 944], [-251, -944]]
[[1, 0], [25, 118], [-149, -590]]
[[1, 0], [25, 118], [-209, -944]]
[[1, 0], [25, 118], [-33, -118]]
[[1, 0], [25, 177], [-107, -531]]
[[1, 0], [25, 177], [-41, -177]]
[[1, 0], [25, 236], [-105, -944]]
[[1, 0], [25, 236], [-29, -236]]
[[1, 0], [25, 236], [-83, -708]]
[[1, 0], [25, 32], [-1319, -480]]
[[1, 0], [25, 32], [-185, -48]]
[[1, 0], [25, 32], [-269, -80]]
[[1, 0], [25, 32], [-311, -96]]
[[1, 0], [25, 32], [-479, -160]]
[[1, 0], [25, 32], [-543, -544]]
[[1, 0], [25, 32], [-559, -640]]
[[1, 0], [25, 32], [-689, -240]]
[[1, 0], [25, 472], [-53, -944]]
[[1, 0], [25, 48], [-131, -176]]
[[1, 0], [25, 48], [-227, -96]]
[[1, 0], [25, 48], [-339, -160]]
[[1, 0], [25, 48], [-359, -576]]
[[1, 0], [25, 48], [-899, -480]]
[[1, 0], [25, 59], [-107, -177]]
[[1, 0], [25, 59], [-305, -531]]
[[1, 0], [25, 59], [-307, -649]]
[[1, 0], [25, 59], [-417, -944]]
[[1, 0], [25, 64], [-159, -256]]
[[1, 0], [25, 64], [-71, -144]]
[[1, 0], [25, 708], [-29, -708]]
[[1, 0], [25, 944], [-27, -944]]
[[1, 0], [25, 96], [-199, -160]]
[[1, 0], [25, 96], [-269, -240]]
[[1, 0], [25, 96], [-479, -480]]
[[1, 0], [251, 472], [-505, -944]]
[[1, 0], [251, 590], [-259, -590]]
[[1, 0], [251, 944], [-253, -944]]
[[1, 0], [253, 472], [-509, -944]]
[[1, 0], [253, 531], [-269, -531]]
[[1, 0], [253, 708], [-257, -708]]
[[1, 0], [255, 472], [-513, -944]]
[[1, 0], [255, 944], [-257, -944]]
[[1, 0], [257, 472], [-517, -944]]
[[1, 0], [257, 944], [-259, -944]]
[[1, 0], [259, 472], [-521, -944]]
[[1, 0], [259, 944], [-261, -944]]
[[1, 0], [26, 59], [-110, -177]]
[[1, 0], [26, 59], [-314, -531]]
[[1, 0], [26, 59], [-318, -649]]
[[1, 0], [26, 59], [-433, -944]]
[[1, 0], [261, 472], [-525, -944]]
[[1, 0], [261, 590], [-269, -590]]
[[1, 0], [263, 472], [-529, -944]]
[[1, 0], [263, 944], [-265, -944]]
[[1, 0], [265, 472], [-533, -944]]
[[1, 0], [265, 708], [-269, -708]]
[[1, 0], [265, 944], [-267, -944]]
[[1, 0], [267, 472], [-537, -944]]
[[1, 0], [267, 944], [-269, -944]]
[[1, 0], [269, 472], [-541, -944]]
[[1, 0], [27, 118], [-159, -590]]
[[1, 0], [27, 118], [-225, -944]]
[[1, 0], [27, 118], [-35, -118]]
[[1, 0], [27, 236], [-113, -944]]
[[1, 0], [27, 236], [-89, -708]]
[[1, 0], [27, 472], [-57, -944]]
[[1, 0], [27, 59], [-113, -177]]
[[1, 0], [27, 59], [-323, -531]]
[[1, 0], [27, 59], [-329, -649]]
[[1, 0], [27, 59], [-449, -944]]
[[1, 0], [27, 944], [-29, -944]]
[[1, 0], [271, 472], [-545, -944]]
[[1, 0], [271, 590], [-279, -590]]
[[1, 0], [271, 944], [-273, -944]]
[[1, 0], [273, 472], [-549, -944]]
[[1, 0], [273, 944], [-275, -944]]
[[1, 0], [275, 472], [-553, -944]]
[[1, 0], [275, 944], [-277, -944]]
[[1, 0], [277, 472], [-557, -944]]
[[1, 0], [277, 708], [-281, -708]]
[[1, 0], [279, 472], [-561, -944]]
[[1, 0], [279, 944], [-281, -944]]
[[1, 0], [28, 177], [-116, -531]]
[[1, 0], [28, 177], [-44, -177]]
[[1, 0], [28, 531], [-44, -531]]
[[1, 0], [28, 59], [-116, -177]]
[[1, 0], [28, 59], [-332, -531]]
[[1, 0], [28, 59], [-340, -649]]
[[1, 0], [28, 59], [-465, -944]]
[[1, 0], [281, 472], [-565, -944]]
[[1, 0], [281, 590], [-289, -590]]
[[1, 0], [281, 944], [-283, -944]]
[[1, 0], [283, 472], [-569, -944]]
[[1, 0], [283, 944], [-285, -944]]
[[1, 0], [285, 472], [-573, -944]]
[[1, 0], [287, 472], [-577, -944]]
[[1, 0], [287, 944], [-289, -944]]
[[1, 0], [289, 472], [-581, -944]]
[[1, 0], [289, 708], [-293, -708]]
[[1, 0], [289, 944], [-291, -944]]
[[1, 0], [29, 118], [-169, -590]]
[[1, 0], [29, 118], [-241, -944]]
[[1, 0], [29, 118], [-37, -118]]
[[1, 0], [29, 236], [-121, -944]]
[[1, 0], [29, 236], [-33, -236]]
[[1, 0], [29, 236], [-95, -708]]
[[1, 0], [29, 32], [-1379, -480]]
[[1, 0], [29, 32], [-167, -168]]
[[1, 0], [29, 32], [-169, -40]]
[[1, 0], [29, 32], [-175, -128]]
[[1, 0], [29, 32], [-191, -48]]
[[1, 0], [29, 32], [-279, -80]]
[[1, 0], [29, 32], [-323, -96]]
[[1, 0], [29, 32], [-389, -120]]
[[1, 0], [29, 32], [-49, -50]]
[[1, 0], [29, 32], [-499, -160]]
[[1, 0], [29, 32], [-611, -544]]
[[1, 0], [29, 32], [-639, -640]]
[[1, 0], [29, 32], [-719, -240]]
[[1, 0], [29, 472], [-61, -944]]
[[1, 0], [29, 56], [-349, -560]]
[[1, 0], [29, 56], [-71, -72]]
[[1, 0], [29, 59], [-119, -177]]
[[1, 0], [29, 59], [-341, -531]]
[[1, 0], [29, 59], [-351, -649]]
[[1, 0], [29, 59], [-481, -944]]
[[1, 0], [291, 472], [-585, -944]]
[[1, 0], [291, 590], [-299, -590]]
[[1, 0], [291, 944], [-293, -944]]
[[1, 0], [293, 472], [-589, -944]]
[[1, 0], [297, 472], [-597, -944]]
[[1, 0], [297, 944], [-299, -944]]
[[1, 0], [299, 472], [-601, -944]]
[[1, 0], [299, 944], [-301, -944]]
[[1, 0], [3, 118], [-11, -118]]
[[1, 0], [3, 118], [-33, -944]]
[[1, 0], [3, 118], [-39, -590]]
[[1, 0], [3, 16], [-119, -320]]
[[1, 0], [3, 16], [-119, -472]]
[[1, 0], [3, 16], [-121, -16]]
[[1, 0], [3, 16], [-169, -272]]
[[1, 0], [3, 16], [-183, -32]]
[[1, 0], [3, 16], [-1919, -480]]
[[1, 0], [3, 16], [-197, -264]]
[[1, 0], [3, 16], [-237, -944]]
[[1, 0], [3, 16], [-245, -48]]
[[1, 0], [3, 16], [-32, -33]]
[[1, 0], [3, 16], [-369, -80]]
[[1, 0], [3, 16], [-371, -248]]
[[1, 0], [3, 16], [-431, -96]]
[[1, 0], [3, 16], [-679, -160]]
[[1, 0], [3, 16], [-71, -64]]
[[1, 0], [3, 16], [-95, -192]]
[[1, 0], [3, 16], [-989, -240]]
[[1, 0], [3, 236], [-17, -708]]
[[1, 0], [3, 236], [-17, -944]]
[[1, 0], [3, 472], [-9, -944]]
[[1, 0], [3, 4], [-131, -96]]
[[1, 0], [3, 4], [-1349, -540]]
[[1, 0], [3, 4], [-14517, -476]]
[[1, 0], [3, 4], [-1517, -528]]
[[1, 0], [3, 4], [-1547, -96]]
[[1, 0], [3, 4], [-179, -160]]
[[1, 0], [3, 4], [-2175, -68]]
[[1, 0], [3, 4], [-2499, -500]]
[[1, 0], [3, 4], [-2539, -160]]
[[1, 0], [3, 4], [-297, -236]]
[[1, 0], [3, 4], [-505, -44]]
[[1, 0], [3, 4], [-555, -32]]
[[1, 0], [3, 4], [-601, -172]]
[[1, 0], [3, 4], [-7499, -480]]
[[1, 0], [3, 4], [-83, -32]]
[[1, 0], [3, 4], [-887, -708]]
[[1, 0], [3, 4], [-945, -944]]
[[1, 0], [3, 4], [-965, -28]]
[[1, 0], [3, 4], [-987, -608]]
[[1, 0], [3, 59], [-107, -531]]
[[1, 0], [3, 59], [-19, -59]]
[[1, 0], [3, 59], [-41, -177]]
[[1, 0], [3, 59], [-65, -649]]
[[1, 0], [3, 59], [-65, -944]]
[[1, 0], [3, 8], [-1133, -504]]
[[1, 0], [3, 8], [-1299, -160]]
[[1, 0], [3, 8], [-139, -56]]
[[1, 0], [3, 8], [-1425, -496]]
[[1, 0], [3, 8], [-149, -240]]
[[1, 0], [3, 8], [-307, -32]]
[[1, 0], [3, 8], [-3779, -480]]
[[1, 0], [3, 8], [-473, -632]]
[[1, 0], [3, 8], [-473, -944]]
[[1, 0], [3, 8], [-517, -592]]
[[1, 0], [3, 8], [-567, -568]]
[[1, 0], [3, 8], [-65, -16]]
[[1, 0], [3, 8], [-77, -48]]
[[1, 0], [3, 8], [-803, -96]]
[[1, 0], [3, 8], [-89, -80]]
[[1, 0], [3, 8], [-959, -512]]
[[1, 0], [3, 944], [-5, -944]]
[[1, 0], [30, 59], [-122, -177]]
[[1, 0], [30, 59], [-350, -531]]
[[1, 0], [30, 59], [-362, -649]]
[[1, 0], [30, 59], [-497, -944]]
[[1, 0], [301, 472], [-605, -944]]
[[1, 0], [301, 708], [-305, -708]]
[[1, 0], [303, 472], [-609, -944]]
[[1, 0], [303, 944], [-305, -944]]
[[1, 0], [305, 472], [-613, -944]]
[[1, 0], [305, 944], [-307, -944]]
[[1, 0], [307, 472], [-617, -944]]
[[1, 0], [307, 944], [-309, -944]]
[[1, 0], [309, 472], [-621, -944]]
[[1, 0], [31, 118], [-179, -590]]
[[1, 0], [31, 118], [-257, -944]]
[[1, 0], [31, 118], [-39, -118]]
[[1, 0], [31, 120], [-179, -160]]
[[1, 0], [31, 120], [-419, -480]]
[[1, 0], [31, 177], [-125, -531]]
[[1, 0], [31, 177], [-47, -177]]
[[1, 0], [31, 236], [-101, -708]]
[[1, 0], [31, 236], [-129, -944]]
[[1, 0], [31, 240], [-149, -240]]
[[1, 0], [31, 240], [-239, -480]]
[[1, 0], [31, 40], [-111, -128]]
[[1, 0], [31, 40], [-1139, -480]]
[[1, 0], [31, 40], [-275, -96]]
[[1, 0], [31, 40], [-419, -160]]
[[1, 0], [31, 472], [-65, -944]]
[[1, 0], [31, 48], [-149, -48]]
[[1, 0], [31, 48], [-153, -176]]
[[1, 0], [31, 48], [-209, -80]]
[[1, 0], [31, 48], [-239, -96]]
[[1, 0], [31, 48], [-359, -160]]
[[1, 0], [31, 48], [-431, -576]]
[[1, 0], [31, 48], [-509, -240]]
[[1, 0], [31, 48], [-77, -104]]
[[1, 0], [31, 48], [-959, -480]]
[[1, 0], [31, 590], [-39, -590]]
[[1, 0], [31, 59], [-125, -177]]
[[1, 0], [31, 59], [-359, -531]]
[[1, 0], [31, 59], [-373, -649]]
[[1, 0], [31, 59], [-513, -944]]
[[1, 0], [31, 60], [-203, -96]]
[[1, 0], [31, 60], [-299, -160]]
[[1, 0], [31, 60], [-779, -480]]
[[1, 0], [31, 80], [-167, -96]]
[[1, 0], [31, 80], [-239, -160]]
[[1, 0], [31, 80], [-329, -240]]
[[1, 0], [31, 80], [-599, -480]]
[[1, 0], [31, 80], [-69, -140]]
[[1, 0], [31, 944], [-33, -944]]
[[1, 0], [311, 472], [-625, -944]]
[[1, 0], [311, 944], [-313, -944]]
[[1, 0], [313, 472], [-629, -944]]
[[1, 0], [313, 708], [-317, -708]]
[[1, 0], [313, 944], [-315, -944]]
[[1, 0], [315, 472], [-633, -944]]
[[1, 0], [315, 944], [-317, -944]]
[[1, 0], [317, 472], [-637, -944]]
[[1, 0], [319, 472], [-641, -944]]
[[1, 0], [319, 944], [-321, -944]]
[[1, 0], [32, 59], [-128, -177]]
[[1, 0], [32, 59], [-368, -531]]
[[1, 0], [32, 59], [-384, -649]]
[[1, 0], [32, 59], [-529, -944]]
[[1, 0], [321, 472], [-645, -944]]
[[1, 0], [321, 944], [-323, -944]]
[[1, 0], [323, 944], [-325, -944]]
[[1, 0], [325, 472], [-653, -944]]
[[1, 0], [325, 708], [-329, -708]]
[[1, 0], [327, 472], [-657, -944]]
[[1, 0], [327, 944], [-329, -944]]
[[1, 0], [329, 472], [-661, -944]]
[[1, 0], [329, 944], [-331, -944]]
[[1, 0], [33, 118], [-189, -590]]
[[1, 0], [33, 118], [-273, -944]]
[[1, 0], [33, 118], [-41, -118]]
[[1, 0], [33, 128], [-191, -512]]
[[1, 0], [33, 236], [-107, -708]]
[[1, 0], [33, 236], [-137, -944]]
[[1, 0], [33, 236], [-37, -236]]
[[1, 0], [33, 472], [-69, -944]]
[[1, 0], [33, 59], [-131, -177]]
[[1, 0], [33, 59], [-377, -531]]
[[1, 0], [33, 59], [-395, -649]]
[[1, 0], [33, 59], [-545, -944]]
[[1, 0], [33, 64], [-89, -144]]
[[1, 0], [33, 944], [-35, -944]]
[[1, 0], [331, 472], [-665, -944]]
[[1, 0], [331, 944], [-333, -944]]
[[1, 0], [333, 472], [-669, -944]]
[[1, 0], [335, 472], [-673, -944]]
[[1, 0], [335, 944], [-337, -944]]
[[1, 0], [337, 472], [-677, -944]]
[[1, 0], [337, 708], [-341, -708]]
[[1, 0], [337, 944], [-339, -944]]
[[1, 0], [339, 472], [-681, -944]]
[[1, 0], [339, 944], [-341, -944]]
[[1, 0], [34, 177], [-134, -531]]
[[1, 0], [34, 177], [-50, -177]]
[[1, 0], [34, 59], [-134, -177]]
[[1, 0], [34, 59], [-386, -531]]
[[1, 0], [34, 59], [-406, -649]]
[[1, 0], [34, 59], [-561, -944]]
[[1, 0], [341, 472], [-685, -944]]
[[1, 0], [343, 472], [-689, -944]]
[[1, 0], [343, 944], [-345, -944]]
[[1, 0], [345, 472], [-693, -944]]
[[1, 0], [345, 944], [-347, -944]]
[[1, 0], [347, 472], [-697, -944]]
[[1, 0], [347, 944], [-349, -944]]
[[1, 0], [349, 472], [-701, -944]]
[[1, 0], [349, 708], [-353, -708]]
[[1, 0], [35, 118], [-199, -590]]
[[1, 0], [35, 118], [-289, -944]]
[[1, 0], [35, 118], [-43, -118]]
[[1, 0], [35, 236], [-113, -708]]
[[1, 0], [35, 236], [-145, -944]]
[[1, 0], [35, 472], [-73, -944]]
[[1, 0], [35, 59], [-137, -177]]
[[1, 0], [35, 59], [-395, -531]]
[[1, 0], [35, 59], [-417, -649]]
[[1, 0], [35, 59], [-577, -944]]
[[1, 0], [35, 68], [-1189, -476]]
[[1, 0], [35, 68], [-339, -544]]
[[1, 0], [35, 944], [-37, -944]]
[[1, 0], [351, 472], [-705, -944]]
[[1, 0], [351, 944], [-353, -944]]
[[1, 0], [353, 472], [-709, -944]]
[[1, 0], [353, 944], [-355, -944]]
[[1, 0], [355, 472], [-713, -944]]
[[1, 0], [355, 944], [-357, -944]]
[[1, 0], [357, 472], [-717, -944]]
[[1, 0], [359, 472], [-721, -944]]
[[1, 0], [36, 59], [-140, -177]]
[[1, 0], [36, 59], [-404, -531]]
[[1, 0], [36, 59], [-428, -649]]
[[1, 0], [36, 59], [-593, -944]]
[[1, 0], [361, 472], [-725, -944]]
[[1, 0], [361, 708], [-365, -708]]
[[1, 0], [361, 944], [-363, -944]]
[[1, 0], [363, 472], [-729, -944]]
[[1, 0], [363, 944], [-365, -944]]
[[1, 0], [365, 472], [-733, -944]]
[[1, 0], [367, 472], [-737, -944]]
[[1, 0], [367, 944], [-369, -944]]
[[1, 0], [369, 472], [-741, -944]]
[[1, 0], [369, 944], [-371, -944]]
[[1, 0], [37, 118], [-209, -590]]
[[1, 0], [37, 118], [-305, -944]]
[[1, 0], [37, 118], [-45, -118]]
[[1, 0], [37, 177], [-143, -531]]
[[1, 0], [37, 177], [-53, -177]]
[[1, 0], [37, 236], [-119, -708]]
[[1, 0], [37, 236], [-153, -944]]
[[1, 0], [37, 236], [-41, -236]]
[[1, 0], [37, 472], [-77, -944]]
[[1, 0], [37, 48], [-1019, -480]]
[[1, 0], [37, 48], [-175, -176]]
[[1, 0], [37, 48], [-251, -96]]
[[1, 0], [37, 48], [-379, -160]]
[[1, 0], [37, 48], [-503, -576]]
[[1, 0], [37, 531], [-53, -531]]
[[1, 0], [37, 59], [-143, -177]]
[[1, 0], [37, 59], [-439, -649]]
[[1, 0], [37, 59], [-609, -944]]
[[1, 0], [37, 708], [-41, -708]]
[[1, 0], [37, 72], [-377, -504]]
[[1, 0], [37, 96], [-155, -96]]
[[1, 0], [37, 96], [-179, -120]]
[[1, 0], [37, 96], [-219, -160]]
[[1, 0], [37, 96], [-299, -240]]
[[1, 0], [37, 96], [-539, -480]]
[[1, 0], [371, 472], [-745, -944]]
[[1, 0], [371, 944], [-373, -944]]
[[1, 0], [373, 472], [-749, -944]]
[[1, 0], [373, 708], [-377, -708]]
[[1, 0], [375, 472], [-753, -944]]
[[1, 0], [375, 944], [-377, -944]]
[[1, 0], [377, 472], [-757, -944]]
[[1, 0], [377, 944], [-379, -944]]
[[1, 0], [379, 472], [-761, -944]]
[[1, 0], [379, 944], [-381, -944]]
[[1, 0], [38, 59], [-146, -177]]
[[1, 0], [38, 59], [-422, -531]]
[[1, 0], [38, 59], [-450, -649]]
[[1, 0], [38, 59], [-625, -944]]
[[1, 0], [381, 472], [-765, -944]]
[[1, 0], [383, 472], [-769, -944]]
[[1, 0], [383, 944], [-385, -944]]
[[1, 0], [385, 472], [-773, -944]]
[[1, 0], [385, 708], [-389, -708]]
[[1, 0], [385, 944], [-387, -944]]
[[1, 0], [387, 472], [-777, -944]]
[[1, 0], [387, 944], [-389, -944]]
[[1, 0], [389, 472], [-781, -944]]
[[1, 0], [39, 118], [-219, -590]]
[[1, 0], [39, 118], [-321, -944]]
[[1, 0], [39, 118], [-47, -118]]
[[1, 0], [39, 236], [-125, -708]]
[[1, 0], [39, 236], [-161, -944]]
[[1, 0], [39, 472], [-81, -944]]
[[1, 0], [39, 59], [-149, -177]]
[[1, 0], [39, 59], [-431, -531]]
[[1, 0], [39, 59], [-461, -649]]
[[1, 0], [39, 59], [-641, -944]]
[[1, 0], [39, 944], [-41, -944]]
[[1, 0], [391, 472], [-785, -944]]
[[1, 0], [391, 944], [-393, -944]]
[[1, 0], [393, 472], [-789, -944]]
[[1, 0], [393, 944], [-395, -944]]
[[1, 0], [395, 472], [-793, -944]]
[[1, 0], [395, 944], [-397, -944]]
[[1, 0], [397, 472], [-797, -944]]
[[1, 0], [397, 708], [-401, -708]]
[[1, 0], [399, 472], [-801, -944]]
[[1, 0], [399, 944], [-401, -944]]
[[1, 0], [4, 177], [-20, -177]]
[[1, 0], [4, 177], [-44, -531]]
[[1, 0], [4, 59], [-116, -531]]
[[1, 0], [4, 59], [-20, -59]]
[[1, 0], [4, 59], [-44, -177]]
[[1, 0], [4, 59], [-76, -649]]
[[1, 0], [4, 59], [-81, -944]]
[[1, 0], [40, 177], [-152, -531]]
[[1, 0], [40, 177], [-56, -177]]
[[1, 0], [40, 59], [-152, -177]]
[[1, 0], [40, 59], [-440, -531]]
[[1, 0], [40, 59], [-657, -944]]
[[1, 0], [401, 472], [-805, -944]]
[[1, 0], [401, 944], [-403, -944]]
[[1, 0], [403, 472], [-809, -944]]
[[1, 0], [403, 944], [-405, -944]]
[[1, 0], [405, 472], [-813, -944]]
[[1, 0], [407, 472], [-817, -944]]
[[1, 0], [407, 944], [-409, -944]]
[[1, 0], [409, 472], [-821, -944]]
[[1, 0], [409, 944], [-411, -944]]
[[1, 0], [41, 118], [-229, -590]]
[[1, 0], [41, 118], [-337, -944]]
[[1, 0], [41, 118], [-49, -118]]
[[1, 0], [41, 160], [-209, -240]]
[[1, 0], [41, 160], [-359, -480]]
[[1, 0], [41, 236], [-131, -708]]
[[1, 0], [41, 236], [-169, -944]]
[[1, 0], [41, 236], [-45, -236]]
[[1, 0], [41, 472], [-85, -944]]
[[1, 0], [41, 590], [-49, -590]]
[[1, 0], [41, 59], [-155, -177]]
[[1, 0], [41, 59], [-449, -531]]
[[1, 0], [41, 59], [-483, -649]]
[[1, 0], [41, 59], [-673, -944]]
[[1, 0], [41, 64], [-107, -144]]
[[1, 0], [41, 64], [-223, -256]]
[[1, 0], [41, 80], [-179, -96]]
[[1, 0], [41, 80], [-259, -160]]
[[1, 0], [41, 80], [-659, -480]]
[[1, 0], [41, 944], [-43, -944]]
[[1, 0], [411, 472], [-825, -944]]
[[1, 0], [415, 472], [-833, -944]]
[[1, 0], [415, 944], [-417, -944]]
[[1, 0], [417, 472], [-837, -944]]
[[1, 0], [417, 944], [-419, -944]]
[[1, 0], [419, 472], [-841, -944]]
[[1, 0], [419, 944], [-421, -944]]
[[1, 0], [42, 59], [-158, -177]]
[[1, 0], [42, 59], [-458, -531]]
[[1, 0], [42, 59], [-494, -649]]
[[1, 0], [42, 59], [-689, -944]]
[[1, 0], [421, 472], [-845, -944]]
[[1, 0], [421, 480], [-539, -480]]
[[1, 0], [421, 708], [-425, -708]]
[[1, 0], [423, 472], [-849, -944]]
[[1, 0], [423, 944], [-425, -944]]
[[1, 0], [425, 472], [-853, -944]]
[[1, 0], [425, 944], [-427, -944]]
[[1, 0], [427, 472], [-857, -944]]
[[1, 0], [427, 944], [-429, -944]]
[[1, 0], [429, 472], [-861, -944]]
[[1, 0], [43, 118], [-239, -590]]
[[1, 0], [43, 118], [-353, -944]]
[[1, 0], [43, 118], [-51, -118]]
[[1, 0], [43, 177], [-161, -531]]
[[1, 0], [43, 236], [-137, -708]]
[[1, 0], [43, 472], [-89, -944]]
[[1, 0], [43, 48], [-103, -104]]
[[1, 0], [43, 48], [-1079, -480]]
[[1, 0], [43, 48], [-197, -176]]
[[1, 0], [43, 48], [-229, -80]]
[[1, 0], [43, 48], [-263, -96]]
[[1, 0], [43, 48], [-399, -160]]
[[1, 0], [43, 48], [-569, -240]]
[[1, 0], [43, 48], [-575, -576]]
[[1, 0], [43, 56], [-489, -560]]
[[1, 0], [43, 56], [-89, -72]]
[[1, 0], [43, 59], [-161, -177]]
[[1, 0], [43, 59], [-467, -531]]
[[1, 0], [43, 59], [-505, -649]]
[[1, 0], [43, 59], [-705, -944]]
[[1, 0], [43, 944], [-45, -944]]
[[1, 0], [431, 472], [-865, -944]]
[[1, 0], [431, 944], [-433, -944]]
[[1, 0], [433, 472], [-869, -944]]
[[1, 0], [433, 708], [-437, -708]]
[[1, 0], [433, 944], [-435, -944]]
[[1, 0], [435, 472], [-873, -944]]
[[1, 0], [435, 944], [-437, -944]]
[[1, 0], [437, 472], [-877, -944]]
[[1, 0], [439, 472], [-881, -944]]
[[1, 0], [439, 944], [-441, -944]]
[[1, 0], [44, 59], [-164, -177]]
[[1, 0], [44, 59], [-476, -531]]
[[1, 0], [44, 59], [-516, -649]]
[[1, 0], [44, 59], [-60, -59]]
[[1, 0], [44, 59], [-721, -944]]
[[1, 0], [441, 944], [-443, -944]]
[[1, 0], [443, 472], [-889, -944]]
[[1, 0], [443, 944], [-445, -944]]
[[1, 0], [445, 472], [-893, -944]]
[[1, 0], [445, 708], [-449, -708]]
[[1, 0], [447, 472], [-897, -944]]
[[1, 0], [447, 944], [-449, -944]]
[[1, 0], [449, 472], [-901, -944]]
[[1, 0], [449, 944], [-451, -944]]
[[1, 0], [45, 118], [-249, -590]]
[[1, 0], [45, 118], [-369, -944]]
[[1, 0], [45, 118], [-53, -118]]
[[1, 0], [45, 236], [-143, -708]]
[[1, 0], [45, 236], [-185, -944]]
[[1, 0], [45, 236], [-49, -236]]
[[1, 0], [45, 472], [-93, -944]]
[[1, 0], [45, 59], [-167, -177]]
[[1, 0], [45, 59], [-485, -531]]
[[1, 0], [45, 59], [-527, -649]]
[[1, 0], [45, 59], [-61, -59]]
[[1, 0], [45, 59], [-737, -944]]
[[1, 0], [45, 88], [-329, -528]]
[[1, 0], [451, 472], [-905, -944]]
[[1, 0], [451, 944], [-453, -944]]
[[1, 0], [453, 472], [-909, -944]]
[[1, 0], [455, 472], [-913, -944]]
[[1, 0], [455, 944], [-457, -944]]
[[1, 0], [457, 472], [-917, -944]]
[[1, 0], [457, 708], [-461, -708]]
[[1, 0], [457, 944], [-459, -944]]
[[1, 0], [459, 472], [-921, -944]]
[[1, 0], [459, 944], [-461, -944]]
[[1, 0], [46, 177], [-170, -531]]
[[1, 0], [46, 177], [-62, -177]]
[[1, 0], [46, 531], [-62, -531]]
[[1, 0], [46, 59], [-170, -177]]
[[1, 0], [46, 59], [-494, -531]]
[[1, 0], [46, 59], [-538, -649]]
[[1, 0], [46, 59], [-62, -59]]
[[1, 0], [46, 59], [-753, -944]]
[[1, 0], [461, 472], [-925, -944]]
[[1, 0], [463, 472], [-929, -944]]
[[1, 0], [463, 944], [-465, -944]]
[[1, 0], [465, 472], [-933, -944]]
[[1, 0], [465, 944], [-467, -944]]
[[1, 0], [467, 472], [-937, -944]]
[[1, 0], [467, 944], [-469, -944]]
[[1, 0], [469, 472], [-941, -944]]
[[1, 0], [469, 708], [-473, -708]]
[[1, 0], [47, 118], [-259, -590]]
[[1, 0], [47, 118], [-385, -944]]
[[1, 0], [47, 118], [-55, -118]]
[[1, 0], [47, 236], [-149, -708]]
[[1, 0], [47, 236], [-193, -944]]
[[1, 0], [47, 472], [-97, -944]]
[[1, 0], [47, 59], [-173, -177]]
[[1, 0], [47, 59], [-503, -531]]
[[1, 0], [47, 59], [-549, -649]]
[[1, 0], [47, 59], [-63, -59]]
[[1, 0], [47, 59], [-769, -944]]
[[1, 0], [47, 944], [-49, -944]]
[[1, 0], [471, 472], [-945, -944]]
[[1, 0], [471, 944], [-473, -944]]
[[1, 0], [473, 944], [-475, -944]]
[[1, 0], [48, 59], [-176, -177]]
[[1, 0], [48, 59], [-512, -531]]
[[1, 0], [48, 59], [-560, -649]]
[[1, 0], [48, 59], [-64, -59]]
[[1, 0], [48, 59], [-785, -944]]
[[1, 0], [481, 708], [-485, -708]]
[[1, 0], [481, 944], [-483, -944]]
[[1, 0], [489, 944], [-491, -944]]
[[1, 0], [49, 118], [-269, -590]]
[[1, 0], [49, 118], [-401, -944]]
[[1, 0], [49, 118], [-57, -118]]
[[1, 0], [49, 128], [-255, -512]]
[[1, 0], [49, 177], [-179, -531]]
[[1, 0], [49, 177], [-65, -177]]
[[1, 0], [49, 236], [-155, -708]]
[[1, 0], [49, 236], [-201, -944]]
[[1, 0], [49, 236], [-53, -236]]
[[1, 0], [49, 472], [-101, -944]]
[[1, 0], [49, 59], [-179, -177]]
[[1, 0], [49, 59], [-521, -531]]
[[1, 0], [49, 59], [-571, -649]]
[[1, 0], [49, 59], [-65, -59]]
[[1, 0], [49, 59], [-801, -944]]
[[1, 0], [49, 64], [-125, -144]]
[[1, 0], [49, 708], [-53, -708]]
[[1, 0], [49, 944], [-51, -944]]
[[1, 0], [49, 96], [-167, -96]]
[[1, 0], [49, 96], [-239, -160]]
[[1, 0], [49, 96], [-329, -240]]
[[1, 0], [49, 96], [-599, -480]]
[[1, 0], [493, 708], [-497, -708]]
[[1, 0], [496, 531], [-512, -531]]
[[1, 0], [497, 944], [-499, -944]]
[[1, 0], [5, 118], [-13, -118]]
[[1, 0], [5, 118], [-49, -590]]
[[1, 0], [5, 118], [-49, -944]]
[[1, 0], [5, 16], [-119, -192]]
[[1, 0], [5, 16], [-187, -32]]
[[1, 0], [5, 16], [-1979, -480]]
[[1, 0], [5, 16], [-355, -944]]
[[1, 0], [5, 16], [-443, -96]]
[[1, 0], [5, 16], [-699, -160]]
[[1, 0], [5, 236], [-23, -708]]
[[1, 0], [5, 236], [-25, -944]]
[[1, 0], [5, 236], [-9, -236]]
[[1, 0], [5, 32], [-1019, -480]]
[[1, 0], [5, 32], [-123, -32]]
[[1, 0], [5, 32], [-139, -40]]
[[1, 0], [5, 32], [-155, -48]]
[[1, 0], [5, 32], [-159, -640]]
[[1, 0], [5, 32], [-179, -60]]
[[1, 0], [5, 32], [-203, -544]]
[[1, 0], [5, 32], [-219, -80]]
[[1, 0], [5, 32], [-251, -96]]
[[1, 0], [5, 32], [-299, -120]]
[[1, 0], [5, 32], [-379, -160]]
[[1, 0], [5, 32], [-41, -168]]
[[1, 0], [5, 32], [-539, -240]]
[[1, 0], [5, 32], [-79, -128]]
[[1, 0], [5, 472], [-13, -944]]
[[1, 0], [5, 59], [-125, -531]]
[[1, 0], [5, 59], [-21, -59]]
[[1, 0], [5, 59], [-47, -177]]
[[1, 0], [5, 59], [-87, -649]]
[[1, 0], [5, 59], [-97, -944]]
[[1, 0], [5, 8], [-1087, -512]]
[[1, 0], [5, 8], [-109, -80]]
[[1, 0], [5, 8], [-1259, -504]]
[[1, 0], [5, 8], [-1339, -160]]
[[1, 0], [5, 8], [-153, -56]]
[[1, 0], [5, 8], [-1549, -496]]
[[1, 0], [5, 8], [-209, -240]]
[[1, 0], [5, 8], [-315, -32]]
[[1, 0], [5, 8], [-3899, -480]]
[[1, 0], [5, 8], [-631, -632]]
[[1, 0], [5, 8], [-665, -592]]
[[1, 0], [5, 8], [-69, -16]]
[[1, 0], [5, 8], [-709, -568]]
[[1, 0], [5, 8], [-709, -944]]
[[1, 0], [5, 8], [-827, -96]]
[[1, 0], [5, 8], [-89, -48]]
[[1, 0], [50, 59], [-182, -177]]
[[1, 0], [50, 59], [-530, -531]]
[[1, 0], [50, 59], [-582, -649]]
[[1, 0], [50, 59], [-66, -59]]
[[1, 0], [50, 59], [-817, -944]]
[[1, 0], [505, 708], [-509, -708]]
[[1, 0], [505, 944], [-507, -944]]
[[1, 0], [51, 118], [-279, -590]]
[[1, 0], [51, 118], [-417, -944]]
[[1, 0], [51, 236], [-161, -708]]
[[1, 0], [51, 236], [-209, -944]]
[[1, 0], [51, 472], [-105, -944]]
[[1, 0], [51, 59], [-185, -177]]
[[1, 0], [51, 59], [-539, -531]]
[[1, 0], [51, 59], [-593, -649]]
[[1, 0], [51, 59], [-67, -59]]
[[1, 0], [51, 59], [-833, -944]]
[[1, 0], [51, 80], [-169, -80]]
[[1, 0], [51, 80], [-191, -96]]
[[1, 0], [51, 80], [-279, -160]]
[[1, 0], [51, 80], [-389, -240]]
[[1, 0], [51, 80], [-719, -480]]
[[1, 0], [51, 944], [-53, -944]]
[[1, 0], [513, 944], [-515, -944]]
[[1, 0], [517, 708], [-521, -708]]
[[1, 0], [52, 177], [-188, -531]]
[[1, 0], [52, 177], [-68, -177]]
[[1, 0], [52, 59], [-188, -177]]
[[1, 0], [52, 59], [-548, -531]]
[[1, 0], [52, 59], [-604, -649]]
[[1, 0], [52, 59], [-849, -944]]
[[1, 0], [521, 944], [-523, -944]]
[[1, 0], [523, 531], [-539, -531]]
[[1, 0], [529, 708], [-533, -708]]
[[1, 0], [53, 118], [-289, -590]]
[[1, 0], [53, 118], [-433, -944]]
[[1, 0], [53, 118], [-61, -118]]
[[1, 0], [53, 236], [-167, -708]]
[[1, 0], [53, 236], [-217, -944]]
[[1, 0], [53, 236], [-57, -236]]
[[1, 0], [53, 472], [-109, -944]]
[[1, 0], [53, 59], [-191, -177]]
[[1, 0], [53, 59], [-557, -531]]
[[1, 0], [53, 59], [-615, -649]]
[[1, 0], [53, 59], [-865, -944]]
[[1, 0], [537, 944], [-539, -944]]
[[1, 0], [54, 59], [-194, -177]]
[[1, 0], [54, 59], [-566, -531]]
[[1, 0], [54, 59], [-626, -649]]
[[1, 0], [54, 59], [-881, -944]]
[[1, 0], [541, 708], [-545, -708]]
[[1, 0], [545, 944], [-547, -944]]
[[1, 0], [55, 118], [-299, -590]]
[[1, 0], [55, 118], [-449, -944]]
[[1, 0], [55, 118], [-63, -118]]
[[1, 0], [55, 177], [-197, -531]]
[[1, 0], [55, 177], [-71, -177]]
[[1, 0], [55, 236], [-173, -708]]
[[1, 0], [55, 236], [-225, -944]]
[[1, 0], [55, 472], [-113, -944]]
[[1, 0], [55, 531], [-71, -531]]
[[1, 0], [55, 59], [-197, -177]]
[[1, 0], [55, 59], [-575, -531]]
[[1, 0], [55, 59], [-637, -649]]
[[1, 0], [55, 59], [-897, -944]]
[[1, 0], [55, 72], [-503, -504]]
[[1, 0], [55, 944], [-57, -944]]
[[1, 0], [553, 708], [-557, -708]]
[[1, 0], [553, 944], [-555, -944]]
[[1, 0], [56, 59], [-200, -177]]
[[1, 0], [56, 59], [-584, -531]]
[[1, 0], [56, 59], [-648, -649]]
[[1, 0], [56, 59], [-913, -944]]
[[1, 0], [561, 944], [-563, -944]]
[[1, 0], [565, 708], [-569, -708]]
[[1, 0], [569, 944], [-571, -944]]
[[1, 0], [57, 118], [-309, -590]]
[[1, 0], [57, 118], [-465, -944]]
[[1, 0], [57, 236], [-179, -708]]
[[1, 0], [57, 236], [-233, -944]]
[[1, 0], [57, 236], [-61, -236]]
[[1, 0], [57, 472], [-117, -944]]
[[1, 0], [57, 59], [-203, -177]]
[[1, 0], [57, 59], [-593, -531]]
[[1, 0], [57, 59], [-659, -649]]
[[1, 0], [57, 59], [-929, -944]]
[[1, 0], [57, 64], [-143, -144]]
[[1, 0], [57, 64], [-287, -256]]
[[1, 0], [571, 590], [-579, -590]]
[[1, 0], [577, 708], [-581, -708]]
[[1, 0], [577, 944], [-579, -944]]
[[1, 0], [58, 177], [-206, -531]]
[[1, 0], [58, 177], [-74, -177]]
[[1, 0], [58, 59], [-206, -177]]
[[1, 0], [58, 59], [-602, -531]]
[[1, 0], [58, 59], [-670, -649]]
[[1, 0], [58, 59], [-945, -944]]
[[1, 0], [583, 944], [-585, -944]]
[[1, 0], [585, 944], [-587, -944]]
[[1, 0], [589, 708], [-593, -708]]
[[1, 0], [593, 944], [-595, -944]]
[[1, 0], [6, 59], [-113, -944]]
[[1, 0], [6, 59], [-134, -531]]
[[1, 0], [6, 59], [-22, -59]]
[[1, 0], [6, 59], [-50, -177]]
[[1, 0], [6, 59], [-98, -649]]
[[1, 0], [601, 708], [-605, -708]]
[[1, 0], [601, 944], [-603, -944]]
[[1, 0], [609, 944], [-611, -944]]
[[1, 0], [61, 118], [-329, -590]]
[[1, 0], [61, 118], [-497, -944]]
[[1, 0], [61, 120], [-219, -160]]
[[1, 0], [61, 120], [-539, -480]]
[[1, 0], [61, 160], [-179, -160]]
[[1, 0], [61, 160], [-239, -240]]
[[1, 0], [61, 160], [-419, -480]]
[[1, 0], [61, 177], [-215, -531]]
[[1, 0], [61, 177], [-77, -177]]
[[1, 0], [61, 236], [-191, -708]]
[[1, 0], [61, 236], [-249, -944]]
[[1, 0], [61, 236], [-65, -236]]
[[1, 0], [61, 240], [-299, -480]]
[[1, 0], [61, 472], [-125, -944]]
[[1, 0], [61, 480], [-179, -480]]
[[1, 0], [61, 590], [-69, -590]]
[[1, 0], [61, 708], [-65, -708]]
[[1, 0], [61, 80], [-203, -96]]
[[1, 0], [61, 80], [-299, -160]]
[[1, 0], [61, 80], [-779, -480]]
[[1, 0], [61, 96], [-209, -120]]
[[1, 0], [61, 96], [-259, -160]]
[[1, 0], [61, 96], [-359, -240]]
[[1, 0], [61, 96], [-659, -480]]
[[1, 0], [613, 708], [-617, -708]]
[[1, 0], [617, 944], [-619, -944]]
[[1, 0], [625, 708], [-629, -708]]
[[1, 0], [625, 944], [-627, -944]]
[[1, 0], [63, 118], [-339, -590]]
[[1, 0], [63, 118], [-513, -944]]
[[1, 0], [63, 236], [-197, -708]]
[[1, 0], [63, 236], [-257, -944]]
[[1, 0], [63, 248], [-185, -496]]
[[1, 0], [63, 472], [-129, -944]]
[[1, 0], [63, 944], [-65, -944]]
[[1, 0], [633, 944], [-635, -944]]
[[1, 0], [637, 708], [-641, -708]]
[[1, 0], [64, 177], [-224, -531]]
[[1, 0], [64, 177], [-80, -177]]
[[1, 0], [64, 531], [-80, -531]]
[[1, 0], [641, 944], [-643, -944]]
[[1, 0], [65, 118], [-349, -590]]
[[1, 0], [65, 118], [-529, -944]]
[[1, 0], [65, 128], [-319, -512]]
[[1, 0], [65, 236], [-203, -708]]
[[1, 0], [65, 236], [-265, -944]]
[[1, 0], [65, 236], [-69, -236]]
[[1, 0], [65, 472], [-133, -944]]
[[1, 0], [65, 944], [-67, -944]]
[[1, 0], [657, 944], [-659, -944]]
[[1, 0], [661, 708], [-665, -708]]
[[1, 0], [665, 944], [-667, -944]]
[[1, 0], [67, 118], [-359, -590]]
[[1, 0], [67, 118], [-545, -944]]
[[1, 0], [67, 132], [-109, -176]]
[[1, 0], [67, 177], [-233, -531]]
[[1, 0], [67, 177], [-83, -177]]
[[1, 0], [67, 236], [-209, -708]]
[[1, 0], [67, 236], [-273, -944]]
[[1, 0], [67, 472], [-137, -944]]
[[1, 0], [67, 88], [-461, -528]]
[[1, 0], [67, 944], [-69, -944]]
[[1, 0], [673, 708], [-677, -708]]
[[1, 0], [673, 944], [-675, -944]]
[[1, 0], [681, 944], [-683, -944]]
[[1, 0], [685, 708], [-689, -708]]
[[1, 0], [689, 944], [-691, -944]]
[[1, 0], [69, 118], [-369, -590]]
[[1, 0], [69, 118], [-561, -944]]
[[1, 0], [69, 236], [-215, -708]]
[[1, 0], [69, 236], [-281, -944]]
[[1, 0], [69, 236], [-73, -236]]
[[1, 0], [69, 472], [-141, -944]]
[[1, 0], [697, 708], [-701, -708]]
[[1, 0], [697, 944], [-699, -944]]
[[1, 0], [7, 118], [-15, -118]]
[[1, 0], [7, 118], [-65, -944]]
[[1, 0], [7, 12], [-179, -236]]
[[1, 0], [7, 12], [-235, -32]]
[[1, 0], [7, 12], [-2699, -480]]
[[1, 0], [7, 12], [-29, -16]]
[[1, 0], [7, 12], [-533, -708]]
[[1, 0], [7, 12], [-587, -96]]
[[1, 0], [7, 12], [-773, -516]]
[[1, 0], [7, 12], [-939, -160]]
[[1, 0], [7, 16], [-1049, -240]]
[[1, 0], [7, 16], [-119, -236]]
[[1, 0], [7, 16], [-123, -62]]
[[1, 0], [7, 16], [-143, -192]]
[[1, 0], [7, 16], [-191, -32]]
[[1, 0], [7, 16], [-199, -320]]
[[1, 0], [7, 16], [-2039, -480]]
[[1, 0], [7, 16], [-237, -272]]
[[1, 0], [7, 16], [-237, -472]]
[[1, 0], [7, 16], [-257, -48]]
[[1, 0], [7, 16], [-263, -264]]
[[1, 0], [7, 16], [-27, -28]]
[[1, 0], [7, 16], [-389, -80]]
[[1, 0], [7, 16], [-433, -248]]
[[1, 0], [7, 16], [-455, -96]]
[[1, 0], [7, 16], [-473, -944]]
[[1, 0], [7, 16], [-719, -160]]
[[1, 0], [7, 16], [-87, -64]]
[[1, 0], [7, 177], [-23, -177]]
[[1, 0], [7, 177], [-53, -531]]
[[1, 0], [7, 236], [-29, -708]]
[[1, 0], [7, 236], [-33, -944]]
[[1, 0], [7, 24], [-1379, -480]]
[[1, 0], [7, 24], [-147, -32]]
[[1, 0], [7, 24], [-167, -168]]
[[1, 0], [7, 24], [-269, -720]]
[[1, 0], [7, 24], [-323, -96]]
[[1, 0], [7, 24], [-499, -160]]
[[1, 0], [7, 472], [-17, -944]]
[[1, 0], [7, 48], [-125, -48]]
[[1, 0], [7, 48], [-143, -576]]
[[1, 0], [7, 48], [-169, -80]]
[[1, 0], [7, 48], [-191, -96]]
[[1, 0], [7, 48], [-25, -104]]
[[1, 0], [7, 48], [-279, -160]]
[[1, 0], [7, 48], [-389, -240]]
[[1, 0], [7, 48], [-65, -176]]
[[1, 0], [7, 48], [-719, -480]]
[[1, 0], [7, 59], [-109, -649]]
[[1, 0], [7, 59], [-129, -944]]
[[1, 0], [7, 59], [-143, -531]]
[[1, 0], [7, 59], [-23, -59]]
[[1, 0], [7, 59], [-53, -177]]
[[1, 0], [7, 8], [-101, -48]]
[[1, 0], [7, 8], [-1215, -512]]
[[1, 0], [7, 8], [-129, -80]]
[[1, 0], [7, 8], [-1379, -160]]
[[1, 0], [7, 8], [-1385, -504]]
[[1, 0], [7, 8], [-167, -56]]
[[1, 0], [7, 8], [-1673, -496]]
[[1, 0], [7, 8], [-269, -240]]
[[1, 0], [7, 8], [-323, -32]]
[[1, 0], [7, 8], [-4019, -480]]
[[1, 0], [7, 8], [-73, -16]]
[[1, 0], [7, 8], [-789, -632]]
[[1, 0], [7, 8], [-813, -592]]
[[1, 0], [7, 8], [-851, -568]]
[[1, 0], [7, 8], [-851, -96]]
[[1, 0], [7, 8], [-945, -944]]
[[1, 0], [7, 944], [-9, -944]]
[[1, 0], [70, 177], [-242, -531]]
[[1, 0], [70, 177], [-86, -177]]
[[1, 0], [705, 944], [-707, -944]]
[[1, 0], [71, 118], [-379, -590]]
[[1, 0], [71, 118], [-577, -944]]
[[1, 0], [71, 236], [-221, -708]]
[[1, 0], [71, 236], [-289, -944]]
[[1, 0], [71, 472], [-145, -944]]
[[1, 0], [71, 590], [-79, -590]]
[[1, 0], [71, 80], [-139, -140]]
[[1, 0], [71, 80], [-215, -96]]
[[1, 0], [71, 80], [-319, -160]]
[[1, 0], [71, 80], [-449, -240]]
[[1, 0], [71, 80], [-839, -480]]
[[1, 0], [71, 944], [-73, -944]]
[[1, 0], [713, 944], [-715, -944]]
[[1, 0], [721, 944], [-723, -944]]
[[1, 0], [729, 944], [-731, -944]]
[[1, 0], [73, 118], [-389, -590]]
[[1, 0], [73, 118], [-593, -944]]
[[1, 0], [73, 177], [-251, -531]]
[[1, 0], [73, 177], [-89, -177]]
[[1, 0], [73, 236], [-227, -708]]
[[1, 0], [73, 236], [-297, -944]]
[[1, 0], [73, 236], [-77, -236]]
[[1, 0], [73, 472], [-149, -944]]
[[1, 0], [73, 531], [-89, -531]]
[[1, 0], [73, 708], [-77, -708]]
[[1, 0], [73, 944], [-75, -944]]
[[1, 0], [73, 96], [-279, -160]]
[[1, 0], [73, 96], [-389, -240]]
[[1, 0], [73, 96], [-719, -480]]
[[1, 0], [737, 944], [-739, -944]]
[[1, 0], [745, 944], [-747, -944]]
[[1, 0], [75, 118], [-399, -590]]
[[1, 0], [75, 118], [-609, -944]]
[[1, 0], [75, 236], [-233, -708]]
[[1, 0], [75, 236], [-305, -944]]
[[1, 0], [75, 472], [-153, -944]]
[[1, 0], [75, 944], [-77, -944]]
[[1, 0], [753, 944], [-755, -944]]
[[1, 0], [76, 177], [-260, -531]]
[[1, 0], [76, 177], [-92, -177]]
[[1, 0], [761, 944], [-763, -944]]
[[1, 0], [769, 944], [-771, -944]]
[[1, 0], [77, 118], [-409, -590]]
[[1, 0], [77, 118], [-625, -944]]
[[1, 0], [77, 236], [-239, -708]]
[[1, 0], [77, 236], [-313, -944]]
[[1, 0], [77, 236], [-81, -236]]
[[1, 0], [77, 472], [-157, -944]]
[[1, 0], [777, 944], [-779, -944]]
[[1, 0], [785, 944], [-787, -944]]
[[1, 0], [79, 118], [-419, -590]]
[[1, 0], [79, 118], [-641, -944]]
[[1, 0], [79, 177], [-269, -531]]
[[1, 0], [79, 177], [-95, -177]]
[[1, 0], [79, 236], [-245, -708]]
[[1, 0], [79, 236], [-321, -944]]
[[1, 0], [79, 472], [-161, -944]]
[[1, 0], [79, 944], [-81, -944]]
[[1, 0], [793, 944], [-795, -944]]
[[1, 0], [8, 59], [-120, -649]]
[[1, 0], [8, 59], [-145, -944]]
[[1, 0], [8, 59], [-152, -531]]
[[1, 0], [8, 59], [-24, -59]]
[[1, 0], [8, 59], [-56, -177]]
[[1, 0], [801, 944], [-803, -944]]
[[1, 0], [809, 944], [-811, -944]]
[[1, 0], [81, 118], [-429, -590]]
[[1, 0], [81, 118], [-657, -944]]
[[1, 0], [81, 128], [-383, -512]]
[[1, 0], [81, 160], [-199, -160]]
[[1, 0], [81, 160], [-269, -240]]
[[1, 0], [81, 160], [-479, -480]]
[[1, 0], [81, 236], [-251, -708]]
[[1, 0], [81, 236], [-329, -944]]
[[1, 0], [81, 236], [-85, -236]]
[[1, 0], [81, 472], [-165, -944]]
[[1, 0], [81, 590], [-89, -590]]
[[1, 0], [81, 944], [-83, -944]]
[[1, 0], [817, 944], [-819, -944]]
[[1, 0], [819, 944], [-821, -944]]
[[1, 0], [82, 177], [-278, -531]]
[[1, 0], [82, 531], [-98, -531]]
[[1, 0], [825, 944], [-827, -944]]
[[1, 0], [83, 118], [-439, -590]]
[[1, 0], [83, 118], [-673, -944]]
[[1, 0], [83, 236], [-257, -708]]
[[1, 0], [83, 236], [-337, -944]]
[[1, 0], [83, 472], [-169, -944]]
[[1, 0], [83, 944], [-85, -944]]
[[1, 0], [833, 944], [-835, -944]]
[[1, 0], [841, 944], [-843, -944]]
[[1, 0], [849, 944], [-851, -944]]
[[1, 0], [85, 118], [-449, -590]]
[[1, 0], [85, 118], [-689, -944]]
[[1, 0], [85, 177], [-287, -531]]
[[1, 0], [85, 236], [-263, -708]]
[[1, 0], [85, 236], [-345, -944]]
[[1, 0], [85, 236], [-89, -236]]
[[1, 0], [85, 472], [-173, -944]]
[[1, 0], [85, 708], [-89, -708]]
[[1, 0], [85, 96], [-203, -96]]
[[1, 0], [85, 96], [-239, -120]]
[[1, 0], [85, 96], [-299, -160]]
[[1, 0], [85, 96], [-419, -240]]
[[1, 0], [85, 96], [-779, -480]]
[[1, 0], [857, 944], [-859, -944]]
[[1, 0], [865, 944], [-867, -944]]
[[1, 0], [87, 118], [-459, -590]]
[[1, 0], [87, 118], [-705, -944]]
[[1, 0], [87, 236], [-269, -708]]
[[1, 0], [87, 236], [-353, -944]]
[[1, 0], [87, 944], [-89, -944]]
[[1, 0], [873, 944], [-875, -944]]
[[1, 0], [88, 177], [-296, -531]]
[[1, 0], [881, 944], [-883, -944]]
[[1, 0], [889, 944], [-891, -944]]
[[1, 0], [89, 118], [-469, -590]]
[[1, 0], [89, 118], [-721, -944]]
[[1, 0], [89, 236], [-275, -708]]
[[1, 0], [89, 236], [-361, -944]]
[[1, 0], [89, 236], [-93, -236]]
[[1, 0], [89, 472], [-181, -944]]
[[1, 0], [89, 944], [-91, -944]]
[[1, 0], [897, 944], [-899, -944]]
[[1, 0], [9, 118], [-17, -118]]
[[1, 0], [9, 118], [-69, -590]]
[[1, 0], [9, 118], [-81, -944]]
[[1, 0], [9, 16], [-167, -192]]
[[1, 0], [9, 16], [-195, -32]]
[[1, 0], [9, 16], [-2099, -480]]
[[1, 0], [9, 16], [-467, -96]]
[[1, 0], [9, 16], [-591, -944]]
[[1, 0], [9, 16], [-739, -160]]
[[1, 0], [9, 236], [-13, -236]]
[[1, 0], [9, 236], [-35, -708]]
[[1, 0], [9, 236], [-41, -944]]
[[1, 0], [9, 32], [-1079, -480]]
[[1, 0], [9, 32], [-161, -48]]
[[1, 0], [9, 32], [-229, -80]]
[[1, 0], [9, 32], [-239, -640]]
[[1, 0], [9, 32], [-263, -96]]
[[1, 0], [9, 32], [-271, -544]]
[[1, 0], [9, 32], [-399, -160]]
[[1, 0], [9, 32], [-569, -240]]
[[1, 0], [9, 472], [-21, -944]]
[[1, 0], [9, 59], [-131, -649]]
[[1, 0], [9, 59], [-161, -531]]
[[1, 0], [9, 59], [-161, -944]]
[[1, 0], [9, 59], [-25, -59]]
[[1, 0], [9, 64], [-35, -144]]
[[1, 0], [9, 64], [-95, -256]]
[[1, 0], [9, 944], [-11, -944]]
[[1, 0], [905, 944], [-907, -944]]
[[1, 0], [91, 118], [-479, -590]]
[[1, 0], [91, 118], [-737, -944]]
[[1, 0], [91, 120], [-259, -160]]
[[1, 0], [91, 120], [-659, -480]]
[[1, 0], [91, 177], [-305, -531]]
[[1, 0], [91, 236], [-281, -708]]
[[1, 0], [91, 236], [-369, -944]]
[[1, 0], [91, 240], [-359, -480]]
[[1, 0], [91, 472], [-185, -944]]
[[1, 0], [91, 531], [-107, -531]]
[[1, 0], [91, 590], [-99, -590]]
[[1, 0], [91, 944], [-93, -944]]
[[1, 0], [913, 944], [-915, -944]]
[[1, 0], [921, 944], [-923, -944]]
[[1, 0], [929, 944], [-931, -944]]
[[1, 0], [93, 118], [-489, -590]]
[[1, 0], [93, 118], [-753, -944]]
[[1, 0], [93, 236], [-287, -708]]
[[1, 0], [93, 236], [-377, -944]]
[[1, 0], [93, 236], [-97, -236]]
[[1, 0], [93, 472], [-189, -944]]
[[1, 0], [937, 944], [-939, -944]]
[[1, 0], [94, 177], [-314, -531]]
[[1, 0], [943, 944], [-945, -944]]
[[1, 0], [95, 118], [-499, -590]]
[[1, 0], [95, 118], [-769, -944]]
[[1, 0], [95, 236], [-293, -708]]
[[1, 0], [95, 236], [-385, -944]]
[[1, 0], [95, 472], [-193, -944]]
[[1, 0], [95, 944], [-97, -944]]
[[1, 0], [97, 118], [-509, -590]]
[[1, 0], [97, 118], [-785, -944]]
[[1, 0], [97, 128], [-447, -512]]
[[1, 0], [97, 177], [-323, -531]]
[[1, 0], [97, 236], [-101, -236]]
[[1, 0], [97, 236], [-299, -708]]
[[1, 0], [97, 236], [-393, -944]]
[[1, 0], [97, 472], [-197, -944]]
[[1, 0], [97, 708], [-101, -708]]
[[1, 0], [97, 944], [-99, -944]]
[[1, 0], [99, 118], [-107, -118]]
[[1, 0], [99, 118], [-519, -590]]
[[1, 0], [99, 118], [-801, -944]]
[[1, 0], [99, 236], [-305, -708]]
[[1, 0], [99, 236], [-401, -944]]
[[1, 0], [99, 472], [-201, -944]]
[[1, 0], [99, 944], [-101, -944]]
