[[1, 0], [0, 1], [-107869, -268]]
[[1, 0], [0, 1], [-1203, -344]]
[[1, 0], [0, 1], [-1203, -56]]
[[1, 0], [0, 1], [-1203, -8]]
[[1, 0], [0, 1], [-15639, -272]]
[[1, 0], [0, 1], [-1604, -1]]
[[1, 0], [0, 1], [-1604, -321]]
[[1, 0], [0, 1], [-1604, -5]]
[[1, 0], [0, 1], [-1605, -1604]]
[[1, 0], [0, 1], [-2005, -4]]
[[1, 0], [0, 1], [-2408, -1203]]
[[1, 0], [0, 1], [-2807, -48]]
[[1, 0], [0, 1], [-30075, -824]]
[[1, 0], [0, 1], [-322805, -804]]
[[1, 0], [0, 1], [-401, -12]]
[[1, 0], [0, 1], [-401, -268]]
[[1, 0], [0, 1], [-401, -4]]
[[1, 0], [0, 1], [-43308, -161]]
[[1, 0], [0, 1], [-43308, -269]]
[[1, 0], [0, 1], [-5213, -12]]
[[1, 0], [0, 1], [-5213, -948]]
[[1, 0], [0, 1], [-59348, -73]]
[[1, 0], [0, 1], [-59348, -813]]
[[1, 0], [0, 1], [-6416, -23]]
[[1, 0], [0, 1], [-6416, -279]]
[[1, 0], [0, 1], [-644808, -803]]
[[1, 0], [0, 1], [-804, -401]]
[[1, 0], [0, 1], [-9624, -11]]
[[1, 0], [0, 1], [-9624, -275]]
[[1, 0], [0, 1], [-9624, -35]]
[[1, 0], [0, 1], [-9624, -875]]
[[1, 0], [1, 101], [-1211, -808]]
[[1, 0], [1, 10], [-1289, -860]]
[[1, 0], [1, 10], [-2489, -830]]
[[1, 0], [1, 10], [-647, -54]]
[[1, 0], [1, 115], [-643, -161]]
[[1, 0], [1, 11], [-1605, -11]]
[[1, 0], [1, 11], [-59421, -803]]
[[1, 0], [1, 11], [-6131, -73]]
[[1, 0], [1, 1203], [-5, -1203]]
[[1, 0], [1, 12], [-135, -16]]
[[1, 0], [1, 12], [-27335, -804]]
[[1, 0], [1, 12], [-275, -92]]
[[1, 0], [1, 12], [-803, -12]]
[[1, 0], [1, 12], [-875, -876]]
[[1, 0], [1, 12], [-9379, -268]]
[[1, 0], [1, 134], [-1205, -268]]
[[1, 0], [1, 134], [-2813, -804]]
[[1, 0], [1, 136], [-407, -816]]
[[1, 0], [1, 13], [-125, -21]]
[[1, 0], [1, 14], [-59, -24]]
[[1, 0], [1, 14], [-67, -136]]
[[1, 0], [1, 14], [-753, -116]]
[[1, 0], [1, 15], [-1259, -840]]
[[1, 0], [1, 15], [-31, -64]]
[[1, 0], [1, 1604], [-3, -1604]]
[[1, 0], [1, 161], [-1609, -805]]
[[1, 0], [1, 162], [-269, -270]]
[[1, 0], [1, 16], [-305, -68]]
[[1, 0], [1, 17], [-2855, -816]]
[[1, 0], [1, 18], [-1619, -270]]
[[1, 0], [1, 18], [-269, -30]]
[[1, 0], [1, 201], [-2009, -804]]
[[1, 0], [1, 201], [-937, -268]]
[[1, 0], [1, 203], [-405, -812]]
[[1, 0], [1, 204], [-135, -272]]
[[1, 0], [1, 20], [-83, -56]]
[[1, 0], [1, 22], [-295, -74]]
[[1, 0], [1, 23], [-1609, -115]]
[[1, 0], [1, 23], [-413, -276]]
[[1, 0], [1, 23], [-9659, -805]]
[[1, 0], [1, 24], [-2039, -816]]
[[1, 0], [1, 24], [-279, -280]]
[[1, 0], [1, 24], [-73, -148]]
[[1, 0], [1, 268], [-1607, -804]]
[[1, 0], [1, 268], [-803, -268]]
[[1, 0], [1, 26], [-6447, -806]]
[[1, 0], [1, 26], [-681, -62]]
[[1, 0], [1, 26], [-95, -64]]
[[1, 0], [1, 28], [-2435, -812]]
[[1, 0], [1, 29], [-405, -116]]
[[1, 0], [1, 2], [-1205, -4]]
[[1, 0], [1, 2], [-1217, -28]]
[[1, 0], [1, 2], [-1289, -172]]
[[1, 0], [1, 2], [-13769, -270]]
[[1, 0], [1, 2], [-1605, -1604]]
[[1, 0], [1, 2], [-1619, -30]]
[[1, 0], [1, 2], [-162005, -804]]
[[1, 0], [1, 2], [-1805, -1204]]
[[1, 0], [1, 2], [-2139, -1070]]
[[1, 0], [1, 2], [-2489, -166]]
[[1, 0], [1, 2], [-27675, -814]]
[[1, 0], [1, 2], [-2813, -12]]
[[1, 0], [1, 2], [-3275, -936]]
[[1, 0], [1, 2], [-54269, -268]]
[[1, 0], [1, 2], [-54539, -808]]
[[1, 0], [1, 2], [-6447, -62]]
[[1, 0], [1, 2], [-813, -22]]
[[1, 0], [1, 2], [-81405, -806]]
[[1, 0], [1, 30], [-647, -162]]
[[1, 0], [1, 32], [-107, -216]]
[[1, 0], [1, 35], [-1149, -115]]
[[1, 0], [1, 35], [-6439, -805]]
[[1, 0], [1, 36], [-275, -276]]
[[1, 0], [1, 39], [-125, -63]]
[[1, 0], [1, 3], [-108137, -804]]
[[1, 0], [1, 3], [-1205, -1203]]
[[1, 0], [1, 3], [-1259, -168]]
[[1, 0], [1, 3], [-1547, -1032]]
[[1, 0], [1, 3], [-15911, -816]]
[[1, 0], [1, 3], [-1925, -963]]
[[1, 0], [1, 3], [-2009, -12]]
[[1, 0], [1, 3], [-36313, -268]]
[[1, 0], [1, 3], [-403, -401]]
[[1, 0], [1, 3], [-413, -36]]
[[1, 0], [1, 3], [-43577, -807]]
[[1, 0], [1, 3], [-6695, -837]]
[[1, 0], [1, 3], [-937, -4]]
[[1, 0], [1, 3], [-9899, -825]]
[[1, 0], [1, 401], [-11, -1203]]
[[1, 0], [1, 401], [-5, -401]]
[[1, 0], [1, 401], [-9, -1604]]
[[1, 0], [1, 402], [-1205, -804]]
[[1, 0], [1, 404], [-403, -808]]
[[1, 0], [1, 48], [-305, -204]]
[[1, 0], [1, 4], [-1607, -12]]
[[1, 0], [1, 4], [-2435, -116]]
[[1, 0], [1, 4], [-27335, -268]]
[[1, 0], [1, 4], [-3023, -864]]
[[1, 0], [1, 4], [-403, -8]]
[[1, 0], [1, 4], [-6623, -828]]
[[1, 0], [1, 4], [-803, -1604]]
[[1, 0], [1, 4], [-803, -4]]
[[1, 0], [1, 4], [-81203, -804]]
[[1, 0], [1, 4], [-875, -292]]
[[1, 0], [1, 54], [-1619, -810]]
[[1, 0], [1, 54], [-269, -90]]
[[1, 0], [1, 58], [-1217, -812]]
[[1, 0], [1, 5], [-1259, -280]]
[[1, 0], [1, 5], [-43469, -805]]
[[1, 0], [1, 5], [-643, -7]]
[[1, 0], [1, 5], [-6439, -115]]
[[1, 0], [1, 5], [-669, -1340]]
[[1, 0], [1, 60], [-83, -168]]
[[1, 0], [1, 64], [-207, -416]]
[[1, 0], [1, 67], [-2009, -268]]
[[1, 0], [1, 67], [-5225, -804]]
[[1, 0], [1, 69], [-413, -828]]
[[1, 0], [1, 6], [-1205, -12]]
[[1, 0], [1, 6], [-13769, -810]]
[[1, 0], [1, 6], [-1619, -90]]
[[1, 0], [1, 6], [-18357, -268]]
[[1, 0], [1, 6], [-1917, -274]]
[[1, 0], [1, 6], [-201, -404]]
[[1, 0], [1, 6], [-269, -10]]
[[1, 0], [1, 6], [-321, -322]]
[[1, 0], [1, 6], [-54269, -804]]
[[1, 0], [1, 70], [-59, -120]]
[[1, 0], [1, 73], [-1605, -73]]
[[1, 0], [1, 73], [-9635, -803]]
[[1, 0], [1, 74], [-813, -814]]
[[1, 0], [1, 7], [-1149, -23]]
[[1, 0], [1, 7], [-1609, -35]]
[[1, 0], [1, 7], [-405, -28]]
[[1, 0], [1, 7], [-6439, -161]]
[[1, 0], [1, 802], [-5, -1604]]
[[1, 0], [1, 803], [-1605, -803]]
[[1, 0], [1, 804], [-803, -804]]
[[1, 0], [1, 8], [-13735, -808]]
[[1, 0], [1, 8], [-1711, -856]]
[[1, 0], [1, 8], [-2039, -272]]
[[1, 0], [1, 8], [-2911, -832]]
[[1, 0], [1, 8], [-407, -48]]
[[1, 0], [1, 8], [-535, -1072]]
[[1, 0], [10, 1203], [-14, -1203]]
[[1, 0], [10, 401], [-14, -401]]
[[1, 0], [10, 401], [-38, -1203]]
[[1, 0], [10, 401], [-45, -1604]]
[[1, 0], [100, 1203], [-104, -1203]]
[[1, 0], [100, 401], [-104, -401]]
[[1, 0], [100, 401], [-308, -1203]]
[[1, 0], [100, 401], [-405, -1604]]
[[1, 0], [101, 1604], [-103, -1604]]
[[1, 0], [101, 401], [-105, -401]]
[[1, 0], [101, 401], [-311, -1203]]
[[1, 0], [101, 401], [-409, -1604]]
[[1, 0], [101, 802], [-205, -1604]]
[[1, 0], [102, 401], [-106, -401]]
[[1, 0], [102, 401], [-314, -1203]]
[[1, 0], [102, 401], [-413, -1604]]
[[1, 0], [103, 1203], [-107, -1203]]
[[1, 0], [103, 1604], [-105, -1604]]
[[1, 0], [103, 204], [-271, -272]]
[[1, 0], [103, 401], [-107, -401]]
[[1, 0], [103, 401], [-317, -1203]]
[[1, 0], [103, 401], [-417, -1604]]
[[1, 0], [103, 802], [-209, -1604]]
[[1, 0], [104, 401], [-108, -401]]
[[1, 0], [104, 401], [-320, -1203]]
[[1, 0], [104, 401], [-421, -1604]]
[[1, 0], [105, 1604], [-107, -1604]]
[[1, 0], [105, 401], [-109, -401]]
[[1, 0], [105, 401], [-323, -1203]]
[[1, 0], [105, 401], [-425, -1604]]
[[1, 0], [105, 802], [-213, -1604]]
[[1, 0], [106, 1203], [-110, -1203]]
[[1, 0], [106, 401], [-110, -401]]
[[1, 0], [106, 401], [-326, -1203]]
[[1, 0], [106, 401], [-429, -1604]]
[[1, 0], [107, 1604], [-109, -1604]]
[[1, 0], [107, 401], [-111, -401]]
[[1, 0], [107, 401], [-329, -1203]]
[[1, 0], [107, 401], [-433, -1604]]
[[1, 0], [107, 802], [-217, -1604]]
[[1, 0], [108, 401], [-112, -401]]
[[1, 0], [108, 401], [-332, -1203]]
[[1, 0], [108, 401], [-437, -1604]]
[[1, 0], [109, 1203], [-113, -1203]]
[[1, 0], [109, 1604], [-111, -1604]]
[[1, 0], [109, 401], [-113, -401]]
[[1, 0], [109, 401], [-335, -1203]]
[[1, 0], [109, 401], [-441, -1604]]
[[1, 0], [109, 802], [-221, -1604]]
[[1, 0], [11, 1604], [-13, -1604]]
[[1, 0], [11, 20], [-111, -56]]
[[1, 0], [11, 20], [-224, -225]]
[[1, 0], [11, 20], [-614, -205]]
[[1, 0], [11, 401], [-15, -401]]
[[1, 0], [11, 401], [-41, -1203]]
[[1, 0], [11, 401], [-49, -1604]]
[[1, 0], [11, 802], [-25, -1604]]
[[1, 0], [110, 401], [-114, -401]]
[[1, 0], [110, 401], [-338, -1203]]
[[1, 0], [110, 401], [-445, -1604]]
[[1, 0], [111, 1604], [-113, -1604]]
[[1, 0], [111, 401], [-115, -401]]
[[1, 0], [111, 401], [-341, -1203]]
[[1, 0], [111, 401], [-449, -1604]]
[[1, 0], [111, 802], [-225, -1604]]
[[1, 0], [112, 1203], [-116, -1203]]
[[1, 0], [112, 401], [-116, -401]]
[[1, 0], [112, 401], [-344, -1203]]
[[1, 0], [112, 401], [-453, -1604]]
[[1, 0], [113, 1604], [-115, -1604]]
[[1, 0], [113, 401], [-117, -401]]
[[1, 0], [113, 401], [-347, -1203]]
[[1, 0], [113, 401], [-457, -1604]]
[[1, 0], [113, 802], [-229, -1604]]
[[1, 0], [114, 401], [-118, -401]]
[[1, 0], [114, 401], [-350, -1203]]
[[1, 0], [114, 401], [-461, -1604]]
[[1, 0], [115, 1203], [-119, -1203]]
[[1, 0], [115, 1604], [-117, -1604]]
[[1, 0], [115, 401], [-119, -401]]
[[1, 0], [115, 401], [-353, -1203]]
[[1, 0], [115, 401], [-465, -1604]]
[[1, 0], [115, 802], [-233, -1604]]
[[1, 0], [116, 401], [-120, -401]]
[[1, 0], [116, 401], [-356, -1203]]
[[1, 0], [116, 401], [-469, -1604]]
[[1, 0], [117, 1604], [-119, -1604]]
[[1, 0], [117, 401], [-121, -401]]
[[1, 0], [117, 401], [-359, -1203]]
[[1, 0], [117, 401], [-473, -1604]]
[[1, 0], [117, 802], [-237, -1604]]
[[1, 0], [118, 1203], [-122, -1203]]
[[1, 0], [118, 401], [-122, -401]]
[[1, 0], [118, 401], [-362, -1203]]
[[1, 0], [118, 401], [-477, -1604]]
[[1, 0], [119, 1604], [-121, -1604]]
[[1, 0], [119, 401], [-123, -401]]
[[1, 0], [119, 401], [-365, -1203]]
[[1, 0], [119, 401], [-481, -1604]]
[[1, 0], [119, 802], [-241, -1604]]
[[1, 0], [1192, 1203], [-1196, -1203]]
[[1, 0], [12, 401], [-16, -401]]
[[1, 0], [12, 401], [-44, -1203]]
[[1, 0], [12, 401], [-53, -1604]]
[[1, 0], [120, 401], [-124, -401]]
[[1, 0], [120, 401], [-368, -1203]]
[[1, 0], [120, 401], [-485, -1604]]
[[1, 0], [1201, 1203], [-1205, -1203]]
[[1, 0], [121, 1203], [-125, -1203]]
[[1, 0], [121, 1604], [-123, -1604]]
[[1, 0], [121, 401], [-125, -401]]
[[1, 0], [121, 401], [-371, -1203]]
[[1, 0], [121, 401], [-489, -1604]]
[[1, 0], [121, 802], [-245, -1604]]
[[1, 0], [122, 401], [-126, -401]]
[[1, 0], [122, 401], [-374, -1203]]
[[1, 0], [122, 401], [-493, -1604]]
[[1, 0], [123, 1604], [-125, -1604]]
[[1, 0], [123, 401], [-127, -401]]
[[1, 0], [123, 401], [-377, -1203]]
[[1, 0], [123, 401], [-497, -1604]]
[[1, 0], [123, 802], [-249, -1604]]
[[1, 0], [124, 1203], [-128, -1203]]
[[1, 0], [124, 401], [-128, -401]]
[[1, 0], [124, 401], [-380, -1203]]
[[1, 0], [124, 401], [-501, -1604]]
[[1, 0], [125, 1604], [-127, -1604]]
[[1, 0], [125, 401], [-129, -401]]
[[1, 0], [125, 401], [-383, -1203]]
[[1, 0], [125, 401], [-505, -1604]]
[[1, 0], [125, 802], [-253, -1604]]
[[1, 0], [126, 401], [-130, -401]]
[[1, 0], [126, 401], [-386, -1203]]
[[1, 0], [126, 401], [-509, -1604]]
[[1, 0], [127, 1203], [-131, -1203]]
[[1, 0], [127, 1604], [-129, -1604]]
[[1, 0], [127, 401], [-131, -401]]
[[1, 0], [127, 401], [-389, -1203]]
[[1, 0], [127, 401], [-513, -1604]]
[[1, 0], [127, 802], [-257, -1604]]
[[1, 0], [128, 401], [-132, -401]]
[[1, 0], [128, 401], [-392, -1203]]
[[1, 0], [128, 401], [-517, -1604]]
[[1, 0], [129, 1604], [-131, -1604]]
[[1, 0], [129, 401], [-133, -401]]
[[1, 0], [129, 401], [-395, -1203]]
[[1, 0], [129, 401], [-521, -1604]]
[[1, 0], [129, 802], [-261, -1604]]
[[1, 0], [13, 1203], [-17, -1203]]
[[1, 0], [13, 1604], [-15, -1604]]
[[1, 0], [13, 24], [-147, -148]]
[[1, 0], [13, 24], [-2447, -816]]
[[1, 0], [13, 24], [-419, -280]]
[[1, 0], [13, 401], [-17, -401]]
[[1, 0], [13, 401], [-47, -1203]]
[[1, 0], [13, 401], [-57, -1604]]
[[1, 0], [13, 802], [-29, -1604]]
[[1, 0], [130, 1203], [-134, -1203]]
[[1, 0], [130, 401], [-134, -401]]
[[1, 0], [130, 401], [-398, -1203]]
[[1, 0], [130, 401], [-525, -1604]]
[[1, 0], [131, 1604], [-133, -1604]]
[[1, 0], [131, 401], [-135, -401]]
[[1, 0], [131, 401], [-529, -1604]]
[[1, 0], [131, 802], [-265, -1604]]
[[1, 0], [132, 401], [-136, -401]]
[[1, 0], [132, 401], [-404, -1203]]
[[1, 0], [132, 401], [-533, -1604]]
[[1, 0], [133, 1203], [-137, -1203]]
[[1, 0], [133, 1604], [-135, -1604]]
[[1, 0], [133, 401], [-137, -401]]
[[1, 0], [133, 401], [-407, -1203]]
[[1, 0], [133, 401], [-537, -1604]]
[[1, 0], [133, 802], [-269, -1604]]
[[1, 0], [134, 401], [-138, -401]]
[[1, 0], [134, 401], [-410, -1203]]
[[1, 0], [134, 401], [-541, -1604]]
[[1, 0], [135, 1604], [-137, -1604]]
[[1, 0], [135, 268], [-1205, -402]]
[[1, 0], [135, 268], [-2009, -804]]
[[1, 0], [135, 268], [-937, -268]]
[[1, 0], [135, 401], [-139, -401]]
[[1, 0], [135, 401], [-413, -1203]]
[[1, 0], [135, 401], [-545, -1604]]
[[1, 0], [135, 802], [-273, -1604]]
[[1, 0], [136, 1203], [-140, -1203]]
[[1, 0], [136, 401], [-140, -401]]
[[1, 0], [136, 401], [-416, -1203]]
[[1, 0], [136, 401], [-549, -1604]]
[[1, 0], [137, 1604], [-139, -1604]]
[[1, 0], [137, 401], [-141, -401]]
[[1, 0], [137, 401], [-419, -1203]]
[[1, 0], [137, 401], [-553, -1604]]
[[1, 0], [137, 802], [-277, -1604]]
[[1, 0], [138, 401], [-142, -401]]
[[1, 0], [138, 401], [-422, -1203]]
[[1, 0], [138, 401], [-557, -1604]]
[[1, 0], [139, 1203], [-143, -1203]]
[[1, 0], [139, 1604], [-141, -1604]]
[[1, 0], [139, 401], [-143, -401]]
[[1, 0], [139, 401], [-425, -1203]]
[[1, 0], [139, 401], [-561, -1604]]
[[1, 0], [139, 802], [-281, -1604]]
[[1, 0], [14, 401], [-18, -401]]
[[1, 0], [14, 401], [-50, -1203]]
[[1, 0], [14, 401], [-61, -1604]]
[[1, 0], [140, 401], [-144, -401]]
[[1, 0], [140, 401], [-428, -1203]]
[[1, 0], [140, 401], [-565, -1604]]
[[1, 0], [141, 1604], [-143, -1604]]
[[1, 0], [141, 401], [-145, -401]]
[[1, 0], [141, 401], [-431, -1203]]
[[1, 0], [141, 401], [-569, -1604]]
[[1, 0], [141, 802], [-285, -1604]]
[[1, 0], [142, 1203], [-146, -1203]]
[[1, 0], [142, 401], [-146, -401]]
[[1, 0], [142, 401], [-434, -1203]]
[[1, 0], [142, 401], [-573, -1604]]
[[1, 0], [143, 1604], [-145, -1604]]
[[1, 0], [143, 401], [-147, -401]]
[[1, 0], [143, 401], [-437, -1203]]
[[1, 0], [143, 401], [-577, -1604]]
[[1, 0], [143, 802], [-289, -1604]]
[[1, 0], [144, 401], [-148, -401]]
[[1, 0], [144, 401], [-440, -1203]]
[[1, 0], [144, 401], [-581, -1604]]
[[1, 0], [145, 1203], [-149, -1203]]
[[1, 0], [145, 1604], [-147, -1604]]
[[1, 0], [145, 401], [-149, -401]]
[[1, 0], [145, 401], [-443, -1203]]
[[1, 0], [145, 401], [-585, -1604]]
[[1, 0], [145, 802], [-293, -1604]]
[[1, 0], [146, 401], [-150, -401]]
[[1, 0], [146, 401], [-446, -1203]]
[[1, 0], [146, 401], [-589, -1604]]
[[1, 0], [147, 1604], [-149, -1604]]
[[1, 0], [147, 401], [-151, -401]]
[[1, 0], [147, 401], [-449, -1203]]
[[1, 0], [147, 401], [-593, -1604]]
[[1, 0], [147, 802], [-297, -1604]]
[[1, 0], [148, 1203], [-152, -1203]]
[[1, 0], [148, 401], [-152, -401]]
[[1, 0], [148, 401], [-452, -1203]]
[[1, 0], [148, 401], [-597, -1604]]
[[1, 0], [149, 1604], [-151, -1604]]
[[1, 0], [149, 401], [-153, -401]]
[[1, 0], [149, 401], [-455, -1203]]
[[1, 0], [149, 401], [-601, -1604]]
[[1, 0], [149, 802], [-301, -1604]]
[[1, 0], [15, 1604], [-17, -1604]]
[[1, 0], [15, 28], [-2841, -812]]
[[1, 0], [15, 28], [-32, -33]]
[[1, 0], [15, 28], [-433, -434]]
[[1, 0], [15, 401], [-19, -401]]
[[1, 0], [15, 401], [-53, -1203]]
[[1, 0], [15, 401], [-65, -1604]]
[[1, 0], [15, 802], [-33, -1604]]
[[1, 0], [150, 401], [-154, -401]]
[[1, 0], [150, 401], [-458, -1203]]
[[1, 0], [150, 401], [-605, -1604]]
[[1, 0], [151, 1203], [-155, -1203]]
[[1, 0], [151, 1604], [-153, -1604]]
[[1, 0], [151, 401], [-155, -401]]
[[1, 0], [151, 401], [-461, -1203]]
[[1, 0], [151, 401], [-609, -1604]]
[[1, 0], [151, 802], [-305, -1604]]
[[1, 0], [152, 401], [-156, -401]]
[[1, 0], [152, 401], [-464, -1203]]
[[1, 0], [152, 401], [-613, -1604]]
[[1, 0], [153, 1604], [-155, -1604]]
[[1, 0], [153, 401], [-157, -401]]
[[1, 0], [153, 401], [-467, -1203]]
[[1, 0], [153, 401], [-617, -1604]]
[[1, 0], [153, 802], [-309, -1604]]
[[1, 0], [154, 1203], [-158, -1203]]
[[1, 0], [154, 401], [-158, -401]]
[[1, 0], [154, 401], [-470, -1203]]
[[1, 0], [154, 401], [-621, -1604]]
[[1, 0], [155, 1604], [-157, -1604]]
[[1, 0], [155, 401], [-159, -401]]
[[1, 0], [155, 401], [-473, -1203]]
[[1, 0], [155, 401], [-625, -1604]]
[[1, 0], [155, 802], [-313, -1604]]
[[1, 0], [156, 401], [-160, -401]]
[[1, 0], [156, 401], [-476, -1203]]
[[1, 0], [156, 401], [-629, -1604]]
[[1, 0], [157, 1203], [-161, -1203]]
[[1, 0], [157, 1604], [-159, -1604]]
[[1, 0], [157, 401], [-161, -401]]
[[1, 0], [157, 401], [-479, -1203]]
[[1, 0], [157, 401], [-633, -1604]]
[[1, 0], [157, 802], [-317, -1604]]
[[1, 0], [158, 401], [-162, -401]]
[[1, 0], [158, 401], [-482, -1203]]
[[1, 0], [158, 401], [-637, -1604]]
[[1, 0], [159, 1604], [-161, -1604]]
[[1, 0], [159, 401], [-163, -401]]
[[1, 0], [159, 401], [-485, -1203]]
[[1, 0], [159, 401], [-641, -1604]]
[[1, 0], [159, 802], [-321, -1604]]
[[1, 0], [1597, 1604], [-1599, -1604]]
[[1, 0], [16, 1203], [-20, -1203]]
[[1, 0], [16, 401], [-20, -401]]
[[1, 0], [16, 401], [-56, -1203]]
[[1, 0], [16, 401], [-69, -1604]]
[[1, 0], [160, 1203], [-164, -1203]]
[[1, 0], [160, 401], [-164, -401]]
[[1, 0], [160, 401], [-488, -1203]]
[[1, 0], [160, 401], [-645, -1604]]
[[1, 0], [1603, 1604], [-1605, -1604]]
[[1, 0], [161, 1604], [-163, -1604]]
[[1, 0], [161, 401], [-165, -401]]
[[1, 0], [161, 401], [-491, -1203]]
[[1, 0], [161, 401], [-649, -1604]]
[[1, 0], [161, 802], [-325, -1604]]
[[1, 0], [162, 401], [-166, -401]]
[[1, 0], [162, 401], [-494, -1203]]
[[1, 0], [162, 401], [-653, -1604]]
[[1, 0], [163, 1203], [-167, -1203]]
[[1, 0], [163, 1604], [-165, -1604]]
[[1, 0], [163, 401], [-167, -401]]
[[1, 0], [163, 401], [-497, -1203]]
[[1, 0], [163, 401], [-657, -1604]]
[[1, 0], [163, 802], [-329, -1604]]
[[1, 0], [164, 401], [-168, -401]]
[[1, 0], [164, 401], [-500, -1203]]
[[1, 0], [164, 401], [-661, -1604]]
[[1, 0], [165, 1604], [-167, -1604]]
[[1, 0], [165, 401], [-169, -401]]
[[1, 0], [165, 401], [-503, -1203]]
[[1, 0], [165, 401], [-665, -1604]]
[[1, 0], [165, 802], [-333, -1604]]
[[1, 0], [166, 1203], [-170, -1203]]
[[1, 0], [166, 401], [-170, -401]]
[[1, 0], [166, 401], [-506, -1203]]
[[1, 0], [166, 401], [-669, -1604]]
[[1, 0], [167, 1604], [-169, -1604]]
[[1, 0], [167, 401], [-171, -401]]
[[1, 0], [167, 401], [-509, -1203]]
[[1, 0], [167, 401], [-673, -1604]]
[[1, 0], [167, 802], [-337, -1604]]
[[1, 0], [168, 401], [-172, -401]]
[[1, 0], [168, 401], [-512, -1203]]
[[1, 0], [168, 401], [-677, -1604]]
[[1, 0], [169, 1203], [-173, -1203]]
[[1, 0], [169, 1604], [-171, -1604]]
[[1, 0], [169, 401], [-173, -401]]
[[1, 0], [169, 401], [-515, -1203]]
[[1, 0], [169, 401], [-681, -1604]]
[[1, 0], [169, 802], [-341, -1604]]
[[1, 0], [17, 1604], [-19, -1604]]
[[1, 0], [17, 32], [-215, -216]]
[[1, 0], [17, 32], [-311, -208]]
[[1, 0], [17, 401], [-21, -401]]
[[1, 0], [17, 401], [-59, -1203]]
[[1, 0], [17, 401], [-73, -1604]]
[[1, 0], [17, 802], [-37, -1604]]
[[1, 0], [170, 401], [-174, -401]]
[[1, 0], [170, 401], [-518, -1203]]
[[1, 0], [170, 401], [-685, -1604]]
[[1, 0], [171, 1604], [-173, -1604]]
[[1, 0], [171, 401], [-175, -401]]
[[1, 0], [171, 401], [-521, -1203]]
[[1, 0], [171, 401], [-689, -1604]]
[[1, 0], [171, 802], [-345, -1604]]
[[1, 0], [172, 1203], [-176, -1203]]
[[1, 0], [172, 401], [-176, -401]]
[[1, 0], [172, 401], [-524, -1203]]
[[1, 0], [172, 401], [-693, -1604]]
[[1, 0], [173, 1604], [-175, -1604]]
[[1, 0], [173, 401], [-177, -401]]
[[1, 0], [173, 401], [-527, -1203]]
[[1, 0], [173, 401], [-697, -1604]]
[[1, 0], [173, 802], [-349, -1604]]
[[1, 0], [174, 401], [-178, -401]]
[[1, 0], [174, 401], [-530, -1203]]
[[1, 0], [174, 401], [-701, -1604]]
[[1, 0], [175, 1203], [-179, -1203]]
[[1, 0], [175, 1604], [-177, -1604]]
[[1, 0], [175, 401], [-179, -401]]
[[1, 0], [175, 401], [-533, -1203]]
[[1, 0], [175, 401], [-705, -1604]]
[[1, 0], [175, 802], [-353, -1604]]
[[1, 0], [176, 401], [-180, -401]]
[[1, 0], [176, 401], [-536, -1203]]
[[1, 0], [176, 401], [-709, -1604]]
[[1, 0], [177, 1604], [-179, -1604]]
[[1, 0], [177, 401], [-181, -401]]
[[1, 0], [177, 401], [-539, -1203]]
[[1, 0], [177, 401], [-713, -1604]]
[[1, 0], [177, 802], [-357, -1604]]
[[1, 0], [178, 1203], [-182, -1203]]
[[1, 0], [178, 401], [-182, -401]]
[[1, 0], [178, 401], [-542, -1203]]
[[1, 0], [178, 401], [-717, -1604]]
[[1, 0], [179, 1604], [-181, -1604]]
[[1, 0], [179, 401], [-183, -401]]
[[1, 0], [179, 401], [-545, -1203]]
[[1, 0], [179, 401], [-721, -1604]]
[[1, 0], [179, 802], [-361, -1604]]
[[1, 0], [18, 401], [-22, -401]]
[[1, 0], [18, 401], [-62, -1203]]
[[1, 0], [18, 401], [-77, -1604]]
[[1, 0], [180, 401], [-184, -401]]
[[1, 0], [180, 401], [-548, -1203]]
[[1, 0], [180, 401], [-725, -1604]]
[[1, 0], [181, 1203], [-185, -1203]]
[[1, 0], [181, 1604], [-183, -1604]]
[[1, 0], [181, 401], [-185, -401]]
[[1, 0], [181, 401], [-551, -1203]]
[[1, 0], [181, 401], [-729, -1604]]
[[1, 0], [181, 802], [-365, -1604]]
[[1, 0], [182, 401], [-186, -401]]
[[1, 0], [182, 401], [-554, -1203]]
[[1, 0], [182, 401], [-733, -1604]]
[[1, 0], [183, 1604], [-185, -1604]]
[[1, 0], [183, 401], [-187, -401]]
[[1, 0], [183, 401], [-557, -1203]]
[[1, 0], [183, 401], [-737, -1604]]
[[1, 0], [183, 802], [-369, -1604]]
[[1, 0], [184, 1203], [-188, -1203]]
[[1, 0], [184, 401], [-188, -401]]
[[1, 0], [184, 401], [-560, -1203]]
[[1, 0], [184, 401], [-741, -1604]]
[[1, 0], [185, 1604], [-187, -1604]]
[[1, 0], [185, 401], [-189, -401]]
[[1, 0], [185, 401], [-563, -1203]]
[[1, 0], [185, 401], [-745, -1604]]
[[1, 0], [185, 802], [-373, -1604]]
[[1, 0], [186, 401], [-190, -401]]
[[1, 0], [186, 401], [-566, -1203]]
[[1, 0], [186, 401], [-749, -1604]]
[[1, 0], [187, 1203], [-191, -1203]]
[[1, 0], [187, 1604], [-189, -1604]]
[[1, 0], [187, 401], [-191, -401]]
[[1, 0], [187, 401], [-569, -1203]]
[[1, 0], [187, 401], [-753, -1604]]
[[1, 0], [187, 802], [-377, -1604]]
[[1, 0], [188, 401], [-192, -401]]
[[1, 0], [188, 401], [-572, -1203]]
[[1, 0], [188, 401], [-757, -1604]]
[[1, 0], [189, 1604], [-191, -1604]]
[[1, 0], [189, 401], [-193, -401]]
[[1, 0], [189, 401], [-575, -1203]]
[[1, 0], [189, 401], [-761, -1604]]
[[1, 0], [189, 802], [-381, -1604]]
[[1, 0], [19, 1203], [-23, -1203]]
[[1, 0], [19, 1604], [-21, -1604]]
[[1, 0], [19, 36], [-413, -276]]
[[1, 0], [19, 401], [-23, -401]]
[[1, 0], [19, 401], [-65, -1203]]
[[1, 0], [19, 401], [-81, -1604]]
[[1, 0], [19, 802], [-41, -1604]]
[[1, 0], [190, 1203], [-194, -1203]]
[[1, 0], [190, 401], [-194, -401]]
[[1, 0], [190, 401], [-578, -1203]]
[[1, 0], [190, 401], [-765, -1604]]
[[1, 0], [191, 1604], [-193, -1604]]
[[1, 0], [191, 401], [-195, -401]]
[[1, 0], [191, 401], [-581, -1203]]
[[1, 0], [191, 401], [-769, -1604]]
[[1, 0], [191, 802], [-385, -1604]]
[[1, 0], [192, 401], [-196, -401]]
[[1, 0], [192, 401], [-584, -1203]]
[[1, 0], [192, 401], [-773, -1604]]
[[1, 0], [193, 1203], [-197, -1203]]
[[1, 0], [193, 1604], [-195, -1604]]
[[1, 0], [193, 401], [-197, -401]]
[[1, 0], [193, 401], [-587, -1203]]
[[1, 0], [193, 401], [-777, -1604]]
[[1, 0], [193, 802], [-389, -1604]]
[[1, 0], [194, 401], [-198, -401]]
[[1, 0], [194, 401], [-590, -1203]]
[[1, 0], [194, 401], [-781, -1604]]
[[1, 0], [195, 1604], [-197, -1604]]
[[1, 0], [195, 401], [-199, -401]]
[[1, 0], [195, 401], [-593, -1203]]
[[1, 0], [195, 401], [-785, -1604]]
[[1, 0], [195, 802], [-393, -1604]]
[[1, 0], [196, 1203], [-200, -1203]]
[[1, 0], [196, 401], [-200, -401]]
[[1, 0], [196, 401], [-596, -1203]]
[[1, 0], [196, 401], [-789, -1604]]
[[1, 0], [197, 1604], [-199, -1604]]
[[1, 0], [197, 401], [-201, -401]]
[[1, 0], [197, 401], [-599, -1203]]
[[1, 0], [197, 401], [-793, -1604]]
[[1, 0], [197, 802], [-397, -1604]]
[[1, 0], [198, 401], [-202, -401]]
[[1, 0], [198, 401], [-602, -1203]]
[[1, 0], [198, 401], [-797, -1604]]
[[1, 0], [199, 1203], [-203, -1203]]
[[1, 0], [199, 1604], [-201, -1604]]
[[1, 0], [199, 401], [-605, -1203]]
[[1, 0], [199, 401], [-801, -1604]]
[[1, 0], [2, 401], [-13, -1604]]
[[1, 0], [2, 401], [-14, -1203]]
[[1, 0], [2, 401], [-6, -401]]
[[1, 0], [20, 401], [-24, -401]]
[[1, 0], [20, 401], [-68, -1203]]
[[1, 0], [20, 401], [-85, -1604]]
[[1, 0], [200, 401], [-608, -1203]]
[[1, 0], [200, 401], [-805, -1604]]
[[1, 0], [201, 1604], [-203, -1604]]
[[1, 0], [201, 401], [-611, -1203]]
[[1, 0], [201, 401], [-809, -1604]]
[[1, 0], [201, 802], [-405, -1604]]
[[1, 0], [202, 1203], [-206, -1203]]
[[1, 0], [202, 401], [-614, -1203]]
[[1, 0], [202, 401], [-813, -1604]]
[[1, 0], [203, 1604], [-205, -1604]]
[[1, 0], [203, 401], [-617, -1203]]
[[1, 0], [203, 401], [-817, -1604]]
[[1, 0], [203, 404], [-807, -808]]
[[1, 0], [203, 802], [-409, -1604]]
[[1, 0], [204, 401], [-620, -1203]]
[[1, 0], [204, 401], [-821, -1604]]
[[1, 0], [205, 1203], [-209, -1203]]
[[1, 0], [205, 1604], [-207, -1604]]
[[1, 0], [205, 401], [-623, -1203]]
[[1, 0], [205, 401], [-825, -1604]]
[[1, 0], [205, 802], [-413, -1604]]
[[1, 0], [206, 401], [-626, -1203]]
[[1, 0], [206, 401], [-829, -1604]]
[[1, 0], [207, 1604], [-209, -1604]]
[[1, 0], [207, 401], [-629, -1203]]
[[1, 0], [207, 401], [-833, -1604]]
[[1, 0], [207, 802], [-417, -1604]]
[[1, 0], [208, 1203], [-212, -1203]]
[[1, 0], [208, 401], [-632, -1203]]
[[1, 0], [208, 401], [-837, -1604]]
[[1, 0], [209, 1604], [-211, -1604]]
[[1, 0], [209, 401], [-635, -1203]]
[[1, 0], [209, 401], [-841, -1604]]
[[1, 0], [209, 802], [-421, -1604]]
[[1, 0], [21, 1604], [-23, -1604]]
[[1, 0], [21, 401], [-25, -401]]
[[1, 0], [21, 401], [-71, -1203]]
[[1, 0], [21, 401], [-89, -1604]]
[[1, 0], [21, 802], [-45, -1604]]
[[1, 0], [210, 401], [-638, -1203]]
[[1, 0], [210, 401], [-845, -1604]]
[[1, 0], [211, 1203], [-215, -1203]]
[[1, 0], [211, 1604], [-213, -1604]]
[[1, 0], [211, 401], [-641, -1203]]
[[1, 0], [211, 401], [-849, -1604]]
[[1, 0], [211, 802], [-425, -1604]]
[[1, 0], [212, 401], [-644, -1203]]
[[1, 0], [212, 401], [-853, -1604]]
[[1, 0], [213, 1604], [-215, -1604]]
[[1, 0], [213, 401], [-647, -1203]]
[[1, 0], [213, 401], [-857, -1604]]
[[1, 0], [213, 802], [-429, -1604]]
[[1, 0], [214, 1203], [-218, -1203]]
[[1, 0], [214, 401], [-650, -1203]]
[[1, 0], [214, 401], [-861, -1604]]
[[1, 0], [215, 1604], [-217, -1604]]
[[1, 0], [215, 401], [-653, -1203]]
[[1, 0], [215, 401], [-865, -1604]]
[[1, 0], [215, 802], [-433, -1604]]
[[1, 0], [216, 401], [-656, -1203]]
[[1, 0], [216, 401], [-869, -1604]]
[[1, 0], [217, 1203], [-221, -1203]]
[[1, 0], [217, 1604], [-219, -1604]]
[[1, 0], [217, 401], [-659, -1203]]
[[1, 0], [217, 401], [-873, -1604]]
[[1, 0], [217, 802], [-437, -1604]]
[[1, 0], [218, 401], [-662, -1203]]
[[1, 0], [218, 401], [-877, -1604]]
[[1, 0], [219, 1604], [-221, -1604]]
[[1, 0], [219, 401], [-665, -1203]]
[[1, 0], [219, 401], [-881, -1604]]
[[1, 0], [219, 802], [-441, -1604]]
[[1, 0], [22, 1203], [-26, -1203]]
[[1, 0], [22, 401], [-26, -401]]
[[1, 0], [22, 401], [-74, -1203]]
[[1, 0], [22, 401], [-93, -1604]]
[[1, 0], [220, 1203], [-224, -1203]]
[[1, 0], [220, 401], [-668, -1203]]
[[1, 0], [220, 401], [-885, -1604]]
[[1, 0], [221, 1604], [-223, -1604]]
[[1, 0], [221, 401], [-671, -1203]]
[[1, 0], [221, 401], [-889, -1604]]
[[1, 0], [221, 802], [-445, -1604]]
[[1, 0], [222, 401], [-674, -1203]]
[[1, 0], [222, 401], [-893, -1604]]
[[1, 0], [223, 1203], [-227, -1203]]
[[1, 0], [223, 1604], [-225, -1604]]
[[1, 0], [223, 401], [-677, -1203]]
[[1, 0], [223, 401], [-897, -1604]]
[[1, 0], [223, 802], [-449, -1604]]
[[1, 0], [224, 401], [-680, -1203]]
[[1, 0], [224, 401], [-901, -1604]]
[[1, 0], [225, 1604], [-227, -1604]]
[[1, 0], [225, 401], [-683, -1203]]
[[1, 0], [225, 401], [-905, -1604]]
[[1, 0], [225, 802], [-453, -1604]]
[[1, 0], [226, 1203], [-230, -1203]]
[[1, 0], [226, 401], [-686, -1203]]
[[1, 0], [226, 401], [-909, -1604]]
[[1, 0], [227, 1604], [-229, -1604]]
[[1, 0], [227, 401], [-689, -1203]]
[[1, 0], [227, 401], [-913, -1604]]
[[1, 0], [227, 802], [-457, -1604]]
[[1, 0], [228, 401], [-692, -1203]]
[[1, 0], [228, 401], [-917, -1604]]
[[1, 0], [229, 1203], [-233, -1203]]
[[1, 0], [229, 1604], [-231, -1604]]
[[1, 0], [229, 401], [-695, -1203]]
[[1, 0], [229, 401], [-921, -1604]]
[[1, 0], [229, 802], [-461, -1604]]
[[1, 0], [23, 1604], [-25, -1604]]
[[1, 0], [23, 401], [-27, -401]]
[[1, 0], [23, 401], [-77, -1203]]
[[1, 0], [23, 401], [-97, -1604]]
[[1, 0], [23, 802], [-49, -1604]]
[[1, 0], [230, 401], [-698, -1203]]
[[1, 0], [230, 401], [-925, -1604]]
[[1, 0], [231, 1604], [-233, -1604]]
[[1, 0], [231, 401], [-701, -1203]]
[[1, 0], [231, 401], [-929, -1604]]
[[1, 0], [231, 802], [-465, -1604]]
[[1, 0], [232, 1203], [-236, -1203]]
[[1, 0], [232, 401], [-704, -1203]]
[[1, 0], [232, 401], [-933, -1604]]
[[1, 0], [233, 1604], [-235, -1604]]
[[1, 0], [233, 401], [-707, -1203]]
[[1, 0], [233, 401], [-937, -1604]]
[[1, 0], [233, 802], [-469, -1604]]
[[1, 0], [234, 401], [-710, -1203]]
[[1, 0], [234, 401], [-941, -1604]]
[[1, 0], [235, 1203], [-239, -1203]]
[[1, 0], [235, 1604], [-237, -1604]]
[[1, 0], [235, 401], [-713, -1203]]
[[1, 0], [235, 401], [-945, -1604]]
[[1, 0], [235, 802], [-473, -1604]]
[[1, 0], [236, 401], [-716, -1203]]
[[1, 0], [236, 401], [-949, -1604]]
[[1, 0], [237, 1604], [-239, -1604]]
[[1, 0], [237, 401], [-719, -1203]]
[[1, 0], [237, 401], [-953, -1604]]
[[1, 0], [237, 802], [-477, -1604]]
[[1, 0], [238, 1203], [-242, -1203]]
[[1, 0], [238, 401], [-722, -1203]]
[[1, 0], [238, 401], [-957, -1604]]
[[1, 0], [239, 1604], [-241, -1604]]
[[1, 0], [239, 401], [-725, -1203]]
[[1, 0], [239, 401], [-961, -1604]]
[[1, 0], [239, 802], [-481, -1604]]
[[1, 0], [24, 401], [-101, -1604]]
[[1, 0], [24, 401], [-28, -401]]
[[1, 0], [24, 401], [-80, -1203]]
[[1, 0], [240, 401], [-728, -1203]]
[[1, 0], [240, 401], [-965, -1604]]
[[1, 0], [241, 1203], [-245, -1203]]
[[1, 0], [241, 1604], [-243, -1604]]
[[1, 0], [241, 401], [-731, -1203]]
[[1, 0], [241, 401], [-969, -1604]]
[[1, 0], [241, 802], [-485, -1604]]
[[1, 0], [242, 401], [-734, -1203]]
[[1, 0], [242, 401], [-973, -1604]]
[[1, 0], [243, 1604], [-245, -1604]]
[[1, 0], [243, 401], [-737, -1203]]
[[1, 0], [243, 401], [-977, -1604]]
[[1, 0], [243, 802], [-489, -1604]]
[[1, 0], [244, 1203], [-248, -1203]]
[[1, 0], [244, 401], [-740, -1203]]
[[1, 0], [244, 401], [-981, -1604]]
[[1, 0], [245, 1604], [-247, -1604]]
[[1, 0], [245, 401], [-743, -1203]]
[[1, 0], [245, 401], [-985, -1604]]
[[1, 0], [245, 802], [-493, -1604]]
[[1, 0], [246, 401], [-746, -1203]]
[[1, 0], [246, 401], [-989, -1604]]
[[1, 0], [247, 1203], [-251, -1203]]
[[1, 0], [247, 1604], [-249, -1604]]
[[1, 0], [247, 401], [-749, -1203]]
[[1, 0], [247, 401], [-993, -1604]]
[[1, 0], [247, 802], [-497, -1604]]
[[1, 0], [248, 401], [-752, -1203]]
[[1, 0], [248, 401], [-997, -1604]]
[[1, 0], [249, 1604], [-251, -1604]]
[[1, 0], [249, 401], [-1001, -1604]]
[[1, 0], [249, 401], [-755, -1203]]
[[1, 0], [249, 802], [-501, -1604]]
[[1, 0], [25, 1203], [-29, -1203]]
[[1, 0], [25, 1604], [-27, -1604]]
[[1, 0], [25, 401], [-105, -1604]]
[[1, 0], [25, 401], [-29, -401]]
[[1, 0], [25, 401], [-83, -1203]]
[[1, 0], [25, 48], [-407, -204]]
[[1, 0], [25, 802], [-53, -1604]]
[[1, 0], [250, 1203], [-254, -1203]]
[[1, 0], [250, 401], [-1005, -1604]]
[[1, 0], [250, 401], [-758, -1203]]
[[1, 0], [251, 1604], [-253, -1604]]
[[1, 0], [251, 401], [-1009, -1604]]
[[1, 0], [251, 401], [-761, -1203]]
[[1, 0], [251, 802], [-505, -1604]]
[[1, 0], [252, 401], [-1013, -1604]]
[[1, 0], [252, 401], [-764, -1203]]
[[1, 0], [253, 1203], [-257, -1203]]
[[1, 0], [253, 1604], [-255, -1604]]
[[1, 0], [253, 401], [-1017, -1604]]
[[1, 0], [253, 401], [-767, -1203]]
[[1, 0], [253, 802], [-509, -1604]]
[[1, 0], [254, 401], [-1021, -1604]]
[[1, 0], [254, 401], [-770, -1203]]
[[1, 0], [255, 1604], [-257, -1604]]
[[1, 0], [255, 401], [-1025, -1604]]
[[1, 0], [255, 401], [-773, -1203]]
[[1, 0], [255, 802], [-513, -1604]]
[[1, 0], [256, 1203], [-260, -1203]]
[[1, 0], [256, 401], [-1029, -1604]]
[[1, 0], [256, 401], [-776, -1203]]
[[1, 0], [257, 1604], [-259, -1604]]
[[1, 0], [257, 401], [-1033, -1604]]
[[1, 0], [257, 401], [-779, -1203]]
[[1, 0], [257, 802], [-517, -1604]]
[[1, 0], [258, 401], [-1037, -1604]]
[[1, 0], [258, 401], [-782, -1203]]
[[1, 0], [259, 1203], [-263, -1203]]
[[1, 0], [259, 1604], [-261, -1604]]
[[1, 0], [259, 401], [-1041, -1604]]
[[1, 0], [259, 401], [-785, -1203]]
[[1, 0], [259, 802], [-521, -1604]]
[[1, 0], [26, 401], [-109, -1604]]
[[1, 0], [26, 401], [-30, -401]]
[[1, 0], [26, 401], [-86, -1203]]
[[1, 0], [260, 401], [-1045, -1604]]
[[1, 0], [260, 401], [-788, -1203]]
[[1, 0], [261, 1604], [-263, -1604]]
[[1, 0], [261, 401], [-1049, -1604]]
[[1, 0], [261, 401], [-791, -1203]]
[[1, 0], [261, 802], [-525, -1604]]
[[1, 0], [262, 1203], [-266, -1203]]
[[1, 0], [262, 401], [-1053, -1604]]
[[1, 0], [262, 401], [-794, -1203]]
[[1, 0], [263, 1604], [-265, -1604]]
[[1, 0], [263, 401], [-1057, -1604]]
[[1, 0], [263, 401], [-797, -1203]]
[[1, 0], [263, 802], [-529, -1604]]
[[1, 0], [264, 401], [-1061, -1604]]
[[1, 0], [264, 401], [-800, -1203]]
[[1, 0], [265, 1203], [-269, -1203]]
[[1, 0], [265, 1604], [-267, -1604]]
[[1, 0], [265, 401], [-1065, -1604]]
[[1, 0], [265, 401], [-803, -1203]]
[[1, 0], [265, 802], [-533, -1604]]
[[1, 0], [266, 401], [-1069, -1604]]
[[1, 0], [266, 401], [-806, -1203]]
[[1, 0], [267, 1604], [-269, -1604]]
[[1, 0], [267, 401], [-1073, -1604]]
[[1, 0], [267, 401], [-809, -1203]]
[[1, 0], [267, 802], [-537, -1604]]
[[1, 0], [268, 1203], [-272, -1203]]
[[1, 0], [268, 401], [-1077, -1604]]
[[1, 0], [268, 401], [-812, -1203]]
[[1, 0], [269, 1604], [-271, -1604]]
[[1, 0], [269, 401], [-1081, -1604]]
[[1, 0], [269, 401], [-815, -1203]]
[[1, 0], [269, 802], [-541, -1604]]
[[1, 0], [27, 1604], [-29, -1604]]
[[1, 0], [27, 401], [-113, -1604]]
[[1, 0], [27, 401], [-31, -401]]
[[1, 0], [27, 401], [-89, -1203]]
[[1, 0], [27, 802], [-57, -1604]]
[[1, 0], [270, 401], [-1085, -1604]]
[[1, 0], [270, 401], [-818, -1203]]
[[1, 0], [271, 1203], [-275, -1203]]
[[1, 0], [271, 1604], [-273, -1604]]
[[1, 0], [271, 401], [-1089, -1604]]
[[1, 0], [271, 401], [-821, -1203]]
[[1, 0], [271, 802], [-545, -1604]]
[[1, 0], [272, 401], [-1093, -1604]]
[[1, 0], [272, 401], [-824, -1203]]
[[1, 0], [273, 1604], [-275, -1604]]
[[1, 0], [273, 401], [-1097, -1604]]
[[1, 0], [273, 401], [-827, -1203]]
[[1, 0], [273, 802], [-549, -1604]]
[[1, 0], [274, 1203], [-278, -1203]]
[[1, 0], [274, 401], [-1101, -1604]]
[[1, 0], [274, 401], [-830, -1203]]
[[1, 0], [275, 1604], [-277, -1604]]
[[1, 0], [275, 401], [-1105, -1604]]
[[1, 0], [275, 401], [-833, -1203]]
[[1, 0], [275, 802], [-553, -1604]]
[[1, 0], [276, 401], [-1109, -1604]]
[[1, 0], [276, 401], [-836, -1203]]
[[1, 0], [277, 1203], [-281, -1203]]
[[1, 0], [277, 1604], [-279, -1604]]
[[1, 0], [277, 401], [-1113, -1604]]
[[1, 0], [277, 401], [-839, -1203]]
[[1, 0], [277, 802], [-557, -1604]]
[[1, 0], [278, 401], [-1117, -1604]]
[[1, 0], [278, 401], [-842, -1203]]
[[1, 0], [279, 1604], [-281, -1604]]
[[1, 0], [279, 401], [-1121, -1604]]
[[1, 0], [279, 401], [-845, -1203]]
[[1, 0], [279, 802], [-561, -1604]]
[[1, 0], [28, 1203], [-32, -1203]]
[[1, 0], [28, 401], [-117, -1604]]
[[1, 0], [28, 401], [-32, -401]]
[[1, 0], [28, 401], [-92, -1203]]
[[1, 0], [280, 1203], [-284, -1203]]
[[1, 0], [280, 401], [-1125, -1604]]
[[1, 0], [280, 401], [-848, -1203]]
[[1, 0], [281, 1604], [-283, -1604]]
[[1, 0], [281, 401], [-1129, -1604]]
[[1, 0], [281, 401], [-851, -1203]]
[[1, 0], [281, 802], [-565, -1604]]
[[1, 0], [282, 401], [-1133, -1604]]
[[1, 0], [282, 401], [-854, -1203]]
[[1, 0], [283, 1203], [-287, -1203]]
[[1, 0], [283, 1604], [-285, -1604]]
[[1, 0], [283, 401], [-1137, -1604]]
[[1, 0], [283, 401], [-857, -1203]]
[[1, 0], [283, 802], [-569, -1604]]
[[1, 0], [284, 401], [-1141, -1604]]
[[1, 0], [284, 401], [-860, -1203]]
[[1, 0], [285, 1604], [-287, -1604]]
[[1, 0], [285, 401], [-1145, -1604]]
[[1, 0], [285, 401], [-863, -1203]]
[[1, 0], [285, 802], [-573, -1604]]
[[1, 0], [286, 1203], [-290, -1203]]
[[1, 0], [286, 401], [-1149, -1604]]
[[1, 0], [286, 401], [-866, -1203]]
[[1, 0], [287, 1604], [-289, -1604]]
[[1, 0], [287, 401], [-1153, -1604]]
[[1, 0], [287, 401], [-869, -1203]]
[[1, 0], [287, 802], [-577, -1604]]
[[1, 0], [288, 401], [-1157, -1604]]
[[1, 0], [288, 401], [-872, -1203]]
[[1, 0], [289, 1203], [-293, -1203]]
[[1, 0], [289, 1604], [-291, -1604]]
[[1, 0], [289, 401], [-1161, -1604]]
[[1, 0], [289, 401], [-875, -1203]]
[[1, 0], [289, 802], [-581, -1604]]
[[1, 0], [29, 1604], [-31, -1604]]
[[1, 0], [29, 401], [-121, -1604]]
[[1, 0], [29, 401], [-33, -401]]
[[1, 0], [29, 401], [-95, -1203]]
[[1, 0], [29, 56], [-209, -210]]
[[1, 0], [29, 802], [-61, -1604]]
[[1, 0], [290, 401], [-1165, -1604]]
[[1, 0], [290, 401], [-878, -1203]]
[[1, 0], [291, 1604], [-293, -1604]]
[[1, 0], [291, 401], [-1169, -1604]]
[[1, 0], [291, 401], [-881, -1203]]
[[1, 0], [291, 802], [-585, -1604]]
[[1, 0], [292, 1203], [-296, -1203]]
[[1, 0], [292, 401], [-1173, -1604]]
[[1, 0], [292, 401], [-884, -1203]]
[[1, 0], [293, 1604], [-295, -1604]]
[[1, 0], [293, 401], [-1177, -1604]]
[[1, 0], [293, 401], [-887, -1203]]
[[1, 0], [293, 802], [-589, -1604]]
[[1, 0], [294, 401], [-1181, -1604]]
[[1, 0], [294, 401], [-890, -1203]]
[[1, 0], [295, 1203], [-299, -1203]]
[[1, 0], [295, 1604], [-297, -1604]]
[[1, 0], [295, 401], [-1185, -1604]]
[[1, 0], [295, 401], [-893, -1203]]
[[1, 0], [295, 802], [-593, -1604]]
[[1, 0], [296, 401], [-1189, -1604]]
[[1, 0], [296, 401], [-896, -1203]]
[[1, 0], [297, 1604], [-299, -1604]]
[[1, 0], [297, 401], [-1193, -1604]]
[[1, 0], [297, 401], [-899, -1203]]
[[1, 0], [297, 802], [-597, -1604]]
[[1, 0], [298, 1203], [-302, -1203]]
[[1, 0], [298, 401], [-1197, -1604]]
[[1, 0], [298, 401], [-902, -1203]]
[[1, 0], [299, 1604], [-301, -1604]]
[[1, 0], [299, 401], [-1201, -1604]]
[[1, 0], [299, 401], [-905, -1203]]
[[1, 0], [299, 802], [-601, -1604]]
[[1, 0], [3, 1604], [-5, -1604]]
[[1, 0], [3, 401], [-17, -1203]]
[[1, 0], [3, 401], [-17, -1604]]
[[1, 0], [3, 401], [-7, -401]]
[[1, 0], [3, 4], [-1007, -6]]
[[1, 0], [3, 4], [-1021, -292]]
[[1, 0], [3, 4], [-104, -5]]
[[1, 0], [3, 4], [-107, -9]]
[[1, 0], [3, 4], [-1337, -446]]
[[1, 0], [3, 4], [-134, -45]]
[[1, 0], [3, 4], [-13935, -134]]
[[1, 0], [3, 4], [-13937, -404]]
[[1, 0], [3, 4], [-1605, -1604]]
[[1, 0], [3, 4], [-161, -81]]
[[1, 0], [3, 4], [-1613, -12]]
[[1, 0], [3, 4], [-1925, -428]]
[[1, 0], [3, 4], [-20702, -201]]
[[1, 0], [3, 4], [-2107, -136]]
[[1, 0], [3, 4], [-247, -62]]
[[1, 0], [3, 4], [-2493, -116]]
[[1, 0], [3, 4], [-27469, -268]]
[[1, 0], [3, 4], [-3119, -416]]
[[1, 0], [3, 4], [-3455, -864]]
[[1, 0], [3, 4], [-354, -71]]
[[1, 0], [3, 4], [-402, -401]]
[[1, 0], [3, 4], [-407, -8]]
[[1, 0], [3, 4], [-41003, -402]]
[[1, 0], [3, 4], [-419, -24]]
[[1, 0], [3, 4], [-4919, -410]]
[[1, 0], [3, 4], [-532, -41]]
[[1, 0], [3, 4], [-7037, -828]]
[[1, 0], [3, 4], [-7168, -67]]
[[1, 0], [3, 4], [-803, -536]]
[[1, 0], [3, 4], [-803, -802]]
[[1, 0], [3, 4], [-805, -4]]
[[1, 0], [3, 4], [-81605, -804]]
[[1, 0], [3, 4], [-8525, -406]]
[[1, 0], [3, 4], [-963, -482]]
[[1, 0], [3, 802], [-9, -1604]]
[[1, 0], [30, 401], [-125, -1604]]
[[1, 0], [30, 401], [-34, -401]]
[[1, 0], [30, 401], [-98, -1203]]
[[1, 0], [300, 401], [-1205, -1604]]
[[1, 0], [300, 401], [-908, -1203]]
[[1, 0], [301, 1203], [-305, -1203]]
[[1, 0], [301, 1604], [-303, -1604]]
[[1, 0], [301, 401], [-1209, -1604]]
[[1, 0], [301, 401], [-911, -1203]]
[[1, 0], [301, 802], [-605, -1604]]
[[1, 0], [302, 401], [-1213, -1604]]
[[1, 0], [302, 401], [-914, -1203]]
[[1, 0], [303, 1604], [-305, -1604]]
[[1, 0], [303, 401], [-1217, -1604]]
[[1, 0], [303, 401], [-917, -1203]]
[[1, 0], [303, 802], [-609, -1604]]
[[1, 0], [304, 1203], [-308, -1203]]
[[1, 0], [304, 401], [-1221, -1604]]
[[1, 0], [304, 401], [-920, -1203]]
[[1, 0], [305, 1604], [-307, -1604]]
[[1, 0], [305, 401], [-1225, -1604]]
[[1, 0], [305, 401], [-923, -1203]]
[[1, 0], [305, 802], [-613, -1604]]
[[1, 0], [306, 401], [-1229, -1604]]
[[1, 0], [306, 401], [-926, -1203]]
[[1, 0], [307, 1203], [-311, -1203]]
[[1, 0], [307, 1604], [-309, -1604]]
[[1, 0], [307, 401], [-1233, -1604]]
[[1, 0], [307, 401], [-929, -1203]]
[[1, 0], [307, 802], [-617, -1604]]
[[1, 0], [308, 401], [-1237, -1604]]
[[1, 0], [308, 401], [-932, -1203]]
[[1, 0], [309, 1604], [-311, -1604]]
[[1, 0], [309, 401], [-1241, -1604]]
[[1, 0], [309, 401], [-935, -1203]]
[[1, 0], [309, 802], [-621, -1604]]
[[1, 0], [31, 1203], [-35, -1203]]
[[1, 0], [31, 1604], [-33, -1604]]
[[1, 0], [31, 401], [-101, -1203]]
[[1, 0], [31, 401], [-129, -1604]]
[[1, 0], [31, 401], [-35, -401]]
[[1, 0], [31, 60], [-167, -168]]
[[1, 0], [31, 802], [-65, -1604]]
[[1, 0], [310, 1203], [-314, -1203]]
[[1, 0], [310, 401], [-1245, -1604]]
[[1, 0], [310, 401], [-938, -1203]]
[[1, 0], [311, 1604], [-313, -1604]]
[[1, 0], [311, 401], [-1249, -1604]]
[[1, 0], [311, 401], [-941, -1203]]
[[1, 0], [311, 802], [-625, -1604]]
[[1, 0], [312, 401], [-1253, -1604]]
[[1, 0], [312, 401], [-944, -1203]]
[[1, 0], [313, 1203], [-317, -1203]]
[[1, 0], [313, 1604], [-315, -1604]]
[[1, 0], [313, 401], [-1257, -1604]]
[[1, 0], [313, 401], [-947, -1203]]
[[1, 0], [313, 802], [-629, -1604]]
[[1, 0], [314, 401], [-1261, -1604]]
[[1, 0], [314, 401], [-950, -1203]]
[[1, 0], [315, 1604], [-317, -1604]]
[[1, 0], [315, 401], [-1265, -1604]]
[[1, 0], [315, 401], [-953, -1203]]
[[1, 0], [315, 802], [-633, -1604]]
[[1, 0], [316, 1203], [-320, -1203]]
[[1, 0], [316, 401], [-1269, -1604]]
[[1, 0], [316, 401], [-956, -1203]]
[[1, 0], [317, 1604], [-319, -1604]]
[[1, 0], [317, 401], [-1273, -1604]]
[[1, 0], [317, 401], [-959, -1203]]
[[1, 0], [317, 802], [-637, -1604]]
[[1, 0], [318, 401], [-1277, -1604]]
[[1, 0], [318, 401], [-962, -1203]]
[[1, 0], [319, 1203], [-323, -1203]]
[[1, 0], [319, 1604], [-321, -1604]]
[[1, 0], [319, 401], [-1281, -1604]]
[[1, 0], [319, 401], [-965, -1203]]
[[1, 0], [319, 802], [-641, -1604]]
[[1, 0], [32, 401], [-104, -1203]]
[[1, 0], [32, 401], [-133, -1604]]
[[1, 0], [32, 401], [-36, -401]]
[[1, 0], [320, 401], [-1285, -1604]]
[[1, 0], [320, 401], [-968, -1203]]
[[1, 0], [321, 1604], [-323, -1604]]
[[1, 0], [321, 401], [-1289, -1604]]
[[1, 0], [321, 401], [-971, -1203]]
[[1, 0], [321, 802], [-645, -1604]]
[[1, 0], [322, 1203], [-326, -1203]]
[[1, 0], [322, 401], [-1293, -1604]]
[[1, 0], [322, 401], [-974, -1203]]
[[1, 0], [323, 1604], [-325, -1604]]
[[1, 0], [323, 401], [-1297, -1604]]
[[1, 0], [323, 401], [-977, -1203]]
[[1, 0], [323, 802], [-649, -1604]]
[[1, 0], [324, 401], [-1301, -1604]]
[[1, 0], [324, 401], [-980, -1203]]
[[1, 0], [325, 1203], [-329, -1203]]
[[1, 0], [325, 1604], [-327, -1604]]
[[1, 0], [325, 401], [-1305, -1604]]
[[1, 0], [325, 401], [-983, -1203]]
[[1, 0], [325, 802], [-653, -1604]]
[[1, 0], [326, 401], [-1309, -1604]]
[[1, 0], [326, 401], [-986, -1203]]
[[1, 0], [327, 1604], [-329, -1604]]
[[1, 0], [327, 401], [-1313, -1604]]
[[1, 0], [327, 401], [-989, -1203]]
[[1, 0], [327, 802], [-657, -1604]]
[[1, 0], [328, 1203], [-332, -1203]]
[[1, 0], [328, 401], [-1317, -1604]]
[[1, 0], [328, 401], [-992, -1203]]
[[1, 0], [329, 1604], [-331, -1604]]
[[1, 0], [329, 401], [-1321, -1604]]
[[1, 0], [329, 401], [-995, -1203]]
[[1, 0], [329, 802], [-661, -1604]]
[[1, 0], [33, 1604], [-35, -1604]]
[[1, 0], [33, 401], [-107, -1203]]
[[1, 0], [33, 401], [-137, -1604]]
[[1, 0], [33, 401], [-37, -401]]
[[1, 0], [33, 64], [-415, -416]]
[[1, 0], [33, 802], [-69, -1604]]
[[1, 0], [330, 401], [-1325, -1604]]
[[1, 0], [330, 401], [-998, -1203]]
[[1, 0], [331, 1203], [-335, -1203]]
[[1, 0], [331, 1604], [-333, -1604]]
[[1, 0], [331, 401], [-1001, -1203]]
[[1, 0], [331, 401], [-1329, -1604]]
[[1, 0], [331, 802], [-665, -1604]]
[[1, 0], [332, 401], [-1004, -1203]]
[[1, 0], [332, 401], [-1333, -1604]]
[[1, 0], [333, 1604], [-335, -1604]]
[[1, 0], [333, 401], [-1007, -1203]]
[[1, 0], [333, 401], [-1337, -1604]]
[[1, 0], [333, 802], [-669, -1604]]
[[1, 0], [334, 1203], [-338, -1203]]
[[1, 0], [334, 401], [-1010, -1203]]
[[1, 0], [334, 401], [-1341, -1604]]
[[1, 0], [335, 1604], [-337, -1604]]
[[1, 0], [335, 401], [-1013, -1203]]
[[1, 0], [335, 401], [-1345, -1604]]
[[1, 0], [335, 802], [-673, -1604]]
[[1, 0], [336, 401], [-1016, -1203]]
[[1, 0], [336, 401], [-1349, -1604]]
[[1, 0], [337, 1203], [-341, -1203]]
[[1, 0], [337, 1604], [-339, -1604]]
[[1, 0], [337, 401], [-1019, -1203]]
[[1, 0], [337, 401], [-1353, -1604]]
[[1, 0], [337, 802], [-677, -1604]]
[[1, 0], [338, 401], [-1022, -1203]]
[[1, 0], [338, 401], [-1357, -1604]]
[[1, 0], [339, 1604], [-341, -1604]]
[[1, 0], [339, 401], [-1025, -1203]]
[[1, 0], [339, 401], [-1361, -1604]]
[[1, 0], [339, 802], [-681, -1604]]
[[1, 0], [34, 1203], [-38, -1203]]
[[1, 0], [34, 401], [-110, -1203]]
[[1, 0], [34, 401], [-141, -1604]]
[[1, 0], [34, 401], [-38, -401]]
[[1, 0], [340, 1203], [-344, -1203]]
[[1, 0], [340, 401], [-1028, -1203]]
[[1, 0], [340, 401], [-1365, -1604]]
[[1, 0], [341, 1604], [-343, -1604]]
[[1, 0], [341, 401], [-1031, -1203]]
[[1, 0], [341, 401], [-1369, -1604]]
[[1, 0], [341, 802], [-685, -1604]]
[[1, 0], [342, 401], [-1034, -1203]]
[[1, 0], [342, 401], [-1373, -1604]]
[[1, 0], [343, 1203], [-347, -1203]]
[[1, 0], [343, 1604], [-345, -1604]]
[[1, 0], [343, 401], [-1037, -1203]]
[[1, 0], [343, 401], [-1377, -1604]]
[[1, 0], [343, 802], [-689, -1604]]
[[1, 0], [344, 401], [-1040, -1203]]
[[1, 0], [344, 401], [-1381, -1604]]
[[1, 0], [345, 1604], [-347, -1604]]
[[1, 0], [345, 401], [-1043, -1203]]
[[1, 0], [345, 401], [-1385, -1604]]
[[1, 0], [345, 802], [-693, -1604]]
[[1, 0], [346, 1203], [-350, -1203]]
[[1, 0], [346, 401], [-1046, -1203]]
[[1, 0], [346, 401], [-1389, -1604]]
[[1, 0], [347, 1604], [-349, -1604]]
[[1, 0], [347, 401], [-1049, -1203]]
[[1, 0], [347, 401], [-1393, -1604]]
[[1, 0], [347, 802], [-697, -1604]]
[[1, 0], [348, 401], [-1052, -1203]]
[[1, 0], [348, 401], [-1397, -1604]]
[[1, 0], [349, 1203], [-353, -1203]]
[[1, 0], [349, 1604], [-351, -1604]]
[[1, 0], [349, 401], [-1055, -1203]]
[[1, 0], [349, 401], [-1401, -1604]]
[[1, 0], [349, 802], [-701, -1604]]
[[1, 0], [35, 1604], [-37, -1604]]
[[1, 0], [35, 401], [-113, -1203]]
[[1, 0], [35, 401], [-145, -1604]]
[[1, 0], [35, 401], [-39, -401]]
[[1, 0], [35, 68], [-611, -408]]
[[1, 0], [35, 802], [-73, -1604]]
[[1, 0], [350, 401], [-1058, -1203]]
[[1, 0], [350, 401], [-1405, -1604]]
[[1, 0], [351, 1604], [-353, -1604]]
[[1, 0], [351, 401], [-1061, -1203]]
[[1, 0], [351, 401], [-1409, -1604]]
[[1, 0], [351, 802], [-705, -1604]]
[[1, 0], [352, 1203], [-356, -1203]]
[[1, 0], [352, 401], [-1064, -1203]]
[[1, 0], [352, 401], [-1413, -1604]]
[[1, 0], [353, 1604], [-355, -1604]]
[[1, 0], [353, 401], [-1067, -1203]]
[[1, 0], [353, 401], [-1417, -1604]]
[[1, 0], [353, 802], [-709, -1604]]
[[1, 0], [354, 401], [-1070, -1203]]
[[1, 0], [354, 401], [-1421, -1604]]
[[1, 0], [355, 1203], [-359, -1203]]
[[1, 0], [355, 1604], [-357, -1604]]
[[1, 0], [355, 401], [-1073, -1203]]
[[1, 0], [355, 401], [-1425, -1604]]
[[1, 0], [355, 802], [-713, -1604]]
[[1, 0], [356, 401], [-1076, -1203]]
[[1, 0], [356, 401], [-1429, -1604]]
[[1, 0], [357, 1604], [-359, -1604]]
[[1, 0], [357, 401], [-1079, -1203]]
[[1, 0], [357, 401], [-1433, -1604]]
[[1, 0], [357, 802], [-717, -1604]]
[[1, 0], [358, 1203], [-362, -1203]]
[[1, 0], [358, 401], [-1082, -1203]]
[[1, 0], [358, 401], [-1437, -1604]]
[[1, 0], [359, 1604], [-361, -1604]]
[[1, 0], [359, 401], [-1085, -1203]]
[[1, 0], [359, 401], [-1441, -1604]]
[[1, 0], [359, 802], [-721, -1604]]
[[1, 0], [36, 401], [-116, -1203]]
[[1, 0], [36, 401], [-149, -1604]]
[[1, 0], [36, 401], [-40, -401]]
[[1, 0], [360, 401], [-1088, -1203]]
[[1, 0], [360, 401], [-1445, -1604]]
[[1, 0], [361, 1203], [-365, -1203]]
[[1, 0], [361, 1604], [-363, -1604]]
[[1, 0], [361, 401], [-1091, -1203]]
[[1, 0], [361, 401], [-1449, -1604]]
[[1, 0], [361, 802], [-725, -1604]]
[[1, 0], [362, 401], [-1094, -1203]]
[[1, 0], [362, 401], [-1453, -1604]]
[[1, 0], [363, 1604], [-365, -1604]]
[[1, 0], [363, 401], [-1097, -1203]]
[[1, 0], [363, 401], [-1457, -1604]]
[[1, 0], [363, 802], [-729, -1604]]
[[1, 0], [364, 1203], [-368, -1203]]
[[1, 0], [364, 401], [-1100, -1203]]
[[1, 0], [364, 401], [-1461, -1604]]
[[1, 0], [365, 1604], [-367, -1604]]
[[1, 0], [365, 401], [-1103, -1203]]
[[1, 0], [365, 401], [-1465, -1604]]
[[1, 0], [365, 802], [-733, -1604]]
[[1, 0], [366, 401], [-1106, -1203]]
[[1, 0], [366, 401], [-1469, -1604]]
[[1, 0], [367, 1203], [-371, -1203]]
[[1, 0], [367, 1604], [-369, -1604]]
[[1, 0], [367, 401], [-1109, -1203]]
[[1, 0], [367, 401], [-1473, -1604]]
[[1, 0], [367, 802], [-737, -1604]]
[[1, 0], [368, 401], [-1112, -1203]]
[[1, 0], [368, 401], [-1477, -1604]]
[[1, 0], [369, 1604], [-371, -1604]]
[[1, 0], [369, 401], [-1115, -1203]]
[[1, 0], [369, 401], [-1481, -1604]]
[[1, 0], [369, 802], [-741, -1604]]
[[1, 0], [37, 1203], [-41, -1203]]
[[1, 0], [37, 1604], [-39, -1604]]
[[1, 0], [37, 401], [-119, -1203]]
[[1, 0], [37, 401], [-153, -1604]]
[[1, 0], [37, 401], [-41, -401]]
[[1, 0], [37, 802], [-77, -1604]]
[[1, 0], [370, 1203], [-374, -1203]]
[[1, 0], [370, 401], [-1118, -1203]]
[[1, 0], [370, 401], [-1485, -1604]]
[[1, 0], [371, 1604], [-373, -1604]]
[[1, 0], [371, 401], [-1121, -1203]]
[[1, 0], [371, 401], [-1489, -1604]]
[[1, 0], [371, 802], [-745, -1604]]
[[1, 0], [372, 401], [-1124, -1203]]
[[1, 0], [372, 401], [-1493, -1604]]
[[1, 0], [373, 1203], [-377, -1203]]
[[1, 0], [373, 1604], [-375, -1604]]
[[1, 0], [373, 401], [-1127, -1203]]
[[1, 0], [373, 401], [-1497, -1604]]
[[1, 0], [373, 802], [-749, -1604]]
[[1, 0], [374, 401], [-1130, -1203]]
[[1, 0], [374, 401], [-1501, -1604]]
[[1, 0], [375, 1604], [-377, -1604]]
[[1, 0], [375, 401], [-1133, -1203]]
[[1, 0], [375, 401], [-1505, -1604]]
[[1, 0], [375, 802], [-753, -1604]]
[[1, 0], [376, 1203], [-380, -1203]]
[[1, 0], [376, 401], [-1136, -1203]]
[[1, 0], [376, 401], [-1509, -1604]]
[[1, 0], [377, 1604], [-379, -1604]]
[[1, 0], [377, 401], [-1139, -1203]]
[[1, 0], [377, 401], [-1513, -1604]]
[[1, 0], [377, 802], [-757, -1604]]
[[1, 0], [378, 401], [-1142, -1203]]
[[1, 0], [378, 401], [-1517, -1604]]
[[1, 0], [379, 1203], [-383, -1203]]
[[1, 0], [379, 1604], [-381, -1604]]
[[1, 0], [379, 401], [-1145, -1203]]
[[1, 0], [379, 401], [-1521, -1604]]
[[1, 0], [379, 802], [-761, -1604]]
[[1, 0], [38, 401], [-122, -1203]]
[[1, 0], [38, 401], [-157, -1604]]
[[1, 0], [38, 401], [-42, -401]]
[[1, 0], [380, 401], [-1148, -1203]]
[[1, 0], [380, 401], [-1525, -1604]]
[[1, 0], [381, 1604], [-383, -1604]]
[[1, 0], [381, 401], [-1151, -1203]]
[[1, 0], [381, 401], [-1529, -1604]]
[[1, 0], [381, 802], [-765, -1604]]
[[1, 0], [382, 1203], [-386, -1203]]
[[1, 0], [382, 401], [-1154, -1203]]
[[1, 0], [382, 401], [-1533, -1604]]
[[1, 0], [383, 1604], [-385, -1604]]
[[1, 0], [383, 401], [-1157, -1203]]
[[1, 0], [383, 401], [-1537, -1604]]
[[1, 0], [383, 802], [-769, -1604]]
[[1, 0], [384, 401], [-1160, -1203]]
[[1, 0], [384, 401], [-1541, -1604]]
[[1, 0], [385, 1203], [-389, -1203]]
[[1, 0], [385, 1604], [-387, -1604]]
[[1, 0], [385, 401], [-1163, -1203]]
[[1, 0], [385, 401], [-1545, -1604]]
[[1, 0], [385, 802], [-773, -1604]]
[[1, 0], [386, 401], [-1166, -1203]]
[[1, 0], [386, 401], [-1549, -1604]]
[[1, 0], [387, 1604], [-389, -1604]]
[[1, 0], [387, 401], [-1169, -1203]]
[[1, 0], [387, 401], [-1553, -1604]]
[[1, 0], [387, 802], [-777, -1604]]
[[1, 0], [388, 1203], [-392, -1203]]
[[1, 0], [388, 401], [-1172, -1203]]
[[1, 0], [388, 401], [-1557, -1604]]
[[1, 0], [389, 1604], [-391, -1604]]
[[1, 0], [389, 401], [-1175, -1203]]
[[1, 0], [389, 401], [-1561, -1604]]
[[1, 0], [389, 802], [-781, -1604]]
[[1, 0], [39, 1604], [-41, -1604]]
[[1, 0], [39, 401], [-125, -1203]]
[[1, 0], [39, 401], [-161, -1604]]
[[1, 0], [39, 401], [-43, -401]]
[[1, 0], [39, 802], [-81, -1604]]
[[1, 0], [390, 401], [-1178, -1203]]
[[1, 0], [390, 401], [-1565, -1604]]
[[1, 0], [390, 401], [-394, -401]]
[[1, 0], [391, 1203], [-395, -1203]]
[[1, 0], [391, 1604], [-393, -1604]]
[[1, 0], [391, 401], [-1181, -1203]]
[[1, 0], [391, 401], [-1569, -1604]]
[[1, 0], [391, 802], [-785, -1604]]
[[1, 0], [392, 401], [-1184, -1203]]
[[1, 0], [392, 401], [-1573, -1604]]
[[1, 0], [393, 1604], [-395, -1604]]
[[1, 0], [393, 401], [-1187, -1203]]
[[1, 0], [393, 401], [-1577, -1604]]
[[1, 0], [393, 802], [-789, -1604]]
[[1, 0], [394, 1203], [-398, -1203]]
[[1, 0], [394, 401], [-1190, -1203]]
[[1, 0], [394, 401], [-1581, -1604]]
[[1, 0], [395, 1604], [-397, -1604]]
[[1, 0], [395, 401], [-1193, -1203]]
[[1, 0], [395, 401], [-1585, -1604]]
[[1, 0], [395, 802], [-793, -1604]]
[[1, 0], [396, 401], [-1196, -1203]]
[[1, 0], [396, 401], [-1589, -1604]]
[[1, 0], [397, 1604], [-399, -1604]]
[[1, 0], [397, 401], [-1199, -1203]]
[[1, 0], [397, 401], [-1593, -1604]]
[[1, 0], [397, 802], [-797, -1604]]
[[1, 0], [398, 401], [-1202, -1203]]
[[1, 0], [398, 401], [-1597, -1604]]
[[1, 0], [398, 401], [-402, -401]]
[[1, 0], [399, 401], [-1205, -1203]]
[[1, 0], [399, 401], [-1601, -1604]]
[[1, 0], [399, 401], [-403, -401]]
[[1, 0], [399, 802], [-801, -1604]]
[[1, 0], [4, 1203], [-8, -1203]]
[[1, 0], [4, 401], [-20, -1203]]
[[1, 0], [4, 401], [-21, -1604]]
[[1, 0], [4, 401], [-8, -401]]
[[1, 0], [40, 1203], [-44, -1203]]
[[1, 0], [40, 401], [-128, -1203]]
[[1, 0], [40, 401], [-165, -1604]]
[[1, 0], [40, 401], [-44, -401]]
[[1, 0], [400, 1203], [-404, -1203]]
[[1, 0], [400, 401], [-1208, -1203]]
[[1, 0], [400, 401], [-1605, -1604]]
[[1, 0], [403, 1203], [-407, -1203]]
[[1, 0], [403, 1604], [-405, -1604]]
[[1, 0], [403, 802], [-809, -1604]]
[[1, 0], [403, 804], [-1205, -804]]
[[1, 0], [405, 1604], [-407, -1604]]
[[1, 0], [405, 802], [-813, -1604]]
[[1, 0], [406, 1203], [-410, -1203]]
[[1, 0], [407, 1604], [-409, -1604]]
[[1, 0], [407, 802], [-817, -1604]]
[[1, 0], [409, 1203], [-413, -1203]]
[[1, 0], [409, 1604], [-411, -1604]]
[[1, 0], [409, 802], [-821, -1604]]
[[1, 0], [41, 1604], [-43, -1604]]
[[1, 0], [41, 401], [-131, -1203]]
[[1, 0], [41, 401], [-169, -1604]]
[[1, 0], [41, 401], [-45, -401]]
[[1, 0], [41, 802], [-85, -1604]]
[[1, 0], [411, 1604], [-413, -1604]]
[[1, 0], [411, 802], [-825, -1604]]
[[1, 0], [412, 1203], [-416, -1203]]
[[1, 0], [413, 1604], [-415, -1604]]
[[1, 0], [413, 802], [-829, -1604]]
[[1, 0], [415, 1203], [-419, -1203]]
[[1, 0], [415, 1604], [-417, -1604]]
[[1, 0], [415, 802], [-833, -1604]]
[[1, 0], [417, 1604], [-419, -1604]]
[[1, 0], [417, 802], [-837, -1604]]
[[1, 0], [418, 1203], [-422, -1203]]
[[1, 0], [419, 1604], [-421, -1604]]
[[1, 0], [419, 802], [-841, -1604]]
[[1, 0], [42, 401], [-134, -1203]]
[[1, 0], [42, 401], [-173, -1604]]
[[1, 0], [42, 401], [-46, -401]]
[[1, 0], [421, 1203], [-425, -1203]]
[[1, 0], [421, 1604], [-423, -1604]]
[[1, 0], [421, 802], [-845, -1604]]
[[1, 0], [423, 1604], [-425, -1604]]
[[1, 0], [423, 802], [-849, -1604]]
[[1, 0], [424, 1203], [-428, -1203]]
[[1, 0], [425, 1604], [-427, -1604]]
[[1, 0], [425, 802], [-853, -1604]]
[[1, 0], [427, 1203], [-431, -1203]]
[[1, 0], [427, 1604], [-429, -1604]]
[[1, 0], [427, 802], [-857, -1604]]
[[1, 0], [429, 1604], [-431, -1604]]
[[1, 0], [429, 802], [-861, -1604]]
[[1, 0], [43, 1203], [-47, -1203]]
[[1, 0], [43, 1604], [-45, -1604]]
[[1, 0], [43, 401], [-137, -1203]]
[[1, 0], [43, 401], [-177, -1604]]
[[1, 0], [43, 401], [-47, -401]]
[[1, 0], [43, 802], [-89, -1604]]
[[1, 0], [430, 1203], [-434, -1203]]
[[1, 0], [431, 1604], [-433, -1604]]
[[1, 0], [431, 802], [-865, -1604]]
[[1, 0], [433, 1203], [-437, -1203]]
[[1, 0], [433, 1604], [-435, -1604]]
[[1, 0], [433, 802], [-869, -1604]]
[[1, 0], [435, 1604], [-437, -1604]]
[[1, 0], [435, 802], [-873, -1604]]
[[1, 0], [436, 1203], [-440, -1203]]
[[1, 0], [437, 1604], [-439, -1604]]
[[1, 0], [437, 802], [-877, -1604]]
[[1, 0], [439, 1203], [-443, -1203]]
[[1, 0], [439, 1604], [-441, -1604]]
[[1, 0], [439, 802], [-881, -1604]]
[[1, 0], [44, 401], [-140, -1203]]
[[1, 0], [44, 401], [-181, -1604]]
[[1, 0], [44, 401], [-48, -401]]
[[1, 0], [441, 1604], [-443, -1604]]
[[1, 0], [441, 802], [-885, -1604]]
[[1, 0], [442, 1203], [-446, -1203]]
[[1, 0], [443, 1604], [-445, -1604]]
[[1, 0], [443, 802], [-889, -1604]]
[[1, 0], [445, 1203], [-449, -1203]]
[[1, 0], [445, 1604], [-447, -1604]]
[[1, 0], [445, 802], [-893, -1604]]
[[1, 0], [447, 1604], [-449, -1604]]
[[1, 0], [447, 802], [-897, -1604]]
[[1, 0], [448, 1203], [-452, -1203]]
[[1, 0], [449, 1604], [-451, -1604]]
[[1, 0], [449, 802], [-901, -1604]]
[[1, 0], [45, 1604], [-47, -1604]]
[[1, 0], [45, 401], [-143, -1203]]
[[1, 0], [45, 401], [-185, -1604]]
[[1, 0], [45, 401], [-49, -401]]
[[1, 0], [45, 802], [-93, -1604]]
[[1, 0], [451, 1203], [-455, -1203]]
[[1, 0], [451, 1604], [-453, -1604]]
[[1, 0], [451, 802], [-905, -1604]]
[[1, 0], [453, 1604], [-455, -1604]]
[[1, 0], [453, 802], [-909, -1604]]
[[1, 0], [454, 1203], [-458, -1203]]
[[1, 0], [455, 1604], [-457, -1604]]
[[1, 0], [455, 802], [-913, -1604]]
[[1, 0], [457, 1203], [-461, -1203]]
[[1, 0], [457, 1604], [-459, -1604]]
[[1, 0], [457, 802], [-917, -1604]]
[[1, 0], [459, 1604], [-461, -1604]]
[[1, 0], [459, 802], [-921, -1604]]
[[1, 0], [46, 1203], [-50, -1203]]
[[1, 0], [46, 401], [-146, -1203]]
[[1, 0], [46, 401], [-189, -1604]]
[[1, 0], [46, 401], [-50, -401]]
[[1, 0], [460, 1203], [-464, -1203]]
[[1, 0], [461, 1604], [-463, -1604]]
[[1, 0], [461, 802], [-925, -1604]]
[[1, 0], [463, 1203], [-467, -1203]]
[[1, 0], [463, 1604], [-465, -1604]]
[[1, 0], [463, 802], [-929, -1604]]
[[1, 0], [465, 1604], [-467, -1604]]
[[1, 0], [465, 802], [-933, -1604]]
[[1, 0], [466, 1203], [-470, -1203]]
[[1, 0], [467, 1604], [-469, -1604]]
[[1, 0], [467, 802], [-937, -1604]]
[[1, 0], [469, 1203], [-473, -1203]]
[[1, 0], [469, 1604], [-471, -1604]]
[[1, 0], [469, 802], [-941, -1604]]
[[1, 0], [47, 1604], [-49, -1604]]
[[1, 0], [47, 401], [-149, -1203]]
[[1, 0], [47, 401], [-193, -1604]]
[[1, 0], [47, 401], [-51, -401]]
[[1, 0], [47, 802], [-97, -1604]]
[[1, 0], [47, 92], [-206, -207]]
[[1, 0], [471, 1604], [-473, -1604]]
[[1, 0], [471, 802], [-945, -1604]]
[[1, 0], [472, 1203], [-476, -1203]]
[[1, 0], [473, 1604], [-475, -1604]]
[[1, 0], [473, 802], [-949, -1604]]
[[1, 0], [475, 1203], [-479, -1203]]
[[1, 0], [475, 1604], [-477, -1604]]
[[1, 0], [475, 802], [-953, -1604]]
[[1, 0], [477, 1604], [-479, -1604]]
[[1, 0], [477, 802], [-957, -1604]]
[[1, 0], [478, 1203], [-482, -1203]]
[[1, 0], [479, 1604], [-481, -1604]]
[[1, 0], [479, 802], [-961, -1604]]
[[1, 0], [48, 401], [-152, -1203]]
[[1, 0], [48, 401], [-197, -1604]]
[[1, 0], [48, 401], [-52, -401]]
[[1, 0], [481, 1203], [-485, -1203]]
[[1, 0], [481, 1604], [-483, -1604]]
[[1, 0], [481, 802], [-965, -1604]]
[[1, 0], [483, 1604], [-485, -1604]]
[[1, 0], [483, 802], [-969, -1604]]
[[1, 0], [484, 1203], [-488, -1203]]
[[1, 0], [485, 1604], [-487, -1604]]
[[1, 0], [485, 802], [-973, -1604]]
[[1, 0], [487, 1203], [-491, -1203]]
[[1, 0], [487, 1604], [-489, -1604]]
[[1, 0], [487, 802], [-977, -1604]]
[[1, 0], [489, 1604], [-491, -1604]]
[[1, 0], [489, 802], [-981, -1604]]
[[1, 0], [49, 1203], [-53, -1203]]
[[1, 0], [49, 1604], [-51, -1604]]
[[1, 0], [49, 401], [-155, -1203]]
[[1, 0], [49, 401], [-201, -1604]]
[[1, 0], [49, 401], [-53, -401]]
[[1, 0], [49, 802], [-101, -1604]]
[[1, 0], [490, 1203], [-494, -1203]]
[[1, 0], [491, 1604], [-493, -1604]]
[[1, 0], [491, 802], [-985, -1604]]
[[1, 0], [493, 1203], [-497, -1203]]
[[1, 0], [493, 1604], [-495, -1604]]
[[1, 0], [493, 802], [-989, -1604]]
[[1, 0], [495, 1604], [-497, -1604]]
[[1, 0], [495, 802], [-993, -1604]]
[[1, 0], [496, 1203], [-500, -1203]]
[[1, 0], [497, 1604], [-499, -1604]]
[[1, 0], [497, 802], [-997, -1604]]
[[1, 0], [499, 1203], [-503, -1203]]
[[1, 0], [499, 1604], [-501, -1604]]
[[1, 0], [499, 802], [-1001, -1604]]
[[1, 0], [5, 401], [-23, -1203]]
[[1, 0], [5, 401], [-25, -1604]]
[[1, 0], [5, 401], [-9, -401]]
[[1, 0], [5, 802], [-13, -1604]]
[[1, 0], [5, 8], [-1071, -1072]]
[[1, 0], [5, 8], [-119, -30]]
[[1, 0], [5, 8], [-14139, -808]]
[[1, 0], [5, 8], [-2139, -856]]
[[1, 0], [5, 8], [-2175, -272]]
[[1, 0], [5, 8], [-233, -52]]
[[1, 0], [5, 8], [-269, -270]]
[[1, 0], [5, 8], [-3327, -832]]
[[1, 0], [5, 8], [-3635, -202]]
[[1, 0], [5, 8], [-431, -48]]
[[1, 0], [50, 401], [-158, -1203]]
[[1, 0], [50, 401], [-205, -1604]]
[[1, 0], [50, 401], [-54, -401]]
[[1, 0], [501, 1604], [-503, -1604]]
[[1, 0], [501, 802], [-1005, -1604]]
[[1, 0], [502, 1203], [-506, -1203]]
[[1, 0], [503, 1604], [-505, -1604]]
[[1, 0], [503, 802], [-1009, -1604]]
[[1, 0], [505, 1203], [-509, -1203]]
[[1, 0], [505, 1604], [-507, -1604]]
[[1, 0], [505, 802], [-1013, -1604]]
[[1, 0], [507, 1604], [-509, -1604]]
[[1, 0], [507, 802], [-1017, -1604]]
[[1, 0], [508, 1203], [-512, -1203]]
[[1, 0], [509, 1604], [-511, -1604]]
[[1, 0], [509, 802], [-1021, -1604]]
[[1, 0], [51, 1604], [-53, -1604]]
[[1, 0], [51, 401], [-161, -1203]]
[[1, 0], [51, 401], [-209, -1604]]
[[1, 0], [51, 401], [-55, -401]]
[[1, 0], [51, 802], [-105, -1604]]
[[1, 0], [511, 1203], [-515, -1203]]
[[1, 0], [511, 1604], [-513, -1604]]
[[1, 0], [511, 802], [-1025, -1604]]
[[1, 0], [513, 1604], [-515, -1604]]
[[1, 0], [513, 802], [-1029, -1604]]
[[1, 0], [514, 1203], [-518, -1203]]
[[1, 0], [515, 1604], [-517, -1604]]
[[1, 0], [515, 802], [-1033, -1604]]
[[1, 0], [517, 1203], [-521, -1203]]
[[1, 0], [517, 1604], [-519, -1604]]
[[1, 0], [517, 802], [-1037, -1604]]
[[1, 0], [519, 1604], [-521, -1604]]
[[1, 0], [519, 802], [-1041, -1604]]
[[1, 0], [52, 1203], [-56, -1203]]
[[1, 0], [52, 401], [-164, -1203]]
[[1, 0], [52, 401], [-213, -1604]]
[[1, 0], [52, 401], [-56, -401]]
[[1, 0], [520, 1203], [-524, -1203]]
[[1, 0], [521, 1604], [-523, -1604]]
[[1, 0], [521, 802], [-1045, -1604]]
[[1, 0], [523, 1203], [-527, -1203]]
[[1, 0], [523, 1604], [-525, -1604]]
[[1, 0], [523, 802], [-1049, -1604]]
[[1, 0], [525, 1604], [-527, -1604]]
[[1, 0], [525, 802], [-1053, -1604]]
[[1, 0], [526, 1203], [-530, -1203]]
[[1, 0], [527, 1604], [-529, -1604]]
[[1, 0], [527, 802], [-1057, -1604]]
[[1, 0], [529, 1203], [-533, -1203]]
[[1, 0], [529, 1604], [-531, -1604]]
[[1, 0], [529, 802], [-1061, -1604]]
[[1, 0], [53, 1604], [-55, -1604]]
[[1, 0], [53, 401], [-167, -1203]]
[[1, 0], [53, 401], [-217, -1604]]
[[1, 0], [53, 401], [-57, -401]]
[[1, 0], [53, 802], [-109, -1604]]
[[1, 0], [531, 1604], [-533, -1604]]
[[1, 0], [531, 802], [-1065, -1604]]
[[1, 0], [532, 1203], [-536, -1203]]
[[1, 0], [533, 1604], [-535, -1604]]
[[1, 0], [533, 802], [-1069, -1604]]
[[1, 0], [535, 1203], [-539, -1203]]
[[1, 0], [535, 1604], [-537, -1604]]
[[1, 0], [535, 802], [-1073, -1604]]
[[1, 0], [537, 1604], [-539, -1604]]
[[1, 0], [537, 802], [-1077, -1604]]
[[1, 0], [538, 1203], [-542, -1203]]
[[1, 0], [539, 1604], [-541, -1604]]
[[1, 0], [539, 802], [-1081, -1604]]
[[1, 0], [54, 401], [-170, -1203]]
[[1, 0], [54, 401], [-221, -1604]]
[[1, 0], [54, 401], [-58, -401]]
[[1, 0], [541, 1203], [-545, -1203]]
[[1, 0], [541, 1604], [-543, -1604]]
[[1, 0], [541, 802], [-1085, -1604]]
[[1, 0], [543, 1604], [-545, -1604]]
[[1, 0], [543, 802], [-1089, -1604]]
[[1, 0], [544, 1203], [-548, -1203]]
[[1, 0], [545, 1604], [-547, -1604]]
[[1, 0], [545, 802], [-1093, -1604]]
[[1, 0], [547, 1203], [-551, -1203]]
[[1, 0], [547, 1604], [-549, -1604]]
[[1, 0], [547, 802], [-1097, -1604]]
[[1, 0], [549, 1604], [-551, -1604]]
[[1, 0], [549, 802], [-1101, -1604]]
[[1, 0], [55, 1203], [-59, -1203]]
[[1, 0], [55, 1604], [-57, -1604]]
[[1, 0], [55, 401], [-173, -1203]]
[[1, 0], [55, 401], [-225, -1604]]
[[1, 0], [55, 401], [-59, -401]]
[[1, 0], [55, 802], [-113, -1604]]
[[1, 0], [550, 1203], [-554, -1203]]
[[1, 0], [551, 1604], [-553, -1604]]
[[1, 0], [551, 802], [-1105, -1604]]
[[1, 0], [553, 1203], [-557, -1203]]
[[1, 0], [553, 1604], [-555, -1604]]
[[1, 0], [553, 802], [-1109, -1604]]
[[1, 0], [555, 1604], [-557, -1604]]
[[1, 0], [555, 802], [-1113, -1604]]
[[1, 0], [556, 1203], [-560, -1203]]
[[1, 0], [557, 1604], [-559, -1604]]
[[1, 0], [557, 802], [-1117, -1604]]
[[1, 0], [559, 1203], [-563, -1203]]
[[1, 0], [559, 1604], [-561, -1604]]
[[1, 0], [559, 802], [-1121, -1604]]
[[1, 0], [56, 401], [-176, -1203]]
[[1, 0], [56, 401], [-229, -1604]]
[[1, 0], [56, 401], [-60, -401]]
[[1, 0], [561, 1604], [-563, -1604]]
[[1, 0], [561, 802], [-1125, -1604]]
[[1, 0], [562, 1203], [-566, -1203]]
[[1, 0], [563, 1604], [-565, -1604]]
[[1, 0], [563, 802], [-1129, -1604]]
[[1, 0], [565, 1203], [-569, -1203]]
[[1, 0], [565, 1604], [-567, -1604]]
[[1, 0], [565, 802], [-1133, -1604]]
[[1, 0], [567, 1604], [-569, -1604]]
[[1, 0], [567, 802], [-1137, -1604]]
[[1, 0], [568, 1203], [-572, -1203]]
[[1, 0], [569, 1604], [-571, -1604]]
[[1, 0], [569, 802], [-1141, -1604]]
[[1, 0], [57, 1604], [-59, -1604]]
[[1, 0], [57, 401], [-179, -1203]]
[[1, 0], [57, 401], [-233, -1604]]
[[1, 0], [57, 401], [-61, -401]]
[[1, 0], [57, 802], [-117, -1604]]
[[1, 0], [571, 1203], [-575, -1203]]
[[1, 0], [571, 1604], [-573, -1604]]
[[1, 0], [571, 802], [-1145, -1604]]
[[1, 0], [573, 1604], [-575, -1604]]
[[1, 0], [573, 802], [-1149, -1604]]
[[1, 0], [574, 1203], [-578, -1203]]
[[1, 0], [575, 1604], [-577, -1604]]
[[1, 0], [575, 802], [-1153, -1604]]
[[1, 0], [577, 1203], [-581, -1203]]
[[1, 0], [577, 1604], [-579, -1604]]
[[1, 0], [577, 802], [-1157, -1604]]
[[1, 0], [579, 1604], [-581, -1604]]
[[1, 0], [579, 802], [-1161, -1604]]
[[1, 0], [58, 1203], [-62, -1203]]
[[1, 0], [58, 401], [-182, -1203]]
[[1, 0], [58, 401], [-237, -1604]]
[[1, 0], [58, 401], [-62, -401]]
[[1, 0], [580, 1203], [-584, -1203]]
[[1, 0], [581, 1604], [-583, -1604]]
[[1, 0], [581, 802], [-1165, -1604]]
[[1, 0], [583, 1203], [-587, -1203]]
[[1, 0], [583, 1604], [-585, -1604]]
[[1, 0], [583, 802], [-1169, -1604]]
[[1, 0], [585, 1604], [-587, -1604]]
[[1, 0], [585, 802], [-1173, -1604]]
[[1, 0], [586, 1203], [-590, -1203]]
[[1, 0], [587, 1604], [-589, -1604]]
[[1, 0], [587, 802], [-1177, -1604]]
[[1, 0], [589, 1203], [-593, -1203]]
[[1, 0], [589, 1604], [-591, -1604]]
[[1, 0], [589, 802], [-1181, -1604]]
[[1, 0], [59, 1604], [-61, -1604]]
[[1, 0], [59, 401], [-185, -1203]]
[[1, 0], [59, 401], [-241, -1604]]
[[1, 0], [59, 401], [-63, -401]]
[[1, 0], [59, 802], [-121, -1604]]
[[1, 0], [591, 1604], [-593, -1604]]
[[1, 0], [591, 802], [-1185, -1604]]
[[1, 0], [592, 1203], [-596, -1203]]
[[1, 0], [593, 1604], [-595, -1604]]
[[1, 0], [593, 802], [-1189, -1604]]
[[1, 0], [595, 1203], [-599, -1203]]
[[1, 0], [595, 1604], [-597, -1604]]
[[1, 0], [595, 802], [-1193, -1604]]
[[1, 0], [597, 1604], [-599, -1604]]
[[1, 0], [597, 802], [-1197, -1604]]
[[1, 0], [598, 1203], [-602, -1203]]
[[1, 0], [599, 1604], [-601, -1604]]
[[1, 0], [599, 802], [-1201, -1604]]
[[1, 0], [6, 401], [-10, -401]]
[[1, 0], [6, 401], [-26, -1203]]
[[1, 0], [6, 401], [-29, -1604]]
[[1, 0], [60, 401], [-188, -1203]]
[[1, 0], [60, 401], [-245, -1604]]
[[1, 0], [60, 401], [-64, -401]]
[[1, 0], [601, 1604], [-603, -1604]]
[[1, 0], [601, 802], [-1205, -1604]]
[[1, 0], [603, 1604], [-605, -1604]]
[[1, 0], [603, 802], [-1209, -1604]]
[[1, 0], [605, 1604], [-607, -1604]]
[[1, 0], [605, 802], [-1213, -1604]]
[[1, 0], [607, 1604], [-609, -1604]]
[[1, 0], [607, 802], [-1217, -1604]]
[[1, 0], [609, 1604], [-611, -1604]]
[[1, 0], [609, 802], [-1221, -1604]]
[[1, 0], [61, 1203], [-65, -1203]]
[[1, 0], [61, 1604], [-63, -1604]]
[[1, 0], [61, 401], [-191, -1203]]
[[1, 0], [61, 401], [-249, -1604]]
[[1, 0], [61, 401], [-65, -401]]
[[1, 0], [61, 802], [-125, -1604]]
[[1, 0], [611, 1604], [-613, -1604]]
[[1, 0], [611, 802], [-1225, -1604]]
[[1, 0], [613, 1604], [-615, -1604]]
[[1, 0], [613, 802], [-1229, -1604]]
[[1, 0], [615, 1604], [-617, -1604]]
[[1, 0], [615, 802], [-1233, -1604]]
[[1, 0], [617, 1604], [-619, -1604]]
[[1, 0], [617, 802], [-1237, -1604]]
[[1, 0], [619, 1604], [-621, -1604]]
[[1, 0], [619, 802], [-1241, -1604]]
[[1, 0], [62, 401], [-194, -1203]]
[[1, 0], [62, 401], [-253, -1604]]
[[1, 0], [62, 401], [-66, -401]]
[[1, 0], [621, 1604], [-623, -1604]]
[[1, 0], [621, 802], [-1245, -1604]]
[[1, 0], [623, 1604], [-625, -1604]]
[[1, 0], [623, 802], [-1249, -1604]]
[[1, 0], [625, 1604], [-627, -1604]]
[[1, 0], [625, 802], [-1253, -1604]]
[[1, 0], [627, 1604], [-629, -1604]]
[[1, 0], [627, 802], [-1257, -1604]]
[[1, 0], [629, 1604], [-631, -1604]]
[[1, 0], [629, 802], [-1261, -1604]]
[[1, 0], [63, 1604], [-65, -1604]]
[[1, 0], [63, 401], [-197, -1203]]
[[1, 0], [63, 401], [-257, -1604]]
[[1, 0], [63, 401], [-67, -401]]
[[1, 0], [63, 802], [-129, -1604]]
[[1, 0], [631, 1604], [-633, -1604]]
[[1, 0], [631, 802], [-1265, -1604]]
[[1, 0], [633, 1604], [-635, -1604]]
[[1, 0], [633, 802], [-1269, -1604]]
[[1, 0], [635, 1604], [-637, -1604]]
[[1, 0], [635, 802], [-1273, -1604]]
[[1, 0], [637, 1604], [-639, -1604]]
[[1, 0], [637, 802], [-1277, -1604]]
[[1, 0], [639, 1604], [-641, -1604]]
[[1, 0], [639, 802], [-1281, -1604]]
[[1, 0], [64, 1203], [-68, -1203]]
[[1, 0], [64, 401], [-200, -1203]]
[[1, 0], [64, 401], [-261, -1604]]
[[1, 0], [64, 401], [-68, -401]]
[[1, 0], [641, 1604], [-643, -1604]]
[[1, 0], [641, 802], [-1285, -1604]]
[[1, 0], [643, 1604], [-645, -1604]]
[[1, 0], [643, 802], [-1289, -1604]]
[[1, 0], [645, 1604], [-647, -1604]]
[[1, 0], [645, 802], [-1293, -1604]]
[[1, 0], [647, 1604], [-649, -1604]]
[[1, 0], [647, 802], [-1297, -1604]]
[[1, 0], [649, 1604], [-651, -1604]]
[[1, 0], [649, 802], [-1301, -1604]]
[[1, 0], [65, 1604], [-67, -1604]]
[[1, 0], [65, 401], [-203, -1203]]
[[1, 0], [65, 401], [-265, -1604]]
[[1, 0], [65, 401], [-69, -401]]
[[1, 0], [65, 802], [-133, -1604]]
[[1, 0], [651, 1604], [-653, -1604]]
[[1, 0], [651, 802], [-1305, -1604]]
[[1, 0], [653, 1604], [-655, -1604]]
[[1, 0], [653, 802], [-1309, -1604]]
[[1, 0], [655, 1604], [-657, -1604]]
[[1, 0], [655, 802], [-1313, -1604]]
[[1, 0], [657, 1604], [-659, -1604]]
[[1, 0], [657, 802], [-1317, -1604]]
[[1, 0], [659, 1604], [-661, -1604]]
[[1, 0], [659, 802], [-1321, -1604]]
[[1, 0], [66, 401], [-206, -1203]]
[[1, 0], [66, 401], [-269, -1604]]
[[1, 0], [66, 401], [-70, -401]]
[[1, 0], [661, 1604], [-663, -1604]]
[[1, 0], [661, 802], [-1325, -1604]]
[[1, 0], [663, 1604], [-665, -1604]]
[[1, 0], [663, 802], [-1329, -1604]]
[[1, 0], [665, 1604], [-667, -1604]]
[[1, 0], [665, 802], [-1333, -1604]]
[[1, 0], [667, 1604], [-669, -1604]]
[[1, 0], [667, 802], [-1337, -1604]]
[[1, 0], [669, 1604], [-671, -1604]]
[[1, 0], [669, 802], [-1341, -1604]]
[[1, 0], [67, 1203], [-71, -1203]]
[[1, 0], [67, 1604], [-69, -1604]]
[[1, 0], [67, 401], [-209, -1203]]
[[1, 0], [67, 401], [-273, -1604]]
[[1, 0], [67, 401], [-71, -401]]
[[1, 0], [67, 802], [-137, -1604]]
[[1, 0], [671, 1604], [-673, -1604]]
[[1, 0], [671, 802], [-1345, -1604]]
[[1, 0], [673, 1604], [-675, -1604]]
[[1, 0], [673, 802], [-1349, -1604]]
[[1, 0], [675, 1604], [-677, -1604]]
[[1, 0], [675, 802], [-1353, -1604]]
[[1, 0], [677, 1604], [-679, -1604]]
[[1, 0], [677, 802], [-1357, -1604]]
[[1, 0], [679, 1604], [-681, -1604]]
[[1, 0], [679, 802], [-1361, -1604]]
[[1, 0], [68, 401], [-212, -1203]]
[[1, 0], [68, 401], [-277, -1604]]
[[1, 0], [68, 401], [-72, -401]]
[[1, 0], [681, 1604], [-683, -1604]]
[[1, 0], [681, 802], [-1365, -1604]]
[[1, 0], [683, 1604], [-685, -1604]]
[[1, 0], [683, 802], [-1369, -1604]]
[[1, 0], [685, 1604], [-687, -1604]]
[[1, 0], [685, 802], [-1373, -1604]]
[[1, 0], [687, 1604], [-689, -1604]]
[[1, 0], [687, 802], [-1377, -1604]]
[[1, 0], [689, 1604], [-691, -1604]]
[[1, 0], [689, 802], [-1381, -1604]]
[[1, 0], [69, 136], [-815, -816]]
[[1, 0], [69, 1604], [-71, -1604]]
[[1, 0], [69, 401], [-215, -1203]]
[[1, 0], [69, 401], [-281, -1604]]
[[1, 0], [69, 401], [-73, -401]]
[[1, 0], [69, 802], [-141, -1604]]
[[1, 0], [691, 1604], [-693, -1604]]
[[1, 0], [691, 802], [-1385, -1604]]
[[1, 0], [693, 1604], [-695, -1604]]
[[1, 0], [693, 802], [-1389, -1604]]
[[1, 0], [695, 1604], [-697, -1604]]
[[1, 0], [695, 802], [-1393, -1604]]
[[1, 0], [697, 1604], [-699, -1604]]
[[1, 0], [697, 802], [-1397, -1604]]
[[1, 0], [699, 1604], [-701, -1604]]
[[1, 0], [699, 802], [-1401, -1604]]
[[1, 0], [7, 12], [-1313, -876]]
[[1, 0], [7, 12], [-14069, -402]]
[[1, 0], [7, 12], [-143, -16]]
[[1, 0], [7, 12], [-2243, -408]]
[[1, 0], [7, 12], [-242, -243]]
[[1, 0], [7, 12], [-2679, -67]]
[[1, 0], [7, 12], [-27737, -804]]
[[1, 0], [7, 12], [-321, -92]]
[[1, 0], [7, 12], [-349, -140]]
[[1, 0], [7, 12], [-425, -213]]
[[1, 0], [7, 12], [-4957, -134]]
[[1, 0], [7, 12], [-7235, -201]]
[[1, 0], [7, 12], [-809, -12]]
[[1, 0], [7, 12], [-9513, -268]]
[[1, 0], [7, 1604], [-9, -1604]]
[[1, 0], [7, 401], [-29, -1203]]
[[1, 0], [7, 401], [-33, -1604]]
[[1, 0], [7, 802], [-17, -1604]]
[[1, 0], [70, 1203], [-74, -1203]]
[[1, 0], [70, 401], [-218, -1203]]
[[1, 0], [70, 401], [-285, -1604]]
[[1, 0], [70, 401], [-74, -401]]
[[1, 0], [701, 1604], [-703, -1604]]
[[1, 0], [701, 802], [-1405, -1604]]
[[1, 0], [703, 1604], [-705, -1604]]
[[1, 0], [703, 802], [-1409, -1604]]
[[1, 0], [705, 1604], [-707, -1604]]
[[1, 0], [705, 802], [-1413, -1604]]
[[1, 0], [707, 1604], [-709, -1604]]
[[1, 0], [707, 802], [-1417, -1604]]
[[1, 0], [709, 1604], [-711, -1604]]
[[1, 0], [709, 802], [-1421, -1604]]
[[1, 0], [71, 1604], [-73, -1604]]
[[1, 0], [71, 401], [-221, -1203]]
[[1, 0], [71, 401], [-289, -1604]]
[[1, 0], [71, 401], [-75, -401]]
[[1, 0], [71, 802], [-145, -1604]]
[[1, 0], [711, 1604], [-713, -1604]]
[[1, 0], [711, 802], [-1425, -1604]]
[[1, 0], [713, 1604], [-715, -1604]]
[[1, 0], [713, 802], [-1429, -1604]]
[[1, 0], [715, 1604], [-717, -1604]]
[[1, 0], [715, 802], [-1433, -1604]]
[[1, 0], [717, 1604], [-719, -1604]]
[[1, 0], [717, 802], [-1437, -1604]]
[[1, 0], [719, 1604], [-721, -1604]]
[[1, 0], [719, 802], [-1441, -1604]]
[[1, 0], [72, 401], [-224, -1203]]
[[1, 0], [72, 401], [-293, -1604]]
[[1, 0], [72, 401], [-76, -401]]
[[1, 0], [721, 1604], [-723, -1604]]
[[1, 0], [721, 802], [-1445, -1604]]
[[1, 0], [723, 1604], [-725, -1604]]
[[1, 0], [723, 802], [-1449, -1604]]
[[1, 0], [725, 1604], [-727, -1604]]
[[1, 0], [725, 802], [-1453, -1604]]
[[1, 0], [727, 1604], [-729, -1604]]
[[1, 0], [727, 802], [-1457, -1604]]
[[1, 0], [729, 1604], [-731, -1604]]
[[1, 0], [729, 802], [-1461, -1604]]
[[1, 0], [73, 1203], [-77, -1203]]
[[1, 0], [73, 1604], [-75, -1604]]
[[1, 0], [73, 401], [-227, -1203]]
[[1, 0], [73, 401], [-297, -1604]]
[[1, 0], [73, 401], [-77, -401]]
[[1, 0], [73, 802], [-149, -1604]]
[[1, 0], [731, 1604], [-733, -1604]]
[[1, 0], [731, 802], [-1465, -1604]]
[[1, 0], [733, 1604], [-735, -1604]]
[[1, 0], [733, 802], [-1469, -1604]]
[[1, 0], [735, 1604], [-737, -1604]]
[[1, 0], [735, 802], [-1473, -1604]]
[[1, 0], [737, 1604], [-739, -1604]]
[[1, 0], [737, 802], [-1477, -1604]]
[[1, 0], [739, 1604], [-741, -1604]]
[[1, 0], [739, 802], [-1481, -1604]]
[[1, 0], [74, 401], [-230, -1203]]
[[1, 0], [74, 401], [-301, -1604]]
[[1, 0], [74, 401], [-78, -401]]
[[1, 0], [741, 1604], [-743, -1604]]
[[1, 0], [741, 802], [-1485, -1604]]
[[1, 0], [743, 1604], [-745, -1604]]
[[1, 0], [743, 802], [-1489, -1604]]
[[1, 0], [745, 1604], [-747, -1604]]
[[1, 0], [745, 802], [-1493, -1604]]
[[1, 0], [747, 1604], [-749, -1604]]
[[1, 0], [747, 802], [-1497, -1604]]
[[1, 0], [749, 1604], [-751, -1604]]
[[1, 0], [749, 802], [-1501, -1604]]
[[1, 0], [75, 1604], [-77, -1604]]
[[1, 0], [75, 401], [-233, -1203]]
[[1, 0], [75, 401], [-305, -1604]]
[[1, 0], [75, 401], [-79, -401]]
[[1, 0], [75, 802], [-153, -1604]]
[[1, 0], [751, 1604], [-753, -1604]]
[[1, 0], [751, 802], [-1505, -1604]]
[[1, 0], [753, 1604], [-755, -1604]]
[[1, 0], [753, 802], [-1509, -1604]]
[[1, 0], [755, 1604], [-757, -1604]]
[[1, 0], [755, 802], [-1513, -1604]]
[[1, 0], [757, 1604], [-759, -1604]]
[[1, 0], [757, 802], [-1517, -1604]]
[[1, 0], [759, 1604], [-761, -1604]]
[[1, 0], [759, 802], [-1521, -1604]]
[[1, 0], [76, 1203], [-80, -1203]]
[[1, 0], [76, 401], [-236, -1203]]
[[1, 0], [76, 401], [-309, -1604]]
[[1, 0], [76, 401], [-80, -401]]
[[1, 0], [761, 1604], [-763, -1604]]
[[1, 0], [761, 802], [-1525, -1604]]
[[1, 0], [763, 1604], [-765, -1604]]
[[1, 0], [763, 802], [-1529, -1604]]
[[1, 0], [765, 1604], [-767, -1604]]
[[1, 0], [765, 802], [-1533, -1604]]
[[1, 0], [767, 1604], [-769, -1604]]
[[1, 0], [767, 802], [-1537, -1604]]
[[1, 0], [769, 1604], [-771, -1604]]
[[1, 0], [769, 802], [-1541, -1604]]
[[1, 0], [77, 1604], [-79, -1604]]
[[1, 0], [77, 401], [-239, -1203]]
[[1, 0], [77, 401], [-313, -1604]]
[[1, 0], [77, 401], [-81, -401]]
[[1, 0], [77, 802], [-157, -1604]]
[[1, 0], [771, 1604], [-773, -1604]]
[[1, 0], [771, 802], [-1545, -1604]]
[[1, 0], [773, 1604], [-775, -1604]]
[[1, 0], [773, 802], [-1549, -1604]]
[[1, 0], [775, 1604], [-777, -1604]]
[[1, 0], [775, 802], [-1553, -1604]]
[[1, 0], [777, 1604], [-779, -1604]]
[[1, 0], [777, 802], [-1557, -1604]]
[[1, 0], [779, 1604], [-781, -1604]]
[[1, 0], [779, 802], [-1561, -1604]]
[[1, 0], [78, 401], [-242, -1203]]
[[1, 0], [78, 401], [-317, -1604]]
[[1, 0], [78, 401], [-82, -401]]
[[1, 0], [781, 1604], [-783, -1604]]
[[1, 0], [781, 802], [-1565, -1604]]
[[1, 0], [783, 1604], [-785, -1604]]
[[1, 0], [783, 802], [-1569, -1604]]
[[1, 0], [785, 1604], [-787, -1604]]
[[1, 0], [785, 802], [-1573, -1604]]
[[1, 0], [787, 1604], [-789, -1604]]
[[1, 0], [787, 802], [-1577, -1604]]
[[1, 0], [789, 1604], [-791, -1604]]
[[1, 0], [789, 802], [-1581, -1604]]
[[1, 0], [79, 1203], [-83, -1203]]
[[1, 0], [79, 1604], [-81, -1604]]
[[1, 0], [79, 401], [-245, -1203]]
[[1, 0], [79, 401], [-321, -1604]]
[[1, 0], [79, 401], [-83, -401]]
[[1, 0], [79, 802], [-161, -1604]]
[[1, 0], [791, 1604], [-793, -1604]]
[[1, 0], [791, 802], [-1585, -1604]]
[[1, 0], [793, 1604], [-795, -1604]]
[[1, 0], [793, 802], [-1589, -1604]]
[[1, 0], [795, 1604], [-797, -1604]]
[[1, 0], [795, 802], [-1593, -1604]]
[[1, 0], [797, 1604], [-799, -1604]]
[[1, 0], [797, 802], [-1597, -1604]]
[[1, 0], [799, 1604], [-801, -1604]]
[[1, 0], [799, 802], [-1601, -1604]]
[[1, 0], [8, 401], [-12, -401]]
[[1, 0], [8, 401], [-32, -1203]]
[[1, 0], [8, 401], [-37, -1604]]
[[1, 0], [80, 401], [-248, -1203]]
[[1, 0], [80, 401], [-325, -1604]]
[[1, 0], [80, 401], [-84, -401]]
[[1, 0], [801, 1604], [-803, -1604]]
[[1, 0], [801, 802], [-1605, -1604]]
[[1, 0], [81, 1604], [-83, -1604]]
[[1, 0], [81, 401], [-251, -1203]]
[[1, 0], [81, 401], [-329, -1604]]
[[1, 0], [81, 401], [-85, -401]]
[[1, 0], [81, 802], [-165, -1604]]
[[1, 0], [82, 1203], [-86, -1203]]
[[1, 0], [82, 401], [-254, -1203]]
[[1, 0], [82, 401], [-333, -1604]]
[[1, 0], [82, 401], [-86, -401]]
[[1, 0], [83, 1604], [-85, -1604]]
[[1, 0], [83, 164], [-204, -205]]
[[1, 0], [83, 401], [-257, -1203]]
[[1, 0], [83, 401], [-337, -1604]]
[[1, 0], [83, 401], [-87, -401]]
[[1, 0], [83, 802], [-169, -1604]]
[[1, 0], [84, 401], [-260, -1203]]
[[1, 0], [84, 401], [-341, -1604]]
[[1, 0], [84, 401], [-88, -401]]
[[1, 0], [85, 1203], [-89, -1203]]
[[1, 0], [85, 1604], [-87, -1604]]
[[1, 0], [85, 401], [-263, -1203]]
[[1, 0], [85, 401], [-345, -1604]]
[[1, 0], [85, 401], [-89, -401]]
[[1, 0], [85, 802], [-173, -1604]]
[[1, 0], [86, 401], [-266, -1203]]
[[1, 0], [86, 401], [-349, -1604]]
[[1, 0], [86, 401], [-90, -401]]
[[1, 0], [87, 1604], [-89, -1604]]
[[1, 0], [87, 401], [-269, -1203]]
[[1, 0], [87, 401], [-353, -1604]]
[[1, 0], [87, 401], [-91, -401]]
[[1, 0], [87, 802], [-177, -1604]]
[[1, 0], [88, 1203], [-92, -1203]]
[[1, 0], [88, 401], [-272, -1203]]
[[1, 0], [88, 401], [-357, -1604]]
[[1, 0], [88, 401], [-92, -401]]
[[1, 0], [89, 1604], [-91, -1604]]
[[1, 0], [89, 401], [-275, -1203]]
[[1, 0], [89, 401], [-361, -1604]]
[[1, 0], [89, 401], [-93, -401]]
[[1, 0], [89, 802], [-181, -1604]]
[[1, 0], [9, 1604], [-11, -1604]]
[[1, 0], [9, 16], [-105, -53]]
[[1, 0], [9, 16], [-161, -108]]
[[1, 0], [9, 16], [-259, -104]]
[[1, 0], [9, 16], [-339, -68]]
[[1, 0], [9, 401], [-13, -401]]
[[1, 0], [9, 401], [-35, -1203]]
[[1, 0], [9, 401], [-41, -1604]]
[[1, 0], [9, 802], [-21, -1604]]
[[1, 0], [90, 401], [-278, -1203]]
[[1, 0], [90, 401], [-365, -1604]]
[[1, 0], [90, 401], [-94, -401]]
[[1, 0], [91, 1203], [-95, -1203]]
[[1, 0], [91, 1604], [-93, -1604]]
[[1, 0], [91, 401], [-281, -1203]]
[[1, 0], [91, 401], [-369, -1604]]
[[1, 0], [91, 401], [-95, -401]]
[[1, 0], [91, 802], [-185, -1604]]
[[1, 0], [92, 401], [-284, -1203]]
[[1, 0], [92, 401], [-373, -1604]]
[[1, 0], [92, 401], [-96, -401]]
[[1, 0], [93, 1604], [-95, -1604]]
[[1, 0], [93, 401], [-287, -1203]]
[[1, 0], [93, 401], [-377, -1604]]
[[1, 0], [93, 401], [-97, -401]]
[[1, 0], [93, 802], [-189, -1604]]
[[1, 0], [94, 1203], [-98, -1203]]
[[1, 0], [94, 401], [-290, -1203]]
[[1, 0], [94, 401], [-381, -1604]]
[[1, 0], [94, 401], [-98, -401]]
[[1, 0], [95, 1604], [-97, -1604]]
[[1, 0], [95, 401], [-293, -1203]]
[[1, 0], [95, 401], [-385, -1604]]
[[1, 0], [95, 401], [-99, -401]]
[[1, 0], [95, 802], [-193, -1604]]
[[1, 0], [96, 401], [-100, -401]]
[[1, 0], [96, 401], [-296, -1203]]
[[1, 0], [96, 401], [-389, -1604]]
[[1, 0], [97, 1203], [-101, -1203]]
[[1, 0], [97, 1604], [-99, -1604]]
[[1, 0], [97, 401], [-101, -401]]
[[1, 0], [97, 401], [-299, -1203]]
[[1, 0], [97, 401], [-393, -1604]]
[[1, 0], [97, 802], [-197, -1604]]
[[1, 0], [98, 401], [-102, -401]]
[[1, 0], [98, 401], [-302, -1203]]
[[1, 0], [98, 401], [-397, -1604]]
[[1, 0], [99, 1604], [-101, -1604]]
[[1, 0], [99, 401], [-103, -401]]
[[1, 0], [99, 401], [-305, -1203]]
[[1, 0], [99, 802], [-201, -1604]]
