[[1, 0], [0, 1], [-103040, -321]]
[[1, 0], [0, 1], [-128, -5]]
[[1, 0], [0, 1], [-1280, -3]]
[[1, 0], [0, 1], [-1280, -427]]
[[1, 0], [0, 1], [-1664, -25]]
[[1, 0], [0, 1], [-1920, -113]]
[[1, 0], [0, 1], [-1920, -17]]
[[1, 0], [0, 1], [-1925, -384]]
[[1, 0], [0, 1], [-20864, -325]]
[[1, 0], [0, 1], [-34560, -107]]
[[1, 0], [0, 1], [-34560, -323]]
[[1, 0], [0, 1], [-512, -135]]
[[1, 0], [0, 1], [-640, -1]]
[[1, 0], [0, 1], [-641, -640]]
[[1, 0], [0, 1], [-645, -128]]
[[1, 0], [0, 1], [-7168, -335]]
[[1, 0], [0, 1], [-855, -512]]
[[1, 0], [1, 107], [-1283, -321]]
[[1, 0], [1, 107], [-641, -107]]
[[1, 0], [1, 108], [-161, -108]]
[[1, 0], [1, 108], [-323, -324]]
[[1, 0], [1, 10], [-1121, -330]]
[[1, 0], [1, 10], [-129, -640]]
[[1, 0], [1, 10], [-131, -30]]
[[1, 0], [1, 10], [-171, -430]]
[[1, 0], [1, 10], [-419, -350]]
[[1, 0], [1, 10], [-69, -50]]
[[1, 0], [1, 10], [-77, -130]]
[[1, 0], [1, 110], [-131, -330]]
[[1, 0], [1, 112], [-13, -560]]
[[1, 0], [1, 112], [-41, -112]]
[[1, 0], [1, 112], [-83, -336]]
[[1, 0], [1, 11], [-61, -31]]
[[1, 0], [1, 120], [-17, -120]]
[[1, 0], [1, 128], [-11, -128]]
[[1, 0], [1, 128], [-11, -640]]
[[1, 0], [1, 128], [-23, -384]]
[[1, 0], [1, 12], [-161, -12]]
[[1, 0], [1, 12], [-197, -384]]
[[1, 0], [1, 12], [-2267, -324]]
[[1, 0], [1, 12], [-323, -36]]
[[1, 0], [1, 12], [-69, -128]]
[[1, 0], [1, 12], [-809, -108]]
[[1, 0], [1, 13], [-1689, -325]]
[[1, 0], [1, 13], [-189, -25]]
[[1, 0], [1, 14], [-321, -14]]
[[1, 0], [1, 14], [-3863, -322]]
[[1, 0], [1, 14], [-689, -46]]
[[1, 0], [1, 160], [-11, -480]]
[[1, 0], [1, 160], [-9, -640]]
[[1, 0], [1, 16], [-107, -432]]
[[1, 0], [1, 16], [-129, -400]]
[[1, 0], [1, 16], [-13, -80]]
[[1, 0], [1, 16], [-149, -384]]
[[1, 0], [1, 16], [-167, -112]]
[[1, 0], [1, 16], [-183, -368]]
[[1, 0], [1, 16], [-41, -16]]
[[1, 0], [1, 16], [-461, -336]]
[[1, 0], [1, 16], [-53, -128]]
[[1, 0], [1, 16], [-81, -640]]
[[1, 0], [1, 16], [-83, -48]]
[[1, 0], [1, 16], [-83, -560]]
[[1, 0], [1, 16], [-87, -512]]
[[1, 0], [1, 17], [-227, -19]]
[[1, 0], [1, 17], [-9, -25]]
[[1, 0], [1, 18], [-113, -114]]
[[1, 0], [1, 18], [-89, -450]]
[[1, 0], [1, 192], [-17, -384]]
[[1, 0], [1, 192], [-3, -256]]
[[1, 0], [1, 19], [-1937, -323]]
[[1, 0], [1, 20], [-33, -20]]
[[1, 0], [1, 22], [-197, -110]]
[[1, 0], [1, 22], [-527, -330]]
[[1, 0], [1, 22], [-77, -30]]
[[1, 0], [1, 24], [-101, -384]]
[[1, 0], [1, 24], [-143, -360]]
[[1, 0], [1, 24], [-19, -200]]
[[1, 0], [1, 24], [-23, -40]]
[[1, 0], [1, 24], [-37, -128]]
[[1, 0], [1, 24], [-53, -120]]
[[1, 0], [1, 256], [-7, -512]]
[[1, 0], [1, 25], [-129, -25]]
[[1, 0], [1, 25], [-233, -65]]
[[1, 0], [1, 25], [-909, -325]]
[[1, 0], [1, 26], [-11, -30]]
[[1, 0], [1, 2], [-1091, -390]]
[[1, 0], [1, 2], [-1157, -384]]
[[1, 0], [1, 2], [-1287, -14]]
[[1, 0], [1, 2], [-1463, -366]]
[[1, 0], [1, 2], [-1847, -110]]
[[1, 0], [1, 2], [-197, -10]]
[[1, 0], [1, 2], [-26081, -322]]
[[1, 0], [1, 2], [-321, -2]]
[[1, 0], [1, 2], [-3863, -46]]
[[1, 0], [1, 2], [-389, -128]]
[[1, 0], [1, 2], [-4007, -334]]
[[1, 0], [1, 2], [-527, -30]]
[[1, 0], [1, 2], [-5477, -330]]
[[1, 0], [1, 2], [-641, -640]]
[[1, 0], [1, 2], [-659, -550]]
[[1, 0], [1, 2], [-89, -50]]
[[1, 0], [1, 30], [-153, -110]]
[[1, 0], [1, 30], [-77, -390]]
[[1, 0], [1, 321], [-641, -321]]
[[1, 0], [1, 322], [-321, -322]]
[[1, 0], [1, 324], [-161, -324]]
[[1, 0], [1, 325], [-129, -325]]
[[1, 0], [1, 328], [-81, -328]]
[[1, 0], [1, 32], [-131, -352]]
[[1, 0], [1, 32], [-17, -160]]
[[1, 0], [1, 32], [-21, -32]]
[[1, 0], [1, 32], [-29, -128]]
[[1, 0], [1, 32], [-41, -640]]
[[1, 0], [1, 32], [-47, -480]]
[[1, 0], [1, 32], [-77, -384]]
[[1, 0], [1, 336], [-41, -336]]
[[1, 0], [1, 340], [-33, -340]]
[[1, 0], [1, 352], [-21, -352]]
[[1, 0], [1, 360], [-17, -360]]
[[1, 0], [1, 36], [-161, -36]]
[[1, 0], [1, 36], [-323, -108]]
[[1, 0], [1, 36], [-809, -324]]
[[1, 0], [1, 384], [-11, -384]]
[[1, 0], [1, 3], [-11769, -107]]
[[1, 0], [1, 3], [-147, -185]]
[[1, 0], [1, 3], [-1743, -109]]
[[1, 0], [1, 3], [-2033, -339]]
[[1, 0], [1, 3], [-261, -128]]
[[1, 0], [1, 3], [-34667, -321]]
[[1, 0], [1, 3], [-641, -3]]
[[1, 0], [1, 3], [-647, -405]]
[[1, 0], [1, 3], [-773, -384]]
[[1, 0], [1, 400], [-9, -400]]
[[1, 0], [1, 40], [-17, -40]]
[[1, 0], [1, 40], [-33, -640]]
[[1, 0], [1, 40], [-43, -440]]
[[1, 0], [1, 40], [-89, -360]]
[[1, 0], [1, 46], [-1287, -322]]
[[1, 0], [1, 46], [-321, -46]]
[[1, 0], [1, 48], [-167, -336]]
[[1, 0], [1, 48], [-21, -128]]
[[1, 0], [1, 48], [-41, -48]]
[[1, 0], [1, 48], [-53, -384]]
[[1, 0], [1, 48], [-69, -112]]
[[1, 0], [1, 4], [-101, -20]]
[[1, 0], [1, 4], [-1461, -340]]
[[1, 0], [1, 4], [-161, -4]]
[[1, 0], [1, 4], [-197, -128]]
[[1, 0], [1, 4], [-2267, -108]]
[[1, 0], [1, 4], [-2323, -332]]
[[1, 0], [1, 4], [-321, -640]]
[[1, 0], [1, 4], [-323, -12]]
[[1, 0], [1, 4], [-343, -512]]
[[1, 0], [1, 4], [-349, -500]]
[[1, 0], [1, 4], [-37, -20]]
[[1, 0], [1, 4], [-427, -428]]
[[1, 0], [1, 4], [-581, -384]]
[[1, 0], [1, 4], [-607, -380]]
[[1, 0], [1, 4], [-6641, -324]]
[[1, 0], [1, 4], [-809, -36]]
[[1, 0], [1, 4], [-889, -356]]
[[1, 0], [1, 50], [-27, -70]]
[[1, 0], [1, 5], [-257, -640]]
[[1, 0], [1, 5], [-389, -25]]
[[1, 0], [1, 5], [-4289, -325]]
[[1, 0], [1, 5], [-461, -385]]
[[1, 0], [1, 60], [-13, -140]]
[[1, 0], [1, 640], [-3, -640]]
[[1, 0], [1, 64], [-17, -128]]
[[1, 0], [1, 64], [-21, -640]]
[[1, 0], [1, 64], [-23, -512]]
[[1, 0], [1, 64], [-27, -448]]
[[1, 0], [1, 64], [-41, -384]]
[[1, 0], [1, 65], [-389, -325]]
[[1, 0], [1, 66], [-197, -330]]
[[1, 0], [1, 66], [-87, -110]]
[[1, 0], [1, 67], [-133, -335]]
[[1, 0], [1, 68], [-101, -340]]
[[1, 0], [1, 6], [-113, -38]]
[[1, 0], [1, 6], [-133, -128]]
[[1, 0], [1, 6], [-1847, -330]]
[[1, 0], [1, 6], [-197, -30]]
[[1, 0], [1, 6], [-389, -384]]
[[1, 0], [1, 6], [-637, -110]]
[[1, 0], [1, 6], [-87, -10]]
[[1, 0], [1, 6], [-89, -150]]
[[1, 0], [1, 70], [-69, -350]]
[[1, 0], [1, 72], [-23, -120]]
[[1, 0], [1, 72], [-53, -360]]
[[1, 0], [1, 76], [-37, -380]]
[[1, 0], [1, 7], [-281, -47]]
[[1, 0], [1, 7], [-29, -75]]
[[1, 0], [1, 80], [-17, -640]]
[[1, 0], [1, 80], [-29, -400]]
[[1, 0], [1, 88], [-21, -440]]
[[1, 0], [1, 8], [-101, -128]]
[[1, 0], [1, 8], [-143, -120]]
[[1, 0], [1, 8], [-161, -640]]
[[1, 0], [1, 8], [-1721, -328]]
[[1, 0], [1, 8], [-21, -40]]
[[1, 0], [1, 8], [-293, -384]]
[[1, 0], [1, 8], [-413, -360]]
[[1, 0], [1, 8], [-53, -40]]
[[1, 0], [1, 8], [-81, -8]]
[[1, 0], [1, 96], [-13, -128]]
[[1, 0], [1, 96], [-17, -480]]
[[1, 0], [1, 96], [-29, -384]]
[[1, 0], [1, 96], [-7, -160]]
[[1, 0], [101, 128], [-323, -384]]
[[1, 0], [101, 128], [-511, -640]]
[[1, 0], [101, 160], [-311, -480]]
[[1, 0], [101, 160], [-409, -640]]
[[1, 0], [101, 256], [-207, -512]]
[[1, 0], [101, 400], [-109, -400]]
[[1, 0], [103, 120], [-341, -360]]
[[1, 0], [103, 128], [-131, -160]]
[[1, 0], [103, 128], [-167, -192]]
[[1, 0], [103, 128], [-211, -256]]
[[1, 0], [103, 128], [-261, -320]]
[[1, 0], [103, 128], [-329, -384]]
[[1, 0], [103, 128], [-521, -640]]
[[1, 0], [103, 160], [-317, -480]]
[[1, 0], [103, 160], [-417, -640]]
[[1, 0], [103, 192], [-139, -256]]
[[1, 0], [103, 192], [-221, -384]]
[[1, 0], [103, 320], [-209, -640]]
[[1, 0], [103, 384], [-113, -384]]
[[1, 0], [105, 128], [-115, -128]]
[[1, 0], [105, 128], [-335, -384]]
[[1, 0], [105, 128], [-531, -640]]
[[1, 0], [105, 256], [-215, -512]]
[[1, 0], [107, 128], [-173, -192]]
[[1, 0], [107, 128], [-219, -256]]
[[1, 0], [107, 128], [-271, -320]]
[[1, 0], [107, 128], [-341, -384]]
[[1, 0], [107, 128], [-541, -640]]
[[1, 0], [107, 160], [-329, -480]]
[[1, 0], [107, 160], [-433, -640]]
[[1, 0], [107, 320], [-217, -640]]
[[1, 0], [107, 640], [-109, -640]]
[[1, 0], [109, 120], [-359, -360]]
[[1, 0], [109, 128], [-347, -384]]
[[1, 0], [109, 128], [-551, -640]]
[[1, 0], [109, 160], [-113, -160]]
[[1, 0], [109, 160], [-441, -640]]
[[1, 0], [109, 192], [-147, -256]]
[[1, 0], [109, 192], [-233, -384]]
[[1, 0], [109, 256], [-223, -512]]
[[1, 0], [109, 320], [-221, -640]]
[[1, 0], [109, 480], [-113, -480]]
[[1, 0], [11, 128], [-21, -128]]
[[1, 0], [11, 128], [-27, -256]]
[[1, 0], [11, 128], [-29, -192]]
[[1, 0], [11, 128], [-31, -320]]
[[1, 0], [11, 128], [-53, -384]]
[[1, 0], [11, 128], [-61, -640]]
[[1, 0], [11, 160], [-41, -480]]
[[1, 0], [11, 160], [-49, -640]]
[[1, 0], [11, 16], [-113, -48]]
[[1, 0], [11, 16], [-133, -128]]
[[1, 0], [11, 16], [-237, -112]]
[[1, 0], [11, 16], [-377, -432]]
[[1, 0], [11, 16], [-379, -400]]
[[1, 0], [11, 16], [-389, -384]]
[[1, 0], [11, 16], [-407, -512]]
[[1, 0], [11, 16], [-413, -368]]
[[1, 0], [11, 16], [-433, -560]]
[[1, 0], [11, 16], [-481, -640]]
[[1, 0], [11, 16], [-63, -80]]
[[1, 0], [11, 16], [-671, -336]]
[[1, 0], [11, 25], [-1039, -325]]
[[1, 0], [11, 25], [-139, -25]]
[[1, 0], [11, 25], [-259, -65]]
[[1, 0], [11, 32], [-197, -384]]
[[1, 0], [11, 32], [-197, -480]]
[[1, 0], [11, 32], [-241, -352]]
[[1, 0], [11, 32], [-241, -640]]
[[1, 0], [11, 32], [-67, -160]]
[[1, 0], [11, 32], [-69, -128]]
[[1, 0], [11, 40], [-153, -440]]
[[1, 0], [11, 40], [-179, -360]]
[[1, 0], [11, 40], [-193, -640]]
[[1, 0], [11, 50], [-41, -70]]
[[1, 0], [11, 640], [-13, -640]]
[[1, 0], [11, 64], [-101, -384]]
[[1, 0], [11, 64], [-103, -512]]
[[1, 0], [11, 64], [-121, -640]]
[[1, 0], [11, 64], [-37, -128]]
[[1, 0], [11, 64], [-97, -448]]
[[1, 0], [11, 80], [-79, -400]]
[[1, 0], [11, 80], [-97, -640]]
[[1, 0], [111, 128], [-141, -160]]
[[1, 0], [111, 128], [-179, -192]]
[[1, 0], [111, 128], [-227, -256]]
[[1, 0], [111, 128], [-281, -320]]
[[1, 0], [111, 128], [-353, -384]]
[[1, 0], [111, 128], [-561, -640]]
[[1, 0], [111, 160], [-341, -480]]
[[1, 0], [111, 160], [-449, -640]]
[[1, 0], [111, 640], [-113, -640]]
[[1, 0], [113, 128], [-123, -128]]
[[1, 0], [113, 128], [-359, -384]]
[[1, 0], [113, 128], [-571, -640]]
[[1, 0], [113, 160], [-117, -160]]
[[1, 0], [113, 160], [-347, -480]]
[[1, 0], [113, 160], [-457, -640]]
[[1, 0], [113, 256], [-231, -512]]
[[1, 0], [113, 320], [-229, -640]]
[[1, 0], [115, 128], [-185, -192]]
[[1, 0], [115, 128], [-235, -256]]
[[1, 0], [115, 128], [-291, -320]]
[[1, 0], [115, 128], [-365, -384]]
[[1, 0], [115, 128], [-581, -640]]
[[1, 0], [115, 192], [-155, -256]]
[[1, 0], [115, 192], [-245, -384]]
[[1, 0], [115, 384], [-125, -384]]
[[1, 0], [117, 128], [-371, -384]]
[[1, 0], [117, 128], [-591, -640]]
[[1, 0], [117, 160], [-121, -160]]
[[1, 0], [117, 160], [-359, -480]]
[[1, 0], [117, 160], [-473, -640]]
[[1, 0], [117, 256], [-239, -512]]
[[1, 0], [117, 320], [-237, -640]]
[[1, 0], [119, 128], [-129, -128]]
[[1, 0], [119, 128], [-151, -160]]
[[1, 0], [119, 128], [-191, -192]]
[[1, 0], [119, 128], [-243, -256]]
[[1, 0], [119, 128], [-301, -320]]
[[1, 0], [119, 128], [-377, -384]]
[[1, 0], [119, 128], [-601, -640]]
[[1, 0], [119, 160], [-481, -640]]
[[1, 0], [119, 320], [-241, -640]]
[[1, 0], [119, 640], [-121, -640]]
[[1, 0], [121, 128], [-131, -128]]
[[1, 0], [121, 128], [-383, -384]]
[[1, 0], [121, 128], [-611, -640]]
[[1, 0], [121, 160], [-371, -480]]
[[1, 0], [121, 160], [-489, -640]]
[[1, 0], [121, 192], [-163, -256]]
[[1, 0], [121, 192], [-257, -384]]
[[1, 0], [121, 256], [-247, -512]]
[[1, 0], [121, 384], [-131, -384]]
[[1, 0], [121, 400], [-129, -400]]
[[1, 0], [121, 640], [-123, -640]]
[[1, 0], [123, 128], [-133, -128]]
[[1, 0], [123, 128], [-197, -192]]
[[1, 0], [123, 128], [-251, -256]]
[[1, 0], [123, 128], [-311, -320]]
[[1, 0], [123, 128], [-389, -384]]
[[1, 0], [123, 128], [-621, -640]]
[[1, 0], [123, 160], [-377, -480]]
[[1, 0], [123, 160], [-497, -640]]
[[1, 0], [123, 320], [-249, -640]]
[[1, 0], [125, 128], [-395, -384]]
[[1, 0], [125, 128], [-631, -640]]
[[1, 0], [125, 256], [-255, -512]]
[[1, 0], [127, 128], [-161, -160]]
[[1, 0], [127, 128], [-203, -192]]
[[1, 0], [127, 128], [-259, -256]]
[[1, 0], [127, 128], [-321, -320]]
[[1, 0], [127, 128], [-401, -384]]
[[1, 0], [127, 128], [-641, -640]]
[[1, 0], [127, 160], [-389, -480]]
[[1, 0], [127, 160], [-513, -640]]
[[1, 0], [127, 192], [-171, -256]]
[[1, 0], [127, 192], [-269, -384]]
[[1, 0], [127, 320], [-257, -640]]
[[1, 0], [127, 384], [-137, -384]]
[[1, 0], [127, 640], [-129, -640]]
[[1, 0], [129, 160], [-133, -160]]
[[1, 0], [129, 160], [-521, -640]]
[[1, 0], [129, 256], [-263, -512]]
[[1, 0], [129, 320], [-261, -640]]
[[1, 0], [129, 640], [-131, -640]]
[[1, 0], [13, 120], [-29, -120]]
[[1, 0], [13, 120], [-71, -360]]
[[1, 0], [13, 128], [-59, -384]]
[[1, 0], [13, 128], [-71, -640]]
[[1, 0], [13, 160], [-17, -160]]
[[1, 0], [13, 160], [-47, -480]]
[[1, 0], [13, 160], [-57, -640]]
[[1, 0], [13, 16], [-119, -48]]
[[1, 0], [13, 16], [-149, -128]]
[[1, 0], [13, 16], [-251, -112]]
[[1, 0], [13, 16], [-429, -400]]
[[1, 0], [13, 16], [-431, -432]]
[[1, 0], [13, 16], [-437, -384]]
[[1, 0], [13, 16], [-459, -368]]
[[1, 0], [13, 16], [-471, -512]]
[[1, 0], [13, 16], [-503, -560]]
[[1, 0], [13, 16], [-53, -16]]
[[1, 0], [13, 16], [-561, -640]]
[[1, 0], [13, 16], [-713, -336]]
[[1, 0], [13, 16], [-73, -80]]
[[1, 0], [13, 192], [-19, -256]]
[[1, 0], [13, 192], [-41, -384]]
[[1, 0], [13, 20], [-449, -640]]
[[1, 0], [13, 20], [-509, -340]]
[[1, 0], [13, 20], [-75, -76]]
[[1, 0], [13, 24], [-101, -128]]
[[1, 0], [13, 24], [-113, -120]]
[[1, 0], [13, 24], [-119, -200]]
[[1, 0], [13, 24], [-293, -384]]
[[1, 0], [13, 24], [-323, -360]]
[[1, 0], [13, 24], [-43, -40]]
[[1, 0], [13, 256], [-31, -512]]
[[1, 0], [13, 30], [-131, -66]]
[[1, 0], [13, 30], [-197, -110]]
[[1, 0], [13, 30], [-233, -390]]
[[1, 0], [13, 30], [-527, -330]]
[[1, 0], [13, 30], [-77, -30]]
[[1, 0], [13, 320], [-29, -640]]
[[1, 0], [13, 32], [-221, -384]]
[[1, 0], [13, 32], [-227, -480]]
[[1, 0], [13, 32], [-263, -352]]
[[1, 0], [13, 32], [-281, -640]]
[[1, 0], [13, 32], [-33, -32]]
[[1, 0], [13, 32], [-77, -128]]
[[1, 0], [13, 32], [-77, -160]]
[[1, 0], [13, 40], [-197, -360]]
[[1, 0], [13, 40], [-29, -40]]
[[1, 0], [13, 40], [-71, -120]]
[[1, 0], [13, 480], [-17, -480]]
[[1, 0], [13, 48], [-149, -384]]
[[1, 0], [13, 48], [-251, -336]]
[[1, 0], [13, 48], [-53, -128]]
[[1, 0], [13, 48], [-53, -48]]
[[1, 0], [13, 48], [-97, -112]]
[[1, 0], [13, 60], [-41, -140]]
[[1, 0], [13, 64], [-111, -448]]
[[1, 0], [13, 64], [-113, -384]]
[[1, 0], [13, 64], [-119, -512]]
[[1, 0], [13, 64], [-141, -640]]
[[1, 0], [13, 64], [-41, -128]]
[[1, 0], [13, 80], [-113, -640]]
[[1, 0], [13, 80], [-21, -80]]
[[1, 0], [13, 80], [-89, -400]]
[[1, 0], [13, 96], [-27, -160]]
[[1, 0], [13, 96], [-29, -128]]
[[1, 0], [13, 96], [-77, -384]]
[[1, 0], [13, 96], [-77, -480]]
[[1, 0], [131, 160], [-401, -480]]
[[1, 0], [131, 160], [-529, -640]]
[[1, 0], [131, 640], [-133, -640]]
[[1, 0], [133, 160], [-137, -160]]
[[1, 0], [133, 160], [-407, -480]]
[[1, 0], [133, 160], [-537, -640]]
[[1, 0], [133, 192], [-179, -256]]
[[1, 0], [133, 192], [-281, -384]]
[[1, 0], [133, 256], [-271, -512]]
[[1, 0], [133, 320], [-269, -640]]
[[1, 0], [133, 330], [-197, -330]]
[[1, 0], [133, 352], [-153, -352]]
[[1, 0], [133, 480], [-137, -480]]
[[1, 0], [137, 160], [-141, -160]]
[[1, 0], [137, 160], [-419, -480]]
[[1, 0], [137, 160], [-553, -640]]
[[1, 0], [137, 256], [-279, -512]]
[[1, 0], [137, 320], [-277, -640]]
[[1, 0], [137, 340], [-169, -340]]
[[1, 0], [137, 640], [-139, -640]]
[[1, 0], [139, 160], [-561, -640]]
[[1, 0], [139, 192], [-187, -256]]
[[1, 0], [139, 192], [-293, -384]]
[[1, 0], [139, 320], [-281, -640]]
[[1, 0], [139, 384], [-149, -384]]
[[1, 0], [139, 640], [-141, -640]]
[[1, 0], [14, 65], [-142, -65]]
[[1, 0], [14, 65], [-454, -325]]
[[1, 0], [141, 160], [-431, -480]]
[[1, 0], [141, 160], [-569, -640]]
[[1, 0], [141, 256], [-287, -512]]
[[1, 0], [141, 400], [-149, -400]]
[[1, 0], [143, 160], [-437, -480]]
[[1, 0], [143, 160], [-577, -640]]
[[1, 0], [143, 320], [-289, -640]]
[[1, 0], [145, 192], [-195, -256]]
[[1, 0], [145, 192], [-305, -384]]
[[1, 0], [145, 256], [-295, -512]]
[[1, 0], [145, 384], [-155, -384]]
[[1, 0], [147, 160], [-449, -480]]
[[1, 0], [147, 160], [-593, -640]]
[[1, 0], [147, 320], [-297, -640]]
[[1, 0], [147, 640], [-149, -640]]
[[1, 0], [149, 160], [-153, -160]]
[[1, 0], [149, 160], [-601, -640]]
[[1, 0], [149, 256], [-303, -512]]
[[1, 0], [149, 320], [-301, -640]]
[[1, 0], [15, 112], [-125, -336]]
[[1, 0], [15, 112], [-83, -560]]
[[1, 0], [15, 128], [-21, -160]]
[[1, 0], [15, 128], [-25, -128]]
[[1, 0], [15, 128], [-35, -192]]
[[1, 0], [15, 128], [-35, -256]]
[[1, 0], [15, 128], [-41, -320]]
[[1, 0], [15, 128], [-65, -384]]
[[1, 0], [15, 128], [-81, -640]]
[[1, 0], [15, 16], [-125, -48]]
[[1, 0], [15, 16], [-165, -128]]
[[1, 0], [15, 16], [-265, -112]]
[[1, 0], [15, 16], [-479, -400]]
[[1, 0], [15, 16], [-485, -384]]
[[1, 0], [15, 16], [-485, -432]]
[[1, 0], [15, 16], [-505, -368]]
[[1, 0], [15, 16], [-535, -512]]
[[1, 0], [15, 16], [-573, -560]]
[[1, 0], [15, 16], [-641, -640]]
[[1, 0], [15, 16], [-755, -336]]
[[1, 0], [15, 16], [-83, -80]]
[[1, 0], [15, 32], [-245, -384]]
[[1, 0], [15, 32], [-257, -480]]
[[1, 0], [15, 32], [-285, -352]]
[[1, 0], [15, 32], [-321, -640]]
[[1, 0], [15, 32], [-85, -128]]
[[1, 0], [15, 32], [-87, -160]]
[[1, 0], [15, 64], [-125, -384]]
[[1, 0], [15, 64], [-125, -448]]
[[1, 0], [15, 64], [-135, -512]]
[[1, 0], [15, 64], [-161, -640]]
[[1, 0], [15, 64], [-45, -128]]
[[1, 0], [151, 160], [-461, -480]]
[[1, 0], [151, 160], [-609, -640]]
[[1, 0], [151, 192], [-203, -256]]
[[1, 0], [151, 192], [-317, -384]]
[[1, 0], [151, 384], [-161, -384]]
[[1, 0], [151, 400], [-159, -400]]
[[1, 0], [151, 640], [-153, -640]]
[[1, 0], [153, 160], [-157, -160]]
[[1, 0], [153, 160], [-467, -480]]
[[1, 0], [153, 160], [-617, -640]]
[[1, 0], [153, 256], [-311, -512]]
[[1, 0], [153, 320], [-309, -640]]
[[1, 0], [157, 160], [-161, -160]]
[[1, 0], [157, 160], [-479, -480]]
[[1, 0], [157, 160], [-633, -640]]
[[1, 0], [157, 192], [-211, -256]]
[[1, 0], [157, 192], [-329, -384]]
[[1, 0], [157, 256], [-319, -512]]
[[1, 0], [157, 320], [-317, -640]]
[[1, 0], [157, 480], [-161, -480]]
[[1, 0], [159, 160], [-641, -640]]
[[1, 0], [159, 320], [-321, -640]]
[[1, 0], [159, 640], [-161, -640]]
[[1, 0], [16, 25], [-1104, -325]]
[[1, 0], [16, 25], [-144, -25]]
[[1, 0], [16, 25], [-272, -65]]
[[1, 0], [161, 256], [-327, -512]]
[[1, 0], [161, 400], [-169, -400]]
[[1, 0], [161, 640], [-163, -640]]
[[1, 0], [163, 192], [-219, -256]]
[[1, 0], [163, 192], [-341, -384]]
[[1, 0], [163, 320], [-329, -640]]
[[1, 0], [163, 384], [-173, -384]]
[[1, 0], [165, 256], [-335, -512]]
[[1, 0], [165, 328], [-245, -328]]
[[1, 0], [167, 320], [-337, -640]]
[[1, 0], [167, 640], [-169, -640]]
[[1, 0], [169, 192], [-227, -256]]
[[1, 0], [169, 192], [-353, -384]]
[[1, 0], [169, 256], [-343, -512]]
[[1, 0], [169, 320], [-341, -640]]
[[1, 0], [169, 336], [-209, -336]]
[[1, 0], [169, 384], [-179, -384]]
[[1, 0], [169, 480], [-173, -480]]
[[1, 0], [169, 640], [-171, -640]]
[[1, 0], [17, 128], [-27, -128]]
[[1, 0], [17, 128], [-71, -384]]
[[1, 0], [17, 128], [-91, -640]]
[[1, 0], [17, 160], [-21, -160]]
[[1, 0], [17, 160], [-59, -480]]
[[1, 0], [17, 160], [-73, -640]]
[[1, 0], [17, 20], [-49, -20]]
[[1, 0], [17, 20], [-577, -340]]
[[1, 0], [17, 20], [-577, -640]]
[[1, 0], [17, 20], [-91, -92]]
[[1, 0], [17, 256], [-39, -512]]
[[1, 0], [17, 320], [-37, -640]]
[[1, 0], [17, 32], [-269, -384]]
[[1, 0], [17, 32], [-287, -480]]
[[1, 0], [17, 32], [-307, -352]]
[[1, 0], [17, 32], [-361, -640]]
[[1, 0], [17, 32], [-37, -32]]
[[1, 0], [17, 32], [-93, -128]]
[[1, 0], [17, 32], [-97, -160]]
[[1, 0], [17, 40], [-219, -440]]
[[1, 0], [17, 40], [-233, -360]]
[[1, 0], [17, 40], [-289, -640]]
[[1, 0], [17, 40], [-33, -40]]
[[1, 0], [17, 40], [-53, -72]]
[[1, 0], [17, 40], [-83, -120]]
[[1, 0], [17, 640], [-19, -640]]
[[1, 0], [17, 64], [-137, -384]]
[[1, 0], [17, 64], [-139, -448]]
[[1, 0], [17, 64], [-151, -512]]
[[1, 0], [17, 64], [-181, -640]]
[[1, 0], [17, 64], [-49, -128]]
[[1, 0], [17, 80], [-109, -400]]
[[1, 0], [17, 80], [-27, -112]]
[[1, 0], [171, 640], [-173, -640]]
[[1, 0], [173, 256], [-351, -512]]
[[1, 0], [173, 320], [-349, -640]]
[[1, 0], [175, 192], [-235, -256]]
[[1, 0], [175, 192], [-365, -384]]
[[1, 0], [175, 384], [-185, -384]]
[[1, 0], [177, 256], [-359, -512]]
[[1, 0], [177, 320], [-357, -640]]
[[1, 0], [177, 352], [-197, -352]]
[[1, 0], [177, 640], [-179, -640]]
[[1, 0], [179, 320], [-361, -640]]
[[1, 0], [179, 640], [-181, -640]]
[[1, 0], [181, 192], [-243, -256]]
[[1, 0], [181, 192], [-377, -384]]
[[1, 0], [181, 256], [-367, -512]]
[[1, 0], [181, 360], [-197, -360]]
[[1, 0], [181, 400], [-189, -400]]
[[1, 0], [183, 320], [-369, -640]]
[[1, 0], [185, 256], [-375, -512]]
[[1, 0], [187, 192], [-251, -256]]
[[1, 0], [187, 192], [-389, -384]]
[[1, 0], [187, 320], [-377, -640]]
[[1, 0], [187, 384], [-197, -384]]
[[1, 0], [187, 640], [-189, -640]]
[[1, 0], [189, 256], [-383, -512]]
[[1, 0], [189, 320], [-381, -640]]
[[1, 0], [19, 120], [-89, -360]]
[[1, 0], [19, 128], [-101, -640]]
[[1, 0], [19, 128], [-29, -128]]
[[1, 0], [19, 128], [-41, -192]]
[[1, 0], [19, 128], [-43, -256]]
[[1, 0], [19, 128], [-51, -320]]
[[1, 0], [19, 128], [-77, -384]]
[[1, 0], [19, 160], [-81, -640]]
[[1, 0], [19, 192], [-27, -256]]
[[1, 0], [19, 192], [-53, -384]]
[[1, 0], [19, 20], [-129, -128]]
[[1, 0], [19, 20], [-135, -68]]
[[1, 0], [19, 20], [-611, -340]]
[[1, 0], [19, 20], [-641, -640]]
[[1, 0], [19, 24], [-133, -128]]
[[1, 0], [19, 24], [-143, -120]]
[[1, 0], [19, 24], [-169, -200]]
[[1, 0], [19, 24], [-389, -384]]
[[1, 0], [19, 24], [-413, -360]]
[[1, 0], [19, 24], [-53, -40]]
[[1, 0], [19, 30], [-219, -110]]
[[1, 0], [19, 30], [-311, -390]]
[[1, 0], [19, 30], [-593, -330]]
[[1, 0], [19, 30], [-83, -30]]
[[1, 0], [19, 320], [-41, -640]]
[[1, 0], [19, 32], [-101, -128]]
[[1, 0], [19, 32], [-107, -160]]
[[1, 0], [19, 32], [-293, -384]]
[[1, 0], [19, 32], [-317, -480]]
[[1, 0], [19, 32], [-329, -352]]
[[1, 0], [19, 32], [-401, -640]]
[[1, 0], [19, 36], [-377, -108]]
[[1, 0], [19, 36], [-971, -324]]
[[1, 0], [19, 384], [-29, -384]]
[[1, 0], [19, 40], [-241, -440]]
[[1, 0], [19, 40], [-251, -360]]
[[1, 0], [19, 40], [-321, -640]]
[[1, 0], [19, 40], [-65, -128]]
[[1, 0], [19, 40], [-89, -120]]
[[1, 0], [19, 48], [-111, -112]]
[[1, 0], [19, 48], [-197, -384]]
[[1, 0], [19, 48], [-293, -336]]
[[1, 0], [19, 48], [-69, -128]]
[[1, 0], [19, 640], [-21, -640]]
[[1, 0], [19, 64], [-149, -384]]
[[1, 0], [19, 64], [-153, -448]]
[[1, 0], [19, 64], [-167, -512]]
[[1, 0], [19, 64], [-201, -640]]
[[1, 0], [19, 64], [-53, -128]]
[[1, 0], [19, 72], [-143, -360]]
[[1, 0], [19, 72], [-53, -120]]
[[1, 0], [19, 80], [-119, -400]]
[[1, 0], [19, 80], [-161, -640]]
[[1, 0], [19, 80], [-33, -128]]
[[1, 0], [19, 96], [-101, -384]]
[[1, 0], [19, 96], [-107, -480]]
[[1, 0], [19, 96], [-37, -128]]
[[1, 0], [19, 96], [-37, -160]]
[[1, 0], [191, 640], [-193, -640]]
[[1, 0], [193, 256], [-391, -512]]
[[1, 0], [193, 320], [-389, -640]]
[[1, 0], [193, 384], [-203, -384]]
[[1, 0], [193, 480], [-197, -480]]
[[1, 0], [197, 256], [-399, -512]]
[[1, 0], [197, 320], [-397, -640]]
[[1, 0], [199, 320], [-401, -640]]
[[1, 0], [199, 330], [-263, -330]]
[[1, 0], [199, 640], [-201, -640]]
[[1, 0], [2, 5], [-1034, -345]]
[[1, 0], [2, 5], [-334, -67]]
[[1, 0], [2, 5], [-394, -25]]
[[1, 0], [2, 5], [-4354, -325]]
[[1, 0], [2, 5], [-538, -385]]
[[1, 0], [2, 5], [-86, -87]]
[[1, 0], [2, 5], [-922, -65]]
[[1, 0], [201, 256], [-407, -512]]
[[1, 0], [201, 400], [-209, -400]]
[[1, 0], [201, 640], [-203, -640]]
[[1, 0], [203, 320], [-409, -640]]
[[1, 0], [205, 256], [-415, -512]]
[[1, 0], [207, 320], [-417, -640]]
[[1, 0], [207, 640], [-209, -640]]
[[1, 0], [209, 256], [-423, -512]]
[[1, 0], [209, 320], [-421, -640]]
[[1, 0], [209, 640], [-211, -640]]
[[1, 0], [21, 128], [-111, -640]]
[[1, 0], [21, 128], [-83, -384]]
[[1, 0], [21, 160], [-71, -480]]
[[1, 0], [21, 160], [-89, -640]]
[[1, 0], [21, 256], [-47, -512]]
[[1, 0], [21, 25], [-1169, -325]]
[[1, 0], [21, 32], [-109, -128]]
[[1, 0], [21, 32], [-117, -160]]
[[1, 0], [21, 32], [-317, -384]]
[[1, 0], [21, 32], [-347, -480]]
[[1, 0], [21, 32], [-351, -352]]
[[1, 0], [21, 32], [-41, -32]]
[[1, 0], [21, 32], [-441, -640]]
[[1, 0], [21, 400], [-29, -400]]
[[1, 0], [21, 40], [-263, -440]]
[[1, 0], [21, 40], [-269, -360]]
[[1, 0], [21, 40], [-353, -640]]
[[1, 0], [21, 40], [-37, -40]]
[[1, 0], [21, 64], [-161, -384]]
[[1, 0], [21, 64], [-167, -448]]
[[1, 0], [21, 64], [-183, -512]]
[[1, 0], [21, 64], [-221, -640]]
[[1, 0], [21, 64], [-57, -128]]
[[1, 0], [21, 80], [-129, -400]]
[[1, 0], [21, 80], [-177, -640]]
[[1, 0], [211, 640], [-213, -640]]
[[1, 0], [213, 256], [-431, -512]]
[[1, 0], [213, 320], [-429, -640]]
[[1, 0], [217, 256], [-439, -512]]
[[1, 0], [217, 320], [-437, -640]]
[[1, 0], [217, 360], [-233, -360]]
[[1, 0], [217, 384], [-227, -384]]
[[1, 0], [217, 480], [-221, -480]]
[[1, 0], [217, 640], [-219, -640]]
[[1, 0], [219, 320], [-441, -640]]
[[1, 0], [219, 640], [-221, -640]]
[[1, 0], [221, 256], [-447, -512]]
[[1, 0], [221, 352], [-241, -352]]
[[1, 0], [221, 400], [-229, -400]]
[[1, 0], [221, 640], [-223, -640]]
[[1, 0], [223, 320], [-449, -640]]
[[1, 0], [225, 256], [-455, -512]]
[[1, 0], [227, 320], [-457, -640]]
[[1, 0], [227, 640], [-229, -640]]
[[1, 0], [229, 256], [-463, -512]]
[[1, 0], [229, 320], [-461, -640]]
[[1, 0], [229, 480], [-233, -480]]
[[1, 0], [23, 110], [-197, -330]]
[[1, 0], [23, 110], [-87, -110]]
[[1, 0], [23, 128], [-121, -640]]
[[1, 0], [23, 128], [-31, -160]]
[[1, 0], [23, 128], [-33, -128]]
[[1, 0], [23, 128], [-47, -192]]
[[1, 0], [23, 128], [-51, -256]]
[[1, 0], [23, 128], [-61, -320]]
[[1, 0], [23, 128], [-89, -384]]
[[1, 0], [23, 160], [-77, -480]]
[[1, 0], [23, 160], [-97, -640]]
[[1, 0], [23, 320], [-49, -640]]
[[1, 0], [23, 32], [-117, -128]]
[[1, 0], [23, 32], [-127, -160]]
[[1, 0], [23, 32], [-341, -384]]
[[1, 0], [23, 32], [-373, -352]]
[[1, 0], [23, 32], [-377, -480]]
[[1, 0], [23, 32], [-481, -640]]
[[1, 0], [23, 40], [-101, -120]]
[[1, 0], [23, 40], [-287, -360]]
[[1, 0], [23, 64], [-173, -384]]
[[1, 0], [23, 64], [-181, -448]]
[[1, 0], [23, 64], [-199, -512]]
[[1, 0], [23, 64], [-241, -640]]
[[1, 0], [23, 64], [-61, -128]]
[[1, 0], [23, 80], [-139, -400]]
[[1, 0], [23, 80], [-193, -640]]
[[1, 0], [23, 88], [-131, -440]]
[[1, 0], [231, 640], [-233, -640]]
[[1, 0], [233, 256], [-471, -512]]
[[1, 0], [233, 320], [-469, -640]]
[[1, 0], [237, 256], [-479, -512]]
[[1, 0], [237, 320], [-477, -640]]
[[1, 0], [239, 320], [-481, -640]]
[[1, 0], [239, 640], [-241, -640]]
[[1, 0], [241, 256], [-487, -512]]
[[1, 0], [241, 384], [-251, -384]]
[[1, 0], [241, 640], [-243, -640]]
[[1, 0], [243, 320], [-489, -640]]
[[1, 0], [245, 256], [-495, -512]]
[[1, 0], [247, 320], [-497, -640]]
[[1, 0], [247, 640], [-249, -640]]
[[1, 0], [249, 256], [-503, -512]]
[[1, 0], [249, 320], [-501, -640]]
[[1, 0], [249, 640], [-251, -640]]
[[1, 0], [25, 128], [-131, -640]]
[[1, 0], [25, 128], [-35, -128]]
[[1, 0], [25, 128], [-95, -384]]
[[1, 0], [25, 192], [-35, -256]]
[[1, 0], [25, 192], [-65, -384]]
[[1, 0], [25, 256], [-55, -512]]
[[1, 0], [25, 32], [-125, -128]]
[[1, 0], [25, 32], [-137, -160]]
[[1, 0], [25, 32], [-365, -384]]
[[1, 0], [25, 32], [-395, -352]]
[[1, 0], [25, 32], [-407, -480]]
[[1, 0], [25, 32], [-45, -32]]
[[1, 0], [25, 32], [-521, -640]]
[[1, 0], [25, 384], [-35, -384]]
[[1, 0], [25, 48], [-125, -112]]
[[1, 0], [25, 48], [-245, -384]]
[[1, 0], [25, 48], [-335, -336]]
[[1, 0], [25, 48], [-65, -48]]
[[1, 0], [25, 48], [-85, -128]]
[[1, 0], [25, 64], [-185, -384]]
[[1, 0], [25, 64], [-195, -448]]
[[1, 0], [25, 64], [-215, -512]]
[[1, 0], [25, 64], [-261, -640]]
[[1, 0], [25, 64], [-65, -128]]
[[1, 0], [25, 96], [-125, -384]]
[[1, 0], [25, 96], [-137, -480]]
[[1, 0], [25, 96], [-45, -128]]
[[1, 0], [25, 96], [-47, -160]]
[[1, 0], [251, 640], [-253, -640]]
[[1, 0], [253, 256], [-511, -512]]
[[1, 0], [253, 320], [-509, -640]]
[[1, 0], [253, 336], [-293, -336]]
[[1, 0], [253, 360], [-269, -360]]
[[1, 0], [253, 480], [-257, -480]]
[[1, 0], [257, 320], [-517, -640]]
[[1, 0], [259, 320], [-521, -640]]
[[1, 0], [259, 640], [-261, -640]]
[[1, 0], [261, 325], [-389, -325]]
[[1, 0], [261, 400], [-269, -400]]
[[1, 0], [263, 320], [-529, -640]]
[[1, 0], [265, 352], [-285, -352]]
[[1, 0], [265, 384], [-275, -384]]
[[1, 0], [267, 320], [-537, -640]]
[[1, 0], [267, 640], [-269, -640]]
[[1, 0], [269, 320], [-541, -640]]
[[1, 0], [27, 128], [-101, -384]]
[[1, 0], [27, 128], [-141, -640]]
[[1, 0], [27, 128], [-37, -128]]
[[1, 0], [27, 128], [-53, -192]]
[[1, 0], [27, 128], [-59, -256]]
[[1, 0], [27, 128], [-71, -320]]
[[1, 0], [27, 160], [-113, -640]]
[[1, 0], [27, 160], [-89, -480]]
[[1, 0], [27, 320], [-57, -640]]
[[1, 0], [27, 32], [-133, -128]]
[[1, 0], [27, 32], [-147, -160]]
[[1, 0], [27, 32], [-389, -384]]
[[1, 0], [27, 32], [-417, -352]]
[[1, 0], [27, 32], [-437, -480]]
[[1, 0], [27, 32], [-561, -640]]
[[1, 0], [27, 40], [-113, -120]]
[[1, 0], [27, 40], [-323, -360]]
[[1, 0], [27, 40], [-329, -440]]
[[1, 0], [27, 40], [-449, -640]]
[[1, 0], [27, 40], [-71, -72]]
[[1, 0], [27, 640], [-29, -640]]
[[1, 0], [27, 64], [-197, -384]]
[[1, 0], [27, 64], [-209, -448]]
[[1, 0], [27, 64], [-231, -512]]
[[1, 0], [27, 64], [-281, -640]]
[[1, 0], [27, 64], [-69, -128]]
[[1, 0], [27, 65], [-519, -325]]
[[1, 0], [27, 80], [-159, -400]]
[[1, 0], [27, 80], [-41, -112]]
[[1, 0], [271, 640], [-273, -640]]
[[1, 0], [273, 320], [-549, -640]]
[[1, 0], [277, 320], [-557, -640]]
[[1, 0], [277, 480], [-281, -480]]
[[1, 0], [279, 320], [-561, -640]]
[[1, 0], [279, 640], [-281, -640]]
[[1, 0], [281, 400], [-289, -400]]
[[1, 0], [281, 640], [-283, -640]]
[[1, 0], [283, 320], [-569, -640]]
[[1, 0], [287, 320], [-577, -640]]
[[1, 0], [287, 640], [-289, -640]]
[[1, 0], [289, 320], [-581, -640]]
[[1, 0], [289, 384], [-299, -384]]
[[1, 0], [289, 480], [-293, -480]]
[[1, 0], [289, 640], [-291, -640]]
[[1, 0], [29, 112], [-153, -560]]
[[1, 0], [29, 112], [-167, -336]]
[[1, 0], [29, 112], [-69, -112]]
[[1, 0], [29, 128], [-107, -384]]
[[1, 0], [29, 128], [-151, -640]]
[[1, 0], [29, 160], [-121, -640]]
[[1, 0], [29, 160], [-33, -160]]
[[1, 0], [29, 256], [-63, -512]]
[[1, 0], [29, 320], [-61, -640]]
[[1, 0], [29, 32], [-141, -128]]
[[1, 0], [29, 32], [-157, -160]]
[[1, 0], [29, 32], [-413, -384]]
[[1, 0], [29, 32], [-439, -352]]
[[1, 0], [29, 32], [-467, -480]]
[[1, 0], [29, 32], [-49, -32]]
[[1, 0], [29, 32], [-601, -640]]
[[1, 0], [29, 40], [-119, -120]]
[[1, 0], [29, 40], [-341, -360]]
[[1, 0], [29, 40], [-351, -440]]
[[1, 0], [29, 40], [-481, -640]]
[[1, 0], [29, 40], [-97, -128]]
[[1, 0], [29, 64], [-209, -384]]
[[1, 0], [29, 64], [-223, -448]]
[[1, 0], [29, 64], [-247, -512]]
[[1, 0], [29, 64], [-301, -640]]
[[1, 0], [29, 64], [-73, -128]]
[[1, 0], [29, 70], [-209, -350]]
[[1, 0], [29, 80], [-169, -400]]
[[1, 0], [29, 80], [-241, -640]]
[[1, 0], [29, 80], [-37, -80]]
[[1, 0], [29, 80], [-49, -128]]
[[1, 0], [291, 640], [-293, -640]]
[[1, 0], [293, 320], [-589, -640]]
[[1, 0], [297, 320], [-597, -640]]
[[1, 0], [297, 640], [-299, -640]]
[[1, 0], [299, 320], [-601, -640]]
[[1, 0], [299, 640], [-301, -640]]
[[1, 0], [3, 10], [-103, -130]]
[[1, 0], [3, 10], [-109, -22]]
[[1, 0], [3, 10], [-1187, -330]]
[[1, 0], [3, 10], [-137, -30]]
[[1, 0], [3, 10], [-257, -430]]
[[1, 0], [3, 10], [-257, -640]]
[[1, 0], [3, 10], [-263, -66]]
[[1, 0], [3, 10], [-417, -110]]
[[1, 0], [3, 10], [-489, -350]]
[[1, 0], [3, 10], [-67, -10]]
[[1, 0], [3, 10], [-79, -50]]
[[1, 0], [3, 128], [-11, -256]]
[[1, 0], [3, 128], [-11, -320]]
[[1, 0], [3, 128], [-13, -128]]
[[1, 0], [3, 128], [-17, -192]]
[[1, 0], [3, 128], [-21, -640]]
[[1, 0], [3, 128], [-29, -384]]
[[1, 0], [3, 160], [-17, -480]]
[[1, 0], [3, 160], [-17, -640]]
[[1, 0], [3, 16], [-151, -512]]
[[1, 0], [3, 16], [-153, -560]]
[[1, 0], [3, 16], [-161, -432]]
[[1, 0], [3, 16], [-161, -640]]
[[1, 0], [3, 16], [-179, -400]]
[[1, 0], [3, 16], [-181, -112]]
[[1, 0], [3, 16], [-197, -384]]
[[1, 0], [3, 16], [-229, -368]]
[[1, 0], [3, 16], [-23, -80]]
[[1, 0], [3, 16], [-503, -336]]
[[1, 0], [3, 16], [-69, -128]]
[[1, 0], [3, 16], [-89, -48]]
[[1, 0], [3, 20], [-129, -640]]
[[1, 0], [3, 20], [-339, -340]]
[[1, 0], [3, 20], [-37, -76]]
[[1, 0], [3, 320], [-9, -640]]
[[1, 0], [3, 32], [-101, -384]]
[[1, 0], [3, 32], [-153, -352]]
[[1, 0], [3, 32], [-27, -160]]
[[1, 0], [3, 32], [-37, -128]]
[[1, 0], [3, 32], [-77, -480]]
[[1, 0], [3, 32], [-81, -640]]
[[1, 0], [3, 40], [-107, -360]]
[[1, 0], [3, 40], [-41, -120]]
[[1, 0], [3, 4], [-1067, -356]]
[[1, 0], [3, 4], [-111, -20]]
[[1, 0], [3, 4], [-1631, -340]]
[[1, 0], [3, 4], [-2321, -108]]
[[1, 0], [3, 4], [-2489, -332]]
[[1, 0], [3, 4], [-261, -128]]
[[1, 0], [3, 4], [-329, -12]]
[[1, 0], [3, 4], [-47, -20]]
[[1, 0], [3, 4], [-599, -500]]
[[1, 0], [3, 4], [-599, -512]]
[[1, 0], [3, 4], [-641, -428]]
[[1, 0], [3, 4], [-641, -640]]
[[1, 0], [3, 4], [-6803, -324]]
[[1, 0], [3, 4], [-773, -384]]
[[1, 0], [3, 4], [-797, -380]]
[[1, 0], [3, 4], [-827, -36]]
[[1, 0], [3, 5], [-1103, -345]]
[[1, 0], [3, 5], [-131, -5]]
[[1, 0], [3, 5], [-399, -25]]
[[1, 0], [3, 5], [-4419, -325]]
[[1, 0], [3, 5], [-513, -640]]
[[1, 0], [3, 64], [-21, -128]]
[[1, 0], [3, 64], [-39, -512]]
[[1, 0], [3, 64], [-41, -448]]
[[1, 0], [3, 64], [-41, -640]]
[[1, 0], [3, 64], [-53, -384]]
[[1, 0], [3, 80], [-33, -640]]
[[1, 0], [3, 80], [-39, -400]]
[[1, 0], [3, 8], [-133, -128]]
[[1, 0], [3, 8], [-173, -120]]
[[1, 0], [3, 8], [-1803, -328]]
[[1, 0], [3, 8], [-31, -40]]
[[1, 0], [3, 8], [-321, -640]]
[[1, 0], [3, 8], [-389, -384]]
[[1, 0], [3, 8], [-503, -360]]
[[1, 0], [3, 8], [-63, -40]]
[[1, 0], [301, 400], [-309, -400]]
[[1, 0], [303, 320], [-609, -640]]
[[1, 0], [307, 320], [-617, -640]]
[[1, 0], [307, 640], [-309, -640]]
[[1, 0], [309, 320], [-621, -640]]
[[1, 0], [309, 352], [-329, -352]]
[[1, 0], [31, 128], [-113, -384]]
[[1, 0], [31, 128], [-161, -640]]
[[1, 0], [31, 128], [-41, -128]]
[[1, 0], [31, 128], [-41, -160]]
[[1, 0], [31, 128], [-59, -192]]
[[1, 0], [31, 128], [-67, -256]]
[[1, 0], [31, 128], [-81, -320]]
[[1, 0], [31, 160], [-101, -480]]
[[1, 0], [31, 160], [-129, -640]]
[[1, 0], [31, 192], [-43, -256]]
[[1, 0], [31, 192], [-77, -384]]
[[1, 0], [31, 32], [-149, -128]]
[[1, 0], [31, 32], [-167, -160]]
[[1, 0], [31, 32], [-437, -384]]
[[1, 0], [31, 32], [-461, -352]]
[[1, 0], [31, 32], [-497, -480]]
[[1, 0], [31, 32], [-641, -640]]
[[1, 0], [31, 384], [-41, -384]]
[[1, 0], [31, 40], [-359, -360]]
[[1, 0], [31, 40], [-373, -440]]
[[1, 0], [31, 40], [-513, -640]]
[[1, 0], [31, 48], [-101, -128]]
[[1, 0], [31, 48], [-139, -112]]
[[1, 0], [31, 48], [-293, -384]]
[[1, 0], [31, 48], [-377, -336]]
[[1, 0], [31, 50], [-69, -70]]
[[1, 0], [31, 60], [-83, -140]]
[[1, 0], [31, 640], [-33, -640]]
[[1, 0], [31, 64], [-221, -384]]
[[1, 0], [31, 64], [-237, -448]]
[[1, 0], [31, 64], [-263, -512]]
[[1, 0], [31, 64], [-321, -640]]
[[1, 0], [31, 64], [-77, -128]]
[[1, 0], [31, 80], [-179, -400]]
[[1, 0], [31, 80], [-257, -640]]
[[1, 0], [31, 96], [-149, -384]]
[[1, 0], [31, 96], [-167, -480]]
[[1, 0], [31, 96], [-53, -128]]
[[1, 0], [31, 96], [-57, -160]]
[[1, 0], [311, 640], [-313, -640]]
[[1, 0], [313, 320], [-629, -640]]
[[1, 0], [313, 384], [-323, -384]]
[[1, 0], [313, 480], [-317, -480]]
[[1, 0], [317, 320], [-637, -640]]
[[1, 0], [319, 320], [-641, -640]]
[[1, 0], [319, 640], [-321, -640]]
[[1, 0], [321, 400], [-329, -400]]
[[1, 0], [321, 640], [-323, -640]]
[[1, 0], [329, 640], [-331, -640]]
[[1, 0], [33, 128], [-119, -384]]
[[1, 0], [33, 128], [-171, -640]]
[[1, 0], [33, 128], [-43, -128]]
[[1, 0], [33, 160], [-107, -480]]
[[1, 0], [33, 160], [-137, -640]]
[[1, 0], [33, 160], [-37, -160]]
[[1, 0], [33, 256], [-71, -512]]
[[1, 0], [33, 320], [-69, -640]]
[[1, 0], [33, 40], [-131, -120]]
[[1, 0], [33, 40], [-377, -360]]
[[1, 0], [33, 40], [-49, -40]]
[[1, 0], [33, 64], [-233, -384]]
[[1, 0], [33, 64], [-251, -448]]
[[1, 0], [33, 64], [-279, -512]]
[[1, 0], [33, 64], [-341, -640]]
[[1, 0], [33, 64], [-81, -128]]
[[1, 0], [33, 80], [-189, -400]]
[[1, 0], [33, 80], [-273, -640]]
[[1, 0], [33, 80], [-41, -80]]
[[1, 0], [337, 384], [-347, -384]]
[[1, 0], [337, 480], [-341, -480]]
[[1, 0], [337, 640], [-339, -640]]
[[1, 0], [341, 400], [-349, -400]]
[[1, 0], [349, 480], [-353, -480]]
[[1, 0], [35, 128], [-125, -384]]
[[1, 0], [35, 128], [-181, -640]]
[[1, 0], [35, 128], [-45, -128]]
[[1, 0], [35, 128], [-65, -192]]
[[1, 0], [35, 128], [-75, -256]]
[[1, 0], [35, 128], [-91, -320]]
[[1, 0], [35, 64], [-245, -384]]
[[1, 0], [35, 64], [-265, -448]]
[[1, 0], [35, 64], [-295, -512]]
[[1, 0], [35, 64], [-361, -640]]
[[1, 0], [35, 64], [-85, -128]]
[[1, 0], [35, 68], [-271, -340]]
[[1, 0], [361, 384], [-371, -384]]
[[1, 0], [361, 400], [-369, -400]]
[[1, 0], [361, 640], [-363, -640]]
[[1, 0], [369, 640], [-371, -640]]
[[1, 0], [37, 120], [-143, -360]]
[[1, 0], [37, 120], [-53, -120]]
[[1, 0], [37, 128], [-131, -384]]
[[1, 0], [37, 128], [-191, -640]]
[[1, 0], [37, 160], [-119, -480]]
[[1, 0], [37, 160], [-153, -640]]
[[1, 0], [37, 160], [-41, -160]]
[[1, 0], [37, 192], [-51, -256]]
[[1, 0], [37, 192], [-89, -384]]
[[1, 0], [37, 256], [-79, -512]]
[[1, 0], [37, 320], [-77, -640]]
[[1, 0], [37, 360], [-53, -360]]
[[1, 0], [37, 40], [-143, -120]]
[[1, 0], [37, 40], [-413, -360]]
[[1, 0], [37, 40], [-439, -440]]
[[1, 0], [37, 40], [-53, -40]]
[[1, 0], [37, 40], [-609, -640]]
[[1, 0], [37, 40], [-89, -72]]
[[1, 0], [37, 480], [-41, -480]]
[[1, 0], [37, 48], [-117, -128]]
[[1, 0], [37, 48], [-153, -112]]
[[1, 0], [37, 48], [-341, -384]]
[[1, 0], [37, 48], [-419, -336]]
[[1, 0], [37, 48], [-77, -48]]
[[1, 0], [37, 60], [-97, -140]]
[[1, 0], [37, 64], [-257, -384]]
[[1, 0], [37, 64], [-279, -448]]
[[1, 0], [37, 64], [-311, -512]]
[[1, 0], [37, 64], [-381, -640]]
[[1, 0], [37, 64], [-89, -128]]
[[1, 0], [37, 72], [-233, -360]]
[[1, 0], [37, 72], [-83, -120]]
[[1, 0], [37, 80], [-209, -400]]
[[1, 0], [37, 80], [-55, -112]]
[[1, 0], [37, 96], [-173, -384]]
[[1, 0], [37, 96], [-197, -480]]
[[1, 0], [37, 96], [-61, -128]]
[[1, 0], [37, 96], [-67, -160]]
[[1, 0], [373, 480], [-377, -480]]
[[1, 0], [377, 640], [-379, -640]]
[[1, 0], [379, 384], [-389, -384]]
[[1, 0], [381, 400], [-389, -400]]
[[1, 0], [381, 640], [-383, -640]]
[[1, 0], [39, 128], [-101, -320]]
[[1, 0], [39, 128], [-137, -384]]
[[1, 0], [39, 128], [-201, -640]]
[[1, 0], [39, 128], [-49, -128]]
[[1, 0], [39, 128], [-51, -160]]
[[1, 0], [39, 128], [-71, -192]]
[[1, 0], [39, 128], [-83, -256]]
[[1, 0], [39, 160], [-161, -640]]
[[1, 0], [39, 320], [-81, -640]]
[[1, 0], [39, 40], [-129, -128]]
[[1, 0], [39, 40], [-149, -120]]
[[1, 0], [39, 40], [-431, -360]]
[[1, 0], [39, 40], [-461, -440]]
[[1, 0], [39, 40], [-641, -640]]
[[1, 0], [39, 640], [-41, -640]]
[[1, 0], [39, 64], [-269, -384]]
[[1, 0], [39, 64], [-293, -448]]
[[1, 0], [39, 64], [-327, -512]]
[[1, 0], [39, 64], [-401, -640]]
[[1, 0], [39, 64], [-93, -128]]
[[1, 0], [39, 76], [-227, -380]]
[[1, 0], [39, 80], [-219, -400]]
[[1, 0], [39, 80], [-321, -640]]
[[1, 0], [39, 80], [-65, -128]]
[[1, 0], [397, 480], [-401, -480]]
[[1, 0], [4, 5], [-1172, -345]]
[[1, 0], [4, 5], [-129, -128]]
[[1, 0], [4, 5], [-404, -25]]
[[1, 0], [4, 5], [-4484, -325]]
[[1, 0], [4, 5], [-641, -640]]
[[1, 0], [4, 5], [-692, -385]]
[[1, 0], [4, 5], [-948, -65]]
[[1, 0], [401, 640], [-403, -640]]
[[1, 0], [409, 480], [-413, -480]]
[[1, 0], [409, 640], [-411, -640]]
[[1, 0], [41, 128], [-143, -384]]
[[1, 0], [41, 128], [-211, -640]]
[[1, 0], [41, 128], [-51, -128]]
[[1, 0], [41, 160], [-131, -480]]
[[1, 0], [41, 160], [-169, -640]]
[[1, 0], [41, 256], [-87, -512]]
[[1, 0], [41, 400], [-49, -400]]
[[1, 0], [41, 50], [-83, -70]]
[[1, 0], [41, 640], [-43, -640]]
[[1, 0], [41, 64], [-281, -384]]
[[1, 0], [41, 64], [-307, -448]]
[[1, 0], [41, 64], [-343, -512]]
[[1, 0], [41, 64], [-421, -640]]
[[1, 0], [41, 64], [-97, -128]]
[[1, 0], [41, 80], [-229, -400]]
[[1, 0], [41, 80], [-337, -640]]
[[1, 0], [43, 112], [-209, -336]]
[[1, 0], [43, 112], [-223, -560]]
[[1, 0], [43, 120], [-161, -360]]
[[1, 0], [43, 128], [-111, -320]]
[[1, 0], [43, 128], [-149, -384]]
[[1, 0], [43, 128], [-221, -640]]
[[1, 0], [43, 128], [-53, -128]]
[[1, 0], [43, 128], [-77, -192]]
[[1, 0], [43, 128], [-91, -256]]
[[1, 0], [43, 160], [-137, -480]]
[[1, 0], [43, 160], [-177, -640]]
[[1, 0], [43, 192], [-101, -384]]
[[1, 0], [43, 192], [-59, -256]]
[[1, 0], [43, 320], [-89, -640]]
[[1, 0], [43, 384], [-53, -384]]
[[1, 0], [43, 48], [-133, -128]]
[[1, 0], [43, 48], [-167, -112]]
[[1, 0], [43, 48], [-389, -384]]
[[1, 0], [43, 48], [-461, -336]]
[[1, 0], [43, 60], [-111, -140]]
[[1, 0], [43, 64], [-101, -128]]
[[1, 0], [43, 64], [-293, -384]]
[[1, 0], [43, 64], [-321, -448]]
[[1, 0], [43, 64], [-359, -512]]
[[1, 0], [43, 64], [-441, -640]]
[[1, 0], [43, 70], [-279, -350]]
[[1, 0], [43, 80], [-239, -400]]
[[1, 0], [43, 80], [-353, -640]]
[[1, 0], [43, 96], [-197, -384]]
[[1, 0], [43, 96], [-227, -480]]
[[1, 0], [43, 96], [-69, -128]]
[[1, 0], [43, 96], [-77, -160]]
[[1, 0], [433, 480], [-437, -480]]
[[1, 0], [441, 640], [-443, -640]]
[[1, 0], [449, 640], [-451, -640]]
[[1, 0], [45, 128], [-155, -384]]
[[1, 0], [45, 128], [-231, -640]]
[[1, 0], [45, 256], [-95, -512]]
[[1, 0], [45, 352], [-65, -352]]
[[1, 0], [45, 64], [-105, -128]]
[[1, 0], [45, 64], [-305, -384]]
[[1, 0], [45, 64], [-335, -448]]
[[1, 0], [45, 64], [-375, -512]]
[[1, 0], [45, 64], [-461, -640]]
[[1, 0], [45, 88], [-241, -440]]
[[1, 0], [457, 480], [-461, -480]]
[[1, 0], [457, 640], [-459, -640]]
[[1, 0], [469, 480], [-473, -480]]
[[1, 0], [47, 128], [-121, -320]]
[[1, 0], [47, 128], [-161, -384]]
[[1, 0], [47, 128], [-241, -640]]
[[1, 0], [47, 128], [-57, -128]]
[[1, 0], [47, 128], [-61, -160]]
[[1, 0], [47, 128], [-83, -192]]
[[1, 0], [47, 128], [-99, -256]]
[[1, 0], [47, 160], [-149, -480]]
[[1, 0], [47, 160], [-193, -640]]
[[1, 0], [47, 320], [-97, -640]]
[[1, 0], [47, 640], [-49, -640]]
[[1, 0], [47, 64], [-109, -128]]
[[1, 0], [47, 64], [-317, -384]]
[[1, 0], [47, 64], [-349, -448]]
[[1, 0], [47, 64], [-391, -512]]
[[1, 0], [47, 64], [-481, -640]]
[[1, 0], [47, 80], [-259, -400]]
[[1, 0], [47, 80], [-69, -112]]
[[1, 0], [481, 640], [-483, -640]]
[[1, 0], [489, 640], [-491, -640]]
[[1, 0], [49, 120], [-179, -360]]
[[1, 0], [49, 128], [-167, -384]]
[[1, 0], [49, 128], [-251, -640]]
[[1, 0], [49, 128], [-59, -128]]
[[1, 0], [49, 160], [-201, -640]]
[[1, 0], [49, 160], [-53, -160]]
[[1, 0], [49, 192], [-113, -384]]
[[1, 0], [49, 192], [-67, -256]]
[[1, 0], [49, 256], [-103, -512]]
[[1, 0], [49, 320], [-101, -640]]
[[1, 0], [49, 384], [-59, -384]]
[[1, 0], [49, 480], [-53, -480]]
[[1, 0], [49, 640], [-51, -640]]
[[1, 0], [49, 64], [-113, -128]]
[[1, 0], [49, 64], [-329, -384]]
[[1, 0], [49, 64], [-363, -448]]
[[1, 0], [49, 64], [-407, -512]]
[[1, 0], [49, 64], [-501, -640]]
[[1, 0], [49, 80], [-269, -400]]
[[1, 0], [49, 80], [-401, -640]]
[[1, 0], [49, 80], [-57, -80]]
[[1, 0], [49, 80], [-81, -128]]
[[1, 0], [49, 96], [-221, -384]]
[[1, 0], [49, 96], [-257, -480]]
[[1, 0], [49, 96], [-77, -128]]
[[1, 0], [49, 96], [-87, -160]]
[[1, 0], [497, 640], [-499, -640]]
[[1, 0], [5, 128], [-31, -640]]
[[1, 0], [5, 128], [-35, -384]]
[[1, 0], [5, 16], [-195, -112]]
[[1, 0], [5, 16], [-215, -432]]
[[1, 0], [5, 16], [-215, -512]]
[[1, 0], [5, 16], [-223, -560]]
[[1, 0], [5, 16], [-229, -400]]
[[1, 0], [5, 16], [-241, -640]]
[[1, 0], [5, 16], [-245, -384]]
[[1, 0], [5, 16], [-275, -368]]
[[1, 0], [5, 16], [-33, -80]]
[[1, 0], [5, 16], [-45, -16]]
[[1, 0], [5, 16], [-545, -336]]
[[1, 0], [5, 16], [-85, -128]]
[[1, 0], [5, 16], [-95, -48]]
[[1, 0], [5, 256], [-15, -512]]
[[1, 0], [5, 32], [-107, -480]]
[[1, 0], [5, 32], [-121, -640]]
[[1, 0], [5, 32], [-125, -384]]
[[1, 0], [5, 32], [-175, -352]]
[[1, 0], [5, 32], [-25, -32]]
[[1, 0], [5, 32], [-37, -160]]
[[1, 0], [5, 32], [-45, -128]]
[[1, 0], [5, 64], [-25, -128]]
[[1, 0], [5, 64], [-55, -448]]
[[1, 0], [5, 64], [-55, -512]]
[[1, 0], [5, 64], [-61, -640]]
[[1, 0], [5, 64], [-65, -384]]
[[1, 0], [5, 8], [-165, -128]]
[[1, 0], [5, 8], [-1885, -328]]
[[1, 0], [5, 8], [-203, -120]]
[[1, 0], [5, 8], [-41, -40]]
[[1, 0], [5, 8], [-481, -640]]
[[1, 0], [5, 8], [-485, -384]]
[[1, 0], [5, 8], [-593, -360]]
[[1, 0], [5, 8], [-73, -40]]
[[1, 0], [5, 8], [-85, -8]]
[[1, 0], [51, 128], [-107, -256]]
[[1, 0], [51, 128], [-131, -320]]
[[1, 0], [51, 128], [-173, -384]]
[[1, 0], [51, 128], [-261, -640]]
[[1, 0], [51, 128], [-61, -128]]
[[1, 0], [51, 128], [-89, -192]]
[[1, 0], [51, 160], [-161, -480]]
[[1, 0], [51, 160], [-209, -640]]
[[1, 0], [51, 640], [-53, -640]]
[[1, 0], [51, 64], [-117, -128]]
[[1, 0], [51, 64], [-341, -384]]
[[1, 0], [51, 64], [-377, -448]]
[[1, 0], [51, 64], [-423, -512]]
[[1, 0], [51, 64], [-521, -640]]
[[1, 0], [51, 80], [-279, -400]]
[[1, 0], [51, 80], [-417, -640]]
[[1, 0], [521, 640], [-523, -640]]
[[1, 0], [529, 640], [-531, -640]]
[[1, 0], [53, 128], [-179, -384]]
[[1, 0], [53, 128], [-271, -640]]
[[1, 0], [53, 160], [-167, -480]]
[[1, 0], [53, 160], [-217, -640]]
[[1, 0], [53, 160], [-57, -160]]
[[1, 0], [53, 256], [-111, -512]]
[[1, 0], [53, 320], [-109, -640]]
[[1, 0], [53, 64], [-121, -128]]
[[1, 0], [53, 64], [-353, -384]]
[[1, 0], [53, 64], [-391, -448]]
[[1, 0], [53, 64], [-439, -512]]
[[1, 0], [53, 64], [-541, -640]]
[[1, 0], [53, 65], [-649, -325]]
[[1, 0], [53, 80], [-289, -400]]
[[1, 0], [53, 80], [-433, -640]]
[[1, 0], [53, 80], [-61, -80]]
[[1, 0], [537, 640], [-539, -640]]
[[1, 0], [541, 640], [-543, -640]]
[[1, 0], [55, 108], [-485, -324]]
[[1, 0], [55, 128], [-115, -256]]
[[1, 0], [55, 128], [-141, -320]]
[[1, 0], [55, 128], [-185, -384]]
[[1, 0], [55, 128], [-281, -640]]
[[1, 0], [55, 128], [-65, -128]]
[[1, 0], [55, 128], [-71, -160]]
[[1, 0], [55, 128], [-95, -192]]
[[1, 0], [55, 192], [-125, -384]]
[[1, 0], [55, 192], [-75, -256]]
[[1, 0], [55, 384], [-65, -384]]
[[1, 0], [55, 64], [-125, -128]]
[[1, 0], [55, 64], [-365, -384]]
[[1, 0], [55, 64], [-405, -448]]
[[1, 0], [55, 64], [-455, -512]]
[[1, 0], [55, 64], [-561, -640]]
[[1, 0], [55, 72], [-113, -120]]
[[1, 0], [55, 72], [-323, -360]]
[[1, 0], [55, 96], [-245, -384]]
[[1, 0], [55, 96], [-287, -480]]
[[1, 0], [55, 96], [-85, -128]]
[[1, 0], [55, 96], [-97, -160]]
[[1, 0], [561, 640], [-563, -640]]
[[1, 0], [569, 640], [-571, -640]]
[[1, 0], [57, 112], [-251, -336]]
[[1, 0], [57, 112], [-293, -560]]
[[1, 0], [57, 112], [-97, -112]]
[[1, 0], [57, 128], [-191, -384]]
[[1, 0], [57, 128], [-291, -640]]
[[1, 0], [57, 128], [-67, -128]]
[[1, 0], [57, 160], [-179, -480]]
[[1, 0], [57, 160], [-233, -640]]
[[1, 0], [57, 160], [-61, -160]]
[[1, 0], [57, 256], [-119, -512]]
[[1, 0], [57, 320], [-117, -640]]
[[1, 0], [57, 640], [-59, -640]]
[[1, 0], [57, 64], [-129, -128]]
[[1, 0], [57, 64], [-377, -384]]
[[1, 0], [57, 64], [-419, -448]]
[[1, 0], [57, 64], [-471, -512]]
[[1, 0], [57, 64], [-581, -640]]
[[1, 0], [57, 70], [-349, -350]]
[[1, 0], [57, 80], [-309, -400]]
[[1, 0], [57, 80], [-83, -112]]
[[1, 0], [59, 128], [-101, -192]]
[[1, 0], [59, 128], [-123, -256]]
[[1, 0], [59, 128], [-151, -320]]
[[1, 0], [59, 128], [-197, -384]]
[[1, 0], [59, 128], [-301, -640]]
[[1, 0], [59, 128], [-69, -128]]
[[1, 0], [59, 160], [-241, -640]]
[[1, 0], [59, 320], [-121, -640]]
[[1, 0], [59, 640], [-61, -640]]
[[1, 0], [59, 64], [-133, -128]]
[[1, 0], [59, 64], [-389, -384]]
[[1, 0], [59, 64], [-433, -448]]
[[1, 0], [59, 64], [-487, -512]]
[[1, 0], [59, 64], [-601, -640]]
[[1, 0], [59, 80], [-319, -400]]
[[1, 0], [59, 80], [-481, -640]]
[[1, 0], [59, 80], [-97, -128]]
[[1, 0], [6, 25], [-246, -65]]
[[1, 0], [6, 25], [-974, -325]]
[[1, 0], [601, 640], [-603, -640]]
[[1, 0], [609, 640], [-611, -640]]
[[1, 0], [61, 120], [-77, -120]]
[[1, 0], [61, 128], [-203, -384]]
[[1, 0], [61, 128], [-311, -640]]
[[1, 0], [61, 160], [-191, -480]]
[[1, 0], [61, 160], [-249, -640]]
[[1, 0], [61, 192], [-137, -384]]
[[1, 0], [61, 192], [-83, -256]]
[[1, 0], [61, 256], [-127, -512]]
[[1, 0], [61, 400], [-69, -400]]
[[1, 0], [61, 640], [-63, -640]]
[[1, 0], [61, 64], [-137, -128]]
[[1, 0], [61, 64], [-401, -384]]
[[1, 0], [61, 64], [-447, -448]]
[[1, 0], [61, 64], [-503, -512]]
[[1, 0], [61, 64], [-621, -640]]
[[1, 0], [61, 80], [-329, -400]]
[[1, 0], [61, 80], [-497, -640]]
[[1, 0], [61, 96], [-107, -160]]
[[1, 0], [61, 96], [-269, -384]]
[[1, 0], [61, 96], [-317, -480]]
[[1, 0], [61, 96], [-93, -128]]
[[1, 0], [617, 640], [-619, -640]]
[[1, 0], [63, 128], [-107, -192]]
[[1, 0], [63, 128], [-131, -256]]
[[1, 0], [63, 128], [-161, -320]]
[[1, 0], [63, 128], [-209, -384]]
[[1, 0], [63, 128], [-321, -640]]
[[1, 0], [63, 128], [-81, -160]]
[[1, 0], [63, 160], [-197, -480]]
[[1, 0], [63, 160], [-257, -640]]
[[1, 0], [63, 320], [-129, -640]]
[[1, 0], [63, 64], [-141, -128]]
[[1, 0], [63, 64], [-413, -384]]
[[1, 0], [63, 64], [-461, -448]]
[[1, 0], [63, 64], [-519, -512]]
[[1, 0], [63, 64], [-641, -640]]
[[1, 0], [63, 80], [-339, -400]]
[[1, 0], [63, 80], [-513, -640]]
[[1, 0], [639, 640], [-641, -640]]
[[1, 0], [65, 128], [-215, -384]]
[[1, 0], [65, 128], [-331, -640]]
[[1, 0], [65, 128], [-75, -128]]
[[1, 0], [65, 256], [-135, -512]]
[[1, 0], [66, 325], [-194, -325]]
[[1, 0], [67, 110], [-329, -330]]
[[1, 0], [67, 120], [-233, -360]]
[[1, 0], [67, 128], [-113, -192]]
[[1, 0], [67, 128], [-139, -256]]
[[1, 0], [67, 128], [-171, -320]]
[[1, 0], [67, 128], [-221, -384]]
[[1, 0], [67, 128], [-341, -640]]
[[1, 0], [67, 160], [-209, -480]]
[[1, 0], [67, 160], [-273, -640]]
[[1, 0], [67, 192], [-149, -384]]
[[1, 0], [67, 192], [-91, -256]]
[[1, 0], [67, 320], [-137, -640]]
[[1, 0], [67, 384], [-77, -384]]
[[1, 0], [67, 640], [-69, -640]]
[[1, 0], [67, 80], [-359, -400]]
[[1, 0], [67, 80], [-97, -112]]
[[1, 0], [67, 88], [-351, -440]]
[[1, 0], [67, 96], [-101, -128]]
[[1, 0], [67, 96], [-117, -160]]
[[1, 0], [67, 96], [-293, -384]]
[[1, 0], [67, 96], [-347, -480]]
[[1, 0], [69, 128], [-227, -384]]
[[1, 0], [69, 128], [-351, -640]]
[[1, 0], [69, 160], [-281, -640]]
[[1, 0], [69, 160], [-73, -160]]
[[1, 0], [69, 256], [-143, -512]]
[[1, 0], [69, 320], [-141, -640]]
[[1, 0], [69, 340], [-101, -340]]
[[1, 0], [69, 80], [-113, -128]]
[[1, 0], [69, 80], [-369, -400]]
[[1, 0], [69, 80], [-561, -640]]
[[1, 0], [69, 80], [-77, -80]]
[[1, 0], [7, 10], [-1319, -330]]
[[1, 0], [7, 10], [-149, -30]]
[[1, 0], [7, 10], [-429, -430]]
[[1, 0], [7, 10], [-461, -110]]
[[1, 0], [7, 10], [-513, -640]]
[[1, 0], [7, 10], [-629, -350]]
[[1, 0], [7, 10], [-99, -50]]
[[1, 0], [7, 120], [-53, -360]]
[[1, 0], [7, 128], [-11, -160]]
[[1, 0], [7, 128], [-17, -128]]
[[1, 0], [7, 128], [-19, -256]]
[[1, 0], [7, 128], [-21, -320]]
[[1, 0], [7, 128], [-23, -192]]
[[1, 0], [7, 128], [-41, -384]]
[[1, 0], [7, 128], [-41, -640]]
[[1, 0], [7, 12], [-133, -128]]
[[1, 0], [7, 12], [-2429, -324]]
[[1, 0], [7, 12], [-341, -36]]
[[1, 0], [7, 12], [-389, -384]]
[[1, 0], [7, 12], [-863, -108]]
[[1, 0], [7, 160], [-29, -480]]
[[1, 0], [7, 160], [-33, -640]]
[[1, 0], [7, 16], [-101, -128]]
[[1, 0], [7, 16], [-101, -48]]
[[1, 0], [7, 16], [-209, -112]]
[[1, 0], [7, 16], [-269, -432]]
[[1, 0], [7, 16], [-279, -400]]
[[1, 0], [7, 16], [-279, -512]]
[[1, 0], [7, 16], [-293, -384]]
[[1, 0], [7, 16], [-293, -560]]
[[1, 0], [7, 16], [-321, -368]]
[[1, 0], [7, 16], [-321, -640]]
[[1, 0], [7, 16], [-43, -80]]
[[1, 0], [7, 16], [-587, -336]]
[[1, 0], [7, 192], [-11, -256]]
[[1, 0], [7, 192], [-29, -384]]
[[1, 0], [7, 20], [-257, -640]]
[[1, 0], [7, 20], [-407, -340]]
[[1, 0], [7, 20], [-45, -92]]
[[1, 0], [7, 24], [-197, -384]]
[[1, 0], [7, 24], [-233, -360]]
[[1, 0], [7, 24], [-33, -40]]
[[1, 0], [7, 24], [-69, -128]]
[[1, 0], [7, 24], [-69, -200]]
[[1, 0], [7, 24], [-83, -120]]
[[1, 0], [7, 30], [-461, -330]]
[[1, 0], [7, 320], [-17, -640]]
[[1, 0], [7, 32], [-137, -480]]
[[1, 0], [7, 32], [-149, -384]]
[[1, 0], [7, 32], [-161, -640]]
[[1, 0], [7, 32], [-197, -352]]
[[1, 0], [7, 32], [-47, -160]]
[[1, 0], [7, 32], [-53, -128]]
[[1, 0], [7, 384], [-17, -384]]
[[1, 0], [7, 40], [-109, -440]]
[[1, 0], [7, 40], [-129, -640]]
[[1, 0], [7, 40], [-143, -360]]
[[1, 0], [7, 40], [-35, -72]]
[[1, 0], [7, 40], [-53, -120]]
[[1, 0], [7, 48], [-101, -384]]
[[1, 0], [7, 48], [-209, -336]]
[[1, 0], [7, 48], [-37, -128]]
[[1, 0], [7, 48], [-83, -112]]
[[1, 0], [7, 60], [-27, -140]]
[[1, 0], [7, 640], [-9, -640]]
[[1, 0], [7, 64], [-29, -128]]
[[1, 0], [7, 64], [-69, -448]]
[[1, 0], [7, 64], [-71, -512]]
[[1, 0], [7, 64], [-77, -384]]
[[1, 0], [7, 64], [-81, -640]]
[[1, 0], [7, 80], [-13, -112]]
[[1, 0], [7, 80], [-59, -400]]
[[1, 0], [7, 8], [-1967, -328]]
[[1, 0], [7, 8], [-197, -128]]
[[1, 0], [7, 8], [-233, -120]]
[[1, 0], [7, 8], [-51, -40]]
[[1, 0], [7, 8], [-581, -384]]
[[1, 0], [7, 8], [-641, -640]]
[[1, 0], [7, 8], [-683, -360]]
[[1, 0], [7, 8], [-83, -40]]
[[1, 0], [7, 96], [-17, -160]]
[[1, 0], [7, 96], [-21, -128]]
[[1, 0], [7, 96], [-47, -480]]
[[1, 0], [7, 96], [-53, -384]]
[[1, 0], [71, 112], [-293, -336]]
[[1, 0], [71, 112], [-363, -560]]
[[1, 0], [71, 128], [-119, -192]]
[[1, 0], [71, 128], [-147, -256]]
[[1, 0], [71, 128], [-181, -320]]
[[1, 0], [71, 128], [-233, -384]]
[[1, 0], [71, 128], [-361, -640]]
[[1, 0], [71, 128], [-91, -160]]
[[1, 0], [71, 160], [-221, -480]]
[[1, 0], [71, 160], [-289, -640]]
[[1, 0], [71, 640], [-73, -640]]
[[1, 0], [71, 80], [-379, -400]]
[[1, 0], [71, 80], [-577, -640]]
[[1, 0], [73, 120], [-251, -360]]
[[1, 0], [73, 120], [-89, -120]]
[[1, 0], [73, 128], [-239, -384]]
[[1, 0], [73, 128], [-371, -640]]
[[1, 0], [73, 128], [-83, -128]]
[[1, 0], [73, 160], [-227, -480]]
[[1, 0], [73, 160], [-297, -640]]
[[1, 0], [73, 160], [-77, -160]]
[[1, 0], [73, 192], [-161, -384]]
[[1, 0], [73, 192], [-99, -256]]
[[1, 0], [73, 256], [-151, -512]]
[[1, 0], [73, 320], [-149, -640]]
[[1, 0], [73, 360], [-89, -360]]
[[1, 0], [73, 384], [-83, -384]]
[[1, 0], [73, 480], [-77, -480]]
[[1, 0], [73, 80], [-389, -400]]
[[1, 0], [73, 80], [-593, -640]]
[[1, 0], [73, 80], [-81, -80]]
[[1, 0], [73, 96], [-109, -128]]
[[1, 0], [73, 96], [-127, -160]]
[[1, 0], [73, 96], [-317, -384]]
[[1, 0], [73, 96], [-377, -480]]
[[1, 0], [75, 128], [-125, -192]]
[[1, 0], [75, 128], [-155, -256]]
[[1, 0], [75, 128], [-191, -320]]
[[1, 0], [75, 128], [-245, -384]]
[[1, 0], [75, 128], [-381, -640]]
[[1, 0], [77, 128], [-251, -384]]
[[1, 0], [77, 128], [-391, -640]]
[[1, 0], [77, 160], [-239, -480]]
[[1, 0], [77, 160], [-313, -640]]
[[1, 0], [77, 160], [-81, -160]]
[[1, 0], [77, 256], [-159, -512]]
[[1, 0], [77, 320], [-157, -640]]
[[1, 0], [77, 80], [-111, -112]]
[[1, 0], [77, 80], [-409, -400]]
[[1, 0], [79, 120], [-269, -360]]
[[1, 0], [79, 128], [-101, -160]]
[[1, 0], [79, 128], [-131, -192]]
[[1, 0], [79, 128], [-163, -256]]
[[1, 0], [79, 128], [-201, -320]]
[[1, 0], [79, 128], [-257, -384]]
[[1, 0], [79, 128], [-401, -640]]
[[1, 0], [79, 160], [-321, -640]]
[[1, 0], [79, 192], [-107, -256]]
[[1, 0], [79, 192], [-173, -384]]
[[1, 0], [79, 320], [-161, -640]]
[[1, 0], [79, 384], [-89, -384]]
[[1, 0], [79, 640], [-81, -640]]
[[1, 0], [79, 80], [-129, -128]]
[[1, 0], [79, 80], [-419, -400]]
[[1, 0], [79, 80], [-641, -640]]
[[1, 0], [79, 96], [-117, -128]]
[[1, 0], [79, 96], [-137, -160]]
[[1, 0], [79, 96], [-341, -384]]
[[1, 0], [79, 96], [-407, -480]]
[[1, 0], [81, 128], [-263, -384]]
[[1, 0], [81, 128], [-411, -640]]
[[1, 0], [81, 128], [-91, -128]]
[[1, 0], [81, 160], [-251, -480]]
[[1, 0], [81, 160], [-329, -640]]
[[1, 0], [81, 256], [-167, -512]]
[[1, 0], [81, 400], [-89, -400]]
[[1, 0], [81, 640], [-83, -640]]
[[1, 0], [83, 128], [-137, -192]]
[[1, 0], [83, 128], [-171, -256]]
[[1, 0], [83, 128], [-211, -320]]
[[1, 0], [83, 128], [-269, -384]]
[[1, 0], [83, 128], [-421, -640]]
[[1, 0], [83, 160], [-257, -480]]
[[1, 0], [83, 160], [-337, -640]]
[[1, 0], [83, 320], [-169, -640]]
[[1, 0], [85, 112], [-125, -112]]
[[1, 0], [85, 112], [-335, -336]]
[[1, 0], [85, 112], [-433, -560]]
[[1, 0], [85, 128], [-275, -384]]
[[1, 0], [85, 128], [-431, -640]]
[[1, 0], [85, 192], [-115, -256]]
[[1, 0], [85, 192], [-185, -384]]
[[1, 0], [85, 256], [-175, -512]]
[[1, 0], [85, 336], [-125, -336]]
[[1, 0], [85, 96], [-125, -128]]
[[1, 0], [85, 96], [-147, -160]]
[[1, 0], [85, 96], [-365, -384]]
[[1, 0], [85, 96], [-437, -480]]
[[1, 0], [87, 128], [-111, -160]]
[[1, 0], [87, 128], [-143, -192]]
[[1, 0], [87, 128], [-179, -256]]
[[1, 0], [87, 128], [-221, -320]]
[[1, 0], [87, 128], [-281, -384]]
[[1, 0], [87, 128], [-441, -640]]
[[1, 0], [87, 160], [-269, -480]]
[[1, 0], [87, 160], [-353, -640]]
[[1, 0], [87, 320], [-177, -640]]
[[1, 0], [87, 640], [-89, -640]]
[[1, 0], [89, 110], [-153, -110]]
[[1, 0], [89, 128], [-287, -384]]
[[1, 0], [89, 128], [-451, -640]]
[[1, 0], [89, 128], [-99, -128]]
[[1, 0], [89, 160], [-361, -640]]
[[1, 0], [89, 160], [-93, -160]]
[[1, 0], [89, 256], [-183, -512]]
[[1, 0], [89, 320], [-181, -640]]
[[1, 0], [89, 352], [-109, -352]]
[[1, 0], [89, 640], [-91, -640]]
[[1, 0], [9, 10], [-109, -50]]
[[1, 0], [9, 10], [-129, -128]]
[[1, 0], [9, 10], [-181, -130]]
[[1, 0], [9, 10], [-483, -110]]
[[1, 0], [9, 10], [-641, -640]]
[[1, 0], [9, 10], [-699, -350]]
[[1, 0], [9, 10], [-73, -10]]
[[1, 0], [9, 128], [-19, -128]]
[[1, 0], [9, 128], [-47, -384]]
[[1, 0], [9, 128], [-51, -640]]
[[1, 0], [9, 160], [-13, -160]]
[[1, 0], [9, 160], [-41, -640]]
[[1, 0], [9, 16], [-107, -48]]
[[1, 0], [9, 16], [-117, -128]]
[[1, 0], [9, 16], [-223, -112]]
[[1, 0], [9, 16], [-323, -432]]
[[1, 0], [9, 16], [-329, -400]]
[[1, 0], [9, 16], [-341, -384]]
[[1, 0], [9, 16], [-343, -512]]
[[1, 0], [9, 16], [-363, -560]]
[[1, 0], [9, 16], [-367, -368]]
[[1, 0], [9, 16], [-401, -640]]
[[1, 0], [9, 16], [-49, -16]]
[[1, 0], [9, 16], [-53, -80]]
[[1, 0], [9, 16], [-629, -336]]
[[1, 0], [9, 20], [-101, -68]]
[[1, 0], [9, 20], [-321, -640]]
[[1, 0], [9, 20], [-41, -20]]
[[1, 0], [9, 20], [-441, -340]]
[[1, 0], [9, 20], [-65, -128]]
[[1, 0], [9, 256], [-23, -512]]
[[1, 0], [9, 320], [-21, -640]]
[[1, 0], [9, 32], [-167, -480]]
[[1, 0], [9, 32], [-173, -384]]
[[1, 0], [9, 32], [-201, -640]]
[[1, 0], [9, 32], [-219, -352]]
[[1, 0], [9, 32], [-29, -32]]
[[1, 0], [9, 32], [-57, -160]]
[[1, 0], [9, 32], [-61, -128]]
[[1, 0], [9, 40], [-131, -440]]
[[1, 0], [9, 40], [-161, -360]]
[[1, 0], [9, 40], [-161, -640]]
[[1, 0], [9, 40], [-33, -128]]
[[1, 0], [9, 40], [-59, -120]]
[[1, 0], [9, 640], [-11, -640]]
[[1, 0], [9, 64], [-101, -640]]
[[1, 0], [9, 64], [-33, -128]]
[[1, 0], [9, 64], [-83, -448]]
[[1, 0], [9, 64], [-87, -512]]
[[1, 0], [9, 64], [-89, -384]]
[[1, 0], [9, 80], [-17, -128]]
[[1, 0], [9, 80], [-17, -80]]
[[1, 0], [9, 80], [-69, -400]]
[[1, 0], [9, 80], [-81, -640]]
[[1, 0], [91, 128], [-149, -192]]
[[1, 0], [91, 128], [-187, -256]]
[[1, 0], [91, 128], [-231, -320]]
[[1, 0], [91, 128], [-293, -384]]
[[1, 0], [91, 128], [-461, -640]]
[[1, 0], [91, 160], [-281, -480]]
[[1, 0], [91, 160], [-369, -640]]
[[1, 0], [91, 192], [-123, -256]]
[[1, 0], [91, 192], [-197, -384]]
[[1, 0], [91, 384], [-101, -384]]
[[1, 0], [91, 640], [-93, -640]]
[[1, 0], [91, 96], [-133, -128]]
[[1, 0], [91, 96], [-157, -160]]
[[1, 0], [91, 96], [-389, -384]]
[[1, 0], [91, 96], [-467, -480]]
[[1, 0], [93, 128], [-299, -384]]
[[1, 0], [93, 128], [-471, -640]]
[[1, 0], [93, 160], [-287, -480]]
[[1, 0], [93, 160], [-377, -640]]
[[1, 0], [93, 160], [-97, -160]]
[[1, 0], [93, 256], [-191, -512]]
[[1, 0], [93, 320], [-189, -640]]
[[1, 0], [95, 128], [-121, -160]]
[[1, 0], [95, 128], [-155, -192]]
[[1, 0], [95, 128], [-195, -256]]
[[1, 0], [95, 128], [-241, -320]]
[[1, 0], [95, 128], [-305, -384]]
[[1, 0], [95, 128], [-481, -640]]
[[1, 0], [97, 120], [-113, -120]]
[[1, 0], [97, 120], [-323, -360]]
[[1, 0], [97, 128], [-107, -128]]
[[1, 0], [97, 128], [-311, -384]]
[[1, 0], [97, 128], [-491, -640]]
[[1, 0], [97, 160], [-101, -160]]
[[1, 0], [97, 160], [-299, -480]]
[[1, 0], [97, 160], [-393, -640]]
[[1, 0], [97, 192], [-131, -256]]
[[1, 0], [97, 192], [-209, -384]]
[[1, 0], [97, 256], [-199, -512]]
[[1, 0], [97, 320], [-197, -640]]
[[1, 0], [97, 384], [-107, -384]]
[[1, 0], [97, 480], [-101, -480]]
[[1, 0], [99, 112], [-377, -336]]
[[1, 0], [99, 112], [-503, -560]]
[[1, 0], [99, 128], [-161, -192]]
[[1, 0], [99, 128], [-203, -256]]
[[1, 0], [99, 128], [-251, -320]]
[[1, 0], [99, 128], [-317, -384]]
[[1, 0], [99, 128], [-501, -640]]
[[1, 0], [99, 160], [-401, -640]]
[[1, 0], [99, 320], [-201, -640]]
[[1, 0], [99, 640], [-101, -640]]
