[[1, 0], [0, 1], [-121, -54]]
[[1, 0], [0, 1], [-1215, -44]]
[[1, 0], [0, 1], [-154, -27]]
[[1, 0], [0, 1], [-162, -11]]
[[1, 0], [0, 1], [-1793, -162]]
[[1, 0], [0, 1], [-189, -55]]
[[1, 0], [0, 1], [-1936, -351]]
[[1, 0], [0, 1], [-2079, -13]]
[[1, 0], [0, 1], [-2079, -160]]
[[1, 0], [0, 1], [-2106, -77]]
[[1, 0], [0, 1], [-243, -44]]
[[1, 0], [0, 1], [-27, -22]]
[[1, 0], [0, 1], [-297, -1]]
[[1, 0], [0, 1], [-298, -297]]
[[1, 0], [0, 1], [-324, -11]]
[[1, 0], [0, 1], [-324, -275]]
[[1, 0], [0, 1], [-3267, -43]]
[[1, 0], [0, 1], [-3267, -76]]
[[1, 0], [0, 1], [-3564, -155]]
[[1, 0], [0, 1], [-3564, -23]]
[[1, 0], [0, 1], [-3575, -324]]
[[1, 0], [0, 1], [-4185, -154]]
[[1, 0], [0, 1], [-4320, -319]]
[[1, 0], [0, 1], [-44550, -149]]
[[1, 0], [0, 1], [-44550, -299]]
[[1, 0], [0, 1], [-459, -220]]
[[1, 0], [0, 1], [-594, -1]]
[[1, 0], [0, 1], [-594, -7]]
[[1, 0], [0, 1], [-594, -85]]
[[1, 0], [0, 1], [-595, -594]]
[[1, 0], [0, 1], [-621, -22]]
[[1, 0], [0, 1], [-81, -11]]
[[1, 0], [0, 1], [-8343, -308]]
[[1, 0], [0, 1], [-88803, -298]]
[[1, 0], [0, 1], [-891, -2]]
[[1, 0], [0, 1], [-891, -446]]
[[1, 0], [0, 1], [-902, -81]]
[[1, 0], [1, 108], [-29, -162]]
[[1, 0], [1, 108], [-4, -135]]
[[1, 0], [1, 108], [-47, -324]]
[[1, 0], [1, 10], [-19, -55]]
[[1, 0], [1, 117], [-25, -351]]
[[1, 0], [1, 11], [-109, -594]]
[[1, 0], [1, 11], [-122, -451]]
[[1, 0], [1, 11], [-139, -44]]
[[1, 0], [1, 11], [-169, -374]]
[[1, 0], [1, 11], [-223, -77]]
[[1, 0], [1, 11], [-247, -341]]
[[1, 0], [1, 11], [-28, -11]]
[[1, 0], [1, 11], [-31, -44]]
[[1, 0], [1, 11], [-34, -77]]
[[1, 0], [1, 11], [-419, -154]]
[[1, 0], [1, 11], [-434, -319]]
[[1, 0], [1, 11], [-811, -308]]
[[1, 0], [1, 11], [-83, -22]]
[[1, 0], [1, 12], [-1349, -150]]
[[1, 0], [1, 12], [-155, -78]]
[[1, 0], [1, 12], [-173, -162]]
[[1, 0], [1, 12], [-199, -12]]
[[1, 0], [1, 12], [-224, -15]]
[[1, 0], [1, 12], [-2599, -300]]
[[1, 0], [1, 12], [-31, -108]]
[[1, 0], [1, 12], [-335, -324]]
[[1, 0], [1, 12], [-349, -30]]
[[1, 0], [1, 12], [-599, -60]]
[[1, 0], [1, 12], [-724, -75]]
[[1, 0], [1, 12], [-92, -81]]
[[1, 0], [1, 135], [-14, -405]]
[[1, 0], [1, 13], [-181, -351]]
[[1, 0], [1, 13], [-19, -27]]
[[1, 0], [1, 13], [-298, -13]]
[[1, 0], [1, 13], [-3587, -299]]
[[1, 0], [1, 13], [-413, -23]]
[[1, 0], [1, 144], [-7, -216]]
[[1, 0], [1, 149], [-595, -149]]
[[1, 0], [1, 149], [-893, -298]]
[[1, 0], [1, 14], [-115, -44]]
[[1, 0], [1, 14], [-160, -161]]
[[1, 0], [1, 14], [-181, -77]]
[[1, 0], [1, 14], [-335, -154]]
[[1, 0], [1, 14], [-643, -308]]
[[1, 0], [1, 14], [-7, -44]]
[[1, 0], [1, 14], [-71, -22]]
[[1, 0], [1, 150], [-199, -150]]
[[1, 0], [1, 150], [-299, -300]]
[[1, 0], [1, 153], [-101, -306]]
[[1, 0], [1, 153], [-67, -153]]
[[1, 0], [1, 154], [-83, -308]]
[[1, 0], [1, 15], [-104, -405]]
[[1, 0], [1, 15], [-1099, -150]]
[[1, 0], [1, 15], [-119, -165]]
[[1, 0], [1, 15], [-124, -375]]
[[1, 0], [1, 15], [-199, -15]]
[[1, 0], [1, 15], [-2099, -300]]
[[1, 0], [1, 15], [-229, -330]]
[[1, 0], [1, 15], [-23, -81]]
[[1, 0], [1, 15], [-25, -78]]
[[1, 0], [1, 15], [-299, -30]]
[[1, 0], [1, 15], [-31, -33]]
[[1, 0], [1, 15], [-4, -27]]
[[1, 0], [1, 15], [-499, -60]]
[[1, 0], [1, 15], [-53, -66]]
[[1, 0], [1, 15], [-599, -75]]
[[1, 0], [1, 162], [-23, -162]]
[[1, 0], [1, 162], [-35, -324]]
[[1, 0], [1, 165], [-19, -165]]
[[1, 0], [1, 165], [-29, -330]]
[[1, 0], [1, 16], [-13, -54]]
[[1, 0], [1, 16], [-23, -44]]
[[1, 0], [1, 16], [-455, -152]]
[[1, 0], [1, 16], [-94, -19]]
[[1, 0], [1, 189], [-13, -378]]
[[1, 0], [1, 18], [-119, -162]]
[[1, 0], [1, 18], [-119, -360]]
[[1, 0], [1, 18], [-151, -342]]
[[1, 0], [1, 18], [-19, -45]]
[[1, 0], [1, 18], [-227, -324]]
[[1, 0], [1, 18], [-25, -99]]
[[1, 0], [1, 18], [-322, -153]]
[[1, 0], [1, 18], [-34, -297]]
[[1, 0], [1, 18], [-47, -198]]
[[1, 0], [1, 18], [-611, -306]]
[[1, 0], [1, 18], [-65, -81]]
[[1, 0], [1, 18], [-67, -18]]
[[1, 0], [1, 18], [-67, -594]]
[[1, 0], [1, 18], [-7, -27]]
[[1, 0], [1, 18], [-71, -486]]
[[1, 0], [1, 18], [-79, -432]]
[[1, 0], [1, 18], [-91, -396]]
[[1, 0], [1, 198], [-4, -297]]
[[1, 0], [1, 198], [-7, -198]]
[[1, 0], [1, 198], [-7, -594]]
[[1, 0], [1, 20], [-19, -110]]
[[1, 0], [1, 22], [-125, -77]]
[[1, 0], [1, 22], [-223, -154]]
[[1, 0], [1, 22], [-28, -297]]
[[1, 0], [1, 22], [-31, -88]]
[[1, 0], [1, 22], [-419, -308]]
[[1, 0], [1, 22], [-83, -44]]
[[1, 0], [1, 23], [-2092, -299]]
[[1, 0], [1, 23], [-298, -23]]
[[1, 0], [1, 24], [-155, -156]]
[[1, 0], [1, 24], [-31, -216]]
[[1, 0], [1, 25], [-49, -550]]
[[1, 0], [1, 27], [-13, -54]]
[[1, 0], [1, 27], [-14, -81]]
[[1, 0], [1, 27], [-155, -324]]
[[1, 0], [1, 27], [-23, -297]]
[[1, 0], [1, 27], [-47, -81]]
[[1, 0], [1, 27], [-50, -459]]
[[1, 0], [1, 27], [-59, -405]]
[[1, 0], [1, 27], [-83, -162]]
[[1, 0], [1, 28], [-104, -77]]
[[1, 0], [1, 28], [-181, -154]]
[[1, 0], [1, 28], [-335, -308]]
[[1, 0], [1, 28], [-7, -88]]
[[1, 0], [1, 28], [-71, -44]]
[[1, 0], [1, 297], [-5, -594]]
[[1, 0], [1, 298], [-595, -298]]
[[1, 0], [1, 299], [-298, -299]]
[[1, 0], [1, 29], [-173, -319]]
[[1, 0], [1, 2], [-1105, -77]]
[[1, 0], [1, 2], [-160, -23]]
[[1, 0], [1, 2], [-175, -108]]
[[1, 0], [1, 2], [-181, -11]]
[[1, 0], [1, 2], [-19, -11]]
[[1, 0], [1, 2], [-1955, -324]]
[[1, 0], [1, 2], [-2183, -154]]
[[1, 0], [1, 2], [-2239, -320]]
[[1, 0], [1, 2], [-22498, -149]]
[[1, 0], [1, 2], [-287, -88]]
[[1, 0], [1, 2], [-298, -297]]
[[1, 0], [1, 2], [-314, -243]]
[[1, 0], [1, 2], [-3343, -152]]
[[1, 0], [1, 2], [-335, -22]]
[[1, 0], [1, 2], [-3719, -310]]
[[1, 0], [1, 2], [-4339, -308]]
[[1, 0], [1, 2], [-44699, -298]]
[[1, 0], [1, 2], [-455, -19]]
[[1, 0], [1, 2], [-458, -187]]
[[1, 0], [1, 2], [-497, -81]]
[[1, 0], [1, 2], [-595, -2]]
[[1, 0], [1, 2], [-595, -594]]
[[1, 0], [1, 2], [-599, -550]]
[[1, 0], [1, 2], [-643, -44]]
[[1, 0], [1, 2], [-679, -170]]
[[1, 0], [1, 2], [-679, -440]]
[[1, 0], [1, 2], [-983, -162]]
[[1, 0], [1, 300], [-199, -300]]
[[1, 0], [1, 303], [-100, -303]]
[[1, 0], [1, 306], [-67, -306]]
[[1, 0], [1, 30], [-1099, -300]]
[[1, 0], [1, 30], [-119, -330]]
[[1, 0], [1, 30], [-199, -30]]
[[1, 0], [1, 30], [-20, -33]]
[[1, 0], [1, 30], [-299, -60]]
[[1, 0], [1, 30], [-31, -66]]
[[1, 0], [1, 30], [-349, -75]]
[[1, 0], [1, 30], [-599, -150]]
[[1, 0], [1, 30], [-64, -165]]
[[1, 0], [1, 315], [-34, -315]]
[[1, 0], [1, 319], [-28, -319]]
[[1, 0], [1, 31], [-92, -341]]
[[1, 0], [1, 324], [-23, -324]]
[[1, 0], [1, 32], [-23, -88]]
[[1, 0], [1, 330], [-19, -330]]
[[1, 0], [1, 33], [-109, -330]]
[[1, 0], [1, 33], [-19, -297]]
[[1, 0], [1, 33], [-19, -33]]
[[1, 0], [1, 33], [-29, -66]]
[[1, 0], [1, 33], [-37, -594]]
[[1, 0], [1, 33], [-41, -462]]
[[1, 0], [1, 33], [-59, -165]]
[[1, 0], [1, 33], [-65, -363]]
[[1, 0], [1, 35], [-13, -77]]
[[1, 0], [1, 363], [-10, -363]]
[[1, 0], [1, 36], [-119, -324]]
[[1, 0], [1, 36], [-14, -99]]
[[1, 0], [1, 36], [-19, -90]]
[[1, 0], [1, 36], [-25, -198]]
[[1, 0], [1, 36], [-38, -81]]
[[1, 0], [1, 36], [-47, -396]]
[[1, 0], [1, 36], [-5, -81]]
[[1, 0], [1, 36], [-65, -162]]
[[1, 0], [1, 36], [-7, -54]]
[[1, 0], [1, 396], [-7, -396]]
[[1, 0], [1, 39], [-103, -156]]
[[1, 0], [1, 39], [-38, -429]]
[[1, 0], [1, 39], [-64, -351]]
[[1, 0], [1, 3], [-100, -3]]
[[1, 0], [1, 3], [-10099, -300]]
[[1, 0], [1, 3], [-103, -12]]
[[1, 0], [1, 3], [-104, -81]]
[[1, 0], [1, 3], [-1099, -30]]
[[1, 0], [1, 3], [-1109, -330]]
[[1, 0], [1, 3], [-119, -33]]
[[1, 0], [1, 3], [-1198, -327]]
[[1, 0], [1, 3], [-124, -75]]
[[1, 0], [1, 3], [-1307, -324]]
[[1, 0], [1, 3], [-199, -297]]
[[1, 0], [1, 3], [-199, -3]]
[[1, 0], [1, 3], [-2099, -60]]
[[1, 0], [1, 3], [-2183, -312]]
[[1, 0], [1, 3], [-229, -66]]
[[1, 0], [1, 3], [-2599, -75]]
[[1, 0], [1, 3], [-2677, -309]]
[[1, 0], [1, 3], [-299, -6]]
[[1, 0], [1, 3], [-31, -27]]
[[1, 0], [1, 3], [-335, -81]]
[[1, 0], [1, 3], [-38, -33]]
[[1, 0], [1, 3], [-397, -594]]
[[1, 0], [1, 3], [-398, -567]]
[[1, 0], [1, 3], [-433, -462]]
[[1, 0], [1, 3], [-446, -447]]
[[1, 0], [1, 3], [-463, -432]]
[[1, 0], [1, 3], [-467, -429]]
[[1, 0], [1, 3], [-499, -12]]
[[1, 0], [1, 3], [-509, -405]]
[[1, 0], [1, 3], [-5099, -150]]
[[1, 0], [1, 3], [-5150, -303]]
[[1, 0], [1, 3], [-559, -165]]
[[1, 0], [1, 3], [-599, -15]]
[[1, 0], [1, 3], [-619, -372]]
[[1, 0], [1, 3], [-64, -27]]
[[1, 0], [1, 3], [-659, -162]]
[[1, 0], [1, 3], [-670, -363]]
[[1, 0], [1, 3], [-713, -357]]
[[1, 0], [1, 3], [-766, -351]]
[[1, 0], [1, 40], [-19, -220]]
[[1, 0], [1, 43], [-601, -301]]
[[1, 0], [1, 44], [-125, -154]]
[[1, 0], [1, 44], [-223, -308]]
[[1, 0], [1, 44], [-31, -176]]
[[1, 0], [1, 44], [-76, -77]]
[[1, 0], [1, 45], [-139, -315]]
[[1, 0], [1, 45], [-29, -495]]
[[1, 0], [1, 45], [-34, -45]]
[[1, 0], [1, 45], [-41, -63]]
[[1, 0], [1, 45], [-7, -99]]
[[1, 0], [1, 48], [-31, -432]]
[[1, 0], [1, 495], [-4, -495]]
[[1, 0], [1, 4], [-104, -11]]
[[1, 0], [1, 4], [-1105, -154]]
[[1, 0], [1, 4], [-175, -216]]
[[1, 0], [1, 4], [-181, -22]]
[[1, 0], [1, 4], [-19, -22]]
[[1, 0], [1, 4], [-2183, -308]]
[[1, 0], [1, 4], [-23, -11]]
[[1, 0], [1, 4], [-254, -81]]
[[1, 0], [1, 4], [-287, -176]]
[[1, 0], [1, 4], [-3343, -304]]
[[1, 0], [1, 4], [-335, -44]]
[[1, 0], [1, 4], [-455, -38]]
[[1, 0], [1, 4], [-497, -162]]
[[1, 0], [1, 4], [-566, -77]]
[[1, 0], [1, 4], [-679, -340]]
[[1, 0], [1, 4], [-85, -43]]
[[1, 0], [1, 4], [-983, -324]]
[[1, 0], [1, 54], [-20, -189]]
[[1, 0], [1, 54], [-23, -594]]
[[1, 0], [1, 54], [-29, -81]]
[[1, 0], [1, 54], [-47, -162]]
[[1, 0], [1, 54], [-83, -324]]
[[1, 0], [1, 55], [-34, -385]]
[[1, 0], [1, 55], [-7, -88]]
[[1, 0], [1, 5], [-13, -11]]
[[1, 0], [1, 5], [-191, -64]]
[[1, 0], [1, 5], [-49, -110]]
[[1, 0], [1, 60], [-199, -60]]
[[1, 0], [1, 60], [-224, -75]]
[[1, 0], [1, 60], [-349, -150]]
[[1, 0], [1, 60], [-599, -300]]
[[1, 0], [1, 63], [-104, -315]]
[[1, 0], [1, 63], [-20, -567]]
[[1, 0], [1, 63], [-34, -63]]
[[1, 0], [1, 66], [-10, -297]]
[[1, 0], [1, 66], [-19, -594]]
[[1, 0], [1, 66], [-19, -66]]
[[1, 0], [1, 66], [-34, -165]]
[[1, 0], [1, 66], [-59, -330]]
[[1, 0], [1, 6], [-100, -297]]
[[1, 0], [1, 6], [-103, -24]]
[[1, 0], [1, 6], [-1099, -60]]
[[1, 0], [1, 6], [-119, -66]]
[[1, 0], [1, 6], [-1349, -75]]
[[1, 0], [1, 6], [-155, -39]]
[[1, 0], [1, 6], [-173, -81]]
[[1, 0], [1, 6], [-199, -594]]
[[1, 0], [1, 6], [-199, -6]]
[[1, 0], [1, 6], [-2599, -150]]
[[1, 0], [1, 6], [-284, -165]]
[[1, 0], [1, 6], [-299, -12]]
[[1, 0], [1, 6], [-31, -54]]
[[1, 0], [1, 6], [-335, -162]]
[[1, 0], [1, 6], [-349, -15]]
[[1, 0], [1, 6], [-5099, -300]]
[[1, 0], [1, 6], [-559, -330]]
[[1, 0], [1, 6], [-599, -30]]
[[1, 0], [1, 6], [-64, -33]]
[[1, 0], [1, 6], [-659, -324]]
[[1, 0], [1, 72], [-19, -180]]
[[1, 0], [1, 72], [-5, -162]]
[[1, 0], [1, 72], [-7, -108]]
[[1, 0], [1, 75], [-199, -75]]
[[1, 0], [1, 75], [-299, -150]]
[[1, 0], [1, 75], [-4, -135]]
[[1, 0], [1, 75], [-499, -300]]
[[1, 0], [1, 77], [-139, -308]]
[[1, 0], [1, 77], [-83, -154]]
[[1, 0], [1, 78], [-103, -312]]
[[1, 0], [1, 7], [-115, -22]]
[[1, 0], [1, 7], [-1259, -308]]
[[1, 0], [1, 7], [-203, -44]]
[[1, 0], [1, 7], [-244, -385]]
[[1, 0], [1, 7], [-3310, -301]]
[[1, 0], [1, 7], [-335, -77]]
[[1, 0], [1, 7], [-643, -154]]
[[1, 0], [1, 7], [-7, -22]]
[[1, 0], [1, 7], [-71, -11]]
[[1, 0], [1, 81], [-17, -486]]
[[1, 0], [1, 81], [-23, -81]]
[[1, 0], [1, 81], [-35, -162]]
[[1, 0], [1, 81], [-59, -324]]
[[1, 0], [1, 88], [-31, -352]]
[[1, 0], [1, 8], [-13, -27]]
[[1, 0], [1, 8], [-175, -432]]
[[1, 0], [1, 8], [-19, -44]]
[[1, 0], [1, 8], [-23, -22]]
[[1, 0], [1, 8], [-287, -352]]
[[1, 0], [1, 8], [-455, -76]]
[[1, 0], [1, 8], [-85, -86]]
[[1, 0], [1, 99], [-13, -594]]
[[1, 0], [1, 99], [-14, -495]]
[[1, 0], [1, 99], [-19, -396]]
[[1, 0], [1, 99], [-4, -99]]
[[1, 0], [1, 99], [-7, -297]]
[[1, 0], [1, 99], [-7, -99]]
[[1, 0], [1, 9], [-101, -18]]
[[1, 0], [1, 9], [-104, -45]]
[[1, 0], [1, 9], [-1189, -306]]
[[1, 0], [1, 9], [-119, -180]]
[[1, 0], [1, 9], [-119, -81]]
[[1, 0], [1, 9], [-133, -594]]
[[1, 0], [1, 9], [-139, -495]]
[[1, 0], [1, 9], [-139, -63]]
[[1, 0], [1, 9], [-149, -450]]
[[1, 0], [1, 9], [-151, -171]]
[[1, 0], [1, 9], [-179, -396]]
[[1, 0], [1, 9], [-20, -81]]
[[1, 0], [1, 9], [-227, -162]]
[[1, 0], [1, 9], [-25, -27]]
[[1, 0], [1, 9], [-259, -351]]
[[1, 0], [1, 9], [-29, -99]]
[[1, 0], [1, 9], [-34, -9]]
[[1, 0], [1, 9], [-443, -324]]
[[1, 0], [1, 9], [-47, -99]]
[[1, 0], [1, 9], [-611, -153]]
[[1, 0], [1, 9], [-629, -315]]
[[1, 0], [1, 9], [-67, -297]]
[[1, 0], [1, 9], [-67, -9]]
[[1, 0], [1, 9], [-71, -243]]
[[1, 0], [1, 9], [-79, -216]]
[[1, 0], [1, 9], [-91, -198]]
[[1, 0], [10, 11], [-101, -22]]
[[1, 0], [10, 11], [-1063, -308]]
[[1, 0], [10, 11], [-175, -44]]
[[1, 0], [10, 11], [-28, -27]]
[[1, 0], [10, 11], [-298, -297]]
[[1, 0], [10, 11], [-475, -374]]
[[1, 0], [10, 11], [-491, -451]]
[[1, 0], [10, 11], [-526, -341]]
[[1, 0], [10, 11], [-545, -154]]
[[1, 0], [10, 11], [-55, -54]]
[[1, 0], [10, 11], [-595, -594]]
[[1, 0], [10, 11], [-64, -11]]
[[1, 0], [10, 11], [-67, -44]]
[[1, 0], [10, 11], [-695, -319]]
[[1, 0], [10, 11], [-97, -77]]
[[1, 0], [10, 27], [-122, -297]]
[[1, 0], [10, 27], [-137, -162]]
[[1, 0], [10, 27], [-194, -405]]
[[1, 0], [10, 27], [-203, -459]]
[[1, 0], [10, 27], [-263, -324]]
[[1, 0], [10, 27], [-31, -54]]
[[1, 0], [10, 27], [-41, -81]]
[[1, 0], [10, 27], [-74, -81]]
[[1, 0], [10, 297], [-23, -594]]
[[1, 0], [10, 33], [-100, -297]]
[[1, 0], [10, 33], [-104, -165]]
[[1, 0], [10, 33], [-164, -363]]
[[1, 0], [10, 33], [-167, -462]]
[[1, 0], [10, 33], [-19, -33]]
[[1, 0], [10, 33], [-19, -54]]
[[1, 0], [10, 33], [-199, -330]]
[[1, 0], [10, 33], [-199, -594]]
[[1, 0], [10, 33], [-47, -66]]
[[1, 0], [10, 81], [-32, -81]]
[[1, 0], [10, 81], [-53, -162]]
[[1, 0], [10, 81], [-71, -486]]
[[1, 0], [10, 81], [-95, -324]]
[[1, 0], [10, 99], [-13, -99]]
[[1, 0], [10, 99], [-16, -99]]
[[1, 0], [10, 99], [-29, -198]]
[[1, 0], [10, 99], [-34, -297]]
[[1, 0], [10, 99], [-59, -495]]
[[1, 0], [10, 99], [-67, -594]]
[[1, 0], [100, 297], [-203, -594]]
[[1, 0], [100, 363], [-109, -363]]
[[1, 0], [101, 108], [-179, -162]]
[[1, 0], [101, 108], [-347, -324]]
[[1, 0], [101, 108], [-415, -432]]
[[1, 0], [101, 135], [-314, -405]]
[[1, 0], [101, 150], [-499, -300]]
[[1, 0], [101, 165], [-229, -330]]
[[1, 0], [101, 198], [-211, -396]]
[[1, 0], [101, 198], [-307, -594]]
[[1, 0], [101, 297], [-205, -594]]
[[1, 0], [101, 330], [-119, -330]]
[[1, 0], [101, 396], [-107, -396]]
[[1, 0], [101, 495], [-104, -495]]
[[1, 0], [103, 153], [-169, -153]]
[[1, 0], [103, 153], [-305, -306]]
[[1, 0], [103, 162], [-239, -324]]
[[1, 0], [103, 198], [-109, -198]]
[[1, 0], [103, 198], [-157, -297]]
[[1, 0], [103, 198], [-215, -396]]
[[1, 0], [103, 198], [-313, -594]]
[[1, 0], [103, 306], [-169, -306]]
[[1, 0], [104, 297], [-211, -594]]
[[1, 0], [106, 135], [-329, -405]]
[[1, 0], [106, 165], [-239, -330]]
[[1, 0], [106, 189], [-223, -378]]
[[1, 0], [106, 297], [-215, -594]]
[[1, 0], [106, 315], [-139, -315]]
[[1, 0], [106, 495], [-109, -495]]
[[1, 0], [106, 891], [-107, -891]]
[[1, 0], [107, 198], [-163, -297]]
[[1, 0], [107, 198], [-223, -396]]
[[1, 0], [107, 198], [-325, -594]]
[[1, 0], [107, 297], [-217, -594]]
[[1, 0], [109, 162], [-251, -324]]
[[1, 0], [109, 198], [-166, -297]]
[[1, 0], [109, 198], [-227, -396]]
[[1, 0], [109, 198], [-331, -594]]
[[1, 0], [109, 297], [-221, -594]]
[[1, 0], [109, 324], [-131, -324]]
[[1, 0], [109, 396], [-115, -396]]
[[1, 0], [11, 135], [-44, -405]]
[[1, 0], [11, 15], [-1199, -150]]
[[1, 0], [11, 15], [-22, -27]]
[[1, 0], [11, 15], [-229, -165]]
[[1, 0], [11, 15], [-2299, -300]]
[[1, 0], [11, 15], [-319, -30]]
[[1, 0], [11, 15], [-374, -375]]
[[1, 0], [11, 15], [-374, -405]]
[[1, 0], [11, 15], [-449, -330]]
[[1, 0], [11, 15], [-53, -33]]
[[1, 0], [11, 15], [-539, -60]]
[[1, 0], [11, 15], [-649, -75]]
[[1, 0], [11, 15], [-77, -78]]
[[1, 0], [11, 15], [-77, -81]]
[[1, 0], [11, 15], [-97, -66]]
[[1, 0], [11, 18], [-110, -81]]
[[1, 0], [11, 18], [-157, -198]]
[[1, 0], [11, 18], [-199, -297]]
[[1, 0], [11, 18], [-209, -162]]
[[1, 0], [11, 18], [-22, -27]]
[[1, 0], [11, 18], [-311, -396]]
[[1, 0], [11, 18], [-319, -360]]
[[1, 0], [11, 18], [-319, -432]]
[[1, 0], [11, 18], [-341, -342]]
[[1, 0], [11, 18], [-341, -486]]
[[1, 0], [11, 18], [-397, -594]]
[[1, 0], [11, 18], [-407, -153]]
[[1, 0], [11, 18], [-407, -324]]
[[1, 0], [11, 18], [-44, -45]]
[[1, 0], [11, 18], [-77, -18]]
[[1, 0], [11, 18], [-781, -306]]
[[1, 0], [11, 18], [-80, -99]]
[[1, 0], [11, 27], [-133, -297]]
[[1, 0], [11, 27], [-143, -162]]
[[1, 0], [11, 27], [-209, -378]]
[[1, 0], [11, 27], [-209, -405]]
[[1, 0], [11, 27], [-22, -27]]
[[1, 0], [11, 27], [-220, -351]]
[[1, 0], [11, 27], [-220, -459]]
[[1, 0], [11, 27], [-265, -594]]
[[1, 0], [11, 27], [-275, -324]]
[[1, 0], [11, 27], [-44, -81]]
[[1, 0], [11, 27], [-55, -108]]
[[1, 0], [11, 27], [-55, -54]]
[[1, 0], [11, 27], [-77, -117]]
[[1, 0], [11, 27], [-77, -162]]
[[1, 0], [11, 27], [-77, -81]]
[[1, 0], [11, 27], [-89, -198]]
[[1, 0], [11, 30], [-119, -165]]
[[1, 0], [11, 30], [-1199, -300]]
[[1, 0], [11, 30], [-229, -330]]
[[1, 0], [11, 30], [-31, -33]]
[[1, 0], [11, 30], [-319, -60]]
[[1, 0], [11, 30], [-374, -75]]
[[1, 0], [11, 30], [-53, -66]]
[[1, 0], [11, 30], [-649, -150]]
[[1, 0], [11, 45], [-139, -495]]
[[1, 0], [11, 45], [-209, -315]]
[[1, 0], [11, 45], [-29, -99]]
[[1, 0], [11, 45], [-55, -63]]
[[1, 0], [11, 54], [-133, -594]]
[[1, 0], [11, 54], [-143, -324]]
[[1, 0], [11, 54], [-23, -99]]
[[1, 0], [11, 54], [-44, -81]]
[[1, 0], [11, 54], [-55, -108]]
[[1, 0], [11, 54], [-55, -189]]
[[1, 0], [11, 54], [-55, -216]]
[[1, 0], [11, 54], [-67, -297]]
[[1, 0], [11, 54], [-77, -162]]
[[1, 0], [112, 297], [-227, -594]]
[[1, 0], [113, 144], [-175, -216]]
[[1, 0], [113, 154], [-167, -154]]
[[1, 0], [113, 154], [-307, -308]]
[[1, 0], [113, 198], [-172, -297]]
[[1, 0], [113, 198], [-235, -396]]
[[1, 0], [113, 198], [-343, -594]]
[[1, 0], [113, 297], [-229, -594]]
[[1, 0], [113, 308], [-167, -308]]
[[1, 0], [113, 396], [-119, -396]]
[[1, 0], [115, 162], [-137, -162]]
[[1, 0], [115, 162], [-263, -324]]
[[1, 0], [115, 198], [-175, -297]]
[[1, 0], [115, 198], [-239, -396]]
[[1, 0], [115, 198], [-349, -594]]
[[1, 0], [115, 297], [-233, -594]]
[[1, 0], [116, 135], [-359, -405]]
[[1, 0], [116, 165], [-259, -330]]
[[1, 0], [116, 297], [-235, -594]]
[[1, 0], [117, 319], [-144, -319]]
[[1, 0], [118, 297], [-239, -594]]
[[1, 0], [119, 198], [-181, -297]]
[[1, 0], [119, 198], [-247, -396]]
[[1, 0], [119, 198], [-361, -594]]
[[1, 0], [119, 297], [-241, -594]]
[[1, 0], [121, 135], [-374, -405]]
[[1, 0], [121, 162], [-275, -324]]
[[1, 0], [121, 324], [-143, -324]]
[[1, 0], [122, 297], [-124, -297]]
[[1, 0], [122, 297], [-247, -594]]
[[1, 0], [124, 297], [-251, -594]]
[[1, 0], [124, 891], [-125, -891]]
[[1, 0], [125, 198], [-190, -297]]
[[1, 0], [125, 198], [-259, -396]]
[[1, 0], [125, 198], [-379, -594]]
[[1, 0], [125, 396], [-131, -396]]
[[1, 0], [127, 154], [-181, -154]]
[[1, 0], [127, 154], [-335, -308]]
[[1, 0], [127, 162], [-287, -324]]
[[1, 0], [127, 189], [-265, -378]]
[[1, 0], [127, 198], [-193, -297]]
[[1, 0], [127, 198], [-263, -396]]
[[1, 0], [127, 297], [-257, -594]]
[[1, 0], [128, 297], [-259, -594]]
[[1, 0], [13, 108], [-19, -135]]
[[1, 0], [13, 108], [-47, -162]]
[[1, 0], [13, 108], [-83, -324]]
[[1, 0], [13, 162], [-35, -162]]
[[1, 0], [13, 162], [-59, -324]]
[[1, 0], [13, 18], [-119, -81]]
[[1, 0], [13, 18], [-179, -198]]
[[1, 0], [13, 18], [-227, -162]]
[[1, 0], [13, 18], [-232, -297]]
[[1, 0], [13, 18], [-25, -27]]
[[1, 0], [13, 18], [-355, -396]]
[[1, 0], [13, 18], [-359, -360]]
[[1, 0], [13, 18], [-367, -432]]
[[1, 0], [13, 18], [-379, -342]]
[[1, 0], [13, 18], [-395, -486]]
[[1, 0], [13, 18], [-424, -153]]
[[1, 0], [13, 18], [-443, -324]]
[[1, 0], [13, 18], [-463, -594]]
[[1, 0], [13, 18], [-49, -45]]
[[1, 0], [13, 18], [-815, -306]]
[[1, 0], [13, 18], [-91, -99]]
[[1, 0], [13, 198], [-19, -198]]
[[1, 0], [13, 198], [-35, -396]]
[[1, 0], [13, 198], [-43, -594]]
[[1, 0], [13, 22], [-107, -44]]
[[1, 0], [13, 22], [-167, -77]]
[[1, 0], [13, 22], [-190, -297]]
[[1, 0], [13, 22], [-307, -154]]
[[1, 0], [13, 22], [-379, -594]]
[[1, 0], [13, 22], [-587, -308]]
[[1, 0], [13, 22], [-79, -88]]
[[1, 0], [13, 27], [-155, -162]]
[[1, 0], [13, 27], [-155, -297]]
[[1, 0], [13, 27], [-239, -405]]
[[1, 0], [13, 27], [-254, -459]]
[[1, 0], [13, 27], [-299, -324]]
[[1, 0], [13, 27], [-37, -54]]
[[1, 0], [13, 27], [-50, -81]]
[[1, 0], [13, 27], [-83, -81]]
[[1, 0], [13, 297], [-29, -594]]
[[1, 0], [13, 324], [-35, -324]]
[[1, 0], [13, 33], [-119, -165]]
[[1, 0], [13, 33], [-127, -297]]
[[1, 0], [13, 33], [-197, -363]]
[[1, 0], [13, 33], [-229, -330]]
[[1, 0], [13, 33], [-53, -66]]
[[1, 0], [13, 36], [-119, -162]]
[[1, 0], [13, 36], [-179, -396]]
[[1, 0], [13, 36], [-227, -324]]
[[1, 0], [13, 36], [-25, -54]]
[[1, 0], [13, 36], [-32, -81]]
[[1, 0], [13, 36], [-47, -99]]
[[1, 0], [13, 36], [-49, -90]]
[[1, 0], [13, 36], [-65, -81]]
[[1, 0], [13, 36], [-91, -198]]
[[1, 0], [13, 396], [-19, -396]]
[[1, 0], [13, 44], [-167, -154]]
[[1, 0], [13, 44], [-307, -308]]
[[1, 0], [13, 44], [-79, -176]]
[[1, 0], [13, 44], [-97, -77]]
[[1, 0], [13, 54], [-155, -324]]
[[1, 0], [13, 54], [-155, -594]]
[[1, 0], [13, 54], [-47, -81]]
[[1, 0], [13, 54], [-62, -189]]
[[1, 0], [13, 54], [-83, -162]]
[[1, 0], [13, 66], [-119, -330]]
[[1, 0], [13, 66], [-127, -594]]
[[1, 0], [13, 66], [-31, -66]]
[[1, 0], [13, 66], [-64, -165]]
[[1, 0], [13, 66], [-64, -297]]
[[1, 0], [13, 81], [-107, -324]]
[[1, 0], [13, 81], [-29, -135]]
[[1, 0], [13, 81], [-34, -189]]
[[1, 0], [13, 81], [-35, -81]]
[[1, 0], [13, 81], [-43, -108]]
[[1, 0], [13, 81], [-59, -162]]
[[1, 0], [13, 81], [-89, -486]]
[[1, 0], [13, 99], [-16, -99]]
[[1, 0], [13, 99], [-19, -99]]
[[1, 0], [13, 99], [-35, -198]]
[[1, 0], [13, 99], [-43, -297]]
[[1, 0], [13, 99], [-67, -396]]
[[1, 0], [13, 99], [-74, -495]]
[[1, 0], [13, 99], [-85, -594]]
[[1, 0], [130, 297], [-263, -594]]
[[1, 0], [131, 135], [-404, -405]]
[[1, 0], [131, 165], [-289, -330]]
[[1, 0], [131, 198], [-199, -297]]
[[1, 0], [131, 198], [-271, -396]]
[[1, 0], [131, 198], [-397, -594]]
[[1, 0], [131, 297], [-265, -594]]
[[1, 0], [131, 495], [-134, -495]]
[[1, 0], [133, 162], [-155, -162]]
[[1, 0], [133, 162], [-299, -324]]
[[1, 0], [133, 198], [-202, -297]]
[[1, 0], [133, 198], [-403, -594]]
[[1, 0], [133, 297], [-269, -594]]
[[1, 0], [133, 363], [-142, -363]]
[[1, 0], [133, 396], [-139, -396]]
[[1, 0], [134, 297], [-271, -594]]
[[1, 0], [136, 165], [-299, -330]]
[[1, 0], [136, 495], [-139, -495]]
[[1, 0], [137, 153], [-373, -306]]
[[1, 0], [137, 198], [-208, -297]]
[[1, 0], [137, 198], [-283, -396]]
[[1, 0], [137, 198], [-415, -594]]
[[1, 0], [137, 297], [-277, -594]]
[[1, 0], [139, 162], [-311, -324]]
[[1, 0], [139, 198], [-145, -198]]
[[1, 0], [139, 198], [-211, -297]]
[[1, 0], [139, 198], [-287, -396]]
[[1, 0], [139, 198], [-421, -594]]
[[1, 0], [139, 297], [-281, -594]]
[[1, 0], [14, 117], [-64, -351]]
[[1, 0], [14, 27], [-161, -162]]
[[1, 0], [14, 27], [-166, -297]]
[[1, 0], [14, 27], [-25, -27]]
[[1, 0], [14, 27], [-251, -378]]
[[1, 0], [14, 27], [-254, -405]]
[[1, 0], [14, 27], [-259, -351]]
[[1, 0], [14, 27], [-271, -459]]
[[1, 0], [14, 27], [-31, -48]]
[[1, 0], [14, 27], [-311, -324]]
[[1, 0], [14, 27], [-331, -594]]
[[1, 0], [14, 27], [-53, -81]]
[[1, 0], [14, 27], [-56, -99]]
[[1, 0], [14, 27], [-61, -54]]
[[1, 0], [14, 27], [-67, -108]]
[[1, 0], [14, 27], [-86, -81]]
[[1, 0], [14, 27], [-95, -162]]
[[1, 0], [14, 297], [-31, -594]]
[[1, 0], [14, 33], [-124, -165]]
[[1, 0], [14, 33], [-136, -297]]
[[1, 0], [14, 33], [-208, -363]]
[[1, 0], [14, 33], [-223, -462]]
[[1, 0], [14, 33], [-239, -330]]
[[1, 0], [14, 33], [-271, -594]]
[[1, 0], [14, 39], [-155, -156]]
[[1, 0], [14, 39], [-181, -351]]
[[1, 0], [14, 39], [-181, -429]]
[[1, 0], [14, 99], [-17, -99]]
[[1, 0], [14, 99], [-20, -99]]
[[1, 0], [14, 99], [-37, -198]]
[[1, 0], [14, 99], [-46, -297]]
[[1, 0], [14, 99], [-71, -396]]
[[1, 0], [14, 99], [-79, -495]]
[[1, 0], [14, 99], [-91, -594]]
[[1, 0], [140, 297], [-283, -594]]
[[1, 0], [142, 297], [-287, -594]]
[[1, 0], [145, 162], [-167, -162]]
[[1, 0], [145, 162], [-323, -324]]
[[1, 0], [145, 198], [-299, -396]]
[[1, 0], [145, 198], [-439, -594]]
[[1, 0], [145, 297], [-293, -594]]
[[1, 0], [145, 324], [-167, -324]]
[[1, 0], [145, 396], [-151, -396]]
[[1, 0], [146, 297], [-295, -594]]
[[1, 0], [146, 319], [-173, -319]]
[[1, 0], [146, 495], [-149, -495]]
[[1, 0], [148, 189], [-307, -378]]
[[1, 0], [148, 297], [-299, -594]]
[[1, 0], [149, 198], [-226, -297]]
[[1, 0], [149, 198], [-307, -396]]
[[1, 0], [149, 297], [-151, -297]]
[[1, 0], [149, 297], [-301, -594]]
[[1, 0], [149, 396], [-155, -396]]
[[1, 0], [15, 154], [-111, -308]]
[[1, 0], [15, 154], [-69, -154]]
[[1, 0], [15, 22], [-111, -44]]
[[1, 0], [15, 22], [-174, -77]]
[[1, 0], [15, 22], [-217, -297]]
[[1, 0], [15, 22], [-321, -154]]
[[1, 0], [15, 22], [-33, -34]]
[[1, 0], [15, 22], [-433, -594]]
[[1, 0], [15, 22], [-615, -308]]
[[1, 0], [15, 22], [-69, -22]]
[[1, 0], [15, 22], [-87, -88]]
[[1, 0], [15, 77], [-111, -154]]
[[1, 0], [15, 77], [-195, -308]]
[[1, 0], [151, 162], [-173, -162]]
[[1, 0], [151, 162], [-335, -324]]
[[1, 0], [151, 165], [-169, -165]]
[[1, 0], [151, 165], [-329, -330]]
[[1, 0], [151, 198], [-229, -297]]
[[1, 0], [151, 198], [-311, -396]]
[[1, 0], [151, 198], [-457, -594]]
[[1, 0], [151, 297], [-305, -594]]
[[1, 0], [151, 330], [-169, -330]]
[[1, 0], [152, 297], [-307, -594]]
[[1, 0], [155, 198], [-235, -297]]
[[1, 0], [155, 198], [-469, -594]]
[[1, 0], [155, 297], [-157, -297]]
[[1, 0], [155, 297], [-313, -594]]
[[1, 0], [155, 363], [-164, -363]]
[[1, 0], [155, 594], [-157, -594]]
[[1, 0], [157, 162], [-347, -324]]
[[1, 0], [157, 198], [-238, -297]]
[[1, 0], [157, 198], [-323, -396]]
[[1, 0], [157, 198], [-475, -594]]
[[1, 0], [157, 297], [-317, -594]]
[[1, 0], [157, 396], [-163, -396]]
[[1, 0], [158, 297], [-160, -297]]
[[1, 0], [16, 135], [-59, -405]]
[[1, 0], [16, 165], [-34, -165]]
[[1, 0], [16, 165], [-59, -330]]
[[1, 0], [16, 27], [-173, -162]]
[[1, 0], [16, 27], [-188, -297]]
[[1, 0], [16, 27], [-284, -405]]
[[1, 0], [16, 27], [-305, -459]]
[[1, 0], [16, 27], [-335, -324]]
[[1, 0], [16, 27], [-43, -54]]
[[1, 0], [16, 27], [-59, -81]]
[[1, 0], [16, 27], [-92, -81]]
[[1, 0], [16, 297], [-35, -594]]
[[1, 0], [16, 33], [-134, -165]]
[[1, 0], [16, 33], [-230, -363]]
[[1, 0], [16, 33], [-251, -462]]
[[1, 0], [16, 33], [-259, -330]]
[[1, 0], [16, 33], [-307, -594]]
[[1, 0], [16, 33], [-34, -33]]
[[1, 0], [16, 33], [-59, -66]]
[[1, 0], [16, 45], [-194, -495]]
[[1, 0], [16, 45], [-244, -315]]
[[1, 0], [16, 45], [-40, -99]]
[[1, 0], [16, 45], [-49, -45]]
[[1, 0], [16, 45], [-62, -63]]
[[1, 0], [16, 495], [-19, -495]]
[[1, 0], [16, 55], [-139, -385]]
[[1, 0], [16, 55], [-31, -88]]
[[1, 0], [16, 81], [-107, -486]]
[[1, 0], [16, 81], [-119, -324]]
[[1, 0], [16, 81], [-19, -90]]
[[1, 0], [16, 81], [-34, -135]]
[[1, 0], [16, 81], [-41, -189]]
[[1, 0], [16, 81], [-47, -108]]
[[1, 0], [16, 81], [-65, -162]]
[[1, 0], [16, 99], [-103, -594]]
[[1, 0], [16, 99], [-19, -99]]
[[1, 0], [16, 99], [-41, -198]]
[[1, 0], [16, 99], [-52, -297]]
[[1, 0], [16, 99], [-79, -396]]
[[1, 0], [16, 99], [-89, -495]]
[[1, 0], [160, 297], [-323, -594]]
[[1, 0], [160, 891], [-161, -891]]
[[1, 0], [161, 165], [-349, -330]]
[[1, 0], [161, 198], [-244, -297]]
[[1, 0], [161, 198], [-331, -396]]
[[1, 0], [161, 198], [-487, -594]]
[[1, 0], [161, 297], [-163, -297]]
[[1, 0], [161, 297], [-325, -594]]
[[1, 0], [161, 396], [-167, -396]]
[[1, 0], [161, 495], [-164, -495]]
[[1, 0], [163, 198], [-247, -297]]
[[1, 0], [163, 198], [-335, -396]]
[[1, 0], [163, 198], [-493, -594]]
[[1, 0], [163, 297], [-329, -594]]
[[1, 0], [164, 297], [-166, -297]]
[[1, 0], [164, 297], [-331, -594]]
[[1, 0], [166, 297], [-335, -594]]
[[1, 0], [166, 363], [-175, -363]]
[[1, 0], [166, 495], [-169, -495]]
[[1, 0], [166, 891], [-167, -891]]
[[1, 0], [167, 198], [-343, -396]]
[[1, 0], [167, 198], [-505, -594]]
[[1, 0], [167, 297], [-169, -297]]
[[1, 0], [167, 297], [-337, -594]]
[[1, 0], [169, 189], [-349, -378]]
[[1, 0], [169, 198], [-175, -198]]
[[1, 0], [169, 198], [-256, -297]]
[[1, 0], [169, 198], [-347, -396]]
[[1, 0], [169, 198], [-511, -594]]
[[1, 0], [169, 324], [-191, -324]]
[[1, 0], [169, 396], [-175, -396]]
[[1, 0], [17, 108], [-53, -162]]
[[1, 0], [17, 108], [-79, -432]]
[[1, 0], [17, 108], [-95, -324]]
[[1, 0], [17, 144], [-31, -216]]
[[1, 0], [17, 18], [-113, -99]]
[[1, 0], [17, 18], [-137, -81]]
[[1, 0], [17, 18], [-223, -198]]
[[1, 0], [17, 18], [-263, -162]]
[[1, 0], [17, 18], [-298, -297]]
[[1, 0], [17, 18], [-31, -27]]
[[1, 0], [17, 18], [-439, -360]]
[[1, 0], [17, 18], [-443, -396]]
[[1, 0], [17, 18], [-455, -342]]
[[1, 0], [17, 18], [-458, -153]]
[[1, 0], [17, 18], [-463, -432]]
[[1, 0], [17, 18], [-503, -486]]
[[1, 0], [17, 18], [-515, -324]]
[[1, 0], [17, 18], [-59, -45]]
[[1, 0], [17, 18], [-595, -594]]
[[1, 0], [17, 18], [-883, -306]]
[[1, 0], [17, 198], [-23, -198]]
[[1, 0], [17, 198], [-28, -297]]
[[1, 0], [17, 198], [-43, -396]]
[[1, 0], [17, 22], [-115, -44]]
[[1, 0], [17, 22], [-181, -77]]
[[1, 0], [17, 22], [-244, -297]]
[[1, 0], [17, 22], [-335, -154]]
[[1, 0], [17, 22], [-487, -594]]
[[1, 0], [17, 22], [-643, -308]]
[[1, 0], [17, 22], [-71, -22]]
[[1, 0], [17, 22], [-83, -28]]
[[1, 0], [17, 22], [-95, -88]]
[[1, 0], [17, 24], [-175, -216]]
[[1, 0], [17, 24], [-259, -156]]
[[1, 0], [17, 27], [-103, -117]]
[[1, 0], [17, 27], [-113, -162]]
[[1, 0], [17, 27], [-133, -198]]
[[1, 0], [17, 27], [-179, -162]]
[[1, 0], [17, 27], [-199, -297]]
[[1, 0], [17, 27], [-23, -33]]
[[1, 0], [17, 27], [-293, -378]]
[[1, 0], [17, 27], [-298, -351]]
[[1, 0], [17, 27], [-299, -405]]
[[1, 0], [17, 27], [-322, -459]]
[[1, 0], [17, 27], [-347, -324]]
[[1, 0], [17, 27], [-38, -39]]
[[1, 0], [17, 27], [-397, -594]]
[[1, 0], [17, 27], [-62, -81]]
[[1, 0], [17, 27], [-67, -54]]
[[1, 0], [17, 27], [-67, -99]]
[[1, 0], [17, 27], [-79, -108]]
[[1, 0], [17, 27], [-95, -81]]
[[1, 0], [17, 297], [-37, -594]]
[[1, 0], [17, 33], [-139, -165]]
[[1, 0], [17, 33], [-163, -297]]
[[1, 0], [17, 33], [-241, -363]]
[[1, 0], [17, 33], [-25, -39]]
[[1, 0], [17, 33], [-265, -462]]
[[1, 0], [17, 33], [-269, -330]]
[[1, 0], [17, 33], [-325, -594]]
[[1, 0], [17, 33], [-35, -33]]
[[1, 0], [17, 33], [-61, -66]]
[[1, 0], [17, 36], [-113, -198]]
[[1, 0], [17, 36], [-137, -162]]
[[1, 0], [17, 36], [-223, -396]]
[[1, 0], [17, 36], [-263, -324]]
[[1, 0], [17, 36], [-31, -54]]
[[1, 0], [17, 36], [-41, -81]]
[[1, 0], [17, 36], [-58, -99]]
[[1, 0], [17, 36], [-59, -90]]
[[1, 0], [17, 36], [-74, -81]]
[[1, 0], [17, 396], [-23, -396]]
[[1, 0], [17, 44], [-104, -77]]
[[1, 0], [17, 44], [-181, -154]]
[[1, 0], [17, 44], [-335, -308]]
[[1, 0], [17, 44], [-71, -44]]
[[1, 0], [17, 44], [-95, -176]]
[[1, 0], [17, 48], [-175, -432]]
[[1, 0], [17, 54], [-100, -297]]
[[1, 0], [17, 54], [-179, -324]]
[[1, 0], [17, 54], [-199, -594]]
[[1, 0], [17, 54], [-23, -66]]
[[1, 0], [17, 54], [-34, -99]]
[[1, 0], [17, 54], [-53, -81]]
[[1, 0], [17, 54], [-67, -108]]
[[1, 0], [17, 54], [-67, -198]]
[[1, 0], [17, 54], [-76, -189]]
[[1, 0], [17, 54], [-79, -216]]
[[1, 0], [17, 54], [-95, -162]]
[[1, 0], [17, 66], [-139, -330]]
[[1, 0], [17, 66], [-163, -594]]
[[1, 0], [17, 66], [-35, -66]]
[[1, 0], [17, 66], [-74, -165]]
[[1, 0], [17, 66], [-82, -297]]
[[1, 0], [17, 72], [-31, -108]]
[[1, 0], [17, 72], [-41, -162]]
[[1, 0], [17, 72], [-59, -180]]
[[1, 0], [17, 88], [-95, -352]]
[[1, 0], [17, 99], [-109, -594]]
[[1, 0], [17, 99], [-23, -99]]
[[1, 0], [17, 99], [-43, -198]]
[[1, 0], [17, 99], [-83, -396]]
[[1, 0], [17, 99], [-94, -495]]
[[1, 0], [170, 297], [-172, -297]]
[[1, 0], [170, 297], [-343, -594]]
[[1, 0], [170, 351], [-181, -351]]
[[1, 0], [172, 297], [-347, -594]]
[[1, 0], [173, 198], [-262, -297]]
[[1, 0], [173, 198], [-355, -396]]
[[1, 0], [173, 198], [-523, -594]]
[[1, 0], [173, 297], [-349, -594]]
[[1, 0], [173, 396], [-179, -396]]
[[1, 0], [175, 198], [-265, -297]]
[[1, 0], [175, 198], [-359, -396]]
[[1, 0], [175, 198], [-529, -594]]
[[1, 0], [175, 297], [-353, -594]]
[[1, 0], [178, 297], [-359, -594]]
[[1, 0], [178, 891], [-179, -891]]
[[1, 0], [179, 198], [-271, -297]]
[[1, 0], [179, 198], [-367, -396]]
[[1, 0], [179, 198], [-541, -594]]
[[1, 0], [179, 297], [-181, -297]]
[[1, 0], [179, 297], [-361, -594]]
[[1, 0], [181, 198], [-274, -297]]
[[1, 0], [181, 198], [-371, -396]]
[[1, 0], [181, 198], [-547, -594]]
[[1, 0], [181, 297], [-365, -594]]
[[1, 0], [181, 330], [-199, -330]]
[[1, 0], [181, 495], [-184, -495]]
[[1, 0], [182, 297], [-184, -297]]
[[1, 0], [182, 297], [-367, -594]]
[[1, 0], [184, 297], [-371, -594]]
[[1, 0], [185, 198], [-280, -297]]
[[1, 0], [185, 198], [-379, -396]]
[[1, 0], [185, 198], [-559, -594]]
[[1, 0], [185, 297], [-373, -594]]
[[1, 0], [188, 297], [-190, -297]]
[[1, 0], [188, 297], [-379, -594]]
[[1, 0], [19, 162], [-41, -162]]
[[1, 0], [19, 162], [-71, -324]]
[[1, 0], [19, 198], [-25, -198]]
[[1, 0], [19, 198], [-31, -297]]
[[1, 0], [19, 198], [-47, -396]]
[[1, 0], [19, 198], [-61, -594]]
[[1, 0], [19, 22], [-103, -88]]
[[1, 0], [19, 22], [-119, -44]]
[[1, 0], [19, 22], [-188, -77]]
[[1, 0], [19, 22], [-271, -297]]
[[1, 0], [19, 22], [-349, -154]]
[[1, 0], [19, 22], [-541, -594]]
[[1, 0], [19, 27], [-101, -81]]
[[1, 0], [19, 27], [-191, -162]]
[[1, 0], [19, 27], [-221, -297]]
[[1, 0], [19, 27], [-329, -405]]
[[1, 0], [19, 27], [-356, -459]]
[[1, 0], [19, 27], [-371, -324]]
[[1, 0], [19, 27], [-49, -54]]
[[1, 0], [19, 27], [-68, -81]]
[[1, 0], [19, 297], [-41, -594]]
[[1, 0], [19, 33], [-149, -165]]
[[1, 0], [19, 33], [-181, -297]]
[[1, 0], [19, 33], [-263, -363]]
[[1, 0], [19, 33], [-289, -330]]
[[1, 0], [19, 33], [-293, -462]]
[[1, 0], [19, 33], [-361, -594]]
[[1, 0], [19, 33], [-37, -33]]
[[1, 0], [19, 33], [-65, -66]]
[[1, 0], [19, 54], [-101, -162]]
[[1, 0], [19, 54], [-191, -324]]
[[1, 0], [19, 54], [-221, -594]]
[[1, 0], [19, 54], [-56, -81]]
[[1, 0], [19, 54], [-83, -189]]
[[1, 0], [19, 66], [-149, -330]]
[[1, 0], [19, 66], [-181, -594]]
[[1, 0], [19, 66], [-37, -66]]
[[1, 0], [19, 66], [-79, -165]]
[[1, 0], [19, 66], [-91, -297]]
[[1, 0], [19, 81], [-125, -486]]
[[1, 0], [19, 81], [-131, -324]]
[[1, 0], [19, 81], [-41, -81]]
[[1, 0], [19, 81], [-71, -162]]
[[1, 0], [19, 99], [-104, -495]]
[[1, 0], [19, 99], [-25, -99]]
[[1, 0], [19, 99], [-47, -198]]
[[1, 0], [19, 99], [-61, -297]]
[[1, 0], [19, 99], [-91, -396]]
[[1, 0], [190, 297], [-383, -594]]
[[1, 0], [191, 198], [-289, -297]]
[[1, 0], [191, 198], [-391, -396]]
[[1, 0], [191, 198], [-577, -594]]
[[1, 0], [191, 297], [-193, -297]]
[[1, 0], [191, 495], [-194, -495]]
[[1, 0], [193, 198], [-199, -198]]
[[1, 0], [193, 198], [-292, -297]]
[[1, 0], [193, 198], [-395, -396]]
[[1, 0], [193, 297], [-389, -594]]
[[1, 0], [193, 396], [-199, -396]]
[[1, 0], [194, 297], [-196, -297]]
[[1, 0], [194, 297], [-391, -594]]
[[1, 0], [196, 297], [-395, -594]]
[[1, 0], [196, 495], [-199, -495]]
[[1, 0], [196, 891], [-197, -891]]
[[1, 0], [197, 198], [-298, -297]]
[[1, 0], [197, 198], [-403, -396]]
[[1, 0], [197, 198], [-595, -594]]
[[1, 0], [197, 297], [-199, -297]]
[[1, 0], [197, 297], [-397, -594]]
[[1, 0], [197, 308], [-251, -308]]
[[1, 0], [199, 297], [-401, -594]]
[[1, 0], [2, 11], [-163, -451]]
[[1, 0], [2, 11], [-163, -594]]
[[1, 0], [2, 11], [-203, -374]]
[[1, 0], [2, 11], [-230, -77]]
[[1, 0], [2, 11], [-278, -341]]
[[1, 0], [2, 11], [-29, -11]]
[[1, 0], [2, 11], [-35, -44]]
[[1, 0], [2, 11], [-41, -77]]
[[1, 0], [2, 11], [-433, -154]]
[[1, 0], [2, 11], [-463, -319]]
[[1, 0], [2, 11], [-82, -297]]
[[1, 0], [2, 11], [-839, -308]]
[[1, 0], [2, 11], [-85, -22]]
[[1, 0], [2, 27], [-103, -351]]
[[1, 0], [2, 27], [-167, -324]]
[[1, 0], [2, 27], [-17, -81]]
[[1, 0], [2, 27], [-19, -108]]
[[1, 0], [2, 27], [-23, -162]]
[[1, 0], [2, 27], [-23, -198]]
[[1, 0], [2, 27], [-34, -297]]
[[1, 0], [2, 27], [-37, -54]]
[[1, 0], [2, 27], [-38, -117]]
[[1, 0], [2, 27], [-50, -81]]
[[1, 0], [2, 27], [-67, -459]]
[[1, 0], [2, 27], [-67, -594]]
[[1, 0], [2, 27], [-74, -405]]
[[1, 0], [2, 27], [-83, -378]]
[[1, 0], [2, 27], [-89, -162]]
[[1, 0], [2, 297], [-7, -594]]
[[1, 0], [2, 33], [-119, -330]]
[[1, 0], [2, 33], [-20, -33]]
[[1, 0], [2, 33], [-28, -297]]
[[1, 0], [2, 33], [-31, -66]]
[[1, 0], [2, 33], [-64, -165]]
[[1, 0], [2, 33], [-76, -363]]
[[1, 0], [2, 3], [-10199, -300]]
[[1, 0], [2, 3], [-107, -12]]
[[1, 0], [2, 3], [-1109, -30]]
[[1, 0], [2, 3], [-1219, -330]]
[[1, 0], [2, 3], [-130, -33]]
[[1, 0], [2, 3], [-1307, -327]]
[[1, 0], [2, 3], [-131, -81]]
[[1, 0], [2, 3], [-1415, -324]]
[[1, 0], [2, 3], [-149, -75]]
[[1, 0], [2, 3], [-2119, -60]]
[[1, 0], [2, 3], [-2287, -312]]
[[1, 0], [2, 3], [-251, -66]]
[[1, 0], [2, 3], [-2624, -75]]
[[1, 0], [2, 3], [-2780, -309]]
[[1, 0], [2, 3], [-298, -297]]
[[1, 0], [2, 3], [-301, -6]]
[[1, 0], [2, 3], [-362, -81]]
[[1, 0], [2, 3], [-40, -27]]
[[1, 0], [2, 3], [-49, -33]]
[[1, 0], [2, 3], [-503, -12]]
[[1, 0], [2, 3], [-5149, -150]]
[[1, 0], [2, 3], [-5251, -303]]
[[1, 0], [2, 3], [-587, -462]]
[[1, 0], [2, 3], [-587, -567]]
[[1, 0], [2, 3], [-595, -447]]
[[1, 0], [2, 3], [-595, -594]]
[[1, 0], [2, 3], [-604, -15]]
[[1, 0], [2, 3], [-607, -432]]
[[1, 0], [2, 3], [-610, -429]]
[[1, 0], [2, 3], [-614, -165]]
[[1, 0], [2, 3], [-644, -405]]
[[1, 0], [2, 3], [-713, -162]]
[[1, 0], [2, 3], [-73, -27]]
[[1, 0], [2, 3], [-743, -372]]
[[1, 0], [2, 3], [-791, -363]]
[[1, 0], [2, 3], [-832, -357]]
[[1, 0], [2, 3], [-883, -351]]
[[1, 0], [2, 99], [-10, -297]]
[[1, 0], [2, 99], [-13, -198]]
[[1, 0], [2, 99], [-19, -495]]
[[1, 0], [2, 99], [-19, -594]]
[[1, 0], [2, 99], [-23, -396]]
[[1, 0], [2, 99], [-5, -99]]
[[1, 0], [2, 99], [-8, -99]]
[[1, 0], [2, 9], [-100, -297]]
[[1, 0], [2, 9], [-103, -18]]
[[1, 0], [2, 9], [-103, -216]]
[[1, 0], [2, 9], [-109, -45]]
[[1, 0], [2, 9], [-113, -198]]
[[1, 0], [2, 9], [-1223, -306]]
[[1, 0], [2, 9], [-128, -81]]
[[1, 0], [2, 9], [-139, -180]]
[[1, 0], [2, 9], [-146, -63]]
[[1, 0], [2, 9], [-170, -171]]
[[1, 0], [2, 9], [-194, -495]]
[[1, 0], [2, 9], [-199, -450]]
[[1, 0], [2, 9], [-199, -594]]
[[1, 0], [2, 9], [-223, -396]]
[[1, 0], [2, 9], [-245, -162]]
[[1, 0], [2, 9], [-28, -27]]
[[1, 0], [2, 9], [-29, -81]]
[[1, 0], [2, 9], [-298, -351]]
[[1, 0], [2, 9], [-40, -99]]
[[1, 0], [2, 9], [-479, -324]]
[[1, 0], [2, 9], [-58, -99]]
[[1, 0], [2, 9], [-628, -153]]
[[1, 0], [2, 9], [-664, -315]]
[[1, 0], [2, 9], [-68, -9]]
[[1, 0], [2, 9], [-98, -243]]
[[1, 0], [20, 27], [-104, -81]]
[[1, 0], [20, 27], [-116, -117]]
[[1, 0], [20, 27], [-131, -162]]
[[1, 0], [20, 27], [-155, -198]]
[[1, 0], [20, 27], [-197, -162]]
[[1, 0], [20, 27], [-232, -297]]
[[1, 0], [20, 27], [-335, -378]]
[[1, 0], [20, 27], [-337, -351]]
[[1, 0], [20, 27], [-344, -405]]
[[1, 0], [20, 27], [-373, -459]]
[[1, 0], [20, 27], [-383, -324]]
[[1, 0], [20, 27], [-463, -594]]
[[1, 0], [20, 27], [-71, -81]]
[[1, 0], [20, 27], [-73, -54]]
[[1, 0], [20, 27], [-91, -108]]
[[1, 0], [20, 297], [-43, -594]]
[[1, 0], [20, 33], [-190, -297]]
[[1, 0], [20, 33], [-274, -363]]
[[1, 0], [20, 33], [-299, -330]]
[[1, 0], [20, 33], [-307, -462]]
[[1, 0], [20, 33], [-37, -57]]
[[1, 0], [20, 33], [-379, -594]]
[[1, 0], [20, 33], [-38, -33]]
[[1, 0], [20, 33], [-67, -66]]
[[1, 0], [20, 99], [-109, -495]]
[[1, 0], [20, 99], [-127, -594]]
[[1, 0], [20, 99], [-23, -99]]
[[1, 0], [20, 99], [-49, -198]]
[[1, 0], [20, 99], [-64, -297]]
[[1, 0], [20, 99], [-95, -396]]
[[1, 0], [200, 297], [-202, -297]]
[[1, 0], [200, 297], [-403, -594]]
[[1, 0], [203, 297], [-205, -297]]
[[1, 0], [203, 297], [-409, -594]]
[[1, 0], [205, 297], [-413, -594]]
[[1, 0], [205, 324], [-227, -324]]
[[1, 0], [205, 396], [-211, -396]]
[[1, 0], [205, 891], [-206, -891]]
[[1, 0], [206, 297], [-415, -594]]
[[1, 0], [208, 297], [-419, -594]]
[[1, 0], [209, 351], [-220, -351]]
[[1, 0], [21, 22], [-111, -88]]
[[1, 0], [21, 22], [-123, -44]]
[[1, 0], [21, 22], [-195, -77]]
[[1, 0], [21, 22], [-28, -27]]
[[1, 0], [21, 22], [-298, -297]]
[[1, 0], [21, 22], [-55, -54]]
[[1, 0], [21, 22], [-595, -594]]
[[1, 0], [21, 22], [-699, -308]]
[[1, 0], [21, 22], [-75, -22]]
[[1, 0], [21, 44], [-111, -176]]
[[1, 0], [21, 44], [-111, -77]]
[[1, 0], [21, 44], [-195, -154]]
[[1, 0], [21, 44], [-75, -44]]
[[1, 0], [21, 55], [-174, -385]]
[[1, 0], [21, 55], [-39, -88]]
[[1, 0], [211, 297], [-425, -594]]
[[1, 0], [211, 495], [-214, -495]]
[[1, 0], [212, 297], [-214, -297]]
[[1, 0], [212, 297], [-427, -594]]
[[1, 0], [214, 297], [-431, -594]]
[[1, 0], [215, 297], [-217, -297]]
[[1, 0], [215, 297], [-433, -594]]
[[1, 0], [217, 297], [-437, -594]]
[[1, 0], [218, 297], [-439, -594]]
[[1, 0], [22, 189], [-55, -378]]
[[1, 0], [22, 27], [-110, -81]]
[[1, 0], [22, 27], [-209, -162]]
[[1, 0], [22, 27], [-254, -297]]
[[1, 0], [22, 27], [-374, -405]]
[[1, 0], [22, 27], [-407, -324]]
[[1, 0], [22, 27], [-407, -459]]
[[1, 0], [22, 27], [-55, -54]]
[[1, 0], [22, 27], [-77, -81]]
[[1, 0], [22, 63], [-209, -315]]
[[1, 0], [22, 63], [-209, -567]]
[[1, 0], [22, 81], [-143, -324]]
[[1, 0], [22, 81], [-143, -486]]
[[1, 0], [22, 81], [-44, -135]]
[[1, 0], [22, 81], [-44, -81]]
[[1, 0], [22, 81], [-55, -108]]
[[1, 0], [22, 81], [-55, -189]]
[[1, 0], [22, 81], [-77, -162]]
[[1, 0], [221, 297], [-223, -297]]
[[1, 0], [221, 297], [-445, -594]]
[[1, 0], [221, 594], [-223, -594]]
[[1, 0], [223, 297], [-449, -594]]
[[1, 0], [224, 297], [-226, -297]]
[[1, 0], [226, 297], [-455, -594]]
[[1, 0], [226, 495], [-229, -495]]
[[1, 0], [227, 297], [-229, -297]]
[[1, 0], [227, 297], [-457, -594]]
[[1, 0], [229, 297], [-461, -594]]
[[1, 0], [23, 198], [-37, -297]]
[[1, 0], [23, 198], [-73, -594]]
[[1, 0], [23, 27], [-103, -108]]
[[1, 0], [23, 27], [-113, -81]]
[[1, 0], [23, 27], [-149, -162]]
[[1, 0], [23, 27], [-215, -162]]
[[1, 0], [23, 27], [-265, -297]]
[[1, 0], [23, 27], [-34, -27]]
[[1, 0], [23, 27], [-376, -351]]
[[1, 0], [23, 27], [-377, -378]]
[[1, 0], [23, 27], [-389, -405]]
[[1, 0], [23, 27], [-419, -324]]
[[1, 0], [23, 27], [-424, -459]]
[[1, 0], [23, 27], [-47, -48]]
[[1, 0], [23, 27], [-529, -594]]
[[1, 0], [23, 27], [-79, -54]]
[[1, 0], [23, 27], [-80, -81]]
[[1, 0], [23, 27], [-89, -99]]
[[1, 0], [23, 297], [-25, -297]]
[[1, 0], [23, 297], [-49, -594]]
[[1, 0], [23, 33], [-169, -165]]
[[1, 0], [23, 33], [-217, -297]]
[[1, 0], [23, 33], [-307, -363]]
[[1, 0], [23, 33], [-329, -330]]
[[1, 0], [23, 33], [-349, -462]]
[[1, 0], [23, 33], [-433, -594]]
[[1, 0], [23, 33], [-73, -66]]
[[1, 0], [23, 363], [-32, -363]]
[[1, 0], [23, 54], [-103, -216]]
[[1, 0], [23, 54], [-113, -162]]
[[1, 0], [23, 54], [-133, -297]]
[[1, 0], [23, 54], [-215, -324]]
[[1, 0], [23, 54], [-265, -594]]
[[1, 0], [23, 54], [-62, -81]]
[[1, 0], [23, 54], [-79, -108]]
[[1, 0], [23, 54], [-89, -198]]
[[1, 0], [23, 54], [-97, -189]]
[[1, 0], [23, 594], [-25, -594]]
[[1, 0], [23, 66], [-109, -297]]
[[1, 0], [23, 66], [-169, -330]]
[[1, 0], [23, 66], [-217, -594]]
[[1, 0], [23, 66], [-89, -165]]
[[1, 0], [23, 99], [-107, -396]]
[[1, 0], [23, 99], [-124, -495]]
[[1, 0], [23, 99], [-145, -594]]
[[1, 0], [23, 99], [-73, -297]]
[[1, 0], [230, 297], [-232, -297]]
[[1, 0], [230, 297], [-463, -594]]
[[1, 0], [232, 297], [-467, -594]]
[[1, 0], [232, 363], [-241, -363]]
[[1, 0], [232, 891], [-233, -891]]
[[1, 0], [233, 297], [-235, -297]]
[[1, 0], [233, 297], [-469, -594]]
[[1, 0], [236, 297], [-238, -297]]
[[1, 0], [236, 297], [-475, -594]]
[[1, 0], [236, 495], [-239, -495]]
[[1, 0], [238, 297], [-479, -594]]
[[1, 0], [239, 297], [-481, -594]]
[[1, 0], [241, 297], [-485, -594]]
[[1, 0], [241, 324], [-263, -324]]
[[1, 0], [241, 495], [-244, -495]]
[[1, 0], [244, 297], [-491, -594]]
[[1, 0], [245, 297], [-247, -297]]
[[1, 0], [245, 297], [-493, -594]]
[[1, 0], [247, 297], [-497, -594]]
[[1, 0], [248, 297], [-250, -297]]
[[1, 0], [248, 297], [-499, -594]]
[[1, 0], [248, 351], [-259, -351]]
[[1, 0], [25, 108], [-119, -324]]
[[1, 0], [25, 108], [-34, -135]]
[[1, 0], [25, 108], [-65, -162]]
[[1, 0], [25, 162], [-83, -324]]
[[1, 0], [25, 198], [-31, -198]]
[[1, 0], [25, 198], [-40, -297]]
[[1, 0], [25, 198], [-59, -396]]
[[1, 0], [25, 198], [-79, -594]]
[[1, 0], [25, 27], [-119, -81]]
[[1, 0], [25, 27], [-227, -162]]
[[1, 0], [25, 27], [-287, -297]]
[[1, 0], [25, 27], [-419, -405]]
[[1, 0], [25, 27], [-443, -324]]
[[1, 0], [25, 27], [-458, -459]]
[[1, 0], [25, 27], [-61, -54]]
[[1, 0], [25, 27], [-86, -81]]
[[1, 0], [25, 297], [-53, -594]]
[[1, 0], [25, 33], [-179, -165]]
[[1, 0], [25, 33], [-235, -297]]
[[1, 0], [25, 33], [-329, -363]]
[[1, 0], [25, 33], [-34, -33]]
[[1, 0], [25, 33], [-349, -330]]
[[1, 0], [25, 33], [-377, -462]]
[[1, 0], [25, 33], [-43, -33]]
[[1, 0], [25, 33], [-469, -594]]
[[1, 0], [25, 36], [-157, -198]]
[[1, 0], [25, 36], [-173, -162]]
[[1, 0], [25, 36], [-311, -396]]
[[1, 0], [25, 36], [-335, -324]]
[[1, 0], [25, 36], [-43, -54]]
[[1, 0], [25, 36], [-59, -81]]
[[1, 0], [25, 36], [-79, -90]]
[[1, 0], [25, 36], [-80, -99]]
[[1, 0], [25, 36], [-92, -81]]
[[1, 0], [25, 396], [-31, -396]]
[[1, 0], [25, 44], [-118, -77]]
[[1, 0], [25, 44], [-127, -176]]
[[1, 0], [25, 44], [-391, -308]]
[[1, 0], [25, 54], [-104, -189]]
[[1, 0], [25, 54], [-119, -162]]
[[1, 0], [25, 54], [-227, -324]]
[[1, 0], [25, 54], [-287, -594]]
[[1, 0], [25, 54], [-65, -81]]
[[1, 0], [25, 66], [-118, -297]]
[[1, 0], [25, 66], [-179, -330]]
[[1, 0], [25, 66], [-235, -594]]
[[1, 0], [25, 66], [-43, -66]]
[[1, 0], [25, 66], [-94, -165]]
[[1, 0], [25, 72], [-43, -108]]
[[1, 0], [25, 72], [-59, -162]]
[[1, 0], [25, 72], [-79, -180]]
[[1, 0], [25, 81], [-155, -324]]
[[1, 0], [25, 81], [-161, -486]]
[[1, 0], [25, 81], [-29, -90]]
[[1, 0], [25, 81], [-49, -135]]
[[1, 0], [25, 81], [-59, -108]]
[[1, 0], [25, 81], [-62, -189]]
[[1, 0], [25, 81], [-83, -162]]
[[1, 0], [25, 88], [-127, -352]]
[[1, 0], [25, 891], [-26, -891]]
[[1, 0], [25, 99], [-115, -396]]
[[1, 0], [25, 99], [-134, -495]]
[[1, 0], [25, 99], [-157, -594]]
[[1, 0], [25, 99], [-28, -99]]
[[1, 0], [25, 99], [-31, -99]]
[[1, 0], [25, 99], [-59, -198]]
[[1, 0], [25, 99], [-79, -297]]
[[1, 0], [250, 297], [-503, -594]]
[[1, 0], [251, 297], [-505, -594]]
[[1, 0], [254, 297], [-256, -297]]
[[1, 0], [254, 297], [-511, -594]]
[[1, 0], [256, 297], [-515, -594]]
[[1, 0], [257, 297], [-259, -297]]
[[1, 0], [259, 297], [-521, -594]]
[[1, 0], [259, 891], [-260, -891]]
[[1, 0], [26, 135], [-89, -405]]
[[1, 0], [26, 165], [-79, -330]]
[[1, 0], [26, 27], [-100, -99]]
[[1, 0], [26, 27], [-115, -108]]
[[1, 0], [26, 27], [-122, -81]]
[[1, 0], [26, 27], [-142, -117]]
[[1, 0], [26, 27], [-167, -162]]
[[1, 0], [26, 27], [-199, -198]]
[[1, 0], [26, 27], [-233, -162]]
[[1, 0], [26, 27], [-298, -297]]
[[1, 0], [26, 27], [-34, -33]]
[[1, 0], [26, 27], [-37, -27]]
[[1, 0], [26, 27], [-415, -351]]
[[1, 0], [26, 27], [-419, -378]]
[[1, 0], [26, 27], [-434, -405]]
[[1, 0], [26, 27], [-455, -324]]
[[1, 0], [26, 27], [-475, -459]]
[[1, 0], [26, 27], [-595, -594]]
[[1, 0], [26, 27], [-67, -66]]
[[1, 0], [26, 27], [-85, -54]]
[[1, 0], [26, 27], [-89, -81]]
[[1, 0], [26, 33], [-184, -165]]
[[1, 0], [26, 33], [-244, -297]]
[[1, 0], [26, 33], [-340, -363]]
[[1, 0], [26, 33], [-35, -33]]
[[1, 0], [26, 33], [-359, -330]]
[[1, 0], [26, 33], [-391, -462]]
[[1, 0], [26, 33], [-487, -594]]
[[1, 0], [26, 33], [-79, -66]]
[[1, 0], [26, 45], [-304, -495]]
[[1, 0], [26, 45], [-314, -315]]
[[1, 0], [26, 45], [-59, -45]]
[[1, 0], [26, 45], [-62, -99]]
[[1, 0], [26, 45], [-76, -63]]
[[1, 0], [26, 495], [-29, -495]]
[[1, 0], [26, 55], [-47, -88]]
[[1, 0], [26, 75], [-349, -150]]
[[1, 0], [26, 75], [-49, -135]]
[[1, 0], [26, 75], [-599, -300]]
[[1, 0], [26, 99], [-119, -396]]
[[1, 0], [26, 99], [-139, -495]]
[[1, 0], [26, 99], [-163, -594]]
[[1, 0], [26, 99], [-29, -99]]
[[1, 0], [26, 99], [-32, -99]]
[[1, 0], [26, 99], [-61, -198]]
[[1, 0], [26, 99], [-82, -297]]
[[1, 0], [260, 297], [-262, -297]]
[[1, 0], [260, 297], [-523, -594]]
[[1, 0], [262, 297], [-527, -594]]
[[1, 0], [262, 319], [-289, -319]]
[[1, 0], [263, 297], [-265, -297]]
[[1, 0], [263, 297], [-529, -594]]
[[1, 0], [265, 297], [-533, -594]]
[[1, 0], [266, 297], [-268, -297]]
[[1, 0], [266, 297], [-535, -594]]
[[1, 0], [269, 297], [-271, -297]]
[[1, 0], [269, 297], [-541, -594]]
[[1, 0], [271, 297], [-545, -594]]
[[1, 0], [271, 495], [-274, -495]]
[[1, 0], [272, 297], [-547, -594]]
[[1, 0], [274, 297], [-551, -594]]
[[1, 0], [277, 297], [-557, -594]]
[[1, 0], [277, 324], [-299, -324]]
[[1, 0], [278, 297], [-280, -297]]
[[1, 0], [278, 297], [-559, -594]]
[[1, 0], [28, 297], [-59, -594]]
[[1, 0], [28, 33], [-194, -165]]
[[1, 0], [28, 33], [-262, -297]]
[[1, 0], [28, 33], [-362, -363]]
[[1, 0], [28, 33], [-37, -33]]
[[1, 0], [28, 33], [-379, -330]]
[[1, 0], [28, 33], [-38, -39]]
[[1, 0], [28, 33], [-419, -462]]
[[1, 0], [28, 33], [-523, -594]]
[[1, 0], [28, 33], [-83, -66]]
[[1, 0], [28, 81], [-167, -324]]
[[1, 0], [28, 81], [-179, -486]]
[[1, 0], [28, 81], [-50, -81]]
[[1, 0], [28, 81], [-89, -162]]
[[1, 0], [28, 99], [-127, -396]]
[[1, 0], [28, 99], [-149, -495]]
[[1, 0], [28, 99], [-175, -594]]
[[1, 0], [28, 99], [-31, -99]]
[[1, 0], [28, 99], [-34, -99]]
[[1, 0], [28, 99], [-65, -198]]
[[1, 0], [280, 297], [-563, -594]]
[[1, 0], [281, 297], [-283, -297]]
[[1, 0], [281, 297], [-565, -594]]
[[1, 0], [281, 308], [-335, -308]]
[[1, 0], [283, 297], [-569, -594]]
[[1, 0], [284, 297], [-571, -594]]
[[1, 0], [287, 297], [-289, -297]]
[[1, 0], [287, 297], [-577, -594]]
[[1, 0], [287, 351], [-298, -351]]
[[1, 0], [287, 594], [-289, -594]]
[[1, 0], [289, 297], [-581, -594]]
[[1, 0], [29, 108], [-127, -432]]
[[1, 0], [29, 108], [-131, -324]]
[[1, 0], [29, 108], [-71, -162]]
[[1, 0], [29, 154], [-139, -308]]
[[1, 0], [29, 154], [-83, -154]]
[[1, 0], [29, 198], [-35, -198]]
[[1, 0], [29, 198], [-46, -297]]
[[1, 0], [29, 198], [-67, -396]]
[[1, 0], [29, 198], [-91, -594]]
[[1, 0], [29, 297], [-61, -594]]
[[1, 0], [29, 308], [-83, -308]]
[[1, 0], [29, 33], [-199, -165]]
[[1, 0], [29, 33], [-271, -297]]
[[1, 0], [29, 33], [-373, -363]]
[[1, 0], [29, 33], [-389, -330]]
[[1, 0], [29, 33], [-41, -42]]
[[1, 0], [29, 33], [-433, -462]]
[[1, 0], [29, 33], [-541, -594]]
[[1, 0], [29, 33], [-85, -66]]
[[1, 0], [29, 36], [-101, -81]]
[[1, 0], [29, 36], [-179, -198]]
[[1, 0], [29, 36], [-191, -162]]
[[1, 0], [29, 36], [-355, -396]]
[[1, 0], [29, 36], [-371, -324]]
[[1, 0], [29, 36], [-49, -54]]
[[1, 0], [29, 36], [-68, -81]]
[[1, 0], [29, 36], [-89, -90]]
[[1, 0], [29, 36], [-91, -99]]
[[1, 0], [29, 396], [-35, -396]]
[[1, 0], [29, 44], [-125, -77]]
[[1, 0], [29, 44], [-223, -154]]
[[1, 0], [29, 44], [-419, -308]]
[[1, 0], [29, 54], [-118, -189]]
[[1, 0], [29, 54], [-127, -216]]
[[1, 0], [29, 54], [-131, -162]]
[[1, 0], [29, 54], [-166, -297]]
[[1, 0], [29, 54], [-251, -324]]
[[1, 0], [29, 54], [-331, -594]]
[[1, 0], [29, 54], [-56, -99]]
[[1, 0], [29, 54], [-71, -81]]
[[1, 0], [29, 54], [-91, -108]]
[[1, 0], [29, 63], [-244, -315]]
[[1, 0], [29, 63], [-272, -567]]
[[1, 0], [29, 66], [-104, -165]]
[[1, 0], [29, 66], [-136, -297]]
[[1, 0], [29, 66], [-199, -330]]
[[1, 0], [29, 66], [-271, -594]]
[[1, 0], [29, 77], [-139, -154]]
[[1, 0], [29, 77], [-251, -308]]
[[1, 0], [29, 77], [-83, -77]]
[[1, 0], [29, 99], [-131, -396]]
[[1, 0], [29, 99], [-181, -594]]
[[1, 0], [29, 99], [-32, -99]]
[[1, 0], [29, 99], [-35, -99]]
[[1, 0], [29, 99], [-67, -198]]
[[1, 0], [29, 99], [-91, -297]]
[[1, 0], [290, 297], [-292, -297]]
[[1, 0], [292, 297], [-587, -594]]
[[1, 0], [293, 297], [-295, -297]]
[[1, 0], [293, 297], [-589, -594]]
[[1, 0], [295, 297], [-593, -594]]
[[1, 0], [296, 297], [-298, -297]]
[[1, 0], [296, 297], [-595, -594]]
[[1, 0], [299, 594], [-301, -594]]
[[1, 0], [3, 11], [-109, -297]]
[[1, 0], [3, 11], [-147, -44]]
[[1, 0], [3, 11], [-204, -451]]
[[1, 0], [3, 11], [-217, -594]]
[[1, 0], [3, 11], [-237, -374]]
[[1, 0], [3, 11], [-237, -77]]
[[1, 0], [3, 11], [-30, -11]]
[[1, 0], [3, 11], [-309, -341]]
[[1, 0], [3, 11], [-39, -44]]
[[1, 0], [3, 11], [-447, -154]]
[[1, 0], [3, 11], [-48, -77]]
[[1, 0], [3, 11], [-492, -319]]
[[1, 0], [3, 11], [-57, -11]]
[[1, 0], [3, 11], [-57, -29]]
[[1, 0], [3, 11], [-867, -308]]
[[1, 0], [3, 11], [-87, -22]]
[[1, 0], [3, 22], [-109, -594]]
[[1, 0], [3, 22], [-237, -154]]
[[1, 0], [3, 22], [-39, -88]]
[[1, 0], [3, 22], [-447, -308]]
[[1, 0], [3, 22], [-57, -22]]
[[1, 0], [3, 22], [-87, -44]]
[[1, 0], [301, 396], [-307, -396]]
[[1, 0], [31, 135], [-104, -405]]
[[1, 0], [31, 162], [-53, -162]]
[[1, 0], [31, 162], [-95, -324]]
[[1, 0], [31, 165], [-49, -165]]
[[1, 0], [31, 165], [-89, -330]]
[[1, 0], [31, 198], [-37, -198]]
[[1, 0], [31, 198], [-49, -297]]
[[1, 0], [31, 198], [-71, -396]]
[[1, 0], [31, 198], [-97, -594]]
[[1, 0], [31, 297], [-65, -594]]
[[1, 0], [31, 330], [-49, -330]]
[[1, 0], [31, 33], [-289, -297]]
[[1, 0], [31, 33], [-395, -363]]
[[1, 0], [31, 33], [-409, -330]]
[[1, 0], [31, 33], [-461, -462]]
[[1, 0], [31, 33], [-56, -57]]
[[1, 0], [31, 33], [-577, -594]]
[[1, 0], [31, 33], [-89, -66]]
[[1, 0], [31, 45], [-349, -315]]
[[1, 0], [31, 45], [-359, -495]]
[[1, 0], [31, 45], [-73, -99]]
[[1, 0], [31, 45], [-83, -63]]
[[1, 0], [31, 495], [-34, -495]]
[[1, 0], [31, 54], [-125, -189]]
[[1, 0], [31, 54], [-137, -162]]
[[1, 0], [31, 54], [-263, -324]]
[[1, 0], [31, 54], [-353, -594]]
[[1, 0], [31, 54], [-74, -81]]
[[1, 0], [31, 55], [-244, -385]]
[[1, 0], [31, 66], [-109, -165]]
[[1, 0], [31, 66], [-145, -297]]
[[1, 0], [31, 66], [-289, -594]]
[[1, 0], [31, 81], [-179, -324]]
[[1, 0], [31, 81], [-197, -486]]
[[1, 0], [31, 81], [-59, -135]]
[[1, 0], [31, 81], [-67, -108]]
[[1, 0], [31, 81], [-76, -189]]
[[1, 0], [31, 81], [-95, -162]]
[[1, 0], [31, 99], [-139, -396]]
[[1, 0], [31, 99], [-164, -495]]
[[1, 0], [31, 99], [-193, -594]]
[[1, 0], [31, 99], [-34, -99]]
[[1, 0], [31, 99], [-37, -99]]
[[1, 0], [31, 99], [-71, -198]]
[[1, 0], [31, 99], [-97, -297]]
[[1, 0], [311, 594], [-313, -594]]
[[1, 0], [313, 324], [-335, -324]]
[[1, 0], [32, 297], [-67, -594]]
[[1, 0], [32, 33], [-214, -165]]
[[1, 0], [32, 33], [-298, -297]]
[[1, 0], [32, 33], [-406, -363]]
[[1, 0], [32, 33], [-419, -330]]
[[1, 0], [32, 33], [-475, -462]]
[[1, 0], [32, 33], [-55, -54]]
[[1, 0], [32, 33], [-595, -594]]
[[1, 0], [32, 33], [-91, -66]]
[[1, 0], [32, 99], [-100, -297]]
[[1, 0], [32, 99], [-169, -495]]
[[1, 0], [32, 99], [-199, -594]]
[[1, 0], [32, 99], [-35, -99]]
[[1, 0], [32, 99], [-38, -99]]
[[1, 0], [32, 99], [-73, -198]]
[[1, 0], [323, 594], [-325, -594]]
[[1, 0], [326, 351], [-337, -351]]
[[1, 0], [329, 594], [-331, -594]]
[[1, 0], [331, 891], [-332, -891]]
[[1, 0], [335, 594], [-337, -594]]
[[1, 0], [337, 396], [-343, -396]]
[[1, 0], [34, 297], [-71, -594]]
[[1, 0], [34, 363], [-43, -363]]
[[1, 0], [34, 81], [-101, -162]]
[[1, 0], [34, 81], [-191, -324]]
[[1, 0], [34, 81], [-215, -486]]
[[1, 0], [34, 81], [-56, -81]]
[[1, 0], [34, 81], [-64, -135]]
[[1, 0], [34, 81], [-71, -108]]
[[1, 0], [34, 81], [-83, -189]]
[[1, 0], [34, 891], [-35, -891]]
[[1, 0], [34, 99], [-106, -297]]
[[1, 0], [34, 99], [-151, -396]]
[[1, 0], [34, 99], [-179, -495]]
[[1, 0], [34, 99], [-211, -594]]
[[1, 0], [34, 99], [-37, -99]]
[[1, 0], [34, 99], [-40, -99]]
[[1, 0], [343, 891], [-344, -891]]
[[1, 0], [347, 594], [-349, -594]]
[[1, 0], [35, 153], [-101, -153]]
[[1, 0], [35, 153], [-169, -306]]
[[1, 0], [35, 198], [-109, -594]]
[[1, 0], [35, 198], [-41, -198]]
[[1, 0], [35, 198], [-79, -396]]
[[1, 0], [35, 297], [-73, -594]]
[[1, 0], [35, 306], [-101, -306]]
[[1, 0], [35, 54], [-103, -108]]
[[1, 0], [35, 54], [-133, -198]]
[[1, 0], [35, 54], [-139, -189]]
[[1, 0], [35, 54], [-149, -162]]
[[1, 0], [35, 54], [-151, -216]]
[[1, 0], [35, 54], [-199, -297]]
[[1, 0], [35, 54], [-287, -324]]
[[1, 0], [35, 54], [-397, -594]]
[[1, 0], [35, 54], [-67, -99]]
[[1, 0], [35, 54], [-80, -81]]
[[1, 0], [35, 66], [-119, -165]]
[[1, 0], [35, 66], [-163, -297]]
[[1, 0], [35, 66], [-229, -330]]
[[1, 0], [35, 66], [-325, -594]]
[[1, 0], [35, 99], [-109, -297]]
[[1, 0], [35, 99], [-155, -396]]
[[1, 0], [35, 99], [-184, -495]]
[[1, 0], [35, 99], [-217, -594]]
[[1, 0], [35, 99], [-38, -99]]
[[1, 0], [35, 99], [-41, -99]]
[[1, 0], [35, 99], [-79, -198]]
[[1, 0], [353, 594], [-355, -594]]
[[1, 0], [359, 594], [-361, -594]]
[[1, 0], [36, 55], [-279, -385]]
[[1, 0], [36, 55], [-63, -88]]
[[1, 0], [36, 77], [-153, -154]]
[[1, 0], [36, 77], [-279, -308]]
[[1, 0], [36, 77], [-90, -77]]
[[1, 0], [364, 891], [-365, -891]]
[[1, 0], [365, 594], [-367, -594]]
[[1, 0], [367, 891], [-368, -891]]
[[1, 0], [37, 108], [-155, -324]]
[[1, 0], [37, 108], [-49, -135]]
[[1, 0], [37, 108], [-83, -162]]
[[1, 0], [37, 162], [-107, -324]]
[[1, 0], [37, 162], [-59, -162]]
[[1, 0], [37, 198], [-115, -594]]
[[1, 0], [37, 198], [-43, -198]]
[[1, 0], [37, 198], [-58, -297]]
[[1, 0], [37, 198], [-83, -396]]
[[1, 0], [37, 324], [-59, -324]]
[[1, 0], [37, 396], [-43, -396]]
[[1, 0], [37, 44], [-139, -77]]
[[1, 0], [37, 44], [-175, -176]]
[[1, 0], [37, 44], [-251, -154]]
[[1, 0], [37, 44], [-475, -308]]
[[1, 0], [37, 44], [-91, -44]]
[[1, 0], [37, 54], [-146, -189]]
[[1, 0], [37, 54], [-155, -162]]
[[1, 0], [37, 54], [-299, -324]]
[[1, 0], [37, 54], [-419, -594]]
[[1, 0], [37, 54], [-83, -81]]
[[1, 0], [37, 66], [-124, -165]]
[[1, 0], [37, 66], [-172, -297]]
[[1, 0], [37, 66], [-239, -330]]
[[1, 0], [37, 66], [-343, -594]]
[[1, 0], [37, 81], [-107, -162]]
[[1, 0], [37, 81], [-203, -324]]
[[1, 0], [37, 81], [-233, -486]]
[[1, 0], [37, 99], [-115, -297]]
[[1, 0], [37, 99], [-163, -396]]
[[1, 0], [37, 99], [-194, -495]]
[[1, 0], [37, 99], [-229, -594]]
[[1, 0], [37, 99], [-40, -99]]
[[1, 0], [37, 99], [-43, -99]]
[[1, 0], [37, 99], [-83, -198]]
[[1, 0], [376, 495], [-379, -495]]
[[1, 0], [377, 594], [-379, -594]]
[[1, 0], [38, 297], [-79, -594]]
[[1, 0], [38, 99], [-118, -297]]
[[1, 0], [38, 99], [-167, -396]]
[[1, 0], [38, 99], [-199, -495]]
[[1, 0], [38, 99], [-235, -594]]
[[1, 0], [38, 99], [-41, -99]]
[[1, 0], [38, 99], [-85, -198]]
[[1, 0], [389, 594], [-391, -594]]
[[1, 0], [395, 594], [-397, -594]]
[[1, 0], [4, 11], [-136, -297]]
[[1, 0], [4, 11], [-151, -44]]
[[1, 0], [4, 11], [-16, -17]]
[[1, 0], [4, 11], [-244, -77]]
[[1, 0], [4, 11], [-245, -451]]
[[1, 0], [4, 11], [-271, -374]]
[[1, 0], [4, 11], [-271, -594]]
[[1, 0], [4, 11], [-340, -341]]
[[1, 0], [4, 11], [-43, -44]]
[[1, 0], [4, 11], [-461, -154]]
[[1, 0], [4, 11], [-521, -319]]
[[1, 0], [4, 11], [-58, -11]]
[[1, 0], [4, 11], [-89, -22]]
[[1, 0], [4, 11], [-895, -308]]
[[1, 0], [4, 27], [-101, -162]]
[[1, 0], [4, 27], [-101, -459]]
[[1, 0], [4, 27], [-104, -405]]
[[1, 0], [4, 27], [-19, -54]]
[[1, 0], [4, 27], [-191, -324]]
[[1, 0], [4, 27], [-23, -81]]
[[1, 0], [4, 27], [-56, -297]]
[[1, 0], [4, 27], [-56, -81]]
[[1, 0], [4, 33], [-13, -33]]
[[1, 0], [4, 33], [-139, -330]]
[[1, 0], [4, 33], [-35, -66]]
[[1, 0], [4, 33], [-46, -297]]
[[1, 0], [4, 33], [-74, -165]]
[[1, 0], [4, 33], [-83, -462]]
[[1, 0], [4, 33], [-91, -594]]
[[1, 0], [4, 33], [-98, -363]]
[[1, 0], [4, 81], [-13, -189]]
[[1, 0], [4, 81], [-14, -135]]
[[1, 0], [4, 81], [-26, -81]]
[[1, 0], [4, 81], [-31, -108]]
[[1, 0], [4, 81], [-35, -486]]
[[1, 0], [4, 81], [-41, -162]]
[[1, 0], [4, 81], [-71, -324]]
[[1, 0], [4, 99], [-10, -99]]
[[1, 0], [4, 99], [-16, -297]]
[[1, 0], [4, 99], [-17, -198]]
[[1, 0], [4, 99], [-29, -495]]
[[1, 0], [4, 99], [-31, -396]]
[[1, 0], [4, 99], [-31, -594]]
[[1, 0], [4, 99], [-7, -99]]
[[1, 0], [4, 9], [-107, -18]]
[[1, 0], [4, 9], [-119, -45]]
[[1, 0], [4, 9], [-1291, -306]]
[[1, 0], [4, 9], [-146, -81]]
[[1, 0], [4, 9], [-151, -216]]
[[1, 0], [4, 9], [-152, -243]]
[[1, 0], [4, 9], [-157, -198]]
[[1, 0], [4, 9], [-160, -63]]
[[1, 0], [4, 9], [-166, -297]]
[[1, 0], [4, 9], [-179, -180]]
[[1, 0], [4, 9], [-208, -171]]
[[1, 0], [4, 9], [-281, -162]]
[[1, 0], [4, 9], [-299, -450]]
[[1, 0], [4, 9], [-304, -495]]
[[1, 0], [4, 9], [-311, -396]]
[[1, 0], [4, 9], [-331, -594]]
[[1, 0], [4, 9], [-34, -27]]
[[1, 0], [4, 9], [-37, -9]]
[[1, 0], [4, 9], [-376, -351]]
[[1, 0], [4, 9], [-47, -81]]
[[1, 0], [4, 9], [-551, -324]]
[[1, 0], [4, 9], [-62, -99]]
[[1, 0], [4, 9], [-662, -153]]
[[1, 0], [4, 9], [-734, -315]]
[[1, 0], [4, 9], [-80, -99]]
[[1, 0], [40, 117], [-142, -351]]
[[1, 0], [40, 297], [-83, -594]]
[[1, 0], [40, 81], [-113, -162]]
[[1, 0], [40, 81], [-215, -324]]
[[1, 0], [40, 81], [-251, -486]]
[[1, 0], [40, 81], [-74, -135]]
[[1, 0], [40, 81], [-79, -108]]
[[1, 0], [40, 81], [-97, -189]]
[[1, 0], [40, 99], [-124, -297]]
[[1, 0], [40, 99], [-175, -396]]
[[1, 0], [40, 99], [-247, -594]]
[[1, 0], [40, 99], [-43, -99]]
[[1, 0], [40, 99], [-46, -99]]
[[1, 0], [40, 99], [-89, -198]]
[[1, 0], [401, 594], [-403, -594]]
[[1, 0], [41, 108], [-167, -324]]
[[1, 0], [41, 108], [-175, -432]]
[[1, 0], [41, 108], [-89, -162]]
[[1, 0], [41, 135], [-134, -405]]
[[1, 0], [41, 165], [-109, -330]]
[[1, 0], [41, 165], [-59, -165]]
[[1, 0], [41, 198], [-127, -594]]
[[1, 0], [41, 198], [-47, -198]]
[[1, 0], [41, 198], [-64, -297]]
[[1, 0], [41, 198], [-91, -396]]
[[1, 0], [41, 297], [-85, -594]]
[[1, 0], [41, 330], [-59, -330]]
[[1, 0], [41, 396], [-47, -396]]
[[1, 0], [41, 44], [-146, -77]]
[[1, 0], [41, 44], [-191, -176]]
[[1, 0], [41, 44], [-265, -154]]
[[1, 0], [41, 44], [-503, -308]]
[[1, 0], [41, 45], [-419, -315]]
[[1, 0], [41, 45], [-469, -495]]
[[1, 0], [41, 45], [-95, -99]]
[[1, 0], [41, 45], [-97, -63]]
[[1, 0], [41, 54], [-115, -108]]
[[1, 0], [41, 54], [-155, -198]]
[[1, 0], [41, 54], [-160, -189]]
[[1, 0], [41, 54], [-167, -162]]
[[1, 0], [41, 54], [-175, -216]]
[[1, 0], [41, 54], [-232, -297]]
[[1, 0], [41, 54], [-323, -324]]
[[1, 0], [41, 54], [-463, -594]]
[[1, 0], [41, 54], [-89, -81]]
[[1, 0], [41, 55], [-314, -385]]
[[1, 0], [41, 55], [-71, -88]]
[[1, 0], [41, 60], [-274, -75]]
[[1, 0], [41, 60], [-449, -150]]
[[1, 0], [41, 60], [-799, -300]]
[[1, 0], [41, 66], [-134, -165]]
[[1, 0], [41, 66], [-190, -297]]
[[1, 0], [41, 66], [-259, -330]]
[[1, 0], [41, 66], [-379, -594]]
[[1, 0], [41, 72], [-119, -180]]
[[1, 0], [41, 72], [-67, -108]]
[[1, 0], [41, 72], [-95, -162]]
[[1, 0], [41, 88], [-191, -352]]
[[1, 0], [41, 99], [-127, -297]]
[[1, 0], [41, 99], [-179, -396]]
[[1, 0], [41, 99], [-214, -495]]
[[1, 0], [41, 99], [-47, -99]]
[[1, 0], [41, 99], [-91, -198]]
[[1, 0], [413, 594], [-415, -594]]
[[1, 0], [419, 594], [-421, -594]]
[[1, 0], [425, 594], [-427, -594]]
[[1, 0], [43, 154], [-167, -308]]
[[1, 0], [43, 154], [-97, -154]]
[[1, 0], [43, 162], [-119, -324]]
[[1, 0], [43, 189], [-97, -378]]
[[1, 0], [43, 198], [-133, -594]]
[[1, 0], [43, 198], [-49, -198]]
[[1, 0], [43, 198], [-67, -297]]
[[1, 0], [43, 198], [-95, -396]]
[[1, 0], [43, 297], [-89, -594]]
[[1, 0], [43, 54], [-167, -189]]
[[1, 0], [43, 54], [-173, -162]]
[[1, 0], [43, 54], [-335, -324]]
[[1, 0], [43, 54], [-485, -594]]
[[1, 0], [43, 54], [-92, -81]]
[[1, 0], [43, 63], [-314, -315]]
[[1, 0], [43, 63], [-398, -567]]
[[1, 0], [43, 63], [-76, -63]]
[[1, 0], [43, 66], [-139, -165]]
[[1, 0], [43, 66], [-199, -297]]
[[1, 0], [43, 66], [-269, -330]]
[[1, 0], [43, 66], [-397, -594]]
[[1, 0], [43, 77], [-167, -154]]
[[1, 0], [43, 77], [-307, -308]]
[[1, 0], [43, 77], [-97, -77]]
[[1, 0], [43, 81], [-104, -189]]
[[1, 0], [43, 81], [-119, -162]]
[[1, 0], [43, 81], [-227, -324]]
[[1, 0], [43, 81], [-269, -486]]
[[1, 0], [43, 81], [-49, -90]]
[[1, 0], [43, 81], [-65, -81]]
[[1, 0], [43, 81], [-79, -135]]
[[1, 0], [43, 81], [-83, -108]]
[[1, 0], [43, 99], [-133, -297]]
[[1, 0], [43, 99], [-224, -495]]
[[1, 0], [43, 99], [-265, -594]]
[[1, 0], [43, 99], [-46, -99]]
[[1, 0], [43, 99], [-49, -99]]
[[1, 0], [43, 99], [-95, -198]]
[[1, 0], [430, 891], [-431, -891]]
[[1, 0], [431, 594], [-433, -594]]
[[1, 0], [436, 495], [-439, -495]]
[[1, 0], [442, 891], [-443, -891]]
[[1, 0], [443, 594], [-445, -594]]
[[1, 0], [445, 891], [-446, -891]]
[[1, 0], [455, 594], [-457, -594]]
[[1, 0], [46, 135], [-149, -405]]
[[1, 0], [46, 165], [-119, -330]]
[[1, 0], [46, 165], [-64, -165]]
[[1, 0], [46, 297], [-95, -594]]
[[1, 0], [46, 495], [-49, -495]]
[[1, 0], [46, 55], [-349, -385]]
[[1, 0], [46, 55], [-79, -88]]
[[1, 0], [46, 81], [-125, -162]]
[[1, 0], [46, 81], [-239, -324]]
[[1, 0], [46, 81], [-287, -486]]
[[1, 0], [46, 99], [-101, -198]]
[[1, 0], [46, 99], [-142, -297]]
[[1, 0], [46, 99], [-199, -396]]
[[1, 0], [46, 99], [-239, -495]]
[[1, 0], [46, 99], [-283, -594]]
[[1, 0], [46, 99], [-49, -99]]
[[1, 0], [46, 99], [-52, -99]]
[[1, 0], [461, 594], [-463, -594]]
[[1, 0], [466, 891], [-467, -891]]
[[1, 0], [467, 594], [-469, -594]]
[[1, 0], [47, 198], [-103, -396]]
[[1, 0], [47, 198], [-145, -594]]
[[1, 0], [47, 198], [-53, -198]]
[[1, 0], [47, 198], [-73, -297]]
[[1, 0], [47, 297], [-97, -594]]
[[1, 0], [47, 54], [-127, -108]]
[[1, 0], [47, 54], [-181, -189]]
[[1, 0], [47, 54], [-185, -162]]
[[1, 0], [47, 54], [-199, -216]]
[[1, 0], [47, 54], [-265, -297]]
[[1, 0], [47, 54], [-359, -324]]
[[1, 0], [47, 54], [-529, -594]]
[[1, 0], [47, 54], [-89, -99]]
[[1, 0], [47, 54], [-98, -81]]
[[1, 0], [47, 66], [-149, -165]]
[[1, 0], [47, 66], [-217, -297]]
[[1, 0], [47, 66], [-289, -330]]
[[1, 0], [47, 66], [-433, -594]]
[[1, 0], [47, 99], [-103, -198]]
[[1, 0], [47, 99], [-145, -297]]
[[1, 0], [47, 99], [-203, -396]]
[[1, 0], [47, 99], [-244, -495]]
[[1, 0], [47, 99], [-289, -594]]
[[1, 0], [47, 99], [-50, -99]]
[[1, 0], [475, 891], [-476, -891]]
[[1, 0], [479, 594], [-481, -594]]
[[1, 0], [481, 891], [-482, -891]]
[[1, 0], [485, 594], [-487, -594]]
[[1, 0], [49, 108], [-101, -162]]
[[1, 0], [49, 108], [-191, -324]]
[[1, 0], [49, 108], [-64, -135]]
[[1, 0], [49, 144], [-79, -216]]
[[1, 0], [49, 162], [-131, -324]]
[[1, 0], [49, 162], [-71, -162]]
[[1, 0], [49, 198], [-107, -396]]
[[1, 0], [49, 198], [-151, -594]]
[[1, 0], [49, 198], [-76, -297]]
[[1, 0], [49, 297], [-101, -594]]
[[1, 0], [49, 324], [-71, -324]]
[[1, 0], [49, 54], [-101, -81]]
[[1, 0], [49, 54], [-188, -189]]
[[1, 0], [49, 54], [-191, -162]]
[[1, 0], [49, 54], [-371, -324]]
[[1, 0], [49, 54], [-551, -594]]
[[1, 0], [49, 66], [-226, -297]]
[[1, 0], [49, 66], [-299, -330]]
[[1, 0], [49, 66], [-67, -66]]
[[1, 0], [49, 72], [-113, -162]]
[[1, 0], [49, 72], [-139, -180]]
[[1, 0], [49, 72], [-79, -108]]
[[1, 0], [49, 81], [-118, -189]]
[[1, 0], [49, 81], [-131, -162]]
[[1, 0], [49, 81], [-251, -324]]
[[1, 0], [49, 81], [-305, -486]]
[[1, 0], [49, 81], [-89, -135]]
[[1, 0], [49, 81], [-91, -108]]
[[1, 0], [49, 88], [-223, -352]]
[[1, 0], [49, 99], [-107, -198]]
[[1, 0], [49, 99], [-151, -297]]
[[1, 0], [49, 99], [-211, -396]]
[[1, 0], [49, 99], [-254, -495]]
[[1, 0], [49, 99], [-301, -594]]
[[1, 0], [490, 891], [-491, -891]]
[[1, 0], [491, 594], [-493, -594]]
[[1, 0], [493, 891], [-494, -891]]
[[1, 0], [497, 594], [-499, -594]]
[[1, 0], [5, 108], [-31, -432]]
[[1, 0], [5, 108], [-35, -162]]
[[1, 0], [5, 108], [-59, -324]]
[[1, 0], [5, 11], [-155, -44]]
[[1, 0], [5, 11], [-163, -297]]
[[1, 0], [5, 11], [-251, -77]]
[[1, 0], [5, 11], [-305, -374]]
[[1, 0], [5, 11], [-325, -594]]
[[1, 0], [5, 11], [-371, -341]]
[[1, 0], [5, 11], [-47, -44]]
[[1, 0], [5, 11], [-475, -154]]
[[1, 0], [5, 11], [-59, -11]]
[[1, 0], [5, 11], [-62, -77]]
[[1, 0], [5, 11], [-91, -22]]
[[1, 0], [5, 11], [-923, -308]]
[[1, 0], [5, 12], [-119, -81]]
[[1, 0], [5, 12], [-1399, -150]]
[[1, 0], [5, 12], [-181, -78]]
[[1, 0], [5, 12], [-227, -162]]
[[1, 0], [5, 12], [-229, -15]]
[[1, 0], [5, 12], [-2699, -300]]
[[1, 0], [5, 12], [-359, -30]]
[[1, 0], [5, 12], [-443, -324]]
[[1, 0], [5, 12], [-619, -60]]
[[1, 0], [5, 12], [-67, -108]]
[[1, 0], [5, 12], [-749, -75]]
[[1, 0], [5, 18], [-100, -297]]
[[1, 0], [5, 18], [-13, -27]]
[[1, 0], [5, 18], [-155, -162]]
[[1, 0], [5, 18], [-175, -432]]
[[1, 0], [5, 18], [-179, -396]]
[[1, 0], [5, 18], [-179, -486]]
[[1, 0], [5, 18], [-199, -360]]
[[1, 0], [5, 18], [-199, -594]]
[[1, 0], [5, 18], [-227, -342]]
[[1, 0], [5, 18], [-29, -45]]
[[1, 0], [5, 18], [-299, -324]]
[[1, 0], [5, 18], [-356, -153]]
[[1, 0], [5, 18], [-47, -99]]
[[1, 0], [5, 18], [-679, -306]]
[[1, 0], [5, 18], [-83, -81]]
[[1, 0], [5, 18], [-91, -198]]
[[1, 0], [5, 198], [-10, -297]]
[[1, 0], [5, 198], [-19, -396]]
[[1, 0], [5, 198], [-19, -594]]
[[1, 0], [5, 22], [-139, -77]]
[[1, 0], [5, 22], [-163, -594]]
[[1, 0], [5, 22], [-251, -154]]
[[1, 0], [5, 22], [-47, -88]]
[[1, 0], [5, 22], [-475, -308]]
[[1, 0], [5, 22], [-59, -22]]
[[1, 0], [5, 22], [-82, -297]]
[[1, 0], [5, 22], [-91, -44]]
[[1, 0], [5, 27], [-107, -162]]
[[1, 0], [5, 27], [-118, -459]]
[[1, 0], [5, 27], [-119, -405]]
[[1, 0], [5, 27], [-125, -378]]
[[1, 0], [5, 27], [-133, -594]]
[[1, 0], [5, 27], [-142, -351]]
[[1, 0], [5, 27], [-203, -324]]
[[1, 0], [5, 27], [-23, -99]]
[[1, 0], [5, 27], [-26, -81]]
[[1, 0], [5, 27], [-31, -108]]
[[1, 0], [5, 27], [-41, -162]]
[[1, 0], [5, 27], [-43, -54]]
[[1, 0], [5, 27], [-59, -81]]
[[1, 0], [5, 27], [-67, -297]]
[[1, 0], [5, 297], [-13, -594]]
[[1, 0], [5, 33], [-109, -363]]
[[1, 0], [5, 33], [-109, -594]]
[[1, 0], [5, 33], [-14, -33]]
[[1, 0], [5, 33], [-149, -330]]
[[1, 0], [5, 33], [-23, -33]]
[[1, 0], [5, 33], [-37, -66]]
[[1, 0], [5, 33], [-79, -165]]
[[1, 0], [5, 33], [-97, -462]]
[[1, 0], [5, 36], [-13, -54]]
[[1, 0], [5, 36], [-14, -81]]
[[1, 0], [5, 36], [-155, -324]]
[[1, 0], [5, 36], [-25, -99]]
[[1, 0], [5, 36], [-29, -90]]
[[1, 0], [5, 36], [-47, -198]]
[[1, 0], [5, 36], [-47, -81]]
[[1, 0], [5, 36], [-83, -162]]
[[1, 0], [5, 36], [-91, -396]]
[[1, 0], [5, 44], [-139, -154]]
[[1, 0], [5, 44], [-251, -308]]
[[1, 0], [5, 44], [-47, -176]]
[[1, 0], [5, 44], [-59, -44]]
[[1, 0], [5, 44], [-83, -77]]
[[1, 0], [5, 54], [-107, -324]]
[[1, 0], [5, 54], [-23, -198]]
[[1, 0], [5, 54], [-31, -216]]
[[1, 0], [5, 54], [-34, -189]]
[[1, 0], [5, 54], [-34, -297]]
[[1, 0], [5, 54], [-35, -81]]
[[1, 0], [5, 54], [-43, -108]]
[[1, 0], [5, 54], [-59, -162]]
[[1, 0], [5, 54], [-67, -594]]
[[1, 0], [5, 66], [-23, -66]]
[[1, 0], [5, 66], [-28, -297]]
[[1, 0], [5, 66], [-79, -330]]
[[1, 0], [5, 6], [-1139, -60]]
[[1, 0], [5, 6], [-119, -24]]
[[1, 0], [5, 6], [-1399, -75]]
[[1, 0], [5, 6], [-163, -66]]
[[1, 0], [5, 6], [-181, -39]]
[[1, 0], [5, 6], [-227, -81]]
[[1, 0], [5, 6], [-2699, -150]]
[[1, 0], [5, 6], [-298, -297]]
[[1, 0], [5, 6], [-307, -12]]
[[1, 0], [5, 6], [-359, -15]]
[[1, 0], [5, 6], [-394, -165]]
[[1, 0], [5, 6], [-443, -162]]
[[1, 0], [5, 6], [-5299, -300]]
[[1, 0], [5, 6], [-595, -594]]
[[1, 0], [5, 6], [-619, -30]]
[[1, 0], [5, 6], [-67, -54]]
[[1, 0], [5, 6], [-779, -330]]
[[1, 0], [5, 6], [-86, -33]]
[[1, 0], [5, 6], [-875, -324]]
[[1, 0], [5, 99], [-19, -198]]
[[1, 0], [5, 99], [-19, -297]]
[[1, 0], [5, 99], [-34, -495]]
[[1, 0], [5, 99], [-35, -396]]
[[1, 0], [5, 99], [-37, -594]]
[[1, 0], [5, 99], [-8, -99]]
[[1, 0], [5, 9], [-109, -18]]
[[1, 0], [5, 9], [-124, -45]]
[[1, 0], [5, 9], [-1325, -306]]
[[1, 0], [5, 9], [-155, -81]]
[[1, 0], [5, 9], [-167, -63]]
[[1, 0], [5, 9], [-175, -216]]
[[1, 0], [5, 9], [-179, -198]]
[[1, 0], [5, 9], [-179, -243]]
[[1, 0], [5, 9], [-199, -180]]
[[1, 0], [5, 9], [-199, -297]]
[[1, 0], [5, 9], [-227, -171]]
[[1, 0], [5, 9], [-299, -162]]
[[1, 0], [5, 9], [-349, -450]]
[[1, 0], [5, 9], [-355, -396]]
[[1, 0], [5, 9], [-359, -495]]
[[1, 0], [5, 9], [-37, -27]]
[[1, 0], [5, 9], [-38, -9]]
[[1, 0], [5, 9], [-397, -594]]
[[1, 0], [5, 9], [-415, -351]]
[[1, 0], [5, 9], [-56, -81]]
[[1, 0], [5, 9], [-587, -324]]
[[1, 0], [5, 9], [-679, -153]]
[[1, 0], [5, 9], [-73, -99]]
[[1, 0], [5, 9], [-769, -315]]
[[1, 0], [5, 9], [-91, -99]]
[[1, 0], [50, 297], [-103, -594]]
[[1, 0], [50, 63], [-349, -315]]
[[1, 0], [50, 63], [-461, -567]]
[[1, 0], [50, 77], [-104, -77]]
[[1, 0], [50, 77], [-181, -154]]
[[1, 0], [50, 77], [-335, -308]]
[[1, 0], [50, 99], [-109, -198]]
[[1, 0], [50, 99], [-215, -396]]
[[1, 0], [50, 99], [-259, -495]]
[[1, 0], [50, 99], [-307, -594]]
[[1, 0], [508, 891], [-509, -891]]
[[1, 0], [509, 594], [-511, -594]]
[[1, 0], [51, 55], [-384, -385]]
[[1, 0], [51, 55], [-87, -88]]
[[1, 0], [52, 153], [-203, -306]]
[[1, 0], [52, 297], [-107, -594]]
[[1, 0], [52, 81], [-125, -189]]
[[1, 0], [52, 81], [-137, -162]]
[[1, 0], [52, 81], [-263, -324]]
[[1, 0], [52, 81], [-323, -486]]
[[1, 0], [52, 81], [-59, -90]]
[[1, 0], [52, 81], [-74, -81]]
[[1, 0], [52, 81], [-94, -135]]
[[1, 0], [52, 81], [-95, -108]]
[[1, 0], [52, 99], [-113, -198]]
[[1, 0], [52, 99], [-160, -297]]
[[1, 0], [52, 99], [-223, -396]]
[[1, 0], [52, 99], [-269, -495]]
[[1, 0], [520, 891], [-521, -891]]
[[1, 0], [521, 594], [-523, -594]]
[[1, 0], [527, 594], [-529, -594]]
[[1, 0], [529, 891], [-530, -891]]
[[1, 0], [53, 108], [-107, -162]]
[[1, 0], [53, 108], [-203, -324]]
[[1, 0], [53, 108], [-223, -432]]
[[1, 0], [53, 117], [-181, -351]]
[[1, 0], [53, 198], [-115, -396]]
[[1, 0], [53, 198], [-163, -594]]
[[1, 0], [53, 198], [-82, -297]]
[[1, 0], [53, 297], [-109, -594]]
[[1, 0], [53, 54], [-100, -99]]
[[1, 0], [53, 54], [-107, -81]]
[[1, 0], [53, 54], [-139, -108]]
[[1, 0], [53, 54], [-199, -198]]
[[1, 0], [53, 54], [-202, -189]]
[[1, 0], [53, 54], [-203, -162]]
[[1, 0], [53, 54], [-223, -216]]
[[1, 0], [53, 54], [-298, -297]]
[[1, 0], [53, 54], [-395, -324]]
[[1, 0], [53, 54], [-595, -594]]
[[1, 0], [53, 54], [-67, -66]]
[[1, 0], [53, 66], [-164, -165]]
[[1, 0], [53, 66], [-244, -297]]
[[1, 0], [53, 66], [-487, -594]]
[[1, 0], [53, 66], [-71, -66]]
[[1, 0], [53, 78], [-311, -312]]
[[1, 0], [53, 99], [-115, -198]]
[[1, 0], [53, 99], [-163, -297]]
[[1, 0], [53, 99], [-227, -396]]
[[1, 0], [53, 99], [-274, -495]]
[[1, 0], [53, 99], [-325, -594]]
[[1, 0], [533, 594], [-535, -594]]
[[1, 0], [545, 594], [-547, -594]]
[[1, 0], [55, 162], [-143, -324]]
[[1, 0], [55, 162], [-77, -162]]
[[1, 0], [55, 81], [-143, -162]]
[[1, 0], [55, 81], [-275, -324]]
[[1, 0], [55, 81], [-341, -486]]
[[1, 0], [551, 594], [-553, -594]]
[[1, 0], [553, 891], [-554, -891]]
[[1, 0], [557, 594], [-559, -594]]
[[1, 0], [56, 135], [-179, -405]]
[[1, 0], [56, 165], [-139, -330]]
[[1, 0], [56, 297], [-115, -594]]
[[1, 0], [56, 297], [-58, -297]]
[[1, 0], [56, 363], [-65, -363]]
[[1, 0], [56, 99], [-172, -297]]
[[1, 0], [56, 99], [-239, -396]]
[[1, 0], [56, 99], [-289, -495]]
[[1, 0], [56, 99], [-343, -594]]
[[1, 0], [562, 891], [-563, -891]]
[[1, 0], [563, 594], [-565, -594]]
[[1, 0], [565, 891], [-566, -891]]
[[1, 0], [57, 154], [-195, -308]]
[[1, 0], [57, 77], [-195, -154]]
[[1, 0], [57, 88], [-255, -352]]
[[1, 0], [574, 891], [-575, -891]]
[[1, 0], [575, 594], [-577, -594]]
[[1, 0], [58, 297], [-119, -594]]
[[1, 0], [58, 81], [-103, -108]]
[[1, 0], [58, 81], [-104, -135]]
[[1, 0], [58, 81], [-139, -189]]
[[1, 0], [58, 81], [-149, -162]]
[[1, 0], [58, 81], [-287, -324]]
[[1, 0], [58, 81], [-359, -486]]
[[1, 0], [58, 99], [-125, -198]]
[[1, 0], [58, 99], [-178, -297]]
[[1, 0], [58, 99], [-247, -396]]
[[1, 0], [58, 99], [-299, -495]]
[[1, 0], [58, 99], [-355, -594]]
[[1, 0], [587, 594], [-589, -594]]
[[1, 0], [59, 198], [-127, -396]]
[[1, 0], [59, 198], [-181, -594]]
[[1, 0], [59, 198], [-65, -198]]
[[1, 0], [59, 198], [-91, -297]]
[[1, 0], [59, 319], [-86, -319]]
[[1, 0], [59, 66], [-179, -165]]
[[1, 0], [59, 66], [-271, -297]]
[[1, 0], [59, 66], [-349, -330]]
[[1, 0], [59, 66], [-541, -594]]
[[1, 0], [59, 99], [-127, -198]]
[[1, 0], [59, 99], [-181, -297]]
[[1, 0], [59, 99], [-251, -396]]
[[1, 0], [59, 99], [-304, -495]]
[[1, 0], [59, 99], [-361, -594]]
[[1, 0], [592, 891], [-593, -891]]
[[1, 0], [593, 594], [-595, -594]]
[[1, 0], [6, 11], [-111, -28]]
[[1, 0], [6, 11], [-159, -44]]
[[1, 0], [6, 11], [-190, -297]]
[[1, 0], [6, 11], [-258, -77]]
[[1, 0], [6, 11], [-327, -451]]
[[1, 0], [6, 11], [-339, -374]]
[[1, 0], [6, 11], [-379, -594]]
[[1, 0], [6, 11], [-402, -341]]
[[1, 0], [6, 11], [-489, -154]]
[[1, 0], [6, 11], [-51, -44]]
[[1, 0], [6, 11], [-579, -319]]
[[1, 0], [6, 11], [-60, -11]]
[[1, 0], [6, 11], [-69, -14]]
[[1, 0], [6, 11], [-69, -77]]
[[1, 0], [6, 11], [-93, -22]]
[[1, 0], [6, 11], [-951, -308]]
[[1, 0], [6, 55], [-15, -88]]
[[1, 0], [6, 55], [-69, -385]]
[[1, 0], [601, 891], [-602, -891]]
[[1, 0], [61, 108], [-119, -162]]
[[1, 0], [61, 108], [-227, -324]]
[[1, 0], [61, 108], [-79, -135]]
[[1, 0], [61, 135], [-194, -405]]
[[1, 0], [61, 162], [-155, -324]]
[[1, 0], [61, 165], [-149, -330]]
[[1, 0], [61, 165], [-79, -165]]
[[1, 0], [61, 198], [-131, -396]]
[[1, 0], [61, 198], [-67, -198]]
[[1, 0], [61, 198], [-94, -297]]
[[1, 0], [61, 297], [-125, -594]]
[[1, 0], [61, 330], [-79, -330]]
[[1, 0], [61, 396], [-67, -396]]
[[1, 0], [61, 495], [-64, -495]]
[[1, 0], [61, 66], [-184, -165]]
[[1, 0], [61, 66], [-280, -297]]
[[1, 0], [61, 66], [-359, -330]]
[[1, 0], [61, 66], [-559, -594]]
[[1, 0], [61, 81], [-107, -108]]
[[1, 0], [61, 81], [-109, -135]]
[[1, 0], [61, 81], [-146, -189]]
[[1, 0], [61, 81], [-155, -162]]
[[1, 0], [61, 81], [-299, -324]]
[[1, 0], [61, 81], [-377, -486]]
[[1, 0], [61, 99], [-131, -198]]
[[1, 0], [61, 99], [-259, -396]]
[[1, 0], [61, 99], [-314, -495]]
[[1, 0], [61, 99], [-373, -594]]
[[1, 0], [619, 891], [-620, -891]]
[[1, 0], [62, 297], [-127, -594]]
[[1, 0], [62, 99], [-133, -198]]
[[1, 0], [62, 99], [-190, -297]]
[[1, 0], [62, 99], [-263, -396]]
[[1, 0], [62, 99], [-379, -594]]
[[1, 0], [64, 189], [-139, -378]]
[[1, 0], [64, 297], [-131, -594]]
[[1, 0], [64, 77], [-391, -308]]
[[1, 0], [64, 81], [-161, -162]]
[[1, 0], [64, 81], [-311, -324]]
[[1, 0], [64, 81], [-395, -486]]
[[1, 0], [64, 81], [-86, -81]]
[[1, 0], [64, 99], [-137, -198]]
[[1, 0], [64, 99], [-196, -297]]
[[1, 0], [64, 99], [-271, -396]]
[[1, 0], [64, 99], [-329, -495]]
[[1, 0], [64, 99], [-391, -594]]
[[1, 0], [65, 108], [-125, -162]]
[[1, 0], [65, 108], [-239, -324]]
[[1, 0], [65, 108], [-271, -432]]
[[1, 0], [65, 144], [-103, -216]]
[[1, 0], [65, 198], [-100, -297]]
[[1, 0], [65, 198], [-139, -396]]
[[1, 0], [65, 198], [-199, -594]]
[[1, 0], [65, 198], [-71, -198]]
[[1, 0], [65, 297], [-133, -594]]
[[1, 0], [65, 396], [-71, -396]]
[[1, 0], [65, 66], [-194, -165]]
[[1, 0], [65, 66], [-298, -297]]
[[1, 0], [65, 66], [-379, -330]]
[[1, 0], [65, 66], [-595, -594]]
[[1, 0], [65, 72], [-103, -108]]
[[1, 0], [65, 72], [-149, -162]]
[[1, 0], [65, 72], [-179, -180]]
[[1, 0], [65, 88], [-287, -352]]
[[1, 0], [65, 99], [-139, -198]]
[[1, 0], [65, 99], [-199, -297]]
[[1, 0], [65, 99], [-334, -495]]
[[1, 0], [65, 99], [-397, -594]]
[[1, 0], [655, 891], [-656, -891]]
[[1, 0], [67, 162], [-167, -324]]
[[1, 0], [67, 162], [-89, -162]]
[[1, 0], [67, 198], [-103, -297]]
[[1, 0], [67, 198], [-205, -594]]
[[1, 0], [67, 198], [-73, -198]]
[[1, 0], [67, 297], [-137, -594]]
[[1, 0], [67, 363], [-76, -363]]
[[1, 0], [67, 81], [-115, -108]]
[[1, 0], [67, 81], [-119, -135]]
[[1, 0], [67, 81], [-160, -189]]
[[1, 0], [67, 81], [-167, -162]]
[[1, 0], [67, 81], [-323, -324]]
[[1, 0], [67, 81], [-413, -486]]
[[1, 0], [67, 81], [-89, -81]]
[[1, 0], [67, 891], [-68, -891]]
[[1, 0], [67, 99], [-205, -297]]
[[1, 0], [67, 99], [-283, -396]]
[[1, 0], [67, 99], [-344, -495]]
[[1, 0], [67, 99], [-409, -594]]
[[1, 0], [68, 297], [-139, -594]]
[[1, 0], [68, 99], [-145, -198]]
[[1, 0], [68, 99], [-208, -297]]
[[1, 0], [68, 99], [-287, -396]]
[[1, 0], [68, 99], [-349, -495]]
[[1, 0], [68, 99], [-415, -594]]
[[1, 0], [7, 11], [-163, -44]]
[[1, 0], [7, 11], [-217, -297]]
[[1, 0], [7, 11], [-265, -77]]
[[1, 0], [7, 11], [-34, -11]]
[[1, 0], [7, 11], [-368, -451]]
[[1, 0], [7, 11], [-373, -374]]
[[1, 0], [7, 11], [-433, -341]]
[[1, 0], [7, 11], [-433, -594]]
[[1, 0], [7, 11], [-503, -154]]
[[1, 0], [7, 11], [-608, -319]]
[[1, 0], [7, 11], [-76, -77]]
[[1, 0], [7, 11], [-95, -22]]
[[1, 0], [7, 162], [-47, -324]]
[[1, 0], [7, 18], [-113, -198]]
[[1, 0], [7, 18], [-133, -297]]
[[1, 0], [7, 18], [-16, -27]]
[[1, 0], [7, 18], [-173, -162]]
[[1, 0], [7, 18], [-223, -396]]
[[1, 0], [7, 18], [-223, -432]]
[[1, 0], [7, 18], [-233, -486]]
[[1, 0], [7, 18], [-239, -360]]
[[1, 0], [7, 18], [-265, -342]]
[[1, 0], [7, 18], [-265, -594]]
[[1, 0], [7, 18], [-335, -324]]
[[1, 0], [7, 18], [-34, -45]]
[[1, 0], [7, 18], [-373, -153]]
[[1, 0], [7, 18], [-58, -99]]
[[1, 0], [7, 18], [-713, -306]]
[[1, 0], [7, 18], [-73, -18]]
[[1, 0], [7, 18], [-92, -81]]
[[1, 0], [7, 198], [-13, -198]]
[[1, 0], [7, 198], [-13, -297]]
[[1, 0], [7, 198], [-23, -396]]
[[1, 0], [7, 198], [-25, -594]]
[[1, 0], [7, 22], [-109, -297]]
[[1, 0], [7, 22], [-146, -77]]
[[1, 0], [7, 22], [-217, -594]]
[[1, 0], [7, 22], [-265, -154]]
[[1, 0], [7, 22], [-503, -308]]
[[1, 0], [7, 22], [-95, -44]]
[[1, 0], [7, 27], [-119, -162]]
[[1, 0], [7, 27], [-149, -405]]
[[1, 0], [7, 27], [-152, -459]]
[[1, 0], [7, 27], [-227, -324]]
[[1, 0], [7, 27], [-25, -54]]
[[1, 0], [7, 27], [-32, -81]]
[[1, 0], [7, 27], [-65, -81]]
[[1, 0], [7, 27], [-89, -297]]
[[1, 0], [7, 297], [-17, -594]]
[[1, 0], [7, 33], [-125, -462]]
[[1, 0], [7, 33], [-13, -42]]
[[1, 0], [7, 33], [-131, -363]]
[[1, 0], [7, 33], [-145, -594]]
[[1, 0], [7, 33], [-16, -33]]
[[1, 0], [7, 33], [-169, -330]]
[[1, 0], [7, 33], [-25, -33]]
[[1, 0], [7, 33], [-41, -66]]
[[1, 0], [7, 33], [-73, -297]]
[[1, 0], [7, 33], [-89, -165]]
[[1, 0], [7, 54], [-119, -324]]
[[1, 0], [7, 54], [-38, -81]]
[[1, 0], [7, 54], [-41, -189]]
[[1, 0], [7, 54], [-65, -162]]
[[1, 0], [7, 54], [-89, -594]]
[[1, 0], [7, 66], [-25, -66]]
[[1, 0], [7, 66], [-37, -297]]
[[1, 0], [7, 66], [-49, -165]]
[[1, 0], [7, 66], [-73, -594]]
[[1, 0], [7, 66], [-89, -330]]
[[1, 0], [7, 81], [-19, -135]]
[[1, 0], [7, 81], [-20, -189]]
[[1, 0], [7, 81], [-35, -108]]
[[1, 0], [7, 81], [-47, -162]]
[[1, 0], [7, 81], [-53, -486]]
[[1, 0], [7, 81], [-83, -324]]
[[1, 0], [7, 99], [-10, -99]]
[[1, 0], [7, 99], [-13, -99]]
[[1, 0], [7, 99], [-23, -198]]
[[1, 0], [7, 99], [-25, -297]]
[[1, 0], [7, 99], [-43, -396]]
[[1, 0], [7, 99], [-49, -594]]
[[1, 0], [7, 9], [-113, -18]]
[[1, 0], [7, 9], [-113, -99]]
[[1, 0], [7, 9], [-134, -45]]
[[1, 0], [7, 9], [-1393, -306]]
[[1, 0], [7, 9], [-173, -81]]
[[1, 0], [7, 9], [-181, -63]]
[[1, 0], [7, 9], [-223, -198]]
[[1, 0], [7, 9], [-223, -216]]
[[1, 0], [7, 9], [-233, -243]]
[[1, 0], [7, 9], [-239, -180]]
[[1, 0], [7, 9], [-265, -171]]
[[1, 0], [7, 9], [-265, -297]]
[[1, 0], [7, 9], [-335, -162]]
[[1, 0], [7, 9], [-43, -27]]
[[1, 0], [7, 9], [-443, -396]]
[[1, 0], [7, 9], [-449, -450]]
[[1, 0], [7, 9], [-469, -495]]
[[1, 0], [7, 9], [-493, -351]]
[[1, 0], [7, 9], [-529, -594]]
[[1, 0], [7, 9], [-659, -324]]
[[1, 0], [7, 9], [-713, -153]]
[[1, 0], [7, 9], [-73, -9]]
[[1, 0], [7, 9], [-74, -81]]
[[1, 0], [7, 9], [-839, -315]]
[[1, 0], [7, 9], [-95, -99]]
[[1, 0], [70, 81], [-119, -108]]
[[1, 0], [70, 81], [-124, -135]]
[[1, 0], [70, 81], [-167, -189]]
[[1, 0], [70, 81], [-173, -162]]
[[1, 0], [70, 81], [-335, -324]]
[[1, 0], [70, 81], [-431, -486]]
[[1, 0], [70, 81], [-79, -90]]
[[1, 0], [70, 81], [-92, -81]]
[[1, 0], [70, 891], [-71, -891]]
[[1, 0], [70, 99], [-149, -198]]
[[1, 0], [70, 99], [-214, -297]]
[[1, 0], [70, 99], [-295, -396]]
[[1, 0], [70, 99], [-359, -495]]
[[1, 0], [70, 99], [-427, -594]]
[[1, 0], [70, 99], [-76, -99]]
[[1, 0], [700, 891], [-701, -891]]
[[1, 0], [71, 135], [-224, -405]]
[[1, 0], [71, 154], [-223, -308]]
[[1, 0], [71, 165], [-169, -330]]
[[1, 0], [71, 165], [-89, -165]]
[[1, 0], [71, 198], [-109, -297]]
[[1, 0], [71, 198], [-151, -396]]
[[1, 0], [71, 198], [-217, -594]]
[[1, 0], [71, 297], [-145, -594]]
[[1, 0], [71, 315], [-104, -315]]
[[1, 0], [71, 330], [-89, -330]]
[[1, 0], [71, 495], [-74, -495]]
[[1, 0], [71, 77], [-223, -154]]
[[1, 0], [71, 77], [-419, -308]]
[[1, 0], [71, 99], [-151, -198]]
[[1, 0], [71, 99], [-217, -297]]
[[1, 0], [71, 99], [-299, -396]]
[[1, 0], [71, 99], [-364, -495]]
[[1, 0], [71, 99], [-433, -594]]
[[1, 0], [73, 108], [-137, -162]]
[[1, 0], [73, 108], [-263, -324]]
[[1, 0], [73, 108], [-94, -135]]
[[1, 0], [73, 162], [-179, -324]]
[[1, 0], [73, 198], [-112, -297]]
[[1, 0], [73, 198], [-155, -396]]
[[1, 0], [73, 198], [-223, -594]]
[[1, 0], [73, 198], [-79, -198]]
[[1, 0], [73, 297], [-149, -594]]
[[1, 0], [73, 324], [-95, -324]]
[[1, 0], [73, 396], [-79, -396]]
[[1, 0], [73, 81], [-179, -162]]
[[1, 0], [73, 81], [-347, -324]]
[[1, 0], [73, 81], [-449, -486]]
[[1, 0], [73, 99], [-155, -198]]
[[1, 0], [73, 99], [-223, -297]]
[[1, 0], [73, 99], [-307, -396]]
[[1, 0], [73, 99], [-445, -594]]
[[1, 0], [73, 99], [-76, -99]]
[[1, 0], [73, 99], [-79, -99]]
[[1, 0], [739, 891], [-740, -891]]
[[1, 0], [74, 297], [-151, -594]]
[[1, 0], [74, 99], [-157, -198]]
[[1, 0], [74, 99], [-226, -297]]
[[1, 0], [74, 99], [-311, -396]]
[[1, 0], [74, 99], [-379, -495]]
[[1, 0], [76, 135], [-239, -405]]
[[1, 0], [76, 165], [-179, -330]]
[[1, 0], [76, 297], [-155, -594]]
[[1, 0], [76, 495], [-79, -495]]
[[1, 0], [76, 81], [-127, -108]]
[[1, 0], [76, 81], [-134, -135]]
[[1, 0], [76, 81], [-181, -189]]
[[1, 0], [76, 81], [-185, -162]]
[[1, 0], [76, 81], [-359, -324]]
[[1, 0], [76, 81], [-467, -486]]
[[1, 0], [76, 99], [-161, -198]]
[[1, 0], [76, 99], [-232, -297]]
[[1, 0], [76, 99], [-389, -495]]
[[1, 0], [76, 99], [-463, -594]]
[[1, 0], [77, 108], [-143, -162]]
[[1, 0], [77, 108], [-275, -324]]
[[1, 0], [77, 108], [-319, -432]]
[[1, 0], [79, 117], [-259, -351]]
[[1, 0], [79, 162], [-101, -162]]
[[1, 0], [79, 162], [-191, -324]]
[[1, 0], [79, 198], [-167, -396]]
[[1, 0], [79, 198], [-241, -594]]
[[1, 0], [79, 198], [-85, -198]]
[[1, 0], [79, 297], [-161, -594]]
[[1, 0], [79, 81], [-101, -81]]
[[1, 0], [79, 81], [-131, -108]]
[[1, 0], [79, 81], [-139, -135]]
[[1, 0], [79, 81], [-188, -189]]
[[1, 0], [79, 81], [-191, -162]]
[[1, 0], [79, 81], [-371, -324]]
[[1, 0], [79, 81], [-485, -486]]
[[1, 0], [79, 81], [-89, -90]]
[[1, 0], [79, 891], [-80, -891]]
[[1, 0], [79, 99], [-167, -198]]
[[1, 0], [79, 99], [-241, -297]]
[[1, 0], [79, 99], [-331, -396]]
[[1, 0], [79, 99], [-404, -495]]
[[1, 0], [79, 99], [-481, -594]]
[[1, 0], [79, 99], [-82, -99]]
[[1, 0], [8, 11], [-1007, -308]]
[[1, 0], [8, 11], [-167, -44]]
[[1, 0], [8, 11], [-244, -297]]
[[1, 0], [8, 11], [-272, -77]]
[[1, 0], [8, 11], [-409, -451]]
[[1, 0], [8, 11], [-464, -341]]
[[1, 0], [8, 11], [-487, -594]]
[[1, 0], [8, 11], [-59, -44]]
[[1, 0], [8, 11], [-637, -319]]
[[1, 0], [8, 11], [-83, -77]]
[[1, 0], [8, 11], [-97, -22]]
[[1, 0], [8, 27], [-100, -297]]
[[1, 0], [8, 27], [-125, -162]]
[[1, 0], [8, 27], [-164, -405]]
[[1, 0], [8, 27], [-167, -378]]
[[1, 0], [8, 27], [-169, -459]]
[[1, 0], [8, 27], [-181, -351]]
[[1, 0], [8, 27], [-19, -27]]
[[1, 0], [8, 27], [-199, -594]]
[[1, 0], [8, 27], [-23, -66]]
[[1, 0], [8, 27], [-239, -324]]
[[1, 0], [8, 27], [-25, -39]]
[[1, 0], [8, 27], [-34, -99]]
[[1, 0], [8, 27], [-35, -81]]
[[1, 0], [8, 27], [-43, -108]]
[[1, 0], [8, 27], [-49, -54]]
[[1, 0], [8, 27], [-59, -162]]
[[1, 0], [8, 27], [-64, -117]]
[[1, 0], [8, 27], [-67, -198]]
[[1, 0], [8, 27], [-68, -81]]
[[1, 0], [8, 297], [-19, -594]]
[[1, 0], [8, 33], [-139, -462]]
[[1, 0], [8, 33], [-142, -363]]
[[1, 0], [8, 33], [-163, -594]]
[[1, 0], [8, 33], [-17, -33]]
[[1, 0], [8, 33], [-179, -330]]
[[1, 0], [8, 33], [-43, -66]]
[[1, 0], [8, 33], [-82, -297]]
[[1, 0], [8, 33], [-94, -165]]
[[1, 0], [8, 63], [-139, -315]]
[[1, 0], [8, 63], [-41, -63]]
[[1, 0], [8, 63], [-83, -567]]
[[1, 0], [8, 77], [-167, -308]]
[[1, 0], [8, 77], [-62, -77]]
[[1, 0], [8, 77], [-97, -154]]
[[1, 0], [8, 99], [-14, -99]]
[[1, 0], [8, 99], [-25, -198]]
[[1, 0], [8, 99], [-28, -297]]
[[1, 0], [8, 99], [-47, -396]]
[[1, 0], [8, 99], [-49, -495]]
[[1, 0], [8, 9], [-106, -99]]
[[1, 0], [8, 9], [-115, -18]]
[[1, 0], [8, 9], [-124, -99]]
[[1, 0], [8, 9], [-139, -45]]
[[1, 0], [8, 9], [-1427, -306]]
[[1, 0], [8, 9], [-182, -81]]
[[1, 0], [8, 9], [-188, -63]]
[[1, 0], [8, 9], [-245, -198]]
[[1, 0], [8, 9], [-247, -216]]
[[1, 0], [8, 9], [-259, -180]]
[[1, 0], [8, 9], [-260, -243]]
[[1, 0], [8, 9], [-284, -171]]
[[1, 0], [8, 9], [-298, -297]]
[[1, 0], [8, 9], [-353, -162]]
[[1, 0], [8, 9], [-46, -27]]
[[1, 0], [8, 9], [-487, -396]]
[[1, 0], [8, 9], [-499, -450]]
[[1, 0], [8, 9], [-524, -495]]
[[1, 0], [8, 9], [-532, -351]]
[[1, 0], [8, 9], [-595, -594]]
[[1, 0], [8, 9], [-695, -324]]
[[1, 0], [8, 9], [-730, -153]]
[[1, 0], [8, 9], [-83, -81]]
[[1, 0], [8, 9], [-874, -315]]
[[1, 0], [80, 297], [-163, -594]]
[[1, 0], [80, 99], [-169, -198]]
[[1, 0], [80, 99], [-244, -297]]
[[1, 0], [80, 99], [-335, -396]]
[[1, 0], [80, 99], [-409, -495]]
[[1, 0], [80, 99], [-487, -594]]
[[1, 0], [81, 88], [-351, -352]]
[[1, 0], [82, 297], [-167, -594]]
[[1, 0], [82, 99], [-173, -198]]
[[1, 0], [82, 99], [-250, -297]]
[[1, 0], [82, 99], [-343, -396]]
[[1, 0], [82, 99], [-419, -495]]
[[1, 0], [82, 99], [-499, -594]]
[[1, 0], [83, 198], [-127, -297]]
[[1, 0], [83, 198], [-175, -396]]
[[1, 0], [83, 198], [-89, -198]]
[[1, 0], [83, 297], [-169, -594]]
[[1, 0], [83, 99], [-175, -198]]
[[1, 0], [83, 99], [-347, -396]]
[[1, 0], [83, 99], [-424, -495]]
[[1, 0], [83, 99], [-505, -594]]
[[1, 0], [838, 891], [-839, -891]]
[[1, 0], [85, 108], [-109, -135]]
[[1, 0], [85, 108], [-155, -162]]
[[1, 0], [85, 108], [-299, -324]]
[[1, 0], [85, 154], [-251, -308]]
[[1, 0], [85, 162], [-203, -324]]
[[1, 0], [85, 189], [-181, -378]]
[[1, 0], [85, 198], [-130, -297]]
[[1, 0], [85, 198], [-179, -396]]
[[1, 0], [85, 198], [-259, -594]]
[[1, 0], [85, 198], [-91, -198]]
[[1, 0], [85, 297], [-173, -594]]
[[1, 0], [85, 308], [-139, -308]]
[[1, 0], [85, 324], [-107, -324]]
[[1, 0], [85, 396], [-91, -396]]
[[1, 0], [85, 99], [-179, -198]]
[[1, 0], [85, 99], [-259, -297]]
[[1, 0], [85, 99], [-355, -396]]
[[1, 0], [85, 99], [-434, -495]]
[[1, 0], [86, 135], [-269, -405]]
[[1, 0], [86, 153], [-271, -306]]
[[1, 0], [86, 165], [-199, -330]]
[[1, 0], [86, 297], [-175, -594]]
[[1, 0], [86, 495], [-89, -495]]
[[1, 0], [86, 99], [-181, -198]]
[[1, 0], [86, 99], [-262, -297]]
[[1, 0], [86, 99], [-359, -396]]
[[1, 0], [86, 99], [-439, -495]]
[[1, 0], [86, 99], [-523, -594]]
[[1, 0], [89, 108], [-161, -162]]
[[1, 0], [89, 108], [-311, -324]]
[[1, 0], [89, 108], [-367, -432]]
[[1, 0], [89, 198], [-136, -297]]
[[1, 0], [89, 198], [-271, -594]]
[[1, 0], [89, 297], [-181, -594]]
[[1, 0], [89, 297], [-91, -297]]
[[1, 0], [89, 363], [-98, -363]]
[[1, 0], [89, 594], [-91, -594]]
[[1, 0], [89, 99], [-271, -297]]
[[1, 0], [89, 99], [-371, -396]]
[[1, 0], [89, 99], [-454, -495]]
[[1, 0], [89, 99], [-541, -594]]
[[1, 0], [9, 11], [-1035, -308]]
[[1, 0], [9, 11], [-171, -44]]
[[1, 0], [9, 11], [-271, -297]]
[[1, 0], [9, 11], [-279, -77]]
[[1, 0], [9, 11], [-36, -11]]
[[1, 0], [9, 11], [-441, -374]]
[[1, 0], [9, 11], [-45, -46]]
[[1, 0], [9, 11], [-450, -451]]
[[1, 0], [9, 11], [-531, -154]]
[[1, 0], [9, 11], [-541, -594]]
[[1, 0], [9, 11], [-63, -44]]
[[1, 0], [9, 11], [-666, -319]]
[[1, 0], [9, 11], [-90, -77]]
[[1, 0], [9, 22], [-136, -297]]
[[1, 0], [9, 22], [-153, -77]]
[[1, 0], [9, 22], [-271, -594]]
[[1, 0], [9, 22], [-279, -154]]
[[1, 0], [9, 22], [-531, -308]]
[[1, 0], [9, 22], [-63, -88]]
[[1, 0], [9, 44], [-153, -154]]
[[1, 0], [9, 44], [-279, -308]]
[[1, 0], [9, 44], [-63, -176]]
[[1, 0], [9, 44], [-63, -44]]
[[1, 0], [9, 44], [-90, -77]]
[[1, 0], [9, 88], [-63, -352]]
[[1, 0], [91, 135], [-284, -405]]
[[1, 0], [91, 162], [-215, -324]]
[[1, 0], [91, 165], [-109, -165]]
[[1, 0], [91, 198], [-139, -297]]
[[1, 0], [91, 198], [-191, -396]]
[[1, 0], [91, 198], [-277, -594]]
[[1, 0], [91, 198], [-97, -198]]
[[1, 0], [91, 297], [-185, -594]]
[[1, 0], [91, 330], [-109, -330]]
[[1, 0], [91, 495], [-94, -495]]
[[1, 0], [91, 99], [-191, -198]]
[[1, 0], [91, 99], [-277, -297]]
[[1, 0], [91, 99], [-379, -396]]
[[1, 0], [91, 99], [-464, -495]]
[[1, 0], [91, 99], [-553, -594]]
[[1, 0], [92, 117], [-298, -351]]
[[1, 0], [92, 99], [-193, -198]]
[[1, 0], [92, 99], [-280, -297]]
[[1, 0], [92, 99], [-383, -396]]
[[1, 0], [92, 99], [-469, -495]]
[[1, 0], [92, 99], [-559, -594]]
[[1, 0], [94, 297], [-191, -594]]
[[1, 0], [94, 99], [-100, -99]]
[[1, 0], [94, 99], [-197, -198]]
[[1, 0], [94, 99], [-391, -396]]
[[1, 0], [94, 99], [-479, -495]]
[[1, 0], [94, 99], [-571, -594]]
[[1, 0], [95, 198], [-101, -198]]
[[1, 0], [95, 198], [-145, -297]]
[[1, 0], [95, 198], [-199, -396]]
[[1, 0], [95, 198], [-289, -594]]
[[1, 0], [95, 297], [-193, -594]]
[[1, 0], [95, 99], [-101, -99]]
[[1, 0], [95, 99], [-199, -198]]
[[1, 0], [95, 99], [-289, -297]]
[[1, 0], [95, 99], [-395, -396]]
[[1, 0], [95, 99], [-577, -594]]
[[1, 0], [97, 108], [-124, -135]]
[[1, 0], [97, 108], [-173, -162]]
[[1, 0], [97, 108], [-335, -324]]
[[1, 0], [97, 144], [-151, -216]]
[[1, 0], [97, 162], [-119, -162]]
[[1, 0], [97, 162], [-227, -324]]
[[1, 0], [97, 198], [-148, -297]]
[[1, 0], [97, 198], [-203, -396]]
[[1, 0], [97, 198], [-295, -594]]
[[1, 0], [97, 297], [-197, -594]]
[[1, 0], [97, 396], [-103, -396]]
[[1, 0], [97, 891], [-98, -891]]
[[1, 0], [97, 99], [-100, -99]]
[[1, 0], [97, 99], [-203, -198]]
[[1, 0], [97, 99], [-295, -297]]
[[1, 0], [97, 99], [-403, -396]]
[[1, 0], [97, 99], [-494, -495]]
[[1, 0], [97, 99], [-589, -594]]
[[1, 0], [98, 297], [-199, -594]]
[[1, 0], [98, 99], [-205, -198]]
[[1, 0], [98, 99], [-298, -297]]
[[1, 0], [98, 99], [-499, -495]]
[[1, 0], [98, 99], [-595, -594]]
