[[1, 0], [0, 1], [-1053, -272]]
[[1, 0], [0, 1], [-135, -64]]
[[1, 0], [0, 1], [-1728, -247]]
[[1, 0], [0, 1], [-1728, -7]]
[[1, 0], [0, 1], [-1952, -243]]
[[1, 0], [0, 1], [-432, -1]]
[[1, 0], [0, 1], [-433, -432]]
[[1, 0], [0, 1], [-464, -405]]
[[1, 0], [0, 1], [-47088, -217]]
[[1, 0], [0, 1], [-6075, -224]]
[[1, 0], [0, 1], [-6912, -223]]
[[1, 0], [0, 1], [-6912, -31]]
[[1, 0], [0, 1], [-891, -32]]
[[1, 0], [1, 108], [-11, -324]]
[[1, 0], [1, 10], [-139, -270]]
[[1, 0], [1, 10], [-31, -54]]
[[1, 0], [1, 10], [-91, -46]]
[[1, 0], [1, 112], [-83, -224]]
[[1, 0], [1, 120], [-29, -240]]
[[1, 0], [1, 12], [-13, -48]]
[[1, 0], [1, 12], [-209, -240]]
[[1, 0], [1, 12], [-37, -12]]
[[1, 0], [1, 12], [-379, -228]]
[[1, 0], [1, 12], [-49, -48]]
[[1, 0], [1, 12], [-73, -432]]
[[1, 0], [1, 12], [-83, -324]]
[[1, 0], [1, 13], [-101, -17]]
[[1, 0], [1, 13], [-7, -27]]
[[1, 0], [1, 144], [-11, -288]]
[[1, 0], [1, 144], [-7, -432]]
[[1, 0], [1, 14], [-475, -224]]
[[1, 0], [1, 14], [-91, -32]]
[[1, 0], [1, 15], [-169, -240]]
[[1, 0], [1, 15], [-41, -48]]
[[1, 0], [1, 15], [-59, -405]]
[[1, 0], [1, 16], [-419, -224]]
[[1, 0], [1, 16], [-55, -432]]
[[1, 0], [1, 16], [-83, -32]]
[[1, 0], [1, 18], [-181, -234]]
[[1, 0], [1, 18], [-19, -54]]
[[1, 0], [1, 18], [-25, -18]]
[[1, 0], [1, 18], [-49, -432]]
[[1, 0], [1, 18], [-67, -288]]
[[1, 0], [1, 18], [-79, -270]]
[[1, 0], [1, 20], [-109, -20]]
[[1, 0], [1, 20], [-175, -44]]
[[1, 0], [1, 20], [-659, -220]]
[[1, 0], [1, 216], [-5, -432]]
[[1, 0], [1, 217], [-433, -217]]
[[1, 0], [1, 218], [-217, -218]]
[[1, 0], [1, 219], [-145, -219]]
[[1, 0], [1, 220], [-109, -220]]
[[1, 0], [1, 222], [-73, -222]]
[[1, 0], [1, 224], [-55, -224]]
[[1, 0], [1, 225], [-49, -225]]
[[1, 0], [1, 228], [-37, -228]]
[[1, 0], [1, 22], [-43, -352]]
[[1, 0], [1, 234], [-25, -234]]
[[1, 0], [1, 240], [-19, -240]]
[[1, 0], [1, 243], [-17, -243]]
[[1, 0], [1, 24], [-109, -240]]
[[1, 0], [1, 24], [-29, -48]]
[[1, 0], [1, 24], [-37, -432]]
[[1, 0], [1, 24], [-41, -336]]
[[1, 0], [1, 24], [-65, -264]]
[[1, 0], [1, 252], [-13, -252]]
[[1, 0], [1, 27], [-43, -297]]
[[1, 0], [1, 27], [-89, -243]]
[[1, 0], [1, 288], [-7, -288]]
[[1, 0], [1, 28], [-251, -224]]
[[1, 0], [1, 28], [-59, -32]]
[[1, 0], [1, 2], [-11989, -218]]
[[1, 0], [1, 2], [-139, -54]]
[[1, 0], [1, 2], [-217, -2]]
[[1, 0], [1, 2], [-3163, -224]]
[[1, 0], [1, 2], [-43, -32]]
[[1, 0], [1, 2], [-433, -432]]
[[1, 0], [1, 2], [-475, -32]]
[[1, 0], [1, 2], [-679, -270]]
[[1, 0], [1, 30], [-13, -54]]
[[1, 0], [1, 30], [-25, -48]]
[[1, 0], [1, 30], [-49, -270]]
[[1, 0], [1, 30], [-89, -240]]
[[1, 0], [1, 31], [-1735, -217]]
[[1, 0], [1, 31], [-433, -31]]
[[1, 0], [1, 324], [-5, -324]]
[[1, 0], [1, 32], [-125, -112]]
[[1, 0], [1, 32], [-223, -224]]
[[1, 0], [1, 32], [-55, -32]]
[[1, 0], [1, 36], [-13, -36]]
[[1, 0], [1, 36], [-25, -432]]
[[1, 0], [1, 36], [-29, -324]]
[[1, 0], [1, 36], [-35, -288]]
[[1, 0], [1, 36], [-55, -252]]
[[1, 0], [1, 39], [-25, -351]]
[[1, 0], [1, 3], [-145, -3]]
[[1, 0], [1, 3], [-169, -48]]
[[1, 0], [1, 3], [-25, -27]]
[[1, 0], [1, 3], [-289, -432]]
[[1, 0], [1, 3], [-5401, -219]]
[[1, 0], [1, 3], [-59, -81]]
[[1, 0], [1, 3], [-737, -243]]
[[1, 0], [1, 3], [-809, -240]]
[[1, 0], [1, 40], [-7, -64]]
[[1, 0], [1, 42], [-5, -48]]
[[1, 0], [1, 44], [-109, -44]]
[[1, 0], [1, 44], [-329, -220]]
[[1, 0], [1, 45], [-149, -225]]
[[1, 0], [1, 45], [-49, -45]]
[[1, 0], [1, 45], [-5, -81]]
[[1, 0], [1, 48], [-19, -432]]
[[1, 0], [1, 48], [-19, -48]]
[[1, 0], [1, 48], [-59, -240]]
[[1, 0], [1, 4], [-109, -4]]
[[1, 0], [1, 4], [-1595, -224]]
[[1, 0], [1, 4], [-217, -432]]
[[1, 0], [1, 4], [-245, -324]]
[[1, 0], [1, 4], [-251, -32]]
[[1, 0], [1, 4], [-265, -304]]
[[1, 0], [1, 4], [-3079, -220]]
[[1, 0], [1, 4], [-329, -20]]
[[1, 0], [1, 4], [-389, -260]]
[[1, 0], [1, 4], [-415, -256]]
[[1, 0], [1, 4], [-659, -44]]
[[1, 0], [1, 4], [-707, -236]]
[[1, 0], [1, 54], [-17, -432]]
[[1, 0], [1, 54], [-29, -270]]
[[1, 0], [1, 56], [-139, -224]]
[[1, 0], [1, 5], [-199, -320]]
[[1, 0], [1, 60], [-49, -240]]
[[1, 0], [1, 64], [-31, -256]]
[[1, 0], [1, 6], [-1405, -222]]
[[1, 0], [1, 6], [-145, -432]]
[[1, 0], [1, 6], [-229, -270]]
[[1, 0], [1, 6], [-409, -240]]
[[1, 0], [1, 6], [-49, -54]]
[[1, 0], [1, 6], [-73, -6]]
[[1, 0], [1, 6], [-89, -48]]
[[1, 0], [1, 72], [-13, -432]]
[[1, 0], [1, 72], [-19, -288]]
[[1, 0], [1, 7], [-1177, -31]]
[[1, 0], [1, 7], [-155, -32]]
[[1, 0], [1, 7], [-433, -7]]
[[1, 0], [1, 7], [-6943, -217]]
[[1, 0], [1, 7], [-923, -224]]
[[1, 0], [1, 81], [-35, -243]]
[[1, 0], [1, 84], [-13, -336]]
[[1, 0], [1, 8], [-109, -432]]
[[1, 0], [1, 8], [-139, -32]]
[[1, 0], [1, 8], [-169, -272]]
[[1, 0], [1, 8], [-247, -248]]
[[1, 0], [1, 8], [-811, -224]]
[[1, 0], [1, 90], [-19, -270]]
[[1, 0], [1, 9], [-103, -351]]
[[1, 0], [1, 9], [-131, -288]]
[[1, 0], [1, 9], [-149, -45]]
[[1, 0], [1, 9], [-173, -261]]
[[1, 0], [1, 9], [-251, -243]]
[[1, 0], [1, 9], [-49, -9]]
[[1, 0], [1, 9], [-649, -225]]
[[1, 0], [1, 9], [-97, -432]]
[[1, 0], [10, 243], [-26, -243]]
[[1, 0], [10, 27], [-142, -297]]
[[1, 0], [10, 27], [-170, -243]]
[[1, 0], [10, 81], [-62, -243]]
[[1, 0], [101, 108], [-137, -144]]
[[1, 0], [101, 108], [-311, -324]]
[[1, 0], [101, 108], [-409, -432]]
[[1, 0], [101, 120], [-229, -240]]
[[1, 0], [101, 144], [-211, -288]]
[[1, 0], [101, 144], [-307, -432]]
[[1, 0], [101, 216], [-205, -432]]
[[1, 0], [101, 288], [-107, -288]]
[[1, 0], [103, 108], [-317, -324]]
[[1, 0], [103, 144], [-157, -216]]
[[1, 0], [103, 144], [-215, -288]]
[[1, 0], [103, 144], [-313, -432]]
[[1, 0], [103, 216], [-209, -432]]
[[1, 0], [107, 108], [-145, -144]]
[[1, 0], [107, 108], [-329, -324]]
[[1, 0], [107, 108], [-433, -432]]
[[1, 0], [107, 144], [-163, -216]]
[[1, 0], [107, 144], [-223, -288]]
[[1, 0], [107, 144], [-325, -432]]
[[1, 0], [107, 216], [-217, -432]]
[[1, 0], [109, 144], [-227, -288]]
[[1, 0], [109, 144], [-331, -432]]
[[1, 0], [109, 216], [-221, -432]]
[[1, 0], [109, 243], [-125, -243]]
[[1, 0], [109, 288], [-115, -288]]
[[1, 0], [109, 324], [-113, -324]]
[[1, 0], [11, 108], [-17, -144]]
[[1, 0], [11, 108], [-41, -324]]
[[1, 0], [11, 108], [-49, -432]]
[[1, 0], [11, 120], [-49, -240]]
[[1, 0], [11, 12], [-353, -324]]
[[1, 0], [11, 12], [-409, -240]]
[[1, 0], [11, 12], [-433, -432]]
[[1, 0], [11, 12], [-53, -48]]
[[1, 0], [11, 12], [-569, -228]]
[[1, 0], [11, 12], [-89, -48]]
[[1, 0], [11, 144], [-17, -144]]
[[1, 0], [11, 144], [-19, -216]]
[[1, 0], [11, 144], [-31, -288]]
[[1, 0], [11, 144], [-37, -432]]
[[1, 0], [11, 15], [-329, -240]]
[[1, 0], [11, 15], [-329, -405]]
[[1, 0], [11, 15], [-73, -48]]
[[1, 0], [11, 16], [-103, -32]]
[[1, 0], [11, 16], [-163, -216]]
[[1, 0], [11, 16], [-293, -112]]
[[1, 0], [11, 16], [-325, -432]]
[[1, 0], [11, 16], [-559, -224]]
[[1, 0], [11, 16], [-65, -16]]
[[1, 0], [11, 16], [-67, -68]]
[[1, 0], [11, 16], [-71, -64]]
[[1, 0], [11, 18], [-227, -288]]
[[1, 0], [11, 18], [-229, -270]]
[[1, 0], [11, 18], [-289, -432]]
[[1, 0], [11, 18], [-311, -234]]
[[1, 0], [11, 18], [-49, -54]]
[[1, 0], [11, 20], [-197, -44]]
[[1, 0], [11, 20], [-769, -220]]
[[1, 0], [11, 216], [-25, -432]]
[[1, 0], [11, 240], [-29, -240]]
[[1, 0], [11, 24], [-175, -264]]
[[1, 0], [11, 24], [-181, -336]]
[[1, 0], [11, 24], [-209, -240]]
[[1, 0], [11, 24], [-217, -432]]
[[1, 0], [11, 24], [-49, -48]]
[[1, 0], [11, 27], [-179, -243]]
[[1, 0], [11, 27], [-193, -432]]
[[1, 0], [11, 27], [-65, -144]]
[[1, 0], [11, 27], [-65, -81]]
[[1, 0], [11, 30], [-139, -270]]
[[1, 0], [11, 30], [-169, -240]]
[[1, 0], [11, 30], [-31, -54]]
[[1, 0], [11, 30], [-41, -48]]
[[1, 0], [11, 36], [-115, -288]]
[[1, 0], [11, 36], [-119, -324]]
[[1, 0], [11, 36], [-125, -252]]
[[1, 0], [11, 36], [-145, -432]]
[[1, 0], [11, 40], [-23, -64]]
[[1, 0], [11, 45], [-199, -225]]
[[1, 0], [11, 45], [-23, -81]]
[[1, 0], [11, 45], [-59, -45]]
[[1, 0], [11, 48], [-109, -240]]
[[1, 0], [11, 48], [-109, -432]]
[[1, 0], [11, 48], [-29, -48]]
[[1, 0], [11, 48], [-55, -216]]
[[1, 0], [11, 48], [-59, -120]]
[[1, 0], [11, 54], [-29, -90]]
[[1, 0], [11, 54], [-79, -270]]
[[1, 0], [11, 54], [-97, -432]]
[[1, 0], [11, 60], [-89, -240]]
[[1, 0], [11, 72], [-59, -288]]
[[1, 0], [11, 72], [-73, -432]]
[[1, 0], [11, 90], [-49, -270]]
[[1, 0], [113, 144], [-235, -288]]
[[1, 0], [113, 144], [-343, -432]]
[[1, 0], [113, 216], [-229, -432]]
[[1, 0], [113, 224], [-167, -224]]
[[1, 0], [113, 252], [-125, -252]]
[[1, 0], [113, 288], [-119, -288]]
[[1, 0], [113, 432], [-115, -432]]
[[1, 0], [115, 144], [-175, -216]]
[[1, 0], [115, 144], [-239, -288]]
[[1, 0], [115, 144], [-349, -432]]
[[1, 0], [115, 216], [-233, -432]]
[[1, 0], [119, 144], [-181, -216]]
[[1, 0], [119, 144], [-247, -288]]
[[1, 0], [119, 144], [-361, -432]]
[[1, 0], [119, 216], [-241, -432]]
[[1, 0], [121, 144], [-251, -288]]
[[1, 0], [121, 144], [-367, -432]]
[[1, 0], [121, 216], [-245, -432]]
[[1, 0], [121, 240], [-139, -240]]
[[1, 0], [121, 288], [-127, -288]]
[[1, 0], [121, 324], [-125, -324]]
[[1, 0], [125, 144], [-259, -288]]
[[1, 0], [125, 144], [-379, -432]]
[[1, 0], [125, 216], [-253, -432]]
[[1, 0], [125, 288], [-131, -288]]
[[1, 0], [127, 144], [-193, -216]]
[[1, 0], [127, 144], [-263, -288]]
[[1, 0], [127, 144], [-385, -432]]
[[1, 0], [127, 216], [-257, -432]]
[[1, 0], [127, 243], [-143, -243]]
[[1, 0], [13, 108], [-47, -324]]
[[1, 0], [13, 144], [-35, -288]]
[[1, 0], [13, 144], [-43, -432]]
[[1, 0], [13, 16], [-107, -32]]
[[1, 0], [13, 16], [-379, -432]]
[[1, 0], [13, 16], [-587, -224]]
[[1, 0], [13, 18], [-259, -270]]
[[1, 0], [13, 18], [-259, -288]]
[[1, 0], [13, 18], [-337, -234]]
[[1, 0], [13, 18], [-337, -432]]
[[1, 0], [13, 18], [-37, -18]]
[[1, 0], [13, 18], [-55, -54]]
[[1, 0], [13, 216], [-29, -432]]
[[1, 0], [13, 24], [-197, -264]]
[[1, 0], [13, 24], [-209, -336]]
[[1, 0], [13, 24], [-229, -240]]
[[1, 0], [13, 24], [-253, -432]]
[[1, 0], [13, 24], [-53, -48]]
[[1, 0], [13, 27], [-175, -297]]
[[1, 0], [13, 27], [-197, -243]]
[[1, 0], [13, 288], [-19, -288]]
[[1, 0], [13, 324], [-17, -324]]
[[1, 0], [13, 32], [-167, -112]]
[[1, 0], [13, 32], [-307, -224]]
[[1, 0], [13, 32], [-67, -32]]
[[1, 0], [13, 32], [-79, -128]]
[[1, 0], [13, 32], [-97, -56]]
[[1, 0], [13, 36], [-131, -288]]
[[1, 0], [13, 36], [-137, -324]]
[[1, 0], [13, 36], [-139, -252]]
[[1, 0], [13, 36], [-169, -432]]
[[1, 0], [13, 36], [-25, -36]]
[[1, 0], [13, 48], [-119, -240]]
[[1, 0], [13, 48], [-127, -432]]
[[1, 0], [13, 48], [-31, -48]]
[[1, 0], [13, 54], [-113, -432]]
[[1, 0], [13, 54], [-89, -270]]
[[1, 0], [13, 72], [-67, -288]]
[[1, 0], [13, 72], [-85, -432]]
[[1, 0], [13, 81], [-29, -81]]
[[1, 0], [13, 81], [-71, -243]]
[[1, 0], [131, 144], [-199, -216]]
[[1, 0], [131, 144], [-271, -288]]
[[1, 0], [131, 144], [-397, -432]]
[[1, 0], [131, 216], [-265, -432]]
[[1, 0], [131, 270], [-139, -270]]
[[1, 0], [133, 144], [-275, -288]]
[[1, 0], [133, 144], [-403, -432]]
[[1, 0], [133, 216], [-269, -432]]
[[1, 0], [133, 288], [-139, -288]]
[[1, 0], [133, 324], [-137, -324]]
[[1, 0], [137, 144], [-283, -288]]
[[1, 0], [137, 144], [-415, -432]]
[[1, 0], [137, 216], [-277, -432]]
[[1, 0], [137, 432], [-139, -432]]
[[1, 0], [139, 144], [-145, -144]]
[[1, 0], [139, 144], [-211, -216]]
[[1, 0], [139, 144], [-287, -288]]
[[1, 0], [139, 144], [-421, -432]]
[[1, 0], [139, 216], [-281, -432]]
[[1, 0], [14, 27], [-206, -243]]
[[1, 0], [14, 27], [-241, -432]]
[[1, 0], [14, 27], [-74, -81]]
[[1, 0], [14, 39], [-142, -351]]
[[1, 0], [143, 144], [-217, -216]]
[[1, 0], [143, 144], [-295, -288]]
[[1, 0], [143, 144], [-433, -432]]
[[1, 0], [143, 216], [-289, -432]]
[[1, 0], [145, 216], [-293, -432]]
[[1, 0], [145, 288], [-151, -288]]
[[1, 0], [145, 324], [-149, -324]]
[[1, 0], [149, 216], [-301, -432]]
[[1, 0], [15, 112], [-111, -224]]
[[1, 0], [15, 112], [-69, -112]]
[[1, 0], [15, 16], [-109, -108]]
[[1, 0], [15, 16], [-111, -32]]
[[1, 0], [15, 16], [-217, -216]]
[[1, 0], [15, 16], [-28, -27]]
[[1, 0], [15, 16], [-321, -112]]
[[1, 0], [15, 16], [-433, -432]]
[[1, 0], [15, 16], [-55, -54]]
[[1, 0], [15, 16], [-615, -224]]
[[1, 0], [15, 16], [-87, -64]]
[[1, 0], [15, 28], [-363, -224]]
[[1, 0], [15, 28], [-75, -32]]
[[1, 0], [15, 56], [-195, -224]]
[[1, 0], [151, 216], [-305, -432]]
[[1, 0], [154, 243], [-170, -243]]
[[1, 0], [155, 216], [-313, -432]]
[[1, 0], [157, 216], [-317, -432]]
[[1, 0], [157, 324], [-161, -324]]
[[1, 0], [16, 27], [-208, -297]]
[[1, 0], [16, 27], [-224, -243]]
[[1, 0], [16, 45], [-224, -225]]
[[1, 0], [16, 45], [-32, -81]]
[[1, 0], [16, 45], [-64, -45]]
[[1, 0], [16, 81], [-32, -81]]
[[1, 0], [16, 81], [-80, -243]]
[[1, 0], [161, 216], [-325, -432]]
[[1, 0], [161, 270], [-169, -270]]
[[1, 0], [161, 432], [-163, -432]]
[[1, 0], [163, 216], [-329, -432]]
[[1, 0], [167, 216], [-337, -432]]
[[1, 0], [169, 216], [-341, -432]]
[[1, 0], [169, 252], [-181, -252]]
[[1, 0], [169, 324], [-173, -324]]
[[1, 0], [17, 108], [-25, -144]]
[[1, 0], [17, 108], [-59, -324]]
[[1, 0], [17, 108], [-73, -432]]
[[1, 0], [17, 144], [-43, -288]]
[[1, 0], [17, 144], [-55, -432]]
[[1, 0], [17, 18], [-319, -270]]
[[1, 0], [17, 18], [-323, -288]]
[[1, 0], [17, 18], [-389, -234]]
[[1, 0], [17, 18], [-433, -432]]
[[1, 0], [17, 18], [-67, -54]]
[[1, 0], [17, 216], [-37, -432]]
[[1, 0], [17, 24], [-241, -264]]
[[1, 0], [17, 24], [-265, -336]]
[[1, 0], [17, 24], [-269, -240]]
[[1, 0], [17, 24], [-325, -432]]
[[1, 0], [17, 24], [-61, -48]]
[[1, 0], [17, 27], [-233, -243]]
[[1, 0], [17, 27], [-289, -432]]
[[1, 0], [17, 27], [-83, -81]]
[[1, 0], [17, 27], [-97, -144]]
[[1, 0], [17, 288], [-23, -288]]
[[1, 0], [17, 32], [-181, -112]]
[[1, 0], [17, 32], [-335, -224]]
[[1, 0], [17, 32], [-71, -32]]
[[1, 0], [17, 36], [-163, -288]]
[[1, 0], [17, 36], [-167, -252]]
[[1, 0], [17, 36], [-173, -324]]
[[1, 0], [17, 36], [-217, -432]]
[[1, 0], [17, 36], [-29, -36]]
[[1, 0], [17, 432], [-19, -432]]
[[1, 0], [17, 48], [-139, -240]]
[[1, 0], [17, 48], [-163, -432]]
[[1, 0], [17, 54], [-109, -270]]
[[1, 0], [17, 54], [-145, -432]]
[[1, 0], [17, 54], [-49, -144]]
[[1, 0], [17, 64], [-95, -256]]
[[1, 0], [17, 72], [-109, -432]]
[[1, 0], [17, 72], [-83, -288]]
[[1, 0], [173, 216], [-349, -432]]
[[1, 0], [175, 216], [-353, -432]]
[[1, 0], [179, 216], [-361, -432]]
[[1, 0], [181, 216], [-365, -432]]
[[1, 0], [181, 243], [-197, -243]]
[[1, 0], [181, 324], [-185, -324]]
[[1, 0], [185, 216], [-373, -432]]
[[1, 0], [185, 432], [-187, -432]]
[[1, 0], [187, 216], [-377, -432]]
[[1, 0], [19, 108], [-65, -324]]
[[1, 0], [19, 144], [-25, -144]]
[[1, 0], [19, 144], [-31, -216]]
[[1, 0], [19, 144], [-47, -288]]
[[1, 0], [19, 144], [-61, -432]]
[[1, 0], [19, 216], [-41, -432]]
[[1, 0], [19, 24], [-263, -264]]
[[1, 0], [19, 24], [-289, -240]]
[[1, 0], [19, 24], [-293, -336]]
[[1, 0], [19, 24], [-361, -432]]
[[1, 0], [19, 24], [-65, -48]]
[[1, 0], [19, 27], [-241, -297]]
[[1, 0], [19, 27], [-251, -243]]
[[1, 0], [19, 36], [-179, -288]]
[[1, 0], [19, 36], [-181, -252]]
[[1, 0], [19, 36], [-191, -324]]
[[1, 0], [19, 36], [-241, -432]]
[[1, 0], [19, 48], [-149, -240]]
[[1, 0], [19, 48], [-181, -432]]
[[1, 0], [19, 48], [-79, -120]]
[[1, 0], [19, 48], [-91, -216]]
[[1, 0], [19, 54], [-119, -270]]
[[1, 0], [19, 54], [-161, -432]]
[[1, 0], [19, 72], [-121, -432]]
[[1, 0], [19, 72], [-91, -288]]
[[1, 0], [19, 81], [-89, -243]]
[[1, 0], [191, 216], [-385, -432]]
[[1, 0], [191, 270], [-199, -270]]
[[1, 0], [193, 216], [-389, -432]]
[[1, 0], [193, 288], [-199, -288]]
[[1, 0], [193, 324], [-197, -324]]
[[1, 0], [197, 216], [-397, -432]]
[[1, 0], [197, 224], [-251, -224]]
[[1, 0], [197, 252], [-209, -252]]
[[1, 0], [199, 216], [-401, -432]]
[[1, 0], [2, 27], [-17, -144]]
[[1, 0], [2, 27], [-38, -81]]
[[1, 0], [2, 27], [-49, -432]]
[[1, 0], [2, 27], [-98, -243]]
[[1, 0], [2, 3], [-185, -48]]
[[1, 0], [2, 3], [-34, -27]]
[[1, 0], [2, 3], [-433, -432]]
[[1, 0], [2, 3], [-5474, -219]]
[[1, 0], [2, 3], [-818, -243]]
[[1, 0], [2, 3], [-86, -81]]
[[1, 0], [2, 3], [-889, -240]]
[[1, 0], [2, 9], [-142, -351]]
[[1, 0], [2, 9], [-145, -432]]
[[1, 0], [2, 9], [-154, -45]]
[[1, 0], [2, 9], [-163, -288]]
[[1, 0], [2, 9], [-202, -261]]
[[1, 0], [2, 9], [-278, -243]]
[[1, 0], [2, 9], [-50, -9]]
[[1, 0], [2, 9], [-674, -225]]
[[1, 0], [20, 27], [-113, -144]]
[[1, 0], [20, 27], [-260, -243]]
[[1, 0], [20, 27], [-337, -432]]
[[1, 0], [20, 27], [-92, -81]]
[[1, 0], [203, 216], [-409, -432]]
[[1, 0], [205, 216], [-413, -432]]
[[1, 0], [205, 324], [-209, -324]]
[[1, 0], [208, 243], [-224, -243]]
[[1, 0], [209, 216], [-421, -432]]
[[1, 0], [209, 288], [-215, -288]]
[[1, 0], [209, 432], [-211, -432]]
[[1, 0], [21, 32], [-111, -128]]
[[1, 0], [21, 32], [-111, -56]]
[[1, 0], [21, 32], [-195, -112]]
[[1, 0], [21, 32], [-363, -224]]
[[1, 0], [21, 32], [-75, -32]]
[[1, 0], [21, 40], [-39, -64]]
[[1, 0], [211, 216], [-425, -432]]
[[1, 0], [215, 216], [-433, -432]]
[[1, 0], [215, 432], [-217, -432]]
[[1, 0], [217, 324], [-221, -324]]
[[1, 0], [22, 27], [-274, -297]]
[[1, 0], [22, 27], [-278, -243]]
[[1, 0], [22, 81], [-38, -81]]
[[1, 0], [22, 81], [-98, -243]]
[[1, 0], [221, 270], [-229, -270]]
[[1, 0], [227, 432], [-229, -432]]
[[1, 0], [229, 324], [-233, -324]]
[[1, 0], [23, 108], [-77, -324]]
[[1, 0], [23, 108], [-97, -432]]
[[1, 0], [23, 144], [-29, -144]]
[[1, 0], [23, 144], [-37, -216]]
[[1, 0], [23, 144], [-55, -288]]
[[1, 0], [23, 144], [-73, -432]]
[[1, 0], [23, 216], [-49, -432]]
[[1, 0], [23, 24], [-307, -264]]
[[1, 0], [23, 24], [-329, -240]]
[[1, 0], [23, 24], [-349, -336]]
[[1, 0], [23, 24], [-433, -432]]
[[1, 0], [23, 24], [-73, -48]]
[[1, 0], [23, 27], [-101, -81]]
[[1, 0], [23, 27], [-287, -243]]
[[1, 0], [23, 27], [-385, -432]]
[[1, 0], [23, 36], [-209, -252]]
[[1, 0], [23, 36], [-211, -288]]
[[1, 0], [23, 36], [-227, -324]]
[[1, 0], [23, 36], [-289, -432]]
[[1, 0], [23, 44], [-439, -220]]
[[1, 0], [23, 48], [-109, -216]]
[[1, 0], [23, 48], [-169, -240]]
[[1, 0], [23, 48], [-217, -432]]
[[1, 0], [23, 48], [-49, -60]]
[[1, 0], [23, 48], [-55, -108]]
[[1, 0], [23, 48], [-89, -120]]
[[1, 0], [23, 54], [-139, -270]]
[[1, 0], [23, 54], [-193, -432]]
[[1, 0], [23, 54], [-31, -54]]
[[1, 0], [23, 54], [-49, -90]]
[[1, 0], [23, 54], [-65, -144]]
[[1, 0], [23, 72], [-107, -288]]
[[1, 0], [23, 72], [-145, -432]]
[[1, 0], [233, 432], [-235, -432]]
[[1, 0], [235, 243], [-251, -243]]
[[1, 0], [239, 432], [-241, -432]]
[[1, 0], [241, 288], [-247, -288]]
[[1, 0], [241, 324], [-245, -324]]
[[1, 0], [25, 108], [-83, -324]]
[[1, 0], [25, 144], [-59, -288]]
[[1, 0], [25, 144], [-79, -432]]
[[1, 0], [25, 216], [-53, -432]]
[[1, 0], [25, 27], [-305, -243]]
[[1, 0], [25, 27], [-307, -297]]
[[1, 0], [25, 288], [-31, -288]]
[[1, 0], [25, 324], [-29, -324]]
[[1, 0], [25, 32], [-209, -112]]
[[1, 0], [25, 32], [-391, -224]]
[[1, 0], [25, 36], [-223, -252]]
[[1, 0], [25, 36], [-227, -288]]
[[1, 0], [25, 36], [-245, -324]]
[[1, 0], [25, 36], [-313, -432]]
[[1, 0], [25, 36], [-37, -36]]
[[1, 0], [25, 48], [-179, -240]]
[[1, 0], [25, 48], [-235, -432]]
[[1, 0], [25, 48], [-43, -48]]
[[1, 0], [25, 54], [-149, -270]]
[[1, 0], [25, 54], [-209, -432]]
[[1, 0], [25, 64], [-127, -256]]
[[1, 0], [25, 72], [-115, -288]]
[[1, 0], [25, 72], [-157, -432]]
[[1, 0], [25, 81], [-107, -243]]
[[1, 0], [25, 81], [-41, -81]]
[[1, 0], [251, 270], [-259, -270]]
[[1, 0], [251, 432], [-253, -432]]
[[1, 0], [253, 324], [-257, -324]]
[[1, 0], [257, 432], [-259, -432]]
[[1, 0], [26, 225], [-74, -225]]
[[1, 0], [26, 27], [-110, -81]]
[[1, 0], [26, 27], [-145, -144]]
[[1, 0], [26, 27], [-314, -243]]
[[1, 0], [26, 27], [-433, -432]]
[[1, 0], [26, 27], [-49, -48]]
[[1, 0], [26, 45], [-274, -225]]
[[1, 0], [26, 45], [-50, -81]]
[[1, 0], [263, 432], [-265, -432]]
[[1, 0], [265, 324], [-269, -324]]
[[1, 0], [275, 432], [-277, -432]]
[[1, 0], [277, 324], [-281, -324]]
[[1, 0], [28, 243], [-44, -243]]
[[1, 0], [28, 81], [-116, -243]]
[[1, 0], [281, 432], [-283, -432]]
[[1, 0], [287, 432], [-289, -432]]
[[1, 0], [289, 324], [-293, -324]]
[[1, 0], [29, 108], [-121, -432]]
[[1, 0], [29, 108], [-41, -144]]
[[1, 0], [29, 108], [-95, -324]]
[[1, 0], [29, 112], [-139, -224]]
[[1, 0], [29, 144], [-67, -288]]
[[1, 0], [29, 144], [-91, -432]]
[[1, 0], [29, 216], [-61, -432]]
[[1, 0], [29, 224], [-83, -224]]
[[1, 0], [29, 252], [-41, -252]]
[[1, 0], [29, 288], [-35, -288]]
[[1, 0], [29, 32], [-125, -56]]
[[1, 0], [29, 32], [-143, -128]]
[[1, 0], [29, 32], [-223, -112]]
[[1, 0], [29, 32], [-419, -224]]
[[1, 0], [29, 36], [-251, -252]]
[[1, 0], [29, 36], [-259, -288]]
[[1, 0], [29, 36], [-281, -324]]
[[1, 0], [29, 36], [-361, -432]]
[[1, 0], [29, 36], [-41, -36]]
[[1, 0], [29, 42], [-37, -48]]
[[1, 0], [29, 48], [-199, -240]]
[[1, 0], [29, 48], [-271, -432]]
[[1, 0], [29, 54], [-169, -270]]
[[1, 0], [29, 54], [-241, -432]]
[[1, 0], [29, 54], [-37, -54]]
[[1, 0], [29, 54], [-59, -90]]
[[1, 0], [29, 56], [-251, -224]]
[[1, 0], [29, 72], [-131, -288]]
[[1, 0], [29, 72], [-181, -432]]
[[1, 0], [29, 84], [-125, -336]]
[[1, 0], [299, 432], [-301, -432]]
[[1, 0], [3, 16], [-109, -432]]
[[1, 0], [3, 16], [-237, -112]]
[[1, 0], [3, 16], [-33, -68]]
[[1, 0], [3, 16], [-39, -64]]
[[1, 0], [3, 16], [-447, -224]]
[[1, 0], [3, 16], [-55, -216]]
[[1, 0], [3, 16], [-57, -16]]
[[1, 0], [3, 16], [-87, -32]]
[[1, 0], [3, 4], [-1707, -224]]
[[1, 0], [3, 4], [-267, -32]]
[[1, 0], [3, 4], [-3189, -220]]
[[1, 0], [3, 4], [-339, -20]]
[[1, 0], [3, 4], [-407, -324]]
[[1, 0], [3, 4], [-417, -304]]
[[1, 0], [3, 4], [-433, -432]]
[[1, 0], [3, 4], [-519, -260]]
[[1, 0], [3, 4], [-543, -256]]
[[1, 0], [3, 4], [-681, -44]]
[[1, 0], [3, 4], [-825, -236]]
[[1, 0], [3, 8], [-147, -32]]
[[1, 0], [3, 8], [-217, -432]]
[[1, 0], [3, 8], [-237, -272]]
[[1, 0], [3, 8], [-309, -248]]
[[1, 0], [3, 8], [-867, -224]]
[[1, 0], [301, 324], [-305, -324]]
[[1, 0], [305, 432], [-307, -432]]
[[1, 0], [31, 108], [-101, -324]]
[[1, 0], [31, 120], [-89, -240]]
[[1, 0], [31, 144], [-37, -144]]
[[1, 0], [31, 144], [-49, -216]]
[[1, 0], [31, 144], [-71, -288]]
[[1, 0], [31, 144], [-97, -432]]
[[1, 0], [31, 216], [-65, -432]]
[[1, 0], [31, 240], [-49, -240]]
[[1, 0], [31, 36], [-265, -252]]
[[1, 0], [31, 36], [-275, -288]]
[[1, 0], [31, 36], [-299, -324]]
[[1, 0], [31, 36], [-385, -432]]
[[1, 0], [31, 40], [-55, -64]]
[[1, 0], [31, 45], [-299, -225]]
[[1, 0], [31, 45], [-59, -81]]
[[1, 0], [31, 48], [-109, -120]]
[[1, 0], [31, 48], [-145, -216]]
[[1, 0], [31, 48], [-209, -240]]
[[1, 0], [31, 48], [-289, -432]]
[[1, 0], [31, 48], [-37, -54]]
[[1, 0], [31, 48], [-49, -48]]
[[1, 0], [31, 48], [-59, -60]]
[[1, 0], [31, 48], [-73, -108]]
[[1, 0], [31, 54], [-179, -270]]
[[1, 0], [31, 54], [-257, -432]]
[[1, 0], [31, 60], [-169, -240]]
[[1, 0], [31, 72], [-139, -288]]
[[1, 0], [31, 72], [-193, -432]]
[[1, 0], [31, 81], [-125, -243]]
[[1, 0], [31, 81], [-47, -81]]
[[1, 0], [31, 90], [-109, -270]]
[[1, 0], [311, 432], [-313, -432]]
[[1, 0], [313, 324], [-317, -324]]
[[1, 0], [323, 432], [-325, -432]]
[[1, 0], [329, 432], [-331, -432]]
[[1, 0], [33, 64], [-159, -256]]
[[1, 0], [335, 432], [-337, -432]]
[[1, 0], [34, 81], [-134, -243]]
[[1, 0], [347, 432], [-349, -432]]
[[1, 0], [35, 108], [-113, -324]]
[[1, 0], [35, 108], [-145, -432]]
[[1, 0], [35, 108], [-49, -144]]
[[1, 0], [35, 144], [-109, -432]]
[[1, 0], [35, 144], [-41, -144]]
[[1, 0], [35, 144], [-55, -216]]
[[1, 0], [35, 144], [-79, -288]]
[[1, 0], [35, 216], [-73, -432]]
[[1, 0], [35, 36], [-293, -252]]
[[1, 0], [35, 36], [-307, -288]]
[[1, 0], [35, 36], [-335, -324]]
[[1, 0], [35, 36], [-433, -432]]
[[1, 0], [35, 48], [-119, -120]]
[[1, 0], [35, 48], [-163, -216]]
[[1, 0], [35, 48], [-229, -240]]
[[1, 0], [35, 48], [-325, -432]]
[[1, 0], [35, 48], [-53, -48]]
[[1, 0], [35, 54], [-199, -270]]
[[1, 0], [35, 54], [-289, -432]]
[[1, 0], [35, 54], [-43, -54]]
[[1, 0], [35, 54], [-97, -144]]
[[1, 0], [35, 72], [-155, -288]]
[[1, 0], [35, 72], [-217, -432]]
[[1, 0], [353, 432], [-355, -432]]
[[1, 0], [359, 432], [-361, -432]]
[[1, 0], [37, 108], [-119, -324]]
[[1, 0], [37, 144], [-115, -432]]
[[1, 0], [37, 144], [-83, -288]]
[[1, 0], [37, 216], [-77, -432]]
[[1, 0], [37, 243], [-53, -243]]
[[1, 0], [37, 288], [-43, -288]]
[[1, 0], [37, 324], [-41, -324]]
[[1, 0], [37, 48], [-239, -240]]
[[1, 0], [37, 48], [-343, -432]]
[[1, 0], [37, 54], [-209, -270]]
[[1, 0], [37, 54], [-305, -432]]
[[1, 0], [37, 72], [-163, -288]]
[[1, 0], [37, 72], [-229, -432]]
[[1, 0], [37, 81], [-143, -243]]
[[1, 0], [371, 432], [-373, -432]]
[[1, 0], [377, 432], [-379, -432]]
[[1, 0], [383, 432], [-385, -432]]
[[1, 0], [395, 432], [-397, -432]]
[[1, 0], [4, 27], [-116, -243]]
[[1, 0], [4, 27], [-76, -297]]
[[1, 0], [4, 81], [-20, -81]]
[[1, 0], [4, 81], [-44, -243]]
[[1, 0], [4, 9], [-164, -45]]
[[1, 0], [4, 9], [-220, -351]]
[[1, 0], [4, 9], [-227, -288]]
[[1, 0], [4, 9], [-241, -432]]
[[1, 0], [4, 9], [-260, -261]]
[[1, 0], [4, 9], [-332, -243]]
[[1, 0], [4, 9], [-724, -225]]
[[1, 0], [40, 81], [-152, -243]]
[[1, 0], [401, 432], [-403, -432]]
[[1, 0], [407, 432], [-409, -432]]
[[1, 0], [41, 108], [-131, -324]]
[[1, 0], [41, 108], [-169, -432]]
[[1, 0], [41, 120], [-109, -240]]
[[1, 0], [41, 144], [-127, -432]]
[[1, 0], [41, 144], [-91, -288]]
[[1, 0], [41, 216], [-85, -432]]
[[1, 0], [41, 240], [-59, -240]]
[[1, 0], [41, 432], [-43, -432]]
[[1, 0], [41, 45], [-349, -225]]
[[1, 0], [41, 45], [-77, -81]]
[[1, 0], [41, 48], [-259, -240]]
[[1, 0], [41, 48], [-379, -432]]
[[1, 0], [41, 48], [-59, -48]]
[[1, 0], [41, 54], [-113, -144]]
[[1, 0], [41, 54], [-229, -270]]
[[1, 0], [41, 54], [-337, -432]]
[[1, 0], [41, 54], [-49, -54]]
[[1, 0], [41, 54], [-79, -90]]
[[1, 0], [41, 60], [-209, -240]]
[[1, 0], [41, 64], [-191, -256]]
[[1, 0], [41, 72], [-179, -288]]
[[1, 0], [41, 72], [-253, -432]]
[[1, 0], [41, 90], [-139, -270]]
[[1, 0], [419, 432], [-421, -432]]
[[1, 0], [425, 432], [-427, -432]]
[[1, 0], [43, 108], [-137, -324]]
[[1, 0], [43, 112], [-167, -224]]
[[1, 0], [43, 144], [-133, -432]]
[[1, 0], [43, 144], [-49, -144]]
[[1, 0], [43, 144], [-67, -216]]
[[1, 0], [43, 144], [-95, -288]]
[[1, 0], [43, 216], [-89, -432]]
[[1, 0], [43, 48], [-139, -120]]
[[1, 0], [43, 48], [-199, -216]]
[[1, 0], [43, 48], [-269, -240]]
[[1, 0], [43, 48], [-397, -432]]
[[1, 0], [43, 54], [-239, -270]]
[[1, 0], [43, 54], [-353, -432]]
[[1, 0], [43, 56], [-307, -224]]
[[1, 0], [43, 72], [-187, -288]]
[[1, 0], [43, 72], [-265, -432]]
[[1, 0], [43, 81], [-161, -243]]
[[1, 0], [43, 84], [-181, -336]]
[[1, 0], [431, 432], [-433, -432]]
[[1, 0], [46, 81], [-170, -243]]
[[1, 0], [47, 108], [-149, -324]]
[[1, 0], [47, 108], [-193, -432]]
[[1, 0], [47, 108], [-65, -144]]
[[1, 0], [47, 144], [-103, -288]]
[[1, 0], [47, 144], [-145, -432]]
[[1, 0], [47, 144], [-53, -144]]
[[1, 0], [47, 144], [-73, -216]]
[[1, 0], [47, 216], [-97, -432]]
[[1, 0], [47, 48], [-109, -108]]
[[1, 0], [47, 48], [-149, -120]]
[[1, 0], [47, 48], [-217, -216]]
[[1, 0], [47, 48], [-289, -240]]
[[1, 0], [47, 48], [-433, -432]]
[[1, 0], [47, 48], [-55, -54]]
[[1, 0], [47, 48], [-79, -60]]
[[1, 0], [47, 54], [-259, -270]]
[[1, 0], [47, 54], [-385, -432]]
[[1, 0], [47, 54], [-89, -90]]
[[1, 0], [47, 72], [-203, -288]]
[[1, 0], [47, 72], [-289, -432]]
[[1, 0], [49, 108], [-155, -324]]
[[1, 0], [49, 144], [-107, -288]]
[[1, 0], [49, 144], [-151, -432]]
[[1, 0], [49, 216], [-101, -432]]
[[1, 0], [49, 288], [-55, -288]]
[[1, 0], [49, 324], [-53, -324]]
[[1, 0], [49, 54], [-269, -270]]
[[1, 0], [49, 54], [-401, -432]]
[[1, 0], [49, 64], [-223, -256]]
[[1, 0], [49, 72], [-211, -288]]
[[1, 0], [49, 72], [-301, -432]]
[[1, 0], [49, 81], [-179, -243]]
[[1, 0], [5, 108], [-23, -324]]
[[1, 0], [5, 108], [-25, -432]]
[[1, 0], [5, 12], [-191, -324]]
[[1, 0], [5, 12], [-217, -432]]
[[1, 0], [5, 12], [-289, -240]]
[[1, 0], [5, 12], [-29, -48]]
[[1, 0], [5, 12], [-41, -12]]
[[1, 0], [5, 12], [-455, -228]]
[[1, 0], [5, 12], [-65, -48]]
[[1, 0], [5, 144], [-19, -288]]
[[1, 0], [5, 144], [-19, -432]]
[[1, 0], [5, 16], [-163, -432]]
[[1, 0], [5, 16], [-475, -224]]
[[1, 0], [5, 16], [-91, -32]]
[[1, 0], [5, 18], [-131, -288]]
[[1, 0], [5, 18], [-139, -270]]
[[1, 0], [5, 18], [-145, -432]]
[[1, 0], [5, 18], [-233, -234]]
[[1, 0], [5, 18], [-29, -18]]
[[1, 0], [5, 18], [-31, -54]]
[[1, 0], [5, 216], [-13, -432]]
[[1, 0], [5, 24], [-109, -264]]
[[1, 0], [5, 24], [-109, -432]]
[[1, 0], [5, 24], [-149, -240]]
[[1, 0], [5, 24], [-37, -48]]
[[1, 0], [5, 24], [-97, -336]]
[[1, 0], [5, 27], [-125, -243]]
[[1, 0], [5, 27], [-47, -81]]
[[1, 0], [5, 27], [-97, -432]]
[[1, 0], [5, 288], [-11, -288]]
[[1, 0], [5, 32], [-139, -112]]
[[1, 0], [5, 32], [-251, -224]]
[[1, 0], [5, 32], [-47, -128]]
[[1, 0], [5, 32], [-59, -32]]
[[1, 0], [5, 32], [-83, -56]]
[[1, 0], [5, 36], [-17, -36]]
[[1, 0], [5, 36], [-65, -324]]
[[1, 0], [5, 36], [-67, -288]]
[[1, 0], [5, 36], [-73, -432]]
[[1, 0], [5, 36], [-83, -252]]
[[1, 0], [5, 48], [-55, -432]]
[[1, 0], [5, 48], [-79, -240]]
[[1, 0], [5, 54], [-17, -144]]
[[1, 0], [5, 54], [-19, -90]]
[[1, 0], [5, 54], [-49, -270]]
[[1, 0], [5, 54], [-49, -432]]
[[1, 0], [5, 6], [-121, -48]]
[[1, 0], [5, 6], [-1553, -222]]
[[1, 0], [5, 6], [-409, -270]]
[[1, 0], [5, 6], [-433, -432]]
[[1, 0], [5, 6], [-569, -240]]
[[1, 0], [5, 6], [-85, -54]]
[[1, 0], [5, 72], [-35, -288]]
[[1, 0], [5, 72], [-37, -432]]
[[1, 0], [5, 8], [-155, -32]]
[[1, 0], [5, 8], [-305, -272]]
[[1, 0], [5, 8], [-325, -432]]
[[1, 0], [5, 8], [-371, -248]]
[[1, 0], [5, 8], [-923, -224]]
[[1, 0], [5, 9], [-169, -45]]
[[1, 0], [5, 9], [-259, -288]]
[[1, 0], [5, 9], [-259, -351]]
[[1, 0], [5, 9], [-289, -261]]
[[1, 0], [5, 9], [-289, -432]]
[[1, 0], [5, 9], [-359, -243]]
[[1, 0], [5, 9], [-749, -225]]
[[1, 0], [52, 81], [-188, -243]]
[[1, 0], [53, 108], [-167, -324]]
[[1, 0], [53, 108], [-217, -432]]
[[1, 0], [53, 108], [-73, -144]]
[[1, 0], [53, 144], [-115, -288]]
[[1, 0], [53, 144], [-163, -432]]
[[1, 0], [53, 216], [-109, -432]]
[[1, 0], [53, 234], [-77, -234]]
[[1, 0], [53, 288], [-59, -288]]
[[1, 0], [53, 54], [-145, -144]]
[[1, 0], [53, 54], [-289, -270]]
[[1, 0], [53, 54], [-433, -432]]
[[1, 0], [53, 54], [-61, -54]]
[[1, 0], [53, 72], [-227, -288]]
[[1, 0], [53, 72], [-325, -432]]
[[1, 0], [55, 108], [-173, -324]]
[[1, 0], [55, 144], [-119, -288]]
[[1, 0], [55, 144], [-169, -432]]
[[1, 0], [55, 144], [-61, -144]]
[[1, 0], [55, 144], [-85, -216]]
[[1, 0], [55, 216], [-113, -432]]
[[1, 0], [55, 243], [-71, -243]]
[[1, 0], [55, 72], [-235, -288]]
[[1, 0], [55, 72], [-337, -432]]
[[1, 0], [55, 81], [-197, -243]]
[[1, 0], [57, 112], [-195, -224]]
[[1, 0], [57, 64], [-255, -256]]
[[1, 0], [58, 81], [-206, -243]]
[[1, 0], [59, 108], [-185, -324]]
[[1, 0], [59, 108], [-241, -432]]
[[1, 0], [59, 144], [-127, -288]]
[[1, 0], [59, 144], [-181, -432]]
[[1, 0], [59, 144], [-65, -144]]
[[1, 0], [59, 144], [-91, -216]]
[[1, 0], [59, 216], [-121, -432]]
[[1, 0], [59, 72], [-251, -288]]
[[1, 0], [59, 72], [-361, -432]]
[[1, 0], [61, 108], [-191, -324]]
[[1, 0], [61, 120], [-149, -240]]
[[1, 0], [61, 144], [-131, -288]]
[[1, 0], [61, 144], [-187, -432]]
[[1, 0], [61, 216], [-125, -432]]
[[1, 0], [61, 240], [-79, -240]]
[[1, 0], [61, 288], [-67, -288]]
[[1, 0], [61, 324], [-65, -324]]
[[1, 0], [61, 72], [-259, -288]]
[[1, 0], [61, 72], [-373, -432]]
[[1, 0], [61, 81], [-215, -243]]
[[1, 0], [61, 90], [-199, -270]]
[[1, 0], [64, 243], [-80, -243]]
[[1, 0], [64, 81], [-224, -243]]
[[1, 0], [65, 108], [-203, -324]]
[[1, 0], [65, 108], [-265, -432]]
[[1, 0], [65, 108], [-89, -144]]
[[1, 0], [65, 144], [-139, -288]]
[[1, 0], [65, 144], [-199, -432]]
[[1, 0], [65, 216], [-133, -432]]
[[1, 0], [65, 288], [-71, -288]]
[[1, 0], [65, 432], [-67, -432]]
[[1, 0], [65, 72], [-275, -288]]
[[1, 0], [65, 72], [-397, -432]]
[[1, 0], [67, 108], [-209, -324]]
[[1, 0], [67, 144], [-103, -216]]
[[1, 0], [67, 144], [-143, -288]]
[[1, 0], [67, 144], [-205, -432]]
[[1, 0], [67, 144], [-73, -144]]
[[1, 0], [67, 216], [-137, -432]]
[[1, 0], [67, 72], [-283, -288]]
[[1, 0], [67, 72], [-409, -432]]
[[1, 0], [67, 81], [-233, -243]]
[[1, 0], [67, 81], [-83, -81]]
[[1, 0], [7, 108], [-29, -324]]
[[1, 0], [7, 12], [-245, -324]]
[[1, 0], [7, 12], [-289, -432]]
[[1, 0], [7, 12], [-329, -240]]
[[1, 0], [7, 12], [-37, -48]]
[[1, 0], [7, 12], [-493, -228]]
[[1, 0], [7, 12], [-73, -48]]
[[1, 0], [7, 144], [-13, -144]]
[[1, 0], [7, 144], [-13, -216]]
[[1, 0], [7, 144], [-23, -288]]
[[1, 0], [7, 144], [-25, -432]]
[[1, 0], [7, 16], [-109, -216]]
[[1, 0], [7, 16], [-217, -432]]
[[1, 0], [7, 16], [-265, -112]]
[[1, 0], [7, 16], [-503, -224]]
[[1, 0], [7, 16], [-55, -108]]
[[1, 0], [7, 16], [-55, -64]]
[[1, 0], [7, 16], [-95, -32]]
[[1, 0], [7, 18], [-163, -288]]
[[1, 0], [7, 18], [-169, -270]]
[[1, 0], [7, 18], [-193, -432]]
[[1, 0], [7, 18], [-259, -234]]
[[1, 0], [7, 18], [-37, -54]]
[[1, 0], [7, 216], [-17, -432]]
[[1, 0], [7, 24], [-125, -336]]
[[1, 0], [7, 24], [-131, -264]]
[[1, 0], [7, 24], [-145, -432]]
[[1, 0], [7, 24], [-169, -240]]
[[1, 0], [7, 24], [-41, -48]]
[[1, 0], [7, 27], [-109, -297]]
[[1, 0], [7, 27], [-143, -243]]
[[1, 0], [7, 36], [-83, -288]]
[[1, 0], [7, 36], [-83, -324]]
[[1, 0], [7, 36], [-97, -252]]
[[1, 0], [7, 36], [-97, -432]]
[[1, 0], [7, 48], [-19, -108]]
[[1, 0], [7, 48], [-25, -48]]
[[1, 0], [7, 48], [-29, -60]]
[[1, 0], [7, 48], [-37, -216]]
[[1, 0], [7, 48], [-49, -120]]
[[1, 0], [7, 48], [-73, -432]]
[[1, 0], [7, 48], [-89, -240]]
[[1, 0], [7, 54], [-59, -270]]
[[1, 0], [7, 54], [-65, -432]]
[[1, 0], [7, 72], [-43, -288]]
[[1, 0], [7, 72], [-49, -432]]
[[1, 0], [7, 81], [-23, -81]]
[[1, 0], [7, 81], [-53, -243]]
[[1, 0], [7, 8], [-163, -32]]
[[1, 0], [7, 8], [-373, -272]]
[[1, 0], [7, 8], [-433, -248]]
[[1, 0], [7, 8], [-433, -432]]
[[1, 0], [7, 8], [-979, -224]]
[[1, 0], [7, 9], [-179, -45]]
[[1, 0], [7, 9], [-323, -288]]
[[1, 0], [7, 9], [-337, -351]]
[[1, 0], [7, 9], [-347, -261]]
[[1, 0], [7, 9], [-385, -432]]
[[1, 0], [7, 9], [-413, -243]]
[[1, 0], [7, 9], [-55, -9]]
[[1, 0], [7, 9], [-799, -225]]
[[1, 0], [70, 81], [-242, -243]]
[[1, 0], [70, 81], [-86, -81]]
[[1, 0], [71, 108], [-221, -324]]
[[1, 0], [71, 108], [-289, -432]]
[[1, 0], [71, 108], [-97, -144]]
[[1, 0], [71, 112], [-125, -112]]
[[1, 0], [71, 112], [-223, -224]]
[[1, 0], [71, 120], [-169, -240]]
[[1, 0], [71, 144], [-109, -216]]
[[1, 0], [71, 144], [-151, -288]]
[[1, 0], [71, 144], [-217, -432]]
[[1, 0], [71, 216], [-145, -432]]
[[1, 0], [71, 240], [-89, -240]]
[[1, 0], [71, 72], [-299, -288]]
[[1, 0], [71, 72], [-433, -432]]
[[1, 0], [71, 84], [-293, -336]]
[[1, 0], [71, 90], [-229, -270]]
[[1, 0], [73, 108], [-227, -324]]
[[1, 0], [73, 144], [-155, -288]]
[[1, 0], [73, 144], [-223, -432]]
[[1, 0], [73, 216], [-149, -432]]
[[1, 0], [73, 324], [-77, -324]]
[[1, 0], [73, 81], [-251, -243]]
[[1, 0], [76, 225], [-124, -225]]
[[1, 0], [76, 81], [-260, -243]]
[[1, 0], [77, 108], [-239, -324]]
[[1, 0], [77, 108], [-313, -432]]
[[1, 0], [77, 144], [-163, -288]]
[[1, 0], [77, 144], [-235, -432]]
[[1, 0], [77, 216], [-157, -432]]
[[1, 0], [77, 228], [-113, -228]]
[[1, 0], [77, 288], [-83, -288]]
[[1, 0], [79, 108], [-245, -324]]
[[1, 0], [79, 144], [-121, -216]]
[[1, 0], [79, 144], [-167, -288]]
[[1, 0], [79, 144], [-241, -432]]
[[1, 0], [79, 216], [-161, -432]]
[[1, 0], [79, 234], [-103, -234]]
[[1, 0], [79, 81], [-269, -243]]
[[1, 0], [8, 27], [-145, -432]]
[[1, 0], [8, 27], [-152, -243]]
[[1, 0], [8, 27], [-17, -48]]
[[1, 0], [8, 27], [-49, -144]]
[[1, 0], [8, 27], [-56, -81]]
[[1, 0], [8, 9], [-184, -45]]
[[1, 0], [8, 9], [-355, -288]]
[[1, 0], [8, 9], [-376, -261]]
[[1, 0], [8, 9], [-376, -351]]
[[1, 0], [8, 9], [-433, -432]]
[[1, 0], [8, 9], [-440, -243]]
[[1, 0], [8, 9], [-824, -225]]
[[1, 0], [82, 243], [-98, -243]]
[[1, 0], [83, 108], [-113, -144]]
[[1, 0], [83, 108], [-257, -324]]
[[1, 0], [83, 108], [-337, -432]]
[[1, 0], [83, 144], [-127, -216]]
[[1, 0], [83, 144], [-175, -288]]
[[1, 0], [83, 144], [-253, -432]]
[[1, 0], [83, 216], [-169, -432]]
[[1, 0], [85, 108], [-263, -324]]
[[1, 0], [85, 112], [-251, -224]]
[[1, 0], [85, 144], [-179, -288]]
[[1, 0], [85, 144], [-259, -432]]
[[1, 0], [85, 216], [-173, -432]]
[[1, 0], [85, 224], [-139, -224]]
[[1, 0], [85, 252], [-97, -252]]
[[1, 0], [85, 288], [-91, -288]]
[[1, 0], [85, 324], [-89, -324]]
[[1, 0], [89, 108], [-121, -144]]
[[1, 0], [89, 108], [-275, -324]]
[[1, 0], [89, 108], [-361, -432]]
[[1, 0], [89, 144], [-187, -288]]
[[1, 0], [89, 144], [-271, -432]]
[[1, 0], [89, 216], [-181, -432]]
[[1, 0], [89, 432], [-91, -432]]
[[1, 0], [9, 16], [-271, -432]]
[[1, 0], [9, 16], [-531, -224]]
[[1, 0], [9, 16], [-99, -32]]
[[1, 0], [9, 32], [-153, -112]]
[[1, 0], [9, 32], [-279, -224]]
[[1, 0], [9, 64], [-63, -256]]
[[1, 0], [91, 108], [-281, -324]]
[[1, 0], [91, 120], [-209, -240]]
[[1, 0], [91, 144], [-139, -216]]
[[1, 0], [91, 144], [-191, -288]]
[[1, 0], [91, 144], [-277, -432]]
[[1, 0], [91, 216], [-185, -432]]
[[1, 0], [91, 240], [-109, -240]]
[[1, 0], [91, 243], [-107, -243]]
[[1, 0], [95, 108], [-293, -324]]
[[1, 0], [95, 108], [-385, -432]]
[[1, 0], [95, 144], [-145, -216]]
[[1, 0], [95, 144], [-199, -288]]
[[1, 0], [95, 144], [-289, -432]]
[[1, 0], [95, 216], [-193, -432]]
[[1, 0], [97, 108], [-299, -324]]
[[1, 0], [97, 144], [-203, -288]]
[[1, 0], [97, 144], [-295, -432]]
[[1, 0], [97, 216], [-197, -432]]
[[1, 0], [97, 288], [-103, -288]]
[[1, 0], [97, 324], [-101, -324]]
[[1, 0], [99, 112], [-279, -224]]
