[[1, 0], [0, 1], [-1112, -159]]
[[1, 0], [0, 1], [-1112, -7]]
[[1, 0], [0, 1], [-139, -10]]
[[1, 0], [0, 1], [-139, -14]]
[[1, 0], [0, 1], [-139, -1]]
[[1, 0], [0, 1], [-139, -20]]
[[1, 0], [0, 1], [-139, -28]]
[[1, 0], [0, 1], [-139, -2]]
[[1, 0], [0, 1], [-139, -35]]
[[1, 0], [0, 1], [-139, -4]]
[[1, 0], [0, 1], [-139, -5]]
[[1, 0], [0, 1], [-139, -70]]
[[1, 0], [0, 1], [-139, -7]]
[[1, 0], [0, 1], [-140, -139]]
[[1, 0], [0, 1], [-1529, -10]]
[[1, 0], [0, 1], [-1529, -153]]
[[1, 0], [0, 1], [-19599, -140]]
[[1, 0], [0, 1], [-2085, -149]]
[[1, 0], [0, 1], [-2085, -14]]
[[1, 0], [0, 1], [-278, -1]]
[[1, 0], [0, 1], [-278, -31]]
[[1, 0], [0, 1], [-278, -3]]
[[1, 0], [0, 1], [-278, -93]]
[[1, 0], [0, 1], [-278, -9]]
[[1, 0], [0, 1], [-279, -278]]
[[1, 0], [0, 1], [-2919, -146]]
[[1, 0], [0, 1], [-2919, -20]]
[[1, 0], [0, 1], [-3336, -47]]
[[1, 0], [0, 1], [-3336, -71]]
[[1, 0], [0, 1], [-4031, -144]]
[[1, 0], [0, 1], [-4031, -28]]
[[1, 0], [0, 1], [-417, -11]]
[[1, 0], [0, 1], [-417, -209]]
[[1, 0], [0, 1], [-417, -2]]
[[1, 0], [0, 1], [-417, -38]]
[[1, 0], [0, 1], [-5004, -143]]
[[1, 0], [0, 1], [-5004, -35]]
[[1, 0], [0, 1], [-695, -174]]
[[1, 0], [0, 1], [-695, -24]]
[[1, 0], [0, 1], [-695, -29]]
[[1, 0], [0, 1], [-695, -4]]
[[1, 0], [0, 1], [-834, -167]]
[[1, 0], [0, 1], [-834, -5]]
[[1, 0], [0, 1], [-9869, -141]]
[[1, 0], [0, 1], [-9869, -70]]
[[1, 0], [1, 10], [-1119, -70]]
[[1, 0], [1, 10], [-2099, -140]]
[[1, 0], [1, 10], [-279, -10]]
[[1, 0], [1, 10], [-31, -32]]
[[1, 0], [1, 10], [-335, -14]]
[[1, 0], [1, 10], [-419, -20]]
[[1, 0], [1, 10], [-531, -28]]
[[1, 0], [1, 10], [-629, -35]]
[[1, 0], [1, 11], [-14, -15]]
[[1, 0], [1, 11], [-153, -154]]
[[1, 0], [1, 11], [-77, -13]]
[[1, 0], [1, 12], [-143, -48]]
[[1, 0], [1, 12], [-38, -39]]
[[1, 0], [1, 12], [-71, -18]]
[[1, 0], [1, 139], [-2, -139]]
[[1, 0], [1, 139], [-3, -139]]
[[1, 0], [1, 139], [-5, -278]]
[[1, 0], [1, 13], [-428, -143]]
[[1, 0], [1, 140], [-279, -140]]
[[1, 0], [1, 141], [-140, -141]]
[[1, 0], [1, 14], [-1539, -140]]
[[1, 0], [1, 14], [-279, -14]]
[[1, 0], [1, 14], [-339, -20]]
[[1, 0], [1, 14], [-419, -28]]
[[1, 0], [1, 14], [-489, -35]]
[[1, 0], [1, 14], [-839, -70]]
[[1, 0], [1, 15], [-149, -150]]
[[1, 0], [1, 16], [-287, -144]]
[[1, 0], [1, 16], [-71, -24]]
[[1, 0], [1, 18], [-143, -72]]
[[1, 0], [1, 20], [-1119, -140]]
[[1, 0], [1, 20], [-279, -20]]
[[1, 0], [1, 20], [-335, -28]]
[[1, 0], [1, 20], [-384, -35]]
[[1, 0], [1, 20], [-629, -70]]
[[1, 0], [1, 21], [-146, -147]]
[[1, 0], [1, 24], [-71, -36]]
[[1, 0], [1, 25], [-29, -30]]
[[1, 0], [1, 278], [-3, -278]]
[[1, 0], [1, 28], [-279, -28]]
[[1, 0], [1, 28], [-314, -35]]
[[1, 0], [1, 28], [-489, -70]]
[[1, 0], [1, 28], [-839, -140]]
[[1, 0], [1, 29], [-144, -145]]
[[1, 0], [1, 2], [-1119, -14]]
[[1, 0], [1, 2], [-140, -139]]
[[1, 0], [1, 2], [-143, -8]]
[[1, 0], [1, 2], [-1539, -20]]
[[1, 0], [1, 2], [-159, -40]]
[[1, 0], [1, 2], [-167, -56]]
[[1, 0], [1, 2], [-2099, -28]]
[[1, 0], [1, 2], [-2589, -35]]
[[1, 0], [1, 2], [-279, -278]]
[[1, 0], [1, 2], [-279, -2]]
[[1, 0], [1, 2], [-287, -18]]
[[1, 0], [1, 2], [-3407, -142]]
[[1, 0], [1, 2], [-371, -186]]
[[1, 0], [1, 2], [-419, -4]]
[[1, 0], [1, 2], [-455, -76]]
[[1, 0], [1, 2], [-489, -5]]
[[1, 0], [1, 2], [-5039, -70]]
[[1, 0], [1, 2], [-524, -75]]
[[1, 0], [1, 2], [-629, -7]]
[[1, 0], [1, 2], [-71, -3]]
[[1, 0], [1, 2], [-719, -48]]
[[1, 0], [1, 2], [-839, -10]]
[[1, 0], [1, 2], [-93, -47]]
[[1, 0], [1, 2], [-9939, -140]]
[[1, 0], [1, 35], [-279, -35]]
[[1, 0], [1, 35], [-419, -70]]
[[1, 0], [1, 35], [-699, -140]]
[[1, 0], [1, 36], [-143, -144]]
[[1, 0], [1, 3], [-1174, -47]]
[[1, 0], [1, 3], [-140, -3]]
[[1, 0], [1, 3], [-143, -12]]
[[1, 0], [1, 3], [-146, -21]]
[[1, 0], [1, 3], [-149, -30]]
[[1, 0], [1, 3], [-167, -84]]
[[1, 0], [1, 3], [-209, -210]]
[[1, 0], [1, 3], [-3383, -141]]
[[1, 0], [1, 3], [-70, -71]]
[[1, 0], [1, 3], [-719, -72]]
[[1, 0], [1, 417], [-2, -417]]
[[1, 0], [1, 47], [-140, -47]]
[[1, 0], [1, 47], [-281, -141]]
[[1, 0], [1, 48], [-71, -72]]
[[1, 0], [1, 4], [-1119, -28]]
[[1, 0], [1, 4], [-1364, -35]]
[[1, 0], [1, 4], [-143, -16]]
[[1, 0], [1, 4], [-159, -80]]
[[1, 0], [1, 4], [-2589, -70]]
[[1, 0], [1, 4], [-279, -4]]
[[1, 0], [1, 4], [-287, -36]]
[[1, 0], [1, 4], [-314, -5]]
[[1, 0], [1, 4], [-38, -13]]
[[1, 0], [1, 4], [-384, -7]]
[[1, 0], [1, 4], [-455, -152]]
[[1, 0], [1, 4], [-489, -10]]
[[1, 0], [1, 4], [-5039, -140]]
[[1, 0], [1, 4], [-629, -14]]
[[1, 0], [1, 4], [-71, -6]]
[[1, 0], [1, 4], [-839, -20]]
[[1, 0], [1, 4], [-93, -94]]
[[1, 0], [1, 5], [-1119, -35]]
[[1, 0], [1, 5], [-149, -50]]
[[1, 0], [1, 5], [-174, -175]]
[[1, 0], [1, 5], [-2099, -70]]
[[1, 0], [1, 5], [-279, -5]]
[[1, 0], [1, 5], [-29, -6]]
[[1, 0], [1, 5], [-309, -155]]
[[1, 0], [1, 5], [-31, -16]]
[[1, 0], [1, 5], [-335, -7]]
[[1, 0], [1, 5], [-35, -36]]
[[1, 0], [1, 5], [-4059, -140]]
[[1, 0], [1, 5], [-419, -10]]
[[1, 0], [1, 5], [-531, -14]]
[[1, 0], [1, 5], [-699, -20]]
[[1, 0], [1, 5], [-724, -145]]
[[1, 0], [1, 5], [-923, -28]]
[[1, 0], [1, 6], [-143, -24]]
[[1, 0], [1, 6], [-167, -168]]
[[1, 0], [1, 6], [-28, -29]]
[[1, 0], [1, 6], [-71, -9]]
[[1, 0], [1, 6], [-719, -144]]
[[1, 0], [1, 70], [-279, -70]]
[[1, 0], [1, 70], [-419, -140]]
[[1, 0], [1, 71], [-141, -142]]
[[1, 0], [1, 7], [-146, -49]]
[[1, 0], [1, 7], [-1539, -70]]
[[1, 0], [1, 7], [-279, -7]]
[[1, 0], [1, 7], [-2939, -140]]
[[1, 0], [1, 7], [-339, -10]]
[[1, 0], [1, 7], [-419, -14]]
[[1, 0], [1, 7], [-539, -20]]
[[1, 0], [1, 7], [-699, -28]]
[[1, 0], [1, 7], [-839, -35]]
[[1, 0], [1, 8], [-159, -160]]
[[1, 0], [1, 8], [-20, -21]]
[[1, 0], [1, 8], [-287, -72]]
[[1, 0], [1, 8], [-71, -12]]
[[1, 0], [1, 9], [-143, -36]]
[[1, 0], [1, 9], [-79, -16]]
[[1, 0], [10, 139], [-11, -139]]
[[1, 0], [10, 139], [-12, -139]]
[[1, 0], [10, 139], [-23, -278]]
[[1, 0], [10, 417], [-11, -417]]
[[1, 0], [100, 139], [-203, -278]]
[[1, 0], [100, 417], [-101, -417]]
[[1, 0], [101, 139], [-205, -278]]
[[1, 0], [101, 278], [-103, -278]]
[[1, 0], [102, 139], [-207, -278]]
[[1, 0], [103, 139], [-209, -278]]
[[1, 0], [103, 278], [-105, -278]]
[[1, 0], [104, 139], [-211, -278]]
[[1, 0], [105, 139], [-213, -278]]
[[1, 0], [105, 278], [-107, -278]]
[[1, 0], [106, 139], [-215, -278]]
[[1, 0], [107, 139], [-217, -278]]
[[1, 0], [107, 278], [-109, -278]]
[[1, 0], [108, 139], [-219, -278]]
[[1, 0], [109, 139], [-221, -278]]
[[1, 0], [109, 278], [-111, -278]]
[[1, 0], [11, 139], [-12, -139]]
[[1, 0], [11, 139], [-13, -139]]
[[1, 0], [11, 139], [-25, -278]]
[[1, 0], [11, 278], [-13, -278]]
[[1, 0], [110, 139], [-223, -278]]
[[1, 0], [111, 139], [-112, -139]]
[[1, 0], [111, 139], [-225, -278]]
[[1, 0], [111, 278], [-113, -278]]
[[1, 0], [112, 139], [-227, -278]]
[[1, 0], [112, 417], [-113, -417]]
[[1, 0], [113, 139], [-229, -278]]
[[1, 0], [113, 278], [-115, -278]]
[[1, 0], [114, 139], [-231, -278]]
[[1, 0], [115, 139], [-233, -278]]
[[1, 0], [115, 278], [-117, -278]]
[[1, 0], [116, 139], [-235, -278]]
[[1, 0], [117, 139], [-237, -278]]
[[1, 0], [117, 278], [-119, -278]]
[[1, 0], [118, 139], [-239, -278]]
[[1, 0], [119, 139], [-241, -278]]
[[1, 0], [119, 278], [-121, -278]]
[[1, 0], [12, 139], [-13, -139]]
[[1, 0], [12, 139], [-14, -139]]
[[1, 0], [12, 139], [-27, -278]]
[[1, 0], [120, 139], [-243, -278]]
[[1, 0], [121, 139], [-245, -278]]
[[1, 0], [121, 278], [-123, -278]]
[[1, 0], [121, 417], [-122, -417]]
[[1, 0], [122, 139], [-247, -278]]
[[1, 0], [123, 139], [-249, -278]]
[[1, 0], [123, 278], [-125, -278]]
[[1, 0], [124, 139], [-251, -278]]
[[1, 0], [125, 139], [-253, -278]]
[[1, 0], [125, 278], [-127, -278]]
[[1, 0], [126, 139], [-255, -278]]
[[1, 0], [127, 139], [-257, -278]]
[[1, 0], [127, 278], [-129, -278]]
[[1, 0], [128, 139], [-259, -278]]
[[1, 0], [129, 139], [-261, -278]]
[[1, 0], [129, 278], [-131, -278]]
[[1, 0], [13, 139], [-15, -139]]
[[1, 0], [13, 139], [-29, -278]]
[[1, 0], [13, 278], [-15, -278]]
[[1, 0], [13, 417], [-14, -417]]
[[1, 0], [130, 139], [-263, -278]]
[[1, 0], [130, 417], [-131, -417]]
[[1, 0], [131, 139], [-265, -278]]
[[1, 0], [131, 278], [-133, -278]]
[[1, 0], [132, 139], [-134, -139]]
[[1, 0], [132, 139], [-267, -278]]
[[1, 0], [133, 139], [-269, -278]]
[[1, 0], [133, 278], [-135, -278]]
[[1, 0], [134, 139], [-271, -278]]
[[1, 0], [135, 139], [-273, -278]]
[[1, 0], [135, 278], [-137, -278]]
[[1, 0], [136, 139], [-275, -278]]
[[1, 0], [137, 139], [-277, -278]]
[[1, 0], [138, 139], [-140, -139]]
[[1, 0], [138, 139], [-279, -278]]
[[1, 0], [14, 139], [-16, -139]]
[[1, 0], [14, 139], [-31, -278]]
[[1, 0], [15, 139], [-16, -139]]
[[1, 0], [15, 139], [-17, -139]]
[[1, 0], [15, 139], [-33, -278]]
[[1, 0], [15, 278], [-17, -278]]
[[1, 0], [16, 139], [-17, -139]]
[[1, 0], [16, 139], [-18, -139]]
[[1, 0], [16, 139], [-35, -278]]
[[1, 0], [16, 417], [-17, -417]]
[[1, 0], [17, 139], [-18, -139]]
[[1, 0], [17, 139], [-19, -139]]
[[1, 0], [17, 139], [-37, -278]]
[[1, 0], [17, 278], [-19, -278]]
[[1, 0], [18, 139], [-19, -139]]
[[1, 0], [18, 139], [-20, -139]]
[[1, 0], [18, 139], [-39, -278]]
[[1, 0], [181, 417], [-182, -417]]
[[1, 0], [19, 139], [-21, -139]]
[[1, 0], [19, 139], [-41, -278]]
[[1, 0], [19, 278], [-21, -278]]
[[1, 0], [19, 417], [-20, -417]]
[[1, 0], [2, 139], [-3, -139]]
[[1, 0], [2, 139], [-4, -139]]
[[1, 0], [2, 139], [-7, -278]]
[[1, 0], [20, 139], [-22, -139]]
[[1, 0], [20, 139], [-43, -278]]
[[1, 0], [21, 139], [-23, -139]]
[[1, 0], [21, 139], [-45, -278]]
[[1, 0], [21, 278], [-23, -278]]
[[1, 0], [22, 139], [-24, -139]]
[[1, 0], [22, 139], [-47, -278]]
[[1, 0], [23, 139], [-25, -139]]
[[1, 0], [23, 139], [-49, -278]]
[[1, 0], [23, 278], [-25, -278]]
[[1, 0], [24, 139], [-25, -139]]
[[1, 0], [24, 139], [-26, -139]]
[[1, 0], [24, 139], [-51, -278]]
[[1, 0], [25, 139], [-27, -139]]
[[1, 0], [25, 139], [-53, -278]]
[[1, 0], [25, 278], [-27, -278]]
[[1, 0], [250, 417], [-251, -417]]
[[1, 0], [26, 139], [-28, -139]]
[[1, 0], [26, 139], [-55, -278]]
[[1, 0], [27, 139], [-29, -139]]
[[1, 0], [27, 139], [-57, -278]]
[[1, 0], [27, 278], [-29, -278]]
[[1, 0], [271, 278], [-273, -278]]
[[1, 0], [277, 278], [-279, -278]]
[[1, 0], [28, 139], [-30, -139]]
[[1, 0], [28, 139], [-59, -278]]
[[1, 0], [28, 417], [-29, -417]]
[[1, 0], [29, 139], [-31, -139]]
[[1, 0], [29, 139], [-61, -278]]
[[1, 0], [29, 278], [-31, -278]]
[[1, 0], [3, 139], [-4, -139]]
[[1, 0], [3, 139], [-5, -139]]
[[1, 0], [3, 139], [-9, -278]]
[[1, 0], [3, 278], [-5, -278]]
[[1, 0], [30, 139], [-32, -139]]
[[1, 0], [30, 139], [-63, -278]]
[[1, 0], [31, 139], [-33, -139]]
[[1, 0], [31, 139], [-65, -278]]
[[1, 0], [31, 278], [-33, -278]]
[[1, 0], [32, 139], [-34, -139]]
[[1, 0], [32, 139], [-67, -278]]
[[1, 0], [33, 139], [-34, -139]]
[[1, 0], [33, 139], [-35, -139]]
[[1, 0], [33, 139], [-69, -278]]
[[1, 0], [33, 278], [-35, -278]]
[[1, 0], [34, 139], [-36, -139]]
[[1, 0], [34, 139], [-71, -278]]
[[1, 0], [34, 417], [-35, -417]]
[[1, 0], [35, 139], [-37, -139]]
[[1, 0], [35, 139], [-73, -278]]
[[1, 0], [35, 278], [-37, -278]]
[[1, 0], [36, 139], [-38, -139]]
[[1, 0], [36, 139], [-75, -278]]
[[1, 0], [37, 139], [-39, -139]]
[[1, 0], [37, 139], [-77, -278]]
[[1, 0], [37, 278], [-39, -278]]
[[1, 0], [38, 139], [-40, -139]]
[[1, 0], [38, 139], [-79, -278]]
[[1, 0], [39, 139], [-40, -139]]
[[1, 0], [39, 139], [-41, -139]]
[[1, 0], [39, 139], [-81, -278]]
[[1, 0], [39, 278], [-41, -278]]
[[1, 0], [4, 139], [-11, -278]]
[[1, 0], [4, 139], [-6, -139]]
[[1, 0], [40, 139], [-41, -139]]
[[1, 0], [40, 139], [-42, -139]]
[[1, 0], [40, 139], [-83, -278]]
[[1, 0], [40, 417], [-41, -417]]
[[1, 0], [41, 139], [-42, -139]]
[[1, 0], [41, 139], [-43, -139]]
[[1, 0], [41, 139], [-85, -278]]
[[1, 0], [41, 278], [-43, -278]]
[[1, 0], [42, 139], [-43, -139]]
[[1, 0], [42, 139], [-44, -139]]
[[1, 0], [42, 139], [-87, -278]]
[[1, 0], [43, 139], [-45, -139]]
[[1, 0], [43, 139], [-89, -278]]
[[1, 0], [43, 278], [-45, -278]]
[[1, 0], [43, 417], [-44, -417]]
[[1, 0], [44, 139], [-46, -139]]
[[1, 0], [44, 139], [-91, -278]]
[[1, 0], [45, 139], [-47, -139]]
[[1, 0], [45, 139], [-93, -278]]
[[1, 0], [45, 278], [-47, -278]]
[[1, 0], [46, 139], [-48, -139]]
[[1, 0], [46, 139], [-95, -278]]
[[1, 0], [46, 417], [-47, -417]]
[[1, 0], [47, 139], [-48, -139]]
[[1, 0], [47, 139], [-49, -139]]
[[1, 0], [47, 139], [-97, -278]]
[[1, 0], [47, 278], [-49, -278]]
[[1, 0], [48, 139], [-50, -139]]
[[1, 0], [48, 139], [-99, -278]]
[[1, 0], [49, 139], [-101, -278]]
[[1, 0], [49, 139], [-51, -139]]
[[1, 0], [49, 278], [-51, -278]]
[[1, 0], [5, 139], [-13, -278]]
[[1, 0], [5, 139], [-6, -139]]
[[1, 0], [50, 139], [-103, -278]]
[[1, 0], [50, 139], [-52, -139]]
[[1, 0], [51, 139], [-105, -278]]
[[1, 0], [51, 139], [-53, -139]]
[[1, 0], [51, 278], [-53, -278]]
[[1, 0], [52, 139], [-107, -278]]
[[1, 0], [52, 139], [-54, -139]]
[[1, 0], [53, 139], [-109, -278]]
[[1, 0], [53, 139], [-55, -139]]
[[1, 0], [53, 278], [-55, -278]]
[[1, 0], [54, 139], [-111, -278]]
[[1, 0], [54, 139], [-56, -139]]
[[1, 0], [55, 139], [-113, -278]]
[[1, 0], [55, 139], [-57, -139]]
[[1, 0], [55, 278], [-57, -278]]
[[1, 0], [55, 417], [-56, -417]]
[[1, 0], [56, 139], [-115, -278]]
[[1, 0], [56, 139], [-58, -139]]
[[1, 0], [57, 139], [-117, -278]]
[[1, 0], [57, 139], [-59, -139]]
[[1, 0], [57, 278], [-59, -278]]
[[1, 0], [58, 139], [-119, -278]]
[[1, 0], [58, 139], [-60, -139]]
[[1, 0], [58, 417], [-59, -417]]
[[1, 0], [59, 139], [-121, -278]]
[[1, 0], [59, 139], [-61, -139]]
[[1, 0], [59, 278], [-61, -278]]
[[1, 0], [6, 139], [-15, -278]]
[[1, 0], [6, 139], [-7, -139]]
[[1, 0], [6, 139], [-8, -139]]
[[1, 0], [60, 139], [-123, -278]]
[[1, 0], [60, 139], [-62, -139]]
[[1, 0], [61, 139], [-125, -278]]
[[1, 0], [61, 139], [-63, -139]]
[[1, 0], [61, 278], [-63, -278]]
[[1, 0], [62, 139], [-127, -278]]
[[1, 0], [62, 139], [-63, -139]]
[[1, 0], [62, 139], [-64, -139]]
[[1, 0], [63, 139], [-129, -278]]
[[1, 0], [63, 139], [-65, -139]]
[[1, 0], [63, 278], [-65, -278]]
[[1, 0], [64, 139], [-131, -278]]
[[1, 0], [64, 139], [-66, -139]]
[[1, 0], [64, 417], [-65, -417]]
[[1, 0], [65, 139], [-133, -278]]
[[1, 0], [65, 139], [-67, -139]]
[[1, 0], [65, 278], [-67, -278]]
[[1, 0], [66, 139], [-135, -278]]
[[1, 0], [66, 139], [-68, -139]]
[[1, 0], [67, 139], [-137, -278]]
[[1, 0], [67, 139], [-69, -139]]
[[1, 0], [67, 278], [-69, -278]]
[[1, 0], [68, 139], [-70, -139]]
[[1, 0], [69, 139], [-141, -278]]
[[1, 0], [69, 278], [-71, -278]]
[[1, 0], [7, 139], [-17, -278]]
[[1, 0], [7, 139], [-8, -139]]
[[1, 0], [7, 139], [-9, -139]]
[[1, 0], [7, 278], [-9, -278]]
[[1, 0], [7, 417], [-8, -417]]
[[1, 0], [70, 139], [-143, -278]]
[[1, 0], [71, 139], [-145, -278]]
[[1, 0], [71, 278], [-73, -278]]
[[1, 0], [72, 139], [-147, -278]]
[[1, 0], [73, 139], [-149, -278]]
[[1, 0], [73, 278], [-75, -278]]
[[1, 0], [74, 139], [-151, -278]]
[[1, 0], [75, 139], [-153, -278]]
[[1, 0], [75, 278], [-77, -278]]
[[1, 0], [76, 139], [-155, -278]]
[[1, 0], [77, 139], [-157, -278]]
[[1, 0], [77, 278], [-79, -278]]
[[1, 0], [78, 139], [-159, -278]]
[[1, 0], [79, 139], [-161, -278]]
[[1, 0], [79, 278], [-81, -278]]
[[1, 0], [79, 417], [-80, -417]]
[[1, 0], [8, 139], [-10, -139]]
[[1, 0], [8, 139], [-19, -278]]
[[1, 0], [8, 139], [-9, -139]]
[[1, 0], [80, 139], [-163, -278]]
[[1, 0], [81, 139], [-165, -278]]
[[1, 0], [81, 278], [-83, -278]]
[[1, 0], [82, 139], [-167, -278]]
[[1, 0], [82, 417], [-83, -417]]
[[1, 0], [83, 139], [-169, -278]]
[[1, 0], [83, 278], [-85, -278]]
[[1, 0], [84, 139], [-171, -278]]
[[1, 0], [85, 139], [-173, -278]]
[[1, 0], [85, 278], [-87, -278]]
[[1, 0], [85, 417], [-86, -417]]
[[1, 0], [86, 139], [-175, -278]]
[[1, 0], [87, 139], [-177, -278]]
[[1, 0], [87, 278], [-89, -278]]
[[1, 0], [88, 139], [-179, -278]]
[[1, 0], [88, 417], [-89, -417]]
[[1, 0], [89, 139], [-181, -278]]
[[1, 0], [89, 278], [-91, -278]]
[[1, 0], [9, 139], [-10, -139]]
[[1, 0], [9, 139], [-11, -139]]
[[1, 0], [9, 139], [-21, -278]]
[[1, 0], [9, 278], [-11, -278]]
[[1, 0], [90, 139], [-183, -278]]
[[1, 0], [91, 139], [-185, -278]]
[[1, 0], [91, 278], [-93, -278]]
[[1, 0], [92, 139], [-187, -278]]
[[1, 0], [93, 139], [-189, -278]]
[[1, 0], [93, 278], [-95, -278]]
[[1, 0], [94, 139], [-191, -278]]
[[1, 0], [95, 139], [-193, -278]]
[[1, 0], [95, 278], [-97, -278]]
[[1, 0], [96, 139], [-195, -278]]
[[1, 0], [97, 139], [-197, -278]]
[[1, 0], [97, 278], [-99, -278]]
[[1, 0], [98, 139], [-199, -278]]
[[1, 0], [99, 139], [-201, -278]]
[[1, 0], [99, 278], [-101, -278]]
