[[1, 0], [0, 1], [-1029, -685]]
[[1, 0], [0, 1], [-1233, -2]]
[[1, 0], [0, 1], [-1233, -617]]
[[1, 0], [0, 1], [-12330, -209]]
[[1, 0], [0, 1], [-12330, -59]]
[[1, 0], [0, 1], [-137, -18]]
[[1, 0], [0, 1], [-137, -9]]
[[1, 0], [0, 1], [-1370, -9]]
[[1, 0], [0, 1], [-14522, -423]]
[[1, 0], [0, 1], [-1507, -87]]
[[1, 0], [0, 1], [-1644, -235]]
[[1, 0], [0, 1], [-1644, -7]]
[[1, 0], [0, 1], [-1647, -548]]
[[1, 0], [0, 1], [-169743, -412]]
[[1, 0], [0, 1], [-2055, -4]]
[[1, 0], [0, 1], [-2055, -514]]
[[1, 0], [0, 1], [-207, -137]]
[[1, 0], [0, 1], [-2603, -18]]
[[1, 0], [0, 1], [-274, -15]]
[[1, 0], [0, 1], [-274, -165]]
[[1, 0], [0, 1], [-274, -33]]
[[1, 0], [0, 1], [-274, -3]]
[[1, 0], [0, 1], [-274, -75]]
[[1, 0], [0, 1], [-28496, -207]]
[[1, 0], [0, 1], [-28633, -417]]
[[1, 0], [0, 1], [-411, -103]]
[[1, 0], [0, 1], [-411, -1]]
[[1, 0], [0, 1], [-411, -4]]
[[1, 0], [0, 1], [-412, -411]]
[[1, 0], [0, 1], [-414, -137]]
[[1, 0], [0, 1], [-4247, -216]]
[[1, 0], [0, 1], [-42744, -103]]
[[1, 0], [0, 1], [-42744, -415]]
[[1, 0], [0, 1], [-548, -27]]
[[1, 0], [0, 1], [-56855, -414]]
[[1, 0], [0, 1], [-685, -294]]
[[1, 0], [0, 1], [-822, -1]]
[[1, 0], [0, 1], [-823, -822]]
[[1, 0], [0, 1], [-825, -274]]
[[1, 0], [0, 1], [-85077, -206]]
[[1, 0], [0, 1], [-85077, -413]]
[[1, 0], [0, 1], [-8631, -104]]
[[1, 0], [0, 1], [-8631, -83]]
[[1, 0], [0, 1], [-959, -720]]
[[1, 0], [0, 1], [-959, -90]]
[[1, 0], [1, 103], [-1235, -206]]
[[1, 0], [1, 103], [-2059, -412]]
[[1, 0], [1, 103], [-823, -103]]
[[1, 0], [1, 104], [-415, -416]]
[[1, 0], [1, 105], [-139, -210]]
[[1, 0], [1, 108], [-47, -144]]
[[1, 0], [1, 10], [-20, -63]]
[[1, 0], [1, 11], [-265, -38]]
[[1, 0], [1, 11], [-29, -45]]
[[1, 0], [1, 12], [-104, -15]]
[[1, 0], [1, 12], [-1679, -420]]
[[1, 0], [1, 12], [-209, -42]]
[[1, 0], [1, 12], [-454, -105]]
[[1, 0], [1, 12], [-46, -141]]
[[1, 0], [1, 137], [-11, -274]]
[[1, 0], [1, 137], [-13, -822]]
[[1, 0], [1, 137], [-14, -685]]
[[1, 0], [1, 137], [-19, -548]]
[[1, 0], [1, 137], [-4, -137]]
[[1, 0], [1, 137], [-7, -137]]
[[1, 0], [1, 137], [-7, -411]]
[[1, 0], [1, 138], [-344, -207]]
[[1, 0], [1, 138], [-551, -414]]
[[1, 0], [1, 139], [-277, -417]]
[[1, 0], [1, 13], [-14, -45]]
[[1, 0], [1, 13], [-155, -234]]
[[1, 0], [1, 13], [-287, -32]]
[[1, 0], [1, 13], [-415, -52]]
[[1, 0], [1, 141], [-140, -423]]
[[1, 0], [1, 142], [-70, -213]]
[[1, 0], [1, 14], [-307, -462]]
[[1, 0], [1, 15], [-139, -30]]
[[1, 0], [1, 15], [-307, -84]]
[[1, 0], [1, 15], [-61, -93]]
[[1, 0], [1, 16], [-19, -30]]
[[1, 0], [1, 16], [-575, -432]]
[[1, 0], [1, 16], [-623, -104]]
[[1, 0], [1, 16], [-89, -54]]
[[1, 0], [1, 17], [-10, -33]]
[[1, 0], [1, 17], [-74, -25]]
[[1, 0], [1, 18], [-1195, -138]]
[[1, 0], [1, 18], [-143, -108]]
[[1, 0], [1, 18], [-1724, -207]]
[[1, 0], [1, 18], [-25, -39]]
[[1, 0], [1, 18], [-275, -18]]
[[1, 0], [1, 18], [-299, -450]]
[[1, 0], [1, 18], [-3311, -414]]
[[1, 0], [1, 18], [-55, -168]]
[[1, 0], [1, 206], [-1235, -412]]
[[1, 0], [1, 206], [-823, -206]]
[[1, 0], [1, 207], [-275, -207]]
[[1, 0], [1, 207], [-413, -414]]
[[1, 0], [1, 210], [-139, -420]]
[[1, 0], [1, 21], [-139, -42]]
[[1, 0], [1, 21], [-160, -483]]
[[1, 0], [1, 21], [-179, -60]]
[[1, 0], [1, 21], [-23, -72]]
[[1, 0], [1, 21], [-979, -420]]
[[1, 0], [1, 22], [-626, -209]]
[[1, 0], [1, 23], [-1379, -207]]
[[1, 0], [1, 23], [-2621, -414]]
[[1, 0], [1, 23], [-7, -24]]
[[1, 0], [1, 26], [-155, -468]]
[[1, 0], [1, 26], [-415, -104]]
[[1, 0], [1, 274], [-11, -548]]
[[1, 0], [1, 274], [-4, -411]]
[[1, 0], [1, 274], [-7, -274]]
[[1, 0], [1, 274], [-7, -822]]
[[1, 0], [1, 27], [-47, -36]]
[[1, 0], [1, 29], [-289, -435]]
[[1, 0], [1, 2], [-1099, -548]]
[[1, 0], [1, 2], [-1235, -4]]
[[1, 0], [1, 2], [-12539, -418]]
[[1, 0], [1, 2], [-1379, -18]]
[[1, 0], [1, 2], [-14420, -207]]
[[1, 0], [1, 2], [-155, -36]]
[[1, 0], [1, 2], [-1879, -470]]
[[1, 0], [1, 2], [-21629, -103]]
[[1, 0], [1, 2], [-235, -59]]
[[1, 0], [1, 2], [-277, -137]]
[[1, 0], [1, 2], [-28703, -414]]
[[1, 0], [1, 2], [-3052, -213]]
[[1, 0], [1, 2], [-307, -66]]
[[1, 0], [1, 2], [-412, -411]]
[[1, 0], [1, 2], [-415, -8]]
[[1, 0], [1, 2], [-42847, -206]]
[[1, 0], [1, 2], [-439, -330]]
[[1, 0], [1, 2], [-4463, -432]]
[[1, 0], [1, 2], [-551, -274]]
[[1, 0], [1, 2], [-575, -54]]
[[1, 0], [1, 2], [-623, -13]]
[[1, 0], [1, 2], [-626, -19]]
[[1, 0], [1, 2], [-70, -3]]
[[1, 0], [1, 2], [-740, -247]]
[[1, 0], [1, 2], [-758, -9]]
[[1, 0], [1, 2], [-823, -2]]
[[1, 0], [1, 2], [-823, -822]]
[[1, 0], [1, 2], [-85283, -412]]
[[1, 0], [1, 2], [-8735, -208]]
[[1, 0], [1, 2], [-979, -588]]
[[1, 0], [1, 30], [-139, -60]]
[[1, 0], [1, 30], [-209, -105]]
[[1, 0], [1, 32], [-19, -60]]
[[1, 0], [1, 32], [-623, -208]]
[[1, 0], [1, 36], [-143, -216]]
[[1, 0], [1, 36], [-25, -78]]
[[1, 0], [1, 3], [-139, -6]]
[[1, 0], [1, 3], [-140, -9]]
[[1, 0], [1, 3], [-160, -69]]
[[1, 0], [1, 3], [-1679, -105]]
[[1, 0], [1, 3], [-19181, -414]]
[[1, 0], [1, 3], [-275, -411]]
[[1, 0], [1, 3], [-3431, -429]]
[[1, 0], [1, 3], [-551, -9]]
[[1, 0], [1, 3], [-617, -618]]
[[1, 0], [1, 3], [-731, -549]]
[[1, 0], [1, 3], [-965, -18]]
[[1, 0], [1, 3], [-9659, -207]]
[[1, 0], [1, 3], [-979, -60]]
[[1, 0], [1, 411], [-5, -822]]
[[1, 0], [1, 412], [-823, -412]]
[[1, 0], [1, 413], [-412, -413]]
[[1, 0], [1, 414], [-275, -414]]
[[1, 0], [1, 42], [-139, -84]]
[[1, 0], [1, 45], [-49, -150]]
[[1, 0], [1, 46], [-1379, -414]]
[[1, 0], [1, 46], [-758, -207]]
[[1, 0], [1, 49], [-146, -441]]
[[1, 0], [1, 4], [-11020, -103]]
[[1, 0], [1, 4], [-140, -137]]
[[1, 0], [1, 4], [-21629, -206]]
[[1, 0], [1, 4], [-235, -118]]
[[1, 0], [1, 4], [-277, -274]]
[[1, 0], [1, 4], [-415, -16]]
[[1, 0], [1, 4], [-42847, -412]]
[[1, 0], [1, 4], [-439, -660]]
[[1, 0], [1, 4], [-551, -548]]
[[1, 0], [1, 4], [-575, -108]]
[[1, 0], [1, 4], [-623, -26]]
[[1, 0], [1, 4], [-823, -4]]
[[1, 0], [1, 4], [-8735, -416]]
[[1, 0], [1, 52], [-415, -208]]
[[1, 0], [1, 548], [-7, -548]]
[[1, 0], [1, 54], [-47, -72]]
[[1, 0], [1, 59], [-1651, -413]]
[[1, 0], [1, 59], [-412, -59]]
[[1, 0], [1, 5], [-103, -104]]
[[1, 0], [1, 5], [-1049, -450]]
[[1, 0], [1, 5], [-1594, -435]]
[[1, 0], [1, 5], [-1825, -83]]
[[1, 0], [1, 5], [-344, -685]]
[[1, 0], [1, 5], [-514, -515]]
[[1, 0], [1, 5], [-70, -137]]
[[1, 0], [1, 5], [-8714, -415]]
[[1, 0], [1, 60], [-209, -210]]
[[1, 0], [1, 685], [-4, -685]]
[[1, 0], [1, 69], [-551, -207]]
[[1, 0], [1, 69], [-965, -414]]
[[1, 0], [1, 6], [-139, -12]]
[[1, 0], [1, 6], [-1679, -210]]
[[1, 0], [1, 6], [-209, -21]]
[[1, 0], [1, 6], [-275, -822]]
[[1, 0], [1, 6], [-344, -9]]
[[1, 0], [1, 6], [-4898, -207]]
[[1, 0], [1, 6], [-551, -18]]
[[1, 0], [1, 6], [-9659, -414]]
[[1, 0], [1, 72], [-143, -432]]
[[1, 0], [1, 7], [-12389, -413]]
[[1, 0], [1, 7], [-146, -63]]
[[1, 0], [1, 7], [-185, -62]]
[[1, 0], [1, 7], [-1946, -59]]
[[1, 0], [1, 7], [-307, -231]]
[[1, 0], [1, 7], [-349, -525]]
[[1, 0], [1, 7], [-35, -108]]
[[1, 0], [1, 7], [-412, -7]]
[[1, 0], [1, 84], [-104, -105]]
[[1, 0], [1, 8], [-19, -15]]
[[1, 0], [1, 8], [-235, -236]]
[[1, 0], [1, 8], [-28, -87]]
[[1, 0], [1, 8], [-415, -32]]
[[1, 0], [1, 8], [-575, -216]]
[[1, 0], [1, 8], [-623, -52]]
[[1, 0], [1, 8], [-89, -27]]
[[1, 0], [1, 9], [-1007, -432]]
[[1, 0], [1, 9], [-1195, -69]]
[[1, 0], [1, 9], [-143, -54]]
[[1, 0], [1, 9], [-1691, -423]]
[[1, 0], [1, 9], [-206, -621]]
[[1, 0], [1, 9], [-275, -9]]
[[1, 0], [1, 9], [-299, -225]]
[[1, 0], [1, 9], [-329, -495]]
[[1, 0], [1, 9], [-3311, -207]]
[[1, 0], [1, 9], [-413, -18]]
[[1, 0], [1, 9], [-49, -30]]
[[1, 0], [1, 9], [-55, -84]]
[[1, 0], [1, 9], [-6485, -414]]
[[1, 0], [1, 9], [-734, -441]]
[[1, 0], [10, 137], [-13, -137]]
[[1, 0], [10, 137], [-16, -137]]
[[1, 0], [10, 137], [-29, -274]]
[[1, 0], [10, 137], [-34, -411]]
[[1, 0], [10, 137], [-55, -548]]
[[1, 0], [10, 137], [-59, -685]]
[[1, 0], [10, 137], [-67, -822]]
[[1, 0], [10, 27], [-59, -36]]
[[1, 0], [10, 411], [-23, -822]]
[[1, 0], [100, 137], [-209, -274]]
[[1, 0], [100, 137], [-304, -411]]
[[1, 0], [100, 137], [-415, -548]]
[[1, 0], [100, 137], [-509, -685]]
[[1, 0], [100, 137], [-607, -822]]
[[1, 0], [100, 411], [-203, -822]]
[[1, 0], [101, 137], [-211, -274]]
[[1, 0], [101, 137], [-307, -411]]
[[1, 0], [101, 137], [-419, -548]]
[[1, 0], [101, 137], [-514, -685]]
[[1, 0], [101, 137], [-613, -822]]
[[1, 0], [101, 274], [-107, -274]]
[[1, 0], [101, 274], [-154, -411]]
[[1, 0], [101, 274], [-211, -548]]
[[1, 0], [101, 274], [-307, -822]]
[[1, 0], [101, 411], [-205, -822]]
[[1, 0], [101, 548], [-107, -548]]
[[1, 0], [101, 685], [-104, -685]]
[[1, 0], [102, 137], [-213, -274]]
[[1, 0], [102, 137], [-310, -411]]
[[1, 0], [102, 137], [-423, -548]]
[[1, 0], [102, 137], [-519, -685]]
[[1, 0], [102, 137], [-619, -822]]
[[1, 0], [1024, 1233], [-1025, -1233]]
[[1, 0], [103, 137], [-215, -274]]
[[1, 0], [103, 137], [-313, -411]]
[[1, 0], [103, 137], [-427, -548]]
[[1, 0], [103, 137], [-524, -685]]
[[1, 0], [103, 137], [-625, -822]]
[[1, 0], [103, 274], [-109, -274]]
[[1, 0], [103, 274], [-157, -411]]
[[1, 0], [103, 274], [-215, -548]]
[[1, 0], [103, 274], [-313, -822]]
[[1, 0], [103, 411], [-209, -822]]
[[1, 0], [1030, 1233], [-1031, -1233]]
[[1, 0], [104, 137], [-217, -274]]
[[1, 0], [104, 137], [-316, -411]]
[[1, 0], [104, 137], [-431, -548]]
[[1, 0], [104, 137], [-529, -685]]
[[1, 0], [104, 137], [-631, -822]]
[[1, 0], [104, 411], [-211, -822]]
[[1, 0], [1048, 1233], [-1049, -1233]]
[[1, 0], [105, 137], [-219, -274]]
[[1, 0], [105, 137], [-319, -411]]
[[1, 0], [105, 137], [-435, -548]]
[[1, 0], [105, 137], [-534, -685]]
[[1, 0], [105, 137], [-637, -822]]
[[1, 0], [105, 274], [-111, -274]]
[[1, 0], [105, 274], [-160, -411]]
[[1, 0], [105, 274], [-219, -548]]
[[1, 0], [105, 274], [-319, -822]]
[[1, 0], [105, 548], [-111, -548]]
[[1, 0], [106, 1233], [-107, -1233]]
[[1, 0], [106, 137], [-221, -274]]
[[1, 0], [106, 137], [-322, -411]]
[[1, 0], [106, 137], [-439, -548]]
[[1, 0], [106, 137], [-539, -685]]
[[1, 0], [106, 137], [-643, -822]]
[[1, 0], [106, 411], [-215, -822]]
[[1, 0], [106, 685], [-109, -685]]
[[1, 0], [107, 137], [-223, -274]]
[[1, 0], [107, 137], [-325, -411]]
[[1, 0], [107, 137], [-443, -548]]
[[1, 0], [107, 137], [-544, -685]]
[[1, 0], [107, 137], [-649, -822]]
[[1, 0], [107, 274], [-113, -274]]
[[1, 0], [107, 274], [-163, -411]]
[[1, 0], [107, 274], [-223, -548]]
[[1, 0], [107, 274], [-325, -822]]
[[1, 0], [107, 411], [-217, -822]]
[[1, 0], [108, 137], [-225, -274]]
[[1, 0], [108, 137], [-328, -411]]
[[1, 0], [108, 137], [-447, -548]]
[[1, 0], [108, 137], [-549, -685]]
[[1, 0], [108, 137], [-655, -822]]
[[1, 0], [109, 137], [-227, -274]]
[[1, 0], [109, 137], [-331, -411]]
[[1, 0], [109, 137], [-451, -548]]
[[1, 0], [109, 137], [-554, -685]]
[[1, 0], [109, 137], [-661, -822]]
[[1, 0], [109, 274], [-115, -274]]
[[1, 0], [109, 274], [-166, -411]]
[[1, 0], [109, 274], [-227, -548]]
[[1, 0], [109, 274], [-331, -822]]
[[1, 0], [109, 411], [-221, -822]]
[[1, 0], [109, 548], [-115, -548]]
[[1, 0], [11, 137], [-14, -137]]
[[1, 0], [11, 137], [-17, -137]]
[[1, 0], [11, 137], [-31, -274]]
[[1, 0], [11, 137], [-37, -411]]
[[1, 0], [11, 137], [-59, -548]]
[[1, 0], [11, 137], [-64, -685]]
[[1, 0], [11, 137], [-73, -822]]
[[1, 0], [11, 15], [-125, -21]]
[[1, 0], [11, 15], [-174, -175]]
[[1, 0], [11, 15], [-289, -145]]
[[1, 0], [11, 15], [-37, -38]]
[[1, 0], [11, 15], [-839, -210]]
[[1, 0], [11, 274], [-17, -274]]
[[1, 0], [11, 274], [-19, -411]]
[[1, 0], [11, 274], [-31, -548]]
[[1, 0], [11, 274], [-37, -822]]
[[1, 0], [11, 30], [-125, -42]]
[[1, 0], [11, 30], [-244, -105]]
[[1, 0], [11, 30], [-839, -420]]
[[1, 0], [11, 411], [-25, -822]]
[[1, 0], [11, 685], [-14, -685]]
[[1, 0], [110, 137], [-229, -274]]
[[1, 0], [110, 137], [-334, -411]]
[[1, 0], [110, 137], [-455, -548]]
[[1, 0], [110, 137], [-559, -685]]
[[1, 0], [110, 137], [-667, -822]]
[[1, 0], [110, 411], [-223, -822]]
[[1, 0], [111, 137], [-231, -274]]
[[1, 0], [111, 137], [-337, -411]]
[[1, 0], [111, 137], [-459, -548]]
[[1, 0], [111, 137], [-564, -685]]
[[1, 0], [111, 137], [-673, -822]]
[[1, 0], [111, 274], [-117, -274]]
[[1, 0], [111, 274], [-169, -411]]
[[1, 0], [111, 274], [-231, -548]]
[[1, 0], [111, 274], [-337, -822]]
[[1, 0], [111, 685], [-114, -685]]
[[1, 0], [112, 137], [-233, -274]]
[[1, 0], [112, 137], [-340, -411]]
[[1, 0], [112, 137], [-463, -548]]
[[1, 0], [112, 137], [-569, -685]]
[[1, 0], [112, 137], [-679, -822]]
[[1, 0], [112, 411], [-227, -822]]
[[1, 0], [113, 137], [-235, -274]]
[[1, 0], [113, 137], [-343, -411]]
[[1, 0], [113, 137], [-467, -548]]
[[1, 0], [113, 137], [-574, -685]]
[[1, 0], [113, 274], [-119, -274]]
[[1, 0], [113, 274], [-172, -411]]
[[1, 0], [113, 274], [-235, -548]]
[[1, 0], [113, 274], [-343, -822]]
[[1, 0], [113, 411], [-229, -822]]
[[1, 0], [113, 548], [-119, -548]]
[[1, 0], [114, 137], [-237, -274]]
[[1, 0], [114, 137], [-346, -411]]
[[1, 0], [114, 137], [-471, -548]]
[[1, 0], [114, 137], [-579, -685]]
[[1, 0], [114, 137], [-691, -822]]
[[1, 0], [115, 137], [-239, -274]]
[[1, 0], [115, 137], [-349, -411]]
[[1, 0], [115, 137], [-475, -548]]
[[1, 0], [115, 137], [-584, -685]]
[[1, 0], [115, 137], [-697, -822]]
[[1, 0], [115, 274], [-121, -274]]
[[1, 0], [115, 274], [-175, -411]]
[[1, 0], [115, 274], [-239, -548]]
[[1, 0], [115, 274], [-349, -822]]
[[1, 0], [115, 411], [-233, -822]]
[[1, 0], [1159, 1233], [-1160, -1233]]
[[1, 0], [116, 137], [-241, -274]]
[[1, 0], [116, 137], [-352, -411]]
[[1, 0], [116, 137], [-479, -548]]
[[1, 0], [116, 137], [-589, -685]]
[[1, 0], [116, 137], [-703, -822]]
[[1, 0], [116, 411], [-235, -822]]
[[1, 0], [116, 685], [-119, -685]]
[[1, 0], [117, 137], [-243, -274]]
[[1, 0], [117, 137], [-355, -411]]
[[1, 0], [117, 137], [-483, -548]]
[[1, 0], [117, 137], [-594, -685]]
[[1, 0], [117, 137], [-709, -822]]
[[1, 0], [117, 274], [-123, -274]]
[[1, 0], [117, 274], [-178, -411]]
[[1, 0], [117, 274], [-243, -548]]
[[1, 0], [117, 274], [-355, -822]]
[[1, 0], [117, 548], [-123, -548]]
[[1, 0], [118, 137], [-245, -274]]
[[1, 0], [118, 137], [-358, -411]]
[[1, 0], [118, 137], [-487, -548]]
[[1, 0], [118, 137], [-599, -685]]
[[1, 0], [118, 137], [-715, -822]]
[[1, 0], [118, 411], [-239, -822]]
[[1, 0], [119, 137], [-247, -274]]
[[1, 0], [119, 137], [-361, -411]]
[[1, 0], [119, 137], [-491, -548]]
[[1, 0], [119, 137], [-604, -685]]
[[1, 0], [119, 137], [-721, -822]]
[[1, 0], [119, 274], [-125, -274]]
[[1, 0], [119, 274], [-181, -411]]
[[1, 0], [119, 274], [-247, -548]]
[[1, 0], [119, 274], [-361, -822]]
[[1, 0], [119, 411], [-241, -822]]
[[1, 0], [12, 137], [-15, -137]]
[[1, 0], [12, 137], [-18, -137]]
[[1, 0], [12, 137], [-33, -274]]
[[1, 0], [12, 137], [-40, -411]]
[[1, 0], [12, 137], [-63, -548]]
[[1, 0], [12, 137], [-69, -685]]
[[1, 0], [12, 137], [-79, -822]]
[[1, 0], [120, 137], [-249, -274]]
[[1, 0], [120, 137], [-364, -411]]
[[1, 0], [120, 137], [-495, -548]]
[[1, 0], [120, 137], [-609, -685]]
[[1, 0], [120, 137], [-727, -822]]
[[1, 0], [121, 137], [-251, -274]]
[[1, 0], [121, 137], [-367, -411]]
[[1, 0], [121, 137], [-499, -548]]
[[1, 0], [121, 137], [-614, -685]]
[[1, 0], [121, 137], [-733, -822]]
[[1, 0], [121, 274], [-127, -274]]
[[1, 0], [121, 274], [-184, -411]]
[[1, 0], [121, 274], [-251, -548]]
[[1, 0], [121, 274], [-367, -822]]
[[1, 0], [121, 411], [-245, -822]]
[[1, 0], [121, 548], [-127, -548]]
[[1, 0], [121, 685], [-124, -685]]
[[1, 0], [122, 137], [-128, -137]]
[[1, 0], [122, 137], [-253, -274]]
[[1, 0], [122, 137], [-370, -411]]
[[1, 0], [122, 137], [-503, -548]]
[[1, 0], [122, 137], [-619, -685]]
[[1, 0], [122, 137], [-739, -822]]
[[1, 0], [122, 411], [-247, -822]]
[[1, 0], [123, 137], [-255, -274]]
[[1, 0], [123, 137], [-373, -411]]
[[1, 0], [123, 137], [-507, -548]]
[[1, 0], [123, 137], [-624, -685]]
[[1, 0], [123, 137], [-745, -822]]
[[1, 0], [123, 274], [-129, -274]]
[[1, 0], [123, 274], [-187, -411]]
[[1, 0], [123, 274], [-255, -548]]
[[1, 0], [123, 274], [-373, -822]]
[[1, 0], [124, 1233], [-125, -1233]]
[[1, 0], [124, 137], [-257, -274]]
[[1, 0], [124, 137], [-376, -411]]
[[1, 0], [124, 137], [-511, -548]]
[[1, 0], [124, 137], [-629, -685]]
[[1, 0], [124, 137], [-751, -822]]
[[1, 0], [124, 411], [-251, -822]]
[[1, 0], [125, 137], [-259, -274]]
[[1, 0], [125, 137], [-379, -411]]
[[1, 0], [125, 137], [-515, -548]]
[[1, 0], [125, 137], [-634, -685]]
[[1, 0], [125, 137], [-757, -822]]
[[1, 0], [125, 274], [-131, -274]]
[[1, 0], [125, 274], [-190, -411]]
[[1, 0], [125, 274], [-259, -548]]
[[1, 0], [125, 274], [-379, -822]]
[[1, 0], [125, 411], [-253, -822]]
[[1, 0], [125, 548], [-131, -548]]
[[1, 0], [126, 137], [-261, -274]]
[[1, 0], [126, 137], [-382, -411]]
[[1, 0], [126, 137], [-519, -548]]
[[1, 0], [126, 137], [-639, -685]]
[[1, 0], [126, 137], [-763, -822]]
[[1, 0], [126, 685], [-129, -685]]
[[1, 0], [127, 137], [-263, -274]]
[[1, 0], [127, 137], [-385, -411]]
[[1, 0], [127, 137], [-523, -548]]
[[1, 0], [127, 137], [-644, -685]]
[[1, 0], [127, 137], [-769, -822]]
[[1, 0], [127, 274], [-133, -274]]
[[1, 0], [127, 274], [-193, -411]]
[[1, 0], [127, 274], [-263, -548]]
[[1, 0], [127, 274], [-385, -822]]
[[1, 0], [127, 411], [-257, -822]]
[[1, 0], [128, 137], [-131, -137]]
[[1, 0], [128, 137], [-265, -274]]
[[1, 0], [128, 137], [-388, -411]]
[[1, 0], [128, 137], [-527, -548]]
[[1, 0], [128, 137], [-649, -685]]
[[1, 0], [128, 137], [-775, -822]]
[[1, 0], [128, 411], [-259, -822]]
[[1, 0], [129, 137], [-267, -274]]
[[1, 0], [129, 137], [-391, -411]]
[[1, 0], [129, 137], [-531, -548]]
[[1, 0], [129, 137], [-654, -685]]
[[1, 0], [129, 137], [-781, -822]]
[[1, 0], [129, 274], [-135, -274]]
[[1, 0], [129, 274], [-196, -411]]
[[1, 0], [129, 274], [-267, -548]]
[[1, 0], [129, 274], [-391, -822]]
[[1, 0], [129, 548], [-135, -548]]
[[1, 0], [13, 137], [-16, -137]]
[[1, 0], [13, 137], [-19, -137]]
[[1, 0], [13, 137], [-35, -274]]
[[1, 0], [13, 137], [-43, -411]]
[[1, 0], [13, 137], [-67, -548]]
[[1, 0], [13, 137], [-74, -685]]
[[1, 0], [13, 137], [-85, -822]]
[[1, 0], [13, 18], [-167, -168]]
[[1, 0], [13, 18], [-1862, -207]]
[[1, 0], [13, 18], [-215, -108]]
[[1, 0], [13, 18], [-30, -31]]
[[1, 0], [13, 18], [-3587, -414]]
[[1, 0], [13, 18], [-599, -450]]
[[1, 0], [13, 18], [-712, -69]]
[[1, 0], [13, 274], [-19, -274]]
[[1, 0], [13, 274], [-22, -411]]
[[1, 0], [13, 274], [-35, -548]]
[[1, 0], [13, 274], [-43, -822]]
[[1, 0], [13, 36], [-215, -216]]
[[1, 0], [13, 411], [-29, -822]]
[[1, 0], [13, 548], [-19, -548]]
[[1, 0], [130, 137], [-269, -274]]
[[1, 0], [130, 137], [-394, -411]]
[[1, 0], [130, 137], [-535, -548]]
[[1, 0], [130, 137], [-659, -685]]
[[1, 0], [130, 137], [-787, -822]]
[[1, 0], [130, 411], [-263, -822]]
[[1, 0], [131, 137], [-271, -274]]
[[1, 0], [131, 137], [-397, -411]]
[[1, 0], [131, 137], [-539, -548]]
[[1, 0], [131, 137], [-664, -685]]
[[1, 0], [131, 137], [-793, -822]]
[[1, 0], [131, 274], [-199, -411]]
[[1, 0], [131, 274], [-271, -548]]
[[1, 0], [131, 274], [-397, -822]]
[[1, 0], [131, 411], [-265, -822]]
[[1, 0], [131, 685], [-134, -685]]
[[1, 0], [132, 137], [-138, -137]]
[[1, 0], [132, 137], [-273, -274]]
[[1, 0], [132, 137], [-400, -411]]
[[1, 0], [132, 137], [-543, -548]]
[[1, 0], [132, 137], [-669, -685]]
[[1, 0], [132, 137], [-799, -822]]
[[1, 0], [133, 137], [-139, -137]]
[[1, 0], [133, 137], [-275, -274]]
[[1, 0], [133, 137], [-403, -411]]
[[1, 0], [133, 137], [-547, -548]]
[[1, 0], [133, 137], [-674, -685]]
[[1, 0], [133, 137], [-805, -822]]
[[1, 0], [133, 274], [-139, -274]]
[[1, 0], [133, 274], [-202, -411]]
[[1, 0], [133, 274], [-275, -548]]
[[1, 0], [133, 274], [-403, -822]]
[[1, 0], [133, 411], [-269, -822]]
[[1, 0], [133, 548], [-139, -548]]
[[1, 0], [134, 137], [-140, -137]]
[[1, 0], [134, 137], [-277, -274]]
[[1, 0], [134, 137], [-406, -411]]
[[1, 0], [134, 137], [-551, -548]]
[[1, 0], [134, 137], [-679, -685]]
[[1, 0], [134, 137], [-811, -822]]
[[1, 0], [134, 411], [-271, -822]]
[[1, 0], [135, 137], [-138, -137]]
[[1, 0], [135, 137], [-279, -274]]
[[1, 0], [135, 137], [-409, -411]]
[[1, 0], [135, 137], [-555, -548]]
[[1, 0], [135, 137], [-684, -685]]
[[1, 0], [135, 137], [-817, -822]]
[[1, 0], [135, 274], [-205, -411]]
[[1, 0], [135, 274], [-279, -548]]
[[1, 0], [135, 274], [-409, -822]]
[[1, 0], [136, 137], [-281, -274]]
[[1, 0], [136, 137], [-412, -411]]
[[1, 0], [136, 137], [-559, -548]]
[[1, 0], [136, 137], [-689, -685]]
[[1, 0], [136, 137], [-823, -822]]
[[1, 0], [136, 411], [-275, -822]]
[[1, 0], [136, 685], [-139, -685]]
[[1, 0], [139, 207], [-689, -414]]
[[1, 0], [139, 274], [-211, -411]]
[[1, 0], [139, 274], [-287, -548]]
[[1, 0], [139, 274], [-421, -822]]
[[1, 0], [139, 411], [-281, -822]]
[[1, 0], [14, 137], [-17, -137]]
[[1, 0], [14, 137], [-20, -137]]
[[1, 0], [14, 137], [-37, -274]]
[[1, 0], [14, 137], [-46, -411]]
[[1, 0], [14, 137], [-71, -548]]
[[1, 0], [14, 137], [-79, -685]]
[[1, 0], [14, 137], [-91, -822]]
[[1, 0], [14, 39], [-428, -429]]
[[1, 0], [14, 411], [-31, -822]]
[[1, 0], [140, 411], [-283, -822]]
[[1, 0], [140, 417], [-277, -417]]
[[1, 0], [141, 274], [-214, -411]]
[[1, 0], [141, 274], [-291, -548]]
[[1, 0], [141, 274], [-427, -822]]
[[1, 0], [141, 548], [-147, -548]]
[[1, 0], [141, 685], [-144, -685]]
[[1, 0], [142, 1233], [-143, -1233]]
[[1, 0], [142, 411], [-287, -822]]
[[1, 0], [143, 274], [-217, -411]]
[[1, 0], [143, 274], [-295, -548]]
[[1, 0], [143, 274], [-433, -822]]
[[1, 0], [143, 411], [-289, -822]]
[[1, 0], [145, 274], [-220, -411]]
[[1, 0], [145, 274], [-299, -548]]
[[1, 0], [145, 274], [-439, -822]]
[[1, 0], [145, 411], [-293, -822]]
[[1, 0], [145, 548], [-151, -548]]
[[1, 0], [146, 411], [-295, -822]]
[[1, 0], [146, 685], [-149, -685]]
[[1, 0], [147, 274], [-223, -411]]
[[1, 0], [147, 274], [-303, -548]]
[[1, 0], [147, 274], [-445, -822]]
[[1, 0], [148, 411], [-299, -822]]
[[1, 0], [149, 274], [-226, -411]]
[[1, 0], [149, 274], [-307, -548]]
[[1, 0], [149, 274], [-451, -822]]
[[1, 0], [149, 411], [-301, -822]]
[[1, 0], [149, 548], [-155, -548]]
[[1, 0], [15, 137], [-18, -137]]
[[1, 0], [15, 137], [-21, -137]]
[[1, 0], [15, 137], [-39, -274]]
[[1, 0], [15, 137], [-49, -411]]
[[1, 0], [15, 137], [-75, -548]]
[[1, 0], [15, 137], [-84, -685]]
[[1, 0], [15, 137], [-97, -822]]
[[1, 0], [15, 274], [-21, -274]]
[[1, 0], [15, 274], [-25, -411]]
[[1, 0], [15, 274], [-39, -548]]
[[1, 0], [15, 274], [-49, -822]]
[[1, 0], [151, 274], [-229, -411]]
[[1, 0], [151, 274], [-311, -548]]
[[1, 0], [151, 274], [-457, -822]]
[[1, 0], [151, 411], [-305, -822]]
[[1, 0], [151, 685], [-154, -685]]
[[1, 0], [152, 411], [-307, -822]]
[[1, 0], [153, 274], [-232, -411]]
[[1, 0], [153, 274], [-315, -548]]
[[1, 0], [153, 274], [-463, -822]]
[[1, 0], [153, 548], [-159, -548]]
[[1, 0], [154, 411], [-311, -822]]
[[1, 0], [155, 274], [-235, -411]]
[[1, 0], [155, 274], [-319, -548]]
[[1, 0], [155, 274], [-469, -822]]
[[1, 0], [155, 411], [-313, -822]]
[[1, 0], [156, 685], [-159, -685]]
[[1, 0], [157, 274], [-238, -411]]
[[1, 0], [157, 274], [-323, -548]]
[[1, 0], [157, 274], [-475, -822]]
[[1, 0], [157, 411], [-317, -822]]
[[1, 0], [157, 548], [-163, -548]]
[[1, 0], [158, 411], [-319, -822]]
[[1, 0], [159, 274], [-241, -411]]
[[1, 0], [159, 274], [-327, -548]]
[[1, 0], [159, 274], [-481, -822]]
[[1, 0], [16, 1233], [-17, -1233]]
[[1, 0], [16, 137], [-103, -822]]
[[1, 0], [16, 137], [-19, -137]]
[[1, 0], [16, 137], [-22, -137]]
[[1, 0], [16, 137], [-41, -274]]
[[1, 0], [16, 137], [-52, -411]]
[[1, 0], [16, 137], [-79, -548]]
[[1, 0], [16, 137], [-89, -685]]
[[1, 0], [16, 411], [-35, -822]]
[[1, 0], [16, 685], [-19, -685]]
[[1, 0], [160, 1233], [-161, -1233]]
[[1, 0], [160, 411], [-323, -822]]
[[1, 0], [161, 274], [-244, -411]]
[[1, 0], [161, 274], [-331, -548]]
[[1, 0], [161, 274], [-487, -822]]
[[1, 0], [161, 411], [-325, -822]]
[[1, 0], [161, 548], [-167, -548]]
[[1, 0], [161, 685], [-164, -685]]
[[1, 0], [163, 274], [-247, -411]]
[[1, 0], [163, 274], [-335, -548]]
[[1, 0], [163, 274], [-493, -822]]
[[1, 0], [163, 411], [-329, -822]]
[[1, 0], [164, 411], [-331, -822]]
[[1, 0], [165, 274], [-250, -411]]
[[1, 0], [165, 274], [-339, -548]]
[[1, 0], [165, 274], [-499, -822]]
[[1, 0], [165, 548], [-171, -548]]
[[1, 0], [166, 411], [-335, -822]]
[[1, 0], [166, 685], [-169, -685]]
[[1, 0], [167, 274], [-253, -411]]
[[1, 0], [167, 274], [-343, -548]]
[[1, 0], [167, 274], [-505, -822]]
[[1, 0], [167, 411], [-337, -822]]
[[1, 0], [169, 1233], [-170, -1233]]
[[1, 0], [169, 274], [-256, -411]]
[[1, 0], [169, 274], [-347, -548]]
[[1, 0], [169, 274], [-511, -822]]
[[1, 0], [169, 411], [-341, -822]]
[[1, 0], [169, 548], [-175, -548]]
[[1, 0], [17, 137], [-109, -822]]
[[1, 0], [17, 137], [-20, -137]]
[[1, 0], [17, 137], [-23, -137]]
[[1, 0], [17, 137], [-43, -274]]
[[1, 0], [17, 137], [-55, -411]]
[[1, 0], [17, 137], [-83, -548]]
[[1, 0], [17, 137], [-94, -685]]
[[1, 0], [17, 24], [-159, -160]]
[[1, 0], [17, 24], [-239, -144]]
[[1, 0], [17, 274], [-23, -274]]
[[1, 0], [17, 274], [-28, -411]]
[[1, 0], [17, 274], [-43, -548]]
[[1, 0], [17, 274], [-55, -822]]
[[1, 0], [17, 411], [-37, -822]]
[[1, 0], [17, 548], [-23, -548]]
[[1, 0], [170, 411], [-343, -822]]
[[1, 0], [171, 274], [-259, -411]]
[[1, 0], [171, 274], [-351, -548]]
[[1, 0], [171, 274], [-517, -822]]
[[1, 0], [171, 685], [-174, -685]]
[[1, 0], [172, 411], [-347, -822]]
[[1, 0], [173, 274], [-262, -411]]
[[1, 0], [173, 274], [-355, -548]]
[[1, 0], [173, 274], [-523, -822]]
[[1, 0], [173, 411], [-349, -822]]
[[1, 0], [173, 548], [-179, -548]]
[[1, 0], [175, 274], [-265, -411]]
[[1, 0], [175, 274], [-359, -548]]
[[1, 0], [175, 274], [-529, -822]]
[[1, 0], [175, 411], [-353, -822]]
[[1, 0], [176, 411], [-355, -822]]
[[1, 0], [176, 685], [-179, -685]]
[[1, 0], [177, 274], [-268, -411]]
[[1, 0], [177, 274], [-363, -548]]
[[1, 0], [177, 274], [-535, -822]]
[[1, 0], [177, 548], [-183, -548]]
[[1, 0], [178, 1233], [-179, -1233]]
[[1, 0], [178, 411], [-359, -822]]
[[1, 0], [179, 274], [-271, -411]]
[[1, 0], [179, 274], [-367, -548]]
[[1, 0], [179, 274], [-541, -822]]
[[1, 0], [179, 411], [-361, -822]]
[[1, 0], [18, 137], [-115, -822]]
[[1, 0], [18, 137], [-21, -137]]
[[1, 0], [18, 137], [-24, -137]]
[[1, 0], [18, 137], [-45, -274]]
[[1, 0], [18, 137], [-58, -411]]
[[1, 0], [18, 137], [-87, -548]]
[[1, 0], [18, 137], [-99, -685]]
[[1, 0], [181, 274], [-371, -548]]
[[1, 0], [181, 274], [-547, -822]]
[[1, 0], [181, 411], [-365, -822]]
[[1, 0], [181, 548], [-187, -548]]
[[1, 0], [181, 685], [-184, -685]]
[[1, 0], [182, 411], [-367, -822]]
[[1, 0], [183, 274], [-277, -411]]
[[1, 0], [183, 274], [-375, -548]]
[[1, 0], [183, 274], [-553, -822]]
[[1, 0], [184, 411], [-371, -822]]
[[1, 0], [185, 274], [-280, -411]]
[[1, 0], [185, 274], [-379, -548]]
[[1, 0], [185, 274], [-559, -822]]
[[1, 0], [185, 411], [-373, -822]]
[[1, 0], [185, 548], [-191, -548]]
[[1, 0], [186, 685], [-189, -685]]
[[1, 0], [187, 274], [-283, -411]]
[[1, 0], [187, 274], [-383, -548]]
[[1, 0], [187, 274], [-565, -822]]
[[1, 0], [187, 411], [-377, -822]]
[[1, 0], [188, 411], [-379, -822]]
[[1, 0], [189, 274], [-286, -411]]
[[1, 0], [189, 274], [-387, -548]]
[[1, 0], [189, 274], [-571, -822]]
[[1, 0], [189, 548], [-195, -548]]
[[1, 0], [19, 137], [-104, -685]]
[[1, 0], [19, 137], [-121, -822]]
[[1, 0], [19, 137], [-22, -137]]
[[1, 0], [19, 137], [-25, -137]]
[[1, 0], [19, 137], [-47, -274]]
[[1, 0], [19, 137], [-61, -411]]
[[1, 0], [19, 137], [-91, -548]]
[[1, 0], [19, 274], [-25, -274]]
[[1, 0], [19, 274], [-31, -411]]
[[1, 0], [19, 274], [-47, -548]]
[[1, 0], [19, 274], [-61, -822]]
[[1, 0], [19, 27], [-71, -36]]
[[1, 0], [19, 411], [-41, -822]]
[[1, 0], [19, 54], [-71, -72]]
[[1, 0], [190, 411], [-383, -822]]
[[1, 0], [191, 274], [-289, -411]]
[[1, 0], [191, 274], [-391, -548]]
[[1, 0], [191, 274], [-577, -822]]
[[1, 0], [191, 411], [-385, -822]]
[[1, 0], [191, 685], [-194, -685]]
[[1, 0], [193, 274], [-292, -411]]
[[1, 0], [193, 274], [-395, -548]]
[[1, 0], [193, 274], [-583, -822]]
[[1, 0], [193, 411], [-389, -822]]
[[1, 0], [193, 548], [-199, -548]]
[[1, 0], [194, 411], [-391, -822]]
[[1, 0], [195, 274], [-295, -411]]
[[1, 0], [195, 274], [-399, -548]]
[[1, 0], [195, 274], [-589, -822]]
[[1, 0], [196, 411], [-395, -822]]
[[1, 0], [196, 685], [-199, -685]]
[[1, 0], [197, 274], [-298, -411]]
[[1, 0], [197, 274], [-403, -548]]
[[1, 0], [197, 274], [-595, -822]]
[[1, 0], [197, 411], [-397, -822]]
[[1, 0], [197, 548], [-203, -548]]
[[1, 0], [199, 274], [-301, -411]]
[[1, 0], [199, 274], [-407, -548]]
[[1, 0], [199, 274], [-601, -822]]
[[1, 0], [199, 411], [-401, -822]]
[[1, 0], [2, 137], [-10, -411]]
[[1, 0], [2, 137], [-13, -274]]
[[1, 0], [2, 137], [-19, -685]]
[[1, 0], [2, 137], [-19, -822]]
[[1, 0], [2, 137], [-23, -548]]
[[1, 0], [2, 137], [-5, -137]]
[[1, 0], [2, 137], [-8, -137]]
[[1, 0], [2, 3], [-1055, -144]]
[[1, 0], [2, 3], [-1279, -480]]
[[1, 0], [2, 3], [-138, -137]]
[[1, 0], [2, 3], [-139, -3]]
[[1, 0], [2, 3], [-1419, -142]]
[[1, 0], [2, 3], [-143, -9]]
[[1, 0], [2, 3], [-149, -18]]
[[1, 0], [2, 3], [-1714, -105]]
[[1, 0], [2, 3], [-1738, -141]]
[[1, 0], [2, 3], [-19319, -414]]
[[1, 0], [2, 3], [-202, -29]]
[[1, 0], [2, 3], [-229, -138]]
[[1, 0], [2, 3], [-275, -207]]
[[1, 0], [2, 3], [-275, -274]]
[[1, 0], [2, 3], [-284, -15]]
[[1, 0], [2, 3], [-296, -33]]
[[1, 0], [2, 3], [-3334, -69]]
[[1, 0], [2, 3], [-3335, -139]]
[[1, 0], [2, 3], [-343, -172]]
[[1, 0], [2, 3], [-3574, -429]]
[[1, 0], [2, 3], [-369, -74]]
[[1, 0], [2, 3], [-412, -411]]
[[1, 0], [2, 3], [-415, -6]]
[[1, 0], [2, 3], [-470, -157]]
[[1, 0], [2, 3], [-49, -5]]
[[1, 0], [2, 3], [-55, -14]]
[[1, 0], [2, 3], [-554, -9]]
[[1, 0], [2, 3], [-59, -20]]
[[1, 0], [2, 3], [-603, -151]]
[[1, 0], [2, 3], [-6719, -420]]
[[1, 0], [2, 3], [-69, -35]]
[[1, 0], [2, 3], [-713, -42]]
[[1, 0], [2, 3], [-823, -618]]
[[1, 0], [2, 3], [-823, -822]]
[[1, 0], [2, 3], [-914, -549]]
[[1, 0], [2, 3], [-971, -18]]
[[1, 0], [2, 3], [-9728, -207]]
[[1, 0], [2, 3], [-9868, -417]]
[[1, 0], [2, 411], [-7, -822]]
[[1, 0], [20, 137], [-109, -685]]
[[1, 0], [20, 137], [-127, -822]]
[[1, 0], [20, 137], [-23, -137]]
[[1, 0], [20, 137], [-26, -137]]
[[1, 0], [20, 137], [-49, -274]]
[[1, 0], [20, 137], [-64, -411]]
[[1, 0], [20, 137], [-95, -548]]
[[1, 0], [20, 411], [-43, -822]]
[[1, 0], [200, 411], [-403, -822]]
[[1, 0], [201, 274], [-304, -411]]
[[1, 0], [201, 274], [-607, -822]]
[[1, 0], [201, 548], [-207, -548]]
[[1, 0], [201, 685], [-204, -685]]
[[1, 0], [202, 411], [-407, -822]]
[[1, 0], [203, 274], [-307, -411]]
[[1, 0], [203, 274], [-415, -548]]
[[1, 0], [203, 274], [-613, -822]]
[[1, 0], [203, 411], [-409, -822]]
[[1, 0], [205, 274], [-310, -411]]
[[1, 0], [205, 274], [-419, -548]]
[[1, 0], [205, 274], [-619, -822]]
[[1, 0], [205, 411], [-413, -822]]
[[1, 0], [205, 548], [-211, -548]]
[[1, 0], [206, 411], [-208, -411]]
[[1, 0], [206, 411], [-415, -822]]
[[1, 0], [206, 685], [-209, -685]]
[[1, 0], [207, 274], [-313, -411]]
[[1, 0], [207, 274], [-423, -548]]
[[1, 0], [207, 274], [-625, -822]]
[[1, 0], [208, 411], [-419, -822]]
[[1, 0], [209, 274], [-316, -411]]
[[1, 0], [209, 274], [-427, -548]]
[[1, 0], [209, 274], [-631, -822]]
[[1, 0], [209, 411], [-211, -411]]
[[1, 0], [209, 411], [-421, -822]]
[[1, 0], [209, 548], [-215, -548]]
[[1, 0], [21, 137], [-114, -685]]
[[1, 0], [21, 137], [-133, -822]]
[[1, 0], [21, 137], [-24, -137]]
[[1, 0], [21, 137], [-27, -137]]
[[1, 0], [21, 137], [-51, -274]]
[[1, 0], [21, 137], [-67, -411]]
[[1, 0], [21, 137], [-99, -548]]
[[1, 0], [21, 274], [-27, -274]]
[[1, 0], [21, 274], [-34, -411]]
[[1, 0], [21, 274], [-51, -548]]
[[1, 0], [21, 274], [-67, -822]]
[[1, 0], [21, 548], [-27, -548]]
[[1, 0], [21, 685], [-24, -685]]
[[1, 0], [211, 274], [-319, -411]]
[[1, 0], [211, 274], [-431, -548]]
[[1, 0], [211, 274], [-637, -822]]
[[1, 0], [211, 411], [-425, -822]]
[[1, 0], [211, 685], [-214, -685]]
[[1, 0], [212, 411], [-214, -411]]
[[1, 0], [212, 411], [-427, -822]]
[[1, 0], [213, 274], [-322, -411]]
[[1, 0], [213, 274], [-435, -548]]
[[1, 0], [213, 274], [-643, -822]]
[[1, 0], [213, 548], [-219, -548]]
[[1, 0], [214, 411], [-431, -822]]
[[1, 0], [215, 274], [-325, -411]]
[[1, 0], [215, 274], [-439, -548]]
[[1, 0], [215, 274], [-649, -822]]
[[1, 0], [215, 411], [-217, -411]]
[[1, 0], [215, 411], [-433, -822]]
[[1, 0], [216, 685], [-219, -685]]
[[1, 0], [217, 274], [-328, -411]]
[[1, 0], [217, 274], [-443, -548]]
[[1, 0], [217, 274], [-655, -822]]
[[1, 0], [217, 411], [-437, -822]]
[[1, 0], [217, 548], [-223, -548]]
[[1, 0], [218, 411], [-220, -411]]
[[1, 0], [218, 411], [-439, -822]]
[[1, 0], [219, 274], [-331, -411]]
[[1, 0], [219, 274], [-447, -548]]
[[1, 0], [219, 274], [-661, -822]]
[[1, 0], [22, 137], [-103, -548]]
[[1, 0], [22, 137], [-119, -685]]
[[1, 0], [22, 137], [-139, -822]]
[[1, 0], [22, 137], [-25, -137]]
[[1, 0], [22, 137], [-28, -137]]
[[1, 0], [22, 137], [-53, -274]]
[[1, 0], [22, 137], [-70, -411]]
[[1, 0], [22, 411], [-47, -822]]
[[1, 0], [22, 63], [-97, -147]]
[[1, 0], [220, 411], [-443, -822]]
[[1, 0], [221, 274], [-334, -411]]
[[1, 0], [221, 274], [-451, -548]]
[[1, 0], [221, 274], [-667, -822]]
[[1, 0], [221, 411], [-223, -411]]
[[1, 0], [221, 411], [-445, -822]]
[[1, 0], [221, 548], [-227, -548]]
[[1, 0], [221, 685], [-224, -685]]
[[1, 0], [223, 274], [-337, -411]]
[[1, 0], [223, 274], [-455, -548]]
[[1, 0], [223, 274], [-673, -822]]
[[1, 0], [223, 411], [-449, -822]]
[[1, 0], [224, 411], [-226, -411]]
[[1, 0], [224, 411], [-451, -822]]
[[1, 0], [225, 274], [-340, -411]]
[[1, 0], [225, 274], [-459, -548]]
[[1, 0], [225, 274], [-679, -822]]
[[1, 0], [225, 548], [-231, -548]]
[[1, 0], [226, 411], [-455, -822]]
[[1, 0], [226, 685], [-229, -685]]
[[1, 0], [227, 274], [-343, -411]]
[[1, 0], [227, 274], [-463, -548]]
[[1, 0], [227, 411], [-229, -411]]
[[1, 0], [227, 411], [-457, -822]]
[[1, 0], [229, 274], [-346, -411]]
[[1, 0], [229, 274], [-467, -548]]
[[1, 0], [229, 274], [-691, -822]]
[[1, 0], [229, 411], [-461, -822]]
[[1, 0], [229, 548], [-235, -548]]
[[1, 0], [23, 137], [-107, -548]]
[[1, 0], [23, 137], [-124, -685]]
[[1, 0], [23, 137], [-145, -822]]
[[1, 0], [23, 137], [-26, -137]]
[[1, 0], [23, 137], [-29, -137]]
[[1, 0], [23, 137], [-55, -274]]
[[1, 0], [23, 137], [-73, -411]]
[[1, 0], [23, 274], [-29, -274]]
[[1, 0], [23, 274], [-37, -411]]
[[1, 0], [23, 274], [-55, -548]]
[[1, 0], [23, 274], [-73, -822]]
[[1, 0], [23, 33], [-153, -154]]
[[1, 0], [23, 33], [-77, -39]]
[[1, 0], [23, 411], [-49, -822]]
[[1, 0], [230, 411], [-232, -411]]
[[1, 0], [230, 411], [-463, -822]]
[[1, 0], [231, 274], [-349, -411]]
[[1, 0], [231, 274], [-471, -548]]
[[1, 0], [231, 274], [-697, -822]]
[[1, 0], [231, 685], [-234, -685]]
[[1, 0], [232, 1233], [-233, -1233]]
[[1, 0], [232, 411], [-467, -822]]
[[1, 0], [233, 274], [-352, -411]]
[[1, 0], [233, 274], [-475, -548]]
[[1, 0], [233, 274], [-703, -822]]
[[1, 0], [233, 411], [-235, -411]]
[[1, 0], [233, 411], [-469, -822]]
[[1, 0], [233, 548], [-239, -548]]
[[1, 0], [235, 274], [-355, -411]]
[[1, 0], [235, 274], [-479, -548]]
[[1, 0], [235, 274], [-709, -822]]
[[1, 0], [235, 411], [-473, -822]]
[[1, 0], [236, 411], [-238, -411]]
[[1, 0], [236, 411], [-475, -822]]
[[1, 0], [236, 685], [-239, -685]]
[[1, 0], [237, 274], [-358, -411]]
[[1, 0], [237, 274], [-483, -548]]
[[1, 0], [237, 274], [-715, -822]]
[[1, 0], [237, 548], [-243, -548]]
[[1, 0], [238, 411], [-479, -822]]
[[1, 0], [239, 274], [-361, -411]]
[[1, 0], [239, 274], [-487, -548]]
[[1, 0], [239, 274], [-721, -822]]
[[1, 0], [239, 411], [-241, -411]]
[[1, 0], [239, 411], [-481, -822]]
[[1, 0], [24, 137], [-111, -548]]
[[1, 0], [24, 137], [-129, -685]]
[[1, 0], [24, 137], [-151, -822]]
[[1, 0], [24, 137], [-27, -137]]
[[1, 0], [24, 137], [-30, -137]]
[[1, 0], [24, 137], [-57, -274]]
[[1, 0], [24, 137], [-76, -411]]
[[1, 0], [241, 274], [-364, -411]]
[[1, 0], [241, 274], [-491, -548]]
[[1, 0], [241, 274], [-727, -822]]
[[1, 0], [241, 411], [-485, -822]]
[[1, 0], [241, 548], [-247, -548]]
[[1, 0], [241, 685], [-244, -685]]
[[1, 0], [242, 411], [-244, -411]]
[[1, 0], [242, 411], [-487, -822]]
[[1, 0], [243, 274], [-367, -411]]
[[1, 0], [243, 274], [-495, -548]]
[[1, 0], [243, 274], [-733, -822]]
[[1, 0], [244, 411], [-491, -822]]
[[1, 0], [245, 274], [-370, -411]]
[[1, 0], [245, 274], [-499, -548]]
[[1, 0], [245, 274], [-739, -822]]
[[1, 0], [245, 411], [-247, -411]]
[[1, 0], [245, 411], [-493, -822]]
[[1, 0], [245, 548], [-251, -548]]
[[1, 0], [246, 685], [-249, -685]]
[[1, 0], [247, 274], [-373, -411]]
[[1, 0], [247, 274], [-503, -548]]
[[1, 0], [247, 274], [-745, -822]]
[[1, 0], [247, 411], [-497, -822]]
[[1, 0], [248, 411], [-250, -411]]
[[1, 0], [248, 411], [-499, -822]]
[[1, 0], [249, 274], [-376, -411]]
[[1, 0], [249, 274], [-507, -548]]
[[1, 0], [249, 274], [-751, -822]]
[[1, 0], [249, 548], [-255, -548]]
[[1, 0], [25, 137], [-115, -548]]
[[1, 0], [25, 137], [-134, -685]]
[[1, 0], [25, 137], [-157, -822]]
[[1, 0], [25, 137], [-28, -137]]
[[1, 0], [25, 137], [-31, -137]]
[[1, 0], [25, 137], [-59, -274]]
[[1, 0], [25, 137], [-79, -411]]
[[1, 0], [25, 274], [-31, -274]]
[[1, 0], [25, 274], [-40, -411]]
[[1, 0], [25, 274], [-59, -548]]
[[1, 0], [25, 274], [-79, -822]]
[[1, 0], [25, 36], [-287, -216]]
[[1, 0], [25, 36], [-77, -78]]
[[1, 0], [25, 36], [-79, -48]]
[[1, 0], [25, 411], [-53, -822]]
[[1, 0], [25, 548], [-31, -548]]
[[1, 0], [25, 72], [-287, -432]]
[[1, 0], [250, 411], [-503, -822]]
[[1, 0], [251, 274], [-379, -411]]
[[1, 0], [251, 274], [-511, -548]]
[[1, 0], [251, 274], [-757, -822]]
[[1, 0], [251, 411], [-253, -411]]
[[1, 0], [251, 411], [-505, -822]]
[[1, 0], [251, 685], [-254, -685]]
[[1, 0], [253, 274], [-382, -411]]
[[1, 0], [253, 274], [-515, -548]]
[[1, 0], [253, 274], [-763, -822]]
[[1, 0], [253, 411], [-509, -822]]
[[1, 0], [253, 548], [-259, -548]]
[[1, 0], [254, 411], [-256, -411]]
[[1, 0], [254, 411], [-511, -822]]
[[1, 0], [255, 274], [-385, -411]]
[[1, 0], [255, 274], [-519, -548]]
[[1, 0], [255, 274], [-769, -822]]
[[1, 0], [256, 411], [-515, -822]]
[[1, 0], [256, 685], [-259, -685]]
[[1, 0], [257, 274], [-388, -411]]
[[1, 0], [257, 274], [-523, -548]]
[[1, 0], [257, 274], [-775, -822]]
[[1, 0], [257, 411], [-259, -411]]
[[1, 0], [257, 411], [-517, -822]]
[[1, 0], [257, 548], [-263, -548]]
[[1, 0], [259, 1233], [-260, -1233]]
[[1, 0], [259, 274], [-265, -274]]
[[1, 0], [259, 274], [-391, -411]]
[[1, 0], [259, 274], [-527, -548]]
[[1, 0], [259, 274], [-781, -822]]
[[1, 0], [259, 411], [-521, -822]]
[[1, 0], [26, 137], [-119, -548]]
[[1, 0], [26, 137], [-139, -685]]
[[1, 0], [26, 137], [-163, -822]]
[[1, 0], [26, 137], [-29, -137]]
[[1, 0], [26, 137], [-32, -137]]
[[1, 0], [26, 137], [-61, -274]]
[[1, 0], [26, 137], [-82, -411]]
[[1, 0], [26, 411], [-55, -822]]
[[1, 0], [26, 685], [-29, -685]]
[[1, 0], [260, 411], [-262, -411]]
[[1, 0], [260, 411], [-523, -822]]
[[1, 0], [261, 274], [-394, -411]]
[[1, 0], [261, 274], [-531, -548]]
[[1, 0], [261, 274], [-787, -822]]
[[1, 0], [261, 548], [-267, -548]]
[[1, 0], [261, 685], [-264, -685]]
[[1, 0], [262, 411], [-527, -822]]
[[1, 0], [263, 274], [-397, -411]]
[[1, 0], [263, 274], [-535, -548]]
[[1, 0], [263, 274], [-793, -822]]
[[1, 0], [263, 411], [-265, -411]]
[[1, 0], [263, 411], [-529, -822]]
[[1, 0], [265, 274], [-400, -411]]
[[1, 0], [265, 274], [-539, -548]]
[[1, 0], [265, 274], [-799, -822]]
[[1, 0], [265, 411], [-533, -822]]
[[1, 0], [265, 548], [-271, -548]]
[[1, 0], [266, 411], [-268, -411]]
[[1, 0], [266, 411], [-535, -822]]
[[1, 0], [266, 685], [-269, -685]]
[[1, 0], [267, 274], [-403, -411]]
[[1, 0], [267, 274], [-543, -548]]
[[1, 0], [267, 274], [-805, -822]]
[[1, 0], [268, 1233], [-269, -1233]]
[[1, 0], [268, 411], [-539, -822]]
[[1, 0], [269, 274], [-275, -274]]
[[1, 0], [269, 274], [-406, -411]]
[[1, 0], [269, 274], [-547, -548]]
[[1, 0], [269, 274], [-811, -822]]
[[1, 0], [269, 411], [-271, -411]]
[[1, 0], [269, 411], [-541, -822]]
[[1, 0], [269, 548], [-275, -548]]
[[1, 0], [27, 137], [-123, -548]]
[[1, 0], [27, 137], [-144, -685]]
[[1, 0], [27, 137], [-169, -822]]
[[1, 0], [27, 137], [-30, -137]]
[[1, 0], [27, 137], [-33, -137]]
[[1, 0], [27, 137], [-63, -274]]
[[1, 0], [27, 137], [-85, -411]]
[[1, 0], [27, 274], [-33, -274]]
[[1, 0], [27, 274], [-43, -411]]
[[1, 0], [27, 274], [-63, -548]]
[[1, 0], [27, 274], [-85, -822]]
[[1, 0], [271, 274], [-277, -274]]
[[1, 0], [271, 274], [-409, -411]]
[[1, 0], [271, 274], [-551, -548]]
[[1, 0], [271, 274], [-817, -822]]
[[1, 0], [271, 411], [-545, -822]]
[[1, 0], [272, 411], [-547, -822]]
[[1, 0], [273, 274], [-412, -411]]
[[1, 0], [273, 274], [-555, -548]]
[[1, 0], [273, 274], [-823, -822]]
[[1, 0], [275, 411], [-277, -411]]
[[1, 0], [275, 411], [-553, -822]]
[[1, 0], [275, 822], [-277, -822]]
[[1, 0], [276, 685], [-279, -685]]
[[1, 0], [277, 1233], [-278, -1233]]
[[1, 0], [277, 411], [-557, -822]]
[[1, 0], [277, 414], [-551, -414]]
[[1, 0], [278, 411], [-280, -411]]
[[1, 0], [278, 411], [-559, -822]]
[[1, 0], [28, 137], [-127, -548]]
[[1, 0], [28, 137], [-149, -685]]
[[1, 0], [28, 137], [-175, -822]]
[[1, 0], [28, 137], [-31, -137]]
[[1, 0], [28, 137], [-34, -137]]
[[1, 0], [28, 137], [-65, -274]]
[[1, 0], [28, 137], [-88, -411]]
[[1, 0], [28, 411], [-59, -822]]
[[1, 0], [280, 411], [-563, -822]]
[[1, 0], [281, 411], [-283, -411]]
[[1, 0], [281, 411], [-565, -822]]
[[1, 0], [281, 685], [-284, -685]]
[[1, 0], [283, 411], [-569, -822]]
[[1, 0], [284, 411], [-286, -411]]
[[1, 0], [284, 411], [-571, -822]]
[[1, 0], [286, 1233], [-287, -1233]]
[[1, 0], [286, 411], [-575, -822]]
[[1, 0], [286, 685], [-289, -685]]
[[1, 0], [287, 411], [-289, -411]]
[[1, 0], [287, 411], [-577, -822]]
[[1, 0], [289, 411], [-581, -822]]
[[1, 0], [29, 137], [-131, -548]]
[[1, 0], [29, 137], [-154, -685]]
[[1, 0], [29, 137], [-181, -822]]
[[1, 0], [29, 137], [-32, -137]]
[[1, 0], [29, 137], [-35, -137]]
[[1, 0], [29, 137], [-67, -274]]
[[1, 0], [29, 137], [-91, -411]]
[[1, 0], [29, 274], [-35, -274]]
[[1, 0], [29, 274], [-46, -411]]
[[1, 0], [29, 274], [-67, -548]]
[[1, 0], [29, 274], [-91, -822]]
[[1, 0], [29, 411], [-61, -822]]
[[1, 0], [29, 42], [-419, -210]]
[[1, 0], [29, 42], [-76, -77]]
[[1, 0], [29, 548], [-35, -548]]
[[1, 0], [29, 84], [-139, -105]]
[[1, 0], [29, 84], [-419, -420]]
[[1, 0], [290, 411], [-292, -411]]
[[1, 0], [290, 411], [-583, -822]]
[[1, 0], [291, 685], [-294, -685]]
[[1, 0], [292, 411], [-587, -822]]
[[1, 0], [293, 411], [-295, -411]]
[[1, 0], [293, 411], [-589, -822]]
[[1, 0], [295, 411], [-593, -822]]
[[1, 0], [296, 411], [-298, -411]]
[[1, 0], [296, 411], [-595, -822]]
[[1, 0], [296, 685], [-299, -685]]
[[1, 0], [298, 411], [-599, -822]]
[[1, 0], [299, 411], [-301, -411]]
[[1, 0], [299, 411], [-601, -822]]
[[1, 0], [3, 137], [-13, -411]]
[[1, 0], [3, 137], [-15, -274]]
[[1, 0], [3, 137], [-24, -685]]
[[1, 0], [3, 137], [-25, -822]]
[[1, 0], [3, 137], [-27, -548]]
[[1, 0], [3, 137], [-6, -137]]
[[1, 0], [3, 137], [-9, -137]]
[[1, 0], [3, 274], [-13, -822]]
[[1, 0], [3, 274], [-15, -548]]
[[1, 0], [3, 274], [-7, -411]]
[[1, 0], [3, 274], [-9, -274]]
[[1, 0], [30, 137], [-135, -548]]
[[1, 0], [30, 137], [-159, -685]]
[[1, 0], [30, 137], [-187, -822]]
[[1, 0], [30, 137], [-33, -137]]
[[1, 0], [30, 137], [-36, -137]]
[[1, 0], [30, 137], [-69, -274]]
[[1, 0], [30, 137], [-94, -411]]
[[1, 0], [301, 411], [-605, -822]]
[[1, 0], [301, 685], [-304, -685]]
[[1, 0], [302, 411], [-304, -411]]
[[1, 0], [302, 411], [-607, -822]]
[[1, 0], [304, 411], [-611, -822]]
[[1, 0], [305, 411], [-307, -411]]
[[1, 0], [305, 411], [-613, -822]]
[[1, 0], [306, 685], [-309, -685]]
[[1, 0], [307, 411], [-617, -822]]
[[1, 0], [308, 411], [-310, -411]]
[[1, 0], [308, 411], [-619, -822]]
[[1, 0], [31, 137], [-139, -548]]
[[1, 0], [31, 137], [-164, -685]]
[[1, 0], [31, 137], [-193, -822]]
[[1, 0], [31, 137], [-34, -137]]
[[1, 0], [31, 137], [-37, -137]]
[[1, 0], [31, 137], [-71, -274]]
[[1, 0], [31, 137], [-97, -411]]
[[1, 0], [31, 274], [-37, -274]]
[[1, 0], [31, 274], [-49, -411]]
[[1, 0], [31, 274], [-71, -548]]
[[1, 0], [31, 274], [-97, -822]]
[[1, 0], [31, 411], [-65, -822]]
[[1, 0], [31, 45], [-149, -150]]
[[1, 0], [31, 685], [-34, -685]]
[[1, 0], [310, 411], [-623, -822]]
[[1, 0], [311, 411], [-313, -411]]
[[1, 0], [311, 411], [-625, -822]]
[[1, 0], [311, 685], [-314, -685]]
[[1, 0], [313, 411], [-629, -822]]
[[1, 0], [314, 411], [-316, -411]]
[[1, 0], [314, 411], [-631, -822]]
[[1, 0], [316, 411], [-635, -822]]
[[1, 0], [316, 685], [-319, -685]]
[[1, 0], [317, 411], [-319, -411]]
[[1, 0], [317, 411], [-637, -822]]
[[1, 0], [319, 411], [-641, -822]]
[[1, 0], [32, 137], [-100, -411]]
[[1, 0], [32, 137], [-143, -548]]
[[1, 0], [32, 137], [-169, -685]]
[[1, 0], [32, 137], [-199, -822]]
[[1, 0], [32, 137], [-35, -137]]
[[1, 0], [32, 137], [-38, -137]]
[[1, 0], [32, 137], [-73, -274]]
[[1, 0], [32, 411], [-67, -822]]
[[1, 0], [320, 411], [-322, -411]]
[[1, 0], [320, 411], [-643, -822]]
[[1, 0], [321, 685], [-324, -685]]
[[1, 0], [322, 411], [-647, -822]]
[[1, 0], [323, 411], [-325, -411]]
[[1, 0], [323, 411], [-649, -822]]
[[1, 0], [325, 411], [-653, -822]]
[[1, 0], [326, 411], [-328, -411]]
[[1, 0], [326, 411], [-655, -822]]
[[1, 0], [326, 685], [-329, -685]]
[[1, 0], [328, 411], [-659, -822]]
[[1, 0], [329, 411], [-331, -411]]
[[1, 0], [329, 411], [-661, -822]]
[[1, 0], [33, 137], [-103, -411]]
[[1, 0], [33, 137], [-147, -548]]
[[1, 0], [33, 137], [-174, -685]]
[[1, 0], [33, 137], [-205, -822]]
[[1, 0], [33, 137], [-36, -137]]
[[1, 0], [33, 137], [-39, -137]]
[[1, 0], [33, 137], [-75, -274]]
[[1, 0], [33, 274], [-103, -822]]
[[1, 0], [33, 274], [-39, -274]]
[[1, 0], [33, 274], [-52, -411]]
[[1, 0], [33, 274], [-75, -548]]
[[1, 0], [33, 548], [-39, -548]]
[[1, 0], [331, 1233], [-332, -1233]]
[[1, 0], [331, 411], [-665, -822]]
[[1, 0], [331, 685], [-334, -685]]
[[1, 0], [332, 411], [-334, -411]]
[[1, 0], [332, 411], [-667, -822]]
[[1, 0], [334, 411], [-671, -822]]
[[1, 0], [335, 411], [-337, -411]]
[[1, 0], [335, 411], [-673, -822]]
[[1, 0], [336, 685], [-339, -685]]
[[1, 0], [337, 411], [-677, -822]]
[[1, 0], [338, 411], [-340, -411]]
[[1, 0], [338, 411], [-679, -822]]
[[1, 0], [34, 137], [-106, -411]]
[[1, 0], [34, 137], [-151, -548]]
[[1, 0], [34, 137], [-179, -685]]
[[1, 0], [34, 137], [-211, -822]]
[[1, 0], [34, 137], [-37, -137]]
[[1, 0], [34, 137], [-40, -137]]
[[1, 0], [34, 137], [-77, -274]]
[[1, 0], [34, 411], [-71, -822]]
[[1, 0], [340, 411], [-683, -822]]
[[1, 0], [341, 411], [-343, -411]]
[[1, 0], [341, 685], [-344, -685]]
[[1, 0], [343, 411], [-689, -822]]
[[1, 0], [344, 411], [-346, -411]]
[[1, 0], [344, 411], [-691, -822]]
[[1, 0], [346, 411], [-695, -822]]
[[1, 0], [347, 411], [-349, -411]]
[[1, 0], [347, 411], [-697, -822]]
[[1, 0], [349, 1233], [-350, -1233]]
[[1, 0], [349, 411], [-701, -822]]
[[1, 0], [35, 137], [-109, -411]]
[[1, 0], [35, 137], [-155, -548]]
[[1, 0], [35, 137], [-184, -685]]
[[1, 0], [35, 137], [-217, -822]]
[[1, 0], [35, 137], [-38, -137]]
[[1, 0], [35, 137], [-41, -137]]
[[1, 0], [35, 137], [-79, -274]]
[[1, 0], [35, 274], [-109, -822]]
[[1, 0], [35, 274], [-41, -274]]
[[1, 0], [35, 274], [-55, -411]]
[[1, 0], [35, 274], [-79, -548]]
[[1, 0], [35, 411], [-73, -822]]
[[1, 0], [350, 411], [-352, -411]]
[[1, 0], [350, 411], [-703, -822]]
[[1, 0], [352, 411], [-707, -822]]
[[1, 0], [353, 411], [-355, -411]]
[[1, 0], [353, 411], [-709, -822]]
[[1, 0], [355, 411], [-713, -822]]
[[1, 0], [356, 411], [-358, -411]]
[[1, 0], [356, 411], [-715, -822]]
[[1, 0], [358, 411], [-719, -822]]
[[1, 0], [359, 411], [-361, -411]]
[[1, 0], [359, 411], [-721, -822]]
[[1, 0], [36, 137], [-112, -411]]
[[1, 0], [36, 137], [-159, -548]]
[[1, 0], [36, 137], [-189, -685]]
[[1, 0], [36, 137], [-223, -822]]
[[1, 0], [36, 137], [-39, -137]]
[[1, 0], [36, 137], [-42, -137]]
[[1, 0], [36, 137], [-81, -274]]
[[1, 0], [36, 685], [-39, -685]]
[[1, 0], [361, 411], [-725, -822]]
[[1, 0], [362, 411], [-364, -411]]
[[1, 0], [362, 411], [-727, -822]]
[[1, 0], [364, 411], [-731, -822]]
[[1, 0], [365, 411], [-367, -411]]
[[1, 0], [365, 411], [-733, -822]]
[[1, 0], [367, 1233], [-368, -1233]]
[[1, 0], [367, 411], [-737, -822]]
[[1, 0], [368, 411], [-370, -411]]
[[1, 0], [368, 411], [-739, -822]]
[[1, 0], [37, 108], [-95, -144]]
[[1, 0], [37, 137], [-115, -411]]
[[1, 0], [37, 137], [-163, -548]]
[[1, 0], [37, 137], [-194, -685]]
[[1, 0], [37, 137], [-229, -822]]
[[1, 0], [37, 137], [-40, -137]]
[[1, 0], [37, 137], [-43, -137]]
[[1, 0], [37, 137], [-83, -274]]
[[1, 0], [37, 274], [-115, -822]]
[[1, 0], [37, 274], [-43, -274]]
[[1, 0], [37, 274], [-58, -411]]
[[1, 0], [37, 274], [-83, -548]]
[[1, 0], [37, 411], [-77, -822]]
[[1, 0], [37, 548], [-43, -548]]
[[1, 0], [37, 54], [-95, -72]]
[[1, 0], [370, 411], [-743, -822]]
[[1, 0], [371, 411], [-373, -411]]
[[1, 0], [371, 411], [-745, -822]]
[[1, 0], [373, 411], [-749, -822]]
[[1, 0], [374, 411], [-376, -411]]
[[1, 0], [374, 411], [-751, -822]]
[[1, 0], [376, 411], [-755, -822]]
[[1, 0], [377, 411], [-379, -411]]
[[1, 0], [377, 411], [-757, -822]]
[[1, 0], [379, 411], [-761, -822]]
[[1, 0], [38, 137], [-118, -411]]
[[1, 0], [38, 137], [-167, -548]]
[[1, 0], [38, 137], [-199, -685]]
[[1, 0], [38, 137], [-235, -822]]
[[1, 0], [38, 137], [-41, -137]]
[[1, 0], [38, 137], [-44, -137]]
[[1, 0], [38, 137], [-85, -274]]
[[1, 0], [38, 411], [-79, -822]]
[[1, 0], [380, 411], [-382, -411]]
[[1, 0], [380, 411], [-763, -822]]
[[1, 0], [382, 411], [-767, -822]]
[[1, 0], [383, 411], [-385, -411]]
[[1, 0], [383, 411], [-769, -822]]
[[1, 0], [385, 411], [-773, -822]]
[[1, 0], [386, 411], [-388, -411]]
[[1, 0], [386, 411], [-775, -822]]
[[1, 0], [388, 411], [-779, -822]]
[[1, 0], [389, 411], [-391, -411]]
[[1, 0], [389, 411], [-781, -822]]
[[1, 0], [39, 137], [-121, -411]]
[[1, 0], [39, 137], [-171, -548]]
[[1, 0], [39, 137], [-204, -685]]
[[1, 0], [39, 137], [-241, -822]]
[[1, 0], [39, 137], [-42, -137]]
[[1, 0], [39, 137], [-45, -137]]
[[1, 0], [39, 137], [-87, -274]]
[[1, 0], [39, 274], [-121, -822]]
[[1, 0], [39, 274], [-45, -274]]
[[1, 0], [39, 274], [-61, -411]]
[[1, 0], [39, 274], [-87, -548]]
[[1, 0], [391, 411], [-785, -822]]
[[1, 0], [392, 411], [-394, -411]]
[[1, 0], [392, 411], [-787, -822]]
[[1, 0], [394, 1233], [-395, -1233]]
[[1, 0], [394, 411], [-791, -822]]
[[1, 0], [395, 411], [-397, -411]]
[[1, 0], [395, 411], [-793, -822]]
[[1, 0], [397, 411], [-797, -822]]
[[1, 0], [398, 411], [-400, -411]]
[[1, 0], [398, 411], [-799, -822]]
[[1, 0], [4, 137], [-10, -137]]
[[1, 0], [4, 137], [-16, -411]]
[[1, 0], [4, 137], [-17, -274]]
[[1, 0], [4, 137], [-29, -685]]
[[1, 0], [4, 137], [-31, -548]]
[[1, 0], [4, 137], [-31, -822]]
[[1, 0], [4, 137], [-7, -137]]
[[1, 0], [4, 411], [-11, -822]]
[[1, 0], [4, 9], [-1151, -432]]
[[1, 0], [4, 9], [-139, -210]]
[[1, 0], [4, 9], [-161, -54]]
[[1, 0], [4, 9], [-1832, -423]]
[[1, 0], [4, 9], [-2299, -138]]
[[1, 0], [4, 9], [-234, -47]]
[[1, 0], [4, 9], [-3380, -207]]
[[1, 0], [4, 9], [-374, -225]]
[[1, 0], [4, 9], [-413, -621]]
[[1, 0], [4, 9], [-419, -18]]
[[1, 0], [4, 9], [-494, -495]]
[[1, 0], [4, 9], [-55, -21]]
[[1, 0], [4, 9], [-59, -30]]
[[1, 0], [4, 9], [-6623, -414]]
[[1, 0], [4, 9], [-83, -84]]
[[1, 0], [4, 9], [-881, -441]]
[[1, 0], [40, 137], [-124, -411]]
[[1, 0], [40, 137], [-175, -548]]
[[1, 0], [40, 137], [-209, -685]]
[[1, 0], [40, 137], [-247, -822]]
[[1, 0], [40, 137], [-43, -137]]
[[1, 0], [40, 137], [-46, -137]]
[[1, 0], [40, 137], [-89, -274]]
[[1, 0], [40, 411], [-83, -822]]
[[1, 0], [400, 411], [-803, -822]]
[[1, 0], [401, 411], [-403, -411]]
[[1, 0], [401, 411], [-805, -822]]
[[1, 0], [403, 1233], [-404, -1233]]
[[1, 0], [403, 411], [-809, -822]]
[[1, 0], [404, 411], [-406, -411]]
[[1, 0], [404, 411], [-811, -822]]
[[1, 0], [406, 411], [-815, -822]]
[[1, 0], [407, 411], [-409, -411]]
[[1, 0], [407, 411], [-817, -822]]
[[1, 0], [409, 411], [-821, -822]]
[[1, 0], [41, 137], [-127, -411]]
[[1, 0], [41, 137], [-179, -548]]
[[1, 0], [41, 137], [-214, -685]]
[[1, 0], [41, 137], [-253, -822]]
[[1, 0], [41, 137], [-44, -137]]
[[1, 0], [41, 137], [-47, -137]]
[[1, 0], [41, 137], [-91, -274]]
[[1, 0], [41, 274], [-127, -822]]
[[1, 0], [41, 274], [-47, -274]]
[[1, 0], [41, 274], [-64, -411]]
[[1, 0], [41, 274], [-91, -548]]
[[1, 0], [41, 411], [-85, -822]]
[[1, 0], [41, 548], [-47, -548]]
[[1, 0], [41, 60], [-167, -84]]
[[1, 0], [41, 60], [-349, -210]]
[[1, 0], [41, 685], [-44, -685]]
[[1, 0], [410, 411], [-412, -411]]
[[1, 0], [410, 411], [-823, -822]]
[[1, 0], [412, 1233], [-413, -1233]]
[[1, 0], [413, 822], [-415, -822]]
[[1, 0], [419, 822], [-421, -822]]
[[1, 0], [42, 137], [-130, -411]]
[[1, 0], [42, 137], [-183, -548]]
[[1, 0], [42, 137], [-219, -685]]
[[1, 0], [42, 137], [-259, -822]]
[[1, 0], [42, 137], [-45, -137]]
[[1, 0], [42, 137], [-48, -137]]
[[1, 0], [42, 137], [-93, -274]]
[[1, 0], [421, 1233], [-422, -1233]]
[[1, 0], [425, 822], [-427, -822]]
[[1, 0], [43, 1233], [-44, -1233]]
[[1, 0], [43, 137], [-133, -411]]
[[1, 0], [43, 137], [-187, -548]]
[[1, 0], [43, 137], [-224, -685]]
[[1, 0], [43, 137], [-265, -822]]
[[1, 0], [43, 137], [-46, -137]]
[[1, 0], [43, 137], [-49, -137]]
[[1, 0], [43, 137], [-95, -274]]
[[1, 0], [43, 274], [-133, -822]]
[[1, 0], [43, 274], [-49, -274]]
[[1, 0], [43, 274], [-67, -411]]
[[1, 0], [43, 274], [-95, -548]]
[[1, 0], [43, 411], [-89, -822]]
[[1, 0], [43, 63], [-146, -147]]
[[1, 0], [431, 822], [-433, -822]]
[[1, 0], [437, 822], [-439, -822]]
[[1, 0], [439, 1233], [-440, -1233]]
[[1, 0], [44, 137], [-136, -411]]
[[1, 0], [44, 137], [-191, -548]]
[[1, 0], [44, 137], [-229, -685]]
[[1, 0], [44, 137], [-271, -822]]
[[1, 0], [44, 137], [-47, -137]]
[[1, 0], [44, 137], [-50, -137]]
[[1, 0], [44, 137], [-97, -274]]
[[1, 0], [44, 411], [-91, -822]]
[[1, 0], [443, 822], [-445, -822]]
[[1, 0], [448, 1233], [-449, -1233]]
[[1, 0], [449, 822], [-451, -822]]
[[1, 0], [45, 137], [-139, -411]]
[[1, 0], [45, 137], [-195, -548]]
[[1, 0], [45, 137], [-234, -685]]
[[1, 0], [45, 137], [-277, -822]]
[[1, 0], [45, 137], [-48, -137]]
[[1, 0], [45, 137], [-51, -137]]
[[1, 0], [45, 137], [-99, -274]]
[[1, 0], [45, 274], [-139, -822]]
[[1, 0], [45, 274], [-51, -274]]
[[1, 0], [45, 274], [-70, -411]]
[[1, 0], [45, 274], [-99, -548]]
[[1, 0], [45, 548], [-51, -548]]
[[1, 0], [455, 822], [-457, -822]]
[[1, 0], [457, 1233], [-458, -1233]]
[[1, 0], [46, 137], [-101, -274]]
[[1, 0], [46, 137], [-142, -411]]
[[1, 0], [46, 137], [-199, -548]]
[[1, 0], [46, 137], [-239, -685]]
[[1, 0], [46, 137], [-283, -822]]
[[1, 0], [46, 137], [-49, -137]]
[[1, 0], [46, 137], [-52, -137]]
[[1, 0], [46, 411], [-95, -822]]
[[1, 0], [46, 685], [-49, -685]]
[[1, 0], [461, 822], [-463, -822]]
[[1, 0], [467, 822], [-469, -822]]
[[1, 0], [47, 137], [-103, -274]]
[[1, 0], [47, 137], [-145, -411]]
[[1, 0], [47, 137], [-203, -548]]
[[1, 0], [47, 137], [-244, -685]]
[[1, 0], [47, 137], [-289, -822]]
[[1, 0], [47, 137], [-50, -137]]
[[1, 0], [47, 137], [-53, -137]]
[[1, 0], [47, 138], [-413, -207]]
[[1, 0], [47, 138], [-689, -414]]
[[1, 0], [47, 274], [-103, -548]]
[[1, 0], [47, 274], [-145, -822]]
[[1, 0], [47, 274], [-53, -274]]
[[1, 0], [47, 274], [-73, -411]]
[[1, 0], [47, 411], [-97, -822]]
[[1, 0], [47, 69], [-1241, -414]]
[[1, 0], [47, 69], [-505, -138]]
[[1, 0], [47, 69], [-689, -207]]
[[1, 0], [473, 822], [-475, -822]]
[[1, 0], [475, 1233], [-476, -1233]]
[[1, 0], [479, 822], [-481, -822]]
[[1, 0], [48, 137], [-105, -274]]
[[1, 0], [48, 137], [-148, -411]]
[[1, 0], [48, 137], [-207, -548]]
[[1, 0], [48, 137], [-249, -685]]
[[1, 0], [48, 137], [-295, -822]]
[[1, 0], [48, 137], [-51, -137]]
[[1, 0], [48, 137], [-54, -137]]
[[1, 0], [484, 1233], [-485, -1233]]
[[1, 0], [485, 822], [-487, -822]]
[[1, 0], [49, 137], [-107, -274]]
[[1, 0], [49, 137], [-151, -411]]
[[1, 0], [49, 137], [-211, -548]]
[[1, 0], [49, 137], [-254, -685]]
[[1, 0], [49, 137], [-301, -822]]
[[1, 0], [49, 137], [-52, -137]]
[[1, 0], [49, 137], [-55, -137]]
[[1, 0], [49, 274], [-107, -548]]
[[1, 0], [49, 274], [-151, -822]]
[[1, 0], [49, 274], [-55, -274]]
[[1, 0], [49, 274], [-76, -411]]
[[1, 0], [49, 411], [-101, -822]]
[[1, 0], [49, 548], [-55, -548]]
[[1, 0], [49, 72], [-431, -432]]
[[1, 0], [491, 822], [-493, -822]]
[[1, 0], [493, 1233], [-494, -1233]]
[[1, 0], [497, 822], [-499, -822]]
[[1, 0], [5, 12], [-109, -15]]
[[1, 0], [5, 12], [-167, -72]]
[[1, 0], [5, 12], [-1819, -420]]
[[1, 0], [5, 12], [-223, -42]]
[[1, 0], [5, 12], [-299, -60]]
[[1, 0], [5, 12], [-367, -552]]
[[1, 0], [5, 12], [-79, -80]]
[[1, 0], [5, 137], [-11, -137]]
[[1, 0], [5, 137], [-19, -274]]
[[1, 0], [5, 137], [-19, -411]]
[[1, 0], [5, 137], [-34, -685]]
[[1, 0], [5, 137], [-35, -548]]
[[1, 0], [5, 137], [-37, -822]]
[[1, 0], [5, 137], [-8, -137]]
[[1, 0], [5, 274], [-10, -411]]
[[1, 0], [5, 274], [-11, -274]]
[[1, 0], [5, 274], [-19, -548]]
[[1, 0], [5, 274], [-19, -822]]
[[1, 0], [5, 411], [-13, -822]]
[[1, 0], [5, 548], [-11, -548]]
[[1, 0], [5, 6], [-138, -137]]
[[1, 0], [5, 6], [-167, -36]]
[[1, 0], [5, 6], [-1819, -210]]
[[1, 0], [5, 6], [-223, -21]]
[[1, 0], [5, 6], [-275, -274]]
[[1, 0], [5, 6], [-299, -30]]
[[1, 0], [5, 6], [-32, -11]]
[[1, 0], [5, 6], [-3403, -138]]
[[1, 0], [5, 6], [-350, -9]]
[[1, 0], [5, 6], [-367, -276]]
[[1, 0], [5, 6], [-412, -411]]
[[1, 0], [5, 6], [-443, -148]]
[[1, 0], [5, 6], [-5036, -207]]
[[1, 0], [5, 6], [-563, -18]]
[[1, 0], [5, 6], [-755, -84]]
[[1, 0], [5, 6], [-79, -40]]
[[1, 0], [5, 6], [-823, -822]]
[[1, 0], [5, 6], [-9935, -414]]
[[1, 0], [50, 137], [-109, -274]]
[[1, 0], [50, 137], [-154, -411]]
[[1, 0], [50, 137], [-215, -548]]
[[1, 0], [50, 137], [-259, -685]]
[[1, 0], [50, 137], [-307, -822]]
[[1, 0], [50, 137], [-53, -137]]
[[1, 0], [50, 137], [-56, -137]]
[[1, 0], [50, 411], [-103, -822]]
[[1, 0], [502, 1233], [-503, -1233]]
[[1, 0], [503, 822], [-505, -822]]
[[1, 0], [509, 822], [-511, -822]]
[[1, 0], [51, 137], [-111, -274]]
[[1, 0], [51, 137], [-157, -411]]
[[1, 0], [51, 137], [-219, -548]]
[[1, 0], [51, 137], [-264, -685]]
[[1, 0], [51, 137], [-313, -822]]
[[1, 0], [51, 137], [-54, -137]]
[[1, 0], [51, 137], [-57, -137]]
[[1, 0], [51, 274], [-111, -548]]
[[1, 0], [51, 274], [-157, -822]]
[[1, 0], [51, 274], [-57, -274]]
[[1, 0], [51, 274], [-79, -411]]
[[1, 0], [51, 685], [-54, -685]]
[[1, 0], [511, 1233], [-512, -1233]]
[[1, 0], [515, 822], [-517, -822]]
[[1, 0], [52, 137], [-113, -274]]
[[1, 0], [52, 137], [-160, -411]]
[[1, 0], [52, 137], [-223, -548]]
[[1, 0], [52, 137], [-269, -685]]
[[1, 0], [52, 137], [-319, -822]]
[[1, 0], [52, 137], [-55, -137]]
[[1, 0], [52, 137], [-58, -137]]
[[1, 0], [52, 411], [-107, -822]]
[[1, 0], [520, 1233], [-521, -1233]]
[[1, 0], [521, 822], [-523, -822]]
[[1, 0], [527, 822], [-529, -822]]
[[1, 0], [53, 137], [-115, -274]]
[[1, 0], [53, 137], [-163, -411]]
[[1, 0], [53, 137], [-227, -548]]
[[1, 0], [53, 137], [-325, -822]]
[[1, 0], [53, 137], [-56, -137]]
[[1, 0], [53, 137], [-59, -137]]
[[1, 0], [53, 274], [-115, -548]]
[[1, 0], [53, 274], [-163, -822]]
[[1, 0], [53, 274], [-59, -274]]
[[1, 0], [53, 274], [-82, -411]]
[[1, 0], [53, 411], [-109, -822]]
[[1, 0], [53, 548], [-59, -548]]
[[1, 0], [533, 548], [-539, -548]]
[[1, 0], [533, 822], [-535, -822]]
[[1, 0], [539, 822], [-541, -822]]
[[1, 0], [54, 137], [-117, -274]]
[[1, 0], [54, 137], [-166, -411]]
[[1, 0], [54, 137], [-231, -548]]
[[1, 0], [54, 137], [-279, -685]]
[[1, 0], [54, 137], [-331, -822]]
[[1, 0], [54, 137], [-57, -137]]
[[1, 0], [54, 137], [-60, -137]]
[[1, 0], [545, 548], [-551, -548]]
[[1, 0], [55, 137], [-119, -274]]
[[1, 0], [55, 137], [-169, -411]]
[[1, 0], [55, 137], [-235, -548]]
[[1, 0], [55, 137], [-284, -685]]
[[1, 0], [55, 137], [-337, -822]]
[[1, 0], [55, 137], [-58, -137]]
[[1, 0], [55, 137], [-61, -137]]
[[1, 0], [55, 274], [-119, -548]]
[[1, 0], [55, 274], [-169, -822]]
[[1, 0], [55, 274], [-61, -274]]
[[1, 0], [55, 274], [-85, -411]]
[[1, 0], [55, 411], [-113, -822]]
[[1, 0], [551, 822], [-553, -822]]
[[1, 0], [556, 1233], [-557, -1233]]
[[1, 0], [557, 822], [-559, -822]]
[[1, 0], [56, 137], [-121, -274]]
[[1, 0], [56, 137], [-172, -411]]
[[1, 0], [56, 137], [-239, -548]]
[[1, 0], [56, 137], [-289, -685]]
[[1, 0], [56, 137], [-343, -822]]
[[1, 0], [56, 137], [-59, -137]]
[[1, 0], [56, 137], [-62, -137]]
[[1, 0], [56, 411], [-115, -822]]
[[1, 0], [56, 685], [-59, -685]]
[[1, 0], [563, 822], [-565, -822]]
[[1, 0], [565, 1233], [-566, -1233]]
[[1, 0], [569, 822], [-571, -822]]
[[1, 0], [57, 137], [-123, -274]]
[[1, 0], [57, 137], [-175, -411]]
[[1, 0], [57, 137], [-243, -548]]
[[1, 0], [57, 137], [-294, -685]]
[[1, 0], [57, 137], [-349, -822]]
[[1, 0], [57, 137], [-60, -137]]
[[1, 0], [57, 137], [-63, -137]]
[[1, 0], [57, 274], [-123, -548]]
[[1, 0], [57, 274], [-175, -822]]
[[1, 0], [57, 274], [-63, -274]]
[[1, 0], [57, 274], [-88, -411]]
[[1, 0], [57, 548], [-63, -548]]
[[1, 0], [575, 822], [-577, -822]]
[[1, 0], [58, 137], [-125, -274]]
[[1, 0], [58, 137], [-178, -411]]
[[1, 0], [58, 137], [-247, -548]]
[[1, 0], [58, 137], [-299, -685]]
[[1, 0], [58, 137], [-355, -822]]
[[1, 0], [58, 137], [-61, -137]]
[[1, 0], [58, 137], [-64, -137]]
[[1, 0], [58, 411], [-119, -822]]
[[1, 0], [581, 822], [-583, -822]]
[[1, 0], [587, 822], [-589, -822]]
[[1, 0], [59, 137], [-127, -274]]
[[1, 0], [59, 137], [-181, -411]]
[[1, 0], [59, 137], [-251, -548]]
[[1, 0], [59, 137], [-304, -685]]
[[1, 0], [59, 137], [-361, -822]]
[[1, 0], [59, 137], [-62, -137]]
[[1, 0], [59, 137], [-65, -137]]
[[1, 0], [59, 274], [-127, -548]]
[[1, 0], [59, 274], [-181, -822]]
[[1, 0], [59, 274], [-65, -274]]
[[1, 0], [59, 274], [-91, -411]]
[[1, 0], [59, 411], [-121, -822]]
[[1, 0], [59, 87], [-144, -145]]
[[1, 0], [592, 1233], [-593, -1233]]
[[1, 0], [593, 822], [-595, -822]]
[[1, 0], [599, 822], [-601, -822]]
[[1, 0], [6, 137], [-12, -137]]
[[1, 0], [6, 137], [-21, -274]]
[[1, 0], [6, 137], [-22, -411]]
[[1, 0], [6, 137], [-39, -548]]
[[1, 0], [6, 137], [-39, -685]]
[[1, 0], [6, 137], [-43, -822]]
[[1, 0], [60, 137], [-129, -274]]
[[1, 0], [60, 137], [-184, -411]]
[[1, 0], [60, 137], [-255, -548]]
[[1, 0], [60, 137], [-309, -685]]
[[1, 0], [60, 137], [-367, -822]]
[[1, 0], [60, 137], [-63, -137]]
[[1, 0], [60, 137], [-66, -137]]
[[1, 0], [605, 822], [-607, -822]]
[[1, 0], [61, 137], [-131, -274]]
[[1, 0], [61, 137], [-187, -411]]
[[1, 0], [61, 137], [-259, -548]]
[[1, 0], [61, 137], [-314, -685]]
[[1, 0], [61, 137], [-373, -822]]
[[1, 0], [61, 137], [-64, -137]]
[[1, 0], [61, 137], [-67, -137]]
[[1, 0], [61, 274], [-131, -548]]
[[1, 0], [61, 274], [-187, -822]]
[[1, 0], [61, 274], [-67, -274]]
[[1, 0], [61, 274], [-94, -411]]
[[1, 0], [61, 411], [-125, -822]]
[[1, 0], [61, 548], [-67, -548]]
[[1, 0], [61, 685], [-64, -685]]
[[1, 0], [610, 1233], [-611, -1233]]
[[1, 0], [611, 822], [-613, -822]]
[[1, 0], [616, 1233], [-617, -1233]]
[[1, 0], [617, 822], [-619, -822]]
[[1, 0], [62, 137], [-133, -274]]
[[1, 0], [62, 137], [-190, -411]]
[[1, 0], [62, 137], [-263, -548]]
[[1, 0], [62, 137], [-319, -685]]
[[1, 0], [62, 137], [-379, -822]]
[[1, 0], [62, 137], [-65, -137]]
[[1, 0], [62, 137], [-68, -137]]
[[1, 0], [62, 411], [-127, -822]]
[[1, 0], [623, 822], [-625, -822]]
[[1, 0], [625, 1233], [-626, -1233]]
[[1, 0], [628, 1233], [-629, -1233]]
[[1, 0], [629, 822], [-631, -822]]
[[1, 0], [63, 137], [-135, -274]]
[[1, 0], [63, 137], [-193, -411]]
[[1, 0], [63, 137], [-267, -548]]
[[1, 0], [63, 137], [-324, -685]]
[[1, 0], [63, 137], [-385, -822]]
[[1, 0], [63, 137], [-66, -137]]
[[1, 0], [63, 137], [-69, -137]]
[[1, 0], [63, 274], [-135, -548]]
[[1, 0], [63, 274], [-193, -822]]
[[1, 0], [63, 274], [-69, -274]]
[[1, 0], [63, 274], [-97, -411]]
[[1, 0], [634, 1233], [-635, -1233]]
[[1, 0], [635, 822], [-637, -822]]
[[1, 0], [64, 137], [-196, -411]]
[[1, 0], [64, 137], [-271, -548]]
[[1, 0], [64, 137], [-329, -685]]
[[1, 0], [64, 137], [-391, -822]]
[[1, 0], [64, 137], [-67, -137]]
[[1, 0], [64, 137], [-70, -137]]
[[1, 0], [64, 411], [-131, -822]]
[[1, 0], [641, 822], [-643, -822]]
[[1, 0], [647, 822], [-649, -822]]
[[1, 0], [65, 137], [-139, -274]]
[[1, 0], [65, 137], [-199, -411]]
[[1, 0], [65, 137], [-275, -548]]
[[1, 0], [65, 137], [-334, -685]]
[[1, 0], [65, 137], [-397, -822]]
[[1, 0], [65, 137], [-68, -137]]
[[1, 0], [65, 137], [-71, -137]]
[[1, 0], [65, 274], [-100, -411]]
[[1, 0], [65, 274], [-139, -548]]
[[1, 0], [65, 274], [-199, -822]]
[[1, 0], [65, 274], [-71, -274]]
[[1, 0], [65, 411], [-133, -822]]
[[1, 0], [65, 548], [-71, -548]]
[[1, 0], [652, 1233], [-653, -1233]]
[[1, 0], [653, 822], [-655, -822]]
[[1, 0], [655, 1233], [-656, -1233]]
[[1, 0], [659, 822], [-661, -822]]
[[1, 0], [66, 137], [-141, -274]]
[[1, 0], [66, 137], [-202, -411]]
[[1, 0], [66, 137], [-279, -548]]
[[1, 0], [66, 137], [-339, -685]]
[[1, 0], [66, 137], [-403, -822]]
[[1, 0], [66, 137], [-69, -137]]
[[1, 0], [66, 685], [-69, -685]]
[[1, 0], [665, 822], [-667, -822]]
[[1, 0], [67, 137], [-143, -274]]
[[1, 0], [67, 137], [-205, -411]]
[[1, 0], [67, 137], [-283, -548]]
[[1, 0], [67, 137], [-344, -685]]
[[1, 0], [67, 137], [-409, -822]]
[[1, 0], [67, 137], [-70, -137]]
[[1, 0], [67, 274], [-103, -411]]
[[1, 0], [67, 274], [-143, -548]]
[[1, 0], [67, 274], [-205, -822]]
[[1, 0], [67, 274], [-73, -274]]
[[1, 0], [671, 822], [-673, -822]]
[[1, 0], [673, 1233], [-674, -1233]]
[[1, 0], [676, 685], [-679, -685]]
[[1, 0], [677, 822], [-679, -822]]
[[1, 0], [679, 1233], [-680, -1233]]
[[1, 0], [68, 137], [-145, -274]]
[[1, 0], [68, 137], [-208, -411]]
[[1, 0], [68, 137], [-287, -548]]
[[1, 0], [68, 137], [-349, -685]]
[[1, 0], [68, 137], [-415, -822]]
[[1, 0], [68, 411], [-139, -822]]
[[1, 0], [682, 1233], [-683, -1233]]
[[1, 0], [689, 822], [-691, -822]]
[[1, 0], [69, 137], [-147, -274]]
[[1, 0], [69, 137], [-211, -411]]
[[1, 0], [69, 137], [-291, -548]]
[[1, 0], [69, 137], [-354, -685]]
[[1, 0], [69, 137], [-421, -822]]
[[1, 0], [69, 274], [-106, -411]]
[[1, 0], [69, 274], [-147, -548]]
[[1, 0], [69, 274], [-211, -822]]
[[1, 0], [69, 274], [-75, -274]]
[[1, 0], [69, 548], [-75, -548]]
[[1, 0], [695, 822], [-697, -822]]
[[1, 0], [7, 1233], [-8, -1233]]
[[1, 0], [7, 137], [-10, -137]]
[[1, 0], [7, 137], [-13, -137]]
[[1, 0], [7, 137], [-23, -274]]
[[1, 0], [7, 137], [-25, -411]]
[[1, 0], [7, 137], [-43, -548]]
[[1, 0], [7, 137], [-44, -685]]
[[1, 0], [7, 137], [-49, -822]]
[[1, 0], [7, 18], [-1241, -138]]
[[1, 0], [7, 18], [-179, -108]]
[[1, 0], [7, 18], [-1793, -207]]
[[1, 0], [7, 18], [-281, -18]]
[[1, 0], [7, 18], [-321, -23]]
[[1, 0], [7, 18], [-3449, -414]]
[[1, 0], [7, 18], [-38, -39]]
[[1, 0], [7, 18], [-449, -450]]
[[1, 0], [7, 18], [-505, -46]]
[[1, 0], [7, 18], [-55, -24]]
[[1, 0], [7, 18], [-689, -69]]
[[1, 0], [7, 274], [-13, -274]]
[[1, 0], [7, 274], [-13, -411]]
[[1, 0], [7, 274], [-23, -548]]
[[1, 0], [7, 274], [-25, -822]]
[[1, 0], [7, 411], [-17, -822]]
[[1, 0], [7, 9], [-1028, -441]]
[[1, 0], [7, 9], [-1241, -69]]
[[1, 0], [7, 9], [-1295, -432]]
[[1, 0], [7, 9], [-179, -54]]
[[1, 0], [7, 9], [-1973, -423]]
[[1, 0], [7, 9], [-209, -210]]
[[1, 0], [7, 9], [-2345, -138]]
[[1, 0], [7, 9], [-281, -9]]
[[1, 0], [7, 9], [-3449, -207]]
[[1, 0], [7, 9], [-425, -18]]
[[1, 0], [7, 9], [-449, -225]]
[[1, 0], [7, 9], [-505, -23]]
[[1, 0], [7, 9], [-55, -12]]
[[1, 0], [7, 9], [-62, -21]]
[[1, 0], [7, 9], [-620, -621]]
[[1, 0], [7, 9], [-659, -495]]
[[1, 0], [7, 9], [-6761, -414]]
[[1, 0], [7, 9], [-72, -73]]
[[1, 0], [7, 9], [-873, -46]]
[[1, 0], [70, 137], [-149, -274]]
[[1, 0], [70, 137], [-214, -411]]
[[1, 0], [70, 137], [-295, -548]]
[[1, 0], [70, 137], [-359, -685]]
[[1, 0], [70, 137], [-427, -822]]
[[1, 0], [70, 207], [-344, -207]]
[[1, 0], [70, 207], [-551, -414]]
[[1, 0], [70, 411], [-143, -822]]
[[1, 0], [700, 1233], [-701, -1233]]
[[1, 0], [701, 822], [-703, -822]]
[[1, 0], [707, 822], [-709, -822]]
[[1, 0], [71, 137], [-151, -274]]
[[1, 0], [71, 137], [-217, -411]]
[[1, 0], [71, 137], [-299, -548]]
[[1, 0], [71, 137], [-364, -685]]
[[1, 0], [71, 137], [-433, -822]]
[[1, 0], [71, 274], [-109, -411]]
[[1, 0], [71, 274], [-151, -548]]
[[1, 0], [71, 274], [-217, -822]]
[[1, 0], [71, 274], [-77, -274]]
[[1, 0], [71, 411], [-145, -822]]
[[1, 0], [71, 685], [-74, -685]]
[[1, 0], [713, 822], [-715, -822]]
[[1, 0], [719, 822], [-721, -822]]
[[1, 0], [72, 137], [-153, -274]]
[[1, 0], [72, 137], [-220, -411]]
[[1, 0], [72, 137], [-303, -548]]
[[1, 0], [72, 137], [-369, -685]]
[[1, 0], [72, 137], [-439, -822]]
[[1, 0], [724, 1233], [-725, -1233]]
[[1, 0], [725, 822], [-727, -822]]
[[1, 0], [727, 1233], [-728, -1233]]
[[1, 0], [73, 108], [-143, -144]]
[[1, 0], [73, 137], [-155, -274]]
[[1, 0], [73, 137], [-223, -411]]
[[1, 0], [73, 137], [-307, -548]]
[[1, 0], [73, 137], [-374, -685]]
[[1, 0], [73, 137], [-445, -822]]
[[1, 0], [73, 274], [-112, -411]]
[[1, 0], [73, 274], [-155, -548]]
[[1, 0], [73, 274], [-223, -822]]
[[1, 0], [73, 274], [-79, -274]]
[[1, 0], [73, 411], [-149, -822]]
[[1, 0], [73, 548], [-79, -548]]
[[1, 0], [731, 822], [-733, -822]]
[[1, 0], [733, 1233], [-734, -1233]]
[[1, 0], [737, 822], [-739, -822]]
[[1, 0], [74, 137], [-157, -274]]
[[1, 0], [74, 137], [-226, -411]]
[[1, 0], [74, 137], [-311, -548]]
[[1, 0], [74, 137], [-379, -685]]
[[1, 0], [74, 137], [-451, -822]]
[[1, 0], [74, 411], [-151, -822]]
[[1, 0], [743, 822], [-745, -822]]
[[1, 0], [749, 822], [-751, -822]]
[[1, 0], [75, 137], [-159, -274]]
[[1, 0], [75, 137], [-229, -411]]
[[1, 0], [75, 137], [-315, -548]]
[[1, 0], [75, 137], [-384, -685]]
[[1, 0], [75, 137], [-457, -822]]
[[1, 0], [75, 274], [-115, -411]]
[[1, 0], [75, 274], [-159, -548]]
[[1, 0], [75, 274], [-229, -822]]
[[1, 0], [75, 274], [-81, -274]]
[[1, 0], [751, 1233], [-752, -1233]]
[[1, 0], [755, 822], [-757, -822]]
[[1, 0], [76, 137], [-161, -274]]
[[1, 0], [76, 137], [-232, -411]]
[[1, 0], [76, 137], [-319, -548]]
[[1, 0], [76, 137], [-389, -685]]
[[1, 0], [76, 137], [-463, -822]]
[[1, 0], [76, 411], [-155, -822]]
[[1, 0], [76, 685], [-79, -685]]
[[1, 0], [761, 822], [-763, -822]]
[[1, 0], [767, 822], [-769, -822]]
[[1, 0], [769, 1233], [-770, -1233]]
[[1, 0], [77, 137], [-163, -274]]
[[1, 0], [77, 137], [-235, -411]]
[[1, 0], [77, 137], [-323, -548]]
[[1, 0], [77, 137], [-394, -685]]
[[1, 0], [77, 137], [-469, -822]]
[[1, 0], [77, 274], [-118, -411]]
[[1, 0], [77, 274], [-163, -548]]
[[1, 0], [77, 274], [-235, -822]]
[[1, 0], [77, 274], [-83, -274]]
[[1, 0], [77, 411], [-157, -822]]
[[1, 0], [77, 548], [-83, -548]]
[[1, 0], [773, 822], [-775, -822]]
[[1, 0], [779, 822], [-781, -822]]
[[1, 0], [78, 137], [-165, -274]]
[[1, 0], [78, 137], [-238, -411]]
[[1, 0], [78, 137], [-327, -548]]
[[1, 0], [78, 137], [-399, -685]]
[[1, 0], [78, 137], [-475, -822]]
[[1, 0], [781, 1233], [-782, -1233]]
[[1, 0], [785, 822], [-787, -822]]
[[1, 0], [787, 1233], [-788, -1233]]
[[1, 0], [79, 1233], [-80, -1233]]
[[1, 0], [79, 137], [-167, -274]]
[[1, 0], [79, 137], [-241, -411]]
[[1, 0], [79, 137], [-331, -548]]
[[1, 0], [79, 137], [-404, -685]]
[[1, 0], [79, 137], [-481, -822]]
[[1, 0], [79, 274], [-121, -411]]
[[1, 0], [79, 274], [-167, -548]]
[[1, 0], [79, 274], [-241, -822]]
[[1, 0], [79, 274], [-85, -274]]
[[1, 0], [79, 411], [-161, -822]]
[[1, 0], [790, 1233], [-791, -1233]]
[[1, 0], [791, 822], [-793, -822]]
[[1, 0], [797, 822], [-799, -822]]
[[1, 0], [8, 137], [-11, -137]]
[[1, 0], [8, 137], [-14, -137]]
[[1, 0], [8, 137], [-25, -274]]
[[1, 0], [8, 137], [-28, -411]]
[[1, 0], [8, 137], [-47, -548]]
[[1, 0], [8, 137], [-49, -685]]
[[1, 0], [8, 137], [-55, -822]]
[[1, 0], [8, 21], [-199, -60]]
[[1, 0], [8, 21], [-314, -105]]
[[1, 0], [8, 21], [-47, -72]]
[[1, 0], [8, 411], [-19, -822]]
[[1, 0], [80, 137], [-169, -274]]
[[1, 0], [80, 137], [-244, -411]]
[[1, 0], [80, 137], [-335, -548]]
[[1, 0], [80, 137], [-409, -685]]
[[1, 0], [80, 137], [-487, -822]]
[[1, 0], [80, 411], [-163, -822]]
[[1, 0], [803, 822], [-805, -822]]
[[1, 0], [809, 822], [-811, -822]]
[[1, 0], [81, 137], [-171, -274]]
[[1, 0], [81, 137], [-247, -411]]
[[1, 0], [81, 137], [-339, -548]]
[[1, 0], [81, 137], [-414, -685]]
[[1, 0], [81, 137], [-493, -822]]
[[1, 0], [81, 274], [-124, -411]]
[[1, 0], [81, 274], [-171, -548]]
[[1, 0], [81, 274], [-247, -822]]
[[1, 0], [81, 274], [-87, -274]]
[[1, 0], [81, 548], [-87, -548]]
[[1, 0], [81, 685], [-84, -685]]
[[1, 0], [815, 822], [-817, -822]]
[[1, 0], [817, 1233], [-818, -1233]]
[[1, 0], [82, 1233], [-83, -1233]]
[[1, 0], [82, 137], [-173, -274]]
[[1, 0], [82, 137], [-250, -411]]
[[1, 0], [82, 137], [-343, -548]]
[[1, 0], [82, 137], [-419, -685]]
[[1, 0], [82, 137], [-499, -822]]
[[1, 0], [82, 411], [-167, -822]]
[[1, 0], [821, 822], [-823, -822]]
[[1, 0], [83, 137], [-175, -274]]
[[1, 0], [83, 137], [-253, -411]]
[[1, 0], [83, 137], [-347, -548]]
[[1, 0], [83, 137], [-424, -685]]
[[1, 0], [83, 137], [-505, -822]]
[[1, 0], [83, 274], [-127, -411]]
[[1, 0], [83, 274], [-175, -548]]
[[1, 0], [83, 274], [-253, -822]]
[[1, 0], [83, 274], [-89, -274]]
[[1, 0], [83, 411], [-169, -822]]
[[1, 0], [835, 1233], [-836, -1233]]
[[1, 0], [84, 137], [-177, -274]]
[[1, 0], [84, 137], [-256, -411]]
[[1, 0], [84, 137], [-351, -548]]
[[1, 0], [84, 137], [-429, -685]]
[[1, 0], [84, 137], [-511, -822]]
[[1, 0], [841, 1233], [-842, -1233]]
[[1, 0], [85, 137], [-179, -274]]
[[1, 0], [85, 137], [-259, -411]]
[[1, 0], [85, 137], [-355, -548]]
[[1, 0], [85, 137], [-434, -685]]
[[1, 0], [85, 137], [-517, -822]]
[[1, 0], [85, 274], [-130, -411]]
[[1, 0], [85, 274], [-179, -548]]
[[1, 0], [85, 274], [-259, -822]]
[[1, 0], [85, 274], [-91, -274]]
[[1, 0], [85, 411], [-173, -822]]
[[1, 0], [85, 548], [-91, -548]]
[[1, 0], [86, 137], [-181, -274]]
[[1, 0], [86, 137], [-262, -411]]
[[1, 0], [86, 137], [-359, -548]]
[[1, 0], [86, 137], [-439, -685]]
[[1, 0], [86, 137], [-523, -822]]
[[1, 0], [86, 411], [-175, -822]]
[[1, 0], [86, 685], [-89, -685]]
[[1, 0], [862, 1233], [-863, -1233]]
[[1, 0], [87, 137], [-183, -274]]
[[1, 0], [87, 137], [-265, -411]]
[[1, 0], [87, 137], [-363, -548]]
[[1, 0], [87, 137], [-444, -685]]
[[1, 0], [87, 137], [-529, -822]]
[[1, 0], [87, 274], [-133, -411]]
[[1, 0], [87, 274], [-183, -548]]
[[1, 0], [87, 274], [-265, -822]]
[[1, 0], [87, 274], [-93, -274]]
[[1, 0], [88, 1233], [-89, -1233]]
[[1, 0], [88, 137], [-185, -274]]
[[1, 0], [88, 137], [-268, -411]]
[[1, 0], [88, 137], [-367, -548]]
[[1, 0], [88, 137], [-449, -685]]
[[1, 0], [88, 137], [-535, -822]]
[[1, 0], [88, 411], [-179, -822]]
[[1, 0], [880, 1233], [-881, -1233]]
[[1, 0], [89, 137], [-187, -274]]
[[1, 0], [89, 137], [-271, -411]]
[[1, 0], [89, 137], [-371, -548]]
[[1, 0], [89, 137], [-454, -685]]
[[1, 0], [89, 137], [-541, -822]]
[[1, 0], [89, 274], [-136, -411]]
[[1, 0], [89, 274], [-187, -548]]
[[1, 0], [89, 274], [-271, -822]]
[[1, 0], [89, 274], [-95, -274]]
[[1, 0], [89, 411], [-181, -822]]
[[1, 0], [89, 548], [-95, -548]]
[[1, 0], [9, 137], [-12, -137]]
[[1, 0], [9, 137], [-27, -274]]
[[1, 0], [9, 137], [-31, -411]]
[[1, 0], [9, 137], [-51, -548]]
[[1, 0], [9, 137], [-54, -685]]
[[1, 0], [9, 137], [-61, -822]]
[[1, 0], [9, 274], [-16, -411]]
[[1, 0], [9, 274], [-27, -548]]
[[1, 0], [9, 274], [-31, -822]]
[[1, 0], [90, 137], [-189, -274]]
[[1, 0], [90, 137], [-375, -548]]
[[1, 0], [90, 137], [-459, -685]]
[[1, 0], [90, 137], [-547, -822]]
[[1, 0], [91, 137], [-191, -274]]
[[1, 0], [91, 137], [-277, -411]]
[[1, 0], [91, 137], [-379, -548]]
[[1, 0], [91, 137], [-464, -685]]
[[1, 0], [91, 137], [-553, -822]]
[[1, 0], [91, 274], [-139, -411]]
[[1, 0], [91, 274], [-191, -548]]
[[1, 0], [91, 274], [-277, -822]]
[[1, 0], [91, 274], [-97, -274]]
[[1, 0], [91, 411], [-185, -822]]
[[1, 0], [91, 685], [-94, -685]]
[[1, 0], [92, 137], [-193, -274]]
[[1, 0], [92, 137], [-280, -411]]
[[1, 0], [92, 137], [-383, -548]]
[[1, 0], [92, 137], [-469, -685]]
[[1, 0], [92, 137], [-559, -822]]
[[1, 0], [92, 411], [-187, -822]]
[[1, 0], [93, 137], [-195, -274]]
[[1, 0], [93, 137], [-283, -411]]
[[1, 0], [93, 137], [-387, -548]]
[[1, 0], [93, 137], [-474, -685]]
[[1, 0], [93, 137], [-565, -822]]
[[1, 0], [93, 274], [-142, -411]]
[[1, 0], [93, 274], [-195, -548]]
[[1, 0], [93, 274], [-283, -822]]
[[1, 0], [93, 274], [-99, -274]]
[[1, 0], [93, 548], [-99, -548]]
[[1, 0], [94, 137], [-197, -274]]
[[1, 0], [94, 137], [-286, -411]]
[[1, 0], [94, 137], [-391, -548]]
[[1, 0], [94, 137], [-479, -685]]
[[1, 0], [94, 137], [-571, -822]]
[[1, 0], [94, 411], [-191, -822]]
[[1, 0], [940, 1233], [-941, -1233]]
[[1, 0], [95, 137], [-199, -274]]
[[1, 0], [95, 137], [-289, -411]]
[[1, 0], [95, 137], [-395, -548]]
[[1, 0], [95, 137], [-484, -685]]
[[1, 0], [95, 137], [-577, -822]]
[[1, 0], [95, 141], [-422, -423]]
[[1, 0], [95, 274], [-101, -274]]
[[1, 0], [95, 274], [-145, -411]]
[[1, 0], [95, 274], [-199, -548]]
[[1, 0], [95, 274], [-289, -822]]
[[1, 0], [95, 411], [-193, -822]]
[[1, 0], [96, 137], [-201, -274]]
[[1, 0], [96, 137], [-292, -411]]
[[1, 0], [96, 137], [-399, -548]]
[[1, 0], [96, 137], [-489, -685]]
[[1, 0], [96, 137], [-583, -822]]
[[1, 0], [96, 685], [-99, -685]]
[[1, 0], [961, 1233], [-962, -1233]]
[[1, 0], [97, 1233], [-98, -1233]]
[[1, 0], [97, 137], [-203, -274]]
[[1, 0], [97, 137], [-295, -411]]
[[1, 0], [97, 137], [-403, -548]]
[[1, 0], [97, 137], [-494, -685]]
[[1, 0], [97, 137], [-589, -822]]
[[1, 0], [97, 274], [-103, -274]]
[[1, 0], [97, 274], [-148, -411]]
[[1, 0], [97, 274], [-203, -548]]
[[1, 0], [97, 274], [-295, -822]]
[[1, 0], [97, 411], [-197, -822]]
[[1, 0], [97, 548], [-103, -548]]
[[1, 0], [98, 137], [-205, -274]]
[[1, 0], [98, 137], [-298, -411]]
[[1, 0], [98, 137], [-407, -548]]
[[1, 0], [98, 137], [-499, -685]]
[[1, 0], [98, 137], [-595, -822]]
[[1, 0], [98, 411], [-199, -822]]
[[1, 0], [99, 137], [-207, -274]]
[[1, 0], [99, 137], [-301, -411]]
[[1, 0], [99, 137], [-504, -685]]
[[1, 0], [99, 137], [-601, -822]]
[[1, 0], [99, 274], [-105, -274]]
[[1, 0], [99, 274], [-151, -411]]
[[1, 0], [99, 274], [-207, -548]]
[[1, 0], [99, 274], [-301, -822]]
[[1, 0], [994, 1233], [-995, -1233]]
