[[1, 0], [0, 1], [-104, -23]]
[[1, 0], [0, 1], [-1079, -414]]
[[1, 0], [0, 1], [-1196, -171]]
[[1, 0], [0, 1], [-1196, -19]]
[[1, 0], [0, 1], [-1196, -399]]
[[1, 0], [0, 1], [-1196, -3]]
[[1, 0], [0, 1], [-1196, -63]]
[[1, 0], [0, 1], [-1196, -7]]
[[1, 0], [0, 1], [-1219, -52]]
[[1, 0], [0, 1], [-1274, -391]]
[[1, 0], [0, 1], [-1449, -377]]
[[1, 0], [0, 1], [-1495, -34]]
[[1, 0], [0, 1], [-1495, -374]]
[[1, 0], [0, 1], [-1495, -44]]
[[1, 0], [0, 1], [-1495, -4]]
[[1, 0], [0, 1], [-15249, -305]]
[[1, 0], [0, 1], [-15249, -50]]
[[1, 0], [0, 1], [-156, -23]]
[[1, 0], [0, 1], [-1599, -368]]
[[1, 0], [0, 1], [-161, -13]]
[[1, 0], [0, 1], [-1679, -364]]
[[1, 0], [0, 1], [-1794, -359]]
[[1, 0], [0, 1], [-1794, -5]]
[[1, 0], [0, 1], [-1817, -78]]
[[1, 0], [0, 1], [-182, -69]]
[[1, 0], [0, 1], [-18239, -304]]
[[1, 0], [0, 1], [-18239, -60]]
[[1, 0], [0, 1], [-2024, -351]]
[[1, 0], [0, 1], [-2093, -349]]
[[1, 0], [0, 1], [-2093, -6]]
[[1, 0], [0, 1], [-2106, -161]]
[[1, 0], [0, 1], [-2249, -345]]
[[1, 0], [0, 1], [-22724, -303]]
[[1, 0], [0, 1], [-22724, -75]]
[[1, 0], [0, 1], [-23, -13]]
[[1, 0], [0, 1], [-230, -39]]
[[1, 0], [0, 1], [-2415, -104]]
[[1, 0], [0, 1], [-2599, -338]]
[[1, 0], [0, 1], [-26, -23]]
[[1, 0], [0, 1], [-299, -100]]
[[1, 0], [0, 1], [-299, -10]]
[[1, 0], [0, 1], [-299, -150]]
[[1, 0], [0, 1], [-299, -15]]
[[1, 0], [0, 1], [-299, -1]]
[[1, 0], [0, 1], [-299, -20]]
[[1, 0], [0, 1], [-299, -2]]
[[1, 0], [0, 1], [-299, -30]]
[[1, 0], [0, 1], [-299, -3]]
[[1, 0], [0, 1], [-299, -4]]
[[1, 0], [0, 1], [-299, -50]]
[[1, 0], [0, 1], [-299, -5]]
[[1, 0], [0, 1], [-299, -60]]
[[1, 0], [0, 1], [-299, -6]]
[[1, 0], [0, 1], [-299, -75]]
[[1, 0], [0, 1], [-300, -299]]
[[1, 0], [0, 1], [-30199, -100]]
[[1, 0], [0, 1], [-30199, -302]]
[[1, 0], [0, 1], [-312, -23]]
[[1, 0], [0, 1], [-322, -13]]
[[1, 0], [0, 1], [-3289, -10]]
[[1, 0], [0, 1], [-3289, -329]]
[[1, 0], [0, 1], [-3611, -156]]
[[1, 0], [0, 1], [-3749, -325]]
[[1, 0], [0, 1], [-3887, -12]]
[[1, 0], [0, 1], [-3887, -324]]
[[1, 0], [0, 1], [-39, -23]]
[[1, 0], [0, 1], [-403, -92]]
[[1, 0], [0, 1], [-4199, -322]]
[[1, 0], [0, 1], [-429, -230]]
[[1, 0], [0, 1], [-45149, -150]]
[[1, 0], [0, 1], [-45149, -301]]
[[1, 0], [0, 1], [-455, -69]]
[[1, 0], [0, 1], [-46, -13]]
[[1, 0], [0, 1], [-4784, -15]]
[[1, 0], [0, 1], [-4784, -319]]
[[1, 0], [0, 1], [-52, -23]]
[[1, 0], [0, 1], [-598, -1]]
[[1, 0], [0, 1], [-599, -598]]
[[1, 0], [0, 1], [-611, -46]]
[[1, 0], [0, 1], [-621, -26]]
[[1, 0], [0, 1], [-624, -575]]
[[1, 0], [0, 1], [-6279, -20]]
[[1, 0], [0, 1], [-6279, -314]]
[[1, 0], [0, 1], [-644, -195]]
[[1, 0], [0, 1], [-644, -559]]
[[1, 0], [0, 1], [-6578, -153]]
[[1, 0], [0, 1], [-6578, -43]]
[[1, 0], [0, 1], [-689, -529]]
[[1, 0], [0, 1], [-69, -26]]
[[1, 0], [0, 1], [-69, -65]]
[[1, 0], [0, 1], [-7199, -312]]
[[1, 0], [0, 1], [-754, -115]]
[[1, 0], [0, 1], [-759, -494]]
[[1, 0], [0, 1], [-759, -65]]
[[1, 0], [0, 1], [-7774, -25]]
[[1, 0], [0, 1], [-7774, -311]]
[[1, 0], [0, 1], [-78, -23]]
[[1, 0], [0, 1], [-874, -455]]
[[1, 0], [0, 1], [-897, -2]]
[[1, 0], [0, 1], [-897, -449]]
[[1, 0], [0, 1], [-89999, -300]]
[[1, 0], [0, 1], [-92, -39]]
[[1, 0], [0, 1], [-920, -39]]
[[1, 0], [0, 1], [-9269, -309]]
[[1, 0], [0, 1], [-9269, -30]]
[[1, 0], [0, 1], [-949, -437]]
[[1, 0], [0, 1], [-989, -429]]
[[1, 0], [1, 100], [-1199, -300]]
[[1, 0], [1, 100], [-599, -100]]
[[1, 0], [1, 100], [-749, -150]]
[[1, 0], [1, 101], [-302, -303]]
[[1, 0], [1, 104], [-47, -104]]
[[1, 0], [1, 104], [-59, -156]]
[[1, 0], [1, 104], [-95, -312]]
[[1, 0], [1, 10], [-1049, -25]]
[[1, 0], [1, 10], [-1199, -30]]
[[1, 0], [1, 10], [-15, -46]]
[[1, 0], [1, 10], [-1799, -50]]
[[1, 0], [1, 10], [-20, -39]]
[[1, 0], [1, 10], [-2099, -60]]
[[1, 0], [1, 10], [-2549, -75]]
[[1, 0], [1, 10], [-3299, -100]]
[[1, 0], [1, 10], [-464, -155]]
[[1, 0], [1, 10], [-4799, -150]]
[[1, 0], [1, 10], [-59, -130]]
[[1, 0], [1, 10], [-599, -10]]
[[1, 0], [1, 10], [-63, -32]]
[[1, 0], [1, 10], [-659, -12]]
[[1, 0], [1, 10], [-749, -15]]
[[1, 0], [1, 10], [-899, -20]]
[[1, 0], [1, 10], [-9299, -300]]
[[1, 0], [1, 115], [-14, -115]]
[[1, 0], [1, 115], [-29, -345]]
[[1, 0], [1, 11], [-11, -52]]
[[1, 0], [1, 11], [-131, -429]]
[[1, 0], [1, 11], [-14, -39]]
[[1, 0], [1, 11], [-30, -31]]
[[1, 0], [1, 11], [-329, -330]]
[[1, 0], [1, 11], [-57, -29]]
[[1, 0], [1, 12], [-101, -39]]
[[1, 0], [1, 12], [-1049, -30]]
[[1, 0], [1, 12], [-127, -52]]
[[1, 0], [1, 12], [-1549, -50]]
[[1, 0], [1, 12], [-179, -78]]
[[1, 0], [1, 12], [-1799, -60]]
[[1, 0], [1, 12], [-2174, -75]]
[[1, 0], [1, 12], [-231, -104]]
[[1, 0], [1, 12], [-2799, -100]]
[[1, 0], [1, 12], [-3, -13]]
[[1, 0], [1, 12], [-335, -156]]
[[1, 0], [1, 12], [-4049, -150]]
[[1, 0], [1, 12], [-49, -13]]
[[1, 0], [1, 12], [-599, -12]]
[[1, 0], [1, 12], [-647, -312]]
[[1, 0], [1, 12], [-674, -15]]
[[1, 0], [1, 12], [-75, -26]]
[[1, 0], [1, 12], [-7799, -300]]
[[1, 0], [1, 12], [-799, -20]]
[[1, 0], [1, 12], [-924, -25]]
[[1, 0], [1, 138], [-8, -207]]
[[1, 0], [1, 13], [-119, -52]]
[[1, 0], [1, 13], [-123, -403]]
[[1, 0], [1, 13], [-144, -377]]
[[1, 0], [1, 13], [-167, -78]]
[[1, 0], [1, 13], [-188, -351]]
[[1, 0], [1, 13], [-215, -104]]
[[1, 0], [1, 13], [-233, -338]]
[[1, 0], [1, 13], [-24, -13]]
[[1, 0], [1, 13], [-27, -52]]
[[1, 0], [1, 13], [-29, -78]]
[[1, 0], [1, 13], [-31, -104]]
[[1, 0], [1, 13], [-311, -156]]
[[1, 0], [1, 13], [-324, -325]]
[[1, 0], [1, 13], [-35, -156]]
[[1, 0], [1, 13], [-47, -13]]
[[1, 0], [1, 13], [-47, -299]]
[[1, 0], [1, 13], [-599, -312]]
[[1, 0], [1, 13], [-71, -26]]
[[1, 0], [1, 13], [-74, -65]]
[[1, 0], [1, 13], [-83, -182]]
[[1, 0], [1, 13], [-93, -598]]
[[1, 0], [1, 13], [-95, -39]]
[[1, 0], [1, 14], [-15, -26]]
[[1, 0], [1, 14], [-174, -161]]
[[1, 0], [1, 14], [-335, -322]]
[[1, 0], [1, 14], [-36, -23]]
[[1, 0], [1, 14], [-41, -91]]
[[1, 0], [1, 14], [-59, -46]]
[[1, 0], [1, 14], [-7, -46]]
[[1, 0], [1, 14], [-87, -22]]
[[1, 0], [1, 150], [-599, -150]]
[[1, 0], [1, 150], [-899, -300]]
[[1, 0], [1, 151], [-301, -302]]
[[1, 0], [1, 156], [-47, -156]]
[[1, 0], [1, 156], [-71, -312]]
[[1, 0], [1, 15], [-1299, -50]]
[[1, 0], [1, 15], [-1499, -60]]
[[1, 0], [1, 15], [-17, -117]]
[[1, 0], [1, 15], [-179, -345]]
[[1, 0], [1, 15], [-1799, -75]]
[[1, 0], [1, 15], [-18, -23]]
[[1, 0], [1, 15], [-2299, -100]]
[[1, 0], [1, 15], [-3299, -150]]
[[1, 0], [1, 15], [-41, -69]]
[[1, 0], [1, 15], [-59, -195]]
[[1, 0], [1, 15], [-599, -15]]
[[1, 0], [1, 15], [-6299, -300]]
[[1, 0], [1, 15], [-64, -115]]
[[1, 0], [1, 15], [-699, -20]]
[[1, 0], [1, 15], [-799, -25]]
[[1, 0], [1, 15], [-899, -30]]
[[1, 0], [1, 161], [-27, -161]]
[[1, 0], [1, 161], [-41, -322]]
[[1, 0], [1, 169], [-25, -338]]
[[1, 0], [1, 16], [-12, -23]]
[[1, 0], [1, 16], [-1215, -304]]
[[1, 0], [1, 16], [-127, -368]]
[[1, 0], [1, 16], [-132, -19]]
[[1, 0], [1, 16], [-20, -21]]
[[1, 0], [1, 16], [-319, -320]]
[[1, 0], [1, 16], [-35, -92]]
[[1, 0], [1, 16], [-95, -416]]
[[1, 0], [1, 17], [-101, -391]]
[[1, 0], [1, 17], [-305, -102]]
[[1, 0], [1, 17], [-5, -39]]
[[1, 0], [1, 17], [-89, -18]]
[[1, 0], [1, 17], [-9, -23]]
[[1, 0], [1, 184], [-15, -368]]
[[1, 0], [1, 18], [-44, -207]]
[[1, 0], [1, 19], [-303, -76]]
[[1, 0], [1, 19], [-5, -26]]
[[1, 0], [1, 19], [-6, -23]]
[[1, 0], [1, 19], [-75, -437]]
[[1, 0], [1, 20], [-1049, -50]]
[[1, 0], [1, 20], [-1199, -60]]
[[1, 0], [1, 20], [-1424, -75]]
[[1, 0], [1, 20], [-15, -92]]
[[1, 0], [1, 20], [-1799, -100]]
[[1, 0], [1, 20], [-2549, -150]]
[[1, 0], [1, 20], [-4799, -300]]
[[1, 0], [1, 20], [-599, -20]]
[[1, 0], [1, 20], [-63, -64]]
[[1, 0], [1, 20], [-674, -25]]
[[1, 0], [1, 20], [-749, -30]]
[[1, 0], [1, 20], [-9, -65]]
[[1, 0], [1, 21], [-314, -315]]
[[1, 0], [1, 21], [-62, -483]]
[[1, 0], [1, 22], [-153, -77]]
[[1, 0], [1, 22], [-4, -23]]
[[1, 0], [1, 23], [-111, -161]]
[[1, 0], [1, 23], [-119, -345]]
[[1, 0], [1, 23], [-14, -23]]
[[1, 0], [1, 23], [-15, -46]]
[[1, 0], [1, 23], [-20, -161]]
[[1, 0], [1, 23], [-209, -322]]
[[1, 0], [1, 23], [-27, -23]]
[[1, 0], [1, 23], [-27, -299]]
[[1, 0], [1, 23], [-29, -69]]
[[1, 0], [1, 23], [-35, -207]]
[[1, 0], [1, 23], [-41, -46]]
[[1, 0], [1, 23], [-44, -115]]
[[1, 0], [1, 23], [-47, -184]]
[[1, 0], [1, 23], [-53, -598]]
[[1, 0], [1, 23], [-59, -460]]
[[1, 0], [1, 24], [-101, -78]]
[[1, 0], [1, 24], [-127, -104]]
[[1, 0], [1, 24], [-179, -156]]
[[1, 0], [1, 24], [-3, -26]]
[[1, 0], [1, 24], [-335, -312]]
[[1, 0], [1, 24], [-49, -26]]
[[1, 0], [1, 24], [-62, -39]]
[[1, 0], [1, 24], [-75, -52]]
[[1, 0], [1, 25], [-1019, -60]]
[[1, 0], [1, 25], [-1199, -75]]
[[1, 0], [1, 25], [-1499, -100]]
[[1, 0], [1, 25], [-174, -325]]
[[1, 0], [1, 25], [-2099, -150]]
[[1, 0], [1, 25], [-3899, -300]]
[[1, 0], [1, 25], [-44, -65]]
[[1, 0], [1, 25], [-49, -575]]
[[1, 0], [1, 25], [-599, -25]]
[[1, 0], [1, 25], [-659, -30]]
[[1, 0], [1, 25], [-899, -50]]
[[1, 0], [1, 26], [-119, -104]]
[[1, 0], [1, 26], [-14, -65]]
[[1, 0], [1, 26], [-167, -156]]
[[1, 0], [1, 26], [-24, -299]]
[[1, 0], [1, 26], [-31, -208]]
[[1, 0], [1, 26], [-311, -312]]
[[1, 0], [1, 26], [-47, -26]]
[[1, 0], [1, 26], [-47, -598]]
[[1, 0], [1, 26], [-59, -39]]
[[1, 0], [1, 26], [-64, -169]]
[[1, 0], [1, 26], [-71, -52]]
[[1, 0], [1, 26], [-83, -364]]
[[1, 0], [1, 26], [-95, -78]]
[[1, 0], [1, 27], [-35, -117]]
[[1, 0], [1, 28], [-15, -52]]
[[1, 0], [1, 28], [-41, -182]]
[[1, 0], [1, 28], [-7, -92]]
[[1, 0], [1, 28], [-87, -44]]
[[1, 0], [1, 299], [-2, -299]]
[[1, 0], [1, 299], [-3, -299]]
[[1, 0], [1, 299], [-5, -598]]
[[1, 0], [1, 2], [-1049, -5]]
[[1, 0], [1, 2], [-1140, -161]]
[[1, 0], [1, 2], [-11549, -75]]
[[1, 0], [1, 2], [-1199, -6]]
[[1, 0], [1, 2], [-1215, -38]]
[[1, 0], [1, 2], [-127, -46]]
[[1, 0], [1, 2], [-1271, -104]]
[[1, 0], [1, 2], [-1367, -342]]
[[1, 0], [1, 2], [-15299, -100]]
[[1, 0], [1, 2], [-153, -7]]
[[1, 0], [1, 2], [-171, -43]]
[[1, 0], [1, 2], [-174, -23]]
[[1, 0], [1, 2], [-179, -13]]
[[1, 0], [1, 2], [-1799, -10]]
[[1, 0], [1, 2], [-18, -13]]
[[1, 0], [1, 2], [-1895, -156]]
[[1, 0], [1, 2], [-2099, -12]]
[[1, 0], [1, 2], [-2267, -322]]
[[1, 0], [1, 2], [-22799, -150]]
[[1, 0], [1, 2], [-251, -138]]
[[1, 0], [1, 2], [-2549, -15]]
[[1, 0], [1, 2], [-300, -299]]
[[1, 0], [1, 2], [-303, -8]]
[[1, 0], [1, 2], [-319, -40]]
[[1, 0], [1, 2], [-3299, -20]]
[[1, 0], [1, 2], [-335, -26]]
[[1, 0], [1, 2], [-335, -46]]
[[1, 0], [1, 2], [-359, -120]]
[[1, 0], [1, 2], [-3767, -312]]
[[1, 0], [1, 2], [-399, -200]]
[[1, 0], [1, 2], [-4049, -25]]
[[1, 0], [1, 2], [-41, -13]]
[[1, 0], [1, 2], [-44, -23]]
[[1, 0], [1, 2], [-45299, -300]]
[[1, 0], [1, 2], [-464, -31]]
[[1, 0], [1, 2], [-4799, -30]]
[[1, 0], [1, 2], [-491, -39]]
[[1, 0], [1, 2], [-495, -184]]
[[1, 0], [1, 2], [-59, -26]]
[[1, 0], [1, 2], [-599, -2]]
[[1, 0], [1, 2], [-599, -598]]
[[1, 0], [1, 2], [-647, -52]]
[[1, 0], [1, 2], [-659, -460]]
[[1, 0], [1, 2], [-6731, -306]]
[[1, 0], [1, 2], [-740, -169]]
[[1, 0], [1, 2], [-749, -3]]
[[1, 0], [1, 2], [-7700, -151]]
[[1, 0], [1, 2], [-7799, -50]]
[[1, 0], [1, 2], [-839, -390]]
[[1, 0], [1, 2], [-899, -4]]
[[1, 0], [1, 2], [-9299, -60]]
[[1, 0], [1, 2], [-95, -52]]
[[1, 0], [1, 2], [-959, -78]]
[[1, 0], [1, 300], [-599, -300]]
[[1, 0], [1, 301], [-300, -301]]
[[1, 0], [1, 30], [-1049, -75]]
[[1, 0], [1, 30], [-1299, -100]]
[[1, 0], [1, 30], [-1799, -150]]
[[1, 0], [1, 30], [-3299, -300]]
[[1, 0], [1, 30], [-59, -390]]
[[1, 0], [1, 30], [-599, -30]]
[[1, 0], [1, 30], [-799, -50]]
[[1, 0], [1, 30], [-899, -60]]
[[1, 0], [1, 312], [-47, -312]]
[[1, 0], [1, 31], [-309, -310]]
[[1, 0], [1, 322], [-27, -322]]
[[1, 0], [1, 325], [-24, -325]]
[[1, 0], [1, 345], [-14, -345]]
[[1, 0], [1, 35], [-44, -45]]
[[1, 0], [1, 37], [-36, -481]]
[[1, 0], [1, 38], [-18, -247]]
[[1, 0], [1, 38], [-303, -152]]
[[1, 0], [1, 39], [-119, -156]]
[[1, 0], [1, 39], [-12, -169]]
[[1, 0], [1, 39], [-215, -312]]
[[1, 0], [1, 39], [-35, -468]]
[[1, 0], [1, 39], [-47, -39]]
[[1, 0], [1, 39], [-55, -52]]
[[1, 0], [1, 39], [-71, -78]]
[[1, 0], [1, 39], [-87, -104]]
[[1, 0], [1, 3], [-10299, -100]]
[[1, 0], [1, 3], [-127, -13]]
[[1, 0], [1, 3], [-1271, -156]]
[[1, 0], [1, 3], [-1299, -10]]
[[1, 0], [1, 3], [-134, -195]]
[[1, 0], [1, 3], [-135, -184]]
[[1, 0], [1, 3], [-1499, -12]]
[[1, 0], [1, 3], [-150, -151]]
[[1, 0], [1, 3], [-1529, -102]]
[[1, 0], [1, 3], [-15299, -150]]
[[1, 0], [1, 3], [-179, -69]]
[[1, 0], [1, 3], [-1799, -15]]
[[1, 0], [1, 3], [-189, -130]]
[[1, 0], [1, 3], [-2299, -20]]
[[1, 0], [1, 3], [-231, -26]]
[[1, 0], [1, 3], [-251, -207]]
[[1, 0], [1, 3], [-2519, -312]]
[[1, 0], [1, 3], [-2625, -101]]
[[1, 0], [1, 3], [-269, -117]]
[[1, 0], [1, 3], [-2799, -25]]
[[1, 0], [1, 3], [-294, -115]]
[[1, 0], [1, 3], [-30299, -300]]
[[1, 0], [1, 3], [-305, -18]]
[[1, 0], [1, 3], [-314, -45]]
[[1, 0], [1, 3], [-3299, -30]]
[[1, 0], [1, 3], [-335, -39]]
[[1, 0], [1, 3], [-35, -13]]
[[1, 0], [1, 3], [-359, -180]]
[[1, 0], [1, 3], [-435, -109]]
[[1, 0], [1, 3], [-439, -52]]
[[1, 0], [1, 3], [-449, -450]]
[[1, 0], [1, 3], [-5299, -50]]
[[1, 0], [1, 3], [-534, -107]]
[[1, 0], [1, 3], [-59, -39]]
[[1, 0], [1, 3], [-599, -3]]
[[1, 0], [1, 3], [-62, -69]]
[[1, 0], [1, 3], [-6299, -60]]
[[1, 0], [1, 3], [-64, -23]]
[[1, 0], [1, 3], [-647, -78]]
[[1, 0], [1, 3], [-699, -4]]
[[1, 0], [1, 3], [-7799, -75]]
[[1, 0], [1, 3], [-799, -5]]
[[1, 0], [1, 3], [-855, -104]]
[[1, 0], [1, 3], [-869, -345]]
[[1, 0], [1, 3], [-899, -6]]
[[1, 0], [1, 40], [-9, -130]]
[[1, 0], [1, 42], [-6, -91]]
[[1, 0], [1, 43], [-1203, -301]]
[[1, 0], [1, 43], [-300, -43]]
[[1, 0], [1, 44], [-153, -154]]
[[1, 0], [1, 45], [-4, -65]]
[[1, 0], [1, 46], [-111, -322]]
[[1, 0], [1, 46], [-14, -299]]
[[1, 0], [1, 46], [-15, -92]]
[[1, 0], [1, 46], [-27, -46]]
[[1, 0], [1, 46], [-27, -598]]
[[1, 0], [1, 46], [-35, -414]]
[[1, 0], [1, 46], [-47, -368]]
[[1, 0], [1, 46], [-62, -161]]
[[1, 0], [1, 46], [-8, -69]]
[[1, 0], [1, 46], [-9, -115]]
[[1, 0], [1, 48], [-3, -52]]
[[1, 0], [1, 4], [-100, -101]]
[[1, 0], [1, 4], [-101, -13]]
[[1, 0], [1, 4], [-1049, -10]]
[[1, 0], [1, 4], [-11549, -150]]
[[1, 0], [1, 4], [-1199, -12]]
[[1, 0], [1, 4], [-1215, -76]]
[[1, 0], [1, 4], [-127, -92]]
[[1, 0], [1, 4], [-132, -91]]
[[1, 0], [1, 4], [-1424, -15]]
[[1, 0], [1, 4], [-153, -14]]
[[1, 0], [1, 4], [-171, -86]]
[[1, 0], [1, 4], [-179, -26]]
[[1, 0], [1, 4], [-1799, -20]]
[[1, 0], [1, 4], [-1895, -312]]
[[1, 0], [1, 4], [-2174, -25]]
[[1, 0], [1, 4], [-22799, -300]]
[[1, 0], [1, 4], [-2549, -30]]
[[1, 0], [1, 4], [-257, -39]]
[[1, 0], [1, 4], [-303, -16]]
[[1, 0], [1, 4], [-319, -80]]
[[1, 0], [1, 4], [-335, -52]]
[[1, 0], [1, 4], [-35, -23]]
[[1, 0], [1, 4], [-399, -400]]
[[1, 0], [1, 4], [-4049, -50]]
[[1, 0], [1, 4], [-41, -26]]
[[1, 0], [1, 4], [-4799, -60]]
[[1, 0], [1, 4], [-491, -78]]
[[1, 0], [1, 4], [-495, -368]]
[[1, 0], [1, 4], [-5924, -75]]
[[1, 0], [1, 4], [-599, -4]]
[[1, 0], [1, 4], [-647, -104]]
[[1, 0], [1, 4], [-674, -5]]
[[1, 0], [1, 4], [-692, -77]]
[[1, 0], [1, 4], [-749, -6]]
[[1, 0], [1, 4], [-76, -143]]
[[1, 0], [1, 4], [-7799, -100]]
[[1, 0], [1, 4], [-84, -115]]
[[1, 0], [1, 4], [-9, -13]]
[[1, 0], [1, 4], [-95, -104]]
[[1, 0], [1, 4], [-959, -156]]
[[1, 0], [1, 50], [-1199, -150]]
[[1, 0], [1, 50], [-2099, -300]]
[[1, 0], [1, 50], [-599, -50]]
[[1, 0], [1, 50], [-659, -60]]
[[1, 0], [1, 50], [-749, -75]]
[[1, 0], [1, 50], [-899, -100]]
[[1, 0], [1, 51], [-305, -306]]
[[1, 0], [1, 52], [-167, -312]]
[[1, 0], [1, 52], [-31, -416]]
[[1, 0], [1, 52], [-47, -52]]
[[1, 0], [1, 52], [-59, -78]]
[[1, 0], [1, 52], [-71, -104]]
[[1, 0], [1, 52], [-8, -117]]
[[1, 0], [1, 52], [-95, -156]]
[[1, 0], [1, 598], [-3, -598]]
[[1, 0], [1, 5], [-1019, -12]]
[[1, 0], [1, 5], [-110, -69]]
[[1, 0], [1, 5], [-1199, -15]]
[[1, 0], [1, 5], [-1259, -315]]
[[1, 0], [1, 5], [-133, -67]]
[[1, 0], [1, 5], [-1499, -20]]
[[1, 0], [1, 5], [-15, -23]]
[[1, 0], [1, 5], [-17, -39]]
[[1, 0], [1, 5], [-174, -65]]
[[1, 0], [1, 5], [-179, -115]]
[[1, 0], [1, 5], [-1799, -25]]
[[1, 0], [1, 5], [-18299, -300]]
[[1, 0], [1, 5], [-2099, -30]]
[[1, 0], [1, 5], [-3299, -50]]
[[1, 0], [1, 5], [-374, -375]]
[[1, 0], [1, 5], [-3899, -60]]
[[1, 0], [1, 5], [-41, -23]]
[[1, 0], [1, 5], [-44, -13]]
[[1, 0], [1, 5], [-4799, -75]]
[[1, 0], [1, 5], [-49, -115]]
[[1, 0], [1, 5], [-524, -345]]
[[1, 0], [1, 5], [-55, -91]]
[[1, 0], [1, 5], [-59, -65]]
[[1, 0], [1, 5], [-599, -5]]
[[1, 0], [1, 5], [-6299, -100]]
[[1, 0], [1, 5], [-63, -16]]
[[1, 0], [1, 5], [-659, -6]]
[[1, 0], [1, 5], [-670, -61]]
[[1, 0], [1, 5], [-75, -76]]
[[1, 0], [1, 5], [-824, -325]]
[[1, 0], [1, 5], [-899, -10]]
[[1, 0], [1, 5], [-9299, -150]]
[[1, 0], [1, 60], [-1049, -150]]
[[1, 0], [1, 60], [-1799, -300]]
[[1, 0], [1, 60], [-599, -60]]
[[1, 0], [1, 60], [-674, -75]]
[[1, 0], [1, 60], [-799, -100]]
[[1, 0], [1, 61], [-304, -305]]
[[1, 0], [1, 65], [-24, -65]]
[[1, 0], [1, 65], [-29, -390]]
[[1, 0], [1, 65], [-6, -91]]
[[1, 0], [1, 65], [-74, -325]]
[[1, 0], [1, 69], [-14, -69]]
[[1, 0], [1, 69], [-19, -115]]
[[1, 0], [1, 69], [-20, -483]]
[[1, 0], [1, 69], [-44, -345]]
[[1, 0], [1, 69], [-7, -184]]
[[1, 0], [1, 6], [-1049, -15]]
[[1, 0], [1, 6], [-127, -26]]
[[1, 0], [1, 6], [-1271, -312]]
[[1, 0], [1, 6], [-1299, -20]]
[[1, 0], [1, 6], [-15299, -300]]
[[1, 0], [1, 6], [-1549, -25]]
[[1, 0], [1, 6], [-179, -39]]
[[1, 0], [1, 6], [-1799, -30]]
[[1, 0], [1, 6], [-231, -52]]
[[1, 0], [1, 6], [-251, -414]]
[[1, 0], [1, 6], [-2799, -50]]
[[1, 0], [1, 6], [-3299, -60]]
[[1, 0], [1, 6], [-335, -78]]
[[1, 0], [1, 6], [-359, -360]]
[[1, 0], [1, 6], [-4049, -75]]
[[1, 0], [1, 6], [-439, -104]]
[[1, 0], [1, 6], [-44, -69]]
[[1, 0], [1, 6], [-5299, -100]]
[[1, 0], [1, 6], [-59, -78]]
[[1, 0], [1, 6], [-599, -6]]
[[1, 0], [1, 6], [-6, -13]]
[[1, 0], [1, 6], [-60, -61]]
[[1, 0], [1, 6], [-647, -156]]
[[1, 0], [1, 6], [-75, -13]]
[[1, 0], [1, 6], [-7799, -150]]
[[1, 0], [1, 6], [-799, -10]]
[[1, 0], [1, 6], [-899, -12]]
[[1, 0], [1, 75], [-1499, -300]]
[[1, 0], [1, 75], [-599, -75]]
[[1, 0], [1, 75], [-699, -100]]
[[1, 0], [1, 75], [-899, -150]]
[[1, 0], [1, 76], [-303, -304]]
[[1, 0], [1, 78], [-119, -312]]
[[1, 0], [1, 78], [-14, -195]]
[[1, 0], [1, 78], [-47, -78]]
[[1, 0], [1, 78], [-55, -104]]
[[1, 0], [1, 78], [-71, -156]]
[[1, 0], [1, 7], [-105, -46]]
[[1, 0], [1, 7], [-1074, -43]]
[[1, 0], [1, 7], [-15, -13]]
[[1, 0], [1, 7], [-1539, -308]]
[[1, 0], [1, 7], [-29, -65]]
[[1, 0], [1, 7], [-300, -7]]
[[1, 0], [1, 7], [-314, -105]]
[[1, 0], [1, 7], [-335, -161]]
[[1, 0], [1, 7], [-349, -350]]
[[1, 0], [1, 7], [-44, -9]]
[[1, 0], [1, 7], [-50, -51]]
[[1, 0], [1, 7], [-59, -23]]
[[1, 0], [1, 7], [-62, -161]]
[[1, 0], [1, 7], [-657, -322]]
[[1, 0], [1, 7], [-6621, -301]]
[[1, 0], [1, 7], [-7, -23]]
[[1, 0], [1, 7], [-87, -11]]
[[1, 0], [1, 897], [-2, -897]]
[[1, 0], [1, 8], [-101, -26]]
[[1, 0], [1, 8], [-1215, -152]]
[[1, 0], [1, 8], [-127, -184]]
[[1, 0], [1, 8], [-140, -39]]
[[1, 0], [1, 8], [-171, -172]]
[[1, 0], [1, 8], [-179, -52]]
[[1, 0], [1, 8], [-20, -69]]
[[1, 0], [1, 8], [-257, -78]]
[[1, 0], [1, 8], [-319, -160]]
[[1, 0], [1, 8], [-335, -104]]
[[1, 0], [1, 8], [-35, -46]]
[[1, 0], [1, 8], [-491, -156]]
[[1, 0], [1, 8], [-62, -13]]
[[1, 0], [1, 8], [-9, -26]]
[[1, 0], [1, 8], [-95, -208]]
[[1, 0], [1, 8], [-959, -312]]
[[1, 0], [1, 91], [-27, -364]]
[[1, 0], [1, 92], [-15, -184]]
[[1, 0], [1, 92], [-9, -230]]
[[1, 0], [1, 9], [-134, -585]]
[[1, 0], [1, 9], [-1529, -306]]
[[1, 0], [1, 9], [-21, -46]]
[[1, 0], [1, 9], [-269, -351]]
[[1, 0], [1, 9], [-35, -39]]
[[1, 0], [1, 9], [-4, -13]]
[[1, 0], [10, 117], [-53, -351]]
[[1, 0], [10, 13], [-103, -104]]
[[1, 0], [10, 13], [-119, -65]]
[[1, 0], [10, 13], [-122, -39]]
[[1, 0], [10, 13], [-155, -52]]
[[1, 0], [10, 13], [-209, -182]]
[[1, 0], [10, 13], [-254, -299]]
[[1, 0], [10, 13], [-287, -104]]
[[1, 0], [10, 13], [-34, -35]]
[[1, 0], [10, 13], [-402, -403]]
[[1, 0], [10, 13], [-405, -377]]
[[1, 0], [10, 13], [-419, -156]]
[[1, 0], [10, 13], [-419, -455]]
[[1, 0], [10, 13], [-43, -26]]
[[1, 0], [10, 13], [-431, -351]]
[[1, 0], [10, 13], [-467, -338]]
[[1, 0], [10, 13], [-53, -39]]
[[1, 0], [10, 13], [-549, -325]]
[[1, 0], [10, 13], [-63, -52]]
[[1, 0], [10, 13], [-815, -312]]
[[1, 0], [10, 13], [-83, -78]]
[[1, 0], [10, 13], [-89, -26]]
[[1, 0], [10, 23], [-116, -207]]
[[1, 0], [10, 23], [-119, -184]]
[[1, 0], [10, 23], [-144, -299]]
[[1, 0], [10, 23], [-174, -161]]
[[1, 0], [10, 23], [-239, -460]]
[[1, 0], [10, 23], [-254, -345]]
[[1, 0], [10, 23], [-287, -598]]
[[1, 0], [10, 23], [-33, -46]]
[[1, 0], [10, 23], [-335, -322]]
[[1, 0], [10, 23], [-36, -23]]
[[1, 0], [10, 23], [-56, -69]]
[[1, 0], [10, 23], [-59, -46]]
[[1, 0], [10, 23], [-83, -161]]
[[1, 0], [10, 23], [-89, -115]]
[[1, 0], [10, 299], [-12, -299]]
[[1, 0], [10, 39], [-111, -104]]
[[1, 0], [10, 39], [-155, -156]]
[[1, 0], [10, 39], [-287, -312]]
[[1, 0], [10, 39], [-51, -169]]
[[1, 0], [10, 39], [-53, -117]]
[[1, 0], [10, 39], [-67, -52]]
[[1, 0], [10, 39], [-89, -78]]
[[1, 0], [10, 69], [-31, -184]]
[[1, 0], [10, 69], [-34, -115]]
[[1, 0], [10, 69], [-83, -483]]
[[1, 0], [10, 69], [-89, -345]]
[[1, 0], [100, 117], [-323, -351]]
[[1, 0], [100, 299], [-102, -299]]
[[1, 0], [100, 299], [-203, -598]]
[[1, 0], [100, 897], [-101, -897]]
[[1, 0], [101, 115], [-329, -345]]
[[1, 0], [101, 299], [-102, -299]]
[[1, 0], [101, 299], [-103, -299]]
[[1, 0], [101, 299], [-205, -598]]
[[1, 0], [101, 325], [-124, -325]]
[[1, 0], [101, 598], [-103, -598]]
[[1, 0], [103, 299], [-105, -299]]
[[1, 0], [103, 299], [-209, -598]]
[[1, 0], [103, 598], [-105, -598]]
[[1, 0], [105, 169], [-233, -338]]
[[1, 0], [105, 184], [-223, -368]]
[[1, 0], [105, 299], [-106, -299]]
[[1, 0], [105, 299], [-107, -299]]
[[1, 0], [105, 299], [-213, -598]]
[[1, 0], [105, 598], [-107, -598]]
[[1, 0], [106, 115], [-119, -115]]
[[1, 0], [106, 115], [-344, -345]]
[[1, 0], [106, 161], [-132, -161]]
[[1, 0], [106, 161], [-251, -322]]
[[1, 0], [106, 299], [-108, -299]]
[[1, 0], [106, 299], [-215, -598]]
[[1, 0], [106, 345], [-119, -345]]
[[1, 0], [106, 897], [-107, -897]]
[[1, 0], [107, 299], [-109, -299]]
[[1, 0], [107, 299], [-217, -598]]
[[1, 0], [107, 598], [-109, -598]]
[[1, 0], [108, 299], [-110, -299]]
[[1, 0], [108, 299], [-219, -598]]
[[1, 0], [109, 117], [-350, -351]]
[[1, 0], [109, 138], [-170, -207]]
[[1, 0], [109, 156], [-287, -312]]
[[1, 0], [109, 299], [-110, -299]]
[[1, 0], [11, 115], [-24, -115]]
[[1, 0], [11, 115], [-59, -345]]
[[1, 0], [11, 13], [-111, -104]]
[[1, 0], [11, 13], [-124, -65]]
[[1, 0], [11, 13], [-125, -39]]
[[1, 0], [11, 13], [-155, -156]]
[[1, 0], [11, 13], [-159, -52]]
[[1, 0], [11, 13], [-17, -18]]
[[1, 0], [11, 13], [-223, -182]]
[[1, 0], [11, 13], [-227, -78]]
[[1, 0], [11, 13], [-277, -299]]
[[1, 0], [11, 13], [-295, -104]]
[[1, 0], [11, 13], [-40, -41]]
[[1, 0], [11, 13], [-431, -156]]
[[1, 0], [11, 13], [-433, -403]]
[[1, 0], [11, 13], [-434, -377]]
[[1, 0], [11, 13], [-45, -26]]
[[1, 0], [11, 13], [-454, -455]]
[[1, 0], [11, 13], [-458, -351]]
[[1, 0], [11, 13], [-493, -338]]
[[1, 0], [11, 13], [-553, -598]]
[[1, 0], [11, 13], [-56, -39]]
[[1, 0], [11, 13], [-574, -325]]
[[1, 0], [11, 13], [-67, -52]]
[[1, 0], [11, 13], [-839, -312]]
[[1, 0], [11, 13], [-89, -78]]
[[1, 0], [11, 23], [-125, -207]]
[[1, 0], [11, 23], [-127, -184]]
[[1, 0], [11, 23], [-157, -299]]
[[1, 0], [11, 23], [-181, -161]]
[[1, 0], [11, 23], [-24, -23]]
[[1, 0], [11, 23], [-259, -460]]
[[1, 0], [11, 23], [-269, -345]]
[[1, 0], [11, 23], [-313, -598]]
[[1, 0], [11, 23], [-349, -322]]
[[1, 0], [11, 23], [-35, -46]]
[[1, 0], [11, 23], [-59, -69]]
[[1, 0], [11, 23], [-61, -46]]
[[1, 0], [11, 23], [-90, -161]]
[[1, 0], [11, 23], [-94, -115]]
[[1, 0], [11, 26], [-111, -208]]
[[1, 0], [11, 26], [-125, -78]]
[[1, 0], [11, 26], [-129, -169]]
[[1, 0], [11, 26], [-139, -299]]
[[1, 0], [11, 26], [-159, -104]]
[[1, 0], [11, 26], [-223, -364]]
[[1, 0], [11, 26], [-227, -156]]
[[1, 0], [11, 26], [-277, -598]]
[[1, 0], [11, 26], [-431, -312]]
[[1, 0], [11, 26], [-57, -26]]
[[1, 0], [11, 26], [-74, -39]]
[[1, 0], [11, 299], [-12, -299]]
[[1, 0], [11, 299], [-25, -598]]
[[1, 0], [11, 46], [-125, -414]]
[[1, 0], [11, 46], [-127, -368]]
[[1, 0], [11, 46], [-157, -598]]
[[1, 0], [11, 46], [-181, -322]]
[[1, 0], [11, 46], [-34, -115]]
[[1, 0], [11, 46], [-35, -92]]
[[1, 0], [11, 46], [-79, -299]]
[[1, 0], [11, 46], [-97, -161]]
[[1, 0], [11, 65], [-124, -325]]
[[1, 0], [11, 65], [-20, -91]]
[[1, 0], [11, 65], [-34, -65]]
[[1, 0], [11, 65], [-89, -390]]
[[1, 0], [110, 299], [-112, -299]]
[[1, 0], [110, 299], [-223, -598]]
[[1, 0], [111, 115], [-359, -345]]
[[1, 0], [111, 299], [-113, -299]]
[[1, 0], [111, 299], [-225, -598]]
[[1, 0], [111, 598], [-113, -598]]
[[1, 0], [112, 299], [-114, -299]]
[[1, 0], [112, 299], [-227, -598]]
[[1, 0], [113, 161], [-265, -322]]
[[1, 0], [113, 184], [-239, -368]]
[[1, 0], [113, 299], [-114, -299]]
[[1, 0], [113, 299], [-229, -598]]
[[1, 0], [113, 322], [-139, -322]]
[[1, 0], [114, 299], [-116, -299]]
[[1, 0], [114, 299], [-231, -598]]
[[1, 0], [116, 299], [-118, -299]]
[[1, 0], [116, 299], [-235, -598]]
[[1, 0], [118, 169], [-259, -338]]
[[1, 0], [118, 299], [-120, -299]]
[[1, 0], [118, 299], [-239, -598]]
[[1, 0], [119, 299], [-121, -299]]
[[1, 0], [119, 299], [-241, -598]]
[[1, 0], [119, 598], [-121, -598]]
[[1, 0], [12, 13], [-119, -104]]
[[1, 0], [12, 13], [-128, -39]]
[[1, 0], [12, 13], [-129, -65]]
[[1, 0], [12, 13], [-163, -52]]
[[1, 0], [12, 13], [-167, -156]]
[[1, 0], [12, 13], [-233, -78]]
[[1, 0], [12, 13], [-237, -182]]
[[1, 0], [12, 13], [-24, -23]]
[[1, 0], [12, 13], [-300, -299]]
[[1, 0], [12, 13], [-303, -104]]
[[1, 0], [12, 13], [-443, -156]]
[[1, 0], [12, 13], [-463, -377]]
[[1, 0], [12, 13], [-464, -403]]
[[1, 0], [12, 13], [-47, -26]]
[[1, 0], [12, 13], [-47, -46]]
[[1, 0], [12, 13], [-485, -351]]
[[1, 0], [12, 13], [-489, -455]]
[[1, 0], [12, 13], [-519, -338]]
[[1, 0], [12, 13], [-59, -39]]
[[1, 0], [12, 13], [-599, -325]]
[[1, 0], [12, 13], [-599, -598]]
[[1, 0], [12, 13], [-71, -52]]
[[1, 0], [12, 13], [-863, -312]]
[[1, 0], [12, 13], [-93, -26]]
[[1, 0], [12, 13], [-95, -78]]
[[1, 0], [12, 23], [-134, -207]]
[[1, 0], [12, 23], [-135, -184]]
[[1, 0], [12, 23], [-170, -299]]
[[1, 0], [12, 23], [-188, -161]]
[[1, 0], [12, 23], [-25, -23]]
[[1, 0], [12, 23], [-279, -460]]
[[1, 0], [12, 23], [-284, -345]]
[[1, 0], [12, 23], [-339, -598]]
[[1, 0], [12, 23], [-363, -322]]
[[1, 0], [12, 23], [-37, -46]]
[[1, 0], [12, 23], [-62, -69]]
[[1, 0], [12, 23], [-63, -46]]
[[1, 0], [12, 23], [-97, -161]]
[[1, 0], [12, 23], [-99, -115]]
[[1, 0], [12, 299], [-14, -299]]
[[1, 0], [12, 299], [-27, -598]]
[[1, 0], [120, 161], [-279, -322]]
[[1, 0], [120, 299], [-243, -598]]
[[1, 0], [121, 138], [-188, -207]]
[[1, 0], [121, 156], [-167, -156]]
[[1, 0], [121, 156], [-311, -312]]
[[1, 0], [121, 184], [-255, -368]]
[[1, 0], [121, 299], [-123, -299]]
[[1, 0], [121, 299], [-245, -598]]
[[1, 0], [121, 312], [-167, -312]]
[[1, 0], [121, 345], [-134, -345]]
[[1, 0], [121, 598], [-123, -598]]
[[1, 0], [122, 299], [-123, -299]]
[[1, 0], [123, 299], [-125, -299]]
[[1, 0], [123, 299], [-249, -598]]
[[1, 0], [123, 598], [-125, -598]]
[[1, 0], [124, 299], [-126, -299]]
[[1, 0], [124, 299], [-251, -598]]
[[1, 0], [124, 897], [-125, -897]]
[[1, 0], [125, 299], [-127, -299]]
[[1, 0], [125, 598], [-127, -598]]
[[1, 0], [126, 299], [-128, -299]]
[[1, 0], [126, 299], [-255, -598]]
[[1, 0], [126, 325], [-149, -325]]
[[1, 0], [127, 138], [-197, -207]]
[[1, 0], [127, 161], [-293, -322]]
[[1, 0], [127, 299], [-129, -299]]
[[1, 0], [127, 299], [-257, -598]]
[[1, 0], [127, 322], [-153, -322]]
[[1, 0], [127, 598], [-129, -598]]
[[1, 0], [128, 299], [-259, -598]]
[[1, 0], [129, 184], [-271, -368]]
[[1, 0], [129, 299], [-131, -299]]
[[1, 0], [129, 299], [-261, -598]]
[[1, 0], [129, 598], [-131, -598]]
[[1, 0], [13, 138], [-26, -207]]
[[1, 0], [13, 23], [-104, -115]]
[[1, 0], [13, 23], [-104, -161]]
[[1, 0], [13, 23], [-143, -184]]
[[1, 0], [13, 23], [-143, -207]]
[[1, 0], [13, 23], [-183, -299]]
[[1, 0], [13, 23], [-195, -161]]
[[1, 0], [13, 23], [-26, -23]]
[[1, 0], [13, 23], [-365, -598]]
[[1, 0], [13, 23], [-377, -322]]
[[1, 0], [13, 23], [-39, -46]]
[[1, 0], [13, 23], [-65, -46]]
[[1, 0], [13, 23], [-65, -69]]
[[1, 0], [13, 46], [-104, -161]]
[[1, 0], [13, 46], [-143, -368]]
[[1, 0], [13, 46], [-143, -414]]
[[1, 0], [13, 46], [-183, -598]]
[[1, 0], [13, 46], [-195, -322]]
[[1, 0], [13, 46], [-26, -69]]
[[1, 0], [13, 46], [-39, -115]]
[[1, 0], [13, 46], [-39, -92]]
[[1, 0], [13, 69], [-104, -345]]
[[1, 0], [13, 69], [-104, -483]]
[[1, 0], [13, 69], [-26, -69]]
[[1, 0], [13, 69], [-39, -115]]
[[1, 0], [13, 69], [-39, -184]]
[[1, 0], [13, 92], [-39, -184]]
[[1, 0], [13, 92], [-39, -230]]
[[1, 0], [131, 169], [-285, -338]]
[[1, 0], [131, 299], [-133, -299]]
[[1, 0], [131, 299], [-265, -598]]
[[1, 0], [131, 598], [-133, -598]]
[[1, 0], [132, 299], [-134, -299]]
[[1, 0], [132, 299], [-267, -598]]
[[1, 0], [133, 138], [-206, -207]]
[[1, 0], [133, 156], [-179, -156]]
[[1, 0], [133, 156], [-335, -312]]
[[1, 0], [133, 299], [-135, -299]]
[[1, 0], [133, 299], [-269, -598]]
[[1, 0], [133, 598], [-135, -598]]
[[1, 0], [133, 897], [-134, -897]]
[[1, 0], [134, 161], [-307, -322]]
[[1, 0], [134, 299], [-136, -299]]
[[1, 0], [134, 299], [-271, -598]]
[[1, 0], [135, 299], [-136, -299]]
[[1, 0], [136, 299], [-275, -598]]
[[1, 0], [136, 345], [-149, -345]]
[[1, 0], [136, 897], [-137, -897]]
[[1, 0], [137, 184], [-287, -368]]
[[1, 0], [137, 299], [-139, -299]]
[[1, 0], [137, 299], [-277, -598]]
[[1, 0], [137, 598], [-139, -598]]
[[1, 0], [139, 299], [-141, -299]]
[[1, 0], [139, 299], [-281, -598]]
[[1, 0], [139, 598], [-141, -598]]
[[1, 0], [139, 897], [-140, -897]]
[[1, 0], [14, 169], [-51, -338]]
[[1, 0], [14, 23], [-109, -115]]
[[1, 0], [14, 23], [-111, -161]]
[[1, 0], [14, 23], [-151, -184]]
[[1, 0], [14, 23], [-152, -207]]
[[1, 0], [14, 23], [-196, -299]]
[[1, 0], [14, 23], [-202, -161]]
[[1, 0], [14, 23], [-27, -23]]
[[1, 0], [14, 23], [-314, -345]]
[[1, 0], [14, 23], [-319, -460]]
[[1, 0], [14, 23], [-40, -23]]
[[1, 0], [14, 23], [-41, -46]]
[[1, 0], [14, 23], [-67, -46]]
[[1, 0], [14, 23], [-68, -69]]
[[1, 0], [14, 299], [-15, -299]]
[[1, 0], [14, 299], [-16, -299]]
[[1, 0], [14, 299], [-31, -598]]
[[1, 0], [140, 299], [-142, -299]]
[[1, 0], [140, 299], [-283, -598]]
[[1, 0], [141, 161], [-167, -161]]
[[1, 0], [141, 161], [-321, -322]]
[[1, 0], [141, 299], [-285, -598]]
[[1, 0], [141, 322], [-167, -322]]
[[1, 0], [142, 299], [-144, -299]]
[[1, 0], [142, 299], [-287, -598]]
[[1, 0], [144, 169], [-311, -338]]
[[1, 0], [144, 299], [-146, -299]]
[[1, 0], [144, 299], [-291, -598]]
[[1, 0], [145, 156], [-359, -312]]
[[1, 0], [145, 184], [-303, -368]]
[[1, 0], [145, 299], [-147, -299]]
[[1, 0], [145, 299], [-293, -598]]
[[1, 0], [145, 598], [-147, -598]]
[[1, 0], [146, 299], [-148, -299]]
[[1, 0], [146, 299], [-295, -598]]
[[1, 0], [147, 299], [-148, -299]]
[[1, 0], [147, 299], [-149, -299]]
[[1, 0], [147, 299], [-297, -598]]
[[1, 0], [147, 598], [-149, -598]]
[[1, 0], [148, 161], [-174, -161]]
[[1, 0], [148, 161], [-335, -322]]
[[1, 0], [148, 897], [-149, -897]]
[[1, 0], [149, 299], [-151, -299]]
[[1, 0], [149, 299], [-301, -598]]
[[1, 0], [149, 598], [-151, -598]]
[[1, 0], [15, 161], [-41, -161]]
[[1, 0], [15, 23], [-114, -115]]
[[1, 0], [15, 23], [-118, -161]]
[[1, 0], [15, 23], [-159, -184]]
[[1, 0], [15, 23], [-209, -161]]
[[1, 0], [15, 23], [-209, -299]]
[[1, 0], [15, 23], [-28, -23]]
[[1, 0], [15, 23], [-329, -345]]
[[1, 0], [15, 23], [-339, -460]]
[[1, 0], [15, 23], [-405, -322]]
[[1, 0], [15, 23], [-417, -598]]
[[1, 0], [15, 23], [-43, -46]]
[[1, 0], [15, 23], [-71, -69]]
[[1, 0], [15, 26], [-137, -78]]
[[1, 0], [15, 26], [-155, -169]]
[[1, 0], [15, 26], [-175, -104]]
[[1, 0], [15, 26], [-185, -299]]
[[1, 0], [15, 26], [-251, -156]]
[[1, 0], [15, 26], [-279, -364]]
[[1, 0], [15, 26], [-369, -598]]
[[1, 0], [15, 26], [-479, -312]]
[[1, 0], [15, 26], [-49, -65]]
[[1, 0], [15, 26], [-61, -26]]
[[1, 0], [15, 26], [-80, -39]]
[[1, 0], [15, 26], [-99, -52]]
[[1, 0], [15, 299], [-16, -299]]
[[1, 0], [15, 299], [-17, -299]]
[[1, 0], [15, 299], [-33, -598]]
[[1, 0], [15, 322], [-41, -322]]
[[1, 0], [15, 46], [-105, -299]]
[[1, 0], [15, 46], [-111, -161]]
[[1, 0], [15, 46], [-159, -368]]
[[1, 0], [15, 46], [-209, -322]]
[[1, 0], [15, 46], [-209, -598]]
[[1, 0], [15, 46], [-29, -69]]
[[1, 0], [15, 46], [-43, -92]]
[[1, 0], [15, 46], [-44, -115]]
[[1, 0], [15, 598], [-17, -598]]
[[1, 0], [15, 91], [-83, -364]]
[[1, 0], [150, 299], [-303, -598]]
[[1, 0], [151, 299], [-305, -598]]
[[1, 0], [151, 325], [-174, -325]]
[[1, 0], [151, 345], [-164, -345]]
[[1, 0], [151, 598], [-153, -598]]
[[1, 0], [151, 897], [-152, -897]]
[[1, 0], [152, 299], [-307, -598]]
[[1, 0], [153, 184], [-319, -368]]
[[1, 0], [153, 299], [-309, -598]]
[[1, 0], [153, 598], [-155, -598]]
[[1, 0], [154, 299], [-311, -598]]
[[1, 0], [154, 897], [-155, -897]]
[[1, 0], [155, 161], [-349, -322]]
[[1, 0], [155, 299], [-313, -598]]
[[1, 0], [155, 598], [-157, -598]]
[[1, 0], [157, 169], [-337, -338]]
[[1, 0], [157, 299], [-317, -598]]
[[1, 0], [157, 598], [-159, -598]]
[[1, 0], [158, 299], [-319, -598]]
[[1, 0], [159, 299], [-321, -598]]
[[1, 0], [16, 115], [-74, -345]]
[[1, 0], [16, 23], [-119, -115]]
[[1, 0], [16, 23], [-125, -161]]
[[1, 0], [16, 23], [-167, -184]]
[[1, 0], [16, 23], [-170, -207]]
[[1, 0], [16, 23], [-216, -161]]
[[1, 0], [16, 23], [-222, -299]]
[[1, 0], [16, 23], [-344, -345]]
[[1, 0], [16, 23], [-359, -460]]
[[1, 0], [16, 23], [-419, -322]]
[[1, 0], [16, 23], [-443, -598]]
[[1, 0], [16, 23], [-45, -46]]
[[1, 0], [16, 23], [-71, -46]]
[[1, 0], [16, 23], [-74, -69]]
[[1, 0], [16, 299], [-17, -299]]
[[1, 0], [16, 299], [-18, -299]]
[[1, 0], [16, 299], [-35, -598]]
[[1, 0], [16, 39], [-101, -78]]
[[1, 0], [16, 39], [-127, -104]]
[[1, 0], [16, 39], [-179, -156]]
[[1, 0], [16, 39], [-215, -468]]
[[1, 0], [16, 39], [-335, -312]]
[[1, 0], [16, 39], [-62, -39]]
[[1, 0], [16, 39], [-71, -117]]
[[1, 0], [16, 39], [-75, -52]]
[[1, 0], [16, 39], [-77, -169]]
[[1, 0], [16, 65], [-119, -390]]
[[1, 0], [16, 65], [-149, -325]]
[[1, 0], [16, 65], [-27, -91]]
[[1, 0], [16, 69], [-119, -345]]
[[1, 0], [16, 69], [-125, -483]]
[[1, 0], [16, 69], [-44, -115]]
[[1, 0], [16, 69], [-47, -184]]
[[1, 0], [16, 897], [-17, -897]]
[[1, 0], [160, 299], [-323, -598]]
[[1, 0], [162, 299], [-164, -299]]
[[1, 0], [162, 299], [-327, -598]]
[[1, 0], [163, 299], [-329, -598]]
[[1, 0], [163, 598], [-165, -598]]
[[1, 0], [164, 299], [-331, -598]]
[[1, 0], [165, 299], [-333, -598]]
[[1, 0], [165, 598], [-167, -598]]
[[1, 0], [166, 299], [-335, -598]]
[[1, 0], [166, 345], [-179, -345]]
[[1, 0], [167, 299], [-337, -598]]
[[1, 0], [168, 299], [-339, -598]]
[[1, 0], [169, 184], [-351, -368]]
[[1, 0], [17, 104], [-63, -104]]
[[1, 0], [17, 104], [-83, -156]]
[[1, 0], [17, 184], [-47, -368]]
[[1, 0], [17, 23], [-124, -115]]
[[1, 0], [17, 23], [-132, -161]]
[[1, 0], [17, 23], [-175, -184]]
[[1, 0], [17, 23], [-179, -207]]
[[1, 0], [17, 23], [-223, -161]]
[[1, 0], [17, 23], [-235, -299]]
[[1, 0], [17, 23], [-30, -23]]
[[1, 0], [17, 23], [-359, -345]]
[[1, 0], [17, 23], [-379, -460]]
[[1, 0], [17, 23], [-433, -322]]
[[1, 0], [17, 23], [-469, -598]]
[[1, 0], [17, 23], [-47, -46]]
[[1, 0], [17, 23], [-73, -46]]
[[1, 0], [17, 23], [-77, -69]]
[[1, 0], [17, 26], [-103, -52]]
[[1, 0], [17, 26], [-159, -208]]
[[1, 0], [17, 26], [-168, -169]]
[[1, 0], [17, 26], [-183, -104]]
[[1, 0], [17, 26], [-263, -156]]
[[1, 0], [17, 26], [-307, -364]]
[[1, 0], [17, 26], [-415, -598]]
[[1, 0], [17, 26], [-503, -312]]
[[1, 0], [17, 26], [-54, -65]]
[[1, 0], [17, 26], [-83, -39]]
[[1, 0], [17, 299], [-19, -299]]
[[1, 0], [17, 299], [-37, -598]]
[[1, 0], [17, 46], [-118, -161]]
[[1, 0], [17, 46], [-118, -299]]
[[1, 0], [17, 46], [-175, -368]]
[[1, 0], [17, 46], [-179, -414]]
[[1, 0], [17, 46], [-223, -322]]
[[1, 0], [17, 46], [-235, -598]]
[[1, 0], [17, 46], [-32, -69]]
[[1, 0], [17, 46], [-47, -92]]
[[1, 0], [17, 46], [-49, -115]]
[[1, 0], [17, 52], [-103, -104]]
[[1, 0], [17, 52], [-159, -416]]
[[1, 0], [17, 52], [-263, -312]]
[[1, 0], [17, 52], [-44, -117]]
[[1, 0], [17, 52], [-63, -52]]
[[1, 0], [17, 52], [-83, -78]]
[[1, 0], [17, 598], [-19, -598]]
[[1, 0], [17, 92], [-47, -184]]
[[1, 0], [17, 92], [-49, -230]]
[[1, 0], [170, 299], [-171, -299]]
[[1, 0], [170, 299], [-343, -598]]
[[1, 0], [171, 598], [-173, -598]]
[[1, 0], [172, 299], [-347, -598]]
[[1, 0], [173, 299], [-349, -598]]
[[1, 0], [173, 598], [-175, -598]]
[[1, 0], [175, 299], [-177, -299]]
[[1, 0], [175, 299], [-353, -598]]
[[1, 0], [175, 598], [-177, -598]]
[[1, 0], [176, 299], [-355, -598]]
[[1, 0], [177, 184], [-367, -368]]
[[1, 0], [177, 299], [-179, -299]]
[[1, 0], [177, 299], [-357, -598]]
[[1, 0], [177, 598], [-179, -598]]
[[1, 0], [178, 299], [-359, -598]]
[[1, 0], [178, 897], [-179, -897]]
[[1, 0], [179, 299], [-361, -598]]
[[1, 0], [179, 598], [-181, -598]]
[[1, 0], [18, 23], [-129, -115]]
[[1, 0], [18, 23], [-139, -161]]
[[1, 0], [18, 23], [-183, -184]]
[[1, 0], [18, 23], [-188, -207]]
[[1, 0], [18, 23], [-248, -299]]
[[1, 0], [18, 23], [-374, -345]]
[[1, 0], [18, 23], [-399, -460]]
[[1, 0], [18, 23], [-447, -322]]
[[1, 0], [18, 23], [-49, -46]]
[[1, 0], [18, 23], [-495, -598]]
[[1, 0], [18, 23], [-75, -46]]
[[1, 0], [18, 23], [-80, -69]]
[[1, 0], [18, 299], [-19, -299]]
[[1, 0], [180, 299], [-363, -598]]
[[1, 0], [181, 299], [-365, -598]]
[[1, 0], [181, 598], [-183, -598]]
[[1, 0], [183, 299], [-369, -598]]
[[1, 0], [183, 598], [-185, -598]]
[[1, 0], [185, 299], [-373, -598]]
[[1, 0], [185, 598], [-187, -598]]
[[1, 0], [186, 299], [-375, -598]]
[[1, 0], [187, 897], [-188, -897]]
[[1, 0], [188, 299], [-190, -299]]
[[1, 0], [188, 299], [-379, -598]]
[[1, 0], [189, 299], [-381, -598]]
[[1, 0], [19, 117], [-80, -351]]
[[1, 0], [19, 138], [-35, -207]]
[[1, 0], [19, 23], [-134, -115]]
[[1, 0], [19, 23], [-146, -161]]
[[1, 0], [19, 23], [-191, -184]]
[[1, 0], [19, 23], [-197, -207]]
[[1, 0], [19, 23], [-237, -161]]
[[1, 0], [19, 23], [-261, -299]]
[[1, 0], [19, 23], [-389, -345]]
[[1, 0], [19, 23], [-419, -460]]
[[1, 0], [19, 23], [-461, -322]]
[[1, 0], [19, 23], [-51, -46]]
[[1, 0], [19, 23], [-521, -598]]
[[1, 0], [19, 23], [-77, -46]]
[[1, 0], [19, 23], [-83, -69]]
[[1, 0], [19, 26], [-107, -52]]
[[1, 0], [19, 26], [-149, -78]]
[[1, 0], [19, 26], [-175, -208]]
[[1, 0], [19, 26], [-181, -169]]
[[1, 0], [19, 26], [-191, -104]]
[[1, 0], [19, 26], [-231, -299]]
[[1, 0], [19, 26], [-275, -156]]
[[1, 0], [19, 26], [-29, -30]]
[[1, 0], [19, 26], [-335, -364]]
[[1, 0], [19, 26], [-461, -598]]
[[1, 0], [19, 26], [-527, -312]]
[[1, 0], [19, 26], [-59, -65]]
[[1, 0], [19, 26], [-86, -39]]
[[1, 0], [19, 299], [-21, -299]]
[[1, 0], [19, 299], [-41, -598]]
[[1, 0], [19, 39], [-107, -78]]
[[1, 0], [19, 39], [-135, -104]]
[[1, 0], [19, 39], [-191, -156]]
[[1, 0], [19, 39], [-251, -468]]
[[1, 0], [19, 39], [-359, -312]]
[[1, 0], [19, 39], [-79, -52]]
[[1, 0], [19, 39], [-80, -117]]
[[1, 0], [19, 39], [-90, -169]]
[[1, 0], [19, 46], [-125, -161]]
[[1, 0], [19, 46], [-131, -299]]
[[1, 0], [19, 46], [-191, -368]]
[[1, 0], [19, 46], [-197, -414]]
[[1, 0], [19, 46], [-237, -322]]
[[1, 0], [19, 46], [-261, -598]]
[[1, 0], [19, 46], [-35, -69]]
[[1, 0], [19, 46], [-51, -92]]
[[1, 0], [19, 46], [-54, -115]]
[[1, 0], [19, 598], [-21, -598]]
[[1, 0], [19, 69], [-134, -345]]
[[1, 0], [19, 69], [-146, -483]]
[[1, 0], [19, 69], [-32, -69]]
[[1, 0], [19, 69], [-49, -115]]
[[1, 0], [19, 69], [-55, -184]]
[[1, 0], [19, 78], [-107, -156]]
[[1, 0], [19, 78], [-191, -312]]
[[1, 0], [19, 78], [-59, -195]]
[[1, 0], [19, 78], [-79, -104]]
[[1, 0], [19, 897], [-20, -897]]
[[1, 0], [190, 299], [-383, -598]]
[[1, 0], [191, 299], [-385, -598]]
[[1, 0], [191, 598], [-193, -598]]
[[1, 0], [192, 299], [-387, -598]]
[[1, 0], [193, 299], [-389, -598]]
[[1, 0], [193, 897], [-194, -897]]
[[1, 0], [196, 299], [-395, -598]]
[[1, 0], [196, 897], [-197, -897]]
[[1, 0], [197, 299], [-397, -598]]
[[1, 0], [197, 598], [-199, -598]]
[[1, 0], [198, 299], [-399, -598]]
[[1, 0], [199, 299], [-401, -598]]
[[1, 0], [199, 598], [-201, -598]]
[[1, 0], [2, 13], [-123, -52]]
[[1, 0], [2, 13], [-139, -455]]
[[1, 0], [2, 13], [-139, -598]]
[[1, 0], [2, 13], [-154, -403]]
[[1, 0], [2, 13], [-173, -377]]
[[1, 0], [2, 13], [-173, -78]]
[[1, 0], [2, 13], [-215, -351]]
[[1, 0], [2, 13], [-223, -104]]
[[1, 0], [2, 13], [-259, -338]]
[[1, 0], [2, 13], [-27, -26]]
[[1, 0], [2, 13], [-29, -39]]
[[1, 0], [2, 13], [-31, -52]]
[[1, 0], [2, 13], [-323, -156]]
[[1, 0], [2, 13], [-349, -325]]
[[1, 0], [2, 13], [-35, -78]]
[[1, 0], [2, 13], [-47, -156]]
[[1, 0], [2, 13], [-48, -13]]
[[1, 0], [2, 13], [-623, -312]]
[[1, 0], [2, 13], [-70, -299]]
[[1, 0], [2, 13], [-73, -26]]
[[1, 0], [2, 13], [-79, -65]]
[[1, 0], [2, 13], [-97, -182]]
[[1, 0], [2, 13], [-98, -39]]
[[1, 0], [2, 23], [-118, -161]]
[[1, 0], [2, 23], [-134, -345]]
[[1, 0], [2, 23], [-15, -23]]
[[1, 0], [2, 23], [-17, -46]]
[[1, 0], [2, 23], [-223, -322]]
[[1, 0], [2, 23], [-27, -161]]
[[1, 0], [2, 23], [-28, -23]]
[[1, 0], [2, 23], [-32, -69]]
[[1, 0], [2, 23], [-40, -299]]
[[1, 0], [2, 23], [-43, -46]]
[[1, 0], [2, 23], [-44, -207]]
[[1, 0], [2, 23], [-49, -115]]
[[1, 0], [2, 23], [-55, -184]]
[[1, 0], [2, 23], [-79, -460]]
[[1, 0], [2, 23], [-79, -598]]
[[1, 0], [2, 299], [-3, -299]]
[[1, 0], [2, 299], [-4, -299]]
[[1, 0], [2, 299], [-7, -598]]
[[1, 0], [20, 23], [-139, -115]]
[[1, 0], [20, 23], [-153, -161]]
[[1, 0], [20, 23], [-199, -184]]
[[1, 0], [20, 23], [-206, -207]]
[[1, 0], [20, 23], [-24, -25]]
[[1, 0], [20, 23], [-244, -161]]
[[1, 0], [20, 23], [-274, -299]]
[[1, 0], [20, 23], [-404, -345]]
[[1, 0], [20, 23], [-439, -460]]
[[1, 0], [20, 23], [-475, -322]]
[[1, 0], [20, 23], [-53, -46]]
[[1, 0], [20, 23], [-547, -598]]
[[1, 0], [20, 23], [-79, -46]]
[[1, 0], [20, 23], [-86, -69]]
[[1, 0], [20, 299], [-22, -299]]
[[1, 0], [20, 299], [-43, -598]]
[[1, 0], [200, 299], [-202, -299]]
[[1, 0], [201, 299], [-203, -299]]
[[1, 0], [201, 299], [-405, -598]]
[[1, 0], [201, 598], [-203, -598]]
[[1, 0], [202, 299], [-407, -598]]
[[1, 0], [202, 897], [-203, -897]]
[[1, 0], [203, 299], [-409, -598]]
[[1, 0], [203, 598], [-205, -598]]
[[1, 0], [204, 299], [-411, -598]]
[[1, 0], [205, 299], [-413, -598]]
[[1, 0], [206, 299], [-415, -598]]
[[1, 0], [209, 299], [-421, -598]]
[[1, 0], [209, 598], [-211, -598]]
[[1, 0], [21, 115], [-34, -115]]
[[1, 0], [21, 115], [-89, -345]]
[[1, 0], [21, 23], [-144, -115]]
[[1, 0], [21, 23], [-160, -161]]
[[1, 0], [21, 23], [-215, -207]]
[[1, 0], [21, 23], [-251, -161]]
[[1, 0], [21, 23], [-287, -299]]
[[1, 0], [21, 23], [-30, -31]]
[[1, 0], [21, 23], [-419, -345]]
[[1, 0], [21, 23], [-459, -460]]
[[1, 0], [21, 23], [-47, -23]]
[[1, 0], [21, 23], [-489, -322]]
[[1, 0], [21, 23], [-55, -46]]
[[1, 0], [21, 23], [-573, -598]]
[[1, 0], [21, 23], [-81, -46]]
[[1, 0], [21, 23], [-89, -69]]
[[1, 0], [21, 26], [-111, -52]]
[[1, 0], [21, 26], [-155, -78]]
[[1, 0], [21, 26], [-191, -208]]
[[1, 0], [21, 26], [-194, -169]]
[[1, 0], [21, 26], [-199, -104]]
[[1, 0], [21, 26], [-254, -299]]
[[1, 0], [21, 26], [-287, -156]]
[[1, 0], [21, 26], [-363, -364]]
[[1, 0], [21, 26], [-551, -312]]
[[1, 0], [21, 26], [-64, -65]]
[[1, 0], [21, 26], [-89, -39]]
[[1, 0], [21, 299], [-22, -299]]
[[1, 0], [21, 299], [-45, -598]]
[[1, 0], [21, 46], [-132, -161]]
[[1, 0], [21, 46], [-144, -299]]
[[1, 0], [21, 46], [-215, -414]]
[[1, 0], [21, 46], [-251, -322]]
[[1, 0], [21, 46], [-287, -598]]
[[1, 0], [21, 46], [-38, -69]]
[[1, 0], [21, 46], [-47, -46]]
[[1, 0], [21, 46], [-55, -92]]
[[1, 0], [21, 46], [-59, -115]]
[[1, 0], [21, 52], [-111, -104]]
[[1, 0], [21, 52], [-155, -156]]
[[1, 0], [21, 52], [-191, -416]]
[[1, 0], [21, 52], [-287, -312]]
[[1, 0], [21, 52], [-53, -117]]
[[1, 0], [21, 52], [-67, -52]]
[[1, 0], [21, 52], [-89, -78]]
[[1, 0], [21, 65], [-149, -390]]
[[1, 0], [21, 65], [-174, -325]]
[[1, 0], [21, 65], [-34, -91]]
[[1, 0], [21, 65], [-44, -65]]
[[1, 0], [21, 92], [-55, -184]]
[[1, 0], [21, 92], [-59, -230]]
[[1, 0], [210, 299], [-423, -598]]
[[1, 0], [211, 299], [-425, -598]]
[[1, 0], [211, 598], [-213, -598]]
[[1, 0], [212, 299], [-427, -598]]
[[1, 0], [214, 299], [-216, -299]]
[[1, 0], [214, 299], [-431, -598]]
[[1, 0], [215, 299], [-433, -598]]
[[1, 0], [215, 598], [-217, -598]]
[[1, 0], [216, 299], [-435, -598]]
[[1, 0], [217, 312], [-263, -312]]
[[1, 0], [217, 598], [-219, -598]]
[[1, 0], [218, 299], [-439, -598]]
[[1, 0], [219, 299], [-441, -598]]
[[1, 0], [22, 161], [-48, -161]]
[[1, 0], [22, 161], [-83, -322]]
[[1, 0], [22, 23], [-149, -115]]
[[1, 0], [22, 23], [-167, -161]]
[[1, 0], [22, 23], [-215, -184]]
[[1, 0], [22, 23], [-224, -207]]
[[1, 0], [22, 23], [-258, -161]]
[[1, 0], [22, 23], [-27, -26]]
[[1, 0], [22, 23], [-300, -299]]
[[1, 0], [22, 23], [-434, -345]]
[[1, 0], [22, 23], [-479, -460]]
[[1, 0], [22, 23], [-503, -322]]
[[1, 0], [22, 23], [-57, -46]]
[[1, 0], [22, 23], [-599, -598]]
[[1, 0], [22, 23], [-83, -46]]
[[1, 0], [22, 299], [-24, -299]]
[[1, 0], [22, 299], [-47, -598]]
[[1, 0], [22, 39], [-103, -169]]
[[1, 0], [22, 39], [-113, -78]]
[[1, 0], [22, 39], [-203, -156]]
[[1, 0], [22, 39], [-287, -468]]
[[1, 0], [22, 39], [-383, -312]]
[[1, 0], [22, 39], [-68, -39]]
[[1, 0], [22, 39], [-83, -52]]
[[1, 0], [22, 39], [-89, -117]]
[[1, 0], [22, 69], [-149, -345]]
[[1, 0], [22, 69], [-167, -483]]
[[1, 0], [22, 69], [-35, -69]]
[[1, 0], [22, 69], [-54, -115]]
[[1, 0], [22, 69], [-63, -184]]
[[1, 0], [22, 91], [-111, -364]]
[[1, 0], [220, 299], [-443, -598]]
[[1, 0], [222, 299], [-447, -598]]
[[1, 0], [223, 299], [-225, -299]]
[[1, 0], [223, 299], [-449, -598]]
[[1, 0], [223, 598], [-225, -598]]
[[1, 0], [224, 299], [-451, -598]]
[[1, 0], [225, 299], [-453, -598]]
[[1, 0], [225, 598], [-227, -598]]
[[1, 0], [226, 897], [-227, -897]]
[[1, 0], [227, 299], [-457, -598]]
[[1, 0], [227, 598], [-229, -598]]
[[1, 0], [228, 299], [-459, -598]]
[[1, 0], [229, 299], [-461, -598]]
[[1, 0], [229, 598], [-231, -598]]
[[1, 0], [23, 26], [-115, -52]]
[[1, 0], [23, 26], [-161, -78]]
[[1, 0], [23, 26], [-207, -104]]
[[1, 0], [23, 26], [-207, -169]]
[[1, 0], [23, 26], [-207, -208]]
[[1, 0], [23, 26], [-277, -299]]
[[1, 0], [23, 26], [-391, -364]]
[[1, 0], [23, 26], [-553, -598]]
[[1, 0], [23, 26], [-575, -312]]
[[1, 0], [23, 26], [-69, -65]]
[[1, 0], [23, 26], [-92, -39]]
[[1, 0], [231, 299], [-465, -598]]
[[1, 0], [232, 299], [-467, -598]]
[[1, 0], [233, 299], [-469, -598]]
[[1, 0], [233, 598], [-235, -598]]
[[1, 0], [235, 299], [-473, -598]]
[[1, 0], [235, 598], [-237, -598]]
[[1, 0], [236, 299], [-475, -598]]
[[1, 0], [237, 299], [-477, -598]]
[[1, 0], [237, 598], [-239, -598]]
[[1, 0], [238, 299], [-479, -598]]
[[1, 0], [239, 299], [-240, -299]]
[[1, 0], [24, 299], [-51, -598]]
[[1, 0], [240, 299], [-242, -299]]
[[1, 0], [241, 299], [-485, -598]]
[[1, 0], [241, 598], [-243, -598]]
[[1, 0], [242, 299], [-487, -598]]
[[1, 0], [243, 299], [-489, -598]]
[[1, 0], [243, 598], [-245, -598]]
[[1, 0], [244, 299], [-491, -598]]
[[1, 0], [245, 299], [-493, -598]]
[[1, 0], [246, 299], [-248, -299]]
[[1, 0], [246, 299], [-495, -598]]
[[1, 0], [248, 299], [-499, -598]]
[[1, 0], [249, 299], [-501, -598]]
[[1, 0], [249, 598], [-251, -598]]
[[1, 0], [25, 104], [-167, -312]]
[[1, 0], [25, 104], [-71, -104]]
[[1, 0], [25, 104], [-95, -156]]
[[1, 0], [25, 138], [-44, -207]]
[[1, 0], [25, 156], [-119, -312]]
[[1, 0], [25, 156], [-71, -156]]
[[1, 0], [25, 184], [-63, -368]]
[[1, 0], [25, 26], [-119, -52]]
[[1, 0], [25, 26], [-167, -78]]
[[1, 0], [25, 26], [-215, -104]]
[[1, 0], [25, 26], [-220, -169]]
[[1, 0], [25, 26], [-223, -208]]
[[1, 0], [25, 26], [-300, -299]]
[[1, 0], [25, 26], [-311, -156]]
[[1, 0], [25, 26], [-419, -364]]
[[1, 0], [25, 26], [-47, -46]]
[[1, 0], [25, 26], [-599, -312]]
[[1, 0], [25, 26], [-599, -598]]
[[1, 0], [25, 26], [-74, -65]]
[[1, 0], [25, 26], [-95, -39]]
[[1, 0], [25, 299], [-27, -299]]
[[1, 0], [25, 299], [-53, -598]]
[[1, 0], [25, 312], [-71, -312]]
[[1, 0], [25, 39], [-116, -169]]
[[1, 0], [25, 39], [-119, -78]]
[[1, 0], [25, 39], [-151, -104]]
[[1, 0], [25, 39], [-215, -156]]
[[1, 0], [25, 39], [-323, -468]]
[[1, 0], [25, 39], [-407, -312]]
[[1, 0], [25, 39], [-87, -52]]
[[1, 0], [25, 39], [-98, -117]]
[[1, 0], [25, 46], [-146, -161]]
[[1, 0], [25, 46], [-170, -299]]
[[1, 0], [25, 46], [-239, -368]]
[[1, 0], [25, 46], [-251, -414]]
[[1, 0], [25, 46], [-279, -322]]
[[1, 0], [25, 46], [-339, -598]]
[[1, 0], [25, 46], [-44, -69]]
[[1, 0], [25, 46], [-51, -46]]
[[1, 0], [25, 46], [-63, -92]]
[[1, 0], [25, 52], [-119, -104]]
[[1, 0], [25, 52], [-167, -156]]
[[1, 0], [25, 52], [-223, -416]]
[[1, 0], [25, 52], [-311, -312]]
[[1, 0], [25, 52], [-62, -117]]
[[1, 0], [25, 52], [-71, -52]]
[[1, 0], [25, 52], [-95, -78]]
[[1, 0], [25, 598], [-27, -598]]
[[1, 0], [25, 69], [-164, -345]]
[[1, 0], [25, 69], [-188, -483]]
[[1, 0], [25, 69], [-38, -69]]
[[1, 0], [25, 69], [-59, -115]]
[[1, 0], [25, 69], [-71, -184]]
[[1, 0], [25, 78], [-119, -156]]
[[1, 0], [25, 78], [-215, -312]]
[[1, 0], [25, 78], [-74, -195]]
[[1, 0], [25, 78], [-87, -104]]
[[1, 0], [25, 92], [-63, -184]]
[[1, 0], [250, 299], [-503, -598]]
[[1, 0], [251, 299], [-505, -598]]
[[1, 0], [254, 299], [-511, -598]]
[[1, 0], [255, 299], [-513, -598]]
[[1, 0], [255, 598], [-257, -598]]
[[1, 0], [256, 299], [-515, -598]]
[[1, 0], [257, 299], [-517, -598]]
[[1, 0], [257, 598], [-259, -598]]
[[1, 0], [258, 299], [-519, -598]]
[[1, 0], [259, 299], [-521, -598]]
[[1, 0], [259, 598], [-261, -598]]
[[1, 0], [26, 115], [-104, -345]]
[[1, 0], [26, 115], [-39, -115]]
[[1, 0], [261, 299], [-525, -598]]
[[1, 0], [261, 598], [-263, -598]]
[[1, 0], [262, 299], [-527, -598]]
[[1, 0], [263, 598], [-265, -598]]
[[1, 0], [264, 299], [-531, -598]]
[[1, 0], [265, 897], [-266, -897]]
[[1, 0], [266, 299], [-268, -299]]
[[1, 0], [266, 299], [-535, -598]]
[[1, 0], [267, 299], [-537, -598]]
[[1, 0], [267, 322], [-293, -322]]
[[1, 0], [267, 598], [-269, -598]]
[[1, 0], [268, 299], [-539, -598]]
[[1, 0], [268, 897], [-269, -897]]
[[1, 0], [269, 299], [-271, -299]]
[[1, 0], [269, 299], [-541, -598]]
[[1, 0], [269, 598], [-271, -598]]
[[1, 0], [27, 169], [-77, -338]]
[[1, 0], [27, 299], [-28, -299]]
[[1, 0], [27, 299], [-29, -299]]
[[1, 0], [27, 299], [-57, -598]]
[[1, 0], [27, 46], [-153, -161]]
[[1, 0], [27, 46], [-183, -299]]
[[1, 0], [27, 46], [-255, -368]]
[[1, 0], [27, 46], [-269, -414]]
[[1, 0], [27, 46], [-293, -322]]
[[1, 0], [27, 46], [-365, -598]]
[[1, 0], [27, 46], [-47, -69]]
[[1, 0], [27, 46], [-53, -46]]
[[1, 0], [27, 46], [-67, -92]]
[[1, 0], [27, 46], [-74, -115]]
[[1, 0], [27, 598], [-29, -598]]
[[1, 0], [270, 299], [-543, -598]]
[[1, 0], [271, 299], [-545, -598]]
[[1, 0], [272, 299], [-547, -598]]
[[1, 0], [274, 299], [-551, -598]]
[[1, 0], [275, 299], [-553, -598]]
[[1, 0], [275, 598], [-277, -598]]
[[1, 0], [277, 299], [-557, -598]]
[[1, 0], [277, 598], [-279, -598]]
[[1, 0], [279, 299], [-281, -299]]
[[1, 0], [279, 299], [-561, -598]]
[[1, 0], [279, 598], [-281, -598]]
[[1, 0], [28, 117], [-107, -351]]
[[1, 0], [28, 299], [-29, -299]]
[[1, 0], [28, 299], [-59, -598]]
[[1, 0], [28, 39], [-107, -117]]
[[1, 0], [28, 39], [-125, -78]]
[[1, 0], [28, 39], [-129, -169]]
[[1, 0], [28, 39], [-159, -104]]
[[1, 0], [28, 39], [-227, -156]]
[[1, 0], [28, 39], [-359, -468]]
[[1, 0], [28, 39], [-431, -312]]
[[1, 0], [28, 69], [-179, -345]]
[[1, 0], [28, 69], [-209, -483]]
[[1, 0], [28, 69], [-41, -69]]
[[1, 0], [28, 69], [-64, -115]]
[[1, 0], [28, 69], [-79, -184]]
[[1, 0], [28, 897], [-29, -897]]
[[1, 0], [280, 299], [-563, -598]]
[[1, 0], [281, 299], [-565, -598]]
[[1, 0], [282, 299], [-567, -598]]
[[1, 0], [283, 299], [-569, -598]]
[[1, 0], [283, 598], [-285, -598]]
[[1, 0], [284, 299], [-571, -598]]
[[1, 0], [285, 299], [-573, -598]]
[[1, 0], [285, 598], [-287, -598]]
[[1, 0], [287, 299], [-577, -598]]
[[1, 0], [287, 598], [-289, -598]]
[[1, 0], [288, 299], [-579, -598]]
[[1, 0], [289, 299], [-581, -598]]
[[1, 0], [289, 312], [-335, -312]]
[[1, 0], [289, 598], [-291, -598]]
[[1, 0], [29, 161], [-97, -322]]
[[1, 0], [29, 299], [-31, -299]]
[[1, 0], [29, 299], [-61, -598]]
[[1, 0], [29, 46], [-160, -161]]
[[1, 0], [29, 46], [-196, -299]]
[[1, 0], [29, 46], [-271, -368]]
[[1, 0], [29, 46], [-287, -414]]
[[1, 0], [29, 46], [-307, -322]]
[[1, 0], [29, 46], [-50, -69]]
[[1, 0], [29, 46], [-71, -92]]
[[1, 0], [29, 46], [-79, -115]]
[[1, 0], [29, 52], [-101, -78]]
[[1, 0], [29, 52], [-127, -104]]
[[1, 0], [29, 52], [-179, -156]]
[[1, 0], [29, 52], [-255, -416]]
[[1, 0], [29, 52], [-335, -312]]
[[1, 0], [29, 52], [-71, -117]]
[[1, 0], [29, 52], [-75, -52]]
[[1, 0], [29, 598], [-31, -598]]
[[1, 0], [29, 91], [-139, -364]]
[[1, 0], [29, 92], [-71, -184]]
[[1, 0], [29, 92], [-79, -230]]
[[1, 0], [290, 299], [-583, -598]]
[[1, 0], [292, 299], [-294, -299]]
[[1, 0], [292, 299], [-587, -598]]
[[1, 0], [292, 897], [-293, -897]]
[[1, 0], [293, 299], [-589, -598]]
[[1, 0], [293, 598], [-295, -598]]
[[1, 0], [294, 299], [-591, -598]]
[[1, 0], [295, 299], [-593, -598]]
[[1, 0], [295, 598], [-297, -598]]
[[1, 0], [296, 299], [-595, -598]]
[[1, 0], [297, 299], [-597, -598]]
[[1, 0], [298, 299], [-300, -299]]
[[1, 0], [298, 299], [-599, -598]]
[[1, 0], [3, 13], [-101, -39]]
[[1, 0], [3, 13], [-111, -182]]
[[1, 0], [3, 13], [-127, -52]]
[[1, 0], [3, 13], [-174, -455]]
[[1, 0], [3, 13], [-179, -78]]
[[1, 0], [3, 13], [-185, -403]]
[[1, 0], [3, 13], [-185, -598]]
[[1, 0], [3, 13], [-202, -377]]
[[1, 0], [3, 13], [-231, -104]]
[[1, 0], [3, 13], [-242, -351]]
[[1, 0], [3, 13], [-285, -338]]
[[1, 0], [3, 13], [-29, -26]]
[[1, 0], [3, 13], [-32, -39]]
[[1, 0], [3, 13], [-335, -156]]
[[1, 0], [3, 13], [-35, -52]]
[[1, 0], [3, 13], [-374, -325]]
[[1, 0], [3, 13], [-41, -78]]
[[1, 0], [3, 13], [-47, -104]]
[[1, 0], [3, 13], [-49, -13]]
[[1, 0], [3, 13], [-59, -156]]
[[1, 0], [3, 13], [-647, -312]]
[[1, 0], [3, 13], [-71, -24]]
[[1, 0], [3, 13], [-75, -26]]
[[1, 0], [3, 13], [-84, -65]]
[[1, 0], [3, 13], [-93, -299]]
[[1, 0], [3, 23], [-105, -598]]
[[1, 0], [3, 23], [-125, -161]]
[[1, 0], [3, 23], [-149, -345]]
[[1, 0], [3, 23], [-16, -23]]
[[1, 0], [3, 23], [-19, -46]]
[[1, 0], [3, 23], [-237, -322]]
[[1, 0], [3, 23], [-29, -23]]
[[1, 0], [3, 23], [-34, -161]]
[[1, 0], [3, 23], [-35, -69]]
[[1, 0], [3, 23], [-45, -46]]
[[1, 0], [3, 23], [-53, -207]]
[[1, 0], [3, 23], [-53, -299]]
[[1, 0], [3, 23], [-54, -115]]
[[1, 0], [3, 23], [-63, -184]]
[[1, 0], [3, 23], [-99, -460]]
[[1, 0], [3, 26], [-101, -78]]
[[1, 0], [3, 26], [-111, -364]]
[[1, 0], [3, 26], [-127, -104]]
[[1, 0], [3, 26], [-179, -156]]
[[1, 0], [3, 26], [-19, -65]]
[[1, 0], [3, 26], [-335, -312]]
[[1, 0], [3, 26], [-47, -208]]
[[1, 0], [3, 26], [-47, -299]]
[[1, 0], [3, 26], [-49, -26]]
[[1, 0], [3, 26], [-62, -39]]
[[1, 0], [3, 26], [-75, -52]]
[[1, 0], [3, 26], [-77, -169]]
[[1, 0], [3, 26], [-93, -598]]
[[1, 0], [3, 299], [-4, -299]]
[[1, 0], [3, 299], [-5, -299]]
[[1, 0], [3, 299], [-9, -598]]
[[1, 0], [3, 46], [-11, -69]]
[[1, 0], [3, 46], [-125, -322]]
[[1, 0], [3, 46], [-14, -115]]
[[1, 0], [3, 46], [-19, -92]]
[[1, 0], [3, 46], [-27, -299]]
[[1, 0], [3, 46], [-29, -46]]
[[1, 0], [3, 46], [-53, -414]]
[[1, 0], [3, 46], [-53, -598]]
[[1, 0], [3, 46], [-63, -368]]
[[1, 0], [3, 598], [-5, -598]]
[[1, 0], [30, 299], [-32, -299]]
[[1, 0], [30, 299], [-63, -598]]
[[1, 0], [304, 897], [-305, -897]]
[[1, 0], [305, 598], [-307, -598]]
[[1, 0], [309, 322], [-335, -322]]
[[1, 0], [31, 115], [-119, -345]]
[[1, 0], [31, 115], [-44, -115]]
[[1, 0], [31, 138], [-53, -207]]
[[1, 0], [31, 345], [-44, -345]]
[[1, 0], [31, 39], [-116, -117]]
[[1, 0], [31, 39], [-131, -78]]
[[1, 0], [31, 39], [-142, -169]]
[[1, 0], [31, 39], [-167, -104]]
[[1, 0], [31, 39], [-239, -156]]
[[1, 0], [31, 39], [-395, -468]]
[[1, 0], [31, 39], [-95, -52]]
[[1, 0], [31, 46], [-167, -161]]
[[1, 0], [31, 46], [-209, -299]]
[[1, 0], [31, 46], [-287, -368]]
[[1, 0], [31, 46], [-305, -414]]
[[1, 0], [31, 46], [-321, -322]]
[[1, 0], [31, 46], [-417, -598]]
[[1, 0], [31, 46], [-53, -69]]
[[1, 0], [31, 46], [-57, -46]]
[[1, 0], [31, 46], [-75, -92]]
[[1, 0], [31, 46], [-84, -115]]
[[1, 0], [31, 65], [-209, -390]]
[[1, 0], [31, 65], [-224, -325]]
[[1, 0], [31, 65], [-48, -91]]
[[1, 0], [31, 69], [-194, -345]]
[[1, 0], [31, 69], [-87, -184]]
[[1, 0], [31, 78], [-131, -156]]
[[1, 0], [31, 78], [-239, -312]]
[[1, 0], [31, 78], [-89, -195]]
[[1, 0], [31, 78], [-95, -104]]
[[1, 0], [315, 598], [-317, -598]]
[[1, 0], [316, 345], [-329, -345]]
[[1, 0], [32, 299], [-34, -299]]
[[1, 0], [32, 299], [-67, -598]]
[[1, 0], [33, 104], [-107, -156]]
[[1, 0], [33, 104], [-191, -312]]
[[1, 0], [33, 184], [-79, -368]]
[[1, 0], [33, 299], [-34, -299]]
[[1, 0], [33, 299], [-35, -299]]
[[1, 0], [33, 46], [-174, -161]]
[[1, 0], [33, 46], [-222, -299]]
[[1, 0], [33, 46], [-303, -368]]
[[1, 0], [33, 46], [-323, -414]]
[[1, 0], [33, 46], [-335, -322]]
[[1, 0], [33, 46], [-443, -598]]
[[1, 0], [33, 46], [-56, -69]]
[[1, 0], [33, 46], [-59, -46]]
[[1, 0], [33, 46], [-79, -92]]
[[1, 0], [33, 46], [-89, -115]]
[[1, 0], [33, 52], [-107, -78]]
[[1, 0], [33, 52], [-135, -104]]
[[1, 0], [33, 52], [-191, -156]]
[[1, 0], [33, 52], [-287, -416]]
[[1, 0], [33, 52], [-359, -312]]
[[1, 0], [33, 52], [-80, -117]]
[[1, 0], [33, 598], [-35, -598]]
[[1, 0], [33, 92], [-79, -184]]
[[1, 0], [33, 92], [-89, -230]]
[[1, 0], [331, 598], [-333, -598]]
[[1, 0], [34, 299], [-35, -299]]
[[1, 0], [34, 299], [-36, -299]]
[[1, 0], [34, 299], [-71, -598]]
[[1, 0], [34, 39], [-125, -117]]
[[1, 0], [34, 39], [-137, -78]]
[[1, 0], [34, 39], [-155, -169]]
[[1, 0], [34, 39], [-175, -104]]
[[1, 0], [34, 39], [-251, -156]]
[[1, 0], [34, 39], [-431, -468]]
[[1, 0], [34, 39], [-479, -312]]
[[1, 0], [34, 39], [-80, -39]]
[[1, 0], [34, 39], [-99, -52]]
[[1, 0], [34, 69], [-209, -345]]
[[1, 0], [34, 69], [-251, -483]]
[[1, 0], [34, 69], [-74, -115]]
[[1, 0], [34, 69], [-95, -184]]
[[1, 0], [34, 897], [-35, -897]]
[[1, 0], [35, 299], [-36, -299]]
[[1, 0], [35, 299], [-37, -299]]
[[1, 0], [35, 299], [-73, -598]]
[[1, 0], [35, 46], [-181, -161]]
[[1, 0], [35, 46], [-235, -299]]
[[1, 0], [35, 46], [-319, -368]]
[[1, 0], [35, 46], [-341, -414]]
[[1, 0], [35, 46], [-349, -322]]
[[1, 0], [35, 46], [-469, -598]]
[[1, 0], [35, 46], [-59, -69]]
[[1, 0], [35, 46], [-83, -92]]
[[1, 0], [35, 46], [-94, -115]]
[[1, 0], [35, 598], [-37, -598]]
[[1, 0], [357, 598], [-359, -598]]
[[1, 0], [36, 115], [-134, -345]]
[[1, 0], [36, 115], [-49, -115]]
[[1, 0], [36, 161], [-111, -322]]
[[1, 0], [36, 161], [-62, -161]]
[[1, 0], [36, 299], [-38, -299]]
[[1, 0], [36, 299], [-75, -598]]
[[1, 0], [36, 65], [-239, -390]]
[[1, 0], [36, 65], [-249, -325]]
[[1, 0], [36, 65], [-55, -91]]
[[1, 0], [36, 91], [-167, -364]]
[[1, 0], [365, 598], [-367, -598]]
[[1, 0], [37, 117], [-134, -351]]
[[1, 0], [37, 138], [-62, -207]]
[[1, 0], [37, 156], [-83, -156]]
[[1, 0], [37, 299], [-38, -299]]
[[1, 0], [37, 299], [-77, -598]]
[[1, 0], [37, 39], [-103, -52]]
[[1, 0], [37, 39], [-134, -117]]
[[1, 0], [37, 39], [-168, -169]]
[[1, 0], [37, 39], [-183, -104]]
[[1, 0], [37, 39], [-263, -156]]
[[1, 0], [37, 39], [-467, -468]]
[[1, 0], [37, 39], [-503, -312]]
[[1, 0], [37, 39], [-53, -54]]
[[1, 0], [37, 46], [-188, -161]]
[[1, 0], [37, 46], [-248, -299]]
[[1, 0], [37, 46], [-335, -368]]
[[1, 0], [37, 46], [-359, -414]]
[[1, 0], [37, 46], [-363, -322]]
[[1, 0], [37, 46], [-495, -598]]
[[1, 0], [37, 46], [-62, -69]]
[[1, 0], [37, 46], [-63, -46]]
[[1, 0], [37, 46], [-87, -92]]
[[1, 0], [37, 46], [-99, -115]]
[[1, 0], [37, 52], [-113, -78]]
[[1, 0], [37, 52], [-203, -156]]
[[1, 0], [37, 52], [-319, -416]]
[[1, 0], [37, 52], [-383, -312]]
[[1, 0], [37, 52], [-89, -117]]
[[1, 0], [37, 69], [-103, -184]]
[[1, 0], [37, 69], [-224, -345]]
[[1, 0], [37, 69], [-272, -483]]
[[1, 0], [37, 69], [-79, -115]]
[[1, 0], [37, 78], [-103, -104]]
[[1, 0], [37, 78], [-263, -312]]
[[1, 0], [37, 78], [-83, -78]]
[[1, 0], [37, 897], [-38, -897]]
[[1, 0], [37, 92], [-87, -184]]
[[1, 0], [37, 92], [-99, -230]]
[[1, 0], [38, 299], [-40, -299]]
[[1, 0], [38, 299], [-79, -598]]
[[1, 0], [382, 897], [-383, -897]]
[[1, 0], [383, 598], [-385, -598]]
[[1, 0], [39, 46], [-104, -115]]
[[1, 0], [39, 46], [-195, -161]]
[[1, 0], [39, 46], [-261, -299]]
[[1, 0], [39, 46], [-351, -368]]
[[1, 0], [39, 46], [-377, -322]]
[[1, 0], [39, 46], [-377, -414]]
[[1, 0], [39, 46], [-521, -598]]
[[1, 0], [39, 46], [-65, -69]]
[[1, 0], [39, 46], [-91, -92]]
[[1, 0], [4, 13], [-116, -299]]
[[1, 0], [4, 13], [-125, -182]]
[[1, 0], [4, 13], [-131, -52]]
[[1, 0], [4, 13], [-185, -78]]
[[1, 0], [4, 13], [-209, -455]]
[[1, 0], [4, 13], [-216, -403]]
[[1, 0], [4, 13], [-231, -377]]
[[1, 0], [4, 13], [-231, -598]]
[[1, 0], [4, 13], [-239, -104]]
[[1, 0], [4, 13], [-26, -27]]
[[1, 0], [4, 13], [-269, -351]]
[[1, 0], [4, 13], [-27, -13]]
[[1, 0], [4, 13], [-31, -26]]
[[1, 0], [4, 13], [-311, -338]]
[[1, 0], [4, 13], [-347, -156]]
[[1, 0], [4, 13], [-35, -39]]
[[1, 0], [4, 13], [-399, -325]]
[[1, 0], [4, 13], [-47, -78]]
[[1, 0], [4, 13], [-55, -104]]
[[1, 0], [4, 13], [-671, -312]]
[[1, 0], [4, 13], [-71, -156]]
[[1, 0], [4, 13], [-77, -26]]
[[1, 0], [4, 13], [-89, -65]]
[[1, 0], [4, 23], [-119, -460]]
[[1, 0], [4, 23], [-131, -598]]
[[1, 0], [4, 23], [-132, -161]]
[[1, 0], [4, 23], [-164, -345]]
[[1, 0], [4, 23], [-17, -23]]
[[1, 0], [4, 23], [-21, -46]]
[[1, 0], [4, 23], [-251, -322]]
[[1, 0], [4, 23], [-30, -23]]
[[1, 0], [4, 23], [-38, -69]]
[[1, 0], [4, 23], [-41, -161]]
[[1, 0], [4, 23], [-47, -46]]
[[1, 0], [4, 23], [-59, -115]]
[[1, 0], [4, 23], [-62, -207]]
[[1, 0], [4, 23], [-66, -299]]
[[1, 0], [4, 23], [-71, -184]]
[[1, 0], [4, 299], [-11, -598]]
[[1, 0], [4, 299], [-6, -299]]
[[1, 0], [4, 39], [-131, -156]]
[[1, 0], [4, 39], [-239, -312]]
[[1, 0], [4, 39], [-25, -169]]
[[1, 0], [4, 39], [-35, -117]]
[[1, 0], [4, 39], [-50, -39]]
[[1, 0], [4, 39], [-59, -52]]
[[1, 0], [4, 39], [-71, -468]]
[[1, 0], [4, 39], [-77, -78]]
[[1, 0], [4, 39], [-95, -104]]
[[1, 0], [4, 69], [-15, -184]]
[[1, 0], [4, 69], [-17, -69]]
[[1, 0], [4, 69], [-24, -115]]
[[1, 0], [4, 69], [-41, -483]]
[[1, 0], [4, 69], [-59, -345]]
[[1, 0], [40, 169], [-103, -338]]
[[1, 0], [40, 299], [-41, -299]]
[[1, 0], [40, 299], [-42, -299]]
[[1, 0], [40, 299], [-83, -598]]
[[1, 0], [40, 69], [-111, -184]]
[[1, 0], [40, 69], [-239, -345]]
[[1, 0], [40, 69], [-293, -483]]
[[1, 0], [40, 69], [-53, -69]]
[[1, 0], [40, 69], [-84, -115]]
[[1, 0], [40, 897], [-41, -897]]
[[1, 0], [400, 897], [-401, -897]]
[[1, 0], [407, 598], [-409, -598]]
[[1, 0], [409, 598], [-411, -598]]
[[1, 0], [41, 104], [-119, -156]]
[[1, 0], [41, 104], [-215, -312]]
[[1, 0], [41, 115], [-149, -345]]
[[1, 0], [41, 115], [-54, -115]]
[[1, 0], [41, 184], [-95, -368]]
[[1, 0], [41, 299], [-42, -299]]
[[1, 0], [41, 299], [-43, -299]]
[[1, 0], [41, 299], [-85, -598]]
[[1, 0], [41, 46], [-109, -115]]
[[1, 0], [41, 46], [-202, -161]]
[[1, 0], [41, 46], [-274, -299]]
[[1, 0], [41, 46], [-367, -368]]
[[1, 0], [41, 46], [-395, -414]]
[[1, 0], [41, 46], [-547, -598]]
[[1, 0], [41, 46], [-68, -69]]
[[1, 0], [41, 46], [-95, -92]]
[[1, 0], [41, 52], [-119, -78]]
[[1, 0], [41, 52], [-151, -104]]
[[1, 0], [41, 52], [-215, -156]]
[[1, 0], [41, 52], [-407, -312]]
[[1, 0], [41, 52], [-98, -117]]
[[1, 0], [41, 598], [-43, -598]]
[[1, 0], [41, 65], [-269, -390]]
[[1, 0], [41, 65], [-274, -325]]
[[1, 0], [41, 65], [-62, -91]]
[[1, 0], [41, 92], [-109, -230]]
[[1, 0], [41, 92], [-95, -184]]
[[1, 0], [42, 299], [-43, -299]]
[[1, 0], [42, 299], [-44, -299]]
[[1, 0], [42, 299], [-87, -598]]
[[1, 0], [421, 897], [-422, -897]]
[[1, 0], [43, 138], [-71, -207]]
[[1, 0], [43, 161], [-125, -322]]
[[1, 0], [43, 299], [-45, -299]]
[[1, 0], [43, 299], [-89, -598]]
[[1, 0], [43, 46], [-114, -115]]
[[1, 0], [43, 46], [-209, -161]]
[[1, 0], [43, 46], [-287, -299]]
[[1, 0], [43, 46], [-383, -368]]
[[1, 0], [43, 46], [-405, -322]]
[[1, 0], [43, 46], [-413, -414]]
[[1, 0], [43, 46], [-573, -598]]
[[1, 0], [43, 46], [-71, -69]]
[[1, 0], [43, 46], [-99, -92]]
[[1, 0], [43, 598], [-45, -598]]
[[1, 0], [43, 69], [-119, -184]]
[[1, 0], [43, 69], [-254, -345]]
[[1, 0], [43, 69], [-314, -483]]
[[1, 0], [43, 69], [-89, -115]]
[[1, 0], [43, 78], [-111, -104]]
[[1, 0], [43, 78], [-119, -195]]
[[1, 0], [43, 78], [-155, -156]]
[[1, 0], [43, 78], [-287, -312]]
[[1, 0], [43, 78], [-89, -78]]
[[1, 0], [45, 299], [-47, -299]]
[[1, 0], [45, 299], [-93, -598]]
[[1, 0], [45, 46], [-103, -92]]
[[1, 0], [45, 46], [-119, -115]]
[[1, 0], [45, 46], [-216, -161]]
[[1, 0], [45, 46], [-300, -299]]
[[1, 0], [45, 46], [-399, -368]]
[[1, 0], [45, 46], [-419, -322]]
[[1, 0], [45, 46], [-431, -414]]
[[1, 0], [45, 46], [-599, -598]]
[[1, 0], [45, 46], [-74, -69]]
[[1, 0], [45, 52], [-107, -117]]
[[1, 0], [45, 52], [-125, -78]]
[[1, 0], [45, 52], [-159, -104]]
[[1, 0], [45, 52], [-227, -156]]
[[1, 0], [45, 52], [-383, -416]]
[[1, 0], [45, 52], [-431, -312]]
[[1, 0], [45, 598], [-47, -598]]
[[1, 0], [45, 92], [-103, -184]]
[[1, 0], [45, 92], [-119, -230]]
[[1, 0], [46, 117], [-161, -351]]
[[1, 0], [46, 65], [-69, -65]]
[[1, 0], [46, 65], [-69, -91]]
[[1, 0], [461, 598], [-463, -598]]
[[1, 0], [47, 299], [-48, -299]]
[[1, 0], [47, 299], [-49, -299]]
[[1, 0], [47, 299], [-97, -598]]
[[1, 0], [47, 598], [-49, -598]]
[[1, 0], [48, 299], [-49, -299]]
[[1, 0], [48, 299], [-50, -299]]
[[1, 0], [48, 299], [-99, -598]]
[[1, 0], [487, 598], [-489, -598]]
[[1, 0], [49, 104], [-131, -156]]
[[1, 0], [49, 104], [-239, -312]]
[[1, 0], [49, 138], [-80, -207]]
[[1, 0], [49, 156], [-167, -312]]
[[1, 0], [49, 184], [-111, -368]]
[[1, 0], [49, 299], [-101, -598]]
[[1, 0], [49, 299], [-51, -299]]
[[1, 0], [49, 52], [-116, -117]]
[[1, 0], [49, 52], [-131, -78]]
[[1, 0], [49, 52], [-167, -104]]
[[1, 0], [49, 52], [-239, -156]]
[[1, 0], [49, 52], [-415, -416]]
[[1, 0], [49, 598], [-51, -598]]
[[1, 0], [49, 69], [-135, -184]]
[[1, 0], [49, 69], [-284, -345]]
[[1, 0], [49, 69], [-356, -483]]
[[1, 0], [49, 69], [-99, -115]]
[[1, 0], [49, 78], [-119, -104]]
[[1, 0], [49, 78], [-134, -195]]
[[1, 0], [49, 78], [-167, -156]]
[[1, 0], [49, 78], [-311, -312]]
[[1, 0], [49, 92], [-111, -184]]
[[1, 0], [49, 92], [-129, -230]]
[[1, 0], [499, 598], [-501, -598]]
[[1, 0], [5, 13], [-107, -39]]
[[1, 0], [5, 13], [-135, -52]]
[[1, 0], [5, 13], [-139, -182]]
[[1, 0], [5, 13], [-139, -299]]
[[1, 0], [5, 13], [-191, -78]]
[[1, 0], [5, 13], [-244, -455]]
[[1, 0], [5, 13], [-277, -598]]
[[1, 0], [5, 13], [-28, -13]]
[[1, 0], [5, 13], [-296, -351]]
[[1, 0], [5, 13], [-33, -26]]
[[1, 0], [5, 13], [-337, -338]]
[[1, 0], [5, 13], [-359, -156]]
[[1, 0], [5, 13], [-38, -39]]
[[1, 0], [5, 13], [-424, -325]]
[[1, 0], [5, 13], [-43, -52]]
[[1, 0], [5, 13], [-53, -78]]
[[1, 0], [5, 13], [-63, -104]]
[[1, 0], [5, 13], [-695, -312]]
[[1, 0], [5, 13], [-79, -26]]
[[1, 0], [5, 13], [-83, -156]]
[[1, 0], [5, 13], [-94, -65]]
[[1, 0], [5, 23], [-139, -161]]
[[1, 0], [5, 23], [-139, -460]]
[[1, 0], [5, 23], [-157, -598]]
[[1, 0], [5, 23], [-179, -345]]
[[1, 0], [5, 23], [-18, -23]]
[[1, 0], [5, 23], [-265, -322]]
[[1, 0], [5, 23], [-31, -23]]
[[1, 0], [5, 23], [-41, -69]]
[[1, 0], [5, 23], [-48, -161]]
[[1, 0], [5, 23], [-49, -46]]
[[1, 0], [5, 23], [-64, -115]]
[[1, 0], [5, 23], [-71, -207]]
[[1, 0], [5, 23], [-79, -184]]
[[1, 0], [5, 23], [-79, -299]]
[[1, 0], [5, 26], [-107, -78]]
[[1, 0], [5, 26], [-135, -104]]
[[1, 0], [5, 26], [-139, -364]]
[[1, 0], [5, 26], [-139, -598]]
[[1, 0], [5, 26], [-191, -156]]
[[1, 0], [5, 26], [-24, -65]]
[[1, 0], [5, 26], [-359, -312]]
[[1, 0], [5, 26], [-63, -208]]
[[1, 0], [5, 26], [-70, -299]]
[[1, 0], [5, 26], [-79, -52]]
[[1, 0], [5, 26], [-90, -169]]
[[1, 0], [5, 299], [-6, -299]]
[[1, 0], [5, 46], [-139, -322]]
[[1, 0], [5, 46], [-14, -69]]
[[1, 0], [5, 46], [-19, -115]]
[[1, 0], [5, 46], [-31, -46]]
[[1, 0], [5, 46], [-40, -299]]
[[1, 0], [5, 46], [-71, -414]]
[[1, 0], [5, 46], [-76, -161]]
[[1, 0], [5, 46], [-79, -368]]
[[1, 0], [5, 46], [-79, -598]]
[[1, 0], [5, 52], [-107, -156]]
[[1, 0], [5, 52], [-17, -117]]
[[1, 0], [5, 52], [-191, -312]]
[[1, 0], [5, 52], [-63, -416]]
[[1, 0], [5, 52], [-79, -104]]
[[1, 0], [5, 92], [-19, -230]]
[[1, 0], [50, 161], [-139, -322]]
[[1, 0], [50, 161], [-76, -161]]
[[1, 0], [50, 299], [-103, -598]]
[[1, 0], [50, 91], [-223, -364]]
[[1, 0], [51, 115], [-179, -345]]
[[1, 0], [51, 115], [-64, -115]]
[[1, 0], [51, 299], [-105, -598]]
[[1, 0], [51, 325], [-74, -325]]
[[1, 0], [51, 65], [-324, -325]]
[[1, 0], [51, 65], [-329, -390]]
[[1, 0], [51, 65], [-74, -65]]
[[1, 0], [51, 65], [-76, -91]]
[[1, 0], [513, 598], [-515, -598]]
[[1, 0], [52, 69], [-104, -115]]
[[1, 0], [52, 69], [-143, -184]]
[[1, 0], [52, 69], [-377, -483]]
[[1, 0], [53, 169], [-129, -338]]
[[1, 0], [53, 299], [-109, -598]]
[[1, 0], [53, 299], [-54, -299]]
[[1, 0], [53, 299], [-55, -299]]
[[1, 0], [53, 598], [-55, -598]]
[[1, 0], [53, 92], [-119, -184]]
[[1, 0], [53, 92], [-139, -230]]
[[1, 0], [538, 897], [-539, -897]]
[[1, 0], [539, 598], [-541, -598]]
[[1, 0], [54, 299], [-111, -598]]
[[1, 0], [54, 299], [-55, -299]]
[[1, 0], [54, 299], [-56, -299]]
[[1, 0], [541, 897], [-542, -897]]
[[1, 0], [545, 598], [-547, -598]]
[[1, 0], [55, 117], [-188, -351]]
[[1, 0], [55, 138], [-89, -207]]
[[1, 0], [55, 299], [-113, -598]]
[[1, 0], [55, 299], [-57, -299]]
[[1, 0], [55, 598], [-57, -598]]
[[1, 0], [55, 69], [-109, -115]]
[[1, 0], [55, 69], [-151, -184]]
[[1, 0], [55, 69], [-314, -345]]
[[1, 0], [55, 69], [-398, -483]]
[[1, 0], [55, 78], [-101, -78]]
[[1, 0], [55, 78], [-127, -104]]
[[1, 0], [55, 78], [-149, -195]]
[[1, 0], [55, 78], [-179, -156]]
[[1, 0], [55, 78], [-335, -312]]
[[1, 0], [56, 115], [-194, -345]]
[[1, 0], [56, 299], [-58, -299]]
[[1, 0], [56, 65], [-349, -325]]
[[1, 0], [56, 65], [-359, -390]]
[[1, 0], [56, 65], [-83, -91]]
[[1, 0], [565, 598], [-567, -598]]
[[1, 0], [57, 104], [-263, -312]]
[[1, 0], [57, 161], [-153, -322]]
[[1, 0], [57, 161], [-83, -161]]
[[1, 0], [57, 184], [-127, -368]]
[[1, 0], [57, 322], [-83, -322]]
[[1, 0], [57, 91], [-251, -364]]
[[1, 0], [57, 92], [-127, -184]]
[[1, 0], [57, 92], [-149, -230]]
[[1, 0], [58, 299], [-119, -598]]
[[1, 0], [58, 299], [-59, -299]]
[[1, 0], [58, 299], [-60, -299]]
[[1, 0], [58, 69], [-114, -115]]
[[1, 0], [58, 69], [-159, -184]]
[[1, 0], [58, 69], [-329, -345]]
[[1, 0], [58, 69], [-419, -483]]
[[1, 0], [58, 69], [-71, -69]]
[[1, 0], [58, 897], [-59, -897]]
[[1, 0], [59, 299], [-121, -598]]
[[1, 0], [59, 299], [-61, -299]]
[[1, 0], [59, 598], [-61, -598]]
[[1, 0], [591, 598], [-593, -598]]
[[1, 0], [597, 598], [-599, -598]]
[[1, 0], [6, 115], [-19, -115]]
[[1, 0], [6, 115], [-44, -345]]
[[1, 0], [6, 13], [-110, -39]]
[[1, 0], [6, 13], [-139, -52]]
[[1, 0], [6, 13], [-14, -15]]
[[1, 0], [6, 13], [-153, -182]]
[[1, 0], [6, 13], [-162, -299]]
[[1, 0], [6, 13], [-197, -78]]
[[1, 0], [6, 13], [-255, -104]]
[[1, 0], [6, 13], [-278, -403]]
[[1, 0], [6, 13], [-279, -455]]
[[1, 0], [6, 13], [-289, -377]]
[[1, 0], [6, 13], [-29, -13]]
[[1, 0], [6, 13], [-323, -351]]
[[1, 0], [6, 13], [-323, -598]]
[[1, 0], [6, 13], [-35, -26]]
[[1, 0], [6, 13], [-363, -338]]
[[1, 0], [6, 13], [-371, -156]]
[[1, 0], [6, 13], [-41, -39]]
[[1, 0], [6, 13], [-449, -325]]
[[1, 0], [6, 13], [-47, -52]]
[[1, 0], [6, 13], [-59, -78]]
[[1, 0], [6, 13], [-71, -104]]
[[1, 0], [6, 13], [-719, -312]]
[[1, 0], [6, 13], [-81, -26]]
[[1, 0], [6, 13], [-95, -156]]
[[1, 0], [6, 13], [-99, -65]]
[[1, 0], [6, 23], [-146, -161]]
[[1, 0], [6, 23], [-159, -460]]
[[1, 0], [6, 23], [-183, -598]]
[[1, 0], [6, 23], [-194, -345]]
[[1, 0], [6, 23], [-25, -46]]
[[1, 0], [6, 23], [-279, -322]]
[[1, 0], [6, 23], [-44, -69]]
[[1, 0], [6, 23], [-51, -46]]
[[1, 0], [6, 23], [-55, -161]]
[[1, 0], [6, 23], [-80, -207]]
[[1, 0], [6, 23], [-87, -184]]
[[1, 0], [6, 299], [-15, -598]]
[[1, 0], [6, 299], [-8, -299]]
[[1, 0], [6, 65], [-29, -65]]
[[1, 0], [6, 65], [-59, -390]]
[[1, 0], [6, 65], [-99, -325]]
[[1, 0], [60, 299], [-123, -598]]
[[1, 0], [60, 299], [-62, -299]]
[[1, 0], [61, 115], [-209, -345]]
[[1, 0], [61, 138], [-98, -207]]
[[1, 0], [61, 156], [-107, -156]]
[[1, 0], [61, 156], [-191, -312]]
[[1, 0], [61, 299], [-125, -598]]
[[1, 0], [61, 299], [-63, -299]]
[[1, 0], [61, 345], [-74, -345]]
[[1, 0], [61, 598], [-63, -598]]
[[1, 0], [61, 65], [-374, -325]]
[[1, 0], [61, 65], [-389, -390]]
[[1, 0], [61, 65], [-90, -91]]
[[1, 0], [61, 69], [-119, -115]]
[[1, 0], [61, 69], [-167, -184]]
[[1, 0], [61, 69], [-344, -345]]
[[1, 0], [61, 69], [-440, -483]]
[[1, 0], [61, 69], [-74, -69]]
[[1, 0], [61, 78], [-107, -78]]
[[1, 0], [61, 78], [-135, -104]]
[[1, 0], [61, 78], [-164, -195]]
[[1, 0], [61, 78], [-191, -156]]
[[1, 0], [61, 78], [-359, -312]]
[[1, 0], [61, 897], [-62, -897]]
[[1, 0], [61, 92], [-135, -184]]
[[1, 0], [61, 92], [-159, -230]]
[[1, 0], [616, 897], [-617, -897]]
[[1, 0], [62, 299], [-127, -598]]
[[1, 0], [62, 299], [-64, -299]]
[[1, 0], [63, 299], [-129, -598]]
[[1, 0], [64, 117], [-215, -351]]
[[1, 0], [64, 161], [-167, -322]]
[[1, 0], [64, 161], [-90, -161]]
[[1, 0], [64, 299], [-131, -598]]
[[1, 0], [64, 299], [-66, -299]]
[[1, 0], [64, 69], [-124, -115]]
[[1, 0], [64, 69], [-175, -184]]
[[1, 0], [64, 69], [-359, -345]]
[[1, 0], [64, 69], [-461, -483]]
[[1, 0], [64, 91], [-279, -364]]
[[1, 0], [65, 184], [-143, -368]]
[[1, 0], [65, 92], [-143, -184]]
[[1, 0], [65, 92], [-169, -230]]
[[1, 0], [66, 115], [-224, -345]]
[[1, 0], [66, 169], [-155, -338]]
[[1, 0], [66, 299], [-135, -598]]
[[1, 0], [66, 299], [-68, -299]]
[[1, 0], [67, 138], [-107, -207]]
[[1, 0], [67, 299], [-137, -598]]
[[1, 0], [67, 69], [-129, -115]]
[[1, 0], [67, 69], [-183, -184]]
[[1, 0], [67, 69], [-374, -345]]
[[1, 0], [67, 69], [-482, -483]]
[[1, 0], [67, 78], [-179, -195]]
[[1, 0], [67, 78], [-203, -156]]
[[1, 0], [67, 78], [-383, -312]]
[[1, 0], [67, 897], [-68, -897]]
[[1, 0], [68, 299], [-139, -598]]
[[1, 0], [68, 299], [-70, -299]]
[[1, 0], [7, 138], [-17, -207]]
[[1, 0], [7, 13], [-107, -156]]
[[1, 0], [7, 13], [-113, -39]]
[[1, 0], [7, 13], [-167, -182]]
[[1, 0], [7, 13], [-185, -299]]
[[1, 0], [7, 13], [-203, -78]]
[[1, 0], [7, 13], [-263, -104]]
[[1, 0], [7, 13], [-28, -29]]
[[1, 0], [7, 13], [-30, -13]]
[[1, 0], [7, 13], [-309, -403]]
[[1, 0], [7, 13], [-314, -455]]
[[1, 0], [7, 13], [-318, -377]]
[[1, 0], [7, 13], [-350, -351]]
[[1, 0], [7, 13], [-369, -598]]
[[1, 0], [7, 13], [-37, -26]]
[[1, 0], [7, 13], [-383, -156]]
[[1, 0], [7, 13], [-389, -338]]
[[1, 0], [7, 13], [-44, -39]]
[[1, 0], [7, 13], [-474, -325]]
[[1, 0], [7, 13], [-51, -52]]
[[1, 0], [7, 13], [-53, -13]]
[[1, 0], [7, 13], [-743, -312]]
[[1, 0], [7, 13], [-79, -104]]
[[1, 0], [7, 13], [-83, -26]]
[[1, 0], [7, 23], [-105, -299]]
[[1, 0], [7, 23], [-153, -161]]
[[1, 0], [7, 23], [-179, -460]]
[[1, 0], [7, 23], [-209, -345]]
[[1, 0], [7, 23], [-209, -598]]
[[1, 0], [7, 23], [-27, -46]]
[[1, 0], [7, 23], [-293, -322]]
[[1, 0], [7, 23], [-33, -23]]
[[1, 0], [7, 23], [-47, -69]]
[[1, 0], [7, 23], [-53, -46]]
[[1, 0], [7, 23], [-62, -161]]
[[1, 0], [7, 23], [-74, -115]]
[[1, 0], [7, 23], [-89, -207]]
[[1, 0], [7, 23], [-95, -184]]
[[1, 0], [7, 26], [-103, -169]]
[[1, 0], [7, 26], [-113, -78]]
[[1, 0], [7, 26], [-167, -364]]
[[1, 0], [7, 26], [-185, -598]]
[[1, 0], [7, 26], [-203, -156]]
[[1, 0], [7, 26], [-29, -65]]
[[1, 0], [7, 26], [-383, -312]]
[[1, 0], [7, 26], [-53, -26]]
[[1, 0], [7, 26], [-68, -39]]
[[1, 0], [7, 26], [-79, -208]]
[[1, 0], [7, 26], [-83, -52]]
[[1, 0], [7, 26], [-93, -299]]
[[1, 0], [7, 299], [-17, -598]]
[[1, 0], [7, 299], [-8, -299]]
[[1, 0], [7, 299], [-9, -299]]
[[1, 0], [7, 39], [-103, -104]]
[[1, 0], [7, 39], [-107, -468]]
[[1, 0], [7, 39], [-263, -312]]
[[1, 0], [7, 39], [-38, -169]]
[[1, 0], [7, 39], [-44, -117]]
[[1, 0], [7, 39], [-53, -39]]
[[1, 0], [7, 39], [-63, -52]]
[[1, 0], [7, 39], [-83, -78]]
[[1, 0], [7, 46], [-105, -598]]
[[1, 0], [7, 46], [-153, -322]]
[[1, 0], [7, 46], [-17, -69]]
[[1, 0], [7, 46], [-24, -115]]
[[1, 0], [7, 46], [-27, -92]]
[[1, 0], [7, 46], [-33, -46]]
[[1, 0], [7, 46], [-53, -299]]
[[1, 0], [7, 46], [-83, -161]]
[[1, 0], [7, 46], [-89, -414]]
[[1, 0], [7, 46], [-95, -368]]
[[1, 0], [7, 598], [-9, -598]]
[[1, 0], [7, 69], [-20, -69]]
[[1, 0], [7, 69], [-29, -115]]
[[1, 0], [7, 69], [-62, -483]]
[[1, 0], [7, 69], [-74, -345]]
[[1, 0], [7, 78], [-29, -195]]
[[1, 0], [7, 78], [-53, -78]]
[[1, 0], [7, 78], [-63, -104]]
[[1, 0], [7, 78], [-83, -156]]
[[1, 0], [7, 897], [-8, -897]]
[[1, 0], [70, 299], [-72, -299]]
[[1, 0], [70, 897], [-71, -897]]
[[1, 0], [71, 115], [-239, -345]]
[[1, 0], [71, 161], [-181, -322]]
[[1, 0], [71, 299], [-145, -598]]
[[1, 0], [71, 299], [-73, -299]]
[[1, 0], [71, 322], [-97, -322]]
[[1, 0], [71, 598], [-73, -598]]
[[1, 0], [71, 91], [-307, -364]]
[[1, 0], [72, 299], [-147, -598]]
[[1, 0], [72, 299], [-74, -299]]
[[1, 0], [73, 104], [-119, -104]]
[[1, 0], [73, 104], [-167, -156]]
[[1, 0], [73, 104], [-311, -312]]
[[1, 0], [73, 117], [-242, -351]]
[[1, 0], [73, 138], [-116, -207]]
[[1, 0], [73, 156], [-215, -312]]
[[1, 0], [73, 184], [-159, -368]]
[[1, 0], [73, 299], [-149, -598]]
[[1, 0], [73, 299], [-75, -299]]
[[1, 0], [73, 312], [-119, -312]]
[[1, 0], [73, 598], [-75, -598]]
[[1, 0], [73, 78], [-151, -104]]
[[1, 0], [73, 78], [-194, -195]]
[[1, 0], [73, 78], [-215, -156]]
[[1, 0], [73, 78], [-407, -312]]
[[1, 0], [73, 92], [-159, -184]]
[[1, 0], [73, 92], [-189, -230]]
[[1, 0], [74, 299], [-151, -598]]
[[1, 0], [75, 299], [-153, -598]]
[[1, 0], [75, 299], [-77, -299]]
[[1, 0], [75, 598], [-77, -598]]
[[1, 0], [76, 115], [-254, -345]]
[[1, 0], [76, 299], [-155, -598]]
[[1, 0], [76, 325], [-99, -325]]
[[1, 0], [76, 345], [-89, -345]]
[[1, 0], [77, 299], [-157, -598]]
[[1, 0], [77, 299], [-79, -299]]
[[1, 0], [77, 598], [-79, -598]]
[[1, 0], [77, 92], [-167, -184]]
[[1, 0], [77, 92], [-199, -230]]
[[1, 0], [78, 161], [-195, -322]]
[[1, 0], [79, 138], [-125, -207]]
[[1, 0], [79, 169], [-181, -338]]
[[1, 0], [79, 299], [-81, -299]]
[[1, 0], [79, 598], [-81, -598]]
[[1, 0], [79, 897], [-80, -897]]
[[1, 0], [8, 13], [-109, -65]]
[[1, 0], [8, 13], [-116, -39]]
[[1, 0], [8, 13], [-119, -156]]
[[1, 0], [8, 13], [-147, -52]]
[[1, 0], [8, 13], [-181, -182]]
[[1, 0], [8, 13], [-209, -78]]
[[1, 0], [8, 13], [-271, -104]]
[[1, 0], [8, 13], [-31, -13]]
[[1, 0], [8, 13], [-340, -403]]
[[1, 0], [8, 13], [-347, -377]]
[[1, 0], [8, 13], [-349, -455]]
[[1, 0], [8, 13], [-395, -156]]
[[1, 0], [8, 13], [-415, -338]]
[[1, 0], [8, 13], [-415, -598]]
[[1, 0], [8, 13], [-47, -39]]
[[1, 0], [8, 13], [-49, -25]]
[[1, 0], [8, 13], [-499, -325]]
[[1, 0], [8, 13], [-54, -13]]
[[1, 0], [8, 13], [-55, -52]]
[[1, 0], [8, 13], [-71, -78]]
[[1, 0], [8, 13], [-85, -26]]
[[1, 0], [8, 13], [-87, -104]]
[[1, 0], [8, 161], [-34, -161]]
[[1, 0], [8, 161], [-55, -322]]
[[1, 0], [8, 23], [-103, -184]]
[[1, 0], [8, 23], [-118, -299]]
[[1, 0], [8, 23], [-160, -161]]
[[1, 0], [8, 23], [-199, -460]]
[[1, 0], [8, 23], [-224, -345]]
[[1, 0], [8, 23], [-235, -598]]
[[1, 0], [8, 23], [-29, -46]]
[[1, 0], [8, 23], [-307, -322]]
[[1, 0], [8, 23], [-34, -23]]
[[1, 0], [8, 23], [-50, -69]]
[[1, 0], [8, 23], [-55, -46]]
[[1, 0], [8, 23], [-79, -115]]
[[1, 0], [8, 23], [-98, -207]]
[[1, 0], [8, 299], [-10, -299]]
[[1, 0], [8, 299], [-19, -598]]
[[1, 0], [8, 299], [-9, -299]]
[[1, 0], [8, 91], [-55, -364]]
[[1, 0], [80, 299], [-163, -598]]
[[1, 0], [80, 299], [-82, -299]]
[[1, 0], [81, 104], [-127, -104]]
[[1, 0], [81, 104], [-179, -156]]
[[1, 0], [81, 104], [-335, -312]]
[[1, 0], [81, 115], [-269, -345]]
[[1, 0], [81, 184], [-175, -368]]
[[1, 0], [81, 299], [-165, -598]]
[[1, 0], [81, 299], [-83, -299]]
[[1, 0], [81, 598], [-83, -598]]
[[1, 0], [81, 92], [-175, -184]]
[[1, 0], [81, 92], [-209, -230]]
[[1, 0], [82, 117], [-269, -351]]
[[1, 0], [82, 299], [-167, -598]]
[[1, 0], [82, 299], [-84, -299]]
[[1, 0], [83, 299], [-84, -299]]
[[1, 0], [84, 299], [-171, -598]]
[[1, 0], [84, 299], [-85, -299]]
[[1, 0], [84, 299], [-86, -299]]
[[1, 0], [85, 138], [-134, -207]]
[[1, 0], [85, 156], [-239, -312]]
[[1, 0], [85, 161], [-209, -322]]
[[1, 0], [85, 299], [-173, -598]]
[[1, 0], [85, 299], [-87, -299]]
[[1, 0], [85, 322], [-111, -322]]
[[1, 0], [85, 598], [-87, -598]]
[[1, 0], [85, 91], [-363, -364]]
[[1, 0], [85, 92], [-183, -184]]
[[1, 0], [85, 92], [-219, -230]]
[[1, 0], [86, 115], [-284, -345]]
[[1, 0], [86, 115], [-99, -115]]
[[1, 0], [86, 299], [-175, -598]]
[[1, 0], [86, 299], [-88, -299]]
[[1, 0], [87, 299], [-177, -598]]
[[1, 0], [87, 299], [-89, -299]]
[[1, 0], [87, 598], [-89, -598]]
[[1, 0], [88, 299], [-179, -598]]
[[1, 0], [88, 299], [-90, -299]]
[[1, 0], [89, 104], [-191, -156]]
[[1, 0], [89, 104], [-359, -312]]
[[1, 0], [89, 184], [-191, -368]]
[[1, 0], [89, 299], [-181, -598]]
[[1, 0], [89, 92], [-191, -184]]
[[1, 0], [89, 92], [-229, -230]]
[[1, 0], [9, 104], [-119, -312]]
[[1, 0], [9, 104], [-55, -104]]
[[1, 0], [9, 104], [-71, -156]]
[[1, 0], [9, 13], [-114, -65]]
[[1, 0], [9, 13], [-119, -39]]
[[1, 0], [9, 13], [-131, -156]]
[[1, 0], [9, 13], [-151, -52]]
[[1, 0], [9, 13], [-215, -78]]
[[1, 0], [9, 13], [-231, -299]]
[[1, 0], [9, 13], [-279, -104]]
[[1, 0], [9, 13], [-31, -32]]
[[1, 0], [9, 13], [-371, -403]]
[[1, 0], [9, 13], [-376, -377]]
[[1, 0], [9, 13], [-384, -455]]
[[1, 0], [9, 13], [-404, -351]]
[[1, 0], [9, 13], [-407, -156]]
[[1, 0], [9, 13], [-41, -26]]
[[1, 0], [9, 13], [-441, -338]]
[[1, 0], [9, 13], [-461, -598]]
[[1, 0], [9, 13], [-50, -39]]
[[1, 0], [9, 13], [-524, -325]]
[[1, 0], [9, 13], [-55, -13]]
[[1, 0], [9, 13], [-59, -52]]
[[1, 0], [9, 13], [-77, -78]]
[[1, 0], [9, 13], [-791, -312]]
[[1, 0], [9, 13], [-87, -26]]
[[1, 0], [9, 13], [-95, -104]]
[[1, 0], [9, 184], [-31, -368]]
[[1, 0], [9, 23], [-107, -207]]
[[1, 0], [9, 23], [-111, -184]]
[[1, 0], [9, 23], [-131, -299]]
[[1, 0], [9, 23], [-167, -161]]
[[1, 0], [9, 23], [-219, -460]]
[[1, 0], [9, 23], [-239, -345]]
[[1, 0], [9, 23], [-261, -598]]
[[1, 0], [9, 23], [-31, -46]]
[[1, 0], [9, 23], [-321, -322]]
[[1, 0], [9, 23], [-35, -23]]
[[1, 0], [9, 23], [-53, -69]]
[[1, 0], [9, 23], [-57, -46]]
[[1, 0], [9, 23], [-76, -161]]
[[1, 0], [9, 23], [-84, -115]]
[[1, 0], [9, 26], [-116, -169]]
[[1, 0], [9, 26], [-116, -299]]
[[1, 0], [9, 26], [-119, -78]]
[[1, 0], [9, 26], [-151, -104]]
[[1, 0], [9, 26], [-215, -156]]
[[1, 0], [9, 26], [-231, -598]]
[[1, 0], [9, 26], [-34, -65]]
[[1, 0], [9, 26], [-407, -312]]
[[1, 0], [9, 26], [-55, -26]]
[[1, 0], [9, 26], [-71, -39]]
[[1, 0], [9, 26], [-87, -52]]
[[1, 0], [9, 26], [-95, -208]]
[[1, 0], [9, 299], [-10, -299]]
[[1, 0], [9, 299], [-11, -299]]
[[1, 0], [9, 299], [-21, -598]]
[[1, 0], [9, 46], [-107, -414]]
[[1, 0], [9, 46], [-111, -368]]
[[1, 0], [9, 46], [-131, -598]]
[[1, 0], [9, 46], [-167, -322]]
[[1, 0], [9, 46], [-20, -69]]
[[1, 0], [9, 46], [-29, -115]]
[[1, 0], [9, 46], [-31, -92]]
[[1, 0], [9, 46], [-35, -46]]
[[1, 0], [9, 46], [-66, -299]]
[[1, 0], [9, 46], [-90, -161]]
[[1, 0], [9, 52], [-119, -156]]
[[1, 0], [9, 52], [-215, -312]]
[[1, 0], [9, 52], [-55, -52]]
[[1, 0], [9, 52], [-71, -78]]
[[1, 0], [9, 52], [-87, -104]]
[[1, 0], [9, 52], [-95, -416]]
[[1, 0], [9, 598], [-11, -598]]
[[1, 0], [9, 92], [-29, -230]]
[[1, 0], [9, 92], [-31, -184]]
[[1, 0], [90, 299], [-183, -598]]
[[1, 0], [91, 138], [-143, -207]]
[[1, 0], [91, 345], [-104, -345]]
[[1, 0], [92, 169], [-207, -338]]
[[1, 0], [93, 299], [-189, -598]]
[[1, 0], [93, 299], [-95, -299]]
[[1, 0], [93, 598], [-95, -598]]
[[1, 0], [94, 299], [-191, -598]]
[[1, 0], [94, 299], [-96, -299]]
[[1, 0], [94, 897], [-95, -897]]
[[1, 0], [95, 299], [-193, -598]]
[[1, 0], [95, 299], [-97, -299]]
[[1, 0], [95, 598], [-97, -598]]
[[1, 0], [96, 115], [-314, -345]]
[[1, 0], [96, 299], [-97, -299]]
[[1, 0], [97, 104], [-203, -156]]
[[1, 0], [97, 104], [-383, -312]]
[[1, 0], [97, 138], [-152, -207]]
[[1, 0], [97, 156], [-263, -312]]
[[1, 0], [97, 299], [-197, -598]]
[[1, 0], [98, 299], [-100, -299]]
[[1, 0], [98, 299], [-199, -598]]
[[1, 0], [99, 161], [-237, -322]]
[[1, 0], [99, 299], [-101, -299]]
[[1, 0], [99, 299], [-201, -598]]
[[1, 0], [99, 322], [-125, -322]]
[[1, 0], [99, 598], [-101, -598]]
