[[1, 0], [0, 1], [-10560, -179]]
[[1, 0], [0, 1], [-10560, -59]]
[[1, 0], [0, 1], [-1120, -209]]
[[1, 0], [0, 1], [-121, -32]]
[[1, 0], [0, 1], [-192, -11]]
[[1, 0], [0, 1], [-2123, -192]]
[[1, 0], [0, 1], [-3008, -187]]
[[1, 0], [0, 1], [-31328, -177]]
[[1, 0], [0, 1], [-352, -1]]
[[1, 0], [0, 1], [-353, -352]]
[[1, 0], [0, 1], [-64, -11]]
[[1, 0], [0, 1], [-704, -235]]
[[1, 0], [0, 1], [-704, -3]]
[[1, 0], [0, 1], [-715, -64]]
[[1, 0], [0, 1], [-825, -224]]
[[1, 0], [1, 112], [-13, -224]]
[[1, 0], [1, 11], [-305, -187]]
[[1, 0], [1, 11], [-65, -352]]
[[1, 0], [1, 12], [-119, -20]]
[[1, 0], [1, 12], [-179, -36]]
[[1, 0], [1, 12], [-203, -192]]
[[1, 0], [1, 12], [-269, -60]]
[[1, 0], [1, 12], [-719, -180]]
[[1, 0], [1, 12], [-75, -64]]
[[1, 0], [1, 12], [-89, -12]]
[[1, 0], [1, 13], [-5, -32]]
[[1, 0], [1, 16], [-13, -32]]
[[1, 0], [1, 16], [-155, -192]]
[[1, 0], [1, 16], [-17, -96]]
[[1, 0], [1, 16], [-45, -352]]
[[1, 0], [1, 16], [-59, -240]]
[[1, 0], [1, 16], [-59, -64]]
[[1, 0], [1, 16], [-69, -224]]
[[1, 0], [1, 176], [-5, -352]]
[[1, 0], [1, 177], [-353, -177]]
[[1, 0], [1, 178], [-177, -178]]
[[1, 0], [1, 17], [-203, -187]]
[[1, 0], [1, 180], [-89, -180]]
[[1, 0], [1, 184], [-45, -184]]
[[1, 0], [1, 18], [-107, -198]]
[[1, 0], [1, 18], [-19, -22]]
[[1, 0], [1, 18], [-41, -66]]
[[1, 0], [1, 192], [-23, -192]]
[[1, 0], [1, 198], [-17, -198]]
[[1, 0], [1, 19], [-75, -209]]
[[1, 0], [1, 20], [-125, -36]]
[[1, 0], [1, 20], [-15, -44]]
[[1, 0], [1, 20], [-179, -60]]
[[1, 0], [1, 20], [-449, -180]]
[[1, 0], [1, 20], [-59, -220]]
[[1, 0], [1, 20], [-89, -20]]
[[1, 0], [1, 220], [-9, -220]]
[[1, 0], [1, 22], [-17, -22]]
[[1, 0], [1, 22], [-35, -66]]
[[1, 0], [1, 22], [-43, -242]]
[[1, 0], [1, 22], [-89, -198]]
[[1, 0], [1, 24], [-107, -192]]
[[1, 0], [1, 24], [-13, -88]]
[[1, 0], [1, 24], [-35, -264]]
[[1, 0], [1, 24], [-43, -64]]
[[1, 0], [1, 24], [-5, -32]]
[[1, 0], [1, 24], [-53, -216]]
[[1, 0], [1, 264], [-5, -264]]
[[1, 0], [1, 28], [-27, -308]]
[[1, 0], [1, 28], [-41, -224]]
[[1, 0], [1, 28], [-5, -44]]
[[1, 0], [1, 28], [-9, -32]]
[[1, 0], [1, 2], [-107, -22]]
[[1, 0], [1, 2], [-1163, -192]]
[[1, 0], [1, 2], [-119, -110]]
[[1, 0], [1, 2], [-125, -96]]
[[1, 0], [1, 2], [-177, -2]]
[[1, 0], [1, 2], [-305, -66]]
[[1, 0], [1, 2], [-353, -352]]
[[1, 0], [1, 2], [-395, -64]]
[[1, 0], [1, 2], [-8009, -178]]
[[1, 0], [1, 2], [-899, -198]]
[[1, 0], [1, 30], [-9, -110]]
[[1, 0], [1, 32], [-23, -352]]
[[1, 0], [1, 32], [-35, -64]]
[[1, 0], [1, 32], [-83, -192]]
[[1, 0], [1, 33], [-13, -77]]
[[1, 0], [1, 352], [-3, -352]]
[[1, 0], [1, 36], [-119, -60]]
[[1, 0], [1, 36], [-269, -180]]
[[1, 0], [1, 36], [-3, -44]]
[[1, 0], [1, 36], [-89, -36]]
[[1, 0], [1, 3], [-10619, -177]]
[[1, 0], [1, 3], [-111, -77]]
[[1, 0], [1, 3], [-141, -71]]
[[1, 0], [1, 3], [-267, -64]]
[[1, 0], [1, 3], [-29, -32]]
[[1, 0], [1, 3], [-353, -3]]
[[1, 0], [1, 3], [-3657, -59]]
[[1, 0], [1, 3], [-779, -192]]
[[1, 0], [1, 40], [-19, -320]]
[[1, 0], [1, 40], [-49, -200]]
[[1, 0], [1, 44], [-17, -352]]
[[1, 0], [1, 44], [-29, -220]]
[[1, 0], [1, 44], [-9, -44]]
[[1, 0], [1, 48], [-17, -288]]
[[1, 0], [1, 48], [-27, -64]]
[[1, 0], [1, 48], [-59, -192]]
[[1, 0], [1, 48], [-9, -80]]
[[1, 0], [1, 4], [-177, -352]]
[[1, 0], [1, 4], [-179, -12]]
[[1, 0], [1, 4], [-179, -320]]
[[1, 0], [1, 4], [-181, -308]]
[[1, 0], [1, 4], [-203, -64]]
[[1, 0], [1, 4], [-2069, -180]]
[[1, 0], [1, 4], [-207, -256]]
[[1, 0], [1, 4], [-235, -236]]
[[1, 0], [1, 4], [-265, -224]]
[[1, 0], [1, 4], [-269, -20]]
[[1, 0], [1, 4], [-27, -44]]
[[1, 0], [1, 4], [-279, -220]]
[[1, 0], [1, 4], [-317, -212]]
[[1, 0], [1, 4], [-41, -32]]
[[1, 0], [1, 4], [-449, -36]]
[[1, 0], [1, 4], [-489, -196]]
[[1, 0], [1, 4], [-587, -192]]
[[1, 0], [1, 4], [-59, -44]]
[[1, 0], [1, 4], [-719, -60]]
[[1, 0], [1, 4], [-751, -188]]
[[1, 0], [1, 4], [-89, -4]]
[[1, 0], [1, 59], [-353, -59]]
[[1, 0], [1, 59], [-707, -177]]
[[1, 0], [1, 60], [-179, -180]]
[[1, 0], [1, 60], [-89, -60]]
[[1, 0], [1, 64], [-15, -256]]
[[1, 0], [1, 64], [-23, -64]]
[[1, 0], [1, 64], [-29, -96]]
[[1, 0], [1, 64], [-47, -192]]
[[1, 0], [1, 66], [-17, -66]]
[[1, 0], [1, 66], [-35, -198]]
[[1, 0], [1, 6], [-107, -66]]
[[1, 0], [1, 6], [-119, -330]]
[[1, 0], [1, 6], [-125, -288]]
[[1, 0], [1, 6], [-139, -64]]
[[1, 0], [1, 6], [-305, -198]]
[[1, 0], [1, 6], [-395, -192]]
[[1, 0], [1, 6], [-41, -22]]
[[1, 0], [1, 6], [-9, -22]]
[[1, 0], [1, 72], [-5, -96]]
[[1, 0], [1, 7], [-153, -224]]
[[1, 0], [1, 7], [-23, -33]]
[[1, 0], [1, 7], [-25, -32]]
[[1, 0], [1, 88], [-5, -88]]
[[1, 0], [1, 88], [-9, -352]]
[[1, 0], [1, 8], [-101, -264]]
[[1, 0], [1, 8], [-107, -64]]
[[1, 0], [1, 8], [-19, -64]]
[[1, 0], [1, 8], [-299, -192]]
[[1, 0], [1, 8], [-35, -88]]
[[1, 0], [1, 8], [-45, -8]]
[[1, 0], [1, 8], [-49, -40]]
[[1, 0], [1, 8], [-53, -72]]
[[1, 0], [1, 8], [-551, -184]]
[[1, 0], [1, 8], [-89, -352]]
[[1, 0], [1, 96], [-35, -192]]
[[1, 0], [1, 9], [-29, -96]]
[[1, 0], [10, 11], [-33, -32]]
[[1, 0], [10, 11], [-353, -352]]
[[1, 0], [10, 11], [-42, -11]]
[[1, 0], [10, 11], [-458, -187]]
[[1, 0], [10, 33], [-34, -77]]
[[1, 0], [101, 176], [-205, -352]]
[[1, 0], [101, 220], [-109, -220]]
[[1, 0], [103, 352], [-105, -352]]
[[1, 0], [105, 176], [-213, -352]]
[[1, 0], [105, 352], [-107, -352]]
[[1, 0], [107, 176], [-217, -352]]
[[1, 0], [107, 352], [-109, -352]]
[[1, 0], [109, 176], [-221, -352]]
[[1, 0], [109, 264], [-113, -264]]
[[1, 0], [11, 16], [-209, -224]]
[[1, 0], [11, 16], [-209, -240]]
[[1, 0], [11, 16], [-265, -352]]
[[1, 0], [11, 16], [-275, -192]]
[[1, 0], [11, 16], [-33, -32]]
[[1, 0], [11, 16], [-77, -96]]
[[1, 0], [11, 16], [-99, -64]]
[[1, 0], [11, 20], [-143, -36]]
[[1, 0], [11, 20], [-169, -220]]
[[1, 0], [11, 20], [-209, -60]]
[[1, 0], [11, 20], [-37, -44]]
[[1, 0], [11, 20], [-539, -180]]
[[1, 0], [11, 32], [-133, -352]]
[[1, 0], [11, 32], [-143, -192]]
[[1, 0], [11, 32], [-33, -32]]
[[1, 0], [11, 32], [-55, -112]]
[[1, 0], [11, 32], [-55, -128]]
[[1, 0], [11, 32], [-55, -64]]
[[1, 0], [11, 32], [-67, -176]]
[[1, 0], [11, 32], [-77, -96]]
[[1, 0], [11, 40], [-99, -200]]
[[1, 0], [11, 40], [-99, -320]]
[[1, 0], [111, 176], [-225, -352]]
[[1, 0], [111, 352], [-113, -352]]
[[1, 0], [113, 176], [-229, -352]]
[[1, 0], [113, 352], [-115, -352]]
[[1, 0], [115, 176], [-233, -352]]
[[1, 0], [117, 176], [-237, -352]]
[[1, 0], [119, 176], [-241, -352]]
[[1, 0], [120, 187], [-152, -187]]
[[1, 0], [123, 176], [-249, -352]]
[[1, 0], [123, 352], [-125, -352]]
[[1, 0], [127, 176], [-257, -352]]
[[1, 0], [127, 352], [-129, -352]]
[[1, 0], [129, 176], [-261, -352]]
[[1, 0], [129, 352], [-131, -352]]
[[1, 0], [13, 16], [-107, -64]]
[[1, 0], [13, 16], [-237, -224]]
[[1, 0], [13, 16], [-239, -240]]
[[1, 0], [13, 16], [-299, -192]]
[[1, 0], [13, 16], [-309, -352]]
[[1, 0], [13, 16], [-37, -32]]
[[1, 0], [13, 16], [-89, -96]]
[[1, 0], [13, 176], [-29, -352]]
[[1, 0], [13, 192], [-35, -192]]
[[1, 0], [13, 22], [-175, -242]]
[[1, 0], [13, 22], [-197, -198]]
[[1, 0], [13, 22], [-225, -352]]
[[1, 0], [13, 22], [-29, -22]]
[[1, 0], [13, 22], [-71, -66]]
[[1, 0], [13, 24], [-161, -216]]
[[1, 0], [13, 24], [-167, -264]]
[[1, 0], [13, 24], [-203, -192]]
[[1, 0], [13, 24], [-21, -32]]
[[1, 0], [13, 24], [-57, -88]]
[[1, 0], [13, 24], [-75, -64]]
[[1, 0], [13, 264], [-17, -264]]
[[1, 0], [13, 32], [-155, -192]]
[[1, 0], [13, 32], [-155, -352]]
[[1, 0], [13, 32], [-59, -64]]
[[1, 0], [13, 33], [-41, -77]]
[[1, 0], [13, 44], [-113, -352]]
[[1, 0], [13, 44], [-21, -44]]
[[1, 0], [13, 44], [-89, -220]]
[[1, 0], [13, 48], [-107, -192]]
[[1, 0], [13, 48], [-29, -80]]
[[1, 0], [13, 48], [-43, -64]]
[[1, 0], [13, 48], [-89, -288]]
[[1, 0], [13, 64], [-19, -80]]
[[1, 0], [13, 64], [-35, -64]]
[[1, 0], [13, 64], [-47, -96]]
[[1, 0], [13, 64], [-63, -256]]
[[1, 0], [13, 64], [-83, -192]]
[[1, 0], [13, 66], [-29, -66]]
[[1, 0], [13, 66], [-71, -198]]
[[1, 0], [13, 88], [-17, -88]]
[[1, 0], [13, 88], [-47, -264]]
[[1, 0], [13, 88], [-57, -352]]
[[1, 0], [13, 96], [-59, -192]]
[[1, 0], [131, 176], [-265, -352]]
[[1, 0], [131, 352], [-133, -352]]
[[1, 0], [133, 176], [-269, -352]]
[[1, 0], [133, 264], [-137, -264]]
[[1, 0], [135, 176], [-273, -352]]
[[1, 0], [135, 352], [-137, -352]]
[[1, 0], [137, 176], [-277, -352]]
[[1, 0], [137, 352], [-139, -352]]
[[1, 0], [139, 176], [-281, -352]]
[[1, 0], [139, 352], [-141, -352]]
[[1, 0], [141, 176], [-285, -352]]
[[1, 0], [141, 220], [-149, -220]]
[[1, 0], [145, 176], [-293, -352]]
[[1, 0], [145, 192], [-167, -192]]
[[1, 0], [145, 264], [-149, -264]]
[[1, 0], [145, 352], [-147, -352]]
[[1, 0], [147, 352], [-149, -352]]
[[1, 0], [149, 176], [-301, -352]]
[[1, 0], [15, 112], [-41, -224]]
[[1, 0], [15, 16], [-101, -96]]
[[1, 0], [15, 16], [-115, -64]]
[[1, 0], [15, 16], [-265, -224]]
[[1, 0], [15, 16], [-269, -240]]
[[1, 0], [15, 16], [-323, -192]]
[[1, 0], [15, 16], [-353, -352]]
[[1, 0], [15, 16], [-41, -32]]
[[1, 0], [15, 22], [-197, -242]]
[[1, 0], [15, 22], [-215, -198]]
[[1, 0], [15, 22], [-257, -352]]
[[1, 0], [15, 28], [-153, -224]]
[[1, 0], [15, 28], [-181, -308]]
[[1, 0], [15, 28], [-25, -32]]
[[1, 0], [15, 28], [-27, -44]]
[[1, 0], [15, 32], [-167, -192]]
[[1, 0], [15, 32], [-177, -352]]
[[1, 0], [15, 32], [-23, -44]]
[[1, 0], [15, 32], [-37, -32]]
[[1, 0], [15, 32], [-45, -88]]
[[1, 0], [15, 32], [-63, -64]]
[[1, 0], [15, 32], [-69, -112]]
[[1, 0], [15, 32], [-71, -128]]
[[1, 0], [15, 32], [-89, -176]]
[[1, 0], [15, 32], [-89, -96]]
[[1, 0], [15, 352], [-17, -352]]
[[1, 0], [15, 44], [-129, -352]]
[[1, 0], [15, 88], [-53, -264]]
[[1, 0], [15, 88], [-65, -352]]
[[1, 0], [151, 176], [-305, -352]]
[[1, 0], [151, 352], [-153, -352]]
[[1, 0], [153, 176], [-309, -352]]
[[1, 0], [153, 352], [-155, -352]]
[[1, 0], [155, 176], [-313, -352]]
[[1, 0], [155, 352], [-157, -352]]
[[1, 0], [157, 176], [-317, -352]]
[[1, 0], [157, 264], [-161, -264]]
[[1, 0], [159, 176], [-321, -352]]
[[1, 0], [16, 33], [-48, -77]]
[[1, 0], [161, 176], [-325, -352]]
[[1, 0], [161, 220], [-169, -220]]
[[1, 0], [161, 352], [-163, -352]]
[[1, 0], [163, 176], [-329, -352]]
[[1, 0], [163, 198], [-179, -198]]
[[1, 0], [167, 176], [-337, -352]]
[[1, 0], [167, 352], [-169, -352]]
[[1, 0], [169, 264], [-173, -264]]
[[1, 0], [169, 352], [-171, -352]]
[[1, 0], [17, 176], [-37, -352]]
[[1, 0], [17, 22], [-219, -242]]
[[1, 0], [17, 22], [-233, -198]]
[[1, 0], [17, 22], [-289, -352]]
[[1, 0], [17, 22], [-83, -66]]
[[1, 0], [17, 32], [-179, -192]]
[[1, 0], [17, 32], [-199, -352]]
[[1, 0], [17, 32], [-67, -64]]
[[1, 0], [17, 352], [-19, -352]]
[[1, 0], [17, 44], [-109, -220]]
[[1, 0], [17, 44], [-145, -352]]
[[1, 0], [17, 44], [-25, -44]]
[[1, 0], [17, 64], [-39, -64]]
[[1, 0], [17, 64], [-53, -96]]
[[1, 0], [17, 64], [-79, -256]]
[[1, 0], [17, 64], [-95, -192]]
[[1, 0], [17, 88], [-21, -88]]
[[1, 0], [17, 88], [-59, -264]]
[[1, 0], [17, 88], [-73, -352]]
[[1, 0], [171, 176], [-345, -352]]
[[1, 0], [171, 187], [-203, -187]]
[[1, 0], [171, 352], [-173, -352]]
[[1, 0], [173, 176], [-349, -352]]
[[1, 0], [175, 176], [-353, -352]]
[[1, 0], [175, 352], [-177, -352]]
[[1, 0], [177, 352], [-179, -352]]
[[1, 0], [18, 187], [-50, -187]]
[[1, 0], [181, 192], [-203, -192]]
[[1, 0], [181, 220], [-189, -220]]
[[1, 0], [181, 264], [-185, -264]]
[[1, 0], [19, 176], [-41, -352]]
[[1, 0], [19, 22], [-241, -242]]
[[1, 0], [19, 22], [-251, -198]]
[[1, 0], [19, 22], [-321, -352]]
[[1, 0], [19, 22], [-89, -66]]
[[1, 0], [19, 24], [-215, -216]]
[[1, 0], [19, 24], [-233, -264]]
[[1, 0], [19, 24], [-251, -192]]
[[1, 0], [19, 24], [-29, -32]]
[[1, 0], [19, 24], [-79, -88]]
[[1, 0], [19, 24], [-91, -64]]
[[1, 0], [19, 32], [-101, -96]]
[[1, 0], [19, 32], [-111, -176]]
[[1, 0], [19, 32], [-191, -192]]
[[1, 0], [19, 32], [-221, -352]]
[[1, 0], [19, 32], [-41, -32]]
[[1, 0], [19, 32], [-71, -64]]
[[1, 0], [19, 32], [-83, -112]]
[[1, 0], [19, 32], [-87, -128]]
[[1, 0], [19, 352], [-21, -352]]
[[1, 0], [19, 36], [-149, -60]]
[[1, 0], [19, 36], [-25, -44]]
[[1, 0], [19, 36], [-359, -180]]
[[1, 0], [19, 44], [-119, -220]]
[[1, 0], [19, 44], [-161, -352]]
[[1, 0], [19, 48], [-125, -288]]
[[1, 0], [19, 48], [-131, -192]]
[[1, 0], [19, 48], [-39, -80]]
[[1, 0], [19, 48], [-51, -64]]
[[1, 0], [19, 66], [-89, -198]]
[[1, 0], [19, 72], [-29, -96]]
[[1, 0], [19, 88], [-65, -264]]
[[1, 0], [19, 88], [-81, -352]]
[[1, 0], [19, 96], [-41, -96]]
[[1, 0], [19, 96], [-71, -192]]
[[1, 0], [191, 352], [-193, -352]]
[[1, 0], [193, 264], [-197, -264]]
[[1, 0], [193, 352], [-195, -352]]
[[1, 0], [2, 11], [-18, -19]]
[[1, 0], [2, 11], [-322, -187]]
[[1, 0], [2, 11], [-97, -352]]
[[1, 0], [201, 352], [-203, -352]]
[[1, 0], [21, 176], [-45, -352]]
[[1, 0], [21, 220], [-29, -220]]
[[1, 0], [21, 22], [-263, -242]]
[[1, 0], [21, 22], [-269, -198]]
[[1, 0], [21, 22], [-33, -32]]
[[1, 0], [21, 22], [-353, -352]]
[[1, 0], [21, 22], [-95, -66]]
[[1, 0], [21, 32], [-203, -192]]
[[1, 0], [21, 32], [-243, -352]]
[[1, 0], [21, 32], [-75, -64]]
[[1, 0], [21, 40], [-149, -200]]
[[1, 0], [21, 40], [-179, -320]]
[[1, 0], [21, 44], [-129, -220]]
[[1, 0], [21, 44], [-177, -352]]
[[1, 0], [21, 44], [-29, -44]]
[[1, 0], [21, 64], [-107, -192]]
[[1, 0], [21, 64], [-29, -80]]
[[1, 0], [21, 64], [-43, -64]]
[[1, 0], [21, 64], [-59, -96]]
[[1, 0], [21, 64], [-95, -256]]
[[1, 0], [21, 88], [-25, -88]]
[[1, 0], [21, 88], [-71, -264]]
[[1, 0], [21, 88], [-89, -352]]
[[1, 0], [217, 264], [-221, -264]]
[[1, 0], [217, 352], [-219, -352]]
[[1, 0], [225, 352], [-227, -352]]
[[1, 0], [229, 264], [-233, -264]]
[[1, 0], [23, 176], [-49, -352]]
[[1, 0], [23, 32], [-103, -128]]
[[1, 0], [23, 32], [-113, -96]]
[[1, 0], [23, 32], [-133, -176]]
[[1, 0], [23, 32], [-215, -192]]
[[1, 0], [23, 32], [-265, -352]]
[[1, 0], [23, 32], [-67, -88]]
[[1, 0], [23, 32], [-79, -64]]
[[1, 0], [23, 32], [-97, -112]]
[[1, 0], [23, 352], [-25, -352]]
[[1, 0], [23, 44], [-139, -220]]
[[1, 0], [23, 44], [-193, -352]]
[[1, 0], [23, 88], [-97, -352]]
[[1, 0], [233, 352], [-235, -352]]
[[1, 0], [235, 352], [-237, -352]]
[[1, 0], [241, 264], [-245, -264]]
[[1, 0], [241, 352], [-243, -352]]
[[1, 0], [249, 352], [-251, -352]]
[[1, 0], [25, 176], [-53, -352]]
[[1, 0], [25, 264], [-29, -264]]
[[1, 0], [25, 32], [-227, -192]]
[[1, 0], [25, 32], [-287, -352]]
[[1, 0], [25, 32], [-83, -64]]
[[1, 0], [25, 33], [-69, -77]]
[[1, 0], [25, 352], [-27, -352]]
[[1, 0], [25, 44], [-149, -220]]
[[1, 0], [25, 48], [-155, -192]]
[[1, 0], [25, 48], [-161, -288]]
[[1, 0], [25, 48], [-49, -80]]
[[1, 0], [25, 48], [-59, -64]]
[[1, 0], [25, 64], [-111, -256]]
[[1, 0], [25, 64], [-119, -192]]
[[1, 0], [25, 64], [-65, -96]]
[[1, 0], [25, 66], [-107, -198]]
[[1, 0], [25, 66], [-41, -66]]
[[1, 0], [25, 88], [-105, -352]]
[[1, 0], [25, 88], [-29, -88]]
[[1, 0], [25, 88], [-83, -264]]
[[1, 0], [25, 96], [-83, -192]]
[[1, 0], [257, 352], [-259, -352]]
[[1, 0], [265, 352], [-267, -352]]
[[1, 0], [27, 176], [-57, -352]]
[[1, 0], [27, 32], [-111, -112]]
[[1, 0], [27, 32], [-119, -128]]
[[1, 0], [27, 32], [-125, -96]]
[[1, 0], [27, 32], [-155, -176]]
[[1, 0], [27, 32], [-239, -192]]
[[1, 0], [27, 32], [-309, -352]]
[[1, 0], [27, 32], [-87, -64]]
[[1, 0], [27, 44], [-159, -220]]
[[1, 0], [27, 44], [-225, -352]]
[[1, 0], [27, 88], [-113, -352]]
[[1, 0], [27, 88], [-89, -264]]
[[1, 0], [279, 352], [-281, -352]]
[[1, 0], [28, 33], [-76, -77]]
[[1, 0], [281, 352], [-283, -352]]
[[1, 0], [289, 352], [-291, -352]]
[[1, 0], [29, 112], [-69, -224]]
[[1, 0], [29, 176], [-61, -352]]
[[1, 0], [29, 32], [-251, -192]]
[[1, 0], [29, 32], [-331, -352]]
[[1, 0], [29, 32], [-91, -64]]
[[1, 0], [29, 44], [-169, -220]]
[[1, 0], [29, 44], [-241, -352]]
[[1, 0], [29, 44], [-37, -44]]
[[1, 0], [29, 64], [-127, -256]]
[[1, 0], [29, 64], [-131, -192]]
[[1, 0], [29, 64], [-39, -80]]
[[1, 0], [29, 64], [-71, -96]]
[[1, 0], [29, 88], [-95, -264]]
[[1, 0], [3, 11], [-129, -352]]
[[1, 0], [3, 11], [-339, -187]]
[[1, 0], [3, 11], [-35, -11]]
[[1, 0], [3, 16], [-17, -32]]
[[1, 0], [3, 16], [-179, -192]]
[[1, 0], [3, 16], [-29, -96]]
[[1, 0], [3, 16], [-67, -64]]
[[1, 0], [3, 16], [-89, -240]]
[[1, 0], [3, 16], [-89, -352]]
[[1, 0], [3, 16], [-97, -224]]
[[1, 0], [3, 176], [-9, -352]]
[[1, 0], [3, 22], [-107, -198]]
[[1, 0], [3, 22], [-19, -22]]
[[1, 0], [3, 22], [-41, -66]]
[[1, 0], [3, 22], [-65, -242]]
[[1, 0], [3, 22], [-65, -352]]
[[1, 0], [3, 32], [-23, -128]]
[[1, 0], [3, 32], [-23, -176]]
[[1, 0], [3, 32], [-25, -32]]
[[1, 0], [3, 32], [-27, -112]]
[[1, 0], [3, 32], [-39, -64]]
[[1, 0], [3, 32], [-45, -352]]
[[1, 0], [3, 32], [-53, -96]]
[[1, 0], [3, 32], [-95, -192]]
[[1, 0], [3, 352], [-5, -352]]
[[1, 0], [3, 44], [-39, -220]]
[[1, 0], [3, 4], [-185, -12]]
[[1, 0], [3, 4], [-2159, -180]]
[[1, 0], [3, 4], [-235, -64]]
[[1, 0], [3, 4], [-279, -20]]
[[1, 0], [3, 4], [-335, -256]]
[[1, 0], [3, 4], [-335, -308]]
[[1, 0], [3, 4], [-339, -320]]
[[1, 0], [3, 4], [-353, -236]]
[[1, 0], [3, 4], [-353, -352]]
[[1, 0], [3, 4], [-377, -224]]
[[1, 0], [3, 4], [-389, -220]]
[[1, 0], [3, 4], [-423, -212]]
[[1, 0], [3, 4], [-467, -36]]
[[1, 0], [3, 4], [-49, -44]]
[[1, 0], [3, 4], [-57, -32]]
[[1, 0], [3, 4], [-587, -196]]
[[1, 0], [3, 4], [-683, -192]]
[[1, 0], [3, 4], [-749, -60]]
[[1, 0], [3, 4], [-81, -44]]
[[1, 0], [3, 4], [-845, -188]]
[[1, 0], [3, 88], [-17, -264]]
[[1, 0], [3, 88], [-17, -352]]
[[1, 0], [3, 8], [-123, -64]]
[[1, 0], [3, 8], [-167, -264]]
[[1, 0], [3, 8], [-177, -352]]
[[1, 0], [3, 8], [-347, -192]]
[[1, 0], [3, 8], [-35, -64]]
[[1, 0], [3, 8], [-57, -88]]
[[1, 0], [3, 8], [-59, -40]]
[[1, 0], [3, 8], [-597, -184]]
[[1, 0], [3, 8], [-71, -72]]
[[1, 0], [305, 352], [-307, -352]]
[[1, 0], [31, 176], [-65, -352]]
[[1, 0], [31, 32], [-125, -112]]
[[1, 0], [31, 32], [-135, -128]]
[[1, 0], [31, 32], [-137, -96]]
[[1, 0], [31, 32], [-177, -176]]
[[1, 0], [31, 32], [-263, -192]]
[[1, 0], [31, 32], [-353, -352]]
[[1, 0], [31, 32], [-45, -44]]
[[1, 0], [31, 32], [-89, -88]]
[[1, 0], [31, 32], [-95, -64]]
[[1, 0], [31, 33], [-83, -77]]
[[1, 0], [31, 40], [-199, -200]]
[[1, 0], [31, 40], [-259, -320]]
[[1, 0], [31, 44], [-179, -220]]
[[1, 0], [31, 44], [-257, -352]]
[[1, 0], [31, 48], [-179, -192]]
[[1, 0], [31, 48], [-197, -288]]
[[1, 0], [31, 48], [-59, -80]]
[[1, 0], [31, 48], [-67, -64]]
[[1, 0], [31, 60], [-269, -180]]
[[1, 0], [31, 66], [-125, -198]]
[[1, 0], [31, 66], [-47, -66]]
[[1, 0], [31, 88], [-101, -264]]
[[1, 0], [31, 88], [-129, -352]]
[[1, 0], [31, 96], [-53, -96]]
[[1, 0], [31, 96], [-95, -192]]
[[1, 0], [313, 352], [-315, -352]]
[[1, 0], [321, 352], [-323, -352]]
[[1, 0], [323, 352], [-325, -352]]
[[1, 0], [329, 352], [-331, -352]]
[[1, 0], [33, 64], [-143, -192]]
[[1, 0], [33, 64], [-143, -256]]
[[1, 0], [33, 64], [-55, -64]]
[[1, 0], [33, 64], [-77, -96]]
[[1, 0], [337, 352], [-339, -352]]
[[1, 0], [345, 352], [-347, -352]]
[[1, 0], [35, 176], [-73, -352]]
[[1, 0], [35, 352], [-37, -352]]
[[1, 0], [35, 44], [-199, -220]]
[[1, 0], [35, 44], [-289, -352]]
[[1, 0], [35, 88], [-113, -264]]
[[1, 0], [35, 88], [-145, -352]]
[[1, 0], [351, 352], [-353, -352]]
[[1, 0], [37, 192], [-59, -192]]
[[1, 0], [37, 198], [-53, -198]]
[[1, 0], [37, 264], [-41, -264]]
[[1, 0], [37, 44], [-305, -352]]
[[1, 0], [37, 44], [-45, -44]]
[[1, 0], [37, 48], [-203, -192]]
[[1, 0], [37, 48], [-233, -288]]
[[1, 0], [37, 48], [-69, -80]]
[[1, 0], [37, 48], [-75, -64]]
[[1, 0], [37, 64], [-155, -192]]
[[1, 0], [37, 64], [-159, -256]]
[[1, 0], [37, 64], [-49, -80]]
[[1, 0], [37, 64], [-83, -96]]
[[1, 0], [37, 72], [-53, -96]]
[[1, 0], [37, 88], [-119, -264]]
[[1, 0], [37, 88], [-153, -352]]
[[1, 0], [37, 88], [-41, -88]]
[[1, 0], [37, 96], [-107, -192]]
[[1, 0], [39, 176], [-81, -352]]
[[1, 0], [39, 352], [-41, -352]]
[[1, 0], [39, 44], [-219, -220]]
[[1, 0], [39, 44], [-321, -352]]
[[1, 0], [39, 88], [-125, -264]]
[[1, 0], [39, 88], [-161, -352]]
[[1, 0], [4, 11], [-161, -352]]
[[1, 0], [4, 11], [-356, -187]]
[[1, 0], [4, 11], [-36, -11]]
[[1, 0], [4, 33], [-20, -77]]
[[1, 0], [41, 176], [-85, -352]]
[[1, 0], [41, 220], [-49, -220]]
[[1, 0], [41, 352], [-43, -352]]
[[1, 0], [41, 44], [-229, -220]]
[[1, 0], [41, 44], [-337, -352]]
[[1, 0], [41, 44], [-49, -44]]
[[1, 0], [41, 64], [-167, -192]]
[[1, 0], [41, 64], [-175, -256]]
[[1, 0], [41, 64], [-89, -96]]
[[1, 0], [41, 88], [-131, -264]]
[[1, 0], [41, 88], [-169, -352]]
[[1, 0], [41, 88], [-45, -88]]
[[1, 0], [43, 112], [-97, -224]]
[[1, 0], [43, 176], [-89, -352]]
[[1, 0], [43, 352], [-45, -352]]
[[1, 0], [43, 44], [-239, -220]]
[[1, 0], [43, 44], [-353, -352]]
[[1, 0], [43, 48], [-227, -192]]
[[1, 0], [43, 48], [-269, -288]]
[[1, 0], [43, 48], [-79, -80]]
[[1, 0], [43, 48], [-83, -64]]
[[1, 0], [43, 66], [-161, -198]]
[[1, 0], [43, 88], [-137, -264]]
[[1, 0], [43, 88], [-177, -352]]
[[1, 0], [43, 96], [-119, -192]]
[[1, 0], [45, 176], [-93, -352]]
[[1, 0], [45, 64], [-179, -192]]
[[1, 0], [45, 64], [-191, -256]]
[[1, 0], [45, 64], [-59, -80]]
[[1, 0], [45, 64], [-67, -64]]
[[1, 0], [45, 64], [-95, -96]]
[[1, 0], [45, 88], [-185, -352]]
[[1, 0], [45, 88], [-49, -88]]
[[1, 0], [47, 176], [-97, -352]]
[[1, 0], [47, 352], [-49, -352]]
[[1, 0], [47, 88], [-149, -264]]
[[1, 0], [47, 88], [-193, -352]]
[[1, 0], [49, 176], [-101, -352]]
[[1, 0], [49, 192], [-71, -192]]
[[1, 0], [49, 264], [-53, -264]]
[[1, 0], [49, 352], [-51, -352]]
[[1, 0], [49, 64], [-101, -96]]
[[1, 0], [49, 64], [-191, -192]]
[[1, 0], [49, 64], [-207, -256]]
[[1, 0], [49, 64], [-71, -64]]
[[1, 0], [49, 66], [-179, -198]]
[[1, 0], [49, 88], [-155, -264]]
[[1, 0], [49, 88], [-201, -352]]
[[1, 0], [49, 88], [-53, -88]]
[[1, 0], [49, 96], [-131, -192]]
[[1, 0], [5, 11], [-193, -352]]
[[1, 0], [5, 11], [-37, -11]]
[[1, 0], [5, 11], [-373, -187]]
[[1, 0], [5, 16], [-119, -240]]
[[1, 0], [5, 16], [-125, -224]]
[[1, 0], [5, 16], [-133, -352]]
[[1, 0], [5, 16], [-203, -192]]
[[1, 0], [5, 16], [-21, -32]]
[[1, 0], [5, 16], [-41, -96]]
[[1, 0], [5, 16], [-75, -64]]
[[1, 0], [5, 176], [-13, -352]]
[[1, 0], [5, 22], [-125, -198]]
[[1, 0], [5, 22], [-47, -66]]
[[1, 0], [5, 22], [-87, -242]]
[[1, 0], [5, 22], [-97, -352]]
[[1, 0], [5, 32], [-107, -192]]
[[1, 0], [5, 32], [-43, -64]]
[[1, 0], [5, 32], [-67, -352]]
[[1, 0], [5, 44], [-13, -44]]
[[1, 0], [5, 44], [-49, -220]]
[[1, 0], [5, 44], [-49, -352]]
[[1, 0], [5, 64], [-27, -64]]
[[1, 0], [5, 64], [-31, -256]]
[[1, 0], [5, 64], [-35, -96]]
[[1, 0], [5, 64], [-59, -192]]
[[1, 0], [5, 64], [-9, -80]]
[[1, 0], [5, 88], [-23, -264]]
[[1, 0], [5, 88], [-25, -352]]
[[1, 0], [5, 88], [-9, -88]]
[[1, 0], [5, 8], [-139, -64]]
[[1, 0], [5, 8], [-233, -264]]
[[1, 0], [5, 8], [-265, -352]]
[[1, 0], [5, 8], [-395, -192]]
[[1, 0], [5, 8], [-49, -8]]
[[1, 0], [5, 8], [-51, -64]]
[[1, 0], [5, 8], [-643, -184]]
[[1, 0], [5, 8], [-69, -40]]
[[1, 0], [5, 8], [-79, -88]]
[[1, 0], [5, 8], [-89, -72]]
[[1, 0], [51, 176], [-105, -352]]
[[1, 0], [51, 352], [-53, -352]]
[[1, 0], [51, 88], [-161, -264]]
[[1, 0], [52, 187], [-84, -187]]
[[1, 0], [53, 176], [-109, -352]]
[[1, 0], [53, 64], [-107, -96]]
[[1, 0], [53, 64], [-203, -192]]
[[1, 0], [53, 64], [-223, -256]]
[[1, 0], [53, 64], [-69, -80]]
[[1, 0], [53, 64], [-75, -64]]
[[1, 0], [53, 88], [-167, -264]]
[[1, 0], [53, 88], [-217, -352]]
[[1, 0], [53, 88], [-57, -88]]
[[1, 0], [55, 72], [-77, -96]]
[[1, 0], [55, 96], [-143, -192]]
[[1, 0], [57, 112], [-125, -224]]
[[1, 0], [57, 176], [-117, -352]]
[[1, 0], [57, 352], [-59, -352]]
[[1, 0], [57, 64], [-113, -96]]
[[1, 0], [57, 64], [-215, -192]]
[[1, 0], [57, 64], [-239, -256]]
[[1, 0], [57, 88], [-179, -264]]
[[1, 0], [57, 88], [-233, -352]]
[[1, 0], [57, 88], [-61, -88]]
[[1, 0], [59, 352], [-61, -352]]
[[1, 0], [59, 88], [-185, -264]]
[[1, 0], [59, 88], [-241, -352]]
[[1, 0], [6, 11], [-225, -352]]
[[1, 0], [6, 11], [-38, -11]]
[[1, 0], [6, 11], [-390, -187]]
[[1, 0], [6, 11], [-50, -17]]
[[1, 0], [61, 176], [-125, -352]]
[[1, 0], [61, 192], [-83, -192]]
[[1, 0], [61, 220], [-69, -220]]
[[1, 0], [61, 264], [-65, -264]]
[[1, 0], [61, 64], [-119, -96]]
[[1, 0], [61, 64], [-227, -192]]
[[1, 0], [61, 64], [-255, -256]]
[[1, 0], [61, 64], [-79, -80]]
[[1, 0], [61, 66], [-215, -198]]
[[1, 0], [61, 88], [-191, -264]]
[[1, 0], [61, 88], [-249, -352]]
[[1, 0], [61, 88], [-65, -88]]
[[1, 0], [61, 96], [-155, -192]]
[[1, 0], [63, 176], [-129, -352]]
[[1, 0], [63, 352], [-65, -352]]
[[1, 0], [63, 88], [-197, -264]]
[[1, 0], [63, 88], [-257, -352]]
[[1, 0], [65, 176], [-133, -352]]
[[1, 0], [65, 352], [-67, -352]]
[[1, 0], [65, 88], [-203, -264]]
[[1, 0], [65, 88], [-265, -352]]
[[1, 0], [65, 88], [-69, -88]]
[[1, 0], [67, 176], [-137, -352]]
[[1, 0], [67, 352], [-69, -352]]
[[1, 0], [67, 88], [-273, -352]]
[[1, 0], [67, 96], [-167, -192]]
[[1, 0], [69, 176], [-141, -352]]
[[1, 0], [69, 187], [-101, -187]]
[[1, 0], [69, 88], [-215, -264]]
[[1, 0], [69, 88], [-281, -352]]
[[1, 0], [69, 88], [-73, -88]]
[[1, 0], [7, 11], [-257, -352]]
[[1, 0], [7, 12], [-107, -64]]
[[1, 0], [7, 12], [-129, -20]]
[[1, 0], [7, 12], [-197, -36]]
[[1, 0], [7, 12], [-299, -192]]
[[1, 0], [7, 12], [-299, -60]]
[[1, 0], [7, 12], [-809, -180]]
[[1, 0], [7, 16], [-149, -240]]
[[1, 0], [7, 16], [-153, -224]]
[[1, 0], [7, 16], [-177, -352]]
[[1, 0], [7, 16], [-227, -192]]
[[1, 0], [7, 16], [-25, -32]]
[[1, 0], [7, 16], [-53, -96]]
[[1, 0], [7, 16], [-83, -64]]
[[1, 0], [7, 176], [-17, -352]]
[[1, 0], [7, 22], [-109, -242]]
[[1, 0], [7, 22], [-129, -352]]
[[1, 0], [7, 22], [-23, -22]]
[[1, 0], [7, 22], [-53, -66]]
[[1, 0], [7, 24], [-101, -264]]
[[1, 0], [7, 24], [-107, -216]]
[[1, 0], [7, 24], [-13, -32]]
[[1, 0], [7, 24], [-155, -192]]
[[1, 0], [7, 24], [-35, -88]]
[[1, 0], [7, 24], [-59, -64]]
[[1, 0], [7, 32], [-119, -192]]
[[1, 0], [7, 32], [-23, -88]]
[[1, 0], [7, 32], [-39, -128]]
[[1, 0], [7, 32], [-41, -112]]
[[1, 0], [7, 32], [-45, -176]]
[[1, 0], [7, 32], [-47, -64]]
[[1, 0], [7, 32], [-65, -96]]
[[1, 0], [7, 32], [-89, -352]]
[[1, 0], [7, 33], [-27, -77]]
[[1, 0], [7, 352], [-9, -352]]
[[1, 0], [7, 44], [-59, -220]]
[[1, 0], [7, 44], [-65, -352]]
[[1, 0], [7, 48], [-19, -80]]
[[1, 0], [7, 48], [-35, -64]]
[[1, 0], [7, 48], [-53, -288]]
[[1, 0], [7, 48], [-83, -192]]
[[1, 0], [7, 66], [-23, -66]]
[[1, 0], [7, 66], [-53, -198]]
[[1, 0], [7, 88], [-29, -264]]
[[1, 0], [7, 8], [-101, -88]]
[[1, 0], [7, 8], [-107, -72]]
[[1, 0], [7, 8], [-155, -64]]
[[1, 0], [7, 8], [-299, -264]]
[[1, 0], [7, 8], [-353, -352]]
[[1, 0], [7, 8], [-443, -192]]
[[1, 0], [7, 8], [-67, -64]]
[[1, 0], [7, 8], [-689, -184]]
[[1, 0], [7, 8], [-79, -40]]
[[1, 0], [7, 96], [-29, -96]]
[[1, 0], [7, 96], [-47, -192]]
[[1, 0], [71, 112], [-153, -224]]
[[1, 0], [71, 176], [-145, -352]]
[[1, 0], [71, 88], [-221, -264]]
[[1, 0], [71, 88], [-289, -352]]
[[1, 0], [73, 176], [-149, -352]]
[[1, 0], [73, 198], [-89, -198]]
[[1, 0], [73, 352], [-75, -352]]
[[1, 0], [73, 88], [-227, -264]]
[[1, 0], [73, 96], [-179, -192]]
[[1, 0], [75, 176], [-153, -352]]
[[1, 0], [75, 88], [-233, -264]]
[[1, 0], [75, 88], [-305, -352]]
[[1, 0], [79, 176], [-161, -352]]
[[1, 0], [79, 352], [-81, -352]]
[[1, 0], [79, 88], [-245, -264]]
[[1, 0], [79, 88], [-321, -352]]
[[1, 0], [79, 96], [-101, -96]]
[[1, 0], [79, 96], [-191, -192]]
[[1, 0], [8, 11], [-24, -25]]
[[1, 0], [8, 11], [-289, -352]]
[[1, 0], [8, 11], [-424, -187]]
[[1, 0], [81, 220], [-89, -220]]
[[1, 0], [81, 352], [-83, -352]]
[[1, 0], [81, 88], [-251, -264]]
[[1, 0], [81, 88], [-329, -352]]
[[1, 0], [81, 88], [-85, -88]]
[[1, 0], [83, 176], [-169, -352]]
[[1, 0], [83, 352], [-85, -352]]
[[1, 0], [83, 88], [-257, -264]]
[[1, 0], [83, 88], [-337, -352]]
[[1, 0], [85, 112], [-181, -224]]
[[1, 0], [85, 176], [-173, -352]]
[[1, 0], [85, 192], [-107, -192]]
[[1, 0], [85, 264], [-89, -264]]
[[1, 0], [85, 88], [-263, -264]]
[[1, 0], [85, 88], [-345, -352]]
[[1, 0], [85, 88], [-89, -88]]
[[1, 0], [85, 96], [-203, -192]]
[[1, 0], [87, 176], [-177, -352]]
[[1, 0], [87, 352], [-89, -352]]
[[1, 0], [87, 88], [-269, -264]]
[[1, 0], [87, 88], [-353, -352]]
[[1, 0], [89, 176], [-181, -352]]
[[1, 0], [89, 352], [-91, -352]]
[[1, 0], [9, 11], [-321, -352]]
[[1, 0], [9, 11], [-441, -187]]
[[1, 0], [9, 16], [-179, -240]]
[[1, 0], [9, 16], [-181, -224]]
[[1, 0], [9, 16], [-221, -352]]
[[1, 0], [9, 16], [-251, -192]]
[[1, 0], [9, 16], [-29, -32]]
[[1, 0], [9, 16], [-65, -96]]
[[1, 0], [9, 16], [-91, -64]]
[[1, 0], [9, 176], [-21, -352]]
[[1, 0], [9, 22], [-131, -242]]
[[1, 0], [9, 22], [-161, -198]]
[[1, 0], [9, 22], [-161, -352]]
[[1, 0], [9, 22], [-25, -22]]
[[1, 0], [9, 22], [-59, -66]]
[[1, 0], [9, 32], [-111, -352]]
[[1, 0], [9, 32], [-131, -192]]
[[1, 0], [9, 32], [-51, -64]]
[[1, 0], [9, 44], [-17, -44]]
[[1, 0], [9, 44], [-69, -220]]
[[1, 0], [9, 44], [-81, -352]]
[[1, 0], [9, 64], [-41, -96]]
[[1, 0], [9, 64], [-47, -256]]
[[1, 0], [9, 64], [-71, -192]]
[[1, 0], [9, 88], [-13, -88]]
[[1, 0], [9, 88], [-35, -264]]
[[1, 0], [9, 88], [-41, -352]]
[[1, 0], [91, 176], [-185, -352]]
[[1, 0], [91, 198], [-107, -198]]
[[1, 0], [91, 352], [-93, -352]]
[[1, 0], [91, 96], [-215, -192]]
[[1, 0], [93, 176], [-189, -352]]
[[1, 0], [93, 184], [-137, -184]]
[[1, 0], [95, 176], [-193, -352]]
[[1, 0], [95, 352], [-97, -352]]
[[1, 0], [97, 176], [-197, -352]]
[[1, 0], [97, 192], [-119, -192]]
[[1, 0], [97, 264], [-101, -264]]
[[1, 0], [99, 112], [-209, -224]]
