[[1, 0], [0, 1], [-1105, -4]]
[[1, 0], [0, 1], [-1156, -169]]
[[1, 0], [0, 1], [-11960, -459]]
[[1, 0], [0, 1], [-13260, -149]]
[[1, 0], [0, 1], [-13260, -89]]
[[1, 0], [0, 1], [-1328, -663]]
[[1, 0], [0, 1], [-1352, -51]]
[[1, 0], [0, 1], [-15504, -455]]
[[1, 0], [0, 1], [-156, -17]]
[[1, 0], [0, 1], [-196248, -443]]
[[1, 0], [0, 1], [-204, -65]]
[[1, 0], [0, 1], [-221, -148]]
[[1, 0], [0, 1], [-221, -4]]
[[1, 0], [0, 1], [-2244, -65]]
[[1, 0], [0, 1], [-2669, -156]]
[[1, 0], [0, 1], [-2873, -12]]
[[1, 0], [0, 1], [-3128, -91]]
[[1, 0], [0, 1], [-32929, -148]]
[[1, 0], [0, 1], [-4004, -153]]
[[1, 0], [0, 1], [-444, -221]]
[[1, 0], [0, 1], [-468, -17]]
[[1, 0], [0, 1], [-476, -13]]
[[1, 0], [0, 1], [-52, -17]]
[[1, 0], [0, 1], [-533, -204]]
[[1, 0], [0, 1], [-595, -104]]
[[1, 0], [0, 1], [-6201, -476]]
[[1, 0], [0, 1], [-68, -13]]
[[1, 0], [0, 1], [-7973, -468]]
[[1, 0], [0, 1], [-884, -177]]
[[1, 0], [0, 1], [-884, -1]]
[[1, 0], [0, 1], [-884, -5]]
[[1, 0], [0, 1], [-885, -884]]
[[1, 0], [0, 1], [-897, -68]]
[[1, 0], [0, 1], [-901, -52]]
[[1, 0], [0, 1], [-98345, -444]]
[[1, 0], [1, 102], [-19, -170]]
[[1, 0], [1, 102], [-7, -272]]
[[1, 0], [1, 104], [-23, -624]]
[[1, 0], [1, 10], [-389, -510]]
[[1, 0], [1, 10], [-75, -104]]
[[1, 0], [1, 10], [-83, -102]]
[[1, 0], [1, 10], [-899, -150]]
[[1, 0], [1, 111], [-1109, -444]]
[[1, 0], [1, 111], [-517, -148]]
[[1, 0], [1, 113], [-225, -452]]
[[1, 0], [1, 114], [-75, -152]]
[[1, 0], [1, 117], [-41, -156]]
[[1, 0], [1, 117], [-89, -468]]
[[1, 0], [1, 119], [-3, -136]]
[[1, 0], [1, 119], [-69, -476]]
[[1, 0], [1, 11], [-11, -17]]
[[1, 0], [1, 12], [-23, -68]]
[[1, 0], [1, 12], [-251, -156]]
[[1, 0], [1, 12], [-2959, -148]]
[[1, 0], [1, 12], [-443, -12]]
[[1, 0], [1, 12], [-719, -468]]
[[1, 0], [1, 12], [-8435, -444]]
[[1, 0], [1, 12], [-95, -52]]
[[1, 0], [1, 136], [-9, -340]]
[[1, 0], [1, 13], [-1259, -455]]
[[1, 0], [1, 13], [-137, -884]]
[[1, 0], [1, 13], [-155, -663]]
[[1, 0], [1, 13], [-167, -624]]
[[1, 0], [1, 13], [-197, -572]]
[[1, 0], [1, 13], [-209, -65]]
[[1, 0], [1, 13], [-21, -52]]
[[1, 0], [1, 13], [-233, -156]]
[[1, 0], [1, 13], [-245, -533]]
[[1, 0], [1, 13], [-279, -91]]
[[1, 0], [1, 13], [-29, -156]]
[[1, 0], [1, 13], [-311, -507]]
[[1, 0], [1, 13], [-53, -221]]
[[1, 0], [1, 13], [-59, -104]]
[[1, 0], [1, 13], [-665, -468]]
[[1, 0], [1, 13], [-69, -13]]
[[1, 0], [1, 13], [-89, -52]]
[[1, 0], [1, 143], [-21, -572]]
[[1, 0], [1, 148], [-443, -148]]
[[1, 0], [1, 148], [-887, -444]]
[[1, 0], [1, 14], [-131, -66]]
[[1, 0], [1, 14], [-19, -130]]
[[1, 0], [1, 14], [-209, -546]]
[[1, 0], [1, 14], [-2463, -448]]
[[1, 0], [1, 14], [-37, -76]]
[[1, 0], [1, 14], [-415, -64]]
[[1, 0], [1, 14], [-489, -476]]
[[1, 0], [1, 14], [-81, -68]]
[[1, 0], [1, 153], [-107, -459]]
[[1, 0], [1, 153], [-53, -153]]
[[1, 0], [1, 156], [-35, -156]]
[[1, 0], [1, 156], [-7, -208]]
[[1, 0], [1, 156], [-71, -468]]
[[1, 0], [1, 15], [-35, -117]]
[[1, 0], [1, 15], [-61, -31]]
[[1, 0], [1, 16], [-173, -116]]
[[1, 0], [1, 16], [-29, -204]]
[[1, 0], [1, 16], [-47, -208]]
[[1, 0], [1, 170], [-29, -510]]
[[1, 0], [1, 17], [-105, -884]]
[[1, 0], [1, 17], [-107, -51]]
[[1, 0], [1, 17], [-109, -748]]
[[1, 0], [1, 17], [-139, -595]]
[[1, 0], [1, 17], [-175, -544]]
[[1, 0], [1, 17], [-269, -153]]
[[1, 0], [1, 17], [-405, -476]]
[[1, 0], [1, 17], [-41, -221]]
[[1, 0], [1, 17], [-53, -17]]
[[1, 0], [1, 17], [-69, -68]]
[[1, 0], [1, 17], [-755, -459]]
[[1, 0], [1, 18], [-107, -702]]
[[1, 0], [1, 18], [-125, -612]]
[[1, 0], [1, 18], [-149, -30]]
[[1, 0], [1, 18], [-173, -156]]
[[1, 0], [1, 18], [-485, -468]]
[[1, 0], [1, 18], [-69, -52]]
[[1, 0], [1, 18], [-83, -168]]
[[1, 0], [1, 20], [-179, -520]]
[[1, 0], [1, 20], [-99, -680]]
[[1, 0], [1, 21], [-35, -72]]
[[1, 0], [1, 221], [-11, -663]]
[[1, 0], [1, 221], [-5, -221]]
[[1, 0], [1, 221], [-9, -884]]
[[1, 0], [1, 222], [-665, -444]]
[[1, 0], [1, 224], [-223, -448]]
[[1, 0], [1, 22], [-9, -68]]
[[1, 0], [1, 234], [-53, -468]]
[[1, 0], [1, 238], [-41, -476]]
[[1, 0], [1, 24], [-341, -228]]
[[1, 0], [1, 24], [-5, -52]]
[[1, 0], [1, 260], [-19, -520]]
[[1, 0], [1, 26], [-125, -156]]
[[1, 0], [1, 26], [-139, -520]]
[[1, 0], [1, 26], [-189, -494]]
[[1, 0], [1, 26], [-341, -468]]
[[1, 0], [1, 26], [-41, -182]]
[[1, 0], [1, 26], [-53, -52]]
[[1, 0], [1, 26], [-69, -884]]
[[1, 0], [1, 26], [-77, -676]]
[[1, 0], [1, 272], [-15, -544]]
[[1, 0], [1, 27], [-179, -153]]
[[1, 0], [1, 27], [-485, -459]]
[[1, 0], [1, 27], [-77, -51]]
[[1, 0], [1, 28], [-11, -104]]
[[1, 0], [1, 28], [-251, -476]]
[[1, 0], [1, 28], [-47, -68]]
[[1, 0], [1, 29], [-173, -493]]
[[1, 0], [1, 2], [-1025, -646]]
[[1, 0], [1, 2], [-107, -78]]
[[1, 0], [1, 2], [-1149, -598]]
[[1, 0], [1, 2], [-1179, -590]]
[[1, 0], [1, 2], [-125, -68]]
[[1, 0], [1, 2], [-1421, -156]]
[[1, 0], [1, 2], [-1455, -544]]
[[1, 0], [1, 2], [-1553, -12]]
[[1, 0], [1, 2], [-16649, -148]]
[[1, 0], [1, 2], [-16799, -448]]
[[1, 0], [1, 2], [-1739, -520]]
[[1, 0], [1, 2], [-1805, -516]]
[[1, 0], [1, 2], [-1919, -510]]
[[1, 0], [1, 2], [-209, -78]]
[[1, 0], [1, 2], [-2355, -494]]
[[1, 0], [1, 2], [-2463, -64]]
[[1, 0], [1, 2], [-24975, -446]]
[[1, 0], [1, 2], [-2507, -152]]
[[1, 0], [1, 2], [-3345, -476]]
[[1, 0], [1, 2], [-359, -208]]
[[1, 0], [1, 2], [-389, -102]]
[[1, 0], [1, 2], [-4229, -468]]
[[1, 0], [1, 2], [-485, -52]]
[[1, 0], [1, 2], [-489, -68]]
[[1, 0], [1, 2], [-49505, -444]]
[[1, 0], [1, 2], [-665, -4]]
[[1, 0], [1, 2], [-8625, -454]]
[[1, 0], [1, 2], [-885, -884]]
[[1, 0], [1, 2], [-899, -30]]
[[1, 0], [1, 2], [-995, -664]]
[[1, 0], [1, 30], [-149, -50]]
[[1, 0], [1, 30], [-15, -34]]
[[1, 0], [1, 30], [-49, -170]]
[[1, 0], [1, 30], [-79, -160]]
[[1, 0], [1, 30], [-899, -450]]
[[1, 0], [1, 32], [-1119, -448]]
[[1, 0], [1, 32], [-223, -64]]
[[1, 0], [1, 32], [-27, -136]]
[[1, 0], [1, 32], [-59, -120]]
[[1, 0], [1, 32], [-95, -544]]
[[1, 0], [1, 33], [-11, -51]]
[[1, 0], [1, 34], [-209, -476]]
[[1, 0], [1, 34], [-29, -102]]
[[1, 0], [1, 34], [-41, -68]]
[[1, 0], [1, 34], [-53, -884]]
[[1, 0], [1, 34], [-59, -680]]
[[1, 0], [1, 35], [-125, -91]]
[[1, 0], [1, 35], [-489, -455]]
[[1, 0], [1, 35], [-69, -595]]
[[1, 0], [1, 35], [-99, -65]]
[[1, 0], [1, 36], [-23, -204]]
[[1, 0], [1, 36], [-251, -468]]
[[1, 0], [1, 36], [-43, -52]]
[[1, 0], [1, 36], [-95, -156]]
[[1, 0], [1, 37], [-1109, -148]]
[[1, 0], [1, 37], [-2885, -444]]
[[1, 0], [1, 39], [-19, -221]]
[[1, 0], [1, 39], [-233, -468]]
[[1, 0], [1, 39], [-41, -52]]
[[1, 0], [1, 39], [-53, -663]]
[[1, 0], [1, 39], [-89, -156]]
[[1, 0], [1, 3], [-1061, -531]]
[[1, 0], [1, 3], [-1109, -12]]
[[1, 0], [1, 3], [-11173, -148]]
[[1, 0], [1, 3], [-1325, -507]]
[[1, 0], [1, 3], [-13409, -447]]
[[1, 0], [1, 3], [-1403, -153]]
[[1, 0], [1, 3], [-179, -17]]
[[1, 0], [1, 3], [-199, -272]]
[[1, 0], [1, 3], [-2113, -151]]
[[1, 0], [1, 3], [-223, -221]]
[[1, 0], [1, 3], [-269, -195]]
[[1, 0], [1, 3], [-2825, -468]]
[[1, 0], [1, 3], [-329, -52]]
[[1, 0], [1, 3], [-33077, -444]]
[[1, 0], [1, 3], [-4157, -459]]
[[1, 0], [1, 3], [-485, -51]]
[[1, 0], [1, 3], [-517, -4]]
[[1, 0], [1, 3], [-643, -161]]
[[1, 0], [1, 3], [-665, -663]]
[[1, 0], [1, 3], [-737, -612]]
[[1, 0], [1, 3], [-95, -64]]
[[1, 0], [1, 3], [-953, -156]]
[[1, 0], [1, 40], [-23, -104]]
[[1, 0], [1, 40], [-49, -260]]
[[1, 0], [1, 41], [-81, -533]]
[[1, 0], [1, 42], [-27, -182]]
[[1, 0], [1, 442], [-5, -884]]
[[1, 0], [1, 443], [-885, -443]]
[[1, 0], [1, 444], [-443, -444]]
[[1, 0], [1, 44], [-43, -748]]
[[1, 0], [1, 455], [-69, -455]]
[[1, 0], [1, 459], [-53, -459]]
[[1, 0], [1, 45], [-9, -65]]
[[1, 0], [1, 468], [-35, -468]]
[[1, 0], [1, 476], [-27, -476]]
[[1, 0], [1, 48], [-47, -624]]
[[1, 0], [1, 4], [-1679, -476]]
[[1, 0], [1, 4], [-179, -104]]
[[1, 0], [1, 4], [-2123, -468]]
[[1, 0], [1, 4], [-227, -24]]
[[1, 0], [1, 4], [-24863, -444]]
[[1, 0], [1, 4], [-251, -52]]
[[1, 0], [1, 4], [-251, -68]]
[[1, 0], [1, 4], [-43, -68]]
[[1, 0], [1, 4], [-443, -4]]
[[1, 0], [1, 4], [-443, -884]]
[[1, 0], [1, 4], [-719, -156]]
[[1, 0], [1, 4], [-8435, -148]]
[[1, 0], [1, 4], [-887, -12]]
[[1, 0], [1, 4], [-99, -136]]
[[1, 0], [1, 51], [-107, -153]]
[[1, 0], [1, 51], [-15, -221]]
[[1, 0], [1, 51], [-21, -187]]
[[1, 0], [1, 51], [-269, -459]]
[[1, 0], [1, 51], [-41, -663]]
[[1, 0], [1, 51], [-53, -51]]
[[1, 0], [1, 52], [-179, -468]]
[[1, 0], [1, 52], [-19, -104]]
[[1, 0], [1, 52], [-35, -52]]
[[1, 0], [1, 52], [-35, -884]]
[[1, 0], [1, 52], [-71, -156]]
[[1, 0], [1, 56], [-159, -64]]
[[1, 0], [1, 56], [-671, -448]]
[[1, 0], [1, 5], [-125, -13]]
[[1, 0], [1, 5], [-13349, -445]]
[[1, 0], [1, 5], [-3219, -455]]
[[1, 0], [1, 5], [-35, -39]]
[[1, 0], [1, 5], [-369, -740]]
[[1, 0], [1, 5], [-489, -65]]
[[1, 0], [1, 5], [-671, -91]]
[[1, 0], [1, 5], [-69, -85]]
[[1, 0], [1, 5], [-699, -520]]
[[1, 0], [1, 64], [-15, -416]]
[[1, 0], [1, 64], [-335, -224]]
[[1, 0], [1, 65], [-279, -455]]
[[1, 0], [1, 65], [-29, -780]]
[[1, 0], [1, 65], [-59, -520]]
[[1, 0], [1, 65], [-69, -65]]
[[1, 0], [1, 65], [-83, -91]]
[[1, 0], [1, 663], [-5, -663]]
[[1, 0], [1, 68], [-111, -476]]
[[1, 0], [1, 68], [-27, -68]]
[[1, 0], [1, 68], [-27, -884]]
[[1, 0], [1, 68], [-35, -612]]
[[1, 0], [1, 68], [-47, -544]]
[[1, 0], [1, 6], [-107, -234]]
[[1, 0], [1, 6], [-111, -224]]
[[1, 0], [1, 6], [-125, -204]]
[[1, 0], [1, 6], [-1421, -468]]
[[1, 0], [1, 6], [-149, -10]]
[[1, 0], [1, 6], [-16649, -444]]
[[1, 0], [1, 6], [-173, -52]]
[[1, 0], [1, 6], [-177, -178]]
[[1, 0], [1, 6], [-219, -170]]
[[1, 0], [1, 6], [-2507, -456]]
[[1, 0], [1, 6], [-27, -26]]
[[1, 0], [1, 6], [-359, -624]]
[[1, 0], [1, 6], [-485, -156]]
[[1, 0], [1, 6], [-49, -34]]
[[1, 0], [1, 6], [-5697, -148]]
[[1, 0], [1, 6], [-615, -154]]
[[1, 0], [1, 6], [-665, -12]]
[[1, 0], [1, 6], [-75, -8]]
[[1, 0], [1, 6], [-79, -32]]
[[1, 0], [1, 6], [-83, -56]]
[[1, 0], [1, 6], [-899, -90]]
[[1, 0], [1, 72], [-5, -156]]
[[1, 0], [1, 74], [-1553, -444]]
[[1, 0], [1, 74], [-665, -148]]
[[1, 0], [1, 76], [-227, -456]]
[[1, 0], [1, 78], [-125, -468]]
[[1, 0], [1, 78], [-41, -546]]
[[1, 0], [1, 78], [-53, -156]]
[[1, 0], [1, 78], [-9, -260]]
[[1, 0], [1, 7], [-149, -68]]
[[1, 0], [1, 7], [-2309, -455]]
[[1, 0], [1, 7], [-35, -24]]
[[1, 0], [1, 7], [-359, -65]]
[[1, 0], [1, 7], [-489, -91]]
[[1, 0], [1, 7], [-69, -119]]
[[1, 0], [1, 7], [-965, -476]]
[[1, 0], [1, 7], [-99, -13]]
[[1, 0], [1, 80], [-3, -104]]
[[1, 0], [1, 85], [-5, -204]]
[[1, 0], [1, 884], [-3, -884]]
[[1, 0], [1, 89], [-889, -445]]
[[1, 0], [1, 8], [-223, -832]]
[[1, 0], [1, 8], [-295, -592]]
[[1, 0], [1, 8], [-341, -76]]
[[1, 0], [1, 8], [-367, -544]]
[[1, 0], [1, 8], [-4255, -448]]
[[1, 0], [1, 8], [-439, -520]]
[[1, 0], [1, 8], [-49, -52]]
[[1, 0], [1, 8], [-671, -64]]
[[1, 0], [1, 8], [-943, -472]]
[[1, 0], [1, 90], [-149, -150]]
[[1, 0], [1, 91], [-209, -455]]
[[1, 0], [1, 91], [-69, -91]]
[[1, 0], [1, 9], [-121, -52]]
[[1, 0], [1, 9], [-1403, -459]]
[[1, 0], [1, 9], [-179, -51]]
[[1, 0], [1, 9], [-269, -585]]
[[1, 0], [1, 9], [-329, -156]]
[[1, 0], [1, 9], [-485, -153]]
[[1, 0], [1, 9], [-77, -17]]
[[1, 0], [1, 9], [-9, -13]]
[[1, 0], [1, 9], [-95, -192]]
[[1, 0], [1, 9], [-953, -468]]
[[1, 0], [10, 117], [-125, -468]]
[[1, 0], [10, 117], [-53, -156]]
[[1, 0], [10, 13], [-125, -52]]
[[1, 0], [10, 13], [-131, -104]]
[[1, 0], [10, 13], [-137, -156]]
[[1, 0], [10, 13], [-1574, -455]]
[[1, 0], [10, 13], [-206, -221]]
[[1, 0], [10, 13], [-254, -65]]
[[1, 0], [10, 13], [-341, -156]]
[[1, 0], [10, 13], [-342, -91]]
[[1, 0], [10, 13], [-57, -52]]
[[1, 0], [10, 13], [-593, -572]]
[[1, 0], [10, 13], [-599, -624]]
[[1, 0], [10, 13], [-614, -533]]
[[1, 0], [10, 13], [-614, -663]]
[[1, 0], [10, 13], [-662, -507]]
[[1, 0], [10, 13], [-749, -884]]
[[1, 0], [10, 13], [-989, -468]]
[[1, 0], [10, 153], [-134, -459]]
[[1, 0], [10, 153], [-53, -612]]
[[1, 0], [10, 153], [-62, -153]]
[[1, 0], [10, 17], [-105, -68]]
[[1, 0], [10, 17], [-134, -51]]
[[1, 0], [10, 17], [-158, -221]]
[[1, 0], [10, 17], [-350, -153]]
[[1, 0], [10, 17], [-454, -595]]
[[1, 0], [10, 17], [-463, -544]]
[[1, 0], [10, 17], [-470, -663]]
[[1, 0], [10, 17], [-505, -748]]
[[1, 0], [10, 17], [-53, -68]]
[[1, 0], [10, 17], [-550, -493]]
[[1, 0], [10, 17], [-573, -884]]
[[1, 0], [10, 17], [-657, -476]]
[[1, 0], [10, 17], [-998, -459]]
[[1, 0], [10, 221], [-14, -221]]
[[1, 0], [10, 221], [-38, -663]]
[[1, 0], [10, 221], [-45, -884]]
[[1, 0], [10, 39], [-125, -156]]
[[1, 0], [10, 39], [-206, -663]]
[[1, 0], [10, 39], [-341, -468]]
[[1, 0], [10, 39], [-53, -52]]
[[1, 0], [10, 39], [-70, -221]]
[[1, 0], [10, 51], [-134, -153]]
[[1, 0], [10, 51], [-158, -663]]
[[1, 0], [10, 51], [-350, -459]]
[[1, 0], [10, 51], [-53, -204]]
[[1, 0], [10, 51], [-54, -187]]
[[1, 0], [10, 51], [-54, -221]]
[[1, 0], [10, 51], [-62, -51]]
[[1, 0], [10, 663], [-14, -663]]
[[1, 0], [100, 117], [-173, -156]]
[[1, 0], [100, 117], [-485, -468]]
[[1, 0], [100, 143], [-417, -572]]
[[1, 0], [100, 153], [-404, -459]]
[[1, 0], [100, 153], [-413, -612]]
[[1, 0], [100, 221], [-308, -663]]
[[1, 0], [100, 221], [-405, -884]]
[[1, 0], [101, 104], [-139, -130]]
[[1, 0], [101, 104], [-181, -182]]
[[1, 0], [101, 104], [-539, -520]]
[[1, 0], [101, 104], [-623, -624]]
[[1, 0], [101, 136], [-215, -272]]
[[1, 0], [101, 136], [-259, -340]]
[[1, 0], [101, 170], [-329, -510]]
[[1, 0], [101, 221], [-105, -221]]
[[1, 0], [101, 221], [-311, -663]]
[[1, 0], [101, 221], [-409, -884]]
[[1, 0], [101, 260], [-219, -520]]
[[1, 0], [101, 442], [-205, -884]]
[[1, 0], [101, 884], [-103, -884]]
[[1, 0], [103, 156], [-197, -234]]
[[1, 0], [103, 204], [-161, -306]]
[[1, 0], [103, 221], [-107, -221]]
[[1, 0], [103, 221], [-317, -663]]
[[1, 0], [103, 221], [-417, -884]]
[[1, 0], [103, 442], [-209, -884]]
[[1, 0], [103, 663], [-107, -663]]
[[1, 0], [103, 884], [-105, -884]]
[[1, 0], [105, 136], [-269, -340]]
[[1, 0], [105, 221], [-109, -221]]
[[1, 0], [105, 272], [-223, -544]]
[[1, 0], [105, 442], [-213, -884]]
[[1, 0], [105, 884], [-107, -884]]
[[1, 0], [106, 119], [-123, -136]]
[[1, 0], [106, 119], [-489, -476]]
[[1, 0], [106, 221], [-110, -221]]
[[1, 0], [106, 221], [-326, -663]]
[[1, 0], [106, 455], [-174, -455]]
[[1, 0], [106, 663], [-110, -663]]
[[1, 0], [107, 221], [-111, -221]]
[[1, 0], [107, 221], [-329, -663]]
[[1, 0], [107, 221], [-433, -884]]
[[1, 0], [107, 442], [-217, -884]]
[[1, 0], [108, 221], [-112, -221]]
[[1, 0], [108, 221], [-332, -663]]
[[1, 0], [108, 221], [-437, -884]]
[[1, 0], [109, 117], [-185, -156]]
[[1, 0], [109, 117], [-521, -468]]
[[1, 0], [109, 136], [-231, -272]]
[[1, 0], [109, 136], [-279, -340]]
[[1, 0], [109, 153], [-161, -153]]
[[1, 0], [109, 153], [-431, -459]]
[[1, 0], [109, 153], [-449, -612]]
[[1, 0], [109, 156], [-151, -208]]
[[1, 0], [109, 156], [-395, -468]]
[[1, 0], [109, 221], [-335, -663]]
[[1, 0], [109, 221], [-441, -884]]
[[1, 0], [109, 234], [-269, -468]]
[[1, 0], [109, 459], [-161, -459]]
[[1, 0], [11, 13], [-1025, -468]]
[[1, 0], [11, 13], [-129, -52]]
[[1, 0], [11, 13], [-139, -104]]
[[1, 0], [11, 13], [-149, -156]]
[[1, 0], [11, 13], [-1609, -455]]
[[1, 0], [11, 13], [-19, -17]]
[[1, 0], [11, 13], [-223, -221]]
[[1, 0], [11, 13], [-259, -65]]
[[1, 0], [11, 13], [-349, -91]]
[[1, 0], [11, 13], [-353, -156]]
[[1, 0], [11, 13], [-53, -51]]
[[1, 0], [11, 13], [-61, -52]]
[[1, 0], [11, 13], [-647, -624]]
[[1, 0], [11, 13], [-655, -533]]
[[1, 0], [11, 13], [-665, -663]]
[[1, 0], [11, 13], [-701, -507]]
[[1, 0], [11, 13], [-79, -13]]
[[1, 0], [11, 13], [-817, -884]]
[[1, 0], [11, 170], [-59, -510]]
[[1, 0], [11, 17], [-1025, -459]]
[[1, 0], [11, 17], [-109, -68]]
[[1, 0], [11, 17], [-137, -51]]
[[1, 0], [11, 17], [-171, -221]]
[[1, 0], [11, 17], [-359, -153]]
[[1, 0], [11, 17], [-489, -595]]
[[1, 0], [11, 17], [-495, -544]]
[[1, 0], [11, 17], [-509, -663]]
[[1, 0], [11, 17], [-549, -748]]
[[1, 0], [11, 17], [-57, -68]]
[[1, 0], [11, 17], [-579, -493]]
[[1, 0], [11, 17], [-625, -884]]
[[1, 0], [11, 17], [-685, -476]]
[[1, 0], [11, 20], [-124, -125]]
[[1, 0], [11, 20], [-229, -115]]
[[1, 0], [11, 20], [-439, -520]]
[[1, 0], [11, 20], [-439, -680]]
[[1, 0], [11, 20], [-49, -52]]
[[1, 0], [11, 221], [-15, -221]]
[[1, 0], [11, 221], [-41, -663]]
[[1, 0], [11, 221], [-49, -884]]
[[1, 0], [11, 26], [-111, -182]]
[[1, 0], [11, 26], [-185, -156]]
[[1, 0], [11, 26], [-31, -64]]
[[1, 0], [11, 26], [-321, -598]]
[[1, 0], [11, 26], [-337, -676]]
[[1, 0], [11, 26], [-339, -520]]
[[1, 0], [11, 26], [-37, -38]]
[[1, 0], [11, 26], [-379, -494]]
[[1, 0], [11, 26], [-409, -884]]
[[1, 0], [11, 26], [-521, -468]]
[[1, 0], [11, 26], [-73, -52]]
[[1, 0], [11, 34], [-17, -36]]
[[1, 0], [11, 34], [-259, -680]]
[[1, 0], [11, 34], [-269, -510]]
[[1, 0], [11, 34], [-313, -884]]
[[1, 0], [11, 34], [-349, -476]]
[[1, 0], [11, 34], [-59, -102]]
[[1, 0], [11, 34], [-61, -68]]
[[1, 0], [11, 442], [-25, -884]]
[[1, 0], [11, 52], [-101, -156]]
[[1, 0], [11, 52], [-103, -442]]
[[1, 0], [11, 52], [-205, -884]]
[[1, 0], [11, 52], [-269, -468]]
[[1, 0], [11, 52], [-43, -143]]
[[1, 0], [11, 52], [-59, -78]]
[[1, 0], [11, 52], [-80, -117]]
[[1, 0], [11, 52], [-83, -312]]
[[1, 0], [11, 52], [-89, -260]]
[[1, 0], [11, 65], [-139, -520]]
[[1, 0], [11, 65], [-149, -780]]
[[1, 0], [11, 65], [-349, -455]]
[[1, 0], [11, 65], [-79, -65]]
[[1, 0], [11, 65], [-97, -91]]
[[1, 0], [11, 68], [-125, -612]]
[[1, 0], [11, 68], [-127, -544]]
[[1, 0], [11, 68], [-157, -884]]
[[1, 0], [11, 68], [-181, -476]]
[[1, 0], [11, 68], [-23, -102]]
[[1, 0], [11, 68], [-35, -136]]
[[1, 0], [11, 68], [-37, -68]]
[[1, 0], [11, 68], [-40, -221]]
[[1, 0], [11, 68], [-55, -119]]
[[1, 0], [11, 68], [-79, -442]]
[[1, 0], [11, 68], [-97, -238]]
[[1, 0], [11, 85], [-29, -204]]
[[1, 0], [110, 221], [-445, -884]]
[[1, 0], [111, 143], [-461, -572]]
[[1, 0], [111, 170], [-359, -510]]
[[1, 0], [111, 221], [-341, -663]]
[[1, 0], [111, 221], [-449, -884]]
[[1, 0], [111, 260], [-239, -520]]
[[1, 0], [111, 442], [-225, -884]]
[[1, 0], [111, 884], [-113, -884]]
[[1, 0], [112, 221], [-344, -663]]
[[1, 0], [112, 221], [-453, -884]]
[[1, 0], [112, 663], [-116, -663]]
[[1, 0], [113, 119], [-131, -136]]
[[1, 0], [113, 119], [-517, -476]]
[[1, 0], [113, 221], [-347, -663]]
[[1, 0], [113, 221], [-457, -884]]
[[1, 0], [113, 224], [-447, -448]]
[[1, 0], [113, 238], [-265, -476]]
[[1, 0], [113, 272], [-239, -544]]
[[1, 0], [113, 442], [-229, -884]]
[[1, 0], [113, 476], [-139, -476]]
[[1, 0], [113, 884], [-115, -884]]
[[1, 0], [114, 221], [-350, -663]]
[[1, 0], [114, 221], [-461, -884]]
[[1, 0], [115, 156], [-159, -208]]
[[1, 0], [115, 156], [-215, -234]]
[[1, 0], [115, 156], [-413, -468]]
[[1, 0], [115, 204], [-179, -306]]
[[1, 0], [115, 221], [-353, -663]]
[[1, 0], [115, 221], [-465, -884]]
[[1, 0], [115, 442], [-233, -884]]
[[1, 0], [116, 221], [-356, -663]]
[[1, 0], [116, 221], [-469, -884]]
[[1, 0], [117, 136], [-247, -272]]
[[1, 0], [117, 136], [-299, -340]]
[[1, 0], [118, 153], [-458, -459]]
[[1, 0], [118, 153], [-485, -612]]
[[1, 0], [118, 221], [-362, -663]]
[[1, 0], [118, 221], [-477, -884]]
[[1, 0], [118, 663], [-122, -663]]
[[1, 0], [12, 13], [-1061, -468]]
[[1, 0], [12, 13], [-133, -52]]
[[1, 0], [12, 13], [-147, -104]]
[[1, 0], [12, 13], [-161, -156]]
[[1, 0], [12, 13], [-1644, -455]]
[[1, 0], [12, 13], [-240, -221]]
[[1, 0], [12, 13], [-264, -65]]
[[1, 0], [12, 13], [-356, -91]]
[[1, 0], [12, 13], [-365, -156]]
[[1, 0], [12, 13], [-681, -572]]
[[1, 0], [12, 13], [-69, -68]]
[[1, 0], [12, 13], [-695, -624]]
[[1, 0], [12, 13], [-696, -533]]
[[1, 0], [12, 13], [-716, -663]]
[[1, 0], [12, 13], [-740, -507]]
[[1, 0], [12, 13], [-885, -884]]
[[1, 0], [12, 17], [-1052, -459]]
[[1, 0], [12, 17], [-113, -68]]
[[1, 0], [12, 17], [-140, -51]]
[[1, 0], [12, 17], [-184, -221]]
[[1, 0], [12, 17], [-368, -153]]
[[1, 0], [12, 17], [-524, -595]]
[[1, 0], [12, 17], [-548, -663]]
[[1, 0], [12, 17], [-593, -748]]
[[1, 0], [12, 17], [-608, -493]]
[[1, 0], [12, 17], [-61, -68]]
[[1, 0], [12, 17], [-64, -17]]
[[1, 0], [12, 17], [-677, -884]]
[[1, 0], [12, 17], [-713, -476]]
[[1, 0], [12, 221], [-16, -221]]
[[1, 0], [12, 221], [-44, -663]]
[[1, 0], [12, 221], [-53, -884]]
[[1, 0], [120, 221], [-368, -663]]
[[1, 0], [120, 221], [-485, -884]]
[[1, 0], [121, 136], [-309, -340]]
[[1, 0], [121, 156], [-167, -208]]
[[1, 0], [121, 156], [-431, -468]]
[[1, 0], [121, 170], [-389, -510]]
[[1, 0], [121, 221], [-371, -663]]
[[1, 0], [121, 221], [-489, -884]]
[[1, 0], [121, 260], [-259, -520]]
[[1, 0], [121, 442], [-245, -884]]
[[1, 0], [121, 663], [-125, -663]]
[[1, 0], [121, 884], [-123, -884]]
[[1, 0], [122, 143], [-505, -572]]
[[1, 0], [123, 221], [-497, -884]]
[[1, 0], [123, 442], [-249, -884]]
[[1, 0], [123, 884], [-125, -884]]
[[1, 0], [124, 221], [-380, -663]]
[[1, 0], [124, 221], [-501, -884]]
[[1, 0], [125, 136], [-263, -272]]
[[1, 0], [125, 136], [-319, -340]]
[[1, 0], [125, 221], [-383, -663]]
[[1, 0], [125, 221], [-505, -884]]
[[1, 0], [125, 442], [-253, -884]]
[[1, 0], [125, 884], [-127, -884]]
[[1, 0], [126, 221], [-386, -663]]
[[1, 0], [126, 221], [-509, -884]]
[[1, 0], [127, 153], [-179, -153]]
[[1, 0], [127, 153], [-485, -459]]
[[1, 0], [127, 153], [-521, -612]]
[[1, 0], [127, 156], [-161, -156]]
[[1, 0], [127, 156], [-175, -208]]
[[1, 0], [127, 156], [-233, -234]]
[[1, 0], [127, 156], [-449, -468]]
[[1, 0], [127, 204], [-197, -306]]
[[1, 0], [127, 221], [-389, -663]]
[[1, 0], [127, 221], [-513, -884]]
[[1, 0], [127, 234], [-305, -468]]
[[1, 0], [127, 238], [-293, -476]]
[[1, 0], [127, 442], [-257, -884]]
[[1, 0], [127, 468], [-161, -468]]
[[1, 0], [127, 663], [-131, -663]]
[[1, 0], [127, 884], [-129, -884]]
[[1, 0], [128, 221], [-392, -663]]
[[1, 0], [128, 221], [-517, -884]]
[[1, 0], [129, 136], [-329, -340]]
[[1, 0], [129, 221], [-395, -663]]
[[1, 0], [129, 221], [-521, -884]]
[[1, 0], [129, 272], [-271, -544]]
[[1, 0], [129, 442], [-261, -884]]
[[1, 0], [129, 884], [-131, -884]]
[[1, 0], [13, 102], [-39, -170]]
[[1, 0], [13, 102], [-39, -272]]
[[1, 0], [13, 136], [-39, -272]]
[[1, 0], [13, 136], [-39, -340]]
[[1, 0], [13, 17], [-1079, -459]]
[[1, 0], [13, 17], [-117, -68]]
[[1, 0], [13, 17], [-143, -51]]
[[1, 0], [13, 17], [-197, -221]]
[[1, 0], [13, 17], [-377, -153]]
[[1, 0], [13, 17], [-559, -544]]
[[1, 0], [13, 17], [-559, -595]]
[[1, 0], [13, 17], [-587, -663]]
[[1, 0], [13, 17], [-637, -493]]
[[1, 0], [13, 17], [-637, -748]]
[[1, 0], [13, 17], [-65, -68]]
[[1, 0], [13, 17], [-729, -884]]
[[1, 0], [13, 17], [-741, -476]]
[[1, 0], [13, 24], [-203, -312]]
[[1, 0], [13, 24], [-31, -52]]
[[1, 0], [13, 24], [-455, -228]]
[[1, 0], [13, 34], [-299, -510]]
[[1, 0], [13, 34], [-299, -680]]
[[1, 0], [13, 34], [-365, -884]]
[[1, 0], [13, 34], [-377, -476]]
[[1, 0], [13, 34], [-65, -102]]
[[1, 0], [13, 34], [-65, -68]]
[[1, 0], [13, 51], [-143, -153]]
[[1, 0], [13, 51], [-197, -663]]
[[1, 0], [13, 51], [-377, -459]]
[[1, 0], [13, 51], [-65, -187]]
[[1, 0], [13, 51], [-65, -204]]
[[1, 0], [13, 51], [-65, -51]]
[[1, 0], [13, 51], [-67, -221]]
[[1, 0], [13, 68], [-143, -544]]
[[1, 0], [13, 68], [-143, -612]]
[[1, 0], [13, 68], [-183, -884]]
[[1, 0], [13, 68], [-195, -476]]
[[1, 0], [13, 68], [-39, -68]]
[[1, 0], [131, 170], [-419, -510]]
[[1, 0], [131, 221], [-135, -221]]
[[1, 0], [131, 221], [-401, -663]]
[[1, 0], [131, 221], [-529, -884]]
[[1, 0], [131, 260], [-279, -520]]
[[1, 0], [131, 442], [-265, -884]]
[[1, 0], [131, 884], [-133, -884]]
[[1, 0], [132, 221], [-404, -663]]
[[1, 0], [133, 136], [-279, -272]]
[[1, 0], [133, 136], [-339, -340]]
[[1, 0], [133, 143], [-549, -572]]
[[1, 0], [133, 156], [-167, -156]]
[[1, 0], [133, 156], [-183, -208]]
[[1, 0], [133, 156], [-467, -468]]
[[1, 0], [133, 221], [-407, -663]]
[[1, 0], [133, 221], [-537, -884]]
[[1, 0], [133, 442], [-269, -884]]
[[1, 0], [133, 663], [-137, -663]]
[[1, 0], [133, 884], [-135, -884]]
[[1, 0], [134, 221], [-410, -663]]
[[1, 0], [134, 221], [-541, -884]]
[[1, 0], [135, 221], [-413, -663]]
[[1, 0], [135, 221], [-545, -884]]
[[1, 0], [137, 221], [-419, -663]]
[[1, 0], [137, 221], [-553, -884]]
[[1, 0], [137, 272], [-287, -544]]
[[1, 0], [137, 442], [-277, -884]]
[[1, 0], [137, 884], [-139, -884]]
[[1, 0], [138, 221], [-422, -663]]
[[1, 0], [138, 221], [-557, -884]]
[[1, 0], [139, 156], [-173, -156]]
[[1, 0], [139, 156], [-191, -208]]
[[1, 0], [139, 156], [-251, -234]]
[[1, 0], [139, 156], [-485, -468]]
[[1, 0], [139, 204], [-215, -306]]
[[1, 0], [139, 442], [-281, -884]]
[[1, 0], [139, 884], [-141, -884]]
[[1, 0], [14, 17], [-1106, -459]]
[[1, 0], [14, 17], [-121, -68]]
[[1, 0], [14, 17], [-146, -51]]
[[1, 0], [14, 17], [-210, -221]]
[[1, 0], [14, 17], [-386, -153]]
[[1, 0], [14, 17], [-591, -544]]
[[1, 0], [14, 17], [-594, -595]]
[[1, 0], [14, 17], [-626, -663]]
[[1, 0], [14, 17], [-666, -493]]
[[1, 0], [14, 17], [-681, -748]]
[[1, 0], [14, 17], [-69, -68]]
[[1, 0], [14, 17], [-769, -476]]
[[1, 0], [14, 17], [-781, -884]]
[[1, 0], [14, 221], [-18, -221]]
[[1, 0], [14, 221], [-50, -663]]
[[1, 0], [14, 221], [-61, -884]]
[[1, 0], [140, 221], [-428, -663]]
[[1, 0], [140, 221], [-565, -884]]
[[1, 0], [141, 170], [-449, -510]]
[[1, 0], [141, 221], [-431, -663]]
[[1, 0], [141, 221], [-569, -884]]
[[1, 0], [141, 238], [-321, -476]]
[[1, 0], [141, 442], [-285, -884]]
[[1, 0], [141, 455], [-209, -455]]
[[1, 0], [141, 476], [-167, -476]]
[[1, 0], [142, 221], [-146, -221]]
[[1, 0], [142, 221], [-434, -663]]
[[1, 0], [142, 221], [-573, -884]]
[[1, 0], [142, 663], [-146, -663]]
[[1, 0], [144, 221], [-440, -663]]
[[1, 0], [144, 221], [-581, -884]]
[[1, 0], [145, 153], [-539, -459]]
[[1, 0], [145, 153], [-593, -612]]
[[1, 0], [145, 156], [-199, -208]]
[[1, 0], [145, 156], [-503, -468]]
[[1, 0], [145, 221], [-149, -221]]
[[1, 0], [145, 221], [-443, -663]]
[[1, 0], [145, 234], [-341, -468]]
[[1, 0], [145, 272], [-303, -544]]
[[1, 0], [145, 442], [-293, -884]]
[[1, 0], [145, 468], [-179, -468]]
[[1, 0], [145, 663], [-149, -663]]
[[1, 0], [145, 884], [-147, -884]]
[[1, 0], [146, 221], [-446, -663]]
[[1, 0], [146, 221], [-589, -884]]
[[1, 0], [147, 221], [-449, -663]]
[[1, 0], [147, 221], [-593, -884]]
[[1, 0], [147, 442], [-297, -884]]
[[1, 0], [147, 884], [-149, -884]]
[[1, 0], [148, 221], [-452, -663]]
[[1, 0], [148, 221], [-597, -884]]
[[1, 0], [148, 663], [-152, -663]]
[[1, 0], [149, 221], [-601, -884]]
[[1, 0], [149, 442], [-301, -884]]
[[1, 0], [149, 884], [-151, -884]]
[[1, 0], [15, 119], [-125, -476]]
[[1, 0], [15, 119], [-19, -136]]
[[1, 0], [15, 17], [-1133, -459]]
[[1, 0], [15, 17], [-125, -68]]
[[1, 0], [15, 17], [-149, -51]]
[[1, 0], [15, 17], [-223, -221]]
[[1, 0], [15, 17], [-395, -153]]
[[1, 0], [15, 17], [-41, -39]]
[[1, 0], [15, 17], [-623, -544]]
[[1, 0], [15, 17], [-665, -663]]
[[1, 0], [15, 17], [-695, -493]]
[[1, 0], [15, 17], [-725, -748]]
[[1, 0], [15, 17], [-73, -68]]
[[1, 0], [15, 17], [-797, -476]]
[[1, 0], [15, 221], [-19, -221]]
[[1, 0], [15, 221], [-53, -663]]
[[1, 0], [15, 238], [-69, -476]]
[[1, 0], [15, 26], [-139, -182]]
[[1, 0], [15, 26], [-209, -156]]
[[1, 0], [15, 26], [-413, -598]]
[[1, 0], [15, 26], [-419, -520]]
[[1, 0], [15, 26], [-441, -676]]
[[1, 0], [15, 26], [-545, -884]]
[[1, 0], [15, 26], [-593, -468]]
[[1, 0], [15, 26], [-81, -52]]
[[1, 0], [15, 28], [-132, -119]]
[[1, 0], [15, 28], [-175, -32]]
[[1, 0], [15, 28], [-251, -238]]
[[1, 0], [15, 28], [-251, -56]]
[[1, 0], [15, 28], [-47, -34]]
[[1, 0], [15, 28], [-489, -476]]
[[1, 0], [15, 28], [-63, -104]]
[[1, 0], [15, 28], [-783, -224]]
[[1, 0], [15, 28], [-81, -68]]
[[1, 0], [15, 34], [-27, -56]]
[[1, 0], [15, 34], [-329, -510]]
[[1, 0], [15, 34], [-339, -680]]
[[1, 0], [15, 34], [-405, -476]]
[[1, 0], [15, 34], [-417, -884]]
[[1, 0], [15, 34], [-69, -68]]
[[1, 0], [15, 34], [-71, -102]]
[[1, 0], [15, 442], [-33, -884]]
[[1, 0], [15, 476], [-41, -476]]
[[1, 0], [15, 52], [-107, -312]]
[[1, 0], [15, 52], [-109, -260]]
[[1, 0], [15, 52], [-113, -156]]
[[1, 0], [15, 52], [-137, -442]]
[[1, 0], [15, 52], [-161, -234]]
[[1, 0], [15, 52], [-305, -468]]
[[1, 0], [15, 52], [-47, -104]]
[[1, 0], [15, 52], [-54, -143]]
[[1, 0], [15, 52], [-69, -221]]
[[1, 0], [15, 52], [-89, -117]]
[[1, 0], [15, 68], [-105, -442]]
[[1, 0], [15, 68], [-111, -238]]
[[1, 0], [15, 68], [-159, -544]]
[[1, 0], [15, 68], [-161, -612]]
[[1, 0], [15, 68], [-209, -476]]
[[1, 0], [15, 68], [-209, -884]]
[[1, 0], [15, 68], [-29, -102]]
[[1, 0], [15, 68], [-41, -68]]
[[1, 0], [15, 68], [-43, -136]]
[[1, 0], [15, 68], [-53, -221]]
[[1, 0], [15, 68], [-62, -119]]
[[1, 0], [15, 91], [-279, -455]]
[[1, 0], [150, 221], [-458, -663]]
[[1, 0], [150, 221], [-605, -884]]
[[1, 0], [151, 156], [-207, -208]]
[[1, 0], [151, 156], [-269, -234]]
[[1, 0], [151, 156], [-521, -468]]
[[1, 0], [151, 170], [-479, -510]]
[[1, 0], [151, 204], [-233, -306]]
[[1, 0], [151, 221], [-461, -663]]
[[1, 0], [151, 221], [-609, -884]]
[[1, 0], [151, 260], [-319, -520]]
[[1, 0], [151, 442], [-305, -884]]
[[1, 0], [151, 663], [-155, -663]]
[[1, 0], [152, 221], [-464, -663]]
[[1, 0], [152, 221], [-613, -884]]
[[1, 0], [154, 221], [-470, -663]]
[[1, 0], [154, 221], [-621, -884]]
[[1, 0], [154, 663], [-158, -663]]
[[1, 0], [155, 221], [-473, -663]]
[[1, 0], [155, 221], [-625, -884]]
[[1, 0], [155, 238], [-349, -476]]
[[1, 0], [155, 442], [-313, -884]]
[[1, 0], [155, 476], [-181, -476]]
[[1, 0], [155, 884], [-157, -884]]
[[1, 0], [157, 221], [-479, -663]]
[[1, 0], [157, 221], [-633, -884]]
[[1, 0], [157, 442], [-317, -884]]
[[1, 0], [157, 663], [-161, -663]]
[[1, 0], [157, 884], [-159, -884]]
[[1, 0], [158, 221], [-162, -221]]
[[1, 0], [158, 221], [-482, -663]]
[[1, 0], [159, 221], [-163, -221]]
[[1, 0], [159, 221], [-485, -663]]
[[1, 0], [159, 221], [-641, -884]]
[[1, 0], [159, 442], [-321, -884]]
[[1, 0], [159, 884], [-161, -884]]
[[1, 0], [16, 17], [-1160, -459]]
[[1, 0], [16, 17], [-129, -68]]
[[1, 0], [16, 17], [-152, -51]]
[[1, 0], [16, 17], [-236, -221]]
[[1, 0], [16, 17], [-404, -153]]
[[1, 0], [16, 17], [-53, -52]]
[[1, 0], [16, 17], [-655, -544]]
[[1, 0], [16, 17], [-664, -595]]
[[1, 0], [16, 17], [-704, -663]]
[[1, 0], [16, 17], [-724, -493]]
[[1, 0], [16, 17], [-769, -748]]
[[1, 0], [16, 17], [-77, -68]]
[[1, 0], [16, 17], [-825, -476]]
[[1, 0], [16, 17], [-885, -884]]
[[1, 0], [16, 221], [-20, -221]]
[[1, 0], [16, 221], [-56, -663]]
[[1, 0], [16, 221], [-69, -884]]
[[1, 0], [16, 39], [-149, -156]]
[[1, 0], [16, 39], [-308, -663]]
[[1, 0], [16, 39], [-413, -468]]
[[1, 0], [16, 39], [-61, -52]]
[[1, 0], [16, 51], [-152, -153]]
[[1, 0], [16, 51], [-236, -663]]
[[1, 0], [16, 51], [-404, -459]]
[[1, 0], [16, 51], [-76, -187]]
[[1, 0], [16, 51], [-77, -204]]
[[1, 0], [16, 51], [-80, -221]]
[[1, 0], [16, 65], [-179, -520]]
[[1, 0], [16, 65], [-209, -780]]
[[1, 0], [16, 65], [-384, -455]]
[[1, 0], [16, 65], [-84, -65]]
[[1, 0], [16, 663], [-20, -663]]
[[1, 0], [16, 85], [-41, -204]]
[[1, 0], [160, 221], [-488, -663]]
[[1, 0], [160, 221], [-645, -884]]
[[1, 0], [161, 170], [-509, -510]]
[[1, 0], [161, 221], [-491, -663]]
[[1, 0], [161, 221], [-649, -884]]
[[1, 0], [161, 260], [-339, -520]]
[[1, 0], [161, 272], [-335, -544]]
[[1, 0], [162, 221], [-653, -884]]
[[1, 0], [163, 204], [-251, -306]]
[[1, 0], [163, 221], [-497, -663]]
[[1, 0], [163, 221], [-657, -884]]
[[1, 0], [163, 442], [-329, -884]]
[[1, 0], [163, 459], [-215, -459]]
[[1, 0], [163, 468], [-197, -468]]
[[1, 0], [163, 884], [-165, -884]]
[[1, 0], [164, 221], [-500, -663]]
[[1, 0], [164, 221], [-661, -884]]
[[1, 0], [165, 221], [-503, -663]]
[[1, 0], [165, 221], [-665, -884]]
[[1, 0], [165, 442], [-333, -884]]
[[1, 0], [165, 884], [-167, -884]]
[[1, 0], [166, 221], [-506, -663]]
[[1, 0], [166, 221], [-669, -884]]
[[1, 0], [167, 221], [-509, -663]]
[[1, 0], [167, 221], [-673, -884]]
[[1, 0], [167, 442], [-337, -884]]
[[1, 0], [168, 221], [-512, -663]]
[[1, 0], [168, 221], [-677, -884]]
[[1, 0], [169, 238], [-377, -476]]
[[1, 0], [169, 272], [-351, -544]]
[[1, 0], [169, 476], [-195, -476]]
[[1, 0], [17, 104], [-119, -520]]
[[1, 0], [17, 104], [-119, -624]]
[[1, 0], [17, 26], [-153, -182]]
[[1, 0], [17, 26], [-459, -520]]
[[1, 0], [17, 26], [-459, -598]]
[[1, 0], [17, 26], [-493, -494]]
[[1, 0], [17, 26], [-493, -676]]
[[1, 0], [17, 26], [-613, -884]]
[[1, 0], [17, 26], [-629, -468]]
[[1, 0], [17, 26], [-85, -52]]
[[1, 0], [17, 32], [-119, -120]]
[[1, 0], [17, 32], [-119, -208]]
[[1, 0], [17, 32], [-1343, -448]]
[[1, 0], [17, 32], [-255, -64]]
[[1, 0], [17, 32], [-27, -34]]
[[1, 0], [17, 32], [-367, -544]]
[[1, 0], [17, 32], [-391, -112]]
[[1, 0], [17, 32], [-95, -136]]
[[1, 0], [17, 52], [-119, -156]]
[[1, 0], [17, 52], [-307, -884]]
[[1, 0], [17, 52], [-323, -468]]
[[1, 0], [17, 52], [-51, -104]]
[[1, 0], [171, 221], [-175, -221]]
[[1, 0], [171, 221], [-521, -663]]
[[1, 0], [171, 260], [-359, -520]]
[[1, 0], [171, 442], [-345, -884]]
[[1, 0], [171, 884], [-173, -884]]
[[1, 0], [172, 221], [-524, -663]]
[[1, 0], [172, 221], [-693, -884]]
[[1, 0], [172, 663], [-176, -663]]
[[1, 0], [173, 442], [-349, -884]]
[[1, 0], [173, 884], [-175, -884]]
[[1, 0], [174, 221], [-530, -663]]
[[1, 0], [174, 221], [-701, -884]]
[[1, 0], [175, 204], [-269, -306]]
[[1, 0], [175, 221], [-705, -884]]
[[1, 0], [175, 442], [-353, -884]]
[[1, 0], [175, 663], [-179, -663]]
[[1, 0], [176, 221], [-180, -221]]
[[1, 0], [176, 221], [-536, -663]]
[[1, 0], [176, 221], [-709, -884]]
[[1, 0], [176, 455], [-244, -455]]
[[1, 0], [177, 221], [-539, -663]]
[[1, 0], [177, 221], [-713, -884]]
[[1, 0], [177, 272], [-367, -544]]
[[1, 0], [177, 884], [-179, -884]]
[[1, 0], [178, 221], [-542, -663]]
[[1, 0], [178, 221], [-717, -884]]
[[1, 0], [179, 221], [-545, -663]]
[[1, 0], [179, 221], [-721, -884]]
[[1, 0], [179, 442], [-361, -884]]
[[1, 0], [179, 884], [-181, -884]]
[[1, 0], [18, 221], [-22, -221]]
[[1, 0], [18, 221], [-62, -663]]
[[1, 0], [18, 221], [-77, -884]]
[[1, 0], [180, 221], [-548, -663]]
[[1, 0], [180, 221], [-725, -884]]
[[1, 0], [181, 221], [-551, -663]]
[[1, 0], [181, 221], [-729, -884]]
[[1, 0], [181, 234], [-413, -468]]
[[1, 0], [181, 260], [-379, -520]]
[[1, 0], [181, 442], [-365, -884]]
[[1, 0], [181, 468], [-215, -468]]
[[1, 0], [181, 663], [-185, -663]]
[[1, 0], [181, 884], [-183, -884]]
[[1, 0], [183, 221], [-557, -663]]
[[1, 0], [183, 221], [-737, -884]]
[[1, 0], [183, 238], [-405, -476]]
[[1, 0], [183, 442], [-369, -884]]
[[1, 0], [183, 476], [-209, -476]]
[[1, 0], [183, 884], [-185, -884]]
[[1, 0], [184, 221], [-188, -221]]
[[1, 0], [184, 221], [-560, -663]]
[[1, 0], [184, 663], [-188, -663]]
[[1, 0], [185, 221], [-563, -663]]
[[1, 0], [185, 221], [-745, -884]]
[[1, 0], [185, 272], [-383, -544]]
[[1, 0], [185, 442], [-373, -884]]
[[1, 0], [186, 221], [-566, -663]]
[[1, 0], [186, 221], [-749, -884]]
[[1, 0], [188, 221], [-757, -884]]
[[1, 0], [189, 221], [-575, -663]]
[[1, 0], [189, 221], [-761, -884]]
[[1, 0], [189, 442], [-381, -884]]
[[1, 0], [189, 884], [-191, -884]]
[[1, 0], [19, 102], [-49, -170]]
[[1, 0], [19, 102], [-55, -272]]
[[1, 0], [19, 117], [-161, -468]]
[[1, 0], [19, 153], [-161, -459]]
[[1, 0], [19, 153], [-71, -153]]
[[1, 0], [19, 153], [-89, -612]]
[[1, 0], [19, 156], [-125, -468]]
[[1, 0], [19, 156], [-31, -208]]
[[1, 0], [19, 156], [-53, -156]]
[[1, 0], [19, 156], [-71, -234]]
[[1, 0], [19, 204], [-35, -306]]
[[1, 0], [19, 221], [-23, -221]]
[[1, 0], [19, 221], [-81, -884]]
[[1, 0], [19, 234], [-89, -468]]
[[1, 0], [19, 26], [-167, -182]]
[[1, 0], [19, 26], [-233, -156]]
[[1, 0], [19, 26], [-499, -520]]
[[1, 0], [19, 26], [-505, -598]]
[[1, 0], [19, 26], [-531, -494]]
[[1, 0], [19, 26], [-545, -676]]
[[1, 0], [19, 26], [-665, -468]]
[[1, 0], [19, 26], [-681, -884]]
[[1, 0], [19, 26], [-89, -52]]
[[1, 0], [19, 34], [-389, -510]]
[[1, 0], [19, 34], [-419, -680]]
[[1, 0], [19, 34], [-461, -476]]
[[1, 0], [19, 34], [-521, -884]]
[[1, 0], [19, 34], [-77, -68]]
[[1, 0], [19, 34], [-83, -102]]
[[1, 0], [19, 36], [-125, -204]]
[[1, 0], [19, 36], [-134, -117]]
[[1, 0], [19, 36], [-173, -156]]
[[1, 0], [19, 36], [-251, -234]]
[[1, 0], [19, 36], [-485, -468]]
[[1, 0], [19, 36], [-56, -39]]
[[1, 0], [19, 36], [-69, -52]]
[[1, 0], [19, 36], [-95, -78]]
[[1, 0], [19, 39], [-121, -221]]
[[1, 0], [19, 39], [-161, -156]]
[[1, 0], [19, 39], [-359, -663]]
[[1, 0], [19, 39], [-449, -468]]
[[1, 0], [19, 442], [-41, -884]]
[[1, 0], [19, 468], [-53, -468]]
[[1, 0], [19, 51], [-161, -153]]
[[1, 0], [19, 51], [-275, -663]]
[[1, 0], [19, 51], [-431, -459]]
[[1, 0], [19, 51], [-71, -51]]
[[1, 0], [19, 51], [-87, -187]]
[[1, 0], [19, 51], [-89, -204]]
[[1, 0], [19, 51], [-93, -221]]
[[1, 0], [19, 52], [-125, -156]]
[[1, 0], [19, 52], [-129, -260]]
[[1, 0], [19, 52], [-131, -312]]
[[1, 0], [19, 52], [-171, -442]]
[[1, 0], [19, 52], [-179, -234]]
[[1, 0], [19, 52], [-341, -468]]
[[1, 0], [19, 52], [-341, -884]]
[[1, 0], [19, 52], [-53, -52]]
[[1, 0], [19, 52], [-55, -104]]
[[1, 0], [19, 52], [-71, -78]]
[[1, 0], [19, 52], [-86, -221]]
[[1, 0], [19, 52], [-98, -117]]
[[1, 0], [19, 663], [-23, -663]]
[[1, 0], [19, 68], [-125, -238]]
[[1, 0], [19, 68], [-131, -442]]
[[1, 0], [19, 68], [-191, -544]]
[[1, 0], [19, 68], [-197, -612]]
[[1, 0], [19, 68], [-237, -476]]
[[1, 0], [19, 68], [-261, -884]]
[[1, 0], [19, 68], [-35, -102]]
[[1, 0], [19, 68], [-45, -68]]
[[1, 0], [19, 68], [-66, -221]]
[[1, 0], [19, 68], [-69, -119]]
[[1, 0], [19, 78], [-167, -546]]
[[1, 0], [19, 78], [-233, -468]]
[[1, 0], [19, 78], [-69, -260]]
[[1, 0], [19, 78], [-89, -156]]
[[1, 0], [19, 884], [-21, -884]]
[[1, 0], [190, 459], [-242, -459]]
[[1, 0], [190, 663], [-194, -663]]
[[1, 0], [191, 221], [-581, -663]]
[[1, 0], [191, 221], [-769, -884]]
[[1, 0], [191, 260], [-399, -520]]
[[1, 0], [191, 442], [-385, -884]]
[[1, 0], [191, 884], [-193, -884]]
[[1, 0], [192, 221], [-584, -663]]
[[1, 0], [192, 221], [-773, -884]]
[[1, 0], [193, 221], [-197, -221]]
[[1, 0], [193, 221], [-587, -663]]
[[1, 0], [193, 221], [-777, -884]]
[[1, 0], [193, 272], [-399, -544]]
[[1, 0], [193, 442], [-389, -884]]
[[1, 0], [193, 663], [-197, -663]]
[[1, 0], [194, 221], [-590, -663]]
[[1, 0], [194, 221], [-781, -884]]
[[1, 0], [196, 221], [-596, -663]]
[[1, 0], [196, 221], [-789, -884]]
[[1, 0], [196, 663], [-200, -663]]
[[1, 0], [197, 221], [-201, -221]]
[[1, 0], [197, 221], [-599, -663]]
[[1, 0], [197, 238], [-433, -476]]
[[1, 0], [197, 442], [-397, -884]]
[[1, 0], [197, 476], [-223, -476]]
[[1, 0], [197, 884], [-199, -884]]
[[1, 0], [198, 221], [-602, -663]]
[[1, 0], [198, 221], [-797, -884]]
[[1, 0], [199, 204], [-305, -306]]
[[1, 0], [199, 221], [-605, -663]]
[[1, 0], [199, 221], [-801, -884]]
[[1, 0], [199, 234], [-449, -468]]
[[1, 0], [199, 442], [-401, -884]]
[[1, 0], [199, 468], [-233, -468]]
[[1, 0], [199, 663], [-203, -663]]
[[1, 0], [199, 884], [-201, -884]]
[[1, 0], [2, 13], [-1294, -455]]
[[1, 0], [2, 13], [-205, -884]]
[[1, 0], [2, 13], [-206, -663]]
[[1, 0], [2, 13], [-214, -65]]
[[1, 0], [2, 13], [-215, -624]]
[[1, 0], [2, 13], [-241, -572]]
[[1, 0], [2, 13], [-245, -156]]
[[1, 0], [2, 13], [-25, -52]]
[[1, 0], [2, 13], [-350, -507]]
[[1, 0], [2, 13], [-41, -156]]
[[1, 0], [2, 13], [-67, -104]]
[[1, 0], [2, 13], [-70, -13]]
[[1, 0], [2, 13], [-70, -221]]
[[1, 0], [2, 13], [-701, -468]]
[[1, 0], [2, 13], [-93, -52]]
[[1, 0], [2, 17], [-110, -51]]
[[1, 0], [2, 17], [-157, -884]]
[[1, 0], [2, 17], [-158, -663]]
[[1, 0], [2, 17], [-174, -595]]
[[1, 0], [2, 17], [-207, -544]]
[[1, 0], [2, 17], [-21, -68]]
[[1, 0], [2, 17], [-278, -153]]
[[1, 0], [2, 17], [-318, -493]]
[[1, 0], [2, 17], [-433, -476]]
[[1, 0], [2, 17], [-54, -17]]
[[1, 0], [2, 17], [-54, -221]]
[[1, 0], [2, 17], [-73, -68]]
[[1, 0], [2, 221], [-14, -663]]
[[1, 0], [2, 221], [-6, -221]]
[[1, 0], [200, 221], [-608, -663]]
[[1, 0], [200, 221], [-805, -884]]
[[1, 0], [201, 221], [-809, -884]]
[[1, 0], [201, 260], [-419, -520]]
[[1, 0], [201, 272], [-415, -544]]
[[1, 0], [201, 442], [-405, -884]]
[[1, 0], [201, 884], [-203, -884]]
[[1, 0], [202, 221], [-614, -663]]
[[1, 0], [202, 221], [-813, -884]]
[[1, 0], [203, 221], [-617, -663]]
[[1, 0], [203, 221], [-817, -884]]
[[1, 0], [203, 442], [-409, -884]]
[[1, 0], [203, 884], [-205, -884]]
[[1, 0], [205, 221], [-623, -663]]
[[1, 0], [205, 221], [-825, -884]]
[[1, 0], [205, 442], [-413, -884]]
[[1, 0], [205, 663], [-209, -663]]
[[1, 0], [206, 221], [-626, -663]]
[[1, 0], [206, 221], [-829, -884]]
[[1, 0], [207, 442], [-417, -884]]
[[1, 0], [207, 884], [-209, -884]]
[[1, 0], [209, 221], [-635, -663]]
[[1, 0], [209, 221], [-841, -884]]
[[1, 0], [209, 272], [-431, -544]]
[[1, 0], [209, 442], [-421, -884]]
[[1, 0], [209, 884], [-211, -884]]
[[1, 0], [21, 104], [-139, -520]]
[[1, 0], [21, 104], [-41, -182]]
[[1, 0], [21, 136], [-55, -272]]
[[1, 0], [21, 136], [-59, -340]]
[[1, 0], [21, 170], [-89, -510]]
[[1, 0], [21, 221], [-25, -221]]
[[1, 0], [21, 221], [-71, -663]]
[[1, 0], [21, 221], [-89, -884]]
[[1, 0], [21, 260], [-59, -520]]
[[1, 0], [21, 26], [-181, -182]]
[[1, 0], [21, 26], [-245, -156]]
[[1, 0], [21, 26], [-45, -46]]
[[1, 0], [21, 26], [-539, -520]]
[[1, 0], [21, 26], [-551, -598]]
[[1, 0], [21, 26], [-569, -494]]
[[1, 0], [21, 26], [-597, -676]]
[[1, 0], [21, 26], [-701, -468]]
[[1, 0], [21, 26], [-749, -884]]
[[1, 0], [21, 26], [-93, -52]]
[[1, 0], [21, 34], [-419, -510]]
[[1, 0], [21, 34], [-489, -476]]
[[1, 0], [21, 34], [-573, -884]]
[[1, 0], [21, 34], [-81, -68]]
[[1, 0], [21, 34], [-89, -102]]
[[1, 0], [21, 40], [-179, -260]]
[[1, 0], [21, 40], [-29, -52]]
[[1, 0], [21, 40], [-49, -65]]
[[1, 0], [21, 40], [-75, -104]]
[[1, 0], [21, 40], [-99, -170]]
[[1, 0], [21, 442], [-45, -884]]
[[1, 0], [21, 52], [-131, -156]]
[[1, 0], [21, 52], [-359, -468]]
[[1, 0], [21, 52], [-375, -884]]
[[1, 0], [21, 52], [-55, -52]]
[[1, 0], [21, 52], [-59, -104]]
[[1, 0], [21, 65], [-111, -91]]
[[1, 0], [21, 65], [-219, -520]]
[[1, 0], [21, 65], [-269, -780]]
[[1, 0], [21, 65], [-29, -85]]
[[1, 0], [21, 65], [-419, -455]]
[[1, 0], [21, 65], [-89, -65]]
[[1, 0], [21, 68], [-207, -544]]
[[1, 0], [21, 68], [-215, -612]]
[[1, 0], [21, 68], [-251, -476]]
[[1, 0], [21, 68], [-287, -884]]
[[1, 0], [21, 68], [-47, -68]]
[[1, 0], [21, 85], [-53, -204]]
[[1, 0], [21, 884], [-23, -884]]
[[1, 0], [210, 221], [-214, -221]]
[[1, 0], [210, 221], [-638, -663]]
[[1, 0], [211, 221], [-641, -663]]
[[1, 0], [211, 221], [-849, -884]]
[[1, 0], [211, 238], [-461, -476]]
[[1, 0], [211, 260], [-439, -520]]
[[1, 0], [211, 476], [-237, -476]]
[[1, 0], [211, 884], [-213, -884]]
[[1, 0], [212, 221], [-644, -663]]
[[1, 0], [212, 221], [-853, -884]]
[[1, 0], [213, 221], [-647, -663]]
[[1, 0], [213, 221], [-857, -884]]
[[1, 0], [214, 221], [-861, -884]]
[[1, 0], [214, 663], [-218, -663]]
[[1, 0], [215, 221], [-653, -663]]
[[1, 0], [215, 221], [-865, -884]]
[[1, 0], [215, 442], [-433, -884]]
[[1, 0], [215, 884], [-217, -884]]
[[1, 0], [216, 221], [-656, -663]]
[[1, 0], [216, 221], [-869, -884]]
[[1, 0], [217, 221], [-659, -663]]
[[1, 0], [217, 221], [-873, -884]]
[[1, 0], [217, 234], [-485, -468]]
[[1, 0], [217, 272], [-447, -544]]
[[1, 0], [217, 442], [-437, -884]]
[[1, 0], [217, 468], [-251, -468]]
[[1, 0], [217, 884], [-219, -884]]
[[1, 0], [218, 221], [-222, -221]]
[[1, 0], [218, 221], [-662, -663]]
[[1, 0], [218, 221], [-877, -884]]
[[1, 0], [219, 221], [-223, -221]]
[[1, 0], [219, 221], [-665, -663]]
[[1, 0], [219, 221], [-881, -884]]
[[1, 0], [219, 442], [-441, -884]]
[[1, 0], [22, 119], [-27, -136]]
[[1, 0], [22, 221], [-74, -663]]
[[1, 0], [22, 221], [-93, -884]]
[[1, 0], [22, 39], [-138, -221]]
[[1, 0], [22, 39], [-173, -156]]
[[1, 0], [22, 39], [-410, -663]]
[[1, 0], [22, 39], [-485, -468]]
[[1, 0], [22, 39], [-69, -52]]
[[1, 0], [22, 51], [-101, -204]]
[[1, 0], [22, 51], [-106, -221]]
[[1, 0], [22, 51], [-314, -663]]
[[1, 0], [22, 51], [-458, -459]]
[[1, 0], [22, 51], [-74, -51]]
[[1, 0], [22, 51], [-98, -187]]
[[1, 0], [22, 91], [-314, -455]]
[[1, 0], [220, 221], [-668, -663]]
[[1, 0], [220, 221], [-885, -884]]
[[1, 0], [220, 663], [-224, -663]]
[[1, 0], [223, 442], [-449, -884]]
[[1, 0], [223, 444], [-665, -444]]
[[1, 0], [223, 663], [-227, -663]]
[[1, 0], [223, 884], [-225, -884]]
[[1, 0], [225, 238], [-489, -476]]
[[1, 0], [225, 272], [-463, -544]]
[[1, 0], [225, 442], [-453, -884]]
[[1, 0], [225, 476], [-251, -476]]
[[1, 0], [225, 884], [-227, -884]]
[[1, 0], [226, 663], [-230, -663]]
[[1, 0], [227, 442], [-457, -884]]
[[1, 0], [227, 884], [-229, -884]]
[[1, 0], [229, 442], [-461, -884]]
[[1, 0], [229, 663], [-233, -663]]
[[1, 0], [229, 884], [-231, -884]]
[[1, 0], [23, 143], [-109, -572]]
[[1, 0], [23, 221], [-27, -221]]
[[1, 0], [23, 221], [-77, -663]]
[[1, 0], [23, 221], [-97, -884]]
[[1, 0], [23, 26], [-257, -156]]
[[1, 0], [23, 26], [-53, -54]]
[[1, 0], [23, 26], [-579, -520]]
[[1, 0], [23, 26], [-597, -598]]
[[1, 0], [23, 26], [-607, -494]]
[[1, 0], [23, 26], [-649, -676]]
[[1, 0], [23, 26], [-737, -468]]
[[1, 0], [23, 26], [-817, -884]]
[[1, 0], [23, 26], [-97, -52]]
[[1, 0], [23, 34], [-449, -510]]
[[1, 0], [23, 34], [-499, -680]]
[[1, 0], [23, 34], [-517, -476]]
[[1, 0], [23, 34], [-625, -884]]
[[1, 0], [23, 34], [-95, -102]]
[[1, 0], [23, 442], [-49, -884]]
[[1, 0], [23, 44], [-175, -286]]
[[1, 0], [23, 44], [-417, -748]]
[[1, 0], [23, 52], [-103, -221]]
[[1, 0], [23, 52], [-107, -117]]
[[1, 0], [23, 52], [-137, -156]]
[[1, 0], [23, 52], [-149, -260]]
[[1, 0], [23, 52], [-155, -312]]
[[1, 0], [23, 52], [-197, -234]]
[[1, 0], [23, 52], [-205, -442]]
[[1, 0], [23, 52], [-409, -884]]
[[1, 0], [23, 52], [-57, -52]]
[[1, 0], [23, 52], [-63, -104]]
[[1, 0], [23, 52], [-76, -143]]
[[1, 0], [23, 52], [-77, -78]]
[[1, 0], [23, 68], [-139, -238]]
[[1, 0], [23, 68], [-157, -442]]
[[1, 0], [23, 68], [-223, -544]]
[[1, 0], [23, 68], [-233, -612]]
[[1, 0], [23, 68], [-265, -476]]
[[1, 0], [23, 68], [-313, -884]]
[[1, 0], [23, 68], [-41, -102]]
[[1, 0], [23, 68], [-59, -136]]
[[1, 0], [23, 68], [-76, -119]]
[[1, 0], [23, 68], [-79, -221]]
[[1, 0], [23, 884], [-25, -884]]
[[1, 0], [231, 260], [-479, -520]]
[[1, 0], [231, 442], [-465, -884]]
[[1, 0], [231, 884], [-233, -884]]
[[1, 0], [232, 663], [-236, -663]]
[[1, 0], [233, 272], [-479, -544]]
[[1, 0], [233, 442], [-469, -884]]
[[1, 0], [233, 884], [-235, -884]]
[[1, 0], [235, 442], [-473, -884]]
[[1, 0], [235, 663], [-239, -663]]
[[1, 0], [235, 884], [-237, -884]]
[[1, 0], [237, 442], [-477, -884]]
[[1, 0], [237, 884], [-239, -884]]
[[1, 0], [239, 884], [-241, -884]]
[[1, 0], [24, 221], [-101, -884]]
[[1, 0], [24, 221], [-80, -663]]
[[1, 0], [241, 260], [-499, -520]]
[[1, 0], [241, 272], [-495, -544]]
[[1, 0], [241, 442], [-485, -884]]
[[1, 0], [241, 884], [-243, -884]]
[[1, 0], [243, 442], [-489, -884]]
[[1, 0], [244, 663], [-248, -663]]
[[1, 0], [249, 272], [-511, -544]]
[[1, 0], [249, 442], [-501, -884]]
[[1, 0], [249, 884], [-251, -884]]
[[1, 0], [25, 102], [-59, -170]]
[[1, 0], [25, 102], [-71, -272]]
[[1, 0], [25, 104], [-159, -520]]
[[1, 0], [25, 104], [-167, -624]]
[[1, 0], [25, 136], [-69, -340]]
[[1, 0], [25, 156], [-59, -156]]
[[1, 0], [25, 221], [-105, -884]]
[[1, 0], [25, 221], [-29, -221]]
[[1, 0], [25, 221], [-83, -663]]
[[1, 0], [25, 26], [-101, -52]]
[[1, 0], [25, 26], [-209, -182]]
[[1, 0], [25, 26], [-269, -156]]
[[1, 0], [25, 26], [-619, -520]]
[[1, 0], [25, 26], [-643, -598]]
[[1, 0], [25, 26], [-645, -494]]
[[1, 0], [25, 26], [-69, -68]]
[[1, 0], [25, 26], [-701, -676]]
[[1, 0], [25, 26], [-773, -468]]
[[1, 0], [25, 26], [-885, -884]]
[[1, 0], [25, 272], [-63, -544]]
[[1, 0], [25, 34], [-101, -102]]
[[1, 0], [25, 34], [-479, -510]]
[[1, 0], [25, 34], [-539, -680]]
[[1, 0], [25, 34], [-545, -476]]
[[1, 0], [25, 34], [-677, -884]]
[[1, 0], [25, 34], [-89, -68]]
[[1, 0], [25, 39], [-155, -221]]
[[1, 0], [25, 39], [-185, -156]]
[[1, 0], [25, 39], [-461, -663]]
[[1, 0], [25, 39], [-521, -468]]
[[1, 0], [25, 39], [-73, -52]]
[[1, 0], [25, 442], [-53, -884]]
[[1, 0], [25, 48], [-29, -51]]
[[1, 0], [25, 48], [-359, -624]]
[[1, 0], [25, 48], [-47, -78]]
[[1, 0], [25, 51], [-109, -187]]
[[1, 0], [25, 51], [-113, -204]]
[[1, 0], [25, 51], [-179, -153]]
[[1, 0], [25, 51], [-353, -663]]
[[1, 0], [25, 51], [-485, -459]]
[[1, 0], [25, 51], [-77, -51]]
[[1, 0], [25, 52], [-35, -68]]
[[1, 0], [25, 52], [-395, -468]]
[[1, 0], [25, 52], [-443, -884]]
[[1, 0], [25, 52], [-59, -52]]
[[1, 0], [25, 52], [-67, -104]]
[[1, 0], [25, 663], [-29, -663]]
[[1, 0], [25, 68], [-239, -544]]
[[1, 0], [25, 68], [-251, -612]]
[[1, 0], [25, 68], [-279, -476]]
[[1, 0], [25, 68], [-339, -884]]
[[1, 0], [25, 78], [-101, -156]]
[[1, 0], [25, 78], [-209, -546]]
[[1, 0], [25, 78], [-269, -468]]
[[1, 0], [25, 78], [-89, -260]]
[[1, 0], [25, 884], [-27, -884]]
[[1, 0], [250, 663], [-254, -663]]
[[1, 0], [251, 260], [-519, -520]]
[[1, 0], [251, 442], [-505, -884]]
[[1, 0], [251, 884], [-253, -884]]
[[1, 0], [253, 442], [-509, -884]]
[[1, 0], [253, 663], [-257, -663]]
[[1, 0], [257, 442], [-517, -884]]
[[1, 0], [257, 884], [-259, -884]]
[[1, 0], [259, 442], [-521, -884]]
[[1, 0], [259, 663], [-263, -663]]
[[1, 0], [259, 884], [-261, -884]]
[[1, 0], [26, 85], [-65, -204]]
[[1, 0], [261, 442], [-525, -884]]
[[1, 0], [261, 884], [-263, -884]]
[[1, 0], [263, 442], [-529, -884]]
[[1, 0], [263, 884], [-265, -884]]
[[1, 0], [265, 272], [-543, -544]]
[[1, 0], [265, 663], [-269, -663]]
[[1, 0], [267, 442], [-537, -884]]
[[1, 0], [267, 884], [-269, -884]]
[[1, 0], [269, 442], [-541, -884]]
[[1, 0], [269, 884], [-271, -884]]
[[1, 0], [27, 221], [-113, -884]]
[[1, 0], [27, 221], [-31, -221]]
[[1, 0], [27, 221], [-89, -663]]
[[1, 0], [27, 34], [-107, -102]]
[[1, 0], [27, 34], [-509, -510]]
[[1, 0], [27, 34], [-573, -476]]
[[1, 0], [27, 34], [-579, -680]]
[[1, 0], [27, 34], [-729, -884]]
[[1, 0], [27, 34], [-93, -68]]
[[1, 0], [27, 442], [-57, -884]]
[[1, 0], [27, 52], [-116, -117]]
[[1, 0], [27, 52], [-120, -221]]
[[1, 0], [27, 52], [-149, -156]]
[[1, 0], [27, 52], [-179, -312]]
[[1, 0], [27, 52], [-215, -234]]
[[1, 0], [27, 52], [-239, -442]]
[[1, 0], [27, 52], [-413, -468]]
[[1, 0], [27, 52], [-477, -884]]
[[1, 0], [27, 52], [-61, -52]]
[[1, 0], [27, 52], [-71, -104]]
[[1, 0], [27, 52], [-83, -78]]
[[1, 0], [27, 52], [-87, -143]]
[[1, 0], [27, 68], [-183, -442]]
[[1, 0], [27, 68], [-269, -612]]
[[1, 0], [27, 68], [-293, -476]]
[[1, 0], [27, 68], [-365, -884]]
[[1, 0], [27, 68], [-47, -102]]
[[1, 0], [27, 68], [-67, -136]]
[[1, 0], [27, 68], [-83, -119]]
[[1, 0], [27, 68], [-92, -221]]
[[1, 0], [27, 884], [-29, -884]]
[[1, 0], [271, 442], [-545, -884]]
[[1, 0], [271, 663], [-275, -663]]
[[1, 0], [274, 663], [-278, -663]]
[[1, 0], [275, 442], [-553, -884]]
[[1, 0], [275, 884], [-277, -884]]
[[1, 0], [277, 442], [-557, -884]]
[[1, 0], [277, 663], [-281, -663]]
[[1, 0], [279, 884], [-281, -884]]
[[1, 0], [28, 117], [-197, -468]]
[[1, 0], [28, 117], [-77, -156]]
[[1, 0], [28, 153], [-125, -612]]
[[1, 0], [28, 153], [-188, -459]]
[[1, 0], [28, 153], [-80, -153]]
[[1, 0], [28, 221], [-32, -221]]
[[1, 0], [28, 221], [-92, -663]]
[[1, 0], [28, 39], [-172, -221]]
[[1, 0], [28, 39], [-197, -156]]
[[1, 0], [28, 39], [-512, -663]]
[[1, 0], [28, 39], [-557, -468]]
[[1, 0], [28, 39], [-77, -52]]
[[1, 0], [28, 459], [-80, -459]]
[[1, 0], [28, 51], [-120, -187]]
[[1, 0], [28, 51], [-125, -204]]
[[1, 0], [28, 51], [-132, -221]]
[[1, 0], [28, 51], [-188, -153]]
[[1, 0], [28, 51], [-392, -663]]
[[1, 0], [28, 51], [-512, -459]]
[[1, 0], [28, 663], [-32, -663]]
[[1, 0], [281, 442], [-565, -884]]
[[1, 0], [281, 884], [-283, -884]]
[[1, 0], [283, 442], [-569, -884]]
[[1, 0], [283, 663], [-287, -663]]
[[1, 0], [283, 884], [-285, -884]]
[[1, 0], [285, 442], [-573, -884]]
[[1, 0], [285, 884], [-287, -884]]
[[1, 0], [287, 442], [-577, -884]]
[[1, 0], [29, 104], [-179, -520]]
[[1, 0], [29, 104], [-191, -624]]
[[1, 0], [29, 104], [-49, -130]]
[[1, 0], [29, 104], [-55, -182]]
[[1, 0], [29, 119], [-181, -476]]
[[1, 0], [29, 119], [-35, -136]]
[[1, 0], [29, 136], [-71, -272]]
[[1, 0], [29, 136], [-79, -340]]
[[1, 0], [29, 221], [-121, -884]]
[[1, 0], [29, 221], [-33, -221]]
[[1, 0], [29, 221], [-95, -663]]
[[1, 0], [29, 238], [-97, -476]]
[[1, 0], [29, 34], [-113, -102]]
[[1, 0], [29, 34], [-37, -38]]
[[1, 0], [29, 34], [-539, -510]]
[[1, 0], [29, 34], [-601, -476]]
[[1, 0], [29, 34], [-619, -680]]
[[1, 0], [29, 34], [-781, -884]]
[[1, 0], [29, 34], [-97, -68]]
[[1, 0], [29, 442], [-61, -884]]
[[1, 0], [29, 52], [-155, -156]]
[[1, 0], [29, 52], [-431, -468]]
[[1, 0], [29, 52], [-511, -884]]
[[1, 0], [29, 52], [-63, -52]]
[[1, 0], [29, 52], [-75, -104]]
[[1, 0], [29, 56], [-191, -64]]
[[1, 0], [29, 56], [-279, -112]]
[[1, 0], [29, 56], [-895, -448]]
[[1, 0], [29, 68], [-271, -544]]
[[1, 0], [29, 68], [-287, -612]]
[[1, 0], [29, 68], [-307, -476]]
[[1, 0], [29, 884], [-31, -884]]
[[1, 0], [29, 91], [-349, -455]]
[[1, 0], [29, 91], [-97, -91]]
[[1, 0], [292, 663], [-296, -663]]
[[1, 0], [293, 442], [-589, -884]]
[[1, 0], [293, 884], [-295, -884]]
[[1, 0], [295, 442], [-593, -884]]
[[1, 0], [295, 884], [-297, -884]]
[[1, 0], [297, 442], [-597, -884]]
[[1, 0], [298, 663], [-302, -663]]
[[1, 0], [3, 13], [-1329, -455]]
[[1, 0], [3, 13], [-219, -65]]
[[1, 0], [3, 13], [-257, -156]]
[[1, 0], [3, 13], [-257, -663]]
[[1, 0], [3, 13], [-263, -624]]
[[1, 0], [3, 13], [-285, -572]]
[[1, 0], [3, 13], [-29, -52]]
[[1, 0], [3, 13], [-293, -91]]
[[1, 0], [3, 13], [-327, -533]]
[[1, 0], [3, 13], [-389, -507]]
[[1, 0], [3, 13], [-53, -156]]
[[1, 0], [3, 13], [-71, -13]]
[[1, 0], [3, 13], [-737, -468]]
[[1, 0], [3, 13], [-75, -104]]
[[1, 0], [3, 13], [-87, -221]]
[[1, 0], [3, 13], [-97, -52]]
[[1, 0], [3, 17], [-113, -51]]
[[1, 0], [3, 17], [-197, -663]]
[[1, 0], [3, 17], [-197, -748]]
[[1, 0], [3, 17], [-209, -595]]
[[1, 0], [3, 17], [-209, -884]]
[[1, 0], [3, 17], [-239, -544]]
[[1, 0], [3, 17], [-25, -68]]
[[1, 0], [3, 17], [-287, -153]]
[[1, 0], [3, 17], [-347, -493]]
[[1, 0], [3, 17], [-461, -476]]
[[1, 0], [3, 17], [-55, -17]]
[[1, 0], [3, 17], [-67, -221]]
[[1, 0], [3, 17], [-77, -68]]
[[1, 0], [3, 17], [-809, -459]]
[[1, 0], [3, 221], [-7, -221]]
[[1, 0], [3, 26], [-129, -676]]
[[1, 0], [3, 26], [-137, -156]]
[[1, 0], [3, 26], [-137, -598]]
[[1, 0], [3, 26], [-137, -884]]
[[1, 0], [3, 26], [-179, -520]]
[[1, 0], [3, 26], [-19, -40]]
[[1, 0], [3, 26], [-227, -494]]
[[1, 0], [3, 26], [-55, -182]]
[[1, 0], [3, 26], [-57, -52]]
[[1, 0], [3, 34], [-105, -884]]
[[1, 0], [3, 34], [-149, -510]]
[[1, 0], [3, 34], [-237, -476]]
[[1, 0], [3, 34], [-35, -102]]
[[1, 0], [3, 34], [-45, -68]]
[[1, 0], [3, 34], [-99, -680]]
[[1, 0], [3, 442], [-9, -884]]
[[1, 0], [3, 4], [-1061, -236]]
[[1, 0], [3, 4], [-1147, -56]]
[[1, 0], [3, 4], [-1187, -234]]
[[1, 0], [3, 4], [-12653, -222]]
[[1, 0], [3, 4], [-129, -68]]
[[1, 0], [3, 4], [-147, -26]]
[[1, 0], [3, 4], [-149, -34]]
[[1, 0], [3, 4], [-1609, -230]]
[[1, 0], [3, 4], [-167, -136]]
[[1, 0], [3, 4], [-183, -23]]
[[1, 0], [3, 4], [-1917, -476]]
[[1, 0], [3, 4], [-212, -39]]
[[1, 0], [3, 4], [-222, -221]]
[[1, 0], [3, 4], [-227, -8]]
[[1, 0], [3, 4], [-2293, -37]]
[[1, 0], [3, 4], [-231, -104]]
[[1, 0], [3, 4], [-2357, -468]]
[[1, 0], [3, 4], [-239, -24]]
[[1, 0], [3, 4], [-25085, -444]]
[[1, 0], [3, 4], [-2711, -226]]
[[1, 0], [3, 4], [-277, -52]]
[[1, 0], [3, 4], [-285, -68]]
[[1, 0], [3, 4], [-407, -78]]
[[1, 0], [3, 4], [-415, -338]]
[[1, 0], [3, 4], [-417, -374]]
[[1, 0], [3, 4], [-431, -306]]
[[1, 0], [3, 4], [-431, -416]]
[[1, 0], [3, 4], [-4365, -74]]
[[1, 0], [3, 4], [-4367, -224]]
[[1, 0], [3, 4], [-443, -296]]
[[1, 0], [3, 4], [-443, -442]]
[[1, 0], [3, 4], [-445, -4]]
[[1, 0], [3, 4], [-45, -26]]
[[1, 0], [3, 4], [-461, -286]]
[[1, 0], [3, 4], [-489, -119]]
[[1, 0], [3, 4], [-503, -272]]
[[1, 0], [3, 4], [-531, -266]]
[[1, 0], [3, 4], [-557, -6]]
[[1, 0], [3, 4], [-569, -260]]
[[1, 0], [3, 4], [-59, -5]]
[[1, 0], [3, 4], [-602, -117]]
[[1, 0], [3, 4], [-6437, -111]]
[[1, 0], [3, 4], [-687, -32]]
[[1, 0], [3, 4], [-73, -52]]
[[1, 0], [3, 4], [-737, -246]]
[[1, 0], [3, 4], [-74, -25]]
[[1, 0], [3, 4], [-74, -51]]
[[1, 0], [3, 4], [-77, -68]]
[[1, 0], [3, 4], [-797, -156]]
[[1, 0], [3, 4], [-81, -17]]
[[1, 0], [3, 4], [-82, -13]]
[[1, 0], [3, 4], [-8509, -148]]
[[1, 0], [3, 4], [-885, -884]]
[[1, 0], [3, 4], [-89, -45]]
[[1, 0], [3, 4], [-893, -12]]
[[1, 0], [3, 4], [-965, -238]]
[[1, 0], [3, 52], [-107, -234]]
[[1, 0], [3, 52], [-18, -221]]
[[1, 0], [3, 52], [-197, -468]]
[[1, 0], [3, 52], [-21, -143]]
[[1, 0], [3, 52], [-23, -104]]
[[1, 0], [3, 52], [-35, -312]]
[[1, 0], [3, 52], [-35, -442]]
[[1, 0], [3, 52], [-37, -52]]
[[1, 0], [3, 52], [-47, -78]]
[[1, 0], [3, 52], [-49, -260]]
[[1, 0], [3, 52], [-62, -117]]
[[1, 0], [3, 52], [-69, -884]]
[[1, 0], [3, 52], [-77, -156]]
[[1, 0], [3, 68], [-11, -102]]
[[1, 0], [3, 68], [-125, -476]]
[[1, 0], [3, 68], [-14, -221]]
[[1, 0], [3, 68], [-19, -136]]
[[1, 0], [3, 68], [-27, -442]]
[[1, 0], [3, 68], [-29, -68]]
[[1, 0], [3, 68], [-41, -119]]
[[1, 0], [3, 68], [-53, -612]]
[[1, 0], [3, 68], [-53, -884]]
[[1, 0], [3, 68], [-63, -544]]
[[1, 0], [3, 68], [-69, -238]]
[[1, 0], [3, 884], [-5, -884]]
[[1, 0], [30, 221], [-125, -884]]
[[1, 0], [30, 221], [-98, -663]]
[[1, 0], [301, 442], [-605, -884]]
[[1, 0], [301, 663], [-305, -663]]
[[1, 0], [301, 884], [-303, -884]]
[[1, 0], [303, 442], [-609, -884]]
[[1, 0], [303, 884], [-305, -884]]
[[1, 0], [304, 663], [-308, -663]]
[[1, 0], [305, 442], [-613, -884]]
[[1, 0], [305, 884], [-307, -884]]
[[1, 0], [307, 442], [-617, -884]]
[[1, 0], [307, 884], [-309, -884]]
[[1, 0], [309, 442], [-621, -884]]
[[1, 0], [309, 884], [-311, -884]]
[[1, 0], [31, 102], [-69, -170]]
[[1, 0], [31, 102], [-87, -272]]
[[1, 0], [31, 156], [-161, -468]]
[[1, 0], [31, 156], [-47, -208]]
[[1, 0], [31, 156], [-89, -234]]
[[1, 0], [31, 204], [-53, -306]]
[[1, 0], [31, 221], [-101, -663]]
[[1, 0], [31, 221], [-129, -884]]
[[1, 0], [31, 221], [-35, -221]]
[[1, 0], [31, 260], [-79, -520]]
[[1, 0], [31, 34], [-101, -68]]
[[1, 0], [31, 34], [-45, -46]]
[[1, 0], [31, 34], [-569, -510]]
[[1, 0], [31, 34], [-659, -680]]
[[1, 0], [31, 39], [-189, -221]]
[[1, 0], [31, 39], [-209, -156]]
[[1, 0], [31, 39], [-563, -663]]
[[1, 0], [31, 39], [-593, -468]]
[[1, 0], [31, 39], [-81, -52]]
[[1, 0], [31, 51], [-131, -187]]
[[1, 0], [31, 51], [-137, -204]]
[[1, 0], [31, 51], [-145, -221]]
[[1, 0], [31, 51], [-197, -153]]
[[1, 0], [31, 51], [-431, -663]]
[[1, 0], [31, 51], [-539, -459]]
[[1, 0], [31, 52], [-125, -117]]
[[1, 0], [31, 52], [-137, -221]]
[[1, 0], [31, 52], [-161, -156]]
[[1, 0], [31, 52], [-189, -260]]
[[1, 0], [31, 52], [-203, -312]]
[[1, 0], [31, 52], [-233, -234]]
[[1, 0], [31, 52], [-449, -468]]
[[1, 0], [31, 52], [-545, -884]]
[[1, 0], [31, 52], [-79, -104]]
[[1, 0], [31, 52], [-89, -78]]
[[1, 0], [31, 52], [-98, -143]]
[[1, 0], [31, 65], [-125, -91]]
[[1, 0], [31, 65], [-389, -780]]
[[1, 0], [31, 65], [-489, -455]]
[[1, 0], [31, 65], [-99, -65]]
[[1, 0], [31, 663], [-35, -663]]
[[1, 0], [31, 68], [-105, -221]]
[[1, 0], [31, 68], [-167, -238]]
[[1, 0], [31, 68], [-209, -442]]
[[1, 0], [31, 68], [-287, -544]]
[[1, 0], [31, 68], [-305, -612]]
[[1, 0], [31, 68], [-321, -476]]
[[1, 0], [31, 68], [-417, -884]]
[[1, 0], [31, 68], [-53, -102]]
[[1, 0], [31, 68], [-75, -136]]
[[1, 0], [31, 68], [-90, -119]]
[[1, 0], [31, 78], [-109, -260]]
[[1, 0], [31, 78], [-113, -156]]
[[1, 0], [31, 78], [-251, -546]]
[[1, 0], [31, 78], [-305, -468]]
[[1, 0], [31, 85], [-77, -204]]
[[1, 0], [310, 663], [-314, -663]]
[[1, 0], [311, 442], [-625, -884]]
[[1, 0], [313, 663], [-317, -663]]
[[1, 0], [313, 884], [-315, -884]]
[[1, 0], [315, 442], [-633, -884]]
[[1, 0], [315, 884], [-317, -884]]
[[1, 0], [316, 455], [-384, -455]]
[[1, 0], [316, 663], [-320, -663]]
[[1, 0], [319, 442], [-641, -884]]
[[1, 0], [319, 884], [-321, -884]]
[[1, 0], [32, 221], [-133, -884]]
[[1, 0], [32, 221], [-36, -221]]
[[1, 0], [321, 442], [-645, -884]]
[[1, 0], [322, 663], [-326, -663]]
[[1, 0], [327, 442], [-657, -884]]
[[1, 0], [327, 884], [-329, -884]]
[[1, 0], [328, 663], [-332, -663]]
[[1, 0], [329, 442], [-661, -884]]
[[1, 0], [329, 884], [-331, -884]]
[[1, 0], [33, 104], [-199, -520]]
[[1, 0], [33, 104], [-215, -624]]
[[1, 0], [33, 136], [-89, -340]]
[[1, 0], [33, 221], [-107, -663]]
[[1, 0], [33, 221], [-137, -884]]
[[1, 0], [33, 272], [-79, -544]]
[[1, 0], [33, 34], [-105, -68]]
[[1, 0], [33, 34], [-125, -102]]
[[1, 0], [33, 34], [-53, -52]]
[[1, 0], [33, 34], [-599, -510]]
[[1, 0], [33, 34], [-657, -476]]
[[1, 0], [33, 34], [-699, -680]]
[[1, 0], [33, 34], [-885, -884]]
[[1, 0], [33, 442], [-69, -884]]
[[1, 0], [33, 52], [-167, -156]]
[[1, 0], [33, 52], [-467, -468]]
[[1, 0], [33, 52], [-579, -884]]
[[1, 0], [33, 52], [-67, -52]]
[[1, 0], [33, 52], [-83, -104]]
[[1, 0], [33, 64], [-223, -416]]
[[1, 0], [33, 64], [-447, -224]]
[[1, 0], [33, 68], [-303, -544]]
[[1, 0], [33, 68], [-335, -476]]
[[1, 0], [33, 68], [-443, -884]]
[[1, 0], [33, 884], [-35, -884]]
[[1, 0], [331, 442], [-665, -884]]
[[1, 0], [331, 884], [-333, -884]]
[[1, 0], [333, 442], [-669, -884]]
[[1, 0], [333, 884], [-335, -884]]
[[1, 0], [335, 442], [-673, -884]]
[[1, 0], [335, 884], [-337, -884]]
[[1, 0], [337, 442], [-677, -884]]
[[1, 0], [337, 884], [-339, -884]]
[[1, 0], [339, 442], [-681, -884]]
[[1, 0], [339, 884], [-341, -884]]
[[1, 0], [34, 143], [-153, -572]]
[[1, 0], [34, 39], [-206, -221]]
[[1, 0], [34, 39], [-614, -663]]
[[1, 0], [34, 39], [-629, -468]]
[[1, 0], [34, 39], [-85, -52]]
[[1, 0], [341, 442], [-685, -884]]
[[1, 0], [341, 884], [-343, -884]]
[[1, 0], [345, 442], [-693, -884]]
[[1, 0], [347, 884], [-349, -884]]
[[1, 0], [349, 442], [-701, -884]]
[[1, 0], [35, 221], [-113, -663]]
[[1, 0], [35, 221], [-145, -884]]
[[1, 0], [35, 442], [-73, -884]]
[[1, 0], [35, 52], [-109, -143]]
[[1, 0], [35, 52], [-134, -117]]
[[1, 0], [35, 52], [-154, -221]]
[[1, 0], [35, 52], [-173, -156]]
[[1, 0], [35, 52], [-209, -260]]
[[1, 0], [35, 52], [-227, -312]]
[[1, 0], [35, 52], [-251, -234]]
[[1, 0], [35, 52], [-307, -442]]
[[1, 0], [35, 52], [-485, -468]]
[[1, 0], [35, 52], [-613, -884]]
[[1, 0], [35, 52], [-69, -52]]
[[1, 0], [35, 52], [-87, -104]]
[[1, 0], [35, 52], [-95, -78]]
[[1, 0], [35, 68], [-118, -221]]
[[1, 0], [35, 68], [-181, -238]]
[[1, 0], [35, 68], [-235, -442]]
[[1, 0], [35, 68], [-319, -544]]
[[1, 0], [35, 68], [-341, -612]]
[[1, 0], [35, 68], [-349, -476]]
[[1, 0], [35, 68], [-469, -884]]
[[1, 0], [35, 68], [-59, -102]]
[[1, 0], [35, 68], [-83, -136]]
[[1, 0], [35, 68], [-97, -119]]
[[1, 0], [35, 884], [-37, -884]]
[[1, 0], [352, 459], [-404, -459]]
[[1, 0], [352, 663], [-356, -663]]
[[1, 0], [353, 442], [-709, -884]]
[[1, 0], [353, 884], [-355, -884]]
[[1, 0], [355, 442], [-713, -884]]
[[1, 0], [359, 442], [-721, -884]]
[[1, 0], [359, 884], [-361, -884]]
[[1, 0], [36, 119], [-209, -476]]
[[1, 0], [36, 119], [-43, -136]]
[[1, 0], [36, 221], [-116, -663]]
[[1, 0], [36, 221], [-149, -884]]
[[1, 0], [36, 221], [-40, -221]]
[[1, 0], [36, 65], [-132, -91]]
[[1, 0], [36, 65], [-339, -520]]
[[1, 0], [36, 65], [-449, -780]]
[[1, 0], [36, 65], [-524, -455]]
[[1, 0], [36, 85], [-89, -204]]
[[1, 0], [36, 91], [-384, -455]]
[[1, 0], [361, 442], [-725, -884]]
[[1, 0], [361, 884], [-363, -884]]
[[1, 0], [363, 442], [-729, -884]]
[[1, 0], [363, 884], [-365, -884]]
[[1, 0], [365, 442], [-733, -884]]
[[1, 0], [365, 884], [-367, -884]]
[[1, 0], [367, 442], [-737, -884]]
[[1, 0], [367, 884], [-369, -884]]
[[1, 0], [37, 102], [-103, -272]]
[[1, 0], [37, 102], [-79, -170]]
[[1, 0], [37, 104], [-219, -520]]
[[1, 0], [37, 104], [-239, -624]]
[[1, 0], [37, 104], [-59, -130]]
[[1, 0], [37, 104], [-69, -182]]
[[1, 0], [37, 117], [-233, -468]]
[[1, 0], [37, 117], [-89, -156]]
[[1, 0], [37, 136], [-87, -272]]
[[1, 0], [37, 136], [-99, -340]]
[[1, 0], [37, 153], [-161, -612]]
[[1, 0], [37, 153], [-215, -459]]
[[1, 0], [37, 153], [-89, -153]]
[[1, 0], [37, 156], [-179, -468]]
[[1, 0], [37, 156], [-55, -208]]
[[1, 0], [37, 221], [-41, -221]]
[[1, 0], [37, 234], [-125, -468]]
[[1, 0], [37, 39], [-223, -221]]
[[1, 0], [37, 39], [-233, -156]]
[[1, 0], [37, 39], [-53, -51]]
[[1, 0], [37, 39], [-665, -468]]
[[1, 0], [37, 39], [-665, -663]]
[[1, 0], [37, 39], [-89, -52]]
[[1, 0], [37, 442], [-77, -884]]
[[1, 0], [37, 51], [-161, -204]]
[[1, 0], [37, 51], [-171, -221]]
[[1, 0], [37, 51], [-215, -153]]
[[1, 0], [37, 51], [-509, -663]]
[[1, 0], [37, 51], [-593, -459]]
[[1, 0], [37, 52], [-179, -156]]
[[1, 0], [37, 52], [-503, -468]]
[[1, 0], [37, 52], [-647, -884]]
[[1, 0], [37, 663], [-41, -663]]
[[1, 0], [37, 68], [-335, -544]]
[[1, 0], [37, 68], [-359, -612]]
[[1, 0], [37, 68], [-363, -476]]
[[1, 0], [37, 68], [-495, -884]]
[[1, 0], [37, 72], [-83, -156]]
[[1, 0], [37, 78], [-125, -156]]
[[1, 0], [37, 78], [-129, -260]]
[[1, 0], [37, 78], [-293, -546]]
[[1, 0], [37, 78], [-341, -468]]
[[1, 0], [371, 442], [-745, -884]]
[[1, 0], [371, 884], [-373, -884]]
[[1, 0], [373, 442], [-749, -884]]
[[1, 0], [373, 884], [-375, -884]]
[[1, 0], [375, 442], [-753, -884]]
[[1, 0], [379, 442], [-761, -884]]
[[1, 0], [379, 663], [-383, -663]]
[[1, 0], [38, 221], [-122, -663]]
[[1, 0], [38, 221], [-157, -884]]
[[1, 0], [38, 221], [-42, -221]]
[[1, 0], [381, 884], [-383, -884]]
[[1, 0], [383, 442], [-769, -884]]
[[1, 0], [383, 884], [-385, -884]]
[[1, 0], [385, 442], [-773, -884]]
[[1, 0], [385, 884], [-387, -884]]
[[1, 0], [387, 442], [-777, -884]]
[[1, 0], [387, 884], [-389, -884]]
[[1, 0], [389, 442], [-781, -884]]
[[1, 0], [39, 68], [-104, -119]]
[[1, 0], [39, 68], [-131, -221]]
[[1, 0], [39, 68], [-195, -238]]
[[1, 0], [39, 68], [-261, -442]]
[[1, 0], [39, 68], [-351, -544]]
[[1, 0], [39, 68], [-377, -476]]
[[1, 0], [39, 68], [-377, -612]]
[[1, 0], [39, 68], [-521, -884]]
[[1, 0], [39, 68], [-65, -102]]
[[1, 0], [39, 68], [-91, -136]]
[[1, 0], [39, 76], [-455, -456]]
[[1, 0], [393, 442], [-789, -884]]
[[1, 0], [393, 884], [-395, -884]]
[[1, 0], [397, 442], [-797, -884]]
[[1, 0], [397, 468], [-431, -468]]
[[1, 0], [397, 663], [-401, -663]]
[[1, 0], [397, 884], [-399, -884]]
[[1, 0], [399, 442], [-801, -884]]
[[1, 0], [399, 884], [-401, -884]]
[[1, 0], [4, 13], [-101, -52]]
[[1, 0], [4, 13], [-1364, -455]]
[[1, 0], [4, 13], [-224, -65]]
[[1, 0], [4, 13], [-269, -156]]
[[1, 0], [4, 13], [-300, -91]]
[[1, 0], [4, 13], [-308, -663]]
[[1, 0], [4, 13], [-311, -624]]
[[1, 0], [4, 13], [-329, -572]]
[[1, 0], [4, 13], [-33, -52]]
[[1, 0], [4, 13], [-341, -884]]
[[1, 0], [4, 13], [-368, -533]]
[[1, 0], [4, 13], [-428, -507]]
[[1, 0], [4, 13], [-72, -13]]
[[1, 0], [4, 13], [-773, -468]]
[[1, 0], [4, 13], [-83, -104]]
[[1, 0], [4, 17], [-116, -51]]
[[1, 0], [4, 17], [-236, -663]]
[[1, 0], [4, 17], [-241, -748]]
[[1, 0], [4, 17], [-244, -595]]
[[1, 0], [4, 17], [-261, -884]]
[[1, 0], [4, 17], [-271, -544]]
[[1, 0], [4, 17], [-29, -68]]
[[1, 0], [4, 17], [-296, -153]]
[[1, 0], [4, 17], [-376, -493]]
[[1, 0], [4, 17], [-41, -28]]
[[1, 0], [4, 17], [-489, -476]]
[[1, 0], [4, 17], [-80, -221]]
[[1, 0], [4, 17], [-81, -68]]
[[1, 0], [4, 17], [-836, -459]]
[[1, 0], [4, 221], [-20, -663]]
[[1, 0], [4, 221], [-21, -884]]
[[1, 0], [4, 221], [-8, -221]]
[[1, 0], [4, 39], [-101, -156]]
[[1, 0], [4, 39], [-269, -468]]
[[1, 0], [4, 39], [-36, -221]]
[[1, 0], [4, 39], [-45, -52]]
[[1, 0], [4, 51], [-116, -153]]
[[1, 0], [4, 51], [-28, -221]]
[[1, 0], [4, 51], [-29, -204]]
[[1, 0], [4, 51], [-296, -459]]
[[1, 0], [4, 51], [-32, -187]]
[[1, 0], [4, 51], [-80, -663]]
[[1, 0], [4, 663], [-8, -663]]
[[1, 0], [40, 221], [-128, -663]]
[[1, 0], [40, 221], [-165, -884]]
[[1, 0], [40, 221], [-44, -221]]
[[1, 0], [40, 51], [-164, -187]]
[[1, 0], [40, 51], [-173, -204]]
[[1, 0], [40, 51], [-184, -221]]
[[1, 0], [40, 51], [-224, -153]]
[[1, 0], [40, 51], [-548, -663]]
[[1, 0], [40, 51], [-620, -459]]
[[1, 0], [40, 663], [-44, -663]]
[[1, 0], [401, 442], [-805, -884]]
[[1, 0], [405, 442], [-813, -884]]
[[1, 0], [405, 884], [-407, -884]]
[[1, 0], [407, 442], [-817, -884]]
[[1, 0], [407, 884], [-409, -884]]
[[1, 0], [409, 442], [-821, -884]]
[[1, 0], [409, 884], [-411, -884]]
[[1, 0], [41, 104], [-239, -520]]
[[1, 0], [41, 104], [-263, -624]]
[[1, 0], [41, 136], [-109, -340]]
[[1, 0], [41, 170], [-149, -510]]
[[1, 0], [41, 221], [-131, -663]]
[[1, 0], [41, 260], [-99, -520]]
[[1, 0], [41, 272], [-95, -544]]
[[1, 0], [41, 52], [-191, -156]]
[[1, 0], [41, 52], [-539, -468]]
[[1, 0], [41, 52], [-99, -104]]
[[1, 0], [41, 65], [-139, -91]]
[[1, 0], [41, 65], [-379, -520]]
[[1, 0], [41, 65], [-509, -780]]
[[1, 0], [41, 68], [-367, -544]]
[[1, 0], [41, 68], [-395, -612]]
[[1, 0], [41, 68], [-547, -884]]
[[1, 0], [41, 80], [-55, -104]]
[[1, 0], [41, 85], [-101, -204]]
[[1, 0], [41, 884], [-43, -884]]
[[1, 0], [411, 442], [-825, -884]]
[[1, 0], [411, 884], [-413, -884]]
[[1, 0], [413, 442], [-829, -884]]
[[1, 0], [415, 884], [-417, -884]]
[[1, 0], [417, 442], [-837, -884]]
[[1, 0], [417, 884], [-419, -884]]
[[1, 0], [418, 663], [-422, -663]]
[[1, 0], [419, 442], [-841, -884]]
[[1, 0], [419, 884], [-421, -884]]
[[1, 0], [42, 221], [-134, -663]]
[[1, 0], [42, 221], [-173, -884]]
[[1, 0], [42, 221], [-46, -221]]
[[1, 0], [421, 455], [-489, -455]]
[[1, 0], [421, 476], [-447, -476]]
[[1, 0], [423, 442], [-849, -884]]
[[1, 0], [427, 442], [-857, -884]]
[[1, 0], [43, 102], [-89, -170]]
[[1, 0], [43, 119], [-237, -476]]
[[1, 0], [43, 156], [-107, -234]]
[[1, 0], [43, 156], [-197, -468]]
[[1, 0], [43, 156], [-63, -208]]
[[1, 0], [43, 156], [-77, -156]]
[[1, 0], [43, 204], [-71, -306]]
[[1, 0], [43, 221], [-137, -663]]
[[1, 0], [43, 221], [-177, -884]]
[[1, 0], [43, 221], [-47, -221]]
[[1, 0], [43, 238], [-125, -476]]
[[1, 0], [43, 442], [-89, -884]]
[[1, 0], [43, 476], [-69, -476]]
[[1, 0], [43, 51], [-175, -187]]
[[1, 0], [43, 51], [-185, -204]]
[[1, 0], [43, 51], [-197, -221]]
[[1, 0], [43, 51], [-233, -153]]
[[1, 0], [43, 51], [-587, -663]]
[[1, 0], [43, 51], [-647, -459]]
[[1, 0], [43, 52], [-103, -104]]
[[1, 0], [43, 52], [-107, -78]]
[[1, 0], [43, 52], [-131, -143]]
[[1, 0], [43, 52], [-152, -117]]
[[1, 0], [43, 52], [-188, -221]]
[[1, 0], [43, 52], [-197, -156]]
[[1, 0], [43, 52], [-249, -260]]
[[1, 0], [43, 52], [-275, -312]]
[[1, 0], [43, 52], [-287, -234]]
[[1, 0], [43, 52], [-375, -442]]
[[1, 0], [43, 52], [-557, -468]]
[[1, 0], [43, 52], [-749, -884]]
[[1, 0], [43, 663], [-47, -663]]
[[1, 0], [43, 68], [-111, -119]]
[[1, 0], [43, 68], [-144, -221]]
[[1, 0], [43, 68], [-209, -238]]
[[1, 0], [43, 68], [-287, -442]]
[[1, 0], [43, 68], [-383, -544]]
[[1, 0], [43, 68], [-405, -476]]
[[1, 0], [43, 68], [-413, -612]]
[[1, 0], [43, 68], [-573, -884]]
[[1, 0], [43, 68], [-69, -68]]
[[1, 0], [43, 68], [-71, -102]]
[[1, 0], [43, 68], [-99, -136]]
[[1, 0], [43, 78], [-137, -156]]
[[1, 0], [43, 78], [-149, -260]]
[[1, 0], [43, 78], [-335, -546]]
[[1, 0], [43, 84], [-48, -91]]
[[1, 0], [43, 884], [-45, -884]]
[[1, 0], [43, 91], [-111, -91]]
[[1, 0], [43, 91], [-419, -455]]
[[1, 0], [431, 442], [-865, -884]]
[[1, 0], [431, 884], [-433, -884]]
[[1, 0], [433, 442], [-869, -884]]
[[1, 0], [433, 459], [-485, -459]]
[[1, 0], [433, 884], [-435, -884]]
[[1, 0], [435, 442], [-873, -884]]
[[1, 0], [435, 884], [-437, -884]]
[[1, 0], [437, 442], [-877, -884]]
[[1, 0], [437, 884], [-439, -884]]
[[1, 0], [439, 442], [-881, -884]]
[[1, 0], [439, 884], [-441, -884]]
[[1, 0], [44, 221], [-140, -663]]
[[1, 0], [44, 221], [-181, -884]]
[[1, 0], [44, 221], [-48, -221]]
[[1, 0], [441, 442], [-885, -884]]
[[1, 0], [441, 884], [-443, -884]]
[[1, 0], [448, 663], [-452, -663]]
[[1, 0], [45, 104], [-259, -520]]
[[1, 0], [45, 104], [-287, -624]]
[[1, 0], [45, 104], [-69, -130]]
[[1, 0], [45, 104], [-83, -182]]
[[1, 0], [45, 136], [-103, -272]]
[[1, 0], [45, 143], [-197, -572]]
[[1, 0], [45, 221], [-185, -884]]
[[1, 0], [45, 221], [-49, -221]]
[[1, 0], [45, 442], [-93, -884]]
[[1, 0], [45, 52], [-107, -104]]
[[1, 0], [45, 52], [-203, -156]]
[[1, 0], [45, 52], [-575, -468]]
[[1, 0], [45, 52], [-783, -884]]
[[1, 0], [45, 68], [-399, -544]]
[[1, 0], [45, 68], [-419, -476]]
[[1, 0], [45, 68], [-431, -612]]
[[1, 0], [45, 68], [-599, -884]]
[[1, 0], [45, 68], [-71, -68]]
[[1, 0], [45, 884], [-47, -884]]
[[1, 0], [451, 468], [-485, -468]]
[[1, 0], [457, 663], [-461, -663]]
[[1, 0], [46, 117], [-101, -156]]
[[1, 0], [46, 117], [-269, -468]]
[[1, 0], [46, 153], [-197, -612]]
[[1, 0], [46, 153], [-242, -459]]
[[1, 0], [46, 153], [-98, -153]]
[[1, 0], [46, 221], [-146, -663]]
[[1, 0], [46, 221], [-189, -884]]
[[1, 0], [46, 51], [-186, -187]]
[[1, 0], [46, 51], [-197, -204]]
[[1, 0], [46, 51], [-210, -221]]
[[1, 0], [46, 51], [-242, -153]]
[[1, 0], [46, 51], [-626, -663]]
[[1, 0], [46, 51], [-674, -459]]
[[1, 0], [46, 51], [-98, -51]]
[[1, 0], [46, 65], [-146, -91]]
[[1, 0], [46, 65], [-419, -520]]
[[1, 0], [46, 65], [-569, -780]]
[[1, 0], [46, 65], [-594, -455]]
[[1, 0], [46, 85], [-113, -204]]
[[1, 0], [461, 884], [-463, -884]]
[[1, 0], [463, 476], [-489, -476]]
[[1, 0], [469, 884], [-471, -884]]
[[1, 0], [47, 221], [-149, -663]]
[[1, 0], [47, 221], [-193, -884]]
[[1, 0], [47, 442], [-97, -884]]
[[1, 0], [47, 52], [-111, -104]]
[[1, 0], [47, 52], [-113, -78]]
[[1, 0], [47, 52], [-142, -143]]
[[1, 0], [47, 52], [-161, -117]]
[[1, 0], [47, 52], [-205, -221]]
[[1, 0], [47, 52], [-209, -156]]
[[1, 0], [47, 52], [-269, -260]]
[[1, 0], [47, 52], [-305, -234]]
[[1, 0], [47, 52], [-409, -442]]
[[1, 0], [47, 52], [-593, -468]]
[[1, 0], [47, 52], [-817, -884]]
[[1, 0], [47, 68], [-107, -136]]
[[1, 0], [47, 68], [-118, -119]]
[[1, 0], [47, 68], [-157, -221]]
[[1, 0], [47, 68], [-223, -238]]
[[1, 0], [47, 68], [-313, -442]]
[[1, 0], [47, 68], [-415, -544]]
[[1, 0], [47, 68], [-433, -476]]
[[1, 0], [47, 68], [-449, -612]]
[[1, 0], [47, 68], [-625, -884]]
[[1, 0], [47, 68], [-73, -68]]
[[1, 0], [47, 68], [-77, -102]]
[[1, 0], [47, 884], [-49, -884]]
[[1, 0], [47, 92], [-114, -115]]
[[1, 0], [48, 221], [-152, -663]]
[[1, 0], [48, 221], [-197, -884]]
[[1, 0], [487, 884], [-489, -884]]
[[1, 0], [49, 102], [-135, -272]]
[[1, 0], [49, 102], [-99, -170]]
[[1, 0], [49, 104], [-279, -520]]
[[1, 0], [49, 104], [-311, -624]]
[[1, 0], [49, 136], [-129, -340]]
[[1, 0], [49, 156], [-215, -468]]
[[1, 0], [49, 156], [-71, -208]]
[[1, 0], [49, 156], [-83, -156]]
[[1, 0], [49, 221], [-155, -663]]
[[1, 0], [49, 221], [-201, -884]]
[[1, 0], [49, 221], [-53, -221]]
[[1, 0], [49, 272], [-111, -544]]
[[1, 0], [49, 442], [-101, -884]]
[[1, 0], [49, 51], [-197, -187]]
[[1, 0], [49, 51], [-209, -204]]
[[1, 0], [49, 51], [-223, -221]]
[[1, 0], [49, 51], [-251, -153]]
[[1, 0], [49, 51], [-665, -663]]
[[1, 0], [49, 51], [-701, -459]]
[[1, 0], [49, 52], [-115, -104]]
[[1, 0], [49, 52], [-215, -156]]
[[1, 0], [49, 52], [-851, -884]]
[[1, 0], [49, 663], [-53, -663]]
[[1, 0], [49, 68], [-431, -544]]
[[1, 0], [49, 68], [-447, -476]]
[[1, 0], [49, 68], [-467, -612]]
[[1, 0], [49, 68], [-651, -884]]
[[1, 0], [49, 68], [-75, -68]]
[[1, 0], [49, 78], [-149, -156]]
[[1, 0], [49, 78], [-413, -468]]
[[1, 0], [496, 663], [-500, -663]]
[[1, 0], [499, 663], [-503, -663]]
[[1, 0], [5, 104], [-19, -130]]
[[1, 0], [5, 104], [-47, -624]]
[[1, 0], [5, 104], [-59, -520]]
[[1, 0], [5, 136], [-19, -340]]
[[1, 0], [5, 136], [-23, -272]]
[[1, 0], [5, 13], [-105, -52]]
[[1, 0], [5, 13], [-121, -221]]
[[1, 0], [5, 13], [-139, -35]]
[[1, 0], [5, 13], [-1399, -455]]
[[1, 0], [5, 13], [-229, -65]]
[[1, 0], [5, 13], [-281, -156]]
[[1, 0], [5, 13], [-307, -91]]
[[1, 0], [5, 13], [-359, -624]]
[[1, 0], [5, 13], [-359, -663]]
[[1, 0], [5, 13], [-37, -52]]
[[1, 0], [5, 13], [-373, -572]]
[[1, 0], [5, 13], [-409, -533]]
[[1, 0], [5, 13], [-409, -884]]
[[1, 0], [5, 13], [-467, -507]]
[[1, 0], [5, 13], [-73, -13]]
[[1, 0], [5, 13], [-77, -156]]
[[1, 0], [5, 13], [-809, -468]]
[[1, 0], [5, 17], [-275, -663]]
[[1, 0], [5, 17], [-279, -595]]
[[1, 0], [5, 17], [-285, -748]]
[[1, 0], [5, 17], [-303, -544]]
[[1, 0], [5, 17], [-305, -153]]
[[1, 0], [5, 17], [-313, -884]]
[[1, 0], [5, 17], [-33, -68]]
[[1, 0], [5, 17], [-405, -493]]
[[1, 0], [5, 17], [-517, -476]]
[[1, 0], [5, 17], [-57, -17]]
[[1, 0], [5, 17], [-863, -459]]
[[1, 0], [5, 17], [-93, -221]]
[[1, 0], [5, 221], [-23, -663]]
[[1, 0], [5, 221], [-25, -884]]
[[1, 0], [5, 221], [-9, -221]]
[[1, 0], [5, 26], [-149, -156]]
[[1, 0], [5, 26], [-181, -676]]
[[1, 0], [5, 26], [-183, -598]]
[[1, 0], [5, 26], [-205, -884]]
[[1, 0], [5, 26], [-219, -520]]
[[1, 0], [5, 26], [-265, -494]]
[[1, 0], [5, 26], [-413, -468]]
[[1, 0], [5, 26], [-61, -52]]
[[1, 0], [5, 26], [-69, -182]]
[[1, 0], [5, 34], [-139, -680]]
[[1, 0], [5, 34], [-157, -884]]
[[1, 0], [5, 34], [-179, -510]]
[[1, 0], [5, 34], [-265, -476]]
[[1, 0], [5, 34], [-41, -102]]
[[1, 0], [5, 34], [-49, -68]]
[[1, 0], [5, 52], [-103, -884]]
[[1, 0], [5, 52], [-215, -468]]
[[1, 0], [5, 52], [-27, -104]]
[[1, 0], [5, 52], [-83, -156]]
[[1, 0], [5, 68], [-139, -476]]
[[1, 0], [5, 68], [-31, -68]]
[[1, 0], [5, 68], [-71, -612]]
[[1, 0], [5, 68], [-79, -544]]
[[1, 0], [5, 68], [-79, -884]]
[[1, 0], [5, 8], [-1175, -112]]
[[1, 0], [5, 8], [-1179, -472]]
[[1, 0], [5, 8], [-121, -61]]
[[1, 0], [5, 8], [-149, -150]]
[[1, 0], [5, 8], [-163, -136]]
[[1, 0], [5, 8], [-179, -130]]
[[1, 0], [5, 8], [-23, -13]]
[[1, 0], [5, 8], [-231, -16]]
[[1, 0], [5, 8], [-31, -34]]
[[1, 0], [5, 8], [-349, -28]]
[[1, 0], [5, 8], [-379, -76]]
[[1, 0], [5, 8], [-41, -52]]
[[1, 0], [5, 8], [-4479, -448]]
[[1, 0], [5, 8], [-591, -592]]
[[1, 0], [5, 8], [-639, -544]]
[[1, 0], [5, 8], [-639, -832]]
[[1, 0], [5, 8], [-699, -520]]
[[1, 0], [5, 8], [-703, -64]]
[[1, 0], [5, 8], [-75, -52]]
[[1, 0], [5, 8], [-76, -91]]
[[1, 0], [5, 8], [-99, -104]]
[[1, 0], [50, 119], [-265, -476]]
[[1, 0], [50, 119], [-59, -136]]
[[1, 0], [50, 221], [-158, -663]]
[[1, 0], [50, 221], [-205, -884]]
[[1, 0], [50, 221], [-54, -221]]
[[1, 0], [50, 91], [-118, -91]]
[[1, 0], [50, 91], [-454, -455]]
[[1, 0], [503, 884], [-505, -884]]
[[1, 0], [51, 260], [-119, -520]]
[[1, 0], [51, 52], [-119, -104]]
[[1, 0], [51, 52], [-119, -78]]
[[1, 0], [51, 52], [-153, -143]]
[[1, 0], [51, 52], [-170, -117]]
[[1, 0], [51, 52], [-222, -221]]
[[1, 0], [51, 52], [-289, -260]]
[[1, 0], [51, 52], [-323, -234]]
[[1, 0], [51, 52], [-323, -312]]
[[1, 0], [51, 52], [-443, -442]]
[[1, 0], [51, 52], [-629, -468]]
[[1, 0], [51, 52], [-69, -68]]
[[1, 0], [51, 52], [-885, -884]]
[[1, 0], [51, 65], [-153, -91]]
[[1, 0], [51, 65], [-459, -520]]
[[1, 0], [51, 65], [-629, -455]]
[[1, 0], [51, 65], [-629, -780]]
[[1, 0], [513, 884], [-515, -884]]
[[1, 0], [53, 104], [-335, -624]]
[[1, 0], [53, 104], [-79, -130]]
[[1, 0], [53, 104], [-97, -182]]
[[1, 0], [53, 136], [-139, -340]]
[[1, 0], [53, 221], [-167, -663]]
[[1, 0], [53, 221], [-217, -884]]
[[1, 0], [53, 221], [-57, -221]]
[[1, 0], [53, 442], [-109, -884]]
[[1, 0], [53, 68], [-463, -544]]
[[1, 0], [53, 68], [-475, -476]]
[[1, 0], [53, 68], [-503, -612]]
[[1, 0], [53, 68], [-703, -884]]
[[1, 0], [53, 68], [-79, -68]]
[[1, 0], [53, 884], [-55, -884]]
[[1, 0], [535, 663], [-539, -663]]
[[1, 0], [537, 884], [-539, -884]]
[[1, 0], [539, 884], [-541, -884]]
[[1, 0], [54, 221], [-58, -221]]
[[1, 0], [55, 102], [-109, -170]]
[[1, 0], [55, 102], [-151, -272]]
[[1, 0], [55, 117], [-113, -156]]
[[1, 0], [55, 117], [-305, -468]]
[[1, 0], [55, 153], [-233, -612]]
[[1, 0], [55, 153], [-269, -459]]
[[1, 0], [55, 156], [-125, -234]]
[[1, 0], [55, 156], [-233, -468]]
[[1, 0], [55, 156], [-79, -208]]
[[1, 0], [55, 156], [-89, -156]]
[[1, 0], [55, 204], [-89, -306]]
[[1, 0], [55, 221], [-173, -663]]
[[1, 0], [55, 221], [-225, -884]]
[[1, 0], [55, 221], [-59, -221]]
[[1, 0], [55, 234], [-161, -468]]
[[1, 0], [55, 442], [-113, -884]]
[[1, 0], [55, 468], [-89, -468]]
[[1, 0], [55, 663], [-59, -663]]
[[1, 0], [55, 68], [-123, -136]]
[[1, 0], [55, 68], [-132, -119]]
[[1, 0], [55, 68], [-183, -221]]
[[1, 0], [55, 68], [-251, -238]]
[[1, 0], [55, 68], [-365, -442]]
[[1, 0], [55, 68], [-479, -544]]
[[1, 0], [55, 68], [-489, -476]]
[[1, 0], [55, 68], [-521, -612]]
[[1, 0], [55, 68], [-729, -884]]
[[1, 0], [55, 68], [-81, -68]]
[[1, 0], [55, 68], [-89, -102]]
[[1, 0], [55, 78], [-161, -156]]
[[1, 0], [55, 78], [-189, -260]]
[[1, 0], [55, 78], [-419, -546]]
[[1, 0], [55, 78], [-449, -468]]
[[1, 0], [55, 884], [-57, -884]]
[[1, 0], [550, 663], [-554, -663]]
[[1, 0], [56, 143], [-241, -572]]
[[1, 0], [56, 221], [-176, -663]]
[[1, 0], [56, 221], [-229, -884]]
[[1, 0], [56, 221], [-60, -221]]
[[1, 0], [56, 65], [-124, -65]]
[[1, 0], [56, 65], [-160, -91]]
[[1, 0], [56, 65], [-499, -520]]
[[1, 0], [56, 65], [-664, -455]]
[[1, 0], [56, 85], [-137, -204]]
[[1, 0], [565, 884], [-567, -884]]
[[1, 0], [57, 104], [-319, -520]]
[[1, 0], [57, 104], [-359, -624]]
[[1, 0], [57, 112], [-335, -224]]
[[1, 0], [57, 119], [-293, -476]]
[[1, 0], [57, 119], [-67, -136]]
[[1, 0], [57, 136], [-149, -340]]
[[1, 0], [57, 221], [-179, -663]]
[[1, 0], [57, 221], [-233, -884]]
[[1, 0], [57, 221], [-61, -221]]
[[1, 0], [57, 272], [-127, -544]]
[[1, 0], [57, 476], [-83, -476]]
[[1, 0], [57, 68], [-495, -544]]
[[1, 0], [57, 68], [-503, -476]]
[[1, 0], [57, 68], [-539, -612]]
[[1, 0], [57, 68], [-755, -884]]
[[1, 0], [57, 91], [-125, -91]]
[[1, 0], [57, 91], [-489, -455]]
[[1, 0], [571, 884], [-573, -884]]
[[1, 0], [58, 221], [-237, -884]]
[[1, 0], [59, 221], [-185, -663]]
[[1, 0], [59, 221], [-241, -884]]
[[1, 0], [59, 442], [-121, -884]]
[[1, 0], [59, 68], [-131, -136]]
[[1, 0], [59, 68], [-139, -119]]
[[1, 0], [59, 68], [-196, -221]]
[[1, 0], [59, 68], [-265, -238]]
[[1, 0], [59, 68], [-511, -544]]
[[1, 0], [59, 68], [-517, -476]]
[[1, 0], [59, 68], [-557, -612]]
[[1, 0], [59, 68], [-781, -884]]
[[1, 0], [59, 68], [-95, -102]]
[[1, 0], [59, 884], [-61, -884]]
[[1, 0], [591, 884], [-593, -884]]
[[1, 0], [6, 13], [-109, -52]]
[[1, 0], [6, 13], [-138, -221]]
[[1, 0], [6, 13], [-1434, -455]]
[[1, 0], [6, 13], [-293, -156]]
[[1, 0], [6, 13], [-314, -91]]
[[1, 0], [6, 13], [-407, -624]]
[[1, 0], [6, 13], [-41, -52]]
[[1, 0], [6, 13], [-410, -663]]
[[1, 0], [6, 13], [-417, -572]]
[[1, 0], [6, 13], [-450, -533]]
[[1, 0], [6, 13], [-477, -884]]
[[1, 0], [6, 13], [-506, -507]]
[[1, 0], [6, 13], [-89, -156]]
[[1, 0], [6, 13], [-99, -104]]
[[1, 0], [6, 17], [-106, -221]]
[[1, 0], [6, 17], [-122, -51]]
[[1, 0], [6, 17], [-314, -153]]
[[1, 0], [6, 17], [-314, -595]]
[[1, 0], [6, 17], [-314, -663]]
[[1, 0], [6, 17], [-329, -748]]
[[1, 0], [6, 17], [-335, -544]]
[[1, 0], [6, 17], [-365, -884]]
[[1, 0], [6, 17], [-37, -68]]
[[1, 0], [6, 17], [-434, -493]]
[[1, 0], [6, 17], [-545, -476]]
[[1, 0], [6, 17], [-58, -17]]
[[1, 0], [6, 17], [-89, -68]]
[[1, 0], [6, 17], [-890, -459]]
[[1, 0], [6, 221], [-10, -221]]
[[1, 0], [6, 221], [-29, -884]]
[[1, 0], [6, 65], [-314, -455]]
[[1, 0], [6, 65], [-89, -780]]
[[1, 0], [6, 65], [-90, -91]]
[[1, 0], [6, 65], [-99, -520]]
[[1, 0], [60, 221], [-188, -663]]
[[1, 0], [60, 221], [-245, -884]]
[[1, 0], [60, 221], [-64, -221]]
[[1, 0], [601, 663], [-605, -663]]
[[1, 0], [605, 884], [-607, -884]]
[[1, 0], [61, 102], [-167, -272]]
[[1, 0], [61, 104], [-111, -182]]
[[1, 0], [61, 104], [-339, -520]]
[[1, 0], [61, 104], [-383, -624]]
[[1, 0], [61, 104], [-89, -130]]
[[1, 0], [61, 136], [-135, -272]]
[[1, 0], [61, 136], [-159, -340]]
[[1, 0], [61, 156], [-251, -468]]
[[1, 0], [61, 156], [-87, -208]]
[[1, 0], [61, 156], [-95, -156]]
[[1, 0], [61, 170], [-209, -510]]
[[1, 0], [61, 221], [-191, -663]]
[[1, 0], [61, 221], [-249, -884]]
[[1, 0], [61, 260], [-139, -520]]
[[1, 0], [61, 442], [-125, -884]]
[[1, 0], [61, 65], [-167, -91]]
[[1, 0], [61, 65], [-539, -520]]
[[1, 0], [61, 65], [-699, -455]]
[[1, 0], [61, 65], [-749, -780]]
[[1, 0], [61, 68], [-531, -476]]
[[1, 0], [61, 68], [-575, -612]]
[[1, 0], [61, 68], [-807, -884]]
[[1, 0], [61, 78], [-173, -156]]
[[1, 0], [61, 78], [-209, -260]]
[[1, 0], [61, 78], [-461, -546]]
[[1, 0], [61, 78], [-485, -468]]
[[1, 0], [61, 85], [-149, -204]]
[[1, 0], [61, 884], [-63, -884]]
[[1, 0], [613, 663], [-617, -663]]
[[1, 0], [617, 884], [-619, -884]]
[[1, 0], [62, 221], [-194, -663]]
[[1, 0], [62, 221], [-253, -884]]
[[1, 0], [62, 221], [-66, -221]]
[[1, 0], [63, 221], [-197, -663]]
[[1, 0], [63, 221], [-257, -884]]
[[1, 0], [63, 221], [-67, -221]]
[[1, 0], [63, 442], [-129, -884]]
[[1, 0], [63, 68], [-101, -102]]
[[1, 0], [63, 68], [-139, -136]]
[[1, 0], [63, 68], [-146, -119]]
[[1, 0], [63, 68], [-209, -221]]
[[1, 0], [63, 68], [-279, -238]]
[[1, 0], [63, 68], [-417, -442]]
[[1, 0], [63, 68], [-543, -544]]
[[1, 0], [63, 68], [-545, -476]]
[[1, 0], [63, 68], [-593, -612]]
[[1, 0], [639, 884], [-641, -884]]
[[1, 0], [64, 117], [-125, -156]]
[[1, 0], [64, 117], [-341, -468]]
[[1, 0], [64, 119], [-321, -476]]
[[1, 0], [64, 119], [-75, -136]]
[[1, 0], [64, 153], [-269, -612]]
[[1, 0], [64, 153], [-296, -459]]
[[1, 0], [64, 221], [-200, -663]]
[[1, 0], [64, 221], [-261, -884]]
[[1, 0], [64, 91], [-524, -455]]
[[1, 0], [65, 136], [-169, -340]]
[[1, 0], [65, 272], [-143, -544]]
[[1, 0], [65, 68], [-559, -476]]
[[1, 0], [65, 68], [-559, -544]]
[[1, 0], [65, 68], [-611, -612]]
[[1, 0], [65, 68], [-859, -884]]
[[1, 0], [652, 663], [-656, -663]]
[[1, 0], [66, 221], [-206, -663]]
[[1, 0], [66, 221], [-269, -884]]
[[1, 0], [66, 221], [-70, -221]]
[[1, 0], [66, 85], [-161, -204]]
[[1, 0], [661, 663], [-665, -663]]
[[1, 0], [669, 884], [-671, -884]]
[[1, 0], [67, 102], [-129, -170]]
[[1, 0], [67, 102], [-183, -272]]
[[1, 0], [67, 143], [-285, -572]]
[[1, 0], [67, 156], [-269, -468]]
[[1, 0], [67, 156], [-95, -208]]
[[1, 0], [67, 204], [-107, -306]]
[[1, 0], [67, 221], [-209, -663]]
[[1, 0], [67, 221], [-71, -221]]
[[1, 0], [67, 442], [-137, -884]]
[[1, 0], [67, 663], [-71, -663]]
[[1, 0], [67, 68], [-107, -102]]
[[1, 0], [67, 68], [-147, -136]]
[[1, 0], [67, 68], [-222, -221]]
[[1, 0], [67, 68], [-293, -238]]
[[1, 0], [67, 68], [-443, -442]]
[[1, 0], [67, 68], [-573, -476]]
[[1, 0], [67, 68], [-575, -544]]
[[1, 0], [67, 68], [-885, -884]]
[[1, 0], [67, 78], [-185, -156]]
[[1, 0], [67, 78], [-229, -260]]
[[1, 0], [67, 78], [-503, -546]]
[[1, 0], [67, 78], [-521, -468]]
[[1, 0], [67, 884], [-69, -884]]
[[1, 0], [677, 884], [-679, -884]]
[[1, 0], [69, 104], [-125, -182]]
[[1, 0], [69, 104], [-379, -520]]
[[1, 0], [69, 104], [-431, -624]]
[[1, 0], [69, 104], [-99, -130]]
[[1, 0], [69, 136], [-151, -272]]
[[1, 0], [69, 136], [-179, -340]]
[[1, 0], [69, 221], [-215, -663]]
[[1, 0], [69, 221], [-281, -884]]
[[1, 0], [69, 221], [-73, -221]]
[[1, 0], [69, 442], [-141, -884]]
[[1, 0], [69, 884], [-71, -884]]
[[1, 0], [7, 102], [-23, -272]]
[[1, 0], [7, 102], [-29, -170]]
[[1, 0], [7, 12], [-121, -52]]
[[1, 0], [7, 12], [-125, -153]]
[[1, 0], [7, 12], [-125, -156]]
[[1, 0], [7, 12], [-134, -135]]
[[1, 0], [7, 12], [-1627, -74]]
[[1, 0], [7, 12], [-173, -78]]
[[1, 0], [7, 12], [-2330, -111]]
[[1, 0], [7, 12], [-251, -117]]
[[1, 0], [7, 12], [-3033, -148]]
[[1, 0], [7, 12], [-329, -156]]
[[1, 0], [7, 12], [-43, -13]]
[[1, 0], [7, 12], [-4439, -222]]
[[1, 0], [7, 12], [-449, -12]]
[[1, 0], [7, 12], [-485, -234]]
[[1, 0], [7, 12], [-57, -68]]
[[1, 0], [7, 12], [-69, -26]]
[[1, 0], [7, 12], [-8657, -444]]
[[1, 0], [7, 12], [-9, -13]]
[[1, 0], [7, 12], [-924, -37]]
[[1, 0], [7, 12], [-95, -39]]
[[1, 0], [7, 12], [-953, -468]]
[[1, 0], [7, 13], [-101, -156]]
[[1, 0], [7, 13], [-107, -104]]
[[1, 0], [7, 13], [-113, -52]]
[[1, 0], [7, 13], [-155, -221]]
[[1, 0], [7, 13], [-239, -65]]
[[1, 0], [7, 13], [-305, -156]]
[[1, 0], [7, 13], [-321, -91]]
[[1, 0], [7, 13], [-45, -52]]
[[1, 0], [7, 13], [-461, -572]]
[[1, 0], [7, 13], [-461, -663]]
[[1, 0], [7, 13], [-491, -533]]
[[1, 0], [7, 13], [-545, -507]]
[[1, 0], [7, 13], [-545, -884]]
[[1, 0], [7, 13], [-881, -468]]
[[1, 0], [7, 156], [-15, -208]]
[[1, 0], [7, 156], [-41, -156]]
[[1, 0], [7, 156], [-53, -234]]
[[1, 0], [7, 156], [-89, -468]]
[[1, 0], [7, 17], [-125, -51]]
[[1, 0], [7, 17], [-349, -595]]
[[1, 0], [7, 17], [-353, -663]]
[[1, 0], [7, 17], [-367, -544]]
[[1, 0], [7, 17], [-373, -748]]
[[1, 0], [7, 17], [-41, -68]]
[[1, 0], [7, 17], [-417, -884]]
[[1, 0], [7, 17], [-463, -493]]
[[1, 0], [7, 17], [-573, -476]]
[[1, 0], [7, 17], [-59, -17]]
[[1, 0], [7, 17], [-917, -459]]
[[1, 0], [7, 17], [-93, -68]]
[[1, 0], [7, 221], [-29, -663]]
[[1, 0], [7, 221], [-33, -884]]
[[1, 0], [7, 26], [-161, -156]]
[[1, 0], [7, 26], [-21, -44]]
[[1, 0], [7, 26], [-229, -598]]
[[1, 0], [7, 26], [-233, -676]]
[[1, 0], [7, 26], [-259, -520]]
[[1, 0], [7, 26], [-303, -494]]
[[1, 0], [7, 26], [-449, -468]]
[[1, 0], [7, 26], [-83, -182]]
[[1, 0], [7, 34], [-179, -680]]
[[1, 0], [7, 34], [-209, -510]]
[[1, 0], [7, 34], [-209, -884]]
[[1, 0], [7, 34], [-293, -476]]
[[1, 0], [7, 34], [-47, -102]]
[[1, 0], [7, 34], [-53, -68]]
[[1, 0], [7, 39], [-113, -156]]
[[1, 0], [7, 39], [-155, -663]]
[[1, 0], [7, 39], [-305, -468]]
[[1, 0], [7, 39], [-49, -52]]
[[1, 0], [7, 39], [-53, -221]]
[[1, 0], [7, 51], [-125, -153]]
[[1, 0], [7, 51], [-41, -204]]
[[1, 0], [7, 51], [-41, -221]]
[[1, 0], [7, 51], [-43, -187]]
[[1, 0], [7, 51], [-59, -51]]
[[1, 0], [7, 52], [-125, -234]]
[[1, 0], [7, 52], [-137, -884]]
[[1, 0], [7, 52], [-233, -468]]
[[1, 0], [7, 52], [-31, -104]]
[[1, 0], [7, 52], [-32, -143]]
[[1, 0], [7, 52], [-35, -221]]
[[1, 0], [7, 52], [-41, -52]]
[[1, 0], [7, 52], [-53, -78]]
[[1, 0], [7, 52], [-59, -312]]
[[1, 0], [7, 52], [-69, -260]]
[[1, 0], [7, 52], [-69, -442]]
[[1, 0], [7, 52], [-71, -117]]
[[1, 0], [7, 52], [-89, -156]]
[[1, 0], [7, 68], [-105, -884]]
[[1, 0], [7, 68], [-27, -136]]
[[1, 0], [7, 68], [-27, -221]]
[[1, 0], [7, 68], [-33, -68]]
[[1, 0], [7, 68], [-48, -119]]
[[1, 0], [7, 68], [-53, -442]]
[[1, 0], [7, 68], [-83, -238]]
[[1, 0], [7, 68], [-89, -612]]
[[1, 0], [7, 68], [-95, -544]]
[[1, 0], [7, 78], [-161, -468]]
[[1, 0], [7, 78], [-29, -260]]
[[1, 0], [7, 78], [-83, -546]]
[[1, 0], [7, 884], [-9, -884]]
[[1, 0], [70, 221], [-218, -663]]
[[1, 0], [70, 221], [-285, -884]]
[[1, 0], [70, 221], [-74, -221]]
[[1, 0], [70, 663], [-74, -663]]
[[1, 0], [707, 884], [-709, -884]]
[[1, 0], [71, 119], [-349, -476]]
[[1, 0], [71, 119], [-83, -136]]
[[1, 0], [71, 170], [-239, -510]]
[[1, 0], [71, 221], [-75, -221]]
[[1, 0], [71, 238], [-181, -476]]
[[1, 0], [71, 260], [-159, -520]]
[[1, 0], [71, 442], [-145, -884]]
[[1, 0], [71, 476], [-97, -476]]
[[1, 0], [71, 85], [-173, -204]]
[[1, 0], [71, 884], [-73, -884]]
[[1, 0], [72, 221], [-224, -663]]
[[1, 0], [72, 221], [-293, -884]]
[[1, 0], [721, 884], [-723, -884]]
[[1, 0], [73, 102], [-139, -170]]
[[1, 0], [73, 102], [-199, -272]]
[[1, 0], [73, 104], [-399, -520]]
[[1, 0], [73, 117], [-137, -156]]
[[1, 0], [73, 136], [-189, -340]]
[[1, 0], [73, 153], [-305, -612]]
[[1, 0], [73, 156], [-103, -208]]
[[1, 0], [73, 156], [-287, -468]]
[[1, 0], [73, 221], [-227, -663]]
[[1, 0], [73, 221], [-297, -884]]
[[1, 0], [73, 221], [-77, -221]]
[[1, 0], [73, 234], [-197, -468]]
[[1, 0], [73, 272], [-159, -544]]
[[1, 0], [73, 442], [-149, -884]]
[[1, 0], [73, 468], [-107, -468]]
[[1, 0], [73, 663], [-77, -663]]
[[1, 0], [73, 78], [-197, -156]]
[[1, 0], [73, 78], [-249, -260]]
[[1, 0], [73, 78], [-545, -546]]
[[1, 0], [73, 78], [-557, -468]]
[[1, 0], [74, 221], [-230, -663]]
[[1, 0], [74, 221], [-301, -884]]
[[1, 0], [747, 884], [-749, -884]]
[[1, 0], [75, 148], [-1109, -444]]
[[1, 0], [75, 148], [-517, -148]]
[[1, 0], [75, 148], [-665, -222]]
[[1, 0], [75, 221], [-233, -663]]
[[1, 0], [75, 221], [-305, -884]]
[[1, 0], [75, 884], [-77, -884]]
[[1, 0], [76, 221], [-236, -663]]
[[1, 0], [76, 221], [-309, -884]]
[[1, 0], [76, 221], [-80, -221]]
[[1, 0], [76, 663], [-80, -663]]
[[1, 0], [76, 85], [-185, -204]]
[[1, 0], [77, 104], [-109, -130]]
[[1, 0], [77, 104], [-139, -182]]
[[1, 0], [77, 104], [-419, -520]]
[[1, 0], [77, 104], [-479, -624]]
[[1, 0], [77, 136], [-167, -272]]
[[1, 0], [77, 136], [-199, -340]]
[[1, 0], [77, 221], [-239, -663]]
[[1, 0], [77, 221], [-313, -884]]
[[1, 0], [77, 221], [-81, -221]]
[[1, 0], [77, 442], [-157, -884]]
[[1, 0], [77, 884], [-79, -884]]
[[1, 0], [773, 884], [-775, -884]]
[[1, 0], [775, 884], [-777, -884]]
[[1, 0], [78, 119], [-377, -476]]
[[1, 0], [78, 119], [-91, -136]]
[[1, 0], [79, 102], [-149, -170]]
[[1, 0], [79, 102], [-215, -272]]
[[1, 0], [79, 156], [-111, -208]]
[[1, 0], [79, 156], [-161, -234]]
[[1, 0], [79, 156], [-305, -468]]
[[1, 0], [79, 204], [-125, -306]]
[[1, 0], [79, 221], [-245, -663]]
[[1, 0], [79, 221], [-321, -884]]
[[1, 0], [79, 221], [-83, -221]]
[[1, 0], [79, 442], [-161, -884]]
[[1, 0], [79, 663], [-83, -663]]
[[1, 0], [79, 884], [-81, -884]]
[[1, 0], [8, 119], [-11, -136]]
[[1, 0], [8, 119], [-97, -476]]
[[1, 0], [8, 13], [-113, -156]]
[[1, 0], [8, 13], [-115, -104]]
[[1, 0], [8, 13], [-12, -17]]
[[1, 0], [8, 13], [-1504, -455]]
[[1, 0], [8, 13], [-172, -221]]
[[1, 0], [8, 13], [-244, -65]]
[[1, 0], [8, 13], [-317, -156]]
[[1, 0], [8, 13], [-328, -91]]
[[1, 0], [8, 13], [-49, -52]]
[[1, 0], [8, 13], [-503, -624]]
[[1, 0], [8, 13], [-505, -572]]
[[1, 0], [8, 13], [-512, -663]]
[[1, 0], [8, 13], [-532, -533]]
[[1, 0], [8, 13], [-584, -507]]
[[1, 0], [8, 13], [-613, -884]]
[[1, 0], [8, 13], [-917, -468]]
[[1, 0], [8, 17], [-128, -51]]
[[1, 0], [8, 17], [-132, -221]]
[[1, 0], [8, 17], [-332, -153]]
[[1, 0], [8, 17], [-384, -595]]
[[1, 0], [8, 17], [-392, -663]]
[[1, 0], [8, 17], [-399, -544]]
[[1, 0], [8, 17], [-417, -748]]
[[1, 0], [8, 17], [-45, -68]]
[[1, 0], [8, 17], [-469, -884]]
[[1, 0], [8, 17], [-492, -493]]
[[1, 0], [8, 17], [-60, -17]]
[[1, 0], [8, 17], [-601, -476]]
[[1, 0], [8, 17], [-80, -27]]
[[1, 0], [8, 17], [-944, -459]]
[[1, 0], [8, 17], [-97, -68]]
[[1, 0], [8, 221], [-12, -221]]
[[1, 0], [8, 221], [-32, -663]]
[[1, 0], [8, 221], [-37, -884]]
[[1, 0], [8, 91], [-244, -455]]
[[1, 0], [8, 91], [-76, -91]]
[[1, 0], [80, 221], [-248, -663]]
[[1, 0], [80, 221], [-84, -221]]
[[1, 0], [809, 884], [-811, -884]]
[[1, 0], [81, 104], [-439, -520]]
[[1, 0], [81, 104], [-503, -624]]
[[1, 0], [81, 136], [-209, -340]]
[[1, 0], [81, 170], [-269, -510]]
[[1, 0], [81, 221], [-251, -663]]
[[1, 0], [81, 221], [-329, -884]]
[[1, 0], [81, 260], [-179, -520]]
[[1, 0], [81, 272], [-175, -544]]
[[1, 0], [81, 442], [-165, -884]]
[[1, 0], [81, 85], [-197, -204]]
[[1, 0], [81, 884], [-83, -884]]
[[1, 0], [82, 117], [-149, -156]]
[[1, 0], [82, 117], [-413, -468]]
[[1, 0], [82, 153], [-341, -612]]
[[1, 0], [82, 153], [-350, -459]]
[[1, 0], [82, 221], [-254, -663]]
[[1, 0], [82, 221], [-333, -884]]
[[1, 0], [82, 221], [-86, -221]]
[[1, 0], [82, 459], [-134, -459]]
[[1, 0], [82, 663], [-86, -663]]
[[1, 0], [825, 884], [-827, -884]]
[[1, 0], [83, 221], [-257, -663]]
[[1, 0], [83, 221], [-337, -884]]
[[1, 0], [83, 221], [-87, -221]]
[[1, 0], [84, 221], [-341, -884]]
[[1, 0], [84, 221], [-88, -221]]
[[1, 0], [85, 104], [-119, -130]]
[[1, 0], [85, 104], [-153, -182]]
[[1, 0], [85, 104], [-459, -520]]
[[1, 0], [85, 104], [-527, -624]]
[[1, 0], [85, 156], [-119, -156]]
[[1, 0], [85, 156], [-119, -208]]
[[1, 0], [85, 156], [-323, -468]]
[[1, 0], [85, 91], [-629, -455]]
[[1, 0], [851, 884], [-853, -884]]
[[1, 0], [86, 221], [-266, -663]]
[[1, 0], [86, 221], [-349, -884]]
[[1, 0], [87, 221], [-269, -663]]
[[1, 0], [87, 221], [-353, -884]]
[[1, 0], [87, 442], [-177, -884]]
[[1, 0], [87, 884], [-89, -884]]
[[1, 0], [877, 884], [-879, -884]]
[[1, 0], [88, 221], [-92, -221]]
[[1, 0], [88, 663], [-92, -663]]
[[1, 0], [883, 884], [-885, -884]]
[[1, 0], [89, 104], [-479, -520]]
[[1, 0], [89, 104], [-551, -624]]
[[1, 0], [89, 136], [-229, -340]]
[[1, 0], [89, 143], [-373, -572]]
[[1, 0], [89, 221], [-275, -663]]
[[1, 0], [89, 221], [-361, -884]]
[[1, 0], [89, 221], [-93, -221]]
[[1, 0], [89, 272], [-191, -544]]
[[1, 0], [89, 442], [-181, -884]]
[[1, 0], [9, 104], [-71, -624]]
[[1, 0], [9, 104], [-79, -520]]
[[1, 0], [9, 136], [-29, -340]]
[[1, 0], [9, 13], [-121, -52]]
[[1, 0], [9, 13], [-123, -104]]
[[1, 0], [9, 13], [-125, -156]]
[[1, 0], [9, 13], [-1539, -455]]
[[1, 0], [9, 13], [-189, -221]]
[[1, 0], [9, 13], [-249, -65]]
[[1, 0], [9, 13], [-329, -156]]
[[1, 0], [9, 13], [-335, -91]]
[[1, 0], [9, 13], [-53, -52]]
[[1, 0], [9, 13], [-549, -572]]
[[1, 0], [9, 13], [-551, -624]]
[[1, 0], [9, 13], [-563, -663]]
[[1, 0], [9, 13], [-573, -533]]
[[1, 0], [9, 13], [-623, -507]]
[[1, 0], [9, 13], [-681, -884]]
[[1, 0], [9, 13], [-89, -36]]
[[1, 0], [9, 13], [-953, -468]]
[[1, 0], [9, 16], [-12, -17]]
[[1, 0], [9, 16], [-1231, -224]]
[[1, 0], [9, 16], [-131, -204]]
[[1, 0], [9, 16], [-151, -208]]
[[1, 0], [9, 16], [-21, -26]]
[[1, 0], [9, 16], [-231, -116]]
[[1, 0], [9, 16], [-231, -272]]
[[1, 0], [9, 16], [-239, -32]]
[[1, 0], [9, 16], [-363, -56]]
[[1, 0], [9, 16], [-61, -68]]
[[1, 0], [9, 16], [-67, -104]]
[[1, 0], [9, 16], [-89, -60]]
[[1, 0], [9, 17], [-101, -68]]
[[1, 0], [9, 17], [-131, -51]]
[[1, 0], [9, 17], [-145, -221]]
[[1, 0], [9, 17], [-341, -153]]
[[1, 0], [9, 17], [-419, -595]]
[[1, 0], [9, 17], [-431, -544]]
[[1, 0], [9, 17], [-431, -663]]
[[1, 0], [9, 17], [-461, -748]]
[[1, 0], [9, 17], [-49, -68]]
[[1, 0], [9, 17], [-521, -493]]
[[1, 0], [9, 17], [-521, -884]]
[[1, 0], [9, 17], [-971, -459]]
[[1, 0], [9, 221], [-35, -663]]
[[1, 0], [9, 221], [-41, -884]]
[[1, 0], [9, 26], [-173, -156]]
[[1, 0], [9, 26], [-275, -598]]
[[1, 0], [9, 26], [-285, -676]]
[[1, 0], [9, 26], [-341, -494]]
[[1, 0], [9, 26], [-341, -884]]
[[1, 0], [9, 26], [-485, -468]]
[[1, 0], [9, 26], [-53, -36]]
[[1, 0], [9, 26], [-69, -52]]
[[1, 0], [9, 26], [-97, -182]]
[[1, 0], [9, 272], [-31, -544]]
[[1, 0], [9, 34], [-219, -680]]
[[1, 0], [9, 34], [-239, -510]]
[[1, 0], [9, 34], [-261, -884]]
[[1, 0], [9, 34], [-321, -476]]
[[1, 0], [9, 34], [-53, -102]]
[[1, 0], [9, 34], [-57, -68]]
[[1, 0], [9, 442], [-21, -884]]
[[1, 0], [9, 52], [-171, -884]]
[[1, 0], [9, 52], [-251, -468]]
[[1, 0], [9, 52], [-35, -104]]
[[1, 0], [9, 52], [-43, -52]]
[[1, 0], [9, 52], [-95, -156]]
[[1, 0], [9, 68], [-107, -612]]
[[1, 0], [9, 68], [-111, -544]]
[[1, 0], [9, 68], [-131, -884]]
[[1, 0], [9, 68], [-167, -476]]
[[1, 0], [9, 68], [-35, -68]]
[[1, 0], [9, 884], [-11, -884]]
[[1, 0], [90, 221], [-278, -663]]
[[1, 0], [90, 221], [-365, -884]]
[[1, 0], [90, 221], [-94, -221]]
[[1, 0], [91, 102], [-169, -170]]
[[1, 0], [91, 102], [-247, -272]]
[[1, 0], [91, 153], [-377, -459]]
[[1, 0], [91, 153], [-377, -612]]
[[1, 0], [91, 170], [-299, -510]]
[[1, 0], [91, 204], [-143, -306]]
[[1, 0], [92, 119], [-107, -136]]
[[1, 0], [92, 119], [-433, -476]]
[[1, 0], [92, 221], [-284, -663]]
[[1, 0], [92, 221], [-373, -884]]
[[1, 0], [92, 221], [-96, -221]]
[[1, 0], [93, 104], [-129, -130]]
[[1, 0], [93, 104], [-167, -182]]
[[1, 0], [93, 104], [-499, -520]]
[[1, 0], [93, 104], [-575, -624]]
[[1, 0], [93, 136], [-199, -272]]
[[1, 0], [93, 136], [-239, -340]]
[[1, 0], [93, 221], [-287, -663]]
[[1, 0], [93, 221], [-97, -221]]
[[1, 0], [93, 442], [-189, -884]]
[[1, 0], [93, 884], [-95, -884]]
[[1, 0], [94, 221], [-290, -663]]
[[1, 0], [94, 221], [-381, -884]]
[[1, 0], [94, 221], [-98, -221]]
[[1, 0], [94, 663], [-98, -663]]
[[1, 0], [95, 221], [-293, -663]]
[[1, 0], [95, 221], [-385, -884]]
[[1, 0], [95, 221], [-99, -221]]
[[1, 0], [95, 442], [-193, -884]]
[[1, 0], [95, 884], [-97, -884]]
[[1, 0], [96, 221], [-100, -221]]
[[1, 0], [96, 221], [-296, -663]]
[[1, 0], [96, 221], [-389, -884]]
[[1, 0], [97, 102], [-179, -170]]
[[1, 0], [97, 102], [-263, -272]]
[[1, 0], [97, 104], [-519, -520]]
[[1, 0], [97, 104], [-599, -624]]
[[1, 0], [97, 136], [-249, -340]]
[[1, 0], [97, 156], [-135, -208]]
[[1, 0], [97, 156], [-359, -468]]
[[1, 0], [97, 221], [-101, -221]]
[[1, 0], [97, 221], [-393, -884]]
[[1, 0], [97, 272], [-207, -544]]
[[1, 0], [97, 442], [-197, -884]]
[[1, 0], [97, 663], [-101, -663]]
[[1, 0], [97, 884], [-99, -884]]
[[1, 0], [98, 221], [-302, -663]]
[[1, 0], [98, 221], [-397, -884]]
[[1, 0], [99, 119], [-115, -136]]
[[1, 0], [99, 119], [-461, -476]]
[[1, 0], [99, 221], [-103, -221]]
[[1, 0], [99, 221], [-305, -663]]
[[1, 0], [99, 221], [-401, -884]]
[[1, 0], [99, 238], [-237, -476]]
[[1, 0], [99, 442], [-201, -884]]
[[1, 0], [99, 476], [-125, -476]]
[[1, 0], [99, 884], [-101, -884]]
