[[1, 0], [0, 1], [-10349, -552]]
[[1, 0], [0, 1], [-1048, -1]]
[[1, 0], [0, 1], [-1049, -1048]]
[[1, 0], [0, 1], [-11528, -21]]
[[1, 0], [0, 1], [-11528, -549]]
[[1, 0], [0, 1], [-1179, -80]]
[[1, 0], [0, 1], [-1179, -944]]
[[1, 0], [0, 1], [-1224, -917]]
[[1, 0], [0, 1], [-131, -16]]
[[1, 0], [0, 1], [-131, -48]]
[[1, 0], [0, 1], [-13624, -25]]
[[1, 0], [0, 1], [-13624, -545]]
[[1, 0], [0, 1], [-14279, -544]]
[[1, 0], [0, 1], [-1441, -824]]
[[1, 0], [0, 1], [-176, -131]]
[[1, 0], [0, 1], [-18864, -35]]
[[1, 0], [0, 1], [-18864, -539]]
[[1, 0], [0, 1], [-2096, -3]]
[[1, 0], [0, 1], [-2096, -699]]
[[1, 0], [0, 1], [-2227, -16]]
[[1, 0], [0, 1], [-23187, -176]]
[[1, 0], [0, 1], [-23449, -536]]
[[1, 0], [0, 1], [-2489, -664]]
[[1, 0], [0, 1], [-2624, -655]]
[[1, 0], [0, 1], [-275624, -525]]
[[1, 0], [0, 1], [-3144, -17]]
[[1, 0], [0, 1], [-3144, -185]]
[[1, 0], [0, 1], [-3144, -5]]
[[1, 0], [0, 1], [-3144, -629]]
[[1, 0], [0, 1], [-3275, -624]]
[[1, 0], [0, 1], [-3799, -608]]
[[1, 0], [0, 1], [-393, -8]]
[[1, 0], [0, 1], [-39824, -531]]
[[1, 0], [0, 1], [-39824, -75]]
[[1, 0], [0, 1], [-4192, -599]]
[[1, 0], [0, 1], [-4192, -7]]
[[1, 0], [0, 1], [-5109, -584]]
[[1, 0], [0, 1], [-528, -131]]
[[1, 0], [0, 1], [-55544, -105]]
[[1, 0], [0, 1], [-55544, -529]]
[[1, 0], [0, 1], [-6419, -48]]
[[1, 0], [0, 1], [-655, -64]]
[[1, 0], [0, 1], [-69299, -528]]
[[1, 0], [0, 1], [-8384, -15]]
[[1, 0], [0, 1], [-8384, -559]]
[[1, 0], [0, 1], [-917, -216]]
[[1, 0], [0, 1], [-92224, -175]]
[[1, 0], [0, 1], [-92224, -527]]
[[1, 0], [1, 1048], [-3, -1048]]
[[1, 0], [1, 105], [-1049, -105]]
[[1, 0], [1, 105], [-1399, -175]]
[[1, 0], [1, 105], [-3149, -525]]
[[1, 0], [1, 106], [-529, -530]]
[[1, 0], [1, 108], [-89, -180]]
[[1, 0], [1, 10], [-139, -80]]
[[1, 0], [1, 10], [-219, -880]]
[[1, 0], [1, 10], [-4769, -530]]
[[1, 0], [1, 11], [-195, -49]]
[[1, 0], [1, 11], [-2243, -176]]
[[1, 0], [1, 11], [-323, -16]]
[[1, 0], [1, 11], [-6467, -528]]
[[1, 0], [1, 11], [-707, -48]]
[[1, 0], [1, 12], [-105, -212]]
[[1, 0], [1, 12], [-197, -792]]
[[1, 0], [1, 12], [-2067, -176]]
[[1, 0], [1, 12], [-307, -16]]
[[1, 0], [1, 12], [-321, -184]]
[[1, 0], [1, 12], [-539, -180]]
[[1, 0], [1, 12], [-5939, -528]]
[[1, 0], [1, 12], [-659, -48]]
[[1, 0], [1, 12], [-89, -20]]
[[1, 0], [1, 131], [-17, -1048]]
[[1, 0], [1, 131], [-29, -655]]
[[1, 0], [1, 131], [-9, -131]]
[[1, 0], [1, 132], [-307, -176]]
[[1, 0], [1, 132], [-659, -528]]
[[1, 0], [1, 136], [-135, -544]]
[[1, 0], [1, 138], [-45, -184]]
[[1, 0], [1, 13], [-15, -64]]
[[1, 0], [1, 13], [-245, -41]]
[[1, 0], [1, 14], [-139, -112]]
[[1, 0], [1, 15], [-1049, -15]]
[[1, 0], [1, 15], [-1259, -21]]
[[1, 0], [1, 15], [-1399, -25]]
[[1, 0], [1, 15], [-1749, -35]]
[[1, 0], [1, 15], [-179, -720]]
[[1, 0], [1, 15], [-18899, -525]]
[[1, 0], [1, 15], [-3149, -75]]
[[1, 0], [1, 15], [-4199, -105]]
[[1, 0], [1, 15], [-6649, -175]]
[[1, 0], [1, 16], [-143, -192]]
[[1, 0], [1, 16], [-1583, -176]]
[[1, 0], [1, 16], [-175, -704]]
[[1, 0], [1, 16], [-2309, -264]]
[[1, 0], [1, 16], [-263, -16]]
[[1, 0], [1, 16], [-329, -24]]
[[1, 0], [1, 16], [-4487, -528]]
[[1, 0], [1, 16], [-527, -48]]
[[1, 0], [1, 16], [-559, -560]]
[[1, 0], [1, 16], [-69, -56]]
[[1, 0], [1, 16], [-857, -88]]
[[1, 0], [1, 16], [-951, -544]]
[[1, 0], [1, 175], [-1049, -175]]
[[1, 0], [1, 175], [-2099, -525]]
[[1, 0], [1, 176], [-263, -176]]
[[1, 0], [1, 176], [-329, -264]]
[[1, 0], [1, 176], [-527, -528]]
[[1, 0], [1, 17], [-495, -31]]
[[1, 0], [1, 18], [-185, -186]]
[[1, 0], [1, 18], [-19, -80]]
[[1, 0], [1, 19], [-9, -40]]
[[1, 0], [1, 20], [-215, -108]]
[[1, 0], [1, 20], [-33, -136]]
[[1, 0], [1, 21], [-1049, -21]]
[[1, 0], [1, 21], [-1149, -25]]
[[1, 0], [1, 21], [-13649, -525]]
[[1, 0], [1, 21], [-1399, -35]]
[[1, 0], [1, 21], [-2399, -75]]
[[1, 0], [1, 21], [-3149, -105]]
[[1, 0], [1, 21], [-4899, -175]]
[[1, 0], [1, 22], [-1187, -176]]
[[1, 0], [1, 22], [-3299, -528]]
[[1, 0], [1, 22], [-419, -48]]
[[1, 0], [1, 22], [-549, -550]]
[[1, 0], [1, 24], [-1099, -176]]
[[1, 0], [1, 24], [-3035, -528]]
[[1, 0], [1, 24], [-395, -48]]
[[1, 0], [1, 25], [-1049, -25]]
[[1, 0], [1, 25], [-11549, -525]]
[[1, 0], [1, 25], [-1259, -35]]
[[1, 0], [1, 25], [-2099, -75]]
[[1, 0], [1, 25], [-2729, -105]]
[[1, 0], [1, 25], [-4199, -175]]
[[1, 0], [1, 262], [-11, -786]]
[[1, 0], [1, 262], [-5, -262]]
[[1, 0], [1, 262], [-9, -1048]]
[[1, 0], [1, 264], [-395, -528]]
[[1, 0], [1, 268], [-133, -536]]
[[1, 0], [1, 26], [-155, -624]]
[[1, 0], [1, 26], [-545, -546]]
[[1, 0], [1, 28], [-1329, -532]]
[[1, 0], [1, 28], [-153, -616]]
[[1, 0], [1, 28], [-59, -80]]
[[1, 0], [1, 2], [-1049, -1048]]
[[1, 0], [1, 2], [-11747, -176]]
[[1, 0], [1, 2], [-1181, -786]]
[[1, 0], [1, 2], [-1187, -16]]
[[1, 0], [1, 2], [-139, -16]]
[[1, 0], [1, 2], [-155, -48]]
[[1, 0], [1, 2], [-219, -176]]
[[1, 0], [1, 2], [-3299, -48]]
[[1, 0], [1, 2], [-34979, -528]]
[[1, 0], [1, 2], [-395, -262]]
[[1, 0], [1, 2], [-4769, -106]]
[[1, 0], [1, 2], [-4805, -178]]
[[1, 0], [1, 2], [-525, -2]]
[[1, 0], [1, 2], [-529, -10]]
[[1, 0], [1, 2], [-545, -42]]
[[1, 0], [1, 2], [-549, -50]]
[[1, 0], [1, 2], [-629, -210]]
[[1, 0], [1, 2], [-69431, -526]]
[[1, 0], [1, 31], [-3161, -527]]
[[1, 0], [1, 32], [-75, -304]]
[[1, 0], [1, 33], [-2243, -528]]
[[1, 0], [1, 33], [-323, -48]]
[[1, 0], [1, 33], [-835, -176]]
[[1, 0], [1, 35], [-1049, -35]]
[[1, 0], [1, 35], [-1649, -75]]
[[1, 0], [1, 35], [-2099, -105]]
[[1, 0], [1, 35], [-3149, -175]]
[[1, 0], [1, 35], [-8399, -525]]
[[1, 0], [1, 36], [-539, -540]]
[[1, 0], [1, 36], [-89, -60]]
[[1, 0], [1, 37], [-147, -592]]
[[1, 0], [1, 3], [-1049, -3]]
[[1, 0], [1, 3], [-1133, -648]]
[[1, 0], [1, 3], [-13649, -75]]
[[1, 0], [1, 3], [-1399, -5]]
[[1, 0], [1, 3], [-1749, -7]]
[[1, 0], [1, 3], [-179, -144]]
[[1, 0], [1, 3], [-18899, -105]]
[[1, 0], [1, 3], [-2243, -48]]
[[1, 0], [1, 3], [-23363, -528]]
[[1, 0], [1, 3], [-2505, -179]]
[[1, 0], [1, 3], [-31149, -175]]
[[1, 0], [1, 3], [-3149, -15]]
[[1, 0], [1, 3], [-3329, -555]]
[[1, 0], [1, 3], [-4199, -21]]
[[1, 0], [1, 3], [-4899, -25]]
[[1, 0], [1, 3], [-6649, -35]]
[[1, 0], [1, 3], [-719, -192]]
[[1, 0], [1, 3], [-7875, -176]]
[[1, 0], [1, 3], [-835, -16]]
[[1, 0], [1, 3], [-92399, -525]]
[[1, 0], [1, 44], [-1715, -528]]
[[1, 0], [1, 44], [-25, -52]]
[[1, 0], [1, 44], [-275, -48]]
[[1, 0], [1, 44], [-659, -176]]
[[1, 0], [1, 48], [-143, -576]]
[[1, 0], [1, 48], [-1583, -528]]
[[1, 0], [1, 48], [-263, -48]]
[[1, 0], [1, 48], [-373, -88]]
[[1, 0], [1, 48], [-615, -176]]
[[1, 0], [1, 48], [-857, -264]]
[[1, 0], [1, 4], [-1329, -76]]
[[1, 0], [1, 4], [-133, -8]]
[[1, 0], [1, 4], [-137, -24]]
[[1, 0], [1, 4], [-153, -88]]
[[1, 0], [1, 4], [-1715, -48]]
[[1, 0], [1, 4], [-1715, -572]]
[[1, 0], [1, 4], [-17555, -528]]
[[1, 0], [1, 4], [-1845, -568]]
[[1, 0], [1, 4], [-197, -264]]
[[1, 0], [1, 4], [-4589, -540]]
[[1, 0], [1, 4], [-525, -1048]]
[[1, 0], [1, 4], [-531, -28]]
[[1, 0], [1, 4], [-539, -60]]
[[1, 0], [1, 4], [-5939, -176]]
[[1, 0], [1, 4], [-6029, -536]]
[[1, 0], [1, 4], [-659, -16]]
[[1, 0], [1, 4], [-699, -700]]
[[1, 0], [1, 4], [-819, -656]]
[[1, 0], [1, 524], [-5, -1048]]
[[1, 0], [1, 525], [-1049, -525]]
[[1, 0], [1, 526], [-525, -526]]
[[1, 0], [1, 528], [-263, -528]]
[[1, 0], [1, 5], [-1049, -5]]
[[1, 0], [1, 5], [-11549, -105]]
[[1, 0], [1, 5], [-1259, -7]]
[[1, 0], [1, 5], [-135, -131]]
[[1, 0], [1, 5], [-179, -240]]
[[1, 0], [1, 5], [-18899, -175]]
[[1, 0], [1, 5], [-2099, -15]]
[[1, 0], [1, 5], [-233, -117]]
[[1, 0], [1, 5], [-2729, -21]]
[[1, 0], [1, 5], [-3149, -25]]
[[1, 0], [1, 5], [-363, -112]]
[[1, 0], [1, 5], [-4199, -35]]
[[1, 0], [1, 5], [-55649, -525]]
[[1, 0], [1, 5], [-659, -655]]
[[1, 0], [1, 5], [-8399, -75]]
[[1, 0], [1, 64], [-35, -144]]
[[1, 0], [1, 655], [-9, -655]]
[[1, 0], [1, 66], [-1187, -528]]
[[1, 0], [1, 66], [-483, -176]]
[[1, 0], [1, 67], [-401, -536]]
[[1, 0], [1, 6], [-11747, -528]]
[[1, 0], [1, 6], [-1187, -48]]
[[1, 0], [1, 6], [-133, -262]]
[[1, 0], [1, 6], [-185, -62]]
[[1, 0], [1, 6], [-395, -786]]
[[1, 0], [1, 6], [-4003, -176]]
[[1, 0], [1, 6], [-45, -8]]
[[1, 0], [1, 6], [-4805, -534]]
[[1, 0], [1, 6], [-483, -16]]
[[1, 0], [1, 6], [-629, -630]]
[[1, 0], [1, 70], [-139, -560]]
[[1, 0], [1, 75], [-1049, -75]]
[[1, 0], [1, 75], [-1259, -105]]
[[1, 0], [1, 75], [-1749, -175]]
[[1, 0], [1, 75], [-4199, -525]]
[[1, 0], [1, 76], [-531, -532]]
[[1, 0], [1, 786], [-5, -786]]
[[1, 0], [1, 7], [-1049, -7]]
[[1, 0], [1, 7], [-1259, -560]]
[[1, 0], [1, 7], [-13649, -175]]
[[1, 0], [1, 7], [-1649, -15]]
[[1, 0], [1, 7], [-2099, -21]]
[[1, 0], [1, 7], [-2399, -25]]
[[1, 0], [1, 7], [-307, -917]]
[[1, 0], [1, 7], [-3149, -35]]
[[1, 0], [1, 7], [-39899, -525]]
[[1, 0], [1, 7], [-45, -131]]
[[1, 0], [1, 7], [-6149, -75]]
[[1, 0], [1, 7], [-8399, -105]]
[[1, 0], [1, 80], [-69, -280]]
[[1, 0], [1, 88], [-395, -176]]
[[1, 0], [1, 88], [-923, -528]]
[[1, 0], [1, 8], [-135, -32]]
[[1, 0], [1, 8], [-1379, -552]]
[[1, 0], [1, 8], [-263, -1048]]
[[1, 0], [1, 8], [-3035, -176]]
[[1, 0], [1, 8], [-395, -16]]
[[1, 0], [1, 8], [-599, -600]]
[[1, 0], [1, 8], [-8843, -528]]
[[1, 0], [1, 8], [-923, -48]]
[[1, 0], [1, 92], [-137, -552]]
[[1, 0], [1, 9], [-27, -112]]
[[1, 0], [1, 9], [-719, -576]]
[[1, 0], [10, 131], [-18, -131]]
[[1, 0], [10, 131], [-74, -655]]
[[1, 0], [10, 131], [-89, -1048]]
[[1, 0], [100, 131], [-809, -1048]]
[[1, 0], [1001, 1048], [-1003, -1048]]
[[1, 0], [1009, 1048], [-1011, -1048]]
[[1, 0], [101, 131], [-529, -655]]
[[1, 0], [101, 131], [-817, -1048]]
[[1, 0], [101, 262], [-105, -262]]
[[1, 0], [101, 262], [-311, -786]]
[[1, 0], [101, 262], [-409, -1048]]
[[1, 0], [101, 524], [-205, -1048]]
[[1, 0], [101, 655], [-109, -655]]
[[1, 0], [1017, 1048], [-1019, -1048]]
[[1, 0], [102, 131], [-534, -655]]
[[1, 0], [102, 131], [-825, -1048]]
[[1, 0], [1025, 1048], [-1027, -1048]]
[[1, 0], [103, 1048], [-105, -1048]]
[[1, 0], [103, 131], [-539, -655]]
[[1, 0], [103, 131], [-833, -1048]]
[[1, 0], [103, 136], [-543, -544]]
[[1, 0], [103, 262], [-107, -262]]
[[1, 0], [103, 262], [-317, -786]]
[[1, 0], [103, 262], [-417, -1048]]
[[1, 0], [103, 524], [-209, -1048]]
[[1, 0], [103, 786], [-107, -786]]
[[1, 0], [1033, 1048], [-1035, -1048]]
[[1, 0], [104, 131], [-544, -655]]
[[1, 0], [104, 131], [-841, -1048]]
[[1, 0], [1041, 1048], [-1043, -1048]]
[[1, 0], [1047, 1048], [-1049, -1048]]
[[1, 0], [105, 1048], [-107, -1048]]
[[1, 0], [105, 131], [-549, -655]]
[[1, 0], [105, 131], [-849, -1048]]
[[1, 0], [105, 262], [-109, -262]]
[[1, 0], [105, 262], [-323, -786]]
[[1, 0], [105, 262], [-425, -1048]]
[[1, 0], [105, 524], [-213, -1048]]
[[1, 0], [106, 131], [-554, -655]]
[[1, 0], [106, 131], [-857, -1048]]
[[1, 0], [106, 655], [-114, -655]]
[[1, 0], [107, 1048], [-109, -1048]]
[[1, 0], [107, 131], [-559, -655]]
[[1, 0], [107, 131], [-865, -1048]]
[[1, 0], [107, 262], [-111, -262]]
[[1, 0], [107, 262], [-329, -786]]
[[1, 0], [107, 262], [-433, -1048]]
[[1, 0], [107, 524], [-217, -1048]]
[[1, 0], [108, 131], [-564, -655]]
[[1, 0], [108, 131], [-873, -1048]]
[[1, 0], [109, 131], [-569, -655]]
[[1, 0], [109, 131], [-881, -1048]]
[[1, 0], [109, 262], [-113, -262]]
[[1, 0], [109, 262], [-335, -786]]
[[1, 0], [109, 262], [-441, -1048]]
[[1, 0], [109, 524], [-221, -1048]]
[[1, 0], [109, 786], [-113, -786]]
[[1, 0], [11, 1048], [-13, -1048]]
[[1, 0], [11, 131], [-79, -655]]
[[1, 0], [11, 131], [-97, -1048]]
[[1, 0], [11, 20], [-101, -136]]
[[1, 0], [11, 20], [-269, -108]]
[[1, 0], [11, 262], [-15, -262]]
[[1, 0], [11, 262], [-41, -786]]
[[1, 0], [11, 262], [-49, -1048]]
[[1, 0], [11, 524], [-25, -1048]]
[[1, 0], [110, 131], [-574, -655]]
[[1, 0], [110, 131], [-889, -1048]]
[[1, 0], [111, 1048], [-113, -1048]]
[[1, 0], [111, 131], [-579, -655]]
[[1, 0], [111, 131], [-897, -1048]]
[[1, 0], [111, 262], [-115, -262]]
[[1, 0], [111, 262], [-341, -786]]
[[1, 0], [111, 262], [-449, -1048]]
[[1, 0], [111, 524], [-225, -1048]]
[[1, 0], [111, 655], [-119, -655]]
[[1, 0], [112, 131], [-120, -131]]
[[1, 0], [112, 131], [-584, -655]]
[[1, 0], [112, 131], [-905, -1048]]
[[1, 0], [113, 1048], [-115, -1048]]
[[1, 0], [113, 131], [-589, -655]]
[[1, 0], [113, 131], [-913, -1048]]
[[1, 0], [113, 262], [-117, -262]]
[[1, 0], [113, 262], [-347, -786]]
[[1, 0], [113, 262], [-457, -1048]]
[[1, 0], [113, 524], [-229, -1048]]
[[1, 0], [114, 131], [-594, -655]]
[[1, 0], [114, 131], [-921, -1048]]
[[1, 0], [115, 1048], [-117, -1048]]
[[1, 0], [115, 131], [-599, -655]]
[[1, 0], [115, 131], [-929, -1048]]
[[1, 0], [115, 262], [-119, -262]]
[[1, 0], [115, 262], [-353, -786]]
[[1, 0], [115, 262], [-465, -1048]]
[[1, 0], [115, 524], [-233, -1048]]
[[1, 0], [115, 786], [-119, -786]]
[[1, 0], [116, 131], [-604, -655]]
[[1, 0], [116, 131], [-937, -1048]]
[[1, 0], [116, 655], [-124, -655]]
[[1, 0], [117, 131], [-609, -655]]
[[1, 0], [117, 131], [-945, -1048]]
[[1, 0], [117, 262], [-121, -262]]
[[1, 0], [117, 262], [-359, -786]]
[[1, 0], [117, 262], [-473, -1048]]
[[1, 0], [117, 524], [-237, -1048]]
[[1, 0], [118, 131], [-614, -655]]
[[1, 0], [118, 131], [-953, -1048]]
[[1, 0], [119, 1048], [-121, -1048]]
[[1, 0], [119, 131], [-619, -655]]
[[1, 0], [119, 131], [-961, -1048]]
[[1, 0], [119, 262], [-123, -262]]
[[1, 0], [119, 262], [-365, -786]]
[[1, 0], [119, 262], [-481, -1048]]
[[1, 0], [119, 524], [-241, -1048]]
[[1, 0], [12, 131], [-105, -1048]]
[[1, 0], [12, 131], [-20, -131]]
[[1, 0], [12, 131], [-84, -655]]
[[1, 0], [120, 131], [-624, -655]]
[[1, 0], [120, 131], [-969, -1048]]
[[1, 0], [121, 1048], [-123, -1048]]
[[1, 0], [121, 131], [-629, -655]]
[[1, 0], [121, 131], [-977, -1048]]
[[1, 0], [121, 262], [-125, -262]]
[[1, 0], [121, 262], [-371, -786]]
[[1, 0], [121, 262], [-489, -1048]]
[[1, 0], [121, 524], [-245, -1048]]
[[1, 0], [121, 655], [-129, -655]]
[[1, 0], [121, 786], [-125, -786]]
[[1, 0], [122, 131], [-634, -655]]
[[1, 0], [122, 131], [-985, -1048]]
[[1, 0], [123, 1048], [-125, -1048]]
[[1, 0], [123, 131], [-639, -655]]
[[1, 0], [123, 131], [-993, -1048]]
[[1, 0], [123, 262], [-127, -262]]
[[1, 0], [123, 262], [-377, -786]]
[[1, 0], [123, 262], [-497, -1048]]
[[1, 0], [123, 524], [-249, -1048]]
[[1, 0], [124, 131], [-1001, -1048]]
[[1, 0], [124, 131], [-132, -131]]
[[1, 0], [124, 131], [-644, -655]]
[[1, 0], [125, 131], [-1009, -1048]]
[[1, 0], [125, 131], [-133, -131]]
[[1, 0], [125, 131], [-649, -655]]
[[1, 0], [125, 262], [-129, -262]]
[[1, 0], [125, 262], [-383, -786]]
[[1, 0], [125, 262], [-505, -1048]]
[[1, 0], [125, 524], [-253, -1048]]
[[1, 0], [126, 131], [-1017, -1048]]
[[1, 0], [126, 131], [-134, -131]]
[[1, 0], [126, 131], [-654, -655]]
[[1, 0], [126, 655], [-134, -655]]
[[1, 0], [127, 1048], [-129, -1048]]
[[1, 0], [127, 131], [-1025, -1048]]
[[1, 0], [127, 131], [-135, -131]]
[[1, 0], [127, 131], [-659, -655]]
[[1, 0], [127, 262], [-389, -786]]
[[1, 0], [127, 262], [-513, -1048]]
[[1, 0], [127, 524], [-257, -1048]]
[[1, 0], [128, 131], [-1033, -1048]]
[[1, 0], [128, 131], [-664, -655]]
[[1, 0], [129, 131], [-1041, -1048]]
[[1, 0], [129, 131], [-669, -655]]
[[1, 0], [129, 262], [-133, -262]]
[[1, 0], [129, 262], [-395, -786]]
[[1, 0], [129, 262], [-521, -1048]]
[[1, 0], [129, 524], [-261, -1048]]
[[1, 0], [13, 131], [-113, -1048]]
[[1, 0], [13, 131], [-21, -131]]
[[1, 0], [13, 131], [-89, -655]]
[[1, 0], [13, 16], [-111, -56]]
[[1, 0], [13, 16], [-1319, -132]]
[[1, 0], [13, 16], [-1359, -544]]
[[1, 0], [13, 16], [-1715, -176]]
[[1, 0], [13, 16], [-179, -180]]
[[1, 0], [13, 16], [-189, -152]]
[[1, 0], [13, 16], [-2507, -264]]
[[1, 0], [13, 16], [-275, -16]]
[[1, 0], [13, 16], [-287, -192]]
[[1, 0], [13, 16], [-329, -22]]
[[1, 0], [13, 16], [-347, -24]]
[[1, 0], [13, 16], [-428, -33]]
[[1, 0], [13, 16], [-48, -49]]
[[1, 0], [13, 16], [-4883, -528]]
[[1, 0], [13, 16], [-49, -20]]
[[1, 0], [13, 16], [-527, -44]]
[[1, 0], [13, 16], [-563, -48]]
[[1, 0], [13, 16], [-703, -704]]
[[1, 0], [13, 16], [-725, -66]]
[[1, 0], [13, 16], [-923, -88]]
[[1, 0], [13, 16], [-979, -560]]
[[1, 0], [13, 24], [-1187, -176]]
[[1, 0], [13, 24], [-3299, -528]]
[[1, 0], [13, 24], [-419, -48]]
[[1, 0], [13, 262], [-17, -262]]
[[1, 0], [13, 262], [-47, -786]]
[[1, 0], [13, 262], [-57, -1048]]
[[1, 0], [13, 48], [-1715, -528]]
[[1, 0], [13, 48], [-25, -52]]
[[1, 0], [13, 48], [-275, -48]]
[[1, 0], [13, 48], [-287, -576]]
[[1, 0], [13, 48], [-329, -66]]
[[1, 0], [13, 48], [-395, -88]]
[[1, 0], [13, 48], [-527, -132]]
[[1, 0], [13, 48], [-659, -176]]
[[1, 0], [13, 48], [-923, -264]]
[[1, 0], [13, 524], [-29, -1048]]
[[1, 0], [13, 786], [-17, -786]]
[[1, 0], [130, 131], [-1049, -1048]]
[[1, 0], [130, 131], [-674, -655]]
[[1, 0], [133, 176], [-395, -176]]
[[1, 0], [133, 176], [-527, -264]]
[[1, 0], [133, 176], [-923, -528]]
[[1, 0], [133, 262], [-407, -786]]
[[1, 0], [133, 262], [-537, -1048]]
[[1, 0], [133, 264], [-659, -528]]
[[1, 0], [133, 524], [-269, -1048]]
[[1, 0], [133, 528], [-395, -528]]
[[1, 0], [133, 786], [-137, -786]]
[[1, 0], [135, 1048], [-137, -1048]]
[[1, 0], [135, 262], [-413, -786]]
[[1, 0], [135, 262], [-545, -1048]]
[[1, 0], [135, 268], [-401, -536]]
[[1, 0], [135, 524], [-273, -1048]]
[[1, 0], [136, 655], [-144, -655]]
[[1, 0], [137, 1048], [-139, -1048]]
[[1, 0], [137, 262], [-419, -786]]
[[1, 0], [137, 262], [-553, -1048]]
[[1, 0], [137, 524], [-277, -1048]]
[[1, 0], [139, 1048], [-141, -1048]]
[[1, 0], [139, 262], [-425, -786]]
[[1, 0], [139, 262], [-561, -1048]]
[[1, 0], [139, 524], [-281, -1048]]
[[1, 0], [139, 786], [-143, -786]]
[[1, 0], [14, 131], [-121, -1048]]
[[1, 0], [14, 131], [-22, -131]]
[[1, 0], [14, 131], [-94, -655]]
[[1, 0], [141, 262], [-431, -786]]
[[1, 0], [141, 262], [-569, -1048]]
[[1, 0], [141, 524], [-285, -1048]]
[[1, 0], [141, 655], [-149, -655]]
[[1, 0], [143, 1048], [-145, -1048]]
[[1, 0], [143, 262], [-437, -786]]
[[1, 0], [143, 262], [-577, -1048]]
[[1, 0], [143, 524], [-289, -1048]]
[[1, 0], [145, 1048], [-147, -1048]]
[[1, 0], [145, 262], [-443, -786]]
[[1, 0], [145, 262], [-585, -1048]]
[[1, 0], [145, 524], [-293, -1048]]
[[1, 0], [145, 786], [-149, -786]]
[[1, 0], [146, 655], [-154, -655]]
[[1, 0], [147, 1048], [-149, -1048]]
[[1, 0], [147, 262], [-449, -786]]
[[1, 0], [147, 262], [-593, -1048]]
[[1, 0], [147, 524], [-297, -1048]]
[[1, 0], [149, 262], [-455, -786]]
[[1, 0], [149, 262], [-601, -1048]]
[[1, 0], [149, 524], [-301, -1048]]
[[1, 0], [15, 1048], [-17, -1048]]
[[1, 0], [15, 131], [-129, -1048]]
[[1, 0], [15, 131], [-23, -131]]
[[1, 0], [15, 131], [-99, -655]]
[[1, 0], [15, 262], [-19, -262]]
[[1, 0], [15, 262], [-53, -786]]
[[1, 0], [15, 262], [-65, -1048]]
[[1, 0], [15, 28], [-1595, -532]]
[[1, 0], [15, 28], [-461, -616]]
[[1, 0], [15, 28], [-99, -80]]
[[1, 0], [15, 524], [-33, -1048]]
[[1, 0], [151, 1048], [-153, -1048]]
[[1, 0], [151, 262], [-461, -786]]
[[1, 0], [151, 262], [-609, -1048]]
[[1, 0], [151, 524], [-305, -1048]]
[[1, 0], [151, 655], [-159, -655]]
[[1, 0], [151, 786], [-155, -786]]
[[1, 0], [153, 1048], [-155, -1048]]
[[1, 0], [153, 262], [-467, -786]]
[[1, 0], [153, 262], [-617, -1048]]
[[1, 0], [153, 524], [-309, -1048]]
[[1, 0], [155, 1048], [-157, -1048]]
[[1, 0], [155, 262], [-473, -786]]
[[1, 0], [155, 262], [-625, -1048]]
[[1, 0], [155, 524], [-313, -1048]]
[[1, 0], [156, 655], [-164, -655]]
[[1, 0], [157, 262], [-479, -786]]
[[1, 0], [157, 262], [-633, -1048]]
[[1, 0], [157, 524], [-317, -1048]]
[[1, 0], [157, 786], [-161, -786]]
[[1, 0], [159, 1048], [-161, -1048]]
[[1, 0], [159, 262], [-485, -786]]
[[1, 0], [159, 262], [-641, -1048]]
[[1, 0], [159, 524], [-321, -1048]]
[[1, 0], [16, 131], [-104, -655]]
[[1, 0], [16, 131], [-137, -1048]]
[[1, 0], [16, 131], [-24, -131]]
[[1, 0], [16, 655], [-24, -655]]
[[1, 0], [161, 1048], [-163, -1048]]
[[1, 0], [161, 262], [-491, -786]]
[[1, 0], [161, 262], [-649, -1048]]
[[1, 0], [161, 524], [-325, -1048]]
[[1, 0], [161, 655], [-169, -655]]
[[1, 0], [163, 1048], [-165, -1048]]
[[1, 0], [163, 262], [-497, -786]]
[[1, 0], [163, 262], [-657, -1048]]
[[1, 0], [163, 524], [-329, -1048]]
[[1, 0], [163, 786], [-167, -786]]
[[1, 0], [165, 262], [-503, -786]]
[[1, 0], [165, 262], [-665, -1048]]
[[1, 0], [165, 524], [-333, -1048]]
[[1, 0], [166, 655], [-174, -655]]
[[1, 0], [167, 1048], [-169, -1048]]
[[1, 0], [167, 262], [-509, -786]]
[[1, 0], [167, 262], [-673, -1048]]
[[1, 0], [167, 524], [-337, -1048]]
[[1, 0], [169, 1048], [-171, -1048]]
[[1, 0], [169, 262], [-515, -786]]
[[1, 0], [169, 262], [-681, -1048]]
[[1, 0], [169, 524], [-341, -1048]]
[[1, 0], [169, 786], [-173, -786]]
[[1, 0], [17, 1048], [-19, -1048]]
[[1, 0], [17, 131], [-109, -655]]
[[1, 0], [17, 131], [-145, -1048]]
[[1, 0], [17, 131], [-25, -131]]
[[1, 0], [17, 262], [-21, -262]]
[[1, 0], [17, 262], [-59, -786]]
[[1, 0], [17, 262], [-73, -1048]]
[[1, 0], [17, 32], [-227, -304]]
[[1, 0], [17, 524], [-37, -1048]]
[[1, 0], [17, 64], [-71, -144]]
[[1, 0], [171, 1048], [-173, -1048]]
[[1, 0], [171, 262], [-521, -786]]
[[1, 0], [171, 262], [-689, -1048]]
[[1, 0], [171, 524], [-345, -1048]]
[[1, 0], [171, 655], [-179, -655]]
[[1, 0], [173, 262], [-527, -786]]
[[1, 0], [173, 262], [-697, -1048]]
[[1, 0], [173, 524], [-349, -1048]]
[[1, 0], [175, 1048], [-177, -1048]]
[[1, 0], [175, 262], [-533, -786]]
[[1, 0], [175, 262], [-705, -1048]]
[[1, 0], [175, 524], [-353, -1048]]
[[1, 0], [175, 786], [-179, -786]]
[[1, 0], [176, 655], [-184, -655]]
[[1, 0], [177, 1048], [-179, -1048]]
[[1, 0], [177, 262], [-539, -786]]
[[1, 0], [177, 262], [-713, -1048]]
[[1, 0], [177, 524], [-357, -1048]]
[[1, 0], [179, 1048], [-181, -1048]]
[[1, 0], [179, 262], [-545, -786]]
[[1, 0], [179, 262], [-721, -1048]]
[[1, 0], [179, 524], [-361, -1048]]
[[1, 0], [18, 131], [-114, -655]]
[[1, 0], [18, 131], [-153, -1048]]
[[1, 0], [18, 131], [-26, -131]]
[[1, 0], [181, 262], [-551, -786]]
[[1, 0], [181, 262], [-729, -1048]]
[[1, 0], [181, 524], [-365, -1048]]
[[1, 0], [181, 655], [-189, -655]]
[[1, 0], [181, 786], [-185, -786]]
[[1, 0], [183, 1048], [-185, -1048]]
[[1, 0], [183, 262], [-557, -786]]
[[1, 0], [183, 262], [-737, -1048]]
[[1, 0], [183, 524], [-369, -1048]]
[[1, 0], [185, 1048], [-187, -1048]]
[[1, 0], [185, 262], [-563, -786]]
[[1, 0], [185, 262], [-745, -1048]]
[[1, 0], [185, 524], [-373, -1048]]
[[1, 0], [186, 655], [-194, -655]]
[[1, 0], [187, 1048], [-189, -1048]]
[[1, 0], [187, 262], [-569, -786]]
[[1, 0], [187, 262], [-753, -1048]]
[[1, 0], [187, 524], [-377, -1048]]
[[1, 0], [187, 786], [-191, -786]]
[[1, 0], [189, 262], [-575, -786]]
[[1, 0], [189, 262], [-761, -1048]]
[[1, 0], [189, 524], [-381, -1048]]
[[1, 0], [19, 1048], [-21, -1048]]
[[1, 0], [19, 131], [-119, -655]]
[[1, 0], [19, 131], [-161, -1048]]
[[1, 0], [19, 131], [-27, -131]]
[[1, 0], [19, 24], [-1231, -176]]
[[1, 0], [19, 24], [-161, -162]]
[[1, 0], [19, 24], [-1781, -264]]
[[1, 0], [19, 24], [-30, -31]]
[[1, 0], [19, 24], [-3431, -528]]
[[1, 0], [19, 24], [-359, -288]]
[[1, 0], [19, 24], [-431, -48]]
[[1, 0], [19, 24], [-681, -88]]
[[1, 0], [19, 24], [-91, -46]]
[[1, 0], [19, 262], [-23, -262]]
[[1, 0], [19, 262], [-65, -786]]
[[1, 0], [19, 262], [-81, -1048]]
[[1, 0], [19, 36], [-119, -60]]
[[1, 0], [19, 36], [-809, -540]]
[[1, 0], [19, 524], [-41, -1048]]
[[1, 0], [19, 786], [-23, -786]]
[[1, 0], [191, 1048], [-193, -1048]]
[[1, 0], [191, 262], [-581, -786]]
[[1, 0], [191, 262], [-769, -1048]]
[[1, 0], [191, 524], [-385, -1048]]
[[1, 0], [191, 655], [-199, -655]]
[[1, 0], [193, 1048], [-195, -1048]]
[[1, 0], [193, 262], [-587, -786]]
[[1, 0], [193, 262], [-777, -1048]]
[[1, 0], [193, 524], [-389, -1048]]
[[1, 0], [193, 786], [-197, -786]]
[[1, 0], [195, 1048], [-197, -1048]]
[[1, 0], [195, 262], [-593, -786]]
[[1, 0], [195, 262], [-785, -1048]]
[[1, 0], [196, 655], [-204, -655]]
[[1, 0], [197, 262], [-599, -786]]
[[1, 0], [197, 262], [-793, -1048]]
[[1, 0], [197, 524], [-397, -1048]]
[[1, 0], [199, 1048], [-201, -1048]]
[[1, 0], [199, 262], [-605, -786]]
[[1, 0], [199, 262], [-801, -1048]]
[[1, 0], [199, 264], [-791, -528]]
[[1, 0], [199, 524], [-401, -1048]]
[[1, 0], [199, 786], [-203, -786]]
[[1, 0], [2, 131], [-10, -131]]
[[1, 0], [2, 131], [-25, -1048]]
[[1, 0], [2, 131], [-34, -655]]
[[1, 0], [20, 131], [-124, -655]]
[[1, 0], [20, 131], [-169, -1048]]
[[1, 0], [20, 131], [-28, -131]]
[[1, 0], [201, 1048], [-203, -1048]]
[[1, 0], [201, 262], [-611, -786]]
[[1, 0], [201, 262], [-809, -1048]]
[[1, 0], [201, 524], [-405, -1048]]
[[1, 0], [201, 655], [-209, -655]]
[[1, 0], [203, 1048], [-205, -1048]]
[[1, 0], [203, 262], [-617, -786]]
[[1, 0], [203, 262], [-817, -1048]]
[[1, 0], [203, 524], [-409, -1048]]
[[1, 0], [205, 262], [-623, -786]]
[[1, 0], [205, 262], [-825, -1048]]
[[1, 0], [205, 524], [-413, -1048]]
[[1, 0], [205, 786], [-209, -786]]
[[1, 0], [206, 655], [-214, -655]]
[[1, 0], [207, 1048], [-209, -1048]]
[[1, 0], [207, 262], [-629, -786]]
[[1, 0], [207, 262], [-833, -1048]]
[[1, 0], [207, 524], [-417, -1048]]
[[1, 0], [209, 1048], [-211, -1048]]
[[1, 0], [209, 262], [-635, -786]]
[[1, 0], [209, 262], [-841, -1048]]
[[1, 0], [209, 524], [-421, -1048]]
[[1, 0], [21, 131], [-129, -655]]
[[1, 0], [21, 131], [-177, -1048]]
[[1, 0], [21, 131], [-29, -131]]
[[1, 0], [21, 262], [-25, -262]]
[[1, 0], [21, 262], [-71, -786]]
[[1, 0], [21, 262], [-89, -1048]]
[[1, 0], [21, 524], [-45, -1048]]
[[1, 0], [21, 655], [-29, -655]]
[[1, 0], [21, 80], [-139, -280]]
[[1, 0], [211, 1048], [-213, -1048]]
[[1, 0], [211, 262], [-641, -786]]
[[1, 0], [211, 262], [-849, -1048]]
[[1, 0], [211, 524], [-425, -1048]]
[[1, 0], [211, 655], [-219, -655]]
[[1, 0], [211, 786], [-215, -786]]
[[1, 0], [213, 262], [-647, -786]]
[[1, 0], [213, 262], [-857, -1048]]
[[1, 0], [213, 524], [-429, -1048]]
[[1, 0], [215, 1048], [-217, -1048]]
[[1, 0], [215, 262], [-653, -786]]
[[1, 0], [215, 262], [-865, -1048]]
[[1, 0], [215, 524], [-433, -1048]]
[[1, 0], [216, 655], [-224, -655]]
[[1, 0], [217, 1048], [-219, -1048]]
[[1, 0], [217, 262], [-659, -786]]
[[1, 0], [217, 262], [-873, -1048]]
[[1, 0], [217, 524], [-437, -1048]]
[[1, 0], [217, 786], [-221, -786]]
[[1, 0], [219, 1048], [-221, -1048]]
[[1, 0], [219, 262], [-665, -786]]
[[1, 0], [219, 262], [-881, -1048]]
[[1, 0], [219, 524], [-441, -1048]]
[[1, 0], [22, 131], [-134, -655]]
[[1, 0], [22, 131], [-185, -1048]]
[[1, 0], [22, 131], [-30, -131]]
[[1, 0], [221, 262], [-671, -786]]
[[1, 0], [221, 262], [-889, -1048]]
[[1, 0], [221, 524], [-445, -1048]]
[[1, 0], [221, 655], [-229, -655]]
[[1, 0], [223, 1048], [-225, -1048]]
[[1, 0], [223, 262], [-677, -786]]
[[1, 0], [223, 262], [-897, -1048]]
[[1, 0], [223, 524], [-449, -1048]]
[[1, 0], [223, 786], [-227, -786]]
[[1, 0], [225, 1048], [-227, -1048]]
[[1, 0], [225, 262], [-683, -786]]
[[1, 0], [225, 262], [-905, -1048]]
[[1, 0], [225, 524], [-453, -1048]]
[[1, 0], [226, 655], [-234, -655]]
[[1, 0], [227, 1048], [-229, -1048]]
[[1, 0], [227, 262], [-689, -786]]
[[1, 0], [227, 262], [-913, -1048]]
[[1, 0], [227, 524], [-457, -1048]]
[[1, 0], [229, 262], [-695, -786]]
[[1, 0], [229, 262], [-921, -1048]]
[[1, 0], [229, 524], [-461, -1048]]
[[1, 0], [229, 786], [-233, -786]]
[[1, 0], [23, 1048], [-25, -1048]]
[[1, 0], [23, 131], [-139, -655]]
[[1, 0], [23, 131], [-193, -1048]]
[[1, 0], [23, 131], [-31, -131]]
[[1, 0], [23, 262], [-27, -262]]
[[1, 0], [23, 262], [-77, -786]]
[[1, 0], [23, 262], [-97, -1048]]
[[1, 0], [23, 44], [-1979, -528]]
[[1, 0], [23, 44], [-299, -48]]
[[1, 0], [23, 44], [-51, -52]]
[[1, 0], [23, 44], [-747, -176]]
[[1, 0], [23, 524], [-49, -1048]]
[[1, 0], [23, 88], [-1055, -528]]
[[1, 0], [23, 88], [-285, -88]]
[[1, 0], [23, 88], [-439, -176]]
[[1, 0], [23, 88], [-593, -264]]
[[1, 0], [231, 1048], [-233, -1048]]
[[1, 0], [231, 262], [-701, -786]]
[[1, 0], [231, 262], [-929, -1048]]
[[1, 0], [231, 524], [-465, -1048]]
[[1, 0], [231, 655], [-239, -655]]
[[1, 0], [233, 1048], [-235, -1048]]
[[1, 0], [233, 262], [-707, -786]]
[[1, 0], [233, 262], [-937, -1048]]
[[1, 0], [233, 524], [-469, -1048]]
[[1, 0], [235, 1048], [-237, -1048]]
[[1, 0], [235, 262], [-713, -786]]
[[1, 0], [235, 262], [-945, -1048]]
[[1, 0], [235, 524], [-473, -1048]]
[[1, 0], [235, 786], [-239, -786]]
[[1, 0], [236, 655], [-244, -655]]
[[1, 0], [237, 262], [-719, -786]]
[[1, 0], [237, 262], [-953, -1048]]
[[1, 0], [237, 524], [-477, -1048]]
[[1, 0], [239, 1048], [-241, -1048]]
[[1, 0], [239, 262], [-725, -786]]
[[1, 0], [239, 262], [-961, -1048]]
[[1, 0], [239, 524], [-481, -1048]]
[[1, 0], [24, 131], [-144, -655]]
[[1, 0], [24, 131], [-201, -1048]]
[[1, 0], [24, 131], [-32, -131]]
[[1, 0], [241, 1048], [-243, -1048]]
[[1, 0], [241, 262], [-731, -786]]
[[1, 0], [241, 262], [-969, -1048]]
[[1, 0], [241, 524], [-485, -1048]]
[[1, 0], [241, 655], [-249, -655]]
[[1, 0], [241, 786], [-245, -786]]
[[1, 0], [243, 1048], [-245, -1048]]
[[1, 0], [243, 262], [-737, -786]]
[[1, 0], [243, 262], [-977, -1048]]
[[1, 0], [243, 524], [-489, -1048]]
[[1, 0], [245, 262], [-743, -786]]
[[1, 0], [245, 262], [-985, -1048]]
[[1, 0], [245, 524], [-493, -1048]]
[[1, 0], [246, 655], [-254, -655]]
[[1, 0], [247, 1048], [-249, -1048]]
[[1, 0], [247, 262], [-749, -786]]
[[1, 0], [247, 262], [-993, -1048]]
[[1, 0], [247, 524], [-497, -1048]]
[[1, 0], [247, 786], [-251, -786]]
[[1, 0], [249, 1048], [-251, -1048]]
[[1, 0], [249, 262], [-1001, -1048]]
[[1, 0], [249, 262], [-755, -786]]
[[1, 0], [249, 524], [-501, -1048]]
[[1, 0], [25, 1048], [-27, -1048]]
[[1, 0], [25, 131], [-149, -655]]
[[1, 0], [25, 131], [-209, -1048]]
[[1, 0], [25, 131], [-33, -131]]
[[1, 0], [25, 262], [-105, -1048]]
[[1, 0], [25, 262], [-29, -262]]
[[1, 0], [25, 262], [-83, -786]]
[[1, 0], [25, 32], [-135, -68]]
[[1, 0], [25, 32], [-303, -304]]
[[1, 0], [25, 32], [-41, -42]]
[[1, 0], [25, 32], [-89, -72]]
[[1, 0], [25, 48], [-1847, -528]]
[[1, 0], [25, 48], [-417, -88]]
[[1, 0], [25, 48], [-431, -576]]
[[1, 0], [25, 48], [-703, -176]]
[[1, 0], [25, 48], [-989, -264]]
[[1, 0], [25, 524], [-53, -1048]]
[[1, 0], [25, 786], [-29, -786]]
[[1, 0], [251, 1048], [-253, -1048]]
[[1, 0], [251, 262], [-1009, -1048]]
[[1, 0], [251, 262], [-255, -262]]
[[1, 0], [251, 262], [-761, -786]]
[[1, 0], [251, 524], [-505, -1048]]
[[1, 0], [251, 655], [-259, -655]]
[[1, 0], [253, 262], [-1017, -1048]]
[[1, 0], [253, 262], [-767, -786]]
[[1, 0], [253, 524], [-509, -1048]]
[[1, 0], [253, 786], [-257, -786]]
[[1, 0], [255, 1048], [-257, -1048]]
[[1, 0], [255, 262], [-1025, -1048]]
[[1, 0], [255, 262], [-773, -786]]
[[1, 0], [255, 524], [-513, -1048]]
[[1, 0], [256, 655], [-264, -655]]
[[1, 0], [257, 1048], [-259, -1048]]
[[1, 0], [257, 262], [-1033, -1048]]
[[1, 0], [257, 262], [-779, -786]]
[[1, 0], [257, 524], [-517, -1048]]
[[1, 0], [259, 1048], [-261, -1048]]
[[1, 0], [259, 262], [-1041, -1048]]
[[1, 0], [259, 262], [-263, -262]]
[[1, 0], [259, 262], [-785, -786]]
[[1, 0], [259, 524], [-521, -1048]]
[[1, 0], [259, 786], [-263, -786]]
[[1, 0], [26, 131], [-154, -655]]
[[1, 0], [26, 131], [-217, -1048]]
[[1, 0], [26, 131], [-34, -131]]
[[1, 0], [26, 655], [-34, -655]]
[[1, 0], [261, 262], [-1049, -1048]]
[[1, 0], [261, 262], [-791, -786]]
[[1, 0], [261, 524], [-525, -1048]]
[[1, 0], [261, 655], [-269, -655]]
[[1, 0], [263, 1048], [-265, -1048]]
[[1, 0], [263, 524], [-529, -1048]]
[[1, 0], [265, 1048], [-267, -1048]]
[[1, 0], [265, 524], [-533, -1048]]
[[1, 0], [265, 786], [-269, -786]]
[[1, 0], [266, 655], [-274, -655]]
[[1, 0], [267, 524], [-537, -1048]]
[[1, 0], [269, 524], [-541, -1048]]
[[1, 0], [27, 1048], [-29, -1048]]
[[1, 0], [27, 131], [-159, -655]]
[[1, 0], [27, 131], [-225, -1048]]
[[1, 0], [27, 131], [-35, -131]]
[[1, 0], [27, 262], [-113, -1048]]
[[1, 0], [27, 262], [-31, -262]]
[[1, 0], [27, 262], [-89, -786]]
[[1, 0], [27, 524], [-57, -1048]]
[[1, 0], [271, 1048], [-273, -1048]]
[[1, 0], [271, 524], [-545, -1048]]
[[1, 0], [271, 655], [-279, -655]]
[[1, 0], [271, 786], [-275, -786]]
[[1, 0], [273, 1048], [-275, -1048]]
[[1, 0], [273, 524], [-549, -1048]]
[[1, 0], [275, 1048], [-277, -1048]]
[[1, 0], [275, 524], [-553, -1048]]
[[1, 0], [276, 655], [-284, -655]]
[[1, 0], [277, 524], [-557, -1048]]
[[1, 0], [277, 786], [-281, -786]]
[[1, 0], [279, 1048], [-281, -1048]]
[[1, 0], [279, 524], [-561, -1048]]
[[1, 0], [28, 131], [-164, -655]]
[[1, 0], [28, 131], [-233, -1048]]
[[1, 0], [28, 131], [-36, -131]]
[[1, 0], [281, 1048], [-283, -1048]]
[[1, 0], [281, 524], [-565, -1048]]
[[1, 0], [281, 655], [-289, -655]]
[[1, 0], [283, 1048], [-285, -1048]]
[[1, 0], [283, 524], [-569, -1048]]
[[1, 0], [283, 786], [-287, -786]]
[[1, 0], [285, 524], [-573, -1048]]
[[1, 0], [286, 655], [-294, -655]]
[[1, 0], [287, 1048], [-289, -1048]]
[[1, 0], [287, 524], [-577, -1048]]
[[1, 0], [289, 1048], [-291, -1048]]
[[1, 0], [289, 524], [-581, -1048]]
[[1, 0], [289, 786], [-293, -786]]
[[1, 0], [29, 112], [-69, -140]]
[[1, 0], [29, 131], [-169, -655]]
[[1, 0], [29, 131], [-241, -1048]]
[[1, 0], [29, 131], [-37, -131]]
[[1, 0], [29, 262], [-121, -1048]]
[[1, 0], [29, 262], [-33, -262]]
[[1, 0], [29, 262], [-95, -786]]
[[1, 0], [29, 524], [-61, -1048]]
[[1, 0], [291, 1048], [-293, -1048]]
[[1, 0], [291, 524], [-585, -1048]]
[[1, 0], [291, 655], [-299, -655]]
[[1, 0], [293, 524], [-589, -1048]]
[[1, 0], [295, 1048], [-297, -1048]]
[[1, 0], [295, 524], [-593, -1048]]
[[1, 0], [295, 786], [-299, -786]]
[[1, 0], [296, 655], [-304, -655]]
[[1, 0], [297, 1048], [-299, -1048]]
[[1, 0], [297, 524], [-597, -1048]]
[[1, 0], [299, 1048], [-301, -1048]]
[[1, 0], [299, 524], [-601, -1048]]
[[1, 0], [3, 1048], [-5, -1048]]
[[1, 0], [3, 131], [-11, -131]]
[[1, 0], [3, 131], [-33, -1048]]
[[1, 0], [3, 131], [-39, -655]]
[[1, 0], [3, 262], [-17, -1048]]
[[1, 0], [3, 262], [-17, -786]]
[[1, 0], [3, 262], [-7, -262]]
[[1, 0], [3, 4], [-1049, -1048]]
[[1, 0], [3, 4], [-1049, -700]]
[[1, 0], [3, 4], [-1147, -656]]
[[1, 0], [3, 4], [-1367, -76]]
[[1, 0], [3, 4], [-137, -8]]
[[1, 0], [3, 4], [-149, -24]]
[[1, 0], [3, 4], [-1739, -48]]
[[1, 0], [3, 4], [-17819, -528]]
[[1, 0], [3, 4], [-197, -88]]
[[1, 0], [3, 4], [-2001, -572]]
[[1, 0], [3, 4], [-2129, -568]]
[[1, 0], [3, 4], [-329, -264]]
[[1, 0], [3, 4], [-4859, -540]]
[[1, 0], [3, 4], [-545, -28]]
[[1, 0], [3, 4], [-569, -60]]
[[1, 0], [3, 4], [-6027, -176]]
[[1, 0], [3, 4], [-6297, -536]]
[[1, 0], [3, 4], [-667, -16]]
[[1, 0], [3, 524], [-9, -1048]]
[[1, 0], [3, 8], [-1019, -272]]
[[1, 0], [3, 8], [-143, -32]]
[[1, 0], [3, 8], [-1517, -552]]
[[1, 0], [3, 8], [-1605, -88]]
[[1, 0], [3, 8], [-1607, -268]]
[[1, 0], [3, 8], [-167, -96]]
[[1, 0], [3, 8], [-206, -69]]
[[1, 0], [3, 8], [-263, -352]]
[[1, 0], [3, 8], [-263, -524]]
[[1, 0], [3, 8], [-265, -8]]
[[1, 0], [3, 8], [-3079, -176]]
[[1, 0], [3, 8], [-315, -316]]
[[1, 0], [3, 8], [-399, -16]]
[[1, 0], [3, 8], [-437, -292]]
[[1, 0], [3, 8], [-4553, -264]]
[[1, 0], [3, 8], [-525, -1048]]
[[1, 0], [3, 8], [-53, -54]]
[[1, 0], [3, 8], [-533, -24]]
[[1, 0], [3, 8], [-629, -280]]
[[1, 0], [3, 8], [-749, -600]]
[[1, 0], [3, 8], [-8975, -528]]
[[1, 0], [3, 8], [-935, -48]]
[[1, 0], [30, 131], [-174, -655]]
[[1, 0], [30, 131], [-249, -1048]]
[[1, 0], [30, 131], [-38, -131]]
[[1, 0], [301, 524], [-605, -1048]]
[[1, 0], [301, 655], [-309, -655]]
[[1, 0], [301, 786], [-305, -786]]
[[1, 0], [303, 1048], [-305, -1048]]
[[1, 0], [303, 524], [-609, -1048]]
[[1, 0], [305, 1048], [-307, -1048]]
[[1, 0], [305, 524], [-613, -1048]]
[[1, 0], [306, 655], [-314, -655]]
[[1, 0], [307, 1048], [-309, -1048]]
[[1, 0], [307, 524], [-617, -1048]]
[[1, 0], [307, 786], [-311, -786]]
[[1, 0], [309, 524], [-621, -1048]]
[[1, 0], [31, 1048], [-33, -1048]]
[[1, 0], [31, 131], [-179, -655]]
[[1, 0], [31, 131], [-257, -1048]]
[[1, 0], [31, 131], [-39, -131]]
[[1, 0], [31, 262], [-101, -786]]
[[1, 0], [31, 262], [-129, -1048]]
[[1, 0], [31, 262], [-35, -262]]
[[1, 0], [31, 40], [-149, -150]]
[[1, 0], [31, 524], [-65, -1048]]
[[1, 0], [31, 655], [-39, -655]]
[[1, 0], [31, 786], [-35, -786]]
[[1, 0], [311, 1048], [-313, -1048]]
[[1, 0], [311, 524], [-625, -1048]]
[[1, 0], [311, 655], [-319, -655]]
[[1, 0], [313, 1048], [-315, -1048]]
[[1, 0], [313, 524], [-629, -1048]]
[[1, 0], [313, 786], [-317, -786]]
[[1, 0], [315, 1048], [-317, -1048]]
[[1, 0], [315, 524], [-633, -1048]]
[[1, 0], [316, 655], [-324, -655]]
[[1, 0], [317, 524], [-637, -1048]]
[[1, 0], [319, 1048], [-321, -1048]]
[[1, 0], [319, 524], [-641, -1048]]
[[1, 0], [319, 786], [-323, -786]]
[[1, 0], [32, 131], [-184, -655]]
[[1, 0], [32, 131], [-265, -1048]]
[[1, 0], [32, 131], [-40, -131]]
[[1, 0], [321, 1048], [-323, -1048]]
[[1, 0], [321, 524], [-645, -1048]]
[[1, 0], [321, 655], [-329, -655]]
[[1, 0], [323, 1048], [-325, -1048]]
[[1, 0], [323, 524], [-649, -1048]]
[[1, 0], [325, 524], [-653, -1048]]
[[1, 0], [325, 786], [-329, -786]]
[[1, 0], [327, 1048], [-329, -1048]]
[[1, 0], [327, 524], [-657, -1048]]
[[1, 0], [329, 1048], [-331, -1048]]
[[1, 0], [329, 524], [-661, -1048]]
[[1, 0], [33, 1048], [-35, -1048]]
[[1, 0], [33, 131], [-189, -655]]
[[1, 0], [33, 131], [-273, -1048]]
[[1, 0], [33, 131], [-41, -131]]
[[1, 0], [33, 262], [-107, -786]]
[[1, 0], [33, 262], [-137, -1048]]
[[1, 0], [33, 262], [-37, -262]]
[[1, 0], [33, 524], [-69, -1048]]
[[1, 0], [33, 64], [-107, -144]]
[[1, 0], [331, 1048], [-333, -1048]]
[[1, 0], [331, 524], [-665, -1048]]
[[1, 0], [331, 786], [-335, -786]]
[[1, 0], [333, 524], [-669, -1048]]
[[1, 0], [335, 1048], [-337, -1048]]
[[1, 0], [335, 524], [-673, -1048]]
[[1, 0], [337, 1048], [-339, -1048]]
[[1, 0], [337, 524], [-677, -1048]]
[[1, 0], [337, 786], [-341, -786]]
[[1, 0], [339, 1048], [-341, -1048]]
[[1, 0], [339, 524], [-681, -1048]]
[[1, 0], [34, 131], [-194, -655]]
[[1, 0], [34, 131], [-281, -1048]]
[[1, 0], [34, 131], [-42, -131]]
[[1, 0], [341, 524], [-685, -1048]]
[[1, 0], [343, 1048], [-345, -1048]]
[[1, 0], [343, 524], [-689, -1048]]
[[1, 0], [343, 786], [-347, -786]]
[[1, 0], [345, 1048], [-347, -1048]]
[[1, 0], [345, 524], [-693, -1048]]
[[1, 0], [347, 1048], [-349, -1048]]
[[1, 0], [347, 524], [-697, -1048]]
[[1, 0], [349, 524], [-701, -1048]]
[[1, 0], [349, 786], [-353, -786]]
[[1, 0], [35, 1048], [-37, -1048]]
[[1, 0], [35, 131], [-199, -655]]
[[1, 0], [35, 131], [-289, -1048]]
[[1, 0], [35, 131], [-43, -131]]
[[1, 0], [35, 136], [-271, -544]]
[[1, 0], [35, 262], [-113, -786]]
[[1, 0], [35, 262], [-145, -1048]]
[[1, 0], [35, 262], [-39, -262]]
[[1, 0], [35, 524], [-73, -1048]]
[[1, 0], [351, 1048], [-353, -1048]]
[[1, 0], [351, 524], [-705, -1048]]
[[1, 0], [353, 1048], [-355, -1048]]
[[1, 0], [353, 524], [-709, -1048]]
[[1, 0], [355, 1048], [-357, -1048]]
[[1, 0], [355, 524], [-713, -1048]]
[[1, 0], [355, 786], [-359, -786]]
[[1, 0], [357, 524], [-717, -1048]]
[[1, 0], [359, 1048], [-361, -1048]]
[[1, 0], [359, 524], [-721, -1048]]
[[1, 0], [36, 131], [-204, -655]]
[[1, 0], [36, 131], [-297, -1048]]
[[1, 0], [36, 131], [-44, -131]]
[[1, 0], [36, 655], [-44, -655]]
[[1, 0], [361, 1048], [-363, -1048]]
[[1, 0], [361, 524], [-725, -1048]]
[[1, 0], [361, 786], [-365, -786]]
[[1, 0], [363, 1048], [-365, -1048]]
[[1, 0], [363, 524], [-729, -1048]]
[[1, 0], [365, 524], [-733, -1048]]
[[1, 0], [367, 1048], [-369, -1048]]
[[1, 0], [367, 524], [-737, -1048]]
[[1, 0], [367, 786], [-371, -786]]
[[1, 0], [369, 1048], [-371, -1048]]
[[1, 0], [369, 524], [-741, -1048]]
[[1, 0], [37, 131], [-209, -655]]
[[1, 0], [37, 131], [-305, -1048]]
[[1, 0], [37, 131], [-45, -131]]
[[1, 0], [37, 262], [-119, -786]]
[[1, 0], [37, 262], [-153, -1048]]
[[1, 0], [37, 262], [-41, -262]]
[[1, 0], [37, 48], [-1055, -264]]
[[1, 0], [37, 48], [-1979, -528]]
[[1, 0], [37, 48], [-299, -48]]
[[1, 0], [37, 48], [-439, -88]]
[[1, 0], [37, 48], [-51, -52]]
[[1, 0], [37, 48], [-575, -576]]
[[1, 0], [37, 48], [-593, -132]]
[[1, 0], [37, 48], [-747, -176]]
[[1, 0], [37, 524], [-77, -1048]]
[[1, 0], [37, 786], [-41, -786]]
[[1, 0], [371, 1048], [-373, -1048]]
[[1, 0], [371, 524], [-745, -1048]]
[[1, 0], [373, 524], [-749, -1048]]
[[1, 0], [373, 786], [-377, -786]]
[[1, 0], [375, 1048], [-377, -1048]]
[[1, 0], [375, 524], [-753, -1048]]
[[1, 0], [377, 1048], [-379, -1048]]
[[1, 0], [377, 524], [-757, -1048]]
[[1, 0], [379, 1048], [-381, -1048]]
[[1, 0], [379, 524], [-761, -1048]]
[[1, 0], [379, 786], [-383, -786]]
[[1, 0], [38, 131], [-214, -655]]
[[1, 0], [38, 131], [-313, -1048]]
[[1, 0], [38, 131], [-46, -131]]
[[1, 0], [381, 524], [-765, -1048]]
[[1, 0], [383, 1048], [-385, -1048]]
[[1, 0], [383, 524], [-769, -1048]]
[[1, 0], [385, 1048], [-387, -1048]]
[[1, 0], [385, 524], [-773, -1048]]
[[1, 0], [385, 786], [-389, -786]]
[[1, 0], [387, 1048], [-389, -1048]]
[[1, 0], [387, 524], [-777, -1048]]
[[1, 0], [389, 524], [-781, -1048]]
[[1, 0], [39, 1048], [-41, -1048]]
[[1, 0], [39, 131], [-219, -655]]
[[1, 0], [39, 131], [-321, -1048]]
[[1, 0], [39, 131], [-47, -131]]
[[1, 0], [39, 262], [-125, -786]]
[[1, 0], [39, 262], [-161, -1048]]
[[1, 0], [39, 262], [-43, -262]]
[[1, 0], [39, 524], [-81, -1048]]
[[1, 0], [39, 76], [-797, -532]]
[[1, 0], [391, 524], [-785, -1048]]
[[1, 0], [391, 786], [-395, -786]]
[[1, 0], [395, 1048], [-397, -1048]]
[[1, 0], [395, 524], [-793, -1048]]
[[1, 0], [397, 524], [-797, -1048]]
[[1, 0], [397, 528], [-659, -528]]
[[1, 0], [399, 1048], [-401, -1048]]
[[1, 0], [399, 524], [-801, -1048]]
[[1, 0], [4, 131], [-12, -131]]
[[1, 0], [4, 131], [-41, -1048]]
[[1, 0], [4, 131], [-44, -655]]
[[1, 0], [40, 131], [-224, -655]]
[[1, 0], [40, 131], [-329, -1048]]
[[1, 0], [40, 131], [-48, -131]]
[[1, 0], [401, 1048], [-403, -1048]]
[[1, 0], [401, 524], [-805, -1048]]
[[1, 0], [403, 1048], [-405, -1048]]
[[1, 0], [403, 524], [-809, -1048]]
[[1, 0], [405, 524], [-813, -1048]]
[[1, 0], [407, 1048], [-409, -1048]]
[[1, 0], [407, 524], [-817, -1048]]
[[1, 0], [409, 1048], [-411, -1048]]
[[1, 0], [409, 524], [-821, -1048]]
[[1, 0], [41, 1048], [-43, -1048]]
[[1, 0], [41, 131], [-229, -655]]
[[1, 0], [41, 131], [-337, -1048]]
[[1, 0], [41, 131], [-49, -131]]
[[1, 0], [41, 262], [-169, -1048]]
[[1, 0], [41, 262], [-45, -262]]
[[1, 0], [41, 524], [-85, -1048]]
[[1, 0], [41, 655], [-49, -655]]
[[1, 0], [41, 80], [-209, -280]]
[[1, 0], [411, 1048], [-413, -1048]]
[[1, 0], [411, 524], [-825, -1048]]
[[1, 0], [413, 524], [-829, -1048]]
[[1, 0], [415, 1048], [-417, -1048]]
[[1, 0], [415, 524], [-833, -1048]]
[[1, 0], [417, 1048], [-419, -1048]]
[[1, 0], [417, 524], [-837, -1048]]
[[1, 0], [419, 1048], [-421, -1048]]
[[1, 0], [419, 524], [-841, -1048]]
[[1, 0], [42, 131], [-234, -655]]
[[1, 0], [42, 131], [-345, -1048]]
[[1, 0], [42, 131], [-50, -131]]
[[1, 0], [421, 524], [-845, -1048]]
[[1, 0], [423, 1048], [-425, -1048]]
[[1, 0], [423, 524], [-849, -1048]]
[[1, 0], [425, 1048], [-427, -1048]]
[[1, 0], [425, 524], [-853, -1048]]
[[1, 0], [427, 1048], [-429, -1048]]
[[1, 0], [427, 524], [-857, -1048]]
[[1, 0], [429, 524], [-861, -1048]]
[[1, 0], [43, 1048], [-45, -1048]]
[[1, 0], [43, 131], [-239, -655]]
[[1, 0], [43, 131], [-353, -1048]]
[[1, 0], [43, 131], [-51, -131]]
[[1, 0], [43, 262], [-137, -786]]
[[1, 0], [43, 262], [-177, -1048]]
[[1, 0], [43, 262], [-47, -262]]
[[1, 0], [43, 524], [-89, -1048]]
[[1, 0], [43, 786], [-47, -786]]
[[1, 0], [431, 1048], [-433, -1048]]
[[1, 0], [431, 524], [-865, -1048]]
[[1, 0], [433, 1048], [-435, -1048]]
[[1, 0], [433, 524], [-869, -1048]]
[[1, 0], [435, 1048], [-437, -1048]]
[[1, 0], [435, 524], [-873, -1048]]
[[1, 0], [437, 524], [-877, -1048]]
[[1, 0], [439, 1048], [-441, -1048]]
[[1, 0], [439, 524], [-881, -1048]]
[[1, 0], [44, 131], [-244, -655]]
[[1, 0], [44, 131], [-361, -1048]]
[[1, 0], [44, 131], [-52, -131]]
[[1, 0], [441, 1048], [-443, -1048]]
[[1, 0], [441, 524], [-885, -1048]]
[[1, 0], [443, 1048], [-445, -1048]]
[[1, 0], [443, 524], [-889, -1048]]
[[1, 0], [445, 524], [-893, -1048]]
[[1, 0], [447, 1048], [-449, -1048]]
[[1, 0], [447, 524], [-897, -1048]]
[[1, 0], [449, 1048], [-451, -1048]]
[[1, 0], [449, 524], [-901, -1048]]
[[1, 0], [45, 131], [-249, -655]]
[[1, 0], [45, 131], [-369, -1048]]
[[1, 0], [45, 131], [-53, -131]]
[[1, 0], [45, 176], [-307, -176]]
[[1, 0], [45, 176], [-395, -264]]
[[1, 0], [45, 176], [-659, -528]]
[[1, 0], [45, 262], [-143, -786]]
[[1, 0], [45, 262], [-185, -1048]]
[[1, 0], [45, 262], [-49, -262]]
[[1, 0], [45, 524], [-93, -1048]]
[[1, 0], [45, 88], [-1187, -528]]
[[1, 0], [45, 88], [-483, -176]]
[[1, 0], [451, 1048], [-453, -1048]]
[[1, 0], [451, 524], [-905, -1048]]
[[1, 0], [453, 524], [-909, -1048]]
[[1, 0], [455, 1048], [-457, -1048]]
[[1, 0], [455, 524], [-913, -1048]]
[[1, 0], [457, 1048], [-459, -1048]]
[[1, 0], [459, 1048], [-461, -1048]]
[[1, 0], [459, 524], [-921, -1048]]
[[1, 0], [46, 131], [-254, -655]]
[[1, 0], [46, 131], [-377, -1048]]
[[1, 0], [46, 131], [-54, -131]]
[[1, 0], [46, 655], [-54, -655]]
[[1, 0], [461, 524], [-925, -1048]]
[[1, 0], [463, 1048], [-465, -1048]]
[[1, 0], [463, 524], [-929, -1048]]
[[1, 0], [465, 1048], [-467, -1048]]
[[1, 0], [465, 524], [-933, -1048]]
[[1, 0], [467, 1048], [-469, -1048]]
[[1, 0], [467, 524], [-937, -1048]]
[[1, 0], [469, 524], [-941, -1048]]
[[1, 0], [47, 1048], [-49, -1048]]
[[1, 0], [47, 131], [-259, -655]]
[[1, 0], [47, 131], [-385, -1048]]
[[1, 0], [47, 131], [-55, -131]]
[[1, 0], [47, 262], [-149, -786]]
[[1, 0], [47, 262], [-193, -1048]]
[[1, 0], [47, 262], [-51, -262]]
[[1, 0], [47, 524], [-97, -1048]]
[[1, 0], [47, 92], [-413, -552]]
[[1, 0], [471, 1048], [-473, -1048]]
[[1, 0], [471, 524], [-945, -1048]]
[[1, 0], [473, 1048], [-475, -1048]]
[[1, 0], [473, 524], [-949, -1048]]
[[1, 0], [475, 1048], [-477, -1048]]
[[1, 0], [475, 524], [-953, -1048]]
[[1, 0], [477, 524], [-957, -1048]]
[[1, 0], [479, 1048], [-481, -1048]]
[[1, 0], [479, 524], [-961, -1048]]
[[1, 0], [48, 131], [-264, -655]]
[[1, 0], [48, 131], [-56, -131]]
[[1, 0], [481, 1048], [-483, -1048]]
[[1, 0], [481, 524], [-965, -1048]]
[[1, 0], [483, 1048], [-485, -1048]]
[[1, 0], [483, 524], [-969, -1048]]
[[1, 0], [485, 524], [-973, -1048]]
[[1, 0], [487, 1048], [-489, -1048]]
[[1, 0], [487, 524], [-977, -1048]]
[[1, 0], [489, 1048], [-491, -1048]]
[[1, 0], [489, 524], [-981, -1048]]
[[1, 0], [49, 1048], [-51, -1048]]
[[1, 0], [49, 131], [-269, -655]]
[[1, 0], [49, 131], [-401, -1048]]
[[1, 0], [49, 131], [-57, -131]]
[[1, 0], [49, 262], [-155, -786]]
[[1, 0], [49, 262], [-201, -1048]]
[[1, 0], [49, 262], [-53, -262]]
[[1, 0], [49, 524], [-101, -1048]]
[[1, 0], [49, 64], [-143, -144]]
[[1, 0], [49, 786], [-53, -786]]
[[1, 0], [491, 1048], [-493, -1048]]
[[1, 0], [491, 524], [-985, -1048]]
[[1, 0], [493, 524], [-989, -1048]]
[[1, 0], [495, 1048], [-497, -1048]]
[[1, 0], [495, 524], [-993, -1048]]
[[1, 0], [497, 1048], [-499, -1048]]
[[1, 0], [497, 524], [-997, -1048]]
[[1, 0], [499, 1048], [-501, -1048]]
[[1, 0], [499, 524], [-1001, -1048]]
[[1, 0], [5, 131], [-13, -131]]
[[1, 0], [5, 131], [-49, -1048]]
[[1, 0], [5, 131], [-49, -655]]
[[1, 0], [5, 16], [-1087, -544]]
[[1, 0], [5, 16], [-113, -152]]
[[1, 0], [5, 16], [-1253, -132]]
[[1, 0], [5, 16], [-1627, -176]]
[[1, 0], [5, 16], [-191, -192]]
[[1, 0], [5, 16], [-2375, -264]]
[[1, 0], [5, 16], [-267, -16]]
[[1, 0], [5, 16], [-335, -24]]
[[1, 0], [5, 16], [-351, -704]]
[[1, 0], [5, 16], [-39, -20]]
[[1, 0], [5, 16], [-4619, -528]]
[[1, 0], [5, 16], [-505, -44]]
[[1, 0], [5, 16], [-539, -48]]
[[1, 0], [5, 16], [-699, -560]]
[[1, 0], [5, 16], [-83, -56]]
[[1, 0], [5, 16], [-879, -88]]
[[1, 0], [5, 16], [-89, -180]]
[[1, 0], [5, 262], [-23, -786]]
[[1, 0], [5, 262], [-25, -1048]]
[[1, 0], [5, 262], [-9, -262]]
[[1, 0], [5, 524], [-13, -1048]]
[[1, 0], [5, 8], [-151, -32]]
[[1, 0], [5, 8], [-1655, -552]]
[[1, 0], [5, 8], [-3123, -176]]
[[1, 0], [5, 8], [-403, -16]]
[[1, 0], [5, 8], [-787, -1048]]
[[1, 0], [5, 8], [-899, -600]]
[[1, 0], [5, 8], [-9107, -528]]
[[1, 0], [5, 8], [-947, -48]]
[[1, 0], [50, 131], [-274, -655]]
[[1, 0], [50, 131], [-409, -1048]]
[[1, 0], [50, 131], [-58, -131]]
[[1, 0], [501, 524], [-1005, -1048]]
[[1, 0], [503, 1048], [-505, -1048]]
[[1, 0], [503, 524], [-1009, -1048]]
[[1, 0], [505, 1048], [-507, -1048]]
[[1, 0], [505, 524], [-1013, -1048]]
[[1, 0], [507, 1048], [-509, -1048]]
[[1, 0], [507, 524], [-1017, -1048]]
[[1, 0], [509, 524], [-1021, -1048]]
[[1, 0], [51, 1048], [-53, -1048]]
[[1, 0], [51, 131], [-279, -655]]
[[1, 0], [51, 131], [-417, -1048]]
[[1, 0], [51, 131], [-59, -131]]
[[1, 0], [51, 262], [-161, -786]]
[[1, 0], [51, 262], [-209, -1048]]
[[1, 0], [51, 262], [-55, -262]]
[[1, 0], [51, 524], [-105, -1048]]
[[1, 0], [51, 655], [-59, -655]]
[[1, 0], [511, 1048], [-513, -1048]]
[[1, 0], [511, 524], [-1025, -1048]]
[[1, 0], [513, 1048], [-515, -1048]]
[[1, 0], [513, 524], [-1029, -1048]]
[[1, 0], [515, 1048], [-517, -1048]]
[[1, 0], [515, 524], [-1033, -1048]]
[[1, 0], [517, 524], [-1037, -1048]]
[[1, 0], [519, 1048], [-521, -1048]]
[[1, 0], [519, 524], [-1041, -1048]]
[[1, 0], [52, 131], [-284, -655]]
[[1, 0], [52, 131], [-425, -1048]]
[[1, 0], [52, 131], [-60, -131]]
[[1, 0], [521, 1048], [-523, -1048]]
[[1, 0], [521, 524], [-1045, -1048]]
[[1, 0], [523, 1048], [-525, -1048]]
[[1, 0], [523, 524], [-1049, -1048]]
[[1, 0], [529, 1048], [-531, -1048]]
[[1, 0], [53, 131], [-289, -655]]
[[1, 0], [53, 131], [-433, -1048]]
[[1, 0], [53, 131], [-61, -131]]
[[1, 0], [53, 262], [-167, -786]]
[[1, 0], [53, 262], [-217, -1048]]
[[1, 0], [53, 262], [-57, -262]]
[[1, 0], [53, 524], [-109, -1048]]
[[1, 0], [537, 1048], [-539, -1048]]
[[1, 0], [54, 131], [-294, -655]]
[[1, 0], [54, 131], [-441, -1048]]
[[1, 0], [54, 131], [-62, -131]]
[[1, 0], [545, 1048], [-547, -1048]]
[[1, 0], [55, 1048], [-57, -1048]]
[[1, 0], [55, 108], [-179, -180]]
[[1, 0], [55, 131], [-299, -655]]
[[1, 0], [55, 131], [-449, -1048]]
[[1, 0], [55, 131], [-63, -131]]
[[1, 0], [55, 262], [-173, -786]]
[[1, 0], [55, 262], [-225, -1048]]
[[1, 0], [55, 262], [-59, -262]]
[[1, 0], [55, 524], [-113, -1048]]
[[1, 0], [55, 786], [-59, -786]]
[[1, 0], [553, 1048], [-555, -1048]]
[[1, 0], [56, 131], [-304, -655]]
[[1, 0], [56, 131], [-457, -1048]]
[[1, 0], [56, 131], [-64, -131]]
[[1, 0], [56, 655], [-64, -655]]
[[1, 0], [561, 1048], [-563, -1048]]
[[1, 0], [569, 1048], [-571, -1048]]
[[1, 0], [57, 1048], [-59, -1048]]
[[1, 0], [57, 131], [-309, -655]]
[[1, 0], [57, 131], [-465, -1048]]
[[1, 0], [57, 131], [-65, -131]]
[[1, 0], [57, 262], [-179, -786]]
[[1, 0], [57, 262], [-233, -1048]]
[[1, 0], [57, 262], [-61, -262]]
[[1, 0], [57, 524], [-117, -1048]]
[[1, 0], [577, 1048], [-579, -1048]]
[[1, 0], [58, 131], [-314, -655]]
[[1, 0], [58, 131], [-473, -1048]]
[[1, 0], [58, 131], [-66, -131]]
[[1, 0], [585, 1048], [-587, -1048]]
[[1, 0], [59, 1048], [-61, -1048]]
[[1, 0], [59, 131], [-319, -655]]
[[1, 0], [59, 131], [-481, -1048]]
[[1, 0], [59, 131], [-67, -131]]
[[1, 0], [59, 262], [-185, -786]]
[[1, 0], [59, 262], [-241, -1048]]
[[1, 0], [59, 262], [-63, -262]]
[[1, 0], [59, 524], [-121, -1048]]
[[1, 0], [593, 1048], [-595, -1048]]
[[1, 0], [6, 131], [-14, -131]]
[[1, 0], [6, 131], [-54, -655]]
[[1, 0], [6, 131], [-57, -1048]]
[[1, 0], [6, 655], [-14, -655]]
[[1, 0], [60, 131], [-324, -655]]
[[1, 0], [60, 131], [-489, -1048]]
[[1, 0], [60, 131], [-68, -131]]
[[1, 0], [601, 1048], [-603, -1048]]
[[1, 0], [609, 1048], [-611, -1048]]
[[1, 0], [61, 131], [-329, -655]]
[[1, 0], [61, 131], [-497, -1048]]
[[1, 0], [61, 131], [-69, -131]]
[[1, 0], [61, 262], [-191, -786]]
[[1, 0], [61, 262], [-249, -1048]]
[[1, 0], [61, 262], [-65, -262]]
[[1, 0], [61, 524], [-125, -1048]]
[[1, 0], [61, 655], [-69, -655]]
[[1, 0], [61, 786], [-65, -786]]
[[1, 0], [61, 80], [-279, -280]]
[[1, 0], [617, 1048], [-619, -1048]]
[[1, 0], [62, 131], [-334, -655]]
[[1, 0], [62, 131], [-505, -1048]]
[[1, 0], [625, 1048], [-627, -1048]]
[[1, 0], [63, 1048], [-65, -1048]]
[[1, 0], [63, 131], [-339, -655]]
[[1, 0], [63, 131], [-513, -1048]]
[[1, 0], [63, 262], [-197, -786]]
[[1, 0], [63, 262], [-257, -1048]]
[[1, 0], [63, 262], [-67, -262]]
[[1, 0], [63, 524], [-129, -1048]]
[[1, 0], [633, 1048], [-635, -1048]]
[[1, 0], [636, 655], [-644, -655]]
[[1, 0], [64, 131], [-344, -655]]
[[1, 0], [64, 131], [-521, -1048]]
[[1, 0], [641, 1048], [-643, -1048]]
[[1, 0], [649, 1048], [-651, -1048]]
[[1, 0], [65, 1048], [-67, -1048]]
[[1, 0], [65, 131], [-349, -655]]
[[1, 0], [65, 131], [-529, -1048]]
[[1, 0], [65, 262], [-203, -786]]
[[1, 0], [65, 262], [-265, -1048]]
[[1, 0], [65, 262], [-69, -262]]
[[1, 0], [65, 524], [-133, -1048]]
[[1, 0], [651, 655], [-659, -655]]
[[1, 0], [657, 1048], [-659, -1048]]
[[1, 0], [66, 131], [-354, -655]]
[[1, 0], [66, 131], [-537, -1048]]
[[1, 0], [66, 655], [-74, -655]]
[[1, 0], [665, 1048], [-667, -1048]]
[[1, 0], [67, 1048], [-69, -1048]]
[[1, 0], [67, 131], [-359, -655]]
[[1, 0], [67, 131], [-545, -1048]]
[[1, 0], [67, 132], [-395, -176]]
[[1, 0], [67, 132], [-923, -528]]
[[1, 0], [67, 262], [-209, -786]]
[[1, 0], [67, 262], [-273, -1048]]
[[1, 0], [67, 262], [-71, -262]]
[[1, 0], [67, 264], [-329, -264]]
[[1, 0], [67, 264], [-527, -528]]
[[1, 0], [67, 524], [-137, -1048]]
[[1, 0], [67, 786], [-71, -786]]
[[1, 0], [67, 88], [-1319, -528]]
[[1, 0], [67, 88], [-527, -176]]
[[1, 0], [67, 88], [-725, -264]]
[[1, 0], [673, 1048], [-675, -1048]]
[[1, 0], [68, 131], [-364, -655]]
[[1, 0], [68, 131], [-553, -1048]]
[[1, 0], [681, 1048], [-683, -1048]]
[[1, 0], [689, 1048], [-691, -1048]]
[[1, 0], [69, 131], [-369, -655]]
[[1, 0], [69, 131], [-561, -1048]]
[[1, 0], [69, 136], [-407, -544]]
[[1, 0], [69, 262], [-215, -786]]
[[1, 0], [69, 262], [-281, -1048]]
[[1, 0], [69, 262], [-73, -262]]
[[1, 0], [69, 524], [-141, -1048]]
[[1, 0], [697, 1048], [-699, -1048]]
[[1, 0], [7, 1048], [-9, -1048]]
[[1, 0], [7, 12], [-211, -212]]
[[1, 0], [7, 12], [-2155, -176]]
[[1, 0], [7, 12], [-315, -16]]
[[1, 0], [7, 12], [-413, -184]]
[[1, 0], [7, 12], [-593, -792]]
[[1, 0], [7, 12], [-6203, -528]]
[[1, 0], [7, 12], [-629, -180]]
[[1, 0], [7, 12], [-683, -48]]
[[1, 0], [7, 12], [-99, -20]]
[[1, 0], [7, 131], [-15, -131]]
[[1, 0], [7, 131], [-59, -655]]
[[1, 0], [7, 131], [-65, -1048]]
[[1, 0], [7, 24], [-1143, -176]]
[[1, 0], [7, 24], [-1649, -264]]
[[1, 0], [7, 24], [-215, -288]]
[[1, 0], [7, 24], [-269, -24]]
[[1, 0], [7, 24], [-3167, -528]]
[[1, 0], [7, 24], [-407, -48]]
[[1, 0], [7, 24], [-637, -88]]
[[1, 0], [7, 262], [-29, -786]]
[[1, 0], [7, 262], [-33, -1048]]
[[1, 0], [7, 524], [-17, -1048]]
[[1, 0], [7, 8], [-1049, -1048]]
[[1, 0], [7, 8], [-1049, -600]]
[[1, 0], [7, 8], [-1155, -272]]
[[1, 0], [7, 8], [-132, -131]]
[[1, 0], [7, 8], [-159, -32]]
[[1, 0], [7, 8], [-1649, -88]]
[[1, 0], [7, 8], [-1741, -268]]
[[1, 0], [7, 8], [-1793, -552]]
[[1, 0], [7, 8], [-215, -96]]
[[1, 0], [7, 8], [-263, -262]]
[[1, 0], [7, 8], [-3167, -176]]
[[1, 0], [7, 8], [-407, -16]]
[[1, 0], [7, 8], [-439, -352]]
[[1, 0], [7, 8], [-468, -67]]
[[1, 0], [7, 8], [-4685, -264]]
[[1, 0], [7, 8], [-473, -316]]
[[1, 0], [7, 8], [-525, -524]]
[[1, 0], [7, 8], [-545, -24]]
[[1, 0], [7, 8], [-583, -292]]
[[1, 0], [7, 8], [-59, -30]]
[[1, 0], [7, 8], [-769, -280]]
[[1, 0], [7, 8], [-9239, -528]]
[[1, 0], [7, 8], [-959, -48]]
[[1, 0], [70, 131], [-374, -655]]
[[1, 0], [70, 131], [-569, -1048]]
[[1, 0], [705, 1048], [-707, -1048]]
[[1, 0], [71, 1048], [-73, -1048]]
[[1, 0], [71, 131], [-379, -655]]
[[1, 0], [71, 131], [-577, -1048]]
[[1, 0], [71, 262], [-221, -786]]
[[1, 0], [71, 262], [-289, -1048]]
[[1, 0], [71, 262], [-75, -262]]
[[1, 0], [71, 524], [-145, -1048]]
[[1, 0], [71, 655], [-79, -655]]
[[1, 0], [713, 1048], [-715, -1048]]
[[1, 0], [72, 131], [-384, -655]]
[[1, 0], [72, 131], [-585, -1048]]
[[1, 0], [721, 1048], [-723, -1048]]
[[1, 0], [729, 1048], [-731, -1048]]
[[1, 0], [73, 1048], [-75, -1048]]
[[1, 0], [73, 131], [-389, -655]]
[[1, 0], [73, 131], [-593, -1048]]
[[1, 0], [73, 262], [-227, -786]]
[[1, 0], [73, 262], [-297, -1048]]
[[1, 0], [73, 262], [-77, -262]]
[[1, 0], [73, 524], [-149, -1048]]
[[1, 0], [73, 786], [-77, -786]]
[[1, 0], [737, 1048], [-739, -1048]]
[[1, 0], [74, 131], [-394, -655]]
[[1, 0], [74, 131], [-601, -1048]]
[[1, 0], [745, 1048], [-747, -1048]]
[[1, 0], [75, 1048], [-77, -1048]]
[[1, 0], [75, 131], [-399, -655]]
[[1, 0], [75, 131], [-609, -1048]]
[[1, 0], [75, 262], [-233, -786]]
[[1, 0], [75, 262], [-305, -1048]]
[[1, 0], [75, 262], [-79, -262]]
[[1, 0], [75, 524], [-153, -1048]]
[[1, 0], [753, 1048], [-755, -1048]]
[[1, 0], [76, 131], [-404, -655]]
[[1, 0], [76, 131], [-617, -1048]]
[[1, 0], [76, 655], [-84, -655]]
[[1, 0], [761, 1048], [-763, -1048]]
[[1, 0], [769, 1048], [-771, -1048]]
[[1, 0], [77, 131], [-409, -655]]
[[1, 0], [77, 131], [-625, -1048]]
[[1, 0], [77, 262], [-239, -786]]
[[1, 0], [77, 262], [-313, -1048]]
[[1, 0], [77, 262], [-81, -262]]
[[1, 0], [77, 524], [-157, -1048]]
[[1, 0], [775, 786], [-779, -786]]
[[1, 0], [777, 1048], [-779, -1048]]
[[1, 0], [779, 1048], [-781, -1048]]
[[1, 0], [78, 131], [-414, -655]]
[[1, 0], [78, 131], [-633, -1048]]
[[1, 0], [785, 1048], [-787, -1048]]
[[1, 0], [79, 1048], [-81, -1048]]
[[1, 0], [79, 131], [-419, -655]]
[[1, 0], [79, 131], [-641, -1048]]
[[1, 0], [79, 262], [-245, -786]]
[[1, 0], [79, 262], [-321, -1048]]
[[1, 0], [79, 262], [-83, -262]]
[[1, 0], [79, 524], [-161, -1048]]
[[1, 0], [79, 786], [-83, -786]]
[[1, 0], [793, 1048], [-795, -1048]]
[[1, 0], [8, 131], [-16, -131]]
[[1, 0], [8, 131], [-64, -655]]
[[1, 0], [8, 131], [-73, -1048]]
[[1, 0], [80, 131], [-424, -655]]
[[1, 0], [80, 131], [-649, -1048]]
[[1, 0], [801, 1048], [-803, -1048]]
[[1, 0], [809, 1048], [-811, -1048]]
[[1, 0], [81, 1048], [-83, -1048]]
[[1, 0], [81, 131], [-429, -655]]
[[1, 0], [81, 131], [-657, -1048]]
[[1, 0], [81, 262], [-251, -786]]
[[1, 0], [81, 262], [-329, -1048]]
[[1, 0], [81, 262], [-85, -262]]
[[1, 0], [81, 524], [-165, -1048]]
[[1, 0], [81, 655], [-89, -655]]
[[1, 0], [817, 1048], [-819, -1048]]
[[1, 0], [82, 131], [-434, -655]]
[[1, 0], [82, 131], [-665, -1048]]
[[1, 0], [825, 1048], [-827, -1048]]
[[1, 0], [83, 1048], [-85, -1048]]
[[1, 0], [83, 131], [-439, -655]]
[[1, 0], [83, 131], [-673, -1048]]
[[1, 0], [83, 262], [-257, -786]]
[[1, 0], [83, 262], [-337, -1048]]
[[1, 0], [83, 262], [-87, -262]]
[[1, 0], [83, 524], [-169, -1048]]
[[1, 0], [833, 1048], [-835, -1048]]
[[1, 0], [84, 131], [-444, -655]]
[[1, 0], [84, 131], [-681, -1048]]
[[1, 0], [841, 1048], [-843, -1048]]
[[1, 0], [849, 1048], [-851, -1048]]
[[1, 0], [85, 112], [-139, -140]]
[[1, 0], [85, 131], [-449, -655]]
[[1, 0], [85, 131], [-689, -1048]]
[[1, 0], [85, 262], [-263, -786]]
[[1, 0], [85, 262], [-345, -1048]]
[[1, 0], [85, 262], [-89, -262]]
[[1, 0], [85, 524], [-173, -1048]]
[[1, 0], [85, 786], [-89, -786]]
[[1, 0], [857, 1048], [-859, -1048]]
[[1, 0], [86, 131], [-454, -655]]
[[1, 0], [86, 131], [-697, -1048]]
[[1, 0], [86, 655], [-94, -655]]
[[1, 0], [865, 1048], [-867, -1048]]
[[1, 0], [87, 1048], [-89, -1048]]
[[1, 0], [87, 131], [-459, -655]]
[[1, 0], [87, 131], [-705, -1048]]
[[1, 0], [87, 262], [-269, -786]]
[[1, 0], [87, 262], [-353, -1048]]
[[1, 0], [87, 262], [-91, -262]]
[[1, 0], [87, 524], [-177, -1048]]
[[1, 0], [873, 1048], [-875, -1048]]
[[1, 0], [88, 131], [-464, -655]]
[[1, 0], [88, 131], [-713, -1048]]
[[1, 0], [881, 1048], [-883, -1048]]
[[1, 0], [889, 1048], [-891, -1048]]
[[1, 0], [89, 1048], [-91, -1048]]
[[1, 0], [89, 131], [-469, -655]]
[[1, 0], [89, 131], [-721, -1048]]
[[1, 0], [89, 176], [-461, -264]]
[[1, 0], [89, 176], [-791, -528]]
[[1, 0], [89, 262], [-275, -786]]
[[1, 0], [89, 262], [-361, -1048]]
[[1, 0], [89, 262], [-93, -262]]
[[1, 0], [89, 524], [-181, -1048]]
[[1, 0], [897, 1048], [-899, -1048]]
[[1, 0], [9, 1048], [-11, -1048]]
[[1, 0], [9, 131], [-17, -131]]
[[1, 0], [9, 131], [-69, -655]]
[[1, 0], [9, 131], [-81, -1048]]
[[1, 0], [9, 16], [-1223, -544]]
[[1, 0], [9, 16], [-1671, -176]]
[[1, 0], [9, 16], [-239, -192]]
[[1, 0], [9, 16], [-2441, -264]]
[[1, 0], [9, 16], [-341, -24]]
[[1, 0], [9, 16], [-4751, -528]]
[[1, 0], [9, 16], [-527, -704]]
[[1, 0], [9, 16], [-551, -48]]
[[1, 0], [9, 16], [-839, -560]]
[[1, 0], [9, 16], [-901, -88]]
[[1, 0], [9, 16], [-97, -56]]
[[1, 0], [9, 262], [-13, -262]]
[[1, 0], [9, 262], [-35, -786]]
[[1, 0], [9, 262], [-41, -1048]]
[[1, 0], [9, 32], [-101, -68]]
[[1, 0], [9, 32], [-151, -304]]
[[1, 0], [9, 32], [-53, -72]]
[[1, 0], [9, 524], [-21, -1048]]
[[1, 0], [90, 131], [-474, -655]]
[[1, 0], [90, 131], [-729, -1048]]
[[1, 0], [905, 1048], [-907, -1048]]
[[1, 0], [91, 1048], [-93, -1048]]
[[1, 0], [91, 131], [-479, -655]]
[[1, 0], [91, 131], [-737, -1048]]
[[1, 0], [91, 262], [-281, -786]]
[[1, 0], [91, 262], [-369, -1048]]
[[1, 0], [91, 262], [-95, -262]]
[[1, 0], [91, 524], [-185, -1048]]
[[1, 0], [91, 655], [-99, -655]]
[[1, 0], [91, 786], [-95, -786]]
[[1, 0], [913, 1048], [-915, -1048]]
[[1, 0], [92, 131], [-484, -655]]
[[1, 0], [92, 131], [-745, -1048]]
[[1, 0], [921, 1048], [-923, -1048]]
[[1, 0], [929, 1048], [-931, -1048]]
[[1, 0], [93, 131], [-489, -655]]
[[1, 0], [93, 131], [-753, -1048]]
[[1, 0], [93, 262], [-287, -786]]
[[1, 0], [93, 262], [-377, -1048]]
[[1, 0], [93, 262], [-97, -262]]
[[1, 0], [93, 524], [-189, -1048]]
[[1, 0], [937, 1048], [-939, -1048]]
[[1, 0], [94, 131], [-494, -655]]
[[1, 0], [94, 131], [-761, -1048]]
[[1, 0], [945, 1048], [-947, -1048]]
[[1, 0], [95, 1048], [-97, -1048]]
[[1, 0], [95, 131], [-499, -655]]
[[1, 0], [95, 131], [-769, -1048]]
[[1, 0], [95, 262], [-293, -786]]
[[1, 0], [95, 262], [-385, -1048]]
[[1, 0], [95, 262], [-99, -262]]
[[1, 0], [95, 524], [-193, -1048]]
[[1, 0], [953, 1048], [-955, -1048]]
[[1, 0], [96, 131], [-504, -655]]
[[1, 0], [96, 131], [-777, -1048]]
[[1, 0], [96, 655], [-104, -655]]
[[1, 0], [961, 1048], [-963, -1048]]
[[1, 0], [969, 1048], [-971, -1048]]
[[1, 0], [97, 1048], [-99, -1048]]
[[1, 0], [97, 131], [-509, -655]]
[[1, 0], [97, 131], [-785, -1048]]
[[1, 0], [97, 262], [-101, -262]]
[[1, 0], [97, 262], [-299, -786]]
[[1, 0], [97, 524], [-197, -1048]]
[[1, 0], [97, 786], [-101, -786]]
[[1, 0], [977, 1048], [-979, -1048]]
[[1, 0], [98, 131], [-514, -655]]
[[1, 0], [98, 131], [-793, -1048]]
[[1, 0], [985, 1048], [-987, -1048]]
[[1, 0], [99, 1048], [-101, -1048]]
[[1, 0], [99, 131], [-519, -655]]
[[1, 0], [99, 131], [-801, -1048]]
[[1, 0], [99, 262], [-103, -262]]
[[1, 0], [99, 262], [-305, -786]]
[[1, 0], [99, 262], [-401, -1048]]
[[1, 0], [99, 524], [-201, -1048]]
[[1, 0], [993, 1048], [-995, -1048]]
