[[1, 0], [0, 1], [-104255, -144]]
[[1, 0], [0, 1], [-104255, -724]]
[[1, 0], [0, 1], [-11504, -15]]
[[1, 0], [0, 1], [-11504, -767]]
[[1, 0], [0, 1], [-12223, -16]]
[[1, 0], [0, 1], [-12223, -764]]
[[1, 0], [0, 1], [-130139, -180]]
[[1, 0], [0, 1], [-130139, -723]]
[[1, 0], [0, 1], [-13661, -18]]
[[1, 0], [0, 1], [-13661, -759]]
[[1, 0], [0, 1], [-1438, -1]]
[[1, 0], [0, 1], [-1439, -1438]]
[[1, 0], [0, 1], [-15099, -20]]
[[1, 0], [0, 1], [-15099, -755]]
[[1, 0], [0, 1], [-173279, -240]]
[[1, 0], [0, 1], [-173279, -722]]
[[1, 0], [0, 1], [-17975, -24]]
[[1, 0], [0, 1], [-17975, -749]]
[[1, 0], [0, 1], [-2157, -1079]]
[[1, 0], [0, 1], [-2157, -26]]
[[1, 0], [0, 1], [-2157, -2]]
[[1, 0], [0, 1], [-2157, -83]]
[[1, 0], [0, 1], [-22289, -30]]
[[1, 0], [0, 1], [-22289, -743]]
[[1, 0], [0, 1], [-259559, -360]]
[[1, 0], [0, 1], [-259559, -721]]
[[1, 0], [0, 1], [-26603, -36]]
[[1, 0], [0, 1], [-26603, -739]]
[[1, 0], [0, 1], [-2876, -3]]
[[1, 0], [0, 1], [-2876, -411]]
[[1, 0], [0, 1], [-2876, -7]]
[[1, 0], [0, 1], [-2876, -959]]
[[1, 0], [0, 1], [-29479, -40]]
[[1, 0], [0, 1], [-29479, -737]]
[[1, 0], [0, 1], [-33074, -45]]
[[1, 0], [0, 1], [-33074, -735]]
[[1, 0], [0, 1], [-35231, -48]]
[[1, 0], [0, 1], [-35231, -734]]
[[1, 0], [0, 1], [-3595, -124]]
[[1, 0], [0, 1], [-3595, -29]]
[[1, 0], [0, 1], [-3595, -4]]
[[1, 0], [0, 1], [-3595, -899]]
[[1, 0], [0, 1], [-37388, -103]]
[[1, 0], [0, 1], [-37388, -363]]
[[1, 0], [0, 1], [-4314, -5]]
[[1, 0], [0, 1], [-4314, -863]]
[[1, 0], [0, 1], [-43859, -60]]
[[1, 0], [0, 1], [-43859, -731]]
[[1, 0], [0, 1], [-5033, -6]]
[[1, 0], [0, 1], [-5033, -839]]
[[1, 0], [0, 1], [-518399, -720]]
[[1, 0], [0, 1], [-52487, -729]]
[[1, 0], [0, 1], [-52487, -72]]
[[1, 0], [0, 1], [-58239, -728]]
[[1, 0], [0, 1], [-58239, -80]]
[[1, 0], [0, 1], [-6471, -809]]
[[1, 0], [0, 1], [-6471, -8]]
[[1, 0], [0, 1], [-65429, -727]]
[[1, 0], [0, 1], [-65429, -90]]
[[1, 0], [0, 1], [-719, -10]]
[[1, 0], [0, 1], [-719, -120]]
[[1, 0], [0, 1], [-719, -12]]
[[1, 0], [0, 1], [-719, -144]]
[[1, 0], [0, 1], [-719, -15]]
[[1, 0], [0, 1], [-719, -16]]
[[1, 0], [0, 1], [-719, -180]]
[[1, 0], [0, 1], [-719, -18]]
[[1, 0], [0, 1], [-719, -1]]
[[1, 0], [0, 1], [-719, -20]]
[[1, 0], [0, 1], [-719, -240]]
[[1, 0], [0, 1], [-719, -24]]
[[1, 0], [0, 1], [-719, -2]]
[[1, 0], [0, 1], [-719, -30]]
[[1, 0], [0, 1], [-719, -360]]
[[1, 0], [0, 1], [-719, -36]]
[[1, 0], [0, 1], [-719, -3]]
[[1, 0], [0, 1], [-719, -40]]
[[1, 0], [0, 1], [-719, -45]]
[[1, 0], [0, 1], [-719, -48]]
[[1, 0], [0, 1], [-719, -4]]
[[1, 0], [0, 1], [-719, -5]]
[[1, 0], [0, 1], [-719, -60]]
[[1, 0], [0, 1], [-719, -6]]
[[1, 0], [0, 1], [-719, -72]]
[[1, 0], [0, 1], [-719, -80]]
[[1, 0], [0, 1], [-719, -8]]
[[1, 0], [0, 1], [-719, -90]]
[[1, 0], [0, 1], [-719, -9]]
[[1, 0], [0, 1], [-7190, -799]]
[[1, 0], [0, 1], [-7190, -9]]
[[1, 0], [0, 1], [-720, -719]]
[[1, 0], [0, 1], [-7909, -10]]
[[1, 0], [0, 1], [-7909, -791]]
[[1, 0], [0, 1], [-86999, -120]]
[[1, 0], [0, 1], [-86999, -725]]
[[1, 0], [0, 1], [-9347, -12]]
[[1, 0], [0, 1], [-9347, -246]]
[[1, 0], [0, 1], [-9347, -38]]
[[1, 0], [0, 1], [-9347, -779]]
[[1, 0], [1, 103], [-2883, -721]]
[[1, 0], [1, 103], [-720, -103]]
[[1, 0], [1, 104], [-363, -364]]
[[1, 0], [1, 10], [-11087, -144]]
[[1, 0], [1, 10], [-13679, -180]]
[[1, 0], [1, 10], [-1439, -10]]
[[1, 0], [1, 10], [-1583, -12]]
[[1, 0], [1, 10], [-1799, -15]]
[[1, 0], [1, 10], [-17999, -240]]
[[1, 0], [1, 10], [-1871, -16]]
[[1, 0], [1, 10], [-2015, -18]]
[[1, 0], [1, 10], [-2159, -20]]
[[1, 0], [1, 10], [-2447, -24]]
[[1, 0], [1, 10], [-26639, -360]]
[[1, 0], [1, 10], [-2879, -30]]
[[1, 0], [1, 10], [-295, -74]]
[[1, 0], [1, 10], [-3311, -36]]
[[1, 0], [1, 10], [-3599, -40]]
[[1, 0], [1, 10], [-3959, -45]]
[[1, 0], [1, 10], [-4175, -48]]
[[1, 0], [1, 10], [-5039, -60]]
[[1, 0], [1, 10], [-52559, -720]]
[[1, 0], [1, 10], [-5903, -72]]
[[1, 0], [1, 10], [-6479, -80]]
[[1, 0], [1, 10], [-7199, -90]]
[[1, 0], [1, 10], [-799, -800]]
[[1, 0], [1, 10], [-80, -81]]
[[1, 0], [1, 10], [-9359, -120]]
[[1, 0], [1, 11], [-137, -69]]
[[1, 0], [1, 11], [-72, -73]]
[[1, 0], [1, 11], [-725, -66]]
[[1, 0], [1, 11], [-791, -792]]
[[1, 0], [1, 120], [-1439, -120]]
[[1, 0], [1, 120], [-1583, -144]]
[[1, 0], [1, 120], [-1799, -180]]
[[1, 0], [1, 120], [-2159, -240]]
[[1, 0], [1, 120], [-2879, -360]]
[[1, 0], [1, 120], [-5039, -720]]
[[1, 0], [1, 121], [-725, -726]]
[[1, 0], [1, 12], [-11519, -180]]
[[1, 0], [1, 12], [-1439, -12]]
[[1, 0], [1, 12], [-15119, -240]]
[[1, 0], [1, 12], [-1619, -15]]
[[1, 0], [1, 12], [-1679, -16]]
[[1, 0], [1, 12], [-1799, -18]]
[[1, 0], [1, 12], [-1919, -20]]
[[1, 0], [1, 12], [-2159, -24]]
[[1, 0], [1, 12], [-22319, -360]]
[[1, 0], [1, 12], [-2519, -30]]
[[1, 0], [1, 12], [-2879, -36]]
[[1, 0], [1, 12], [-3119, -40]]
[[1, 0], [1, 12], [-3419, -45]]
[[1, 0], [1, 12], [-3599, -48]]
[[1, 0], [1, 12], [-4319, -60]]
[[1, 0], [1, 12], [-43919, -720]]
[[1, 0], [1, 12], [-5039, -72]]
[[1, 0], [1, 12], [-5519, -80]]
[[1, 0], [1, 12], [-6119, -90]]
[[1, 0], [1, 12], [-7919, -120]]
[[1, 0], [1, 12], [-914, -183]]
[[1, 0], [1, 12], [-9359, -144]]
[[1, 0], [1, 13], [-167, -14]]
[[1, 0], [1, 13], [-60, -61]]
[[1, 0], [1, 13], [-727, -104]]
[[1, 0], [1, 13], [-779, -780]]
[[1, 0], [1, 1438], [-3, -1438]]
[[1, 0], [1, 144], [-1439, -144]]
[[1, 0], [1, 144], [-1619, -180]]
[[1, 0], [1, 144], [-1919, -240]]
[[1, 0], [1, 144], [-2519, -360]]
[[1, 0], [1, 144], [-4319, -720]]
[[1, 0], [1, 145], [-724, -725]]
[[1, 0], [1, 14], [-2183, -364]]
[[1, 0], [1, 15], [-12239, -240]]
[[1, 0], [1, 15], [-1439, -15]]
[[1, 0], [1, 15], [-1487, -16]]
[[1, 0], [1, 15], [-1583, -18]]
[[1, 0], [1, 15], [-1679, -20]]
[[1, 0], [1, 15], [-17999, -360]]
[[1, 0], [1, 15], [-1871, -24]]
[[1, 0], [1, 15], [-195, -49]]
[[1, 0], [1, 15], [-2159, -30]]
[[1, 0], [1, 15], [-2447, -36]]
[[1, 0], [1, 15], [-2639, -40]]
[[1, 0], [1, 15], [-2879, -45]]
[[1, 0], [1, 15], [-3023, -48]]
[[1, 0], [1, 15], [-35279, -720]]
[[1, 0], [1, 15], [-3599, -60]]
[[1, 0], [1, 15], [-4175, -72]]
[[1, 0], [1, 15], [-4559, -80]]
[[1, 0], [1, 15], [-5039, -90]]
[[1, 0], [1, 15], [-6479, -120]]
[[1, 0], [1, 15], [-7631, -144]]
[[1, 0], [1, 15], [-9359, -180]]
[[1, 0], [1, 16], [-11519, -240]]
[[1, 0], [1, 16], [-1439, -16]]
[[1, 0], [1, 16], [-1529, -18]]
[[1, 0], [1, 16], [-1619, -20]]
[[1, 0], [1, 16], [-16919, -360]]
[[1, 0], [1, 16], [-1799, -24]]
[[1, 0], [1, 16], [-2069, -30]]
[[1, 0], [1, 16], [-2339, -36]]
[[1, 0], [1, 16], [-2519, -40]]
[[1, 0], [1, 16], [-2744, -45]]
[[1, 0], [1, 16], [-2879, -48]]
[[1, 0], [1, 16], [-33119, -720]]
[[1, 0], [1, 16], [-3419, -60]]
[[1, 0], [1, 16], [-3959, -72]]
[[1, 0], [1, 16], [-4319, -80]]
[[1, 0], [1, 16], [-4769, -90]]
[[1, 0], [1, 16], [-48, -49]]
[[1, 0], [1, 16], [-6119, -120]]
[[1, 0], [1, 16], [-7199, -144]]
[[1, 0], [1, 16], [-767, -768]]
[[1, 0], [1, 16], [-8819, -180]]
[[1, 0], [1, 17], [-214, -43]]
[[1, 0], [1, 17], [-45, -46]]
[[1, 0], [1, 17], [-764, -765]]
[[1, 0], [1, 180], [-1439, -180]]
[[1, 0], [1, 180], [-1679, -240]]
[[1, 0], [1, 180], [-2159, -360]]
[[1, 0], [1, 180], [-3599, -720]]
[[1, 0], [1, 181], [-723, -724]]
[[1, 0], [1, 18], [-10319, -240]]
[[1, 0], [1, 18], [-1439, -18]]
[[1, 0], [1, 18], [-15119, -360]]
[[1, 0], [1, 18], [-1519, -20]]
[[1, 0], [1, 18], [-1679, -24]]
[[1, 0], [1, 18], [-1919, -30]]
[[1, 0], [1, 18], [-2159, -36]]
[[1, 0], [1, 18], [-2319, -40]]
[[1, 0], [1, 18], [-2519, -45]]
[[1, 0], [1, 18], [-2639, -48]]
[[1, 0], [1, 18], [-29519, -720]]
[[1, 0], [1, 18], [-3119, -60]]
[[1, 0], [1, 18], [-3599, -72]]
[[1, 0], [1, 18], [-3919, -80]]
[[1, 0], [1, 18], [-4319, -90]]
[[1, 0], [1, 18], [-5519, -120]]
[[1, 0], [1, 18], [-6479, -144]]
[[1, 0], [1, 18], [-7919, -180]]
[[1, 0], [1, 19], [-40, -41]]
[[1, 0], [1, 19], [-721, -38]]
[[1, 0], [1, 19], [-759, -760]]
[[1, 0], [1, 19], [-9385, -722]]
[[1, 0], [1, 20], [-13679, -360]]
[[1, 0], [1, 20], [-1439, -20]]
[[1, 0], [1, 20], [-1583, -24]]
[[1, 0], [1, 20], [-1799, -30]]
[[1, 0], [1, 20], [-2015, -36]]
[[1, 0], [1, 20], [-2159, -40]]
[[1, 0], [1, 20], [-2339, -45]]
[[1, 0], [1, 20], [-2447, -48]]
[[1, 0], [1, 20], [-26639, -720]]
[[1, 0], [1, 20], [-2879, -60]]
[[1, 0], [1, 20], [-295, -148]]
[[1, 0], [1, 20], [-3311, -72]]
[[1, 0], [1, 20], [-3599, -80]]
[[1, 0], [1, 20], [-3959, -90]]
[[1, 0], [1, 20], [-5039, -120]]
[[1, 0], [1, 20], [-5903, -144]]
[[1, 0], [1, 20], [-7199, -180]]
[[1, 0], [1, 20], [-9359, -240]]
[[1, 0], [1, 2157], [-2, -2157]]
[[1, 0], [1, 21], [-36, -37]]
[[1, 0], [1, 21], [-755, -756]]
[[1, 0], [1, 22], [-1814, -363]]
[[1, 0], [1, 23], [-735, -368]]
[[1, 0], [1, 240], [-1439, -240]]
[[1, 0], [1, 240], [-1799, -360]]
[[1, 0], [1, 240], [-2879, -720]]
[[1, 0], [1, 241], [-722, -723]]
[[1, 0], [1, 24], [-11519, -360]]
[[1, 0], [1, 24], [-1439, -24]]
[[1, 0], [1, 24], [-1619, -30]]
[[1, 0], [1, 24], [-1799, -36]]
[[1, 0], [1, 24], [-1919, -40]]
[[1, 0], [1, 24], [-2069, -45]]
[[1, 0], [1, 24], [-2159, -48]]
[[1, 0], [1, 24], [-22319, -720]]
[[1, 0], [1, 24], [-2519, -60]]
[[1, 0], [1, 24], [-2879, -72]]
[[1, 0], [1, 24], [-3119, -80]]
[[1, 0], [1, 24], [-3419, -90]]
[[1, 0], [1, 24], [-4319, -120]]
[[1, 0], [1, 24], [-5039, -144]]
[[1, 0], [1, 24], [-6119, -180]]
[[1, 0], [1, 24], [-7919, -240]]
[[1, 0], [1, 25], [-260, -29]]
[[1, 0], [1, 25], [-30, -31]]
[[1, 0], [1, 25], [-3624, -725]]
[[1, 0], [1, 25], [-749, -750]]
[[1, 0], [1, 26], [-167, -28]]
[[1, 0], [1, 26], [-363, -91]]
[[1, 0], [1, 27], [-728, -243]]
[[1, 0], [1, 27], [-83, -84]]
[[1, 0], [1, 28], [-2183, -728]]
[[1, 0], [1, 29], [-724, -145]]
[[1, 0], [1, 2], [-1142, -127]]
[[1, 0], [1, 2], [-11519, -30]]
[[1, 0], [1, 2], [-130319, -360]]
[[1, 0], [1, 2], [-13679, -36]]
[[1, 0], [1, 2], [-1439, -1438]]
[[1, 0], [1, 2], [-1439, -2]]
[[1, 0], [1, 2], [-15119, -40]]
[[1, 0], [1, 2], [-16919, -45]]
[[1, 0], [1, 2], [-1799, -3]]
[[1, 0], [1, 2], [-17999, -48]]
[[1, 0], [1, 2], [-1814, -33]]
[[1, 0], [1, 2], [-2159, -4]]
[[1, 0], [1, 2], [-2183, -52]]
[[1, 0], [1, 2], [-22319, -60]]
[[1, 0], [1, 2], [-2519, -5]]
[[1, 0], [1, 2], [-2526, -19]]
[[1, 0], [1, 2], [-259919, -720]]
[[1, 0], [1, 2], [-26639, -72]]
[[1, 0], [1, 2], [-2879, -6]]
[[1, 0], [1, 2], [-29519, -80]]
[[1, 0], [1, 2], [-3287, -822]]
[[1, 0], [1, 2], [-33119, -90]]
[[1, 0], [1, 2], [-3599, -8]]
[[1, 0], [1, 2], [-363, -7]]
[[1, 0], [1, 2], [-3719, -248]]
[[1, 0], [1, 2], [-37751, -726]]
[[1, 0], [1, 2], [-3959, -9]]
[[1, 0], [1, 2], [-411, -103]]
[[1, 0], [1, 2], [-4319, -10]]
[[1, 0], [1, 2], [-43680, -361]]
[[1, 0], [1, 2], [-43919, -120]]
[[1, 0], [1, 2], [-5039, -12]]
[[1, 0], [1, 2], [-52559, -144]]
[[1, 0], [1, 2], [-6119, -15]]
[[1, 0], [1, 2], [-6479, -16]]
[[1, 0], [1, 2], [-65519, -180]]
[[1, 0], [1, 2], [-7199, -18]]
[[1, 0], [1, 2], [-720, -719]]
[[1, 0], [1, 2], [-735, -32]]
[[1, 0], [1, 2], [-767, -96]]
[[1, 0], [1, 2], [-7919, -20]]
[[1, 0], [1, 2], [-799, -160]]
[[1, 0], [1, 2], [-863, -288]]
[[1, 0], [1, 2], [-87119, -240]]
[[1, 0], [1, 2], [-9359, -24]]
[[1, 0], [1, 2], [-959, -480]]
[[1, 0], [1, 30], [-124, -125]]
[[1, 0], [1, 30], [-1439, -30]]
[[1, 0], [1, 30], [-1583, -36]]
[[1, 0], [1, 30], [-1679, -40]]
[[1, 0], [1, 30], [-1799, -45]]
[[1, 0], [1, 30], [-17999, -720]]
[[1, 0], [1, 30], [-1871, -48]]
[[1, 0], [1, 30], [-2159, -60]]
[[1, 0], [1, 30], [-2447, -72]]
[[1, 0], [1, 30], [-2639, -80]]
[[1, 0], [1, 30], [-2879, -90]]
[[1, 0], [1, 30], [-3599, -120]]
[[1, 0], [1, 30], [-4175, -144]]
[[1, 0], [1, 30], [-5039, -180]]
[[1, 0], [1, 30], [-6479, -240]]
[[1, 0], [1, 30], [-9359, -360]]
[[1, 0], [1, 31], [-743, -744]]
[[1, 0], [1, 33], [-483, -121]]
[[1, 0], [1, 360], [-1439, -360]]
[[1, 0], [1, 360], [-2159, -720]]
[[1, 0], [1, 361], [-721, -722]]
[[1, 0], [1, 36], [-1439, -36]]
[[1, 0], [1, 36], [-15119, -720]]
[[1, 0], [1, 36], [-1519, -40]]
[[1, 0], [1, 36], [-1619, -45]]
[[1, 0], [1, 36], [-1679, -48]]
[[1, 0], [1, 36], [-1919, -60]]
[[1, 0], [1, 36], [-2159, -72]]
[[1, 0], [1, 36], [-2319, -80]]
[[1, 0], [1, 36], [-2519, -90]]
[[1, 0], [1, 36], [-3119, -120]]
[[1, 0], [1, 36], [-3599, -144]]
[[1, 0], [1, 36], [-4319, -180]]
[[1, 0], [1, 36], [-5519, -240]]
[[1, 0], [1, 36], [-7919, -360]]
[[1, 0], [1, 37], [-739, -740]]
[[1, 0], [1, 38], [-2526, -361]]
[[1, 0], [1, 39], [-246, -247]]
[[1, 0], [1, 3], [-10319, -40]]
[[1, 0], [1, 3], [-1079, -1080]]
[[1, 0], [1, 3], [-11519, -45]]
[[1, 0], [1, 3], [-12239, -48]]
[[1, 0], [1, 3], [-1284, -257]]
[[1, 0], [1, 3], [-1439, -3]]
[[1, 0], [1, 3], [-14700, -241]]
[[1, 0], [1, 3], [-15119, -60]]
[[1, 0], [1, 3], [-1679, -4]]
[[1, 0], [1, 3], [-173519, -720]]
[[1, 0], [1, 3], [-17999, -72]]
[[1, 0], [1, 3], [-1919, -5]]
[[1, 0], [1, 3], [-19919, -80]]
[[1, 0], [1, 3], [-2159, -6]]
[[1, 0], [1, 3], [-22319, -90]]
[[1, 0], [1, 3], [-2240, -249]]
[[1, 0], [1, 3], [-246, -19]]
[[1, 0], [1, 3], [-2639, -8]]
[[1, 0], [1, 3], [-2879, -9]]
[[1, 0], [1, 3], [-29519, -120]]
[[1, 0], [1, 3], [-3119, -10]]
[[1, 0], [1, 3], [-35279, -144]]
[[1, 0], [1, 3], [-3599, -12]]
[[1, 0], [1, 3], [-360, -361]]
[[1, 0], [1, 3], [-3719, -372]]
[[1, 0], [1, 3], [-4319, -15]]
[[1, 0], [1, 3], [-43919, -180]]
[[1, 0], [1, 3], [-4559, -16]]
[[1, 0], [1, 3], [-4635, -244]]
[[1, 0], [1, 3], [-483, -11]]
[[1, 0], [1, 3], [-5039, -18]]
[[1, 0], [1, 3], [-523, -131]]
[[1, 0], [1, 3], [-5519, -20]]
[[1, 0], [1, 3], [-58319, -240]]
[[1, 0], [1, 3], [-6479, -24]]
[[1, 0], [1, 3], [-728, -27]]
[[1, 0], [1, 3], [-755, -108]]
[[1, 0], [1, 3], [-7919, -30]]
[[1, 0], [1, 3], [-809, -270]]
[[1, 0], [1, 3], [-8469, -242]]
[[1, 0], [1, 3], [-863, -432]]
[[1, 0], [1, 3], [-87119, -360]]
[[1, 0], [1, 3], [-9359, -36]]
[[1, 0], [1, 3], [-9593, -738]]
[[1, 0], [1, 40], [-13679, -720]]
[[1, 0], [1, 40], [-1439, -40]]
[[1, 0], [1, 40], [-1529, -45]]
[[1, 0], [1, 40], [-1583, -48]]
[[1, 0], [1, 40], [-1799, -60]]
[[1, 0], [1, 40], [-2015, -72]]
[[1, 0], [1, 40], [-2159, -80]]
[[1, 0], [1, 40], [-2339, -90]]
[[1, 0], [1, 40], [-2879, -120]]
[[1, 0], [1, 40], [-3311, -144]]
[[1, 0], [1, 40], [-3959, -180]]
[[1, 0], [1, 40], [-5039, -240]]
[[1, 0], [1, 40], [-7199, -360]]
[[1, 0], [1, 41], [-737, -738]]
[[1, 0], [1, 45], [-12239, -720]]
[[1, 0], [1, 45], [-1439, -45]]
[[1, 0], [1, 45], [-1487, -48]]
[[1, 0], [1, 45], [-1679, -60]]
[[1, 0], [1, 45], [-1871, -72]]
[[1, 0], [1, 45], [-1999, -80]]
[[1, 0], [1, 45], [-2159, -90]]
[[1, 0], [1, 45], [-2639, -120]]
[[1, 0], [1, 45], [-3023, -144]]
[[1, 0], [1, 45], [-3599, -180]]
[[1, 0], [1, 45], [-4559, -240]]
[[1, 0], [1, 45], [-6479, -360]]
[[1, 0], [1, 46], [-735, -736]]
[[1, 0], [1, 48], [-11519, -720]]
[[1, 0], [1, 48], [-1439, -48]]
[[1, 0], [1, 48], [-1619, -60]]
[[1, 0], [1, 48], [-1799, -72]]
[[1, 0], [1, 48], [-1919, -80]]
[[1, 0], [1, 48], [-2069, -90]]
[[1, 0], [1, 48], [-2519, -120]]
[[1, 0], [1, 48], [-2879, -144]]
[[1, 0], [1, 48], [-3419, -180]]
[[1, 0], [1, 48], [-4319, -240]]
[[1, 0], [1, 48], [-6119, -360]]
[[1, 0], [1, 49], [-734, -735]]
[[1, 0], [1, 4], [-11519, -60]]
[[1, 0], [1, 4], [-130319, -720]]
[[1, 0], [1, 4], [-13679, -72]]
[[1, 0], [1, 4], [-1439, -4]]
[[1, 0], [1, 4], [-15119, -80]]
[[1, 0], [1, 4], [-1619, -5]]
[[1, 0], [1, 4], [-1664, -185]]
[[1, 0], [1, 4], [-16919, -90]]
[[1, 0], [1, 4], [-1799, -6]]
[[1, 0], [1, 4], [-2159, -8]]
[[1, 0], [1, 4], [-2183, -104]]
[[1, 0], [1, 4], [-22319, -120]]
[[1, 0], [1, 4], [-2339, -9]]
[[1, 0], [1, 4], [-240, -241]]
[[1, 0], [1, 4], [-2519, -10]]
[[1, 0], [1, 4], [-26639, -144]]
[[1, 0], [1, 4], [-2879, -12]]
[[1, 0], [1, 4], [-33119, -180]]
[[1, 0], [1, 4], [-3419, -15]]
[[1, 0], [1, 4], [-3599, -16]]
[[1, 0], [1, 4], [-363, -14]]
[[1, 0], [1, 4], [-3959, -18]]
[[1, 0], [1, 4], [-411, -206]]
[[1, 0], [1, 4], [-4319, -20]]
[[1, 0], [1, 4], [-43919, -240]]
[[1, 0], [1, 4], [-5039, -24]]
[[1, 0], [1, 4], [-6119, -30]]
[[1, 0], [1, 4], [-65519, -360]]
[[1, 0], [1, 4], [-6696, -181]]
[[1, 0], [1, 4], [-7199, -36]]
[[1, 0], [1, 4], [-767, -192]]
[[1, 0], [1, 4], [-7919, -40]]
[[1, 0], [1, 4], [-8819, -45]]
[[1, 0], [1, 4], [-914, -61]]
[[1, 0], [1, 4], [-9359, -48]]
[[1, 0], [1, 4], [-959, -960]]
[[1, 0], [1, 52], [-167, -56]]
[[1, 0], [1, 52], [-363, -182]]
[[1, 0], [1, 5], [-104399, -720]]
[[1, 0], [1, 5], [-11087, -72]]
[[1, 0], [1, 5], [-12239, -80]]
[[1, 0], [1, 5], [-13679, -90]]
[[1, 0], [1, 5], [-1439, -5]]
[[1, 0], [1, 5], [-1583, -6]]
[[1, 0], [1, 5], [-17999, -120]]
[[1, 0], [1, 5], [-180, -181]]
[[1, 0], [1, 5], [-1871, -8]]
[[1, 0], [1, 5], [-2015, -9]]
[[1, 0], [1, 5], [-21455, -144]]
[[1, 0], [1, 5], [-2159, -10]]
[[1, 0], [1, 5], [-2447, -12]]
[[1, 0], [1, 5], [-26639, -180]]
[[1, 0], [1, 5], [-2879, -15]]
[[1, 0], [1, 5], [-295, -37]]
[[1, 0], [1, 5], [-3023, -16]]
[[1, 0], [1, 5], [-3311, -18]]
[[1, 0], [1, 5], [-35279, -240]]
[[1, 0], [1, 5], [-3599, -20]]
[[1, 0], [1, 5], [-3624, -145]]
[[1, 0], [1, 5], [-4175, -24]]
[[1, 0], [1, 5], [-5039, -30]]
[[1, 0], [1, 5], [-52559, -360]]
[[1, 0], [1, 5], [-5903, -36]]
[[1, 0], [1, 5], [-6479, -40]]
[[1, 0], [1, 5], [-7199, -45]]
[[1, 0], [1, 5], [-724, -25]]
[[1, 0], [1, 5], [-749, -150]]
[[1, 0], [1, 5], [-7631, -48]]
[[1, 0], [1, 5], [-799, -400]]
[[1, 0], [1, 5], [-899, -900]]
[[1, 0], [1, 5], [-9359, -60]]
[[1, 0], [1, 60], [-1439, -60]]
[[1, 0], [1, 60], [-1583, -72]]
[[1, 0], [1, 60], [-1679, -80]]
[[1, 0], [1, 60], [-1799, -90]]
[[1, 0], [1, 60], [-2159, -120]]
[[1, 0], [1, 60], [-2447, -144]]
[[1, 0], [1, 60], [-2879, -180]]
[[1, 0], [1, 60], [-3599, -240]]
[[1, 0], [1, 60], [-5039, -360]]
[[1, 0], [1, 60], [-9359, -720]]
[[1, 0], [1, 61], [-731, -732]]
[[1, 0], [1, 66], [-483, -242]]
[[1, 0], [1, 6], [-10319, -80]]
[[1, 0], [1, 6], [-1142, -381]]
[[1, 0], [1, 6], [-11519, -90]]
[[1, 0], [1, 6], [-124, -25]]
[[1, 0], [1, 6], [-1439, -6]]
[[1, 0], [1, 6], [-144, -145]]
[[1, 0], [1, 6], [-15119, -120]]
[[1, 0], [1, 6], [-1679, -8]]
[[1, 0], [1, 6], [-1799, -9]]
[[1, 0], [1, 6], [-17999, -144]]
[[1, 0], [1, 6], [-1919, -10]]
[[1, 0], [1, 6], [-2159, -12]]
[[1, 0], [1, 6], [-22319, -180]]
[[1, 0], [1, 6], [-2519, -15]]
[[1, 0], [1, 6], [-2639, -16]]
[[1, 0], [1, 6], [-2879, -18]]
[[1, 0], [1, 6], [-29519, -240]]
[[1, 0], [1, 6], [-3119, -20]]
[[1, 0], [1, 6], [-3599, -24]]
[[1, 0], [1, 6], [-3719, -744]]
[[1, 0], [1, 6], [-4319, -30]]
[[1, 0], [1, 6], [-43919, -360]]
[[1, 0], [1, 6], [-483, -22]]
[[1, 0], [1, 6], [-5039, -36]]
[[1, 0], [1, 6], [-523, -262]]
[[1, 0], [1, 6], [-5519, -40]]
[[1, 0], [1, 6], [-6119, -45]]
[[1, 0], [1, 6], [-6479, -48]]
[[1, 0], [1, 6], [-7919, -60]]
[[1, 0], [1, 6], [-863, -864]]
[[1, 0], [1, 6], [-87119, -720]]
[[1, 0], [1, 6], [-9359, -72]]
[[1, 0], [1, 719], [-2, -719]]
[[1, 0], [1, 719], [-3, -719]]
[[1, 0], [1, 719], [-5, -1438]]
[[1, 0], [1, 720], [-1439, -720]]
[[1, 0], [1, 721], [-720, -721]]
[[1, 0], [1, 72], [-1439, -72]]
[[1, 0], [1, 72], [-1519, -80]]
[[1, 0], [1, 72], [-1619, -90]]
[[1, 0], [1, 72], [-1919, -120]]
[[1, 0], [1, 72], [-2159, -144]]
[[1, 0], [1, 72], [-2519, -180]]
[[1, 0], [1, 72], [-3119, -240]]
[[1, 0], [1, 72], [-4319, -360]]
[[1, 0], [1, 72], [-7919, -720]]
[[1, 0], [1, 73], [-729, -730]]
[[1, 0], [1, 7], [-120, -121]]
[[1, 0], [1, 7], [-2183, -182]]
[[1, 0], [1, 7], [-37491, -721]]
[[1, 0], [1, 7], [-5664, -103]]
[[1, 0], [1, 7], [-720, -7]]
[[1, 0], [1, 7], [-727, -56]]
[[1, 0], [1, 7], [-734, -105]]
[[1, 0], [1, 7], [-755, -252]]
[[1, 0], [1, 7], [-839, -840]]
[[1, 0], [1, 80], [-1439, -80]]
[[1, 0], [1, 80], [-1529, -90]]
[[1, 0], [1, 80], [-1799, -120]]
[[1, 0], [1, 80], [-2015, -144]]
[[1, 0], [1, 80], [-2339, -180]]
[[1, 0], [1, 80], [-2879, -240]]
[[1, 0], [1, 80], [-3959, -360]]
[[1, 0], [1, 80], [-7199, -720]]
[[1, 0], [1, 81], [-728, -729]]
[[1, 0], [1, 8], [-1000, -91]]
[[1, 0], [1, 8], [-11519, -120]]
[[1, 0], [1, 8], [-13679, -144]]
[[1, 0], [1, 8], [-1439, -8]]
[[1, 0], [1, 8], [-1529, -9]]
[[1, 0], [1, 8], [-1619, -10]]
[[1, 0], [1, 8], [-16919, -180]]
[[1, 0], [1, 8], [-1799, -12]]
[[1, 0], [1, 8], [-2069, -15]]
[[1, 0], [1, 8], [-2159, -16]]
[[1, 0], [1, 8], [-22319, -240]]
[[1, 0], [1, 8], [-2339, -18]]
[[1, 0], [1, 8], [-2519, -20]]
[[1, 0], [1, 8], [-2879, -24]]
[[1, 0], [1, 8], [-33119, -360]]
[[1, 0], [1, 8], [-3419, -30]]
[[1, 0], [1, 8], [-363, -28]]
[[1, 0], [1, 8], [-3959, -36]]
[[1, 0], [1, 8], [-411, -412]]
[[1, 0], [1, 8], [-4319, -40]]
[[1, 0], [1, 8], [-4769, -45]]
[[1, 0], [1, 8], [-5039, -48]]
[[1, 0], [1, 8], [-6119, -60]]
[[1, 0], [1, 8], [-65519, -720]]
[[1, 0], [1, 8], [-7199, -72]]
[[1, 0], [1, 8], [-767, -384]]
[[1, 0], [1, 8], [-7919, -80]]
[[1, 0], [1, 8], [-8819, -90]]
[[1, 0], [1, 90], [-1439, -90]]
[[1, 0], [1, 90], [-1679, -120]]
[[1, 0], [1, 90], [-1871, -144]]
[[1, 0], [1, 90], [-2159, -180]]
[[1, 0], [1, 90], [-2639, -240]]
[[1, 0], [1, 90], [-3599, -360]]
[[1, 0], [1, 90], [-6479, -720]]
[[1, 0], [1, 91], [-727, -728]]
[[1, 0], [1, 9], [-10319, -120]]
[[1, 0], [1, 9], [-12239, -144]]
[[1, 0], [1, 9], [-1439, -9]]
[[1, 0], [1, 9], [-15119, -180]]
[[1, 0], [1, 9], [-1519, -10]]
[[1, 0], [1, 9], [-1679, -12]]
[[1, 0], [1, 9], [-1919, -15]]
[[1, 0], [1, 9], [-19919, -240]]
[[1, 0], [1, 9], [-1999, -16]]
[[1, 0], [1, 9], [-2159, -18]]
[[1, 0], [1, 9], [-2240, -747]]
[[1, 0], [1, 9], [-2319, -20]]
[[1, 0], [1, 9], [-2639, -24]]
[[1, 0], [1, 9], [-29519, -360]]
[[1, 0], [1, 9], [-3119, -30]]
[[1, 0], [1, 9], [-3599, -36]]
[[1, 0], [1, 9], [-3919, -40]]
[[1, 0], [1, 9], [-4319, -45]]
[[1, 0], [1, 9], [-4559, -48]]
[[1, 0], [1, 9], [-5519, -60]]
[[1, 0], [1, 9], [-58319, -720]]
[[1, 0], [1, 9], [-6479, -72]]
[[1, 0], [1, 9], [-7119, -80]]
[[1, 0], [1, 9], [-728, -81]]
[[1, 0], [1, 9], [-7919, -90]]
[[1, 0], [1, 9], [-809, -810]]
[[1, 0], [1, 9], [-83, -28]]
[[1, 0], [1, 9], [-90, -91]]
[[1, 0], [10, 2157], [-11, -2157]]
[[1, 0], [10, 719], [-11, -719]]
[[1, 0], [10, 719], [-12, -719]]
[[1, 0], [10, 719], [-23, -1438]]
[[1, 0], [100, 2157], [-101, -2157]]
[[1, 0], [100, 719], [-101, -719]]
[[1, 0], [100, 719], [-102, -719]]
[[1, 0], [100, 719], [-203, -1438]]
[[1, 0], [101, 1438], [-103, -1438]]
[[1, 0], [101, 719], [-102, -719]]
[[1, 0], [101, 719], [-103, -719]]
[[1, 0], [101, 719], [-205, -1438]]
[[1, 0], [102, 719], [-103, -719]]
[[1, 0], [102, 719], [-104, -719]]
[[1, 0], [102, 719], [-207, -1438]]
[[1, 0], [103, 1438], [-105, -1438]]
[[1, 0], [103, 2157], [-104, -2157]]
[[1, 0], [103, 719], [-104, -719]]
[[1, 0], [103, 719], [-105, -719]]
[[1, 0], [103, 719], [-209, -1438]]
[[1, 0], [104, 719], [-105, -719]]
[[1, 0], [104, 719], [-106, -719]]
[[1, 0], [104, 719], [-211, -1438]]
[[1, 0], [105, 1438], [-107, -1438]]
[[1, 0], [105, 719], [-106, -719]]
[[1, 0], [105, 719], [-107, -719]]
[[1, 0], [105, 719], [-213, -1438]]
[[1, 0], [106, 2157], [-107, -2157]]
[[1, 0], [106, 719], [-107, -719]]
[[1, 0], [106, 719], [-108, -719]]
[[1, 0], [106, 719], [-215, -1438]]
[[1, 0], [107, 1438], [-109, -1438]]
[[1, 0], [107, 719], [-108, -719]]
[[1, 0], [107, 719], [-109, -719]]
[[1, 0], [107, 719], [-217, -1438]]
[[1, 0], [108, 719], [-109, -719]]
[[1, 0], [108, 719], [-110, -719]]
[[1, 0], [108, 719], [-219, -1438]]
[[1, 0], [109, 1438], [-111, -1438]]
[[1, 0], [109, 2157], [-110, -2157]]
[[1, 0], [109, 719], [-110, -719]]
[[1, 0], [109, 719], [-111, -719]]
[[1, 0], [109, 719], [-221, -1438]]
[[1, 0], [11, 1438], [-13, -1438]]
[[1, 0], [11, 719], [-12, -719]]
[[1, 0], [11, 719], [-13, -719]]
[[1, 0], [11, 719], [-25, -1438]]
[[1, 0], [110, 719], [-111, -719]]
[[1, 0], [110, 719], [-112, -719]]
[[1, 0], [110, 719], [-223, -1438]]
[[1, 0], [111, 1438], [-113, -1438]]
[[1, 0], [111, 719], [-112, -719]]
[[1, 0], [111, 719], [-113, -719]]
[[1, 0], [111, 719], [-225, -1438]]
[[1, 0], [112, 2157], [-113, -2157]]
[[1, 0], [112, 719], [-114, -719]]
[[1, 0], [112, 719], [-227, -1438]]
[[1, 0], [113, 1438], [-115, -1438]]
[[1, 0], [113, 719], [-115, -719]]
[[1, 0], [113, 719], [-229, -1438]]
[[1, 0], [114, 719], [-116, -719]]
[[1, 0], [114, 719], [-231, -1438]]
[[1, 0], [115, 1438], [-117, -1438]]
[[1, 0], [115, 2157], [-116, -2157]]
[[1, 0], [115, 719], [-117, -719]]
[[1, 0], [115, 719], [-233, -1438]]
[[1, 0], [116, 719], [-118, -719]]
[[1, 0], [116, 719], [-235, -1438]]
[[1, 0], [117, 1438], [-119, -1438]]
[[1, 0], [117, 719], [-118, -719]]
[[1, 0], [117, 719], [-119, -719]]
[[1, 0], [117, 719], [-237, -1438]]
[[1, 0], [118, 2157], [-119, -2157]]
[[1, 0], [118, 719], [-119, -719]]
[[1, 0], [118, 719], [-120, -719]]
[[1, 0], [118, 719], [-239, -1438]]
[[1, 0], [119, 1438], [-121, -1438]]
[[1, 0], [119, 719], [-121, -719]]
[[1, 0], [119, 719], [-241, -1438]]
[[1, 0], [12, 719], [-13, -719]]
[[1, 0], [12, 719], [-14, -719]]
[[1, 0], [12, 719], [-27, -1438]]
[[1, 0], [120, 719], [-122, -719]]
[[1, 0], [120, 719], [-243, -1438]]
[[1, 0], [121, 1438], [-123, -1438]]
[[1, 0], [121, 2157], [-122, -2157]]
[[1, 0], [121, 719], [-122, -719]]
[[1, 0], [121, 719], [-123, -719]]
[[1, 0], [121, 719], [-245, -1438]]
[[1, 0], [122, 719], [-124, -719]]
[[1, 0], [122, 719], [-247, -1438]]
[[1, 0], [123, 1438], [-125, -1438]]
[[1, 0], [123, 719], [-125, -719]]
[[1, 0], [123, 719], [-249, -1438]]
[[1, 0], [124, 2157], [-125, -2157]]
[[1, 0], [124, 719], [-126, -719]]
[[1, 0], [124, 719], [-251, -1438]]
[[1, 0], [125, 1438], [-127, -1438]]
[[1, 0], [125, 719], [-127, -719]]
[[1, 0], [125, 719], [-253, -1438]]
[[1, 0], [126, 719], [-128, -719]]
[[1, 0], [126, 719], [-255, -1438]]
[[1, 0], [127, 1438], [-129, -1438]]
[[1, 0], [127, 2157], [-128, -2157]]
[[1, 0], [127, 719], [-128, -719]]
[[1, 0], [127, 719], [-129, -719]]
[[1, 0], [127, 719], [-257, -1438]]
[[1, 0], [128, 719], [-129, -719]]
[[1, 0], [128, 719], [-130, -719]]
[[1, 0], [128, 719], [-259, -1438]]
[[1, 0], [129, 1438], [-131, -1438]]
[[1, 0], [129, 719], [-130, -719]]
[[1, 0], [129, 719], [-131, -719]]
[[1, 0], [129, 719], [-261, -1438]]
[[1, 0], [1294, 2157], [-1295, -2157]]
[[1, 0], [13, 1438], [-15, -1438]]
[[1, 0], [13, 2157], [-14, -2157]]
[[1, 0], [13, 719], [-14, -719]]
[[1, 0], [13, 719], [-15, -719]]
[[1, 0], [13, 719], [-29, -1438]]
[[1, 0], [130, 2157], [-131, -2157]]
[[1, 0], [130, 719], [-131, -719]]
[[1, 0], [130, 719], [-132, -719]]
[[1, 0], [130, 719], [-263, -1438]]
[[1, 0], [131, 1438], [-133, -1438]]
[[1, 0], [131, 719], [-132, -719]]
[[1, 0], [131, 719], [-133, -719]]
[[1, 0], [131, 719], [-265, -1438]]
[[1, 0], [132, 719], [-133, -719]]
[[1, 0], [132, 719], [-134, -719]]
[[1, 0], [132, 719], [-267, -1438]]
[[1, 0], [133, 1438], [-135, -1438]]
[[1, 0], [133, 2157], [-134, -2157]]
[[1, 0], [133, 719], [-134, -719]]
[[1, 0], [133, 719], [-135, -719]]
[[1, 0], [133, 719], [-269, -1438]]
[[1, 0], [134, 719], [-135, -719]]
[[1, 0], [134, 719], [-136, -719]]
[[1, 0], [134, 719], [-271, -1438]]
[[1, 0], [135, 1438], [-137, -1438]]
[[1, 0], [135, 719], [-137, -719]]
[[1, 0], [135, 719], [-273, -1438]]
[[1, 0], [136, 2157], [-137, -2157]]
[[1, 0], [136, 719], [-138, -719]]
[[1, 0], [136, 719], [-275, -1438]]
[[1, 0], [137, 1438], [-139, -1438]]
[[1, 0], [137, 719], [-139, -719]]
[[1, 0], [137, 719], [-277, -1438]]
[[1, 0], [138, 719], [-140, -719]]
[[1, 0], [138, 719], [-279, -1438]]
[[1, 0], [139, 1438], [-141, -1438]]
[[1, 0], [139, 2157], [-140, -2157]]
[[1, 0], [139, 719], [-140, -719]]
[[1, 0], [139, 719], [-141, -719]]
[[1, 0], [139, 719], [-281, -1438]]
[[1, 0], [14, 719], [-15, -719]]
[[1, 0], [14, 719], [-16, -719]]
[[1, 0], [14, 719], [-31, -1438]]
[[1, 0], [140, 719], [-142, -719]]
[[1, 0], [140, 719], [-283, -1438]]
[[1, 0], [141, 1438], [-143, -1438]]
[[1, 0], [141, 719], [-143, -719]]
[[1, 0], [141, 719], [-285, -1438]]
[[1, 0], [142, 2157], [-143, -2157]]
[[1, 0], [142, 719], [-143, -719]]
[[1, 0], [142, 719], [-144, -719]]
[[1, 0], [142, 719], [-287, -1438]]
[[1, 0], [143, 1438], [-145, -1438]]
[[1, 0], [143, 719], [-145, -719]]
[[1, 0], [143, 719], [-289, -1438]]
[[1, 0], [1431, 1438], [-1433, -1438]]
[[1, 0], [1437, 1438], [-1439, -1438]]
[[1, 0], [144, 719], [-146, -719]]
[[1, 0], [144, 719], [-291, -1438]]
[[1, 0], [145, 1438], [-147, -1438]]
[[1, 0], [145, 719], [-147, -719]]
[[1, 0], [145, 719], [-293, -1438]]
[[1, 0], [146, 719], [-147, -719]]
[[1, 0], [146, 719], [-148, -719]]
[[1, 0], [146, 719], [-295, -1438]]
[[1, 0], [147, 1438], [-149, -1438]]
[[1, 0], [147, 719], [-149, -719]]
[[1, 0], [147, 719], [-297, -1438]]
[[1, 0], [148, 2157], [-149, -2157]]
[[1, 0], [148, 719], [-150, -719]]
[[1, 0], [148, 719], [-299, -1438]]
[[1, 0], [149, 1438], [-151, -1438]]
[[1, 0], [149, 719], [-151, -719]]
[[1, 0], [149, 719], [-301, -1438]]
[[1, 0], [15, 1438], [-17, -1438]]
[[1, 0], [15, 719], [-16, -719]]
[[1, 0], [15, 719], [-17, -719]]
[[1, 0], [15, 719], [-33, -1438]]
[[1, 0], [150, 719], [-152, -719]]
[[1, 0], [150, 719], [-303, -1438]]
[[1, 0], [151, 1438], [-153, -1438]]
[[1, 0], [151, 719], [-153, -719]]
[[1, 0], [151, 719], [-305, -1438]]
[[1, 0], [152, 719], [-154, -719]]
[[1, 0], [152, 719], [-307, -1438]]
[[1, 0], [153, 1438], [-155, -1438]]
[[1, 0], [153, 719], [-155, -719]]
[[1, 0], [153, 719], [-309, -1438]]
[[1, 0], [154, 719], [-156, -719]]
[[1, 0], [154, 719], [-311, -1438]]
[[1, 0], [155, 1438], [-157, -1438]]
[[1, 0], [155, 719], [-157, -719]]
[[1, 0], [155, 719], [-313, -1438]]
[[1, 0], [156, 719], [-158, -719]]
[[1, 0], [156, 719], [-315, -1438]]
[[1, 0], [157, 1438], [-159, -1438]]
[[1, 0], [157, 2157], [-158, -2157]]
[[1, 0], [157, 719], [-158, -719]]
[[1, 0], [157, 719], [-159, -719]]
[[1, 0], [157, 719], [-317, -1438]]
[[1, 0], [158, 719], [-160, -719]]
[[1, 0], [158, 719], [-319, -1438]]
[[1, 0], [159, 1438], [-161, -1438]]
[[1, 0], [159, 719], [-161, -719]]
[[1, 0], [159, 719], [-321, -1438]]
[[1, 0], [16, 2157], [-17, -2157]]
[[1, 0], [16, 719], [-17, -719]]
[[1, 0], [16, 719], [-18, -719]]
[[1, 0], [16, 719], [-35, -1438]]
[[1, 0], [160, 2157], [-161, -2157]]
[[1, 0], [160, 719], [-161, -719]]
[[1, 0], [160, 719], [-162, -719]]
[[1, 0], [160, 719], [-323, -1438]]
[[1, 0], [161, 1438], [-163, -1438]]
[[1, 0], [161, 719], [-162, -719]]
[[1, 0], [161, 719], [-163, -719]]
[[1, 0], [161, 719], [-325, -1438]]
[[1, 0], [162, 719], [-163, -719]]
[[1, 0], [162, 719], [-164, -719]]
[[1, 0], [162, 719], [-327, -1438]]
[[1, 0], [163, 1438], [-165, -1438]]
[[1, 0], [163, 2157], [-164, -2157]]
[[1, 0], [163, 719], [-165, -719]]
[[1, 0], [163, 719], [-329, -1438]]
[[1, 0], [164, 719], [-166, -719]]
[[1, 0], [164, 719], [-331, -1438]]
[[1, 0], [165, 1438], [-167, -1438]]
[[1, 0], [165, 719], [-167, -719]]
[[1, 0], [165, 719], [-333, -1438]]
[[1, 0], [166, 719], [-168, -719]]
[[1, 0], [166, 719], [-335, -1438]]
[[1, 0], [167, 1438], [-169, -1438]]
[[1, 0], [167, 719], [-169, -719]]
[[1, 0], [167, 719], [-337, -1438]]
[[1, 0], [168, 719], [-170, -719]]
[[1, 0], [168, 719], [-339, -1438]]
[[1, 0], [169, 1438], [-171, -1438]]
[[1, 0], [169, 2157], [-170, -2157]]
[[1, 0], [169, 719], [-170, -719]]
[[1, 0], [169, 719], [-171, -719]]
[[1, 0], [169, 719], [-341, -1438]]
[[1, 0], [17, 1438], [-19, -1438]]
[[1, 0], [17, 719], [-18, -719]]
[[1, 0], [17, 719], [-19, -719]]
[[1, 0], [17, 719], [-37, -1438]]
[[1, 0], [170, 719], [-171, -719]]
[[1, 0], [170, 719], [-172, -719]]
[[1, 0], [170, 719], [-343, -1438]]
[[1, 0], [171, 1438], [-173, -1438]]
[[1, 0], [171, 719], [-172, -719]]
[[1, 0], [171, 719], [-173, -719]]
[[1, 0], [171, 719], [-345, -1438]]
[[1, 0], [172, 2157], [-173, -2157]]
[[1, 0], [172, 719], [-174, -719]]
[[1, 0], [172, 719], [-347, -1438]]
[[1, 0], [173, 1438], [-175, -1438]]
[[1, 0], [173, 719], [-175, -719]]
[[1, 0], [173, 719], [-349, -1438]]
[[1, 0], [174, 719], [-175, -719]]
[[1, 0], [174, 719], [-176, -719]]
[[1, 0], [174, 719], [-351, -1438]]
[[1, 0], [175, 1438], [-177, -1438]]
[[1, 0], [175, 2157], [-176, -2157]]
[[1, 0], [175, 719], [-176, -719]]
[[1, 0], [175, 719], [-177, -719]]
[[1, 0], [175, 719], [-353, -1438]]
[[1, 0], [176, 719], [-178, -719]]
[[1, 0], [176, 719], [-355, -1438]]
[[1, 0], [177, 1438], [-179, -1438]]
[[1, 0], [177, 719], [-179, -719]]
[[1, 0], [177, 719], [-357, -1438]]
[[1, 0], [178, 2157], [-179, -2157]]
[[1, 0], [178, 719], [-179, -719]]
[[1, 0], [178, 719], [-180, -719]]
[[1, 0], [178, 719], [-359, -1438]]
[[1, 0], [179, 1438], [-181, -1438]]
[[1, 0], [179, 719], [-181, -719]]
[[1, 0], [179, 719], [-361, -1438]]
[[1, 0], [18, 719], [-19, -719]]
[[1, 0], [18, 719], [-20, -719]]
[[1, 0], [18, 719], [-39, -1438]]
[[1, 0], [180, 719], [-182, -719]]
[[1, 0], [180, 719], [-363, -1438]]
[[1, 0], [181, 1438], [-183, -1438]]
[[1, 0], [181, 719], [-183, -719]]
[[1, 0], [181, 719], [-365, -1438]]
[[1, 0], [182, 719], [-184, -719]]
[[1, 0], [182, 719], [-367, -1438]]
[[1, 0], [183, 1438], [-185, -1438]]
[[1, 0], [183, 719], [-185, -719]]
[[1, 0], [183, 719], [-369, -1438]]
[[1, 0], [184, 2157], [-185, -2157]]
[[1, 0], [184, 719], [-186, -719]]
[[1, 0], [184, 719], [-371, -1438]]
[[1, 0], [185, 1438], [-187, -1438]]
[[1, 0], [185, 719], [-187, -719]]
[[1, 0], [185, 719], [-373, -1438]]
[[1, 0], [186, 719], [-187, -719]]
[[1, 0], [186, 719], [-188, -719]]
[[1, 0], [186, 719], [-375, -1438]]
[[1, 0], [187, 1438], [-189, -1438]]
[[1, 0], [187, 2157], [-188, -2157]]
[[1, 0], [187, 719], [-188, -719]]
[[1, 0], [187, 719], [-189, -719]]
[[1, 0], [187, 719], [-377, -1438]]
[[1, 0], [188, 719], [-190, -719]]
[[1, 0], [188, 719], [-379, -1438]]
[[1, 0], [189, 1438], [-191, -1438]]
[[1, 0], [189, 719], [-191, -719]]
[[1, 0], [189, 719], [-381, -1438]]
[[1, 0], [19, 1438], [-21, -1438]]
[[1, 0], [19, 2157], [-20, -2157]]
[[1, 0], [19, 719], [-20, -719]]
[[1, 0], [19, 719], [-21, -719]]
[[1, 0], [19, 719], [-41, -1438]]
[[1, 0], [190, 2157], [-191, -2157]]
[[1, 0], [190, 719], [-192, -719]]
[[1, 0], [190, 719], [-383, -1438]]
[[1, 0], [191, 1438], [-193, -1438]]
[[1, 0], [191, 719], [-193, -719]]
[[1, 0], [191, 719], [-385, -1438]]
[[1, 0], [192, 719], [-194, -719]]
[[1, 0], [192, 719], [-387, -1438]]
[[1, 0], [193, 1438], [-195, -1438]]
[[1, 0], [193, 719], [-195, -719]]
[[1, 0], [193, 719], [-389, -1438]]
[[1, 0], [194, 719], [-196, -719]]
[[1, 0], [194, 719], [-391, -1438]]
[[1, 0], [195, 1438], [-197, -1438]]
[[1, 0], [195, 719], [-197, -719]]
[[1, 0], [195, 719], [-393, -1438]]
[[1, 0], [196, 719], [-198, -719]]
[[1, 0], [196, 719], [-395, -1438]]
[[1, 0], [197, 1438], [-199, -1438]]
[[1, 0], [197, 719], [-199, -719]]
[[1, 0], [197, 719], [-397, -1438]]
[[1, 0], [198, 719], [-200, -719]]
[[1, 0], [198, 719], [-399, -1438]]
[[1, 0], [199, 1438], [-201, -1438]]
[[1, 0], [199, 2157], [-200, -2157]]
[[1, 0], [199, 719], [-201, -719]]
[[1, 0], [199, 719], [-401, -1438]]
[[1, 0], [2, 719], [-3, -719]]
[[1, 0], [2, 719], [-4, -719]]
[[1, 0], [2, 719], [-7, -1438]]
[[1, 0], [20, 719], [-21, -719]]
[[1, 0], [20, 719], [-22, -719]]
[[1, 0], [20, 719], [-43, -1438]]
[[1, 0], [200, 719], [-202, -719]]
[[1, 0], [200, 719], [-403, -1438]]
[[1, 0], [201, 1438], [-203, -1438]]
[[1, 0], [201, 719], [-203, -719]]
[[1, 0], [201, 719], [-405, -1438]]
[[1, 0], [202, 719], [-204, -719]]
[[1, 0], [202, 719], [-407, -1438]]
[[1, 0], [203, 1438], [-205, -1438]]
[[1, 0], [203, 719], [-205, -719]]
[[1, 0], [203, 719], [-409, -1438]]
[[1, 0], [204, 719], [-205, -719]]
[[1, 0], [204, 719], [-206, -719]]
[[1, 0], [204, 719], [-411, -1438]]
[[1, 0], [205, 1438], [-207, -1438]]
[[1, 0], [205, 719], [-207, -719]]
[[1, 0], [205, 719], [-413, -1438]]
[[1, 0], [206, 719], [-208, -719]]
[[1, 0], [206, 719], [-415, -1438]]
[[1, 0], [207, 1438], [-209, -1438]]
[[1, 0], [207, 719], [-209, -719]]
[[1, 0], [207, 719], [-417, -1438]]
[[1, 0], [208, 2157], [-209, -2157]]
[[1, 0], [208, 719], [-210, -719]]
[[1, 0], [208, 719], [-419, -1438]]
[[1, 0], [209, 1438], [-211, -1438]]
[[1, 0], [209, 719], [-211, -719]]
[[1, 0], [209, 719], [-421, -1438]]
[[1, 0], [21, 1438], [-23, -1438]]
[[1, 0], [21, 719], [-22, -719]]
[[1, 0], [21, 719], [-23, -719]]
[[1, 0], [21, 719], [-45, -1438]]
[[1, 0], [210, 719], [-212, -719]]
[[1, 0], [210, 719], [-423, -1438]]
[[1, 0], [211, 1438], [-213, -1438]]
[[1, 0], [211, 719], [-213, -719]]
[[1, 0], [211, 719], [-425, -1438]]
[[1, 0], [212, 719], [-214, -719]]
[[1, 0], [212, 719], [-427, -1438]]
[[1, 0], [213, 1438], [-215, -1438]]
[[1, 0], [213, 719], [-215, -719]]
[[1, 0], [213, 719], [-429, -1438]]
[[1, 0], [214, 2157], [-215, -2157]]
[[1, 0], [214, 719], [-216, -719]]
[[1, 0], [214, 719], [-431, -1438]]
[[1, 0], [215, 1438], [-217, -1438]]
[[1, 0], [215, 719], [-217, -719]]
[[1, 0], [215, 719], [-433, -1438]]
[[1, 0], [216, 719], [-217, -719]]
[[1, 0], [216, 719], [-218, -719]]
[[1, 0], [216, 719], [-435, -1438]]
[[1, 0], [217, 1438], [-219, -1438]]
[[1, 0], [217, 719], [-219, -719]]
[[1, 0], [217, 719], [-437, -1438]]
[[1, 0], [218, 719], [-220, -719]]
[[1, 0], [218, 719], [-439, -1438]]
[[1, 0], [219, 1438], [-221, -1438]]
[[1, 0], [219, 719], [-221, -719]]
[[1, 0], [219, 719], [-441, -1438]]
[[1, 0], [22, 2157], [-23, -2157]]
[[1, 0], [22, 719], [-23, -719]]
[[1, 0], [22, 719], [-24, -719]]
[[1, 0], [22, 719], [-47, -1438]]
[[1, 0], [220, 2157], [-221, -2157]]
[[1, 0], [220, 719], [-222, -719]]
[[1, 0], [220, 719], [-443, -1438]]
[[1, 0], [221, 1438], [-223, -1438]]
[[1, 0], [221, 719], [-223, -719]]
[[1, 0], [221, 719], [-445, -1438]]
[[1, 0], [222, 719], [-224, -719]]
[[1, 0], [222, 719], [-447, -1438]]
[[1, 0], [223, 1438], [-225, -1438]]
[[1, 0], [223, 2157], [-224, -2157]]
[[1, 0], [223, 719], [-225, -719]]
[[1, 0], [223, 719], [-449, -1438]]
[[1, 0], [224, 719], [-226, -719]]
[[1, 0], [224, 719], [-451, -1438]]
[[1, 0], [225, 1438], [-227, -1438]]
[[1, 0], [225, 719], [-227, -719]]
[[1, 0], [225, 719], [-453, -1438]]
[[1, 0], [226, 719], [-228, -719]]
[[1, 0], [226, 719], [-455, -1438]]
[[1, 0], [227, 1438], [-229, -1438]]
[[1, 0], [227, 719], [-229, -719]]
[[1, 0], [227, 719], [-457, -1438]]
[[1, 0], [228, 719], [-230, -719]]
[[1, 0], [228, 719], [-459, -1438]]
[[1, 0], [229, 1438], [-231, -1438]]
[[1, 0], [229, 2157], [-230, -2157]]
[[1, 0], [229, 719], [-230, -719]]
[[1, 0], [229, 719], [-231, -719]]
[[1, 0], [229, 719], [-461, -1438]]
[[1, 0], [23, 1438], [-25, -1438]]
[[1, 0], [23, 719], [-24, -719]]
[[1, 0], [23, 719], [-25, -719]]
[[1, 0], [23, 719], [-49, -1438]]
[[1, 0], [230, 719], [-231, -719]]
[[1, 0], [230, 719], [-232, -719]]
[[1, 0], [230, 719], [-463, -1438]]
[[1, 0], [231, 1438], [-233, -1438]]
[[1, 0], [231, 719], [-232, -719]]
[[1, 0], [231, 719], [-233, -719]]
[[1, 0], [231, 719], [-465, -1438]]
[[1, 0], [232, 2157], [-233, -2157]]
[[1, 0], [232, 719], [-234, -719]]
[[1, 0], [232, 719], [-467, -1438]]
[[1, 0], [233, 1438], [-235, -1438]]
[[1, 0], [233, 719], [-235, -719]]
[[1, 0], [233, 719], [-469, -1438]]
[[1, 0], [234, 719], [-236, -719]]
[[1, 0], [234, 719], [-471, -1438]]
[[1, 0], [235, 1438], [-237, -1438]]
[[1, 0], [235, 2157], [-236, -2157]]
[[1, 0], [235, 719], [-237, -719]]
[[1, 0], [235, 719], [-473, -1438]]
[[1, 0], [236, 719], [-238, -719]]
[[1, 0], [236, 719], [-475, -1438]]
[[1, 0], [237, 1438], [-239, -1438]]
[[1, 0], [237, 719], [-238, -719]]
[[1, 0], [237, 719], [-239, -719]]
[[1, 0], [237, 719], [-477, -1438]]
[[1, 0], [238, 2157], [-239, -2157]]
[[1, 0], [238, 719], [-239, -719]]
[[1, 0], [238, 719], [-240, -719]]
[[1, 0], [238, 719], [-479, -1438]]
[[1, 0], [239, 1438], [-241, -1438]]
[[1, 0], [239, 719], [-241, -719]]
[[1, 0], [239, 719], [-481, -1438]]
[[1, 0], [24, 719], [-25, -719]]
[[1, 0], [24, 719], [-26, -719]]
[[1, 0], [24, 719], [-51, -1438]]
[[1, 0], [240, 719], [-242, -719]]
[[1, 0], [240, 719], [-483, -1438]]
[[1, 0], [241, 1438], [-243, -1438]]
[[1, 0], [241, 719], [-243, -719]]
[[1, 0], [241, 719], [-485, -1438]]
[[1, 0], [242, 719], [-244, -719]]
[[1, 0], [242, 719], [-487, -1438]]
[[1, 0], [243, 1438], [-245, -1438]]
[[1, 0], [243, 719], [-245, -719]]
[[1, 0], [243, 719], [-489, -1438]]
[[1, 0], [244, 719], [-246, -719]]
[[1, 0], [244, 719], [-491, -1438]]
[[1, 0], [245, 1438], [-247, -1438]]
[[1, 0], [245, 719], [-247, -719]]
[[1, 0], [245, 719], [-493, -1438]]
[[1, 0], [246, 719], [-248, -719]]
[[1, 0], [246, 719], [-495, -1438]]
[[1, 0], [247, 1438], [-249, -1438]]
[[1, 0], [247, 2157], [-248, -2157]]
[[1, 0], [247, 719], [-248, -719]]
[[1, 0], [247, 719], [-249, -719]]
[[1, 0], [247, 719], [-497, -1438]]
[[1, 0], [248, 719], [-250, -719]]
[[1, 0], [248, 719], [-499, -1438]]
[[1, 0], [249, 1438], [-251, -1438]]
[[1, 0], [249, 719], [-251, -719]]
[[1, 0], [249, 719], [-501, -1438]]
[[1, 0], [25, 1438], [-27, -1438]]
[[1, 0], [25, 2157], [-26, -2157]]
[[1, 0], [25, 719], [-26, -719]]
[[1, 0], [25, 719], [-27, -719]]
[[1, 0], [25, 719], [-53, -1438]]
[[1, 0], [250, 2157], [-251, -2157]]
[[1, 0], [250, 719], [-251, -719]]
[[1, 0], [250, 719], [-252, -719]]
[[1, 0], [250, 719], [-503, -1438]]
[[1, 0], [251, 1438], [-253, -1438]]
[[1, 0], [251, 719], [-252, -719]]
[[1, 0], [251, 719], [-253, -719]]
[[1, 0], [251, 719], [-505, -1438]]
[[1, 0], [252, 719], [-254, -719]]
[[1, 0], [252, 719], [-507, -1438]]
[[1, 0], [253, 1438], [-255, -1438]]
[[1, 0], [253, 2157], [-254, -2157]]
[[1, 0], [253, 719], [-255, -719]]
[[1, 0], [253, 719], [-509, -1438]]
[[1, 0], [254, 719], [-256, -719]]
[[1, 0], [254, 719], [-511, -1438]]
[[1, 0], [255, 1438], [-257, -1438]]
[[1, 0], [255, 719], [-257, -719]]
[[1, 0], [255, 719], [-513, -1438]]
[[1, 0], [256, 719], [-258, -719]]
[[1, 0], [256, 719], [-515, -1438]]
[[1, 0], [257, 1438], [-259, -1438]]
[[1, 0], [257, 719], [-259, -719]]
[[1, 0], [257, 719], [-517, -1438]]
[[1, 0], [258, 719], [-260, -719]]
[[1, 0], [258, 719], [-519, -1438]]
[[1, 0], [259, 1438], [-261, -1438]]
[[1, 0], [259, 719], [-261, -719]]
[[1, 0], [259, 719], [-521, -1438]]
[[1, 0], [26, 719], [-27, -719]]
[[1, 0], [26, 719], [-28, -719]]
[[1, 0], [26, 719], [-55, -1438]]
[[1, 0], [260, 719], [-262, -719]]
[[1, 0], [260, 719], [-523, -1438]]
[[1, 0], [261, 1438], [-263, -1438]]
[[1, 0], [261, 719], [-263, -719]]
[[1, 0], [261, 719], [-525, -1438]]
[[1, 0], [262, 2157], [-263, -2157]]
[[1, 0], [262, 719], [-264, -719]]
[[1, 0], [262, 719], [-527, -1438]]
[[1, 0], [263, 1438], [-265, -1438]]
[[1, 0], [263, 719], [-265, -719]]
[[1, 0], [263, 719], [-529, -1438]]
[[1, 0], [264, 719], [-266, -719]]
[[1, 0], [264, 719], [-531, -1438]]
[[1, 0], [265, 1438], [-267, -1438]]
[[1, 0], [265, 2157], [-266, -2157]]
[[1, 0], [265, 719], [-266, -719]]
[[1, 0], [265, 719], [-267, -719]]
[[1, 0], [265, 719], [-533, -1438]]
[[1, 0], [266, 719], [-267, -719]]
[[1, 0], [266, 719], [-268, -719]]
[[1, 0], [266, 719], [-535, -1438]]
[[1, 0], [267, 1438], [-269, -1438]]
[[1, 0], [267, 719], [-269, -719]]
[[1, 0], [267, 719], [-537, -1438]]
[[1, 0], [268, 2157], [-269, -2157]]
[[1, 0], [268, 719], [-270, -719]]
[[1, 0], [268, 719], [-539, -1438]]
[[1, 0], [269, 1438], [-271, -1438]]
[[1, 0], [269, 719], [-271, -719]]
[[1, 0], [269, 719], [-541, -1438]]
[[1, 0], [27, 1438], [-29, -1438]]
[[1, 0], [27, 719], [-28, -719]]
[[1, 0], [27, 719], [-29, -719]]
[[1, 0], [27, 719], [-57, -1438]]
[[1, 0], [270, 719], [-272, -719]]
[[1, 0], [270, 719], [-543, -1438]]
[[1, 0], [271, 1438], [-273, -1438]]
[[1, 0], [271, 2157], [-272, -2157]]
[[1, 0], [271, 719], [-273, -719]]
[[1, 0], [271, 719], [-545, -1438]]
[[1, 0], [272, 719], [-274, -719]]
[[1, 0], [272, 719], [-547, -1438]]
[[1, 0], [273, 1438], [-275, -1438]]
[[1, 0], [273, 719], [-275, -719]]
[[1, 0], [273, 719], [-549, -1438]]
[[1, 0], [274, 719], [-276, -719]]
[[1, 0], [274, 719], [-551, -1438]]
[[1, 0], [275, 1438], [-277, -1438]]
[[1, 0], [275, 719], [-277, -719]]
[[1, 0], [275, 719], [-553, -1438]]
[[1, 0], [276, 719], [-278, -719]]
[[1, 0], [276, 719], [-555, -1438]]
[[1, 0], [277, 1438], [-279, -1438]]
[[1, 0], [277, 2157], [-278, -2157]]
[[1, 0], [277, 719], [-279, -719]]
[[1, 0], [277, 719], [-557, -1438]]
[[1, 0], [278, 719], [-280, -719]]
[[1, 0], [278, 719], [-559, -1438]]
[[1, 0], [279, 1438], [-281, -1438]]
[[1, 0], [279, 719], [-281, -719]]
[[1, 0], [279, 719], [-561, -1438]]
[[1, 0], [28, 2157], [-29, -2157]]
[[1, 0], [28, 719], [-29, -719]]
[[1, 0], [28, 719], [-30, -719]]
[[1, 0], [28, 719], [-59, -1438]]
[[1, 0], [280, 719], [-282, -719]]
[[1, 0], [280, 719], [-563, -1438]]
[[1, 0], [281, 1438], [-283, -1438]]
[[1, 0], [281, 719], [-283, -719]]
[[1, 0], [281, 719], [-565, -1438]]
[[1, 0], [282, 719], [-284, -719]]
[[1, 0], [282, 719], [-567, -1438]]
[[1, 0], [283, 1438], [-285, -1438]]
[[1, 0], [283, 2157], [-284, -2157]]
[[1, 0], [283, 719], [-285, -719]]
[[1, 0], [283, 719], [-569, -1438]]
[[1, 0], [284, 719], [-286, -719]]
[[1, 0], [284, 719], [-571, -1438]]
[[1, 0], [285, 1438], [-287, -1438]]
[[1, 0], [285, 719], [-287, -719]]
[[1, 0], [285, 719], [-573, -1438]]
[[1, 0], [286, 2157], [-287, -2157]]
[[1, 0], [286, 719], [-288, -719]]
[[1, 0], [286, 719], [-575, -1438]]
[[1, 0], [287, 1438], [-289, -1438]]
[[1, 0], [287, 719], [-289, -719]]
[[1, 0], [287, 719], [-577, -1438]]
[[1, 0], [288, 719], [-290, -719]]
[[1, 0], [288, 719], [-579, -1438]]
[[1, 0], [289, 1438], [-291, -1438]]
[[1, 0], [289, 2157], [-290, -2157]]
[[1, 0], [289, 719], [-291, -719]]
[[1, 0], [289, 719], [-581, -1438]]
[[1, 0], [29, 1438], [-31, -1438]]
[[1, 0], [29, 719], [-31, -719]]
[[1, 0], [29, 719], [-61, -1438]]
[[1, 0], [290, 719], [-292, -719]]
[[1, 0], [290, 719], [-583, -1438]]
[[1, 0], [291, 1438], [-293, -1438]]
[[1, 0], [291, 719], [-293, -719]]
[[1, 0], [291, 719], [-585, -1438]]
[[1, 0], [292, 719], [-294, -719]]
[[1, 0], [292, 719], [-587, -1438]]
[[1, 0], [293, 1438], [-295, -1438]]
[[1, 0], [293, 719], [-295, -719]]
[[1, 0], [293, 719], [-589, -1438]]
[[1, 0], [294, 719], [-296, -719]]
[[1, 0], [294, 719], [-591, -1438]]
[[1, 0], [295, 1438], [-297, -1438]]
[[1, 0], [295, 2157], [-296, -2157]]
[[1, 0], [295, 719], [-297, -719]]
[[1, 0], [295, 719], [-593, -1438]]
[[1, 0], [296, 719], [-298, -719]]
[[1, 0], [296, 719], [-595, -1438]]
[[1, 0], [297, 1438], [-299, -1438]]
[[1, 0], [297, 719], [-299, -719]]
[[1, 0], [297, 719], [-597, -1438]]
[[1, 0], [298, 719], [-300, -719]]
[[1, 0], [298, 719], [-599, -1438]]
[[1, 0], [299, 1438], [-301, -1438]]
[[1, 0], [299, 719], [-301, -719]]
[[1, 0], [299, 719], [-601, -1438]]
[[1, 0], [3, 1438], [-5, -1438]]
[[1, 0], [3, 719], [-4, -719]]
[[1, 0], [3, 719], [-5, -719]]
[[1, 0], [3, 719], [-9, -1438]]
[[1, 0], [30, 719], [-32, -719]]
[[1, 0], [30, 719], [-63, -1438]]
[[1, 0], [300, 719], [-302, -719]]
[[1, 0], [300, 719], [-603, -1438]]
[[1, 0], [301, 1438], [-303, -1438]]
[[1, 0], [301, 719], [-303, -719]]
[[1, 0], [301, 719], [-605, -1438]]
[[1, 0], [302, 719], [-304, -719]]
[[1, 0], [302, 719], [-607, -1438]]
[[1, 0], [303, 1438], [-305, -1438]]
[[1, 0], [303, 719], [-305, -719]]
[[1, 0], [303, 719], [-609, -1438]]
[[1, 0], [304, 719], [-306, -719]]
[[1, 0], [304, 719], [-611, -1438]]
[[1, 0], [305, 1438], [-307, -1438]]
[[1, 0], [305, 719], [-307, -719]]
[[1, 0], [305, 719], [-613, -1438]]
[[1, 0], [306, 719], [-308, -719]]
[[1, 0], [306, 719], [-615, -1438]]
[[1, 0], [307, 1438], [-309, -1438]]
[[1, 0], [307, 719], [-309, -719]]
[[1, 0], [307, 719], [-617, -1438]]
[[1, 0], [308, 719], [-310, -719]]
[[1, 0], [308, 719], [-619, -1438]]
[[1, 0], [309, 1438], [-311, -1438]]
[[1, 0], [309, 719], [-311, -719]]
[[1, 0], [309, 719], [-621, -1438]]
[[1, 0], [31, 1438], [-33, -1438]]
[[1, 0], [31, 2157], [-32, -2157]]
[[1, 0], [31, 719], [-32, -719]]
[[1, 0], [31, 719], [-33, -719]]
[[1, 0], [31, 719], [-65, -1438]]
[[1, 0], [310, 2157], [-311, -2157]]
[[1, 0], [310, 719], [-312, -719]]
[[1, 0], [310, 719], [-623, -1438]]
[[1, 0], [311, 1438], [-313, -1438]]
[[1, 0], [311, 719], [-313, -719]]
[[1, 0], [311, 719], [-625, -1438]]
[[1, 0], [312, 719], [-314, -719]]
[[1, 0], [312, 719], [-627, -1438]]
[[1, 0], [313, 1438], [-315, -1438]]
[[1, 0], [313, 719], [-315, -719]]
[[1, 0], [313, 719], [-629, -1438]]
[[1, 0], [314, 719], [-316, -719]]
[[1, 0], [314, 719], [-631, -1438]]
[[1, 0], [315, 1438], [-317, -1438]]
[[1, 0], [315, 719], [-317, -719]]
[[1, 0], [315, 719], [-633, -1438]]
[[1, 0], [316, 719], [-318, -719]]
[[1, 0], [316, 719], [-635, -1438]]
[[1, 0], [317, 1438], [-319, -1438]]
[[1, 0], [317, 719], [-319, -719]]
[[1, 0], [317, 719], [-637, -1438]]
[[1, 0], [318, 719], [-320, -719]]
[[1, 0], [318, 719], [-639, -1438]]
[[1, 0], [319, 1438], [-321, -1438]]
[[1, 0], [319, 719], [-321, -719]]
[[1, 0], [319, 719], [-641, -1438]]
[[1, 0], [32, 719], [-33, -719]]
[[1, 0], [32, 719], [-34, -719]]
[[1, 0], [32, 719], [-67, -1438]]
[[1, 0], [320, 719], [-322, -719]]
[[1, 0], [320, 719], [-643, -1438]]
[[1, 0], [321, 1438], [-323, -1438]]
[[1, 0], [321, 719], [-323, -719]]
[[1, 0], [321, 719], [-645, -1438]]
[[1, 0], [322, 2157], [-323, -2157]]
[[1, 0], [322, 719], [-324, -719]]
[[1, 0], [322, 719], [-647, -1438]]
[[1, 0], [323, 1438], [-325, -1438]]
[[1, 0], [323, 719], [-325, -719]]
[[1, 0], [323, 719], [-649, -1438]]
[[1, 0], [324, 719], [-326, -719]]
[[1, 0], [324, 719], [-651, -1438]]
[[1, 0], [325, 1438], [-327, -1438]]
[[1, 0], [325, 2157], [-326, -2157]]
[[1, 0], [325, 719], [-327, -719]]
[[1, 0], [325, 719], [-653, -1438]]
[[1, 0], [326, 719], [-328, -719]]
[[1, 0], [326, 719], [-655, -1438]]
[[1, 0], [327, 1438], [-329, -1438]]
[[1, 0], [327, 719], [-328, -719]]
[[1, 0], [327, 719], [-329, -719]]
[[1, 0], [327, 719], [-657, -1438]]
[[1, 0], [328, 2157], [-329, -2157]]
[[1, 0], [328, 719], [-329, -719]]
[[1, 0], [328, 719], [-330, -719]]
[[1, 0], [328, 719], [-659, -1438]]
[[1, 0], [329, 1438], [-331, -1438]]
[[1, 0], [329, 719], [-331, -719]]
[[1, 0], [329, 719], [-661, -1438]]
[[1, 0], [33, 1438], [-35, -1438]]
[[1, 0], [33, 719], [-34, -719]]
[[1, 0], [33, 719], [-35, -719]]
[[1, 0], [33, 719], [-69, -1438]]
[[1, 0], [330, 719], [-332, -719]]
[[1, 0], [330, 719], [-663, -1438]]
[[1, 0], [331, 1438], [-333, -1438]]
[[1, 0], [331, 2157], [-332, -2157]]
[[1, 0], [331, 719], [-333, -719]]
[[1, 0], [331, 719], [-665, -1438]]
[[1, 0], [332, 719], [-334, -719]]
[[1, 0], [332, 719], [-667, -1438]]
[[1, 0], [333, 1438], [-335, -1438]]
[[1, 0], [333, 719], [-335, -719]]
[[1, 0], [333, 719], [-669, -1438]]
[[1, 0], [334, 2157], [-335, -2157]]
[[1, 0], [334, 719], [-336, -719]]
[[1, 0], [334, 719], [-671, -1438]]
[[1, 0], [335, 1438], [-337, -1438]]
[[1, 0], [335, 719], [-337, -719]]
[[1, 0], [335, 719], [-673, -1438]]
[[1, 0], [336, 719], [-338, -719]]
[[1, 0], [336, 719], [-675, -1438]]
[[1, 0], [337, 1438], [-339, -1438]]
[[1, 0], [337, 719], [-339, -719]]
[[1, 0], [337, 719], [-677, -1438]]
[[1, 0], [338, 719], [-340, -719]]
[[1, 0], [338, 719], [-679, -1438]]
[[1, 0], [339, 1438], [-341, -1438]]
[[1, 0], [339, 719], [-341, -719]]
[[1, 0], [339, 719], [-681, -1438]]
[[1, 0], [34, 2157], [-35, -2157]]
[[1, 0], [34, 719], [-35, -719]]
[[1, 0], [34, 719], [-36, -719]]
[[1, 0], [34, 719], [-71, -1438]]
[[1, 0], [340, 719], [-342, -719]]
[[1, 0], [340, 719], [-683, -1438]]
[[1, 0], [341, 1438], [-343, -1438]]
[[1, 0], [341, 719], [-343, -719]]
[[1, 0], [341, 719], [-685, -1438]]
[[1, 0], [342, 719], [-344, -719]]
[[1, 0], [342, 719], [-687, -1438]]
[[1, 0], [343, 1438], [-345, -1438]]
[[1, 0], [343, 719], [-345, -719]]
[[1, 0], [343, 719], [-689, -1438]]
[[1, 0], [344, 719], [-346, -719]]
[[1, 0], [344, 719], [-691, -1438]]
[[1, 0], [345, 1438], [-347, -1438]]
[[1, 0], [345, 719], [-347, -719]]
[[1, 0], [345, 719], [-693, -1438]]
[[1, 0], [346, 719], [-348, -719]]
[[1, 0], [346, 719], [-695, -1438]]
[[1, 0], [347, 1438], [-349, -1438]]
[[1, 0], [347, 719], [-349, -719]]
[[1, 0], [347, 719], [-697, -1438]]
[[1, 0], [348, 719], [-350, -719]]
[[1, 0], [348, 719], [-699, -1438]]
[[1, 0], [349, 1438], [-351, -1438]]
[[1, 0], [349, 719], [-351, -719]]
[[1, 0], [349, 719], [-701, -1438]]
[[1, 0], [35, 1438], [-37, -1438]]
[[1, 0], [35, 719], [-37, -719]]
[[1, 0], [35, 719], [-73, -1438]]
[[1, 0], [350, 719], [-352, -719]]
[[1, 0], [350, 719], [-703, -1438]]
[[1, 0], [351, 1438], [-353, -1438]]
[[1, 0], [351, 719], [-353, -719]]
[[1, 0], [351, 719], [-705, -1438]]
[[1, 0], [352, 2157], [-353, -2157]]
[[1, 0], [352, 719], [-354, -719]]
[[1, 0], [352, 719], [-707, -1438]]
[[1, 0], [353, 1438], [-355, -1438]]
[[1, 0], [353, 719], [-355, -719]]
[[1, 0], [353, 719], [-709, -1438]]
[[1, 0], [354, 719], [-356, -719]]
[[1, 0], [354, 719], [-711, -1438]]
[[1, 0], [355, 1438], [-357, -1438]]
[[1, 0], [355, 719], [-357, -719]]
[[1, 0], [355, 719], [-713, -1438]]
[[1, 0], [356, 719], [-358, -719]]
[[1, 0], [356, 719], [-715, -1438]]
[[1, 0], [357, 1438], [-359, -1438]]
[[1, 0], [357, 719], [-359, -719]]
[[1, 0], [357, 719], [-717, -1438]]
[[1, 0], [358, 2157], [-359, -2157]]
[[1, 0], [358, 719], [-360, -719]]
[[1, 0], [359, 1438], [-361, -1438]]
[[1, 0], [359, 719], [-721, -1438]]
[[1, 0], [36, 719], [-38, -719]]
[[1, 0], [36, 719], [-75, -1438]]
[[1, 0], [360, 719], [-723, -1438]]
[[1, 0], [361, 1438], [-363, -1438]]
[[1, 0], [361, 719], [-725, -1438]]
[[1, 0], [362, 719], [-727, -1438]]
[[1, 0], [363, 1438], [-365, -1438]]
[[1, 0], [363, 719], [-729, -1438]]
[[1, 0], [364, 719], [-731, -1438]]
[[1, 0], [365, 1438], [-367, -1438]]
[[1, 0], [365, 719], [-733, -1438]]
[[1, 0], [366, 719], [-735, -1438]]
[[1, 0], [367, 1438], [-369, -1438]]
[[1, 0], [367, 2157], [-368, -2157]]
[[1, 0], [367, 719], [-737, -1438]]
[[1, 0], [368, 719], [-739, -1438]]
[[1, 0], [369, 1438], [-371, -1438]]
[[1, 0], [369, 719], [-741, -1438]]
[[1, 0], [37, 1438], [-39, -1438]]
[[1, 0], [37, 2157], [-38, -2157]]
[[1, 0], [37, 719], [-38, -719]]
[[1, 0], [37, 719], [-39, -719]]
[[1, 0], [37, 719], [-77, -1438]]
[[1, 0], [370, 719], [-743, -1438]]
[[1, 0], [371, 1438], [-373, -1438]]
[[1, 0], [371, 719], [-745, -1438]]
[[1, 0], [372, 719], [-747, -1438]]
[[1, 0], [373, 1438], [-375, -1438]]
[[1, 0], [373, 719], [-749, -1438]]
[[1, 0], [374, 719], [-751, -1438]]
[[1, 0], [375, 1438], [-377, -1438]]
[[1, 0], [375, 719], [-753, -1438]]
[[1, 0], [376, 719], [-755, -1438]]
[[1, 0], [377, 1438], [-379, -1438]]
[[1, 0], [377, 719], [-757, -1438]]
[[1, 0], [378, 719], [-759, -1438]]
[[1, 0], [379, 1438], [-381, -1438]]
[[1, 0], [379, 2157], [-380, -2157]]
[[1, 0], [379, 719], [-761, -1438]]
[[1, 0], [38, 719], [-39, -719]]
[[1, 0], [38, 719], [-40, -719]]
[[1, 0], [38, 719], [-79, -1438]]
[[1, 0], [380, 719], [-763, -1438]]
[[1, 0], [381, 1438], [-383, -1438]]
[[1, 0], [381, 719], [-765, -1438]]
[[1, 0], [382, 2157], [-383, -2157]]
[[1, 0], [382, 719], [-767, -1438]]
[[1, 0], [383, 1438], [-385, -1438]]
[[1, 0], [383, 719], [-769, -1438]]
[[1, 0], [384, 719], [-771, -1438]]
[[1, 0], [385, 1438], [-387, -1438]]
[[1, 0], [385, 719], [-773, -1438]]
[[1, 0], [386, 719], [-775, -1438]]
[[1, 0], [387, 1438], [-389, -1438]]
[[1, 0], [387, 719], [-777, -1438]]
[[1, 0], [388, 719], [-779, -1438]]
[[1, 0], [389, 1438], [-391, -1438]]
[[1, 0], [389, 719], [-781, -1438]]
[[1, 0], [39, 1438], [-41, -1438]]
[[1, 0], [39, 719], [-41, -719]]
[[1, 0], [39, 719], [-81, -1438]]
[[1, 0], [390, 719], [-783, -1438]]
[[1, 0], [391, 1438], [-393, -1438]]
[[1, 0], [391, 719], [-785, -1438]]
[[1, 0], [392, 719], [-787, -1438]]
[[1, 0], [393, 1438], [-395, -1438]]
[[1, 0], [393, 719], [-789, -1438]]
[[1, 0], [394, 719], [-791, -1438]]
[[1, 0], [395, 1438], [-397, -1438]]
[[1, 0], [395, 719], [-793, -1438]]
[[1, 0], [396, 719], [-795, -1438]]
[[1, 0], [397, 1438], [-399, -1438]]
[[1, 0], [397, 719], [-797, -1438]]
[[1, 0], [398, 719], [-799, -1438]]
[[1, 0], [399, 1438], [-401, -1438]]
[[1, 0], [399, 719], [-801, -1438]]
[[1, 0], [4, 719], [-11, -1438]]
[[1, 0], [4, 719], [-6, -719]]
[[1, 0], [40, 2157], [-41, -2157]]
[[1, 0], [40, 719], [-42, -719]]
[[1, 0], [40, 719], [-83, -1438]]
[[1, 0], [400, 2157], [-401, -2157]]
[[1, 0], [400, 719], [-803, -1438]]
[[1, 0], [401, 1438], [-403, -1438]]
[[1, 0], [401, 719], [-805, -1438]]
[[1, 0], [402, 719], [-807, -1438]]
[[1, 0], [403, 1438], [-405, -1438]]
[[1, 0], [403, 2157], [-404, -2157]]
[[1, 0], [403, 719], [-809, -1438]]
[[1, 0], [404, 719], [-811, -1438]]
[[1, 0], [405, 1438], [-407, -1438]]
[[1, 0], [405, 719], [-813, -1438]]
[[1, 0], [406, 719], [-815, -1438]]
[[1, 0], [407, 1438], [-409, -1438]]
[[1, 0], [407, 719], [-817, -1438]]
[[1, 0], [408, 719], [-819, -1438]]
[[1, 0], [409, 1438], [-411, -1438]]
[[1, 0], [409, 719], [-821, -1438]]
[[1, 0], [41, 1438], [-43, -1438]]
[[1, 0], [41, 719], [-42, -719]]
[[1, 0], [41, 719], [-43, -719]]
[[1, 0], [41, 719], [-85, -1438]]
[[1, 0], [410, 719], [-823, -1438]]
[[1, 0], [411, 1438], [-413, -1438]]
[[1, 0], [411, 719], [-825, -1438]]
[[1, 0], [412, 719], [-827, -1438]]
[[1, 0], [413, 1438], [-415, -1438]]
[[1, 0], [413, 719], [-829, -1438]]
[[1, 0], [414, 719], [-831, -1438]]
[[1, 0], [415, 1438], [-417, -1438]]
[[1, 0], [415, 719], [-833, -1438]]
[[1, 0], [416, 719], [-835, -1438]]
[[1, 0], [417, 1438], [-419, -1438]]
[[1, 0], [417, 719], [-837, -1438]]
[[1, 0], [418, 2157], [-419, -2157]]
[[1, 0], [418, 719], [-839, -1438]]
[[1, 0], [419, 1438], [-421, -1438]]
[[1, 0], [419, 719], [-841, -1438]]
[[1, 0], [42, 719], [-43, -719]]
[[1, 0], [42, 719], [-44, -719]]
[[1, 0], [42, 719], [-87, -1438]]
[[1, 0], [420, 719], [-843, -1438]]
[[1, 0], [421, 1438], [-423, -1438]]
[[1, 0], [421, 719], [-845, -1438]]
[[1, 0], [422, 719], [-847, -1438]]
[[1, 0], [423, 1438], [-425, -1438]]
[[1, 0], [423, 719], [-849, -1438]]
[[1, 0], [424, 2157], [-425, -2157]]
[[1, 0], [424, 719], [-851, -1438]]
[[1, 0], [425, 1438], [-427, -1438]]
[[1, 0], [425, 719], [-853, -1438]]
[[1, 0], [426, 719], [-855, -1438]]
[[1, 0], [427, 1438], [-429, -1438]]
[[1, 0], [427, 2157], [-428, -2157]]
[[1, 0], [427, 719], [-857, -1438]]
[[1, 0], [428, 719], [-859, -1438]]
[[1, 0], [429, 1438], [-431, -1438]]
[[1, 0], [429, 719], [-861, -1438]]
[[1, 0], [43, 1438], [-45, -1438]]
[[1, 0], [43, 2157], [-44, -2157]]
[[1, 0], [43, 719], [-44, -719]]
[[1, 0], [43, 719], [-45, -719]]
[[1, 0], [43, 719], [-89, -1438]]
[[1, 0], [430, 2157], [-431, -2157]]
[[1, 0], [430, 719], [-863, -1438]]
[[1, 0], [431, 1438], [-433, -1438]]
[[1, 0], [431, 719], [-865, -1438]]
[[1, 0], [432, 719], [-867, -1438]]
[[1, 0], [433, 1438], [-435, -1438]]
[[1, 0], [433, 719], [-869, -1438]]
[[1, 0], [434, 719], [-871, -1438]]
[[1, 0], [435, 1438], [-437, -1438]]
[[1, 0], [435, 719], [-873, -1438]]
[[1, 0], [436, 719], [-875, -1438]]
[[1, 0], [437, 1438], [-439, -1438]]
[[1, 0], [437, 719], [-877, -1438]]
[[1, 0], [438, 719], [-879, -1438]]
[[1, 0], [439, 1438], [-441, -1438]]
[[1, 0], [439, 2157], [-440, -2157]]
[[1, 0], [439, 719], [-881, -1438]]
[[1, 0], [44, 719], [-46, -719]]
[[1, 0], [44, 719], [-91, -1438]]
[[1, 0], [440, 719], [-883, -1438]]
[[1, 0], [441, 1438], [-443, -1438]]
[[1, 0], [441, 719], [-885, -1438]]
[[1, 0], [442, 719], [-887, -1438]]
[[1, 0], [443, 1438], [-445, -1438]]
[[1, 0], [443, 719], [-889, -1438]]
[[1, 0], [444, 719], [-891, -1438]]
[[1, 0], [445, 1438], [-447, -1438]]
[[1, 0], [445, 719], [-893, -1438]]
[[1, 0], [446, 719], [-895, -1438]]
[[1, 0], [447, 1438], [-449, -1438]]
[[1, 0], [447, 719], [-897, -1438]]
[[1, 0], [448, 719], [-899, -1438]]
[[1, 0], [449, 1438], [-451, -1438]]
[[1, 0], [449, 719], [-901, -1438]]
[[1, 0], [45, 1438], [-47, -1438]]
[[1, 0], [45, 719], [-47, -719]]
[[1, 0], [45, 719], [-93, -1438]]
[[1, 0], [450, 719], [-903, -1438]]
[[1, 0], [451, 1438], [-453, -1438]]
[[1, 0], [451, 719], [-905, -1438]]
[[1, 0], [452, 719], [-907, -1438]]
[[1, 0], [453, 1438], [-455, -1438]]
[[1, 0], [453, 719], [-909, -1438]]
[[1, 0], [454, 719], [-911, -1438]]
[[1, 0], [455, 1438], [-457, -1438]]
[[1, 0], [455, 719], [-913, -1438]]
[[1, 0], [456, 719], [-915, -1438]]
[[1, 0], [457, 1438], [-459, -1438]]
[[1, 0], [457, 719], [-917, -1438]]
[[1, 0], [458, 719], [-919, -1438]]
[[1, 0], [459, 1438], [-461, -1438]]
[[1, 0], [459, 719], [-921, -1438]]
[[1, 0], [46, 2157], [-47, -2157]]
[[1, 0], [46, 719], [-47, -719]]
[[1, 0], [46, 719], [-48, -719]]
[[1, 0], [46, 719], [-95, -1438]]
[[1, 0], [460, 2157], [-461, -2157]]
[[1, 0], [460, 719], [-923, -1438]]
[[1, 0], [461, 1438], [-463, -1438]]
[[1, 0], [461, 719], [-925, -1438]]
[[1, 0], [462, 719], [-927, -1438]]
[[1, 0], [463, 1438], [-465, -1438]]
[[1, 0], [463, 719], [-929, -1438]]
[[1, 0], [464, 719], [-931, -1438]]
[[1, 0], [465, 1438], [-467, -1438]]
[[1, 0], [465, 719], [-933, -1438]]
[[1, 0], [466, 2157], [-467, -2157]]
[[1, 0], [466, 719], [-935, -1438]]
[[1, 0], [467, 1438], [-469, -1438]]
[[1, 0], [467, 719], [-937, -1438]]
[[1, 0], [468, 719], [-939, -1438]]
[[1, 0], [469, 1438], [-471, -1438]]
[[1, 0], [469, 2157], [-470, -2157]]
[[1, 0], [469, 719], [-941, -1438]]
[[1, 0], [47, 1438], [-49, -1438]]
[[1, 0], [47, 719], [-49, -719]]
[[1, 0], [47, 719], [-97, -1438]]
[[1, 0], [470, 719], [-943, -1438]]
[[1, 0], [471, 1438], [-473, -1438]]
[[1, 0], [471, 719], [-945, -1438]]
[[1, 0], [472, 719], [-947, -1438]]
[[1, 0], [473, 1438], [-475, -1438]]
[[1, 0], [473, 719], [-949, -1438]]
[[1, 0], [474, 719], [-951, -1438]]
[[1, 0], [475, 1438], [-477, -1438]]
[[1, 0], [475, 2157], [-476, -2157]]
[[1, 0], [475, 719], [-953, -1438]]
[[1, 0], [476, 719], [-955, -1438]]
[[1, 0], [477, 1438], [-479, -1438]]
[[1, 0], [477, 719], [-957, -1438]]
[[1, 0], [478, 2157], [-479, -2157]]
[[1, 0], [478, 719], [-959, -1438]]
[[1, 0], [479, 1438], [-481, -1438]]
[[1, 0], [479, 719], [-961, -1438]]
[[1, 0], [48, 719], [-50, -719]]
[[1, 0], [48, 719], [-99, -1438]]
[[1, 0], [480, 719], [-963, -1438]]
[[1, 0], [481, 1438], [-483, -1438]]
[[1, 0], [481, 719], [-965, -1438]]
[[1, 0], [482, 719], [-967, -1438]]
[[1, 0], [483, 1438], [-485, -1438]]
[[1, 0], [483, 719], [-969, -1438]]
[[1, 0], [484, 719], [-971, -1438]]
[[1, 0], [485, 1438], [-487, -1438]]
[[1, 0], [485, 719], [-973, -1438]]
[[1, 0], [486, 719], [-975, -1438]]
[[1, 0], [487, 1438], [-489, -1438]]
[[1, 0], [487, 2157], [-488, -2157]]
[[1, 0], [487, 719], [-977, -1438]]
[[1, 0], [488, 719], [-979, -1438]]
[[1, 0], [489, 1438], [-491, -1438]]
[[1, 0], [489, 719], [-981, -1438]]
[[1, 0], [49, 1438], [-51, -1438]]
[[1, 0], [49, 719], [-101, -1438]]
[[1, 0], [49, 719], [-51, -719]]
[[1, 0], [490, 719], [-983, -1438]]
[[1, 0], [491, 1438], [-493, -1438]]
[[1, 0], [491, 719], [-985, -1438]]
[[1, 0], [492, 719], [-987, -1438]]
[[1, 0], [493, 1438], [-495, -1438]]
[[1, 0], [493, 719], [-989, -1438]]
[[1, 0], [494, 719], [-991, -1438]]
[[1, 0], [495, 1438], [-497, -1438]]
[[1, 0], [495, 719], [-993, -1438]]
[[1, 0], [496, 719], [-995, -1438]]
[[1, 0], [497, 1438], [-499, -1438]]
[[1, 0], [497, 719], [-997, -1438]]
[[1, 0], [498, 719], [-999, -1438]]
[[1, 0], [499, 1438], [-501, -1438]]
[[1, 0], [499, 719], [-1001, -1438]]
[[1, 0], [5, 719], [-13, -1438]]
[[1, 0], [5, 719], [-6, -719]]
[[1, 0], [50, 719], [-103, -1438]]
[[1, 0], [50, 719], [-51, -719]]
[[1, 0], [50, 719], [-52, -719]]
[[1, 0], [500, 719], [-1003, -1438]]
[[1, 0], [501, 1438], [-503, -1438]]
[[1, 0], [501, 719], [-1005, -1438]]
[[1, 0], [502, 719], [-1007, -1438]]
[[1, 0], [503, 1438], [-505, -1438]]
[[1, 0], [503, 719], [-1009, -1438]]
[[1, 0], [504, 719], [-1011, -1438]]
[[1, 0], [505, 1438], [-507, -1438]]
[[1, 0], [505, 2157], [-506, -2157]]
[[1, 0], [505, 719], [-1013, -1438]]
[[1, 0], [506, 719], [-1015, -1438]]
[[1, 0], [507, 1438], [-509, -1438]]
[[1, 0], [507, 719], [-1017, -1438]]
[[1, 0], [508, 2157], [-509, -2157]]
[[1, 0], [508, 719], [-1019, -1438]]
[[1, 0], [509, 1438], [-511, -1438]]
[[1, 0], [509, 719], [-1021, -1438]]
[[1, 0], [51, 1438], [-53, -1438]]
[[1, 0], [51, 719], [-105, -1438]]
[[1, 0], [51, 719], [-52, -719]]
[[1, 0], [51, 719], [-53, -719]]
[[1, 0], [510, 719], [-1023, -1438]]
[[1, 0], [511, 1438], [-513, -1438]]
[[1, 0], [511, 719], [-1025, -1438]]
[[1, 0], [512, 719], [-1027, -1438]]
[[1, 0], [513, 1438], [-515, -1438]]
[[1, 0], [513, 719], [-1029, -1438]]
[[1, 0], [514, 2157], [-515, -2157]]
[[1, 0], [514, 719], [-1031, -1438]]
[[1, 0], [515, 1438], [-517, -1438]]
[[1, 0], [515, 719], [-1033, -1438]]
[[1, 0], [516, 719], [-1035, -1438]]
[[1, 0], [517, 1438], [-519, -1438]]
[[1, 0], [517, 719], [-1037, -1438]]
[[1, 0], [518, 719], [-1039, -1438]]
[[1, 0], [519, 1438], [-521, -1438]]
[[1, 0], [519, 719], [-1041, -1438]]
[[1, 0], [52, 2157], [-53, -2157]]
[[1, 0], [52, 719], [-107, -1438]]
[[1, 0], [52, 719], [-53, -719]]
[[1, 0], [52, 719], [-54, -719]]
[[1, 0], [520, 719], [-1043, -1438]]
[[1, 0], [521, 1438], [-523, -1438]]
[[1, 0], [521, 719], [-1045, -1438]]
[[1, 0], [522, 719], [-1047, -1438]]
[[1, 0], [523, 1438], [-525, -1438]]
[[1, 0], [523, 2157], [-524, -2157]]
[[1, 0], [523, 719], [-1049, -1438]]
[[1, 0], [524, 719], [-1051, -1438]]
[[1, 0], [525, 1438], [-527, -1438]]
[[1, 0], [525, 719], [-1053, -1438]]
[[1, 0], [526, 719], [-1055, -1438]]
[[1, 0], [527, 1438], [-529, -1438]]
[[1, 0], [527, 719], [-1057, -1438]]
[[1, 0], [528, 719], [-1059, -1438]]
[[1, 0], [529, 1438], [-531, -1438]]
[[1, 0], [529, 719], [-1061, -1438]]
[[1, 0], [53, 1438], [-55, -1438]]
[[1, 0], [53, 719], [-109, -1438]]
[[1, 0], [53, 719], [-54, -719]]
[[1, 0], [53, 719], [-55, -719]]
[[1, 0], [530, 719], [-1063, -1438]]
[[1, 0], [531, 1438], [-533, -1438]]
[[1, 0], [531, 719], [-1065, -1438]]
[[1, 0], [532, 719], [-1067, -1438]]
[[1, 0], [533, 1438], [-535, -1438]]
[[1, 0], [533, 719], [-1069, -1438]]
[[1, 0], [534, 719], [-1071, -1438]]
[[1, 0], [535, 1438], [-537, -1438]]
[[1, 0], [535, 719], [-1073, -1438]]
[[1, 0], [536, 719], [-1075, -1438]]
[[1, 0], [537, 1438], [-539, -1438]]
[[1, 0], [537, 719], [-1077, -1438]]
[[1, 0], [538, 719], [-1079, -1438]]
[[1, 0], [539, 1438], [-541, -1438]]
[[1, 0], [539, 719], [-1081, -1438]]
[[1, 0], [54, 719], [-111, -1438]]
[[1, 0], [54, 719], [-55, -719]]
[[1, 0], [54, 719], [-56, -719]]
[[1, 0], [540, 719], [-1083, -1438]]
[[1, 0], [541, 1438], [-543, -1438]]
[[1, 0], [541, 2157], [-542, -2157]]
[[1, 0], [541, 719], [-1085, -1438]]
[[1, 0], [542, 719], [-1087, -1438]]
[[1, 0], [543, 1438], [-545, -1438]]
[[1, 0], [543, 719], [-1089, -1438]]
[[1, 0], [544, 2157], [-545, -2157]]
[[1, 0], [544, 719], [-1091, -1438]]
[[1, 0], [545, 1438], [-547, -1438]]
[[1, 0], [545, 719], [-1093, -1438]]
[[1, 0], [546, 719], [-1095, -1438]]
[[1, 0], [547, 1438], [-549, -1438]]
[[1, 0], [547, 719], [-1097, -1438]]
[[1, 0], [548, 719], [-1099, -1438]]
[[1, 0], [549, 1438], [-551, -1438]]
[[1, 0], [549, 719], [-1101, -1438]]
[[1, 0], [55, 1438], [-57, -1438]]
[[1, 0], [55, 2157], [-56, -2157]]
[[1, 0], [55, 719], [-113, -1438]]
[[1, 0], [55, 719], [-56, -719]]
[[1, 0], [55, 719], [-57, -719]]
[[1, 0], [550, 2157], [-551, -2157]]
[[1, 0], [550, 719], [-1103, -1438]]
[[1, 0], [551, 1438], [-553, -1438]]
[[1, 0], [551, 719], [-1105, -1438]]
[[1, 0], [552, 719], [-1107, -1438]]
[[1, 0], [553, 1438], [-555, -1438]]
[[1, 0], [553, 2157], [-554, -2157]]
[[1, 0], [553, 719], [-1109, -1438]]
[[1, 0], [554, 719], [-1111, -1438]]
[[1, 0], [555, 1438], [-557, -1438]]
[[1, 0], [555, 719], [-1113, -1438]]
[[1, 0], [556, 719], [-1115, -1438]]
[[1, 0], [557, 1438], [-559, -1438]]
[[1, 0], [557, 719], [-1117, -1438]]
[[1, 0], [558, 719], [-1119, -1438]]
[[1, 0], [559, 1438], [-561, -1438]]
[[1, 0], [559, 719], [-1121, -1438]]
[[1, 0], [56, 719], [-115, -1438]]
[[1, 0], [56, 719], [-57, -719]]
[[1, 0], [56, 719], [-58, -719]]
[[1, 0], [560, 719], [-1123, -1438]]
[[1, 0], [561, 1438], [-563, -1438]]
[[1, 0], [561, 719], [-1125, -1438]]
[[1, 0], [562, 719], [-1127, -1438]]
[[1, 0], [563, 1438], [-565, -1438]]
[[1, 0], [563, 719], [-1129, -1438]]
[[1, 0], [564, 719], [-1131, -1438]]
[[1, 0], [565, 1438], [-567, -1438]]
[[1, 0], [565, 2157], [-566, -2157]]
[[1, 0], [565, 719], [-1133, -1438]]
[[1, 0], [566, 719], [-1135, -1438]]
[[1, 0], [567, 1438], [-569, -1438]]
[[1, 0], [567, 719], [-1137, -1438]]
[[1, 0], [568, 2157], [-569, -2157]]
[[1, 0], [568, 719], [-1139, -1438]]
[[1, 0], [569, 1438], [-571, -1438]]
[[1, 0], [569, 719], [-1141, -1438]]
[[1, 0], [57, 1438], [-59, -1438]]
[[1, 0], [57, 719], [-117, -1438]]
[[1, 0], [57, 719], [-58, -719]]
[[1, 0], [57, 719], [-59, -719]]
[[1, 0], [570, 719], [-1143, -1438]]
[[1, 0], [571, 1438], [-573, -1438]]
[[1, 0], [571, 719], [-1145, -1438]]
[[1, 0], [572, 719], [-1147, -1438]]
[[1, 0], [573, 1438], [-575, -1438]]
[[1, 0], [573, 719], [-1149, -1438]]
[[1, 0], [574, 2157], [-575, -2157]]
[[1, 0], [574, 719], [-1151, -1438]]
[[1, 0], [575, 1438], [-577, -1438]]
[[1, 0], [575, 719], [-1153, -1438]]
[[1, 0], [575, 719], [-576, -719]]
[[1, 0], [576, 719], [-1155, -1438]]
[[1, 0], [577, 1438], [-579, -1438]]
[[1, 0], [577, 719], [-1157, -1438]]
[[1, 0], [578, 719], [-1159, -1438]]
[[1, 0], [579, 1438], [-581, -1438]]
[[1, 0], [579, 719], [-1161, -1438]]
[[1, 0], [58, 2157], [-59, -2157]]
[[1, 0], [58, 719], [-119, -1438]]
[[1, 0], [58, 719], [-59, -719]]
[[1, 0], [58, 719], [-60, -719]]
[[1, 0], [580, 719], [-1163, -1438]]
[[1, 0], [581, 1438], [-583, -1438]]
[[1, 0], [581, 719], [-1165, -1438]]
[[1, 0], [582, 719], [-1167, -1438]]
[[1, 0], [583, 1438], [-585, -1438]]
[[1, 0], [583, 719], [-1169, -1438]]
[[1, 0], [584, 719], [-1171, -1438]]
[[1, 0], [585, 1438], [-587, -1438]]
[[1, 0], [585, 719], [-1173, -1438]]
[[1, 0], [586, 719], [-1175, -1438]]
[[1, 0], [587, 1438], [-589, -1438]]
[[1, 0], [587, 719], [-1177, -1438]]
[[1, 0], [588, 719], [-1179, -1438]]
[[1, 0], [589, 1438], [-591, -1438]]
[[1, 0], [589, 719], [-1181, -1438]]
[[1, 0], [59, 1438], [-61, -1438]]
[[1, 0], [59, 719], [-121, -1438]]
[[1, 0], [59, 719], [-61, -719]]
[[1, 0], [590, 719], [-1183, -1438]]
[[1, 0], [591, 1438], [-593, -1438]]
[[1, 0], [591, 719], [-1185, -1438]]
[[1, 0], [592, 719], [-1187, -1438]]
[[1, 0], [593, 1438], [-595, -1438]]
[[1, 0], [593, 719], [-1189, -1438]]
[[1, 0], [594, 719], [-1191, -1438]]
[[1, 0], [595, 1438], [-597, -1438]]
[[1, 0], [595, 719], [-1193, -1438]]
[[1, 0], [596, 719], [-1195, -1438]]
[[1, 0], [597, 1438], [-599, -1438]]
[[1, 0], [597, 719], [-1197, -1438]]
[[1, 0], [598, 2157], [-599, -2157]]
[[1, 0], [598, 719], [-1199, -1438]]
[[1, 0], [599, 1438], [-601, -1438]]
[[1, 0], [599, 719], [-1201, -1438]]
[[1, 0], [6, 719], [-15, -1438]]
[[1, 0], [6, 719], [-7, -719]]
[[1, 0], [6, 719], [-8, -719]]
[[1, 0], [60, 719], [-123, -1438]]
[[1, 0], [60, 719], [-62, -719]]
[[1, 0], [600, 719], [-1203, -1438]]
[[1, 0], [601, 1438], [-603, -1438]]
[[1, 0], [601, 719], [-1205, -1438]]
[[1, 0], [602, 719], [-1207, -1438]]
[[1, 0], [603, 1438], [-605, -1438]]
[[1, 0], [603, 719], [-1209, -1438]]
[[1, 0], [604, 719], [-1211, -1438]]
[[1, 0], [605, 1438], [-607, -1438]]
[[1, 0], [605, 719], [-1213, -1438]]
[[1, 0], [606, 719], [-1215, -1438]]
[[1, 0], [607, 1438], [-609, -1438]]
[[1, 0], [607, 719], [-1217, -1438]]
[[1, 0], [608, 719], [-1219, -1438]]
[[1, 0], [609, 1438], [-611, -1438]]
[[1, 0], [609, 719], [-1221, -1438]]
[[1, 0], [61, 1438], [-63, -1438]]
[[1, 0], [61, 2157], [-62, -2157]]
[[1, 0], [61, 719], [-125, -1438]]
[[1, 0], [61, 719], [-63, -719]]
[[1, 0], [610, 719], [-1223, -1438]]
[[1, 0], [611, 1438], [-613, -1438]]
[[1, 0], [611, 719], [-1225, -1438]]
[[1, 0], [612, 719], [-1227, -1438]]
[[1, 0], [613, 1438], [-615, -1438]]
[[1, 0], [613, 719], [-1229, -1438]]
[[1, 0], [614, 719], [-1231, -1438]]
[[1, 0], [615, 1438], [-617, -1438]]
[[1, 0], [615, 719], [-1233, -1438]]
[[1, 0], [616, 719], [-1235, -1438]]
[[1, 0], [617, 1438], [-619, -1438]]
[[1, 0], [617, 719], [-1237, -1438]]
[[1, 0], [618, 719], [-1239, -1438]]
[[1, 0], [619, 1438], [-621, -1438]]
[[1, 0], [619, 719], [-1241, -1438]]
[[1, 0], [62, 719], [-127, -1438]]
[[1, 0], [62, 719], [-64, -719]]
[[1, 0], [620, 719], [-1243, -1438]]
[[1, 0], [621, 1438], [-623, -1438]]
[[1, 0], [621, 719], [-1245, -1438]]
[[1, 0], [622, 719], [-1247, -1438]]
[[1, 0], [623, 1438], [-625, -1438]]
[[1, 0], [623, 719], [-1249, -1438]]
[[1, 0], [624, 719], [-1251, -1438]]
[[1, 0], [625, 1438], [-627, -1438]]
[[1, 0], [625, 719], [-1253, -1438]]
[[1, 0], [626, 719], [-1255, -1438]]
[[1, 0], [627, 1438], [-629, -1438]]
[[1, 0], [627, 719], [-1257, -1438]]
[[1, 0], [628, 719], [-1259, -1438]]
[[1, 0], [629, 1438], [-631, -1438]]
[[1, 0], [629, 719], [-1261, -1438]]
[[1, 0], [63, 1438], [-65, -1438]]
[[1, 0], [63, 719], [-129, -1438]]
[[1, 0], [63, 719], [-64, -719]]
[[1, 0], [63, 719], [-65, -719]]
[[1, 0], [630, 719], [-1263, -1438]]
[[1, 0], [631, 1438], [-633, -1438]]
[[1, 0], [631, 719], [-1265, -1438]]
[[1, 0], [632, 719], [-1267, -1438]]
[[1, 0], [633, 1438], [-635, -1438]]
[[1, 0], [633, 719], [-1269, -1438]]
[[1, 0], [634, 719], [-1271, -1438]]
[[1, 0], [635, 1438], [-637, -1438]]
[[1, 0], [635, 719], [-1273, -1438]]
[[1, 0], [636, 719], [-1275, -1438]]
[[1, 0], [637, 1438], [-639, -1438]]
[[1, 0], [637, 719], [-1277, -1438]]
[[1, 0], [638, 719], [-1279, -1438]]
[[1, 0], [639, 1438], [-641, -1438]]
[[1, 0], [639, 719], [-1281, -1438]]
[[1, 0], [64, 2157], [-65, -2157]]
[[1, 0], [64, 719], [-131, -1438]]
[[1, 0], [64, 719], [-65, -719]]
[[1, 0], [64, 719], [-66, -719]]
[[1, 0], [640, 719], [-1283, -1438]]
[[1, 0], [641, 1438], [-643, -1438]]
[[1, 0], [641, 719], [-1285, -1438]]
[[1, 0], [642, 719], [-1287, -1438]]
[[1, 0], [643, 1438], [-645, -1438]]
[[1, 0], [643, 719], [-1289, -1438]]
[[1, 0], [644, 719], [-1291, -1438]]
[[1, 0], [645, 1438], [-647, -1438]]
[[1, 0], [645, 719], [-1293, -1438]]
[[1, 0], [646, 719], [-1295, -1438]]
[[1, 0], [647, 1438], [-649, -1438]]
[[1, 0], [647, 719], [-1297, -1438]]
[[1, 0], [648, 719], [-1299, -1438]]
[[1, 0], [649, 1438], [-651, -1438]]
[[1, 0], [649, 719], [-1301, -1438]]
[[1, 0], [65, 1438], [-67, -1438]]
[[1, 0], [65, 719], [-133, -1438]]
[[1, 0], [65, 719], [-66, -719]]
[[1, 0], [65, 719], [-67, -719]]
[[1, 0], [650, 719], [-1303, -1438]]
[[1, 0], [651, 1438], [-653, -1438]]
[[1, 0], [651, 719], [-1305, -1438]]
[[1, 0], [652, 719], [-1307, -1438]]
[[1, 0], [653, 1438], [-655, -1438]]
[[1, 0], [653, 719], [-1309, -1438]]
[[1, 0], [654, 719], [-1311, -1438]]
[[1, 0], [655, 1438], [-657, -1438]]
[[1, 0], [655, 719], [-1313, -1438]]
[[1, 0], [656, 719], [-1315, -1438]]
[[1, 0], [657, 1438], [-659, -1438]]
[[1, 0], [657, 719], [-1317, -1438]]
[[1, 0], [658, 719], [-1319, -1438]]
[[1, 0], [659, 1438], [-661, -1438]]
[[1, 0], [659, 719], [-1321, -1438]]
[[1, 0], [66, 719], [-135, -1438]]
[[1, 0], [66, 719], [-67, -719]]
[[1, 0], [66, 719], [-68, -719]]
[[1, 0], [660, 719], [-1323, -1438]]
[[1, 0], [661, 1438], [-663, -1438]]
[[1, 0], [661, 719], [-1325, -1438]]
[[1, 0], [662, 719], [-1327, -1438]]
[[1, 0], [663, 1438], [-665, -1438]]
[[1, 0], [663, 719], [-1329, -1438]]
[[1, 0], [664, 719], [-1331, -1438]]
[[1, 0], [665, 1438], [-667, -1438]]
[[1, 0], [665, 719], [-1333, -1438]]
[[1, 0], [666, 719], [-1335, -1438]]
[[1, 0], [667, 1438], [-669, -1438]]
[[1, 0], [667, 719], [-1337, -1438]]
[[1, 0], [668, 719], [-1339, -1438]]
[[1, 0], [669, 1438], [-671, -1438]]
[[1, 0], [669, 719], [-1341, -1438]]
[[1, 0], [67, 1438], [-69, -1438]]
[[1, 0], [67, 2157], [-68, -2157]]
[[1, 0], [67, 719], [-137, -1438]]
[[1, 0], [67, 719], [-68, -719]]
[[1, 0], [67, 719], [-69, -719]]
[[1, 0], [670, 2157], [-671, -2157]]
[[1, 0], [670, 719], [-1343, -1438]]
[[1, 0], [671, 1438], [-673, -1438]]
[[1, 0], [671, 719], [-1345, -1438]]
[[1, 0], [672, 719], [-1347, -1438]]
[[1, 0], [673, 1438], [-675, -1438]]
[[1, 0], [673, 719], [-1349, -1438]]
[[1, 0], [674, 719], [-1351, -1438]]
[[1, 0], [675, 1438], [-677, -1438]]
[[1, 0], [675, 719], [-1353, -1438]]
[[1, 0], [676, 719], [-1355, -1438]]
[[1, 0], [677, 1438], [-679, -1438]]
[[1, 0], [677, 719], [-1357, -1438]]
[[1, 0], [678, 719], [-1359, -1438]]
[[1, 0], [679, 1438], [-681, -1438]]
[[1, 0], [679, 719], [-1361, -1438]]
[[1, 0], [68, 719], [-139, -1438]]
[[1, 0], [68, 719], [-69, -719]]
[[1, 0], [68, 719], [-70, -719]]
[[1, 0], [680, 719], [-1363, -1438]]
[[1, 0], [681, 1438], [-683, -1438]]
[[1, 0], [681, 719], [-1365, -1438]]
[[1, 0], [682, 719], [-1367, -1438]]
[[1, 0], [683, 1438], [-685, -1438]]
[[1, 0], [683, 719], [-1369, -1438]]
[[1, 0], [684, 719], [-1371, -1438]]
[[1, 0], [685, 1438], [-687, -1438]]
[[1, 0], [685, 719], [-1373, -1438]]
[[1, 0], [686, 719], [-1375, -1438]]
[[1, 0], [687, 1438], [-689, -1438]]
[[1, 0], [687, 719], [-1377, -1438]]
[[1, 0], [688, 719], [-1379, -1438]]
[[1, 0], [689, 1438], [-691, -1438]]
[[1, 0], [689, 719], [-1381, -1438]]
[[1, 0], [69, 1438], [-71, -1438]]
[[1, 0], [69, 719], [-141, -1438]]
[[1, 0], [69, 719], [-70, -719]]
[[1, 0], [69, 719], [-71, -719]]
[[1, 0], [690, 719], [-1383, -1438]]
[[1, 0], [691, 1438], [-693, -1438]]
[[1, 0], [691, 2157], [-692, -2157]]
[[1, 0], [691, 719], [-1385, -1438]]
[[1, 0], [692, 719], [-1387, -1438]]
[[1, 0], [693, 1438], [-695, -1438]]
[[1, 0], [693, 719], [-1389, -1438]]
[[1, 0], [694, 719], [-1391, -1438]]
[[1, 0], [695, 1438], [-697, -1438]]
[[1, 0], [695, 719], [-1393, -1438]]
[[1, 0], [696, 719], [-1395, -1438]]
[[1, 0], [697, 1438], [-699, -1438]]
[[1, 0], [697, 2157], [-698, -2157]]
[[1, 0], [697, 719], [-1397, -1438]]
[[1, 0], [698, 719], [-1399, -1438]]
[[1, 0], [699, 1438], [-701, -1438]]
[[1, 0], [699, 719], [-1401, -1438]]
[[1, 0], [7, 1438], [-9, -1438]]
[[1, 0], [7, 2157], [-8, -2157]]
[[1, 0], [7, 719], [-17, -1438]]
[[1, 0], [7, 719], [-8, -719]]
[[1, 0], [7, 719], [-9, -719]]
[[1, 0], [70, 2157], [-71, -2157]]
[[1, 0], [70, 719], [-143, -1438]]
[[1, 0], [70, 719], [-71, -719]]
[[1, 0], [70, 719], [-72, -719]]
[[1, 0], [700, 719], [-1403, -1438]]
[[1, 0], [701, 1438], [-703, -1438]]
[[1, 0], [701, 719], [-1405, -1438]]
[[1, 0], [702, 719], [-1407, -1438]]
[[1, 0], [703, 1438], [-705, -1438]]
[[1, 0], [703, 719], [-1409, -1438]]
[[1, 0], [704, 719], [-1411, -1438]]
[[1, 0], [705, 1438], [-707, -1438]]
[[1, 0], [705, 719], [-1413, -1438]]
[[1, 0], [706, 719], [-1415, -1438]]
[[1, 0], [707, 1438], [-709, -1438]]
[[1, 0], [707, 719], [-1417, -1438]]
[[1, 0], [708, 719], [-1419, -1438]]
[[1, 0], [709, 1438], [-711, -1438]]
[[1, 0], [709, 2157], [-710, -2157]]
[[1, 0], [709, 719], [-1421, -1438]]
[[1, 0], [71, 1438], [-73, -1438]]
[[1, 0], [71, 719], [-145, -1438]]
[[1, 0], [71, 719], [-73, -719]]
[[1, 0], [710, 719], [-1423, -1438]]
[[1, 0], [711, 1438], [-713, -1438]]
[[1, 0], [711, 719], [-1425, -1438]]
[[1, 0], [712, 719], [-1427, -1438]]
[[1, 0], [712, 719], [-714, -719]]
[[1, 0], [713, 1438], [-715, -1438]]
[[1, 0], [713, 719], [-1429, -1438]]
[[1, 0], [714, 719], [-1431, -1438]]
[[1, 0], [715, 1438], [-717, -1438]]
[[1, 0], [715, 719], [-1433, -1438]]
[[1, 0], [716, 719], [-1435, -1438]]
[[1, 0], [717, 719], [-1437, -1438]]
[[1, 0], [718, 719], [-1439, -1438]]
[[1, 0], [718, 719], [-720, -719]]
[[1, 0], [72, 719], [-147, -1438]]
[[1, 0], [72, 719], [-74, -719]]
[[1, 0], [73, 1438], [-75, -1438]]
[[1, 0], [73, 2157], [-74, -2157]]
[[1, 0], [73, 719], [-149, -1438]]
[[1, 0], [73, 719], [-75, -719]]
[[1, 0], [74, 719], [-151, -1438]]
[[1, 0], [74, 719], [-76, -719]]
[[1, 0], [75, 1438], [-77, -1438]]
[[1, 0], [75, 719], [-153, -1438]]
[[1, 0], [75, 719], [-76, -719]]
[[1, 0], [75, 719], [-77, -719]]
[[1, 0], [76, 719], [-155, -1438]]
[[1, 0], [76, 719], [-78, -719]]
[[1, 0], [769, 2157], [-770, -2157]]
[[1, 0], [77, 1438], [-79, -1438]]
[[1, 0], [77, 719], [-157, -1438]]
[[1, 0], [77, 719], [-79, -719]]
[[1, 0], [78, 719], [-159, -1438]]
[[1, 0], [78, 719], [-79, -719]]
[[1, 0], [78, 719], [-80, -719]]
[[1, 0], [79, 1438], [-81, -1438]]
[[1, 0], [79, 2157], [-80, -2157]]
[[1, 0], [79, 719], [-161, -1438]]
[[1, 0], [79, 719], [-81, -719]]
[[1, 0], [8, 719], [-10, -719]]
[[1, 0], [8, 719], [-19, -1438]]
[[1, 0], [8, 719], [-9, -719]]
[[1, 0], [80, 719], [-163, -1438]]
[[1, 0], [80, 719], [-82, -719]]
[[1, 0], [81, 1438], [-83, -1438]]
[[1, 0], [81, 719], [-165, -1438]]
[[1, 0], [81, 719], [-83, -719]]
[[1, 0], [82, 719], [-167, -1438]]
[[1, 0], [82, 719], [-84, -719]]
[[1, 0], [823, 2157], [-824, -2157]]
[[1, 0], [83, 1438], [-85, -1438]]
[[1, 0], [83, 719], [-169, -1438]]
[[1, 0], [83, 719], [-85, -719]]
[[1, 0], [84, 719], [-171, -1438]]
[[1, 0], [84, 719], [-85, -719]]
[[1, 0], [84, 719], [-86, -719]]
[[1, 0], [85, 1438], [-87, -1438]]
[[1, 0], [85, 2157], [-86, -2157]]
[[1, 0], [85, 719], [-173, -1438]]
[[1, 0], [85, 719], [-86, -719]]
[[1, 0], [85, 719], [-87, -719]]
[[1, 0], [86, 719], [-175, -1438]]
[[1, 0], [86, 719], [-87, -719]]
[[1, 0], [86, 719], [-88, -719]]
[[1, 0], [865, 2157], [-866, -2157]]
[[1, 0], [87, 1438], [-89, -1438]]
[[1, 0], [87, 719], [-177, -1438]]
[[1, 0], [87, 719], [-88, -719]]
[[1, 0], [87, 719], [-89, -719]]
[[1, 0], [88, 2157], [-89, -2157]]
[[1, 0], [88, 719], [-179, -1438]]
[[1, 0], [88, 719], [-89, -719]]
[[1, 0], [88, 719], [-90, -719]]
[[1, 0], [89, 1438], [-91, -1438]]
[[1, 0], [89, 719], [-181, -1438]]
[[1, 0], [89, 719], [-91, -719]]
[[1, 0], [9, 1438], [-11, -1438]]
[[1, 0], [9, 719], [-10, -719]]
[[1, 0], [9, 719], [-11, -719]]
[[1, 0], [9, 719], [-21, -1438]]
[[1, 0], [90, 719], [-183, -1438]]
[[1, 0], [90, 719], [-92, -719]]
[[1, 0], [91, 1438], [-93, -1438]]
[[1, 0], [91, 2157], [-92, -2157]]
[[1, 0], [91, 719], [-185, -1438]]
[[1, 0], [91, 719], [-93, -719]]
[[1, 0], [92, 719], [-187, -1438]]
[[1, 0], [92, 719], [-93, -719]]
[[1, 0], [92, 719], [-94, -719]]
[[1, 0], [93, 1438], [-95, -1438]]
[[1, 0], [93, 719], [-189, -1438]]
[[1, 0], [93, 719], [-94, -719]]
[[1, 0], [93, 719], [-95, -719]]
[[1, 0], [94, 2157], [-95, -2157]]
[[1, 0], [94, 719], [-191, -1438]]
[[1, 0], [94, 719], [-95, -719]]
[[1, 0], [94, 719], [-96, -719]]
[[1, 0], [95, 1438], [-97, -1438]]
[[1, 0], [95, 719], [-193, -1438]]
[[1, 0], [95, 719], [-96, -719]]
[[1, 0], [95, 719], [-97, -719]]
[[1, 0], [96, 719], [-195, -1438]]
[[1, 0], [96, 719], [-97, -719]]
[[1, 0], [96, 719], [-98, -719]]
[[1, 0], [97, 1438], [-99, -1438]]
[[1, 0], [97, 719], [-197, -1438]]
[[1, 0], [97, 719], [-99, -719]]
[[1, 0], [98, 719], [-100, -719]]
[[1, 0], [98, 719], [-199, -1438]]
[[1, 0], [985, 2157], [-986, -2157]]
[[1, 0], [99, 1438], [-101, -1438]]
[[1, 0], [99, 719], [-100, -719]]
[[1, 0], [99, 719], [-101, -719]]
[[1, 0], [99, 719], [-201, -1438]]
