[[1, 0], [0, 1], [-10386, -17]]
[[1, 0], [0, 1], [-10386, -611]]
[[1, 0], [0, 1], [-1154, -105]]
[[1, 0], [0, 1], [-1154, -11]]
[[1, 0], [0, 1], [-1154, -15]]
[[1, 0], [0, 1], [-1154, -165]]
[[1, 0], [0, 1], [-1154, -1]]
[[1, 0], [0, 1], [-1154, -21]]
[[1, 0], [0, 1], [-1154, -231]]
[[1, 0], [0, 1], [-1154, -33]]
[[1, 0], [0, 1], [-1154, -35]]
[[1, 0], [0, 1], [-1154, -385]]
[[1, 0], [0, 1], [-1154, -3]]
[[1, 0], [0, 1], [-1154, -55]]
[[1, 0], [0, 1], [-1154, -5]]
[[1, 0], [0, 1], [-1154, -77]]
[[1, 0], [0, 1], [-1154, -7]]
[[1, 0], [0, 1], [-1155, -1154]]
[[1, 0], [0, 1], [-12117, -146]]
[[1, 0], [0, 1], [-12117, -83]]
[[1, 0], [0, 1], [-167330, -289]]
[[1, 0], [0, 1], [-167330, -579]]
[[1, 0], [0, 1], [-1731, -2]]
[[1, 0], [0, 1], [-1731, -866]]
[[1, 0], [0, 1], [-20195, -34]]
[[1, 0], [0, 1], [-20195, -594]]
[[1, 0], [0, 1], [-22503, -116]]
[[1, 0], [0, 1], [-22503, -194]]
[[1, 0], [0, 1], [-2885, -39]]
[[1, 0], [0, 1], [-2885, -74]]
[[1, 0], [0, 1], [-334083, -578]]
[[1, 0], [0, 1], [-4039, -202]]
[[1, 0], [0, 1], [-4039, -20]]
[[1, 0], [0, 1], [-5193, -53]]
[[1, 0], [0, 1], [-5193, -98]]
[[1, 0], [0, 1], [-55969, -193]]
[[1, 0], [0, 1], [-55969, -290]]
[[1, 0], [0, 1], [-577, -17]]
[[1, 0], [0, 1], [-577, -1]]
[[1, 0], [0, 1], [-577, -289]]
[[1, 0], [0, 1], [-577, -2]]
[[1, 0], [0, 1], [-577, -34]]
[[1, 0], [0, 1], [-5770, -199]]
[[1, 0], [0, 1], [-5770, -29]]
[[1, 0], [0, 1], [-578, -577]]
[[1, 0], [1, 10], [-243, -122]]
[[1, 0], [1, 10], [-2435, -116]]
[[1, 0], [1, 10], [-579, -20]]
[[1, 0], [1, 10], [-5799, -290]]
[[1, 0], [1, 10], [-753, -29]]
[[1, 0], [1, 1154], [-3, -1154]]
[[1, 0], [1, 116], [-1159, -580]]
[[1, 0], [1, 116], [-434, -145]]
[[1, 0], [1, 117], [-194, -195]]
[[1, 0], [1, 11], [-1209, -605]]
[[1, 0], [1, 11], [-5246, -583]]
[[1, 0], [1, 11], [-55, -28]]
[[1, 0], [1, 12], [-105, -106]]
[[1, 0], [1, 12], [-146, -21]]
[[1, 0], [1, 12], [-489, -98]]
[[1, 0], [1, 13], [-1169, -195]]
[[1, 0], [1, 145], [-579, -290]]
[[1, 0], [1, 14], [-1175, -294]]
[[1, 0], [1, 14], [-171, -86]]
[[1, 0], [1, 15], [-199, -100]]
[[1, 0], [1, 15], [-2924, -585]]
[[1, 0], [1, 15], [-389, -65]]
[[1, 0], [1, 16], [-221, -74]]
[[1, 0], [1, 16], [-77, -78]]
[[1, 0], [1, 1731], [-2, -1731]]
[[1, 0], [1, 17], [-10403, -289]]
[[1, 0], [1, 17], [-1155, -17]]
[[1, 0], [1, 17], [-1189, -595]]
[[1, 0], [1, 17], [-1733, -34]]
[[1, 0], [1, 17], [-20229, -578]]
[[1, 0], [1, 17], [-35, -18]]
[[1, 0], [1, 18], [-1187, -594]]
[[1, 0], [1, 18], [-34, -35]]
[[1, 0], [1, 18], [-611, -612]]
[[1, 0], [1, 18], [-98, -33]]
[[1, 0], [1, 193], [-1157, -579]]
[[1, 0], [1, 193], [-578, -193]]
[[1, 0], [1, 194], [-290, -291]]
[[1, 0], [1, 20], [-1594, -145]]
[[1, 0], [1, 20], [-5799, -580]]
[[1, 0], [1, 20], [-753, -58]]
[[1, 0], [1, 21], [-202, -203]]
[[1, 0], [1, 22], [-55, -56]]
[[1, 0], [1, 289], [-1155, -289]]
[[1, 0], [1, 289], [-1733, -578]]
[[1, 0], [1, 28], [-1175, -588]]
[[1, 0], [1, 28], [-146, -49]]
[[1, 0], [1, 290], [-579, -580]]
[[1, 0], [1, 29], [-1159, -145]]
[[1, 0], [1, 29], [-4059, -580]]
[[1, 0], [1, 29], [-579, -58]]
[[1, 0], [1, 2], [-10403, -34]]
[[1, 0], [1, 2], [-1155, -1154]]
[[1, 0], [1, 2], [-1155, -2]]
[[1, 0], [1, 2], [-1159, -10]]
[[1, 0], [1, 2], [-1175, -42]]
[[1, 0], [1, 2], [-1187, -66]]
[[1, 0], [1, 2], [-12263, -292]]
[[1, 0], [1, 2], [-1231, -154]]
[[1, 0], [1, 2], [-1259, -210]]
[[1, 0], [1, 2], [-1319, -330]]
[[1, 0], [1, 2], [-14209, -145]]
[[1, 0], [1, 2], [-1539, -770]]
[[1, 0], [1, 2], [-167619, -578]]
[[1, 0], [1, 2], [-290, -3]]
[[1, 0], [1, 2], [-2959, -148]]
[[1, 0], [1, 2], [-385, -193]]
[[1, 0], [1, 2], [-5291, -196]]
[[1, 0], [1, 2], [-5490, -17]]
[[1, 0], [1, 2], [-56259, -580]]
[[1, 0], [1, 2], [-578, -577]]
[[1, 0], [1, 2], [-579, -4]]
[[1, 0], [1, 2], [-5799, -58]]
[[1, 0], [1, 2], [-611, -68]]
[[1, 0], [1, 2], [-84098, -289]]
[[1, 0], [1, 30], [-199, -200]]
[[1, 0], [1, 34], [-10403, -578]]
[[1, 0], [1, 34], [-1155, -34]]
[[1, 0], [1, 34], [-35, -36]]
[[1, 0], [1, 34], [-5490, -289]]
[[1, 0], [1, 35], [-594, -595]]
[[1, 0], [1, 39], [-1169, -585]]
[[1, 0], [1, 39], [-194, -65]]
[[1, 0], [1, 3], [-1169, -45]]
[[1, 0], [1, 3], [-1187, -99]]
[[1, 0], [1, 3], [-1259, -315]]
[[1, 0], [1, 3], [-1385, -693]]
[[1, 0], [1, 3], [-18913, -193]]
[[1, 0], [1, 3], [-194, -5]]
[[1, 0], [1, 3], [-199, -20]]
[[1, 0], [1, 3], [-202, -29]]
[[1, 0], [1, 3], [-22697, -582]]
[[1, 0], [1, 3], [-231, -116]]
[[1, 0], [1, 3], [-289, -290]]
[[1, 0], [1, 3], [-2924, -117]]
[[1, 0], [1, 3], [-3879, -97]]
[[1, 0], [1, 3], [-389, -13]]
[[1, 0], [1, 3], [-4241, -606]]
[[1, 0], [1, 3], [-5291, -294]]
[[1, 0], [1, 3], [-56162, -579]]
[[1, 0], [1, 3], [-578, -3]]
[[1, 0], [1, 3], [-5969, -597]]
[[1, 0], [1, 3], [-611, -102]]
[[1, 0], [1, 3], [-866, -867]]
[[1, 0], [1, 40], [-74, -75]]
[[1, 0], [1, 45], [-389, -195]]
[[1, 0], [1, 4], [-1159, -20]]
[[1, 0], [1, 4], [-1175, -84]]
[[1, 0], [1, 4], [-12263, -584]]
[[1, 0], [1, 4], [-1231, -308]]
[[1, 0], [1, 4], [-1319, -660]]
[[1, 0], [1, 4], [-14209, -290]]
[[1, 0], [1, 4], [-146, -7]]
[[1, 0], [1, 4], [-1594, -29]]
[[1, 0], [1, 4], [-1605, -73]]
[[1, 0], [1, 4], [-165, -83]]
[[1, 0], [1, 4], [-2959, -296]]
[[1, 0], [1, 4], [-385, -386]]
[[1, 0], [1, 4], [-434, -5]]
[[1, 0], [1, 4], [-5799, -116]]
[[1, 0], [1, 53], [-1165, -583]]
[[1, 0], [1, 54], [-98, -99]]
[[1, 0], [1, 577], [-2, -577]]
[[1, 0], [1, 577], [-3, -577]]
[[1, 0], [1, 577], [-5, -1154]]
[[1, 0], [1, 578], [-1155, -578]]
[[1, 0], [1, 579], [-578, -579]]
[[1, 0], [1, 58], [-1159, -290]]
[[1, 0], [1, 58], [-579, -116]]
[[1, 0], [1, 5], [-22619, -580]]
[[1, 0], [1, 5], [-243, -61]]
[[1, 0], [1, 5], [-2435, -58]]
[[1, 0], [1, 5], [-2924, -195]]
[[1, 0], [1, 5], [-371, -124]]
[[1, 0], [1, 5], [-579, -10]]
[[1, 0], [1, 5], [-5799, -145]]
[[1, 0], [1, 5], [-594, -85]]
[[1, 0], [1, 6], [-105, -53]]
[[1, 0], [1, 6], [-1187, -198]]
[[1, 0], [1, 6], [-1259, -630]]
[[1, 0], [1, 6], [-199, -40]]
[[1, 0], [1, 6], [-231, -232]]
[[1, 0], [1, 6], [-3879, -194]]
[[1, 0], [1, 6], [-489, -49]]
[[1, 0], [1, 6], [-5291, -588]]
[[1, 0], [1, 6], [-611, -204]]
[[1, 0], [1, 6], [-98, -11]]
[[1, 0], [1, 7], [-1175, -147]]
[[1, 0], [1, 7], [-12200, -581]]
[[1, 0], [1, 7], [-171, -43]]
[[1, 0], [1, 7], [-594, -119]]
[[1, 0], [1, 83], [-1161, -581]]
[[1, 0], [1, 84], [-146, -147]]
[[1, 0], [1, 8], [-1231, -616]]
[[1, 0], [1, 8], [-1605, -146]]
[[1, 0], [1, 8], [-165, -166]]
[[1, 0], [1, 8], [-221, -37]]
[[1, 0], [1, 8], [-2959, -592]]
[[1, 0], [1, 8], [-74, -15]]
[[1, 0], [1, 8], [-77, -39]]
[[1, 0], [1, 9], [-1187, -297]]
[[1, 0], [1, 9], [-194, -15]]
[[1, 0], [1, 9], [-389, -39]]
[[1, 0], [1, 9], [-611, -306]]
[[1, 0], [10, 1731], [-11, -1731]]
[[1, 0], [10, 577], [-11, -577]]
[[1, 0], [10, 577], [-12, -577]]
[[1, 0], [10, 577], [-23, -1154]]
[[1, 0], [100, 1731], [-101, -1731]]
[[1, 0], [100, 577], [-102, -577]]
[[1, 0], [100, 577], [-203, -1154]]
[[1, 0], [101, 1154], [-103, -1154]]
[[1, 0], [101, 577], [-103, -577]]
[[1, 0], [101, 577], [-205, -1154]]
[[1, 0], [102, 577], [-104, -577]]
[[1, 0], [102, 577], [-207, -1154]]
[[1, 0], [103, 1154], [-105, -1154]]
[[1, 0], [103, 1731], [-104, -1731]]
[[1, 0], [103, 577], [-105, -577]]
[[1, 0], [103, 577], [-209, -1154]]
[[1, 0], [104, 577], [-106, -577]]
[[1, 0], [104, 577], [-211, -1154]]
[[1, 0], [105, 1154], [-107, -1154]]
[[1, 0], [105, 577], [-107, -577]]
[[1, 0], [105, 577], [-213, -1154]]
[[1, 0], [106, 577], [-108, -577]]
[[1, 0], [106, 577], [-215, -1154]]
[[1, 0], [107, 1154], [-109, -1154]]
[[1, 0], [107, 577], [-108, -577]]
[[1, 0], [107, 577], [-109, -577]]
[[1, 0], [107, 577], [-217, -1154]]
[[1, 0], [108, 577], [-110, -577]]
[[1, 0], [108, 577], [-219, -1154]]
[[1, 0], [109, 1154], [-111, -1154]]
[[1, 0], [109, 1731], [-110, -1731]]
[[1, 0], [109, 577], [-111, -577]]
[[1, 0], [109, 577], [-221, -1154]]
[[1, 0], [11, 1154], [-13, -1154]]
[[1, 0], [11, 577], [-12, -577]]
[[1, 0], [11, 577], [-13, -577]]
[[1, 0], [11, 577], [-25, -1154]]
[[1, 0], [110, 577], [-112, -577]]
[[1, 0], [110, 577], [-223, -1154]]
[[1, 0], [111, 1154], [-113, -1154]]
[[1, 0], [111, 577], [-113, -577]]
[[1, 0], [111, 577], [-225, -1154]]
[[1, 0], [112, 1731], [-113, -1731]]
[[1, 0], [112, 577], [-113, -577]]
[[1, 0], [112, 577], [-114, -577]]
[[1, 0], [112, 577], [-227, -1154]]
[[1, 0], [113, 1154], [-115, -1154]]
[[1, 0], [113, 577], [-114, -577]]
[[1, 0], [113, 577], [-115, -577]]
[[1, 0], [113, 577], [-229, -1154]]
[[1, 0], [114, 577], [-115, -577]]
[[1, 0], [114, 577], [-116, -577]]
[[1, 0], [114, 577], [-231, -1154]]
[[1, 0], [1147, 1154], [-1149, -1154]]
[[1, 0], [115, 1154], [-117, -1154]]
[[1, 0], [115, 1731], [-116, -1731]]
[[1, 0], [115, 577], [-116, -577]]
[[1, 0], [115, 577], [-117, -577]]
[[1, 0], [115, 577], [-233, -1154]]
[[1, 0], [1153, 1154], [-1155, -1154]]
[[1, 0], [116, 577], [-117, -577]]
[[1, 0], [116, 577], [-118, -577]]
[[1, 0], [116, 577], [-235, -1154]]
[[1, 0], [117, 1154], [-119, -1154]]
[[1, 0], [117, 577], [-119, -577]]
[[1, 0], [117, 577], [-237, -1154]]
[[1, 0], [118, 577], [-120, -577]]
[[1, 0], [118, 577], [-239, -1154]]
[[1, 0], [119, 1154], [-121, -1154]]
[[1, 0], [119, 577], [-120, -577]]
[[1, 0], [119, 577], [-121, -577]]
[[1, 0], [119, 577], [-241, -1154]]
[[1, 0], [12, 577], [-13, -577]]
[[1, 0], [12, 577], [-14, -577]]
[[1, 0], [12, 577], [-27, -1154]]
[[1, 0], [120, 577], [-122, -577]]
[[1, 0], [120, 577], [-243, -1154]]
[[1, 0], [121, 1154], [-123, -1154]]
[[1, 0], [121, 1731], [-122, -1731]]
[[1, 0], [121, 577], [-123, -577]]
[[1, 0], [121, 577], [-245, -1154]]
[[1, 0], [122, 577], [-123, -577]]
[[1, 0], [122, 577], [-124, -577]]
[[1, 0], [122, 577], [-247, -1154]]
[[1, 0], [123, 1154], [-125, -1154]]
[[1, 0], [123, 577], [-124, -577]]
[[1, 0], [123, 577], [-125, -577]]
[[1, 0], [123, 577], [-249, -1154]]
[[1, 0], [124, 1731], [-125, -1731]]
[[1, 0], [124, 577], [-126, -577]]
[[1, 0], [124, 577], [-251, -1154]]
[[1, 0], [125, 1154], [-127, -1154]]
[[1, 0], [125, 577], [-127, -577]]
[[1, 0], [125, 577], [-253, -1154]]
[[1, 0], [126, 577], [-128, -577]]
[[1, 0], [126, 577], [-255, -1154]]
[[1, 0], [127, 1154], [-129, -1154]]
[[1, 0], [127, 1731], [-128, -1731]]
[[1, 0], [127, 577], [-128, -577]]
[[1, 0], [127, 577], [-129, -577]]
[[1, 0], [127, 577], [-257, -1154]]
[[1, 0], [128, 577], [-129, -577]]
[[1, 0], [128, 577], [-130, -577]]
[[1, 0], [128, 577], [-259, -1154]]
[[1, 0], [129, 1154], [-131, -1154]]
[[1, 0], [129, 577], [-130, -577]]
[[1, 0], [129, 577], [-131, -577]]
[[1, 0], [129, 577], [-261, -1154]]
[[1, 0], [13, 1154], [-15, -1154]]
[[1, 0], [13, 1731], [-14, -1731]]
[[1, 0], [13, 577], [-14, -577]]
[[1, 0], [13, 577], [-15, -577]]
[[1, 0], [13, 577], [-29, -1154]]
[[1, 0], [130, 1731], [-131, -1731]]
[[1, 0], [130, 577], [-131, -577]]
[[1, 0], [130, 577], [-132, -577]]
[[1, 0], [130, 577], [-263, -1154]]
[[1, 0], [131, 1154], [-133, -1154]]
[[1, 0], [131, 577], [-132, -577]]
[[1, 0], [131, 577], [-133, -577]]
[[1, 0], [131, 577], [-265, -1154]]
[[1, 0], [132, 577], [-133, -577]]
[[1, 0], [132, 577], [-134, -577]]
[[1, 0], [132, 577], [-267, -1154]]
[[1, 0], [133, 1154], [-135, -1154]]
[[1, 0], [133, 1731], [-134, -1731]]
[[1, 0], [133, 577], [-134, -577]]
[[1, 0], [133, 577], [-135, -577]]
[[1, 0], [133, 577], [-269, -1154]]
[[1, 0], [134, 577], [-135, -577]]
[[1, 0], [134, 577], [-136, -577]]
[[1, 0], [134, 577], [-271, -1154]]
[[1, 0], [135, 1154], [-137, -1154]]
[[1, 0], [135, 577], [-136, -577]]
[[1, 0], [135, 577], [-137, -577]]
[[1, 0], [135, 577], [-273, -1154]]
[[1, 0], [136, 1731], [-137, -1731]]
[[1, 0], [136, 577], [-137, -577]]
[[1, 0], [136, 577], [-138, -577]]
[[1, 0], [136, 577], [-275, -1154]]
[[1, 0], [137, 1154], [-139, -1154]]
[[1, 0], [137, 577], [-139, -577]]
[[1, 0], [137, 577], [-277, -1154]]
[[1, 0], [138, 577], [-140, -577]]
[[1, 0], [138, 577], [-279, -1154]]
[[1, 0], [139, 1154], [-141, -1154]]
[[1, 0], [139, 577], [-141, -577]]
[[1, 0], [139, 577], [-281, -1154]]
[[1, 0], [14, 577], [-15, -577]]
[[1, 0], [14, 577], [-16, -577]]
[[1, 0], [14, 577], [-31, -1154]]
[[1, 0], [140, 577], [-142, -577]]
[[1, 0], [140, 577], [-283, -1154]]
[[1, 0], [141, 1154], [-143, -1154]]
[[1, 0], [141, 577], [-142, -577]]
[[1, 0], [141, 577], [-143, -577]]
[[1, 0], [141, 577], [-285, -1154]]
[[1, 0], [142, 1731], [-143, -1731]]
[[1, 0], [142, 577], [-143, -577]]
[[1, 0], [142, 577], [-144, -577]]
[[1, 0], [142, 577], [-287, -1154]]
[[1, 0], [143, 1154], [-145, -1154]]
[[1, 0], [143, 577], [-145, -577]]
[[1, 0], [143, 577], [-289, -1154]]
[[1, 0], [144, 577], [-146, -577]]
[[1, 0], [144, 577], [-291, -1154]]
[[1, 0], [145, 1154], [-147, -1154]]
[[1, 0], [145, 577], [-147, -577]]
[[1, 0], [145, 577], [-293, -1154]]
[[1, 0], [146, 577], [-148, -577]]
[[1, 0], [146, 577], [-295, -1154]]
[[1, 0], [147, 1154], [-149, -1154]]
[[1, 0], [147, 577], [-148, -577]]
[[1, 0], [147, 577], [-149, -577]]
[[1, 0], [147, 577], [-297, -1154]]
[[1, 0], [148, 1731], [-149, -1731]]
[[1, 0], [148, 577], [-149, -577]]
[[1, 0], [148, 577], [-150, -577]]
[[1, 0], [148, 577], [-299, -1154]]
[[1, 0], [149, 1154], [-151, -1154]]
[[1, 0], [149, 577], [-151, -577]]
[[1, 0], [149, 577], [-301, -1154]]
[[1, 0], [15, 1154], [-17, -1154]]
[[1, 0], [15, 577], [-16, -577]]
[[1, 0], [15, 577], [-17, -577]]
[[1, 0], [15, 577], [-33, -1154]]
[[1, 0], [150, 577], [-152, -577]]
[[1, 0], [150, 577], [-303, -1154]]
[[1, 0], [151, 1154], [-153, -1154]]
[[1, 0], [151, 1731], [-152, -1731]]
[[1, 0], [151, 577], [-153, -577]]
[[1, 0], [151, 577], [-305, -1154]]
[[1, 0], [152, 577], [-154, -577]]
[[1, 0], [152, 577], [-307, -1154]]
[[1, 0], [153, 1154], [-155, -1154]]
[[1, 0], [153, 577], [-155, -577]]
[[1, 0], [153, 577], [-309, -1154]]
[[1, 0], [154, 577], [-156, -577]]
[[1, 0], [154, 577], [-311, -1154]]
[[1, 0], [155, 1154], [-157, -1154]]
[[1, 0], [155, 577], [-157, -577]]
[[1, 0], [155, 577], [-313, -1154]]
[[1, 0], [156, 577], [-158, -577]]
[[1, 0], [156, 577], [-315, -1154]]
[[1, 0], [157, 1154], [-159, -1154]]
[[1, 0], [157, 1731], [-158, -1731]]
[[1, 0], [157, 577], [-159, -577]]
[[1, 0], [157, 577], [-317, -1154]]
[[1, 0], [158, 577], [-160, -577]]
[[1, 0], [158, 577], [-319, -1154]]
[[1, 0], [159, 1154], [-161, -1154]]
[[1, 0], [159, 577], [-161, -577]]
[[1, 0], [159, 577], [-321, -1154]]
[[1, 0], [16, 1731], [-17, -1731]]
[[1, 0], [16, 577], [-17, -577]]
[[1, 0], [16, 577], [-18, -577]]
[[1, 0], [16, 577], [-35, -1154]]
[[1, 0], [160, 577], [-162, -577]]
[[1, 0], [160, 577], [-323, -1154]]
[[1, 0], [161, 1154], [-163, -1154]]
[[1, 0], [161, 577], [-163, -577]]
[[1, 0], [161, 577], [-325, -1154]]
[[1, 0], [162, 577], [-163, -577]]
[[1, 0], [162, 577], [-164, -577]]
[[1, 0], [162, 577], [-327, -1154]]
[[1, 0], [163, 1154], [-165, -1154]]
[[1, 0], [163, 577], [-165, -577]]
[[1, 0], [163, 577], [-329, -1154]]
[[1, 0], [164, 577], [-166, -577]]
[[1, 0], [164, 577], [-331, -1154]]
[[1, 0], [165, 1154], [-167, -1154]]
[[1, 0], [165, 577], [-167, -577]]
[[1, 0], [165, 577], [-333, -1154]]
[[1, 0], [166, 577], [-168, -577]]
[[1, 0], [166, 577], [-335, -1154]]
[[1, 0], [167, 1154], [-169, -1154]]
[[1, 0], [167, 577], [-169, -577]]
[[1, 0], [167, 577], [-337, -1154]]
[[1, 0], [168, 577], [-170, -577]]
[[1, 0], [168, 577], [-339, -1154]]
[[1, 0], [169, 1154], [-171, -1154]]
[[1, 0], [169, 577], [-171, -577]]
[[1, 0], [169, 577], [-341, -1154]]
[[1, 0], [17, 1154], [-19, -1154]]
[[1, 0], [17, 577], [-18, -577]]
[[1, 0], [17, 577], [-19, -577]]
[[1, 0], [17, 577], [-37, -1154]]
[[1, 0], [170, 577], [-172, -577]]
[[1, 0], [170, 577], [-343, -1154]]
[[1, 0], [171, 1154], [-173, -1154]]
[[1, 0], [171, 577], [-173, -577]]
[[1, 0], [171, 577], [-345, -1154]]
[[1, 0], [172, 577], [-174, -577]]
[[1, 0], [172, 577], [-347, -1154]]
[[1, 0], [173, 1154], [-175, -1154]]
[[1, 0], [173, 577], [-175, -577]]
[[1, 0], [173, 577], [-349, -1154]]
[[1, 0], [174, 577], [-176, -577]]
[[1, 0], [174, 577], [-351, -1154]]
[[1, 0], [175, 1154], [-177, -1154]]
[[1, 0], [175, 1731], [-176, -1731]]
[[1, 0], [175, 577], [-177, -577]]
[[1, 0], [175, 577], [-353, -1154]]
[[1, 0], [176, 577], [-178, -577]]
[[1, 0], [176, 577], [-355, -1154]]
[[1, 0], [177, 1154], [-179, -1154]]
[[1, 0], [177, 577], [-179, -577]]
[[1, 0], [177, 577], [-357, -1154]]
[[1, 0], [178, 1731], [-179, -1731]]
[[1, 0], [178, 577], [-180, -577]]
[[1, 0], [178, 577], [-359, -1154]]
[[1, 0], [179, 1154], [-181, -1154]]
[[1, 0], [179, 577], [-180, -577]]
[[1, 0], [179, 577], [-181, -577]]
[[1, 0], [179, 577], [-361, -1154]]
[[1, 0], [18, 577], [-19, -577]]
[[1, 0], [18, 577], [-20, -577]]
[[1, 0], [18, 577], [-39, -1154]]
[[1, 0], [180, 577], [-182, -577]]
[[1, 0], [180, 577], [-363, -1154]]
[[1, 0], [181, 1154], [-183, -1154]]
[[1, 0], [181, 1731], [-182, -1731]]
[[1, 0], [181, 577], [-183, -577]]
[[1, 0], [181, 577], [-365, -1154]]
[[1, 0], [182, 577], [-184, -577]]
[[1, 0], [182, 577], [-367, -1154]]
[[1, 0], [183, 1154], [-185, -1154]]
[[1, 0], [183, 577], [-184, -577]]
[[1, 0], [183, 577], [-185, -577]]
[[1, 0], [183, 577], [-369, -1154]]
[[1, 0], [184, 577], [-186, -577]]
[[1, 0], [184, 577], [-371, -1154]]
[[1, 0], [185, 1154], [-187, -1154]]
[[1, 0], [185, 577], [-187, -577]]
[[1, 0], [185, 577], [-373, -1154]]
[[1, 0], [186, 577], [-188, -577]]
[[1, 0], [186, 577], [-375, -1154]]
[[1, 0], [187, 1154], [-189, -1154]]
[[1, 0], [187, 1731], [-188, -1731]]
[[1, 0], [187, 577], [-189, -577]]
[[1, 0], [187, 577], [-377, -1154]]
[[1, 0], [188, 577], [-190, -577]]
[[1, 0], [188, 577], [-379, -1154]]
[[1, 0], [189, 1154], [-191, -1154]]
[[1, 0], [189, 577], [-191, -577]]
[[1, 0], [189, 577], [-381, -1154]]
[[1, 0], [19, 1154], [-21, -1154]]
[[1, 0], [19, 1731], [-20, -1731]]
[[1, 0], [19, 577], [-20, -577]]
[[1, 0], [19, 577], [-21, -577]]
[[1, 0], [19, 577], [-41, -1154]]
[[1, 0], [190, 577], [-192, -577]]
[[1, 0], [190, 577], [-383, -1154]]
[[1, 0], [191, 1154], [-193, -1154]]
[[1, 0], [191, 577], [-193, -577]]
[[1, 0], [191, 577], [-385, -1154]]
[[1, 0], [192, 577], [-194, -577]]
[[1, 0], [192, 577], [-387, -1154]]
[[1, 0], [193, 1154], [-195, -1154]]
[[1, 0], [193, 577], [-195, -577]]
[[1, 0], [193, 577], [-389, -1154]]
[[1, 0], [194, 577], [-196, -577]]
[[1, 0], [194, 577], [-391, -1154]]
[[1, 0], [195, 1154], [-197, -1154]]
[[1, 0], [195, 577], [-196, -577]]
[[1, 0], [195, 577], [-197, -577]]
[[1, 0], [195, 577], [-393, -1154]]
[[1, 0], [196, 1731], [-197, -1731]]
[[1, 0], [196, 577], [-198, -577]]
[[1, 0], [196, 577], [-395, -1154]]
[[1, 0], [197, 1154], [-199, -1154]]
[[1, 0], [197, 577], [-199, -577]]
[[1, 0], [197, 577], [-397, -1154]]
[[1, 0], [198, 577], [-200, -577]]
[[1, 0], [198, 577], [-399, -1154]]
[[1, 0], [199, 1154], [-201, -1154]]
[[1, 0], [199, 1731], [-200, -1731]]
[[1, 0], [199, 577], [-201, -577]]
[[1, 0], [199, 577], [-401, -1154]]
[[1, 0], [2, 577], [-3, -577]]
[[1, 0], [2, 577], [-4, -577]]
[[1, 0], [2, 577], [-7, -1154]]
[[1, 0], [20, 577], [-21, -577]]
[[1, 0], [20, 577], [-22, -577]]
[[1, 0], [20, 577], [-43, -1154]]
[[1, 0], [200, 577], [-201, -577]]
[[1, 0], [200, 577], [-202, -577]]
[[1, 0], [200, 577], [-403, -1154]]
[[1, 0], [201, 1154], [-203, -1154]]
[[1, 0], [201, 577], [-203, -577]]
[[1, 0], [201, 577], [-405, -1154]]
[[1, 0], [202, 1731], [-203, -1731]]
[[1, 0], [202, 577], [-204, -577]]
[[1, 0], [202, 577], [-407, -1154]]
[[1, 0], [203, 1154], [-205, -1154]]
[[1, 0], [203, 577], [-205, -577]]
[[1, 0], [203, 577], [-409, -1154]]
[[1, 0], [204, 577], [-206, -577]]
[[1, 0], [204, 577], [-411, -1154]]
[[1, 0], [205, 1154], [-207, -1154]]
[[1, 0], [205, 577], [-207, -577]]
[[1, 0], [205, 577], [-413, -1154]]
[[1, 0], [206, 577], [-208, -577]]
[[1, 0], [206, 577], [-415, -1154]]
[[1, 0], [207, 1154], [-209, -1154]]
[[1, 0], [207, 577], [-209, -577]]
[[1, 0], [207, 577], [-417, -1154]]
[[1, 0], [208, 1731], [-209, -1731]]
[[1, 0], [208, 577], [-210, -577]]
[[1, 0], [208, 577], [-419, -1154]]
[[1, 0], [209, 1154], [-211, -1154]]
[[1, 0], [209, 577], [-211, -577]]
[[1, 0], [209, 577], [-421, -1154]]
[[1, 0], [21, 1154], [-23, -1154]]
[[1, 0], [21, 577], [-22, -577]]
[[1, 0], [21, 577], [-23, -577]]
[[1, 0], [21, 577], [-45, -1154]]
[[1, 0], [210, 577], [-212, -577]]
[[1, 0], [210, 577], [-423, -1154]]
[[1, 0], [211, 1154], [-213, -1154]]
[[1, 0], [211, 1731], [-212, -1731]]
[[1, 0], [211, 577], [-213, -577]]
[[1, 0], [211, 577], [-425, -1154]]
[[1, 0], [212, 577], [-213, -577]]
[[1, 0], [212, 577], [-214, -577]]
[[1, 0], [212, 577], [-427, -1154]]
[[1, 0], [213, 1154], [-215, -1154]]
[[1, 0], [213, 577], [-214, -577]]
[[1, 0], [213, 577], [-215, -577]]
[[1, 0], [213, 577], [-429, -1154]]
[[1, 0], [214, 1731], [-215, -1731]]
[[1, 0], [214, 577], [-216, -577]]
[[1, 0], [214, 577], [-431, -1154]]
[[1, 0], [215, 1154], [-217, -1154]]
[[1, 0], [215, 577], [-217, -577]]
[[1, 0], [215, 577], [-433, -1154]]
[[1, 0], [216, 577], [-218, -577]]
[[1, 0], [216, 577], [-435, -1154]]
[[1, 0], [217, 1154], [-219, -1154]]
[[1, 0], [217, 1731], [-218, -1731]]
[[1, 0], [217, 577], [-219, -577]]
[[1, 0], [217, 577], [-437, -1154]]
[[1, 0], [218, 577], [-220, -577]]
[[1, 0], [218, 577], [-439, -1154]]
[[1, 0], [219, 1154], [-221, -1154]]
[[1, 0], [219, 577], [-221, -577]]
[[1, 0], [219, 577], [-441, -1154]]
[[1, 0], [22, 1731], [-23, -1731]]
[[1, 0], [22, 577], [-23, -577]]
[[1, 0], [22, 577], [-24, -577]]
[[1, 0], [22, 577], [-47, -1154]]
[[1, 0], [220, 577], [-222, -577]]
[[1, 0], [220, 577], [-443, -1154]]
[[1, 0], [221, 1154], [-223, -1154]]
[[1, 0], [221, 577], [-223, -577]]
[[1, 0], [221, 577], [-445, -1154]]
[[1, 0], [222, 577], [-224, -577]]
[[1, 0], [222, 577], [-447, -1154]]
[[1, 0], [223, 1154], [-225, -1154]]
[[1, 0], [223, 577], [-225, -577]]
[[1, 0], [223, 577], [-449, -1154]]
[[1, 0], [224, 577], [-226, -577]]
[[1, 0], [224, 577], [-451, -1154]]
[[1, 0], [225, 1154], [-227, -1154]]
[[1, 0], [225, 577], [-227, -577]]
[[1, 0], [225, 577], [-453, -1154]]
[[1, 0], [226, 577], [-228, -577]]
[[1, 0], [226, 577], [-455, -1154]]
[[1, 0], [227, 1154], [-229, -1154]]
[[1, 0], [227, 577], [-229, -577]]
[[1, 0], [227, 577], [-457, -1154]]
[[1, 0], [228, 577], [-230, -577]]
[[1, 0], [228, 577], [-459, -1154]]
[[1, 0], [229, 1154], [-231, -1154]]
[[1, 0], [229, 577], [-231, -577]]
[[1, 0], [229, 577], [-461, -1154]]
[[1, 0], [23, 1154], [-25, -1154]]
[[1, 0], [23, 577], [-24, -577]]
[[1, 0], [23, 577], [-25, -577]]
[[1, 0], [23, 577], [-49, -1154]]
[[1, 0], [230, 577], [-232, -577]]
[[1, 0], [230, 577], [-463, -1154]]
[[1, 0], [231, 1154], [-233, -1154]]
[[1, 0], [231, 577], [-233, -577]]
[[1, 0], [231, 577], [-465, -1154]]
[[1, 0], [232, 577], [-234, -577]]
[[1, 0], [232, 577], [-467, -1154]]
[[1, 0], [233, 1154], [-235, -1154]]
[[1, 0], [233, 577], [-235, -577]]
[[1, 0], [233, 577], [-469, -1154]]
[[1, 0], [234, 577], [-236, -577]]
[[1, 0], [234, 577], [-471, -1154]]
[[1, 0], [235, 1154], [-237, -1154]]
[[1, 0], [235, 577], [-237, -577]]
[[1, 0], [235, 577], [-473, -1154]]
[[1, 0], [236, 577], [-238, -577]]
[[1, 0], [236, 577], [-475, -1154]]
[[1, 0], [237, 1154], [-239, -1154]]
[[1, 0], [237, 577], [-239, -577]]
[[1, 0], [237, 577], [-477, -1154]]
[[1, 0], [238, 577], [-240, -577]]
[[1, 0], [238, 577], [-479, -1154]]
[[1, 0], [239, 1154], [-241, -1154]]
[[1, 0], [239, 577], [-241, -577]]
[[1, 0], [239, 577], [-481, -1154]]
[[1, 0], [24, 577], [-26, -577]]
[[1, 0], [24, 577], [-51, -1154]]
[[1, 0], [240, 577], [-242, -577]]
[[1, 0], [240, 577], [-483, -1154]]
[[1, 0], [241, 1154], [-243, -1154]]
[[1, 0], [241, 1731], [-242, -1731]]
[[1, 0], [241, 577], [-243, -577]]
[[1, 0], [241, 577], [-485, -1154]]
[[1, 0], [242, 577], [-244, -577]]
[[1, 0], [242, 577], [-487, -1154]]
[[1, 0], [243, 1154], [-245, -1154]]
[[1, 0], [243, 577], [-245, -577]]
[[1, 0], [243, 577], [-489, -1154]]
[[1, 0], [244, 1731], [-245, -1731]]
[[1, 0], [244, 577], [-246, -577]]
[[1, 0], [244, 577], [-491, -1154]]
[[1, 0], [245, 1154], [-247, -1154]]
[[1, 0], [245, 577], [-247, -577]]
[[1, 0], [245, 577], [-493, -1154]]
[[1, 0], [246, 577], [-248, -577]]
[[1, 0], [246, 577], [-495, -1154]]
[[1, 0], [247, 1154], [-249, -1154]]
[[1, 0], [247, 1731], [-248, -1731]]
[[1, 0], [247, 577], [-249, -577]]
[[1, 0], [247, 577], [-497, -1154]]
[[1, 0], [248, 577], [-250, -577]]
[[1, 0], [248, 577], [-499, -1154]]
[[1, 0], [249, 1154], [-251, -1154]]
[[1, 0], [249, 577], [-251, -577]]
[[1, 0], [249, 577], [-501, -1154]]
[[1, 0], [25, 1154], [-27, -1154]]
[[1, 0], [25, 1731], [-26, -1731]]
[[1, 0], [25, 577], [-26, -577]]
[[1, 0], [25, 577], [-27, -577]]
[[1, 0], [25, 577], [-53, -1154]]
[[1, 0], [250, 577], [-252, -577]]
[[1, 0], [250, 577], [-503, -1154]]
[[1, 0], [251, 1154], [-253, -1154]]
[[1, 0], [251, 577], [-253, -577]]
[[1, 0], [251, 577], [-505, -1154]]
[[1, 0], [252, 577], [-254, -577]]
[[1, 0], [252, 577], [-507, -1154]]
[[1, 0], [253, 1154], [-255, -1154]]
[[1, 0], [253, 577], [-255, -577]]
[[1, 0], [253, 577], [-509, -1154]]
[[1, 0], [254, 577], [-256, -577]]
[[1, 0], [254, 577], [-511, -1154]]
[[1, 0], [255, 1154], [-257, -1154]]
[[1, 0], [255, 577], [-257, -577]]
[[1, 0], [255, 577], [-513, -1154]]
[[1, 0], [256, 577], [-258, -577]]
[[1, 0], [256, 577], [-515, -1154]]
[[1, 0], [257, 1154], [-259, -1154]]
[[1, 0], [257, 577], [-259, -577]]
[[1, 0], [257, 577], [-517, -1154]]
[[1, 0], [258, 577], [-260, -577]]
[[1, 0], [258, 577], [-519, -1154]]
[[1, 0], [259, 1154], [-261, -1154]]
[[1, 0], [259, 1731], [-260, -1731]]
[[1, 0], [259, 577], [-261, -577]]
[[1, 0], [259, 577], [-521, -1154]]
[[1, 0], [26, 577], [-27, -577]]
[[1, 0], [26, 577], [-28, -577]]
[[1, 0], [26, 577], [-55, -1154]]
[[1, 0], [260, 577], [-262, -577]]
[[1, 0], [260, 577], [-523, -1154]]
[[1, 0], [261, 1154], [-263, -1154]]
[[1, 0], [261, 577], [-263, -577]]
[[1, 0], [261, 577], [-525, -1154]]
[[1, 0], [262, 1731], [-263, -1731]]
[[1, 0], [262, 577], [-264, -577]]
[[1, 0], [262, 577], [-527, -1154]]
[[1, 0], [263, 1154], [-265, -1154]]
[[1, 0], [263, 577], [-265, -577]]
[[1, 0], [263, 577], [-529, -1154]]
[[1, 0], [264, 577], [-266, -577]]
[[1, 0], [264, 577], [-531, -1154]]
[[1, 0], [265, 1154], [-267, -1154]]
[[1, 0], [265, 1731], [-266, -1731]]
[[1, 0], [265, 577], [-267, -577]]
[[1, 0], [265, 577], [-533, -1154]]
[[1, 0], [266, 577], [-268, -577]]
[[1, 0], [266, 577], [-535, -1154]]
[[1, 0], [267, 1154], [-269, -1154]]
[[1, 0], [267, 577], [-269, -577]]
[[1, 0], [267, 577], [-537, -1154]]
[[1, 0], [268, 577], [-270, -577]]
[[1, 0], [268, 577], [-539, -1154]]
[[1, 0], [269, 1154], [-271, -1154]]
[[1, 0], [269, 577], [-271, -577]]
[[1, 0], [269, 577], [-541, -1154]]
[[1, 0], [27, 1154], [-29, -1154]]
[[1, 0], [27, 577], [-28, -577]]
[[1, 0], [27, 577], [-29, -577]]
[[1, 0], [27, 577], [-57, -1154]]
[[1, 0], [270, 577], [-272, -577]]
[[1, 0], [270, 577], [-543, -1154]]
[[1, 0], [271, 1154], [-273, -1154]]
[[1, 0], [271, 577], [-273, -577]]
[[1, 0], [271, 577], [-545, -1154]]
[[1, 0], [272, 577], [-274, -577]]
[[1, 0], [272, 577], [-547, -1154]]
[[1, 0], [273, 1154], [-275, -1154]]
[[1, 0], [273, 577], [-275, -577]]
[[1, 0], [273, 577], [-549, -1154]]
[[1, 0], [274, 1731], [-275, -1731]]
[[1, 0], [274, 577], [-276, -577]]
[[1, 0], [274, 577], [-551, -1154]]
[[1, 0], [275, 1154], [-277, -1154]]
[[1, 0], [275, 577], [-277, -577]]
[[1, 0], [275, 577], [-553, -1154]]
[[1, 0], [276, 577], [-278, -577]]
[[1, 0], [276, 577], [-555, -1154]]
[[1, 0], [277, 1154], [-279, -1154]]
[[1, 0], [277, 577], [-279, -577]]
[[1, 0], [277, 577], [-557, -1154]]
[[1, 0], [278, 577], [-280, -577]]
[[1, 0], [278, 577], [-559, -1154]]
[[1, 0], [279, 1154], [-281, -1154]]
[[1, 0], [279, 577], [-281, -577]]
[[1, 0], [279, 577], [-561, -1154]]
[[1, 0], [28, 1731], [-29, -1731]]
[[1, 0], [28, 577], [-29, -577]]
[[1, 0], [28, 577], [-30, -577]]
[[1, 0], [28, 577], [-59, -1154]]
[[1, 0], [280, 577], [-282, -577]]
[[1, 0], [280, 577], [-563, -1154]]
[[1, 0], [281, 1154], [-283, -1154]]
[[1, 0], [281, 577], [-283, -577]]
[[1, 0], [281, 577], [-565, -1154]]
[[1, 0], [282, 577], [-284, -577]]
[[1, 0], [282, 577], [-567, -1154]]
[[1, 0], [283, 1154], [-285, -1154]]
[[1, 0], [283, 577], [-285, -577]]
[[1, 0], [283, 577], [-569, -1154]]
[[1, 0], [284, 577], [-286, -577]]
[[1, 0], [284, 577], [-571, -1154]]
[[1, 0], [285, 1154], [-287, -1154]]
[[1, 0], [285, 577], [-287, -577]]
[[1, 0], [285, 577], [-573, -1154]]
[[1, 0], [286, 577], [-288, -577]]
[[1, 0], [286, 577], [-575, -1154]]
[[1, 0], [287, 1154], [-289, -1154]]
[[1, 0], [287, 577], [-289, -577]]
[[1, 0], [288, 577], [-579, -1154]]
[[1, 0], [289, 1154], [-291, -1154]]
[[1, 0], [289, 1731], [-290, -1731]]
[[1, 0], [289, 577], [-581, -1154]]
[[1, 0], [29, 1154], [-31, -1154]]
[[1, 0], [29, 577], [-30, -577]]
[[1, 0], [29, 577], [-31, -577]]
[[1, 0], [29, 577], [-61, -1154]]
[[1, 0], [290, 577], [-583, -1154]]
[[1, 0], [291, 1154], [-293, -1154]]
[[1, 0], [291, 577], [-585, -1154]]
[[1, 0], [292, 1731], [-293, -1731]]
[[1, 0], [292, 577], [-587, -1154]]
[[1, 0], [293, 1154], [-295, -1154]]
[[1, 0], [293, 577], [-589, -1154]]
[[1, 0], [294, 577], [-591, -1154]]
[[1, 0], [295, 1154], [-297, -1154]]
[[1, 0], [295, 1731], [-296, -1731]]
[[1, 0], [295, 577], [-593, -1154]]
[[1, 0], [296, 577], [-595, -1154]]
[[1, 0], [297, 1154], [-299, -1154]]
[[1, 0], [297, 577], [-597, -1154]]
[[1, 0], [298, 577], [-599, -1154]]
[[1, 0], [299, 1154], [-301, -1154]]
[[1, 0], [299, 577], [-601, -1154]]
[[1, 0], [3, 1154], [-5, -1154]]
[[1, 0], [3, 577], [-4, -577]]
[[1, 0], [3, 577], [-5, -577]]
[[1, 0], [3, 577], [-9, -1154]]
[[1, 0], [30, 577], [-31, -577]]
[[1, 0], [30, 577], [-32, -577]]
[[1, 0], [30, 577], [-63, -1154]]
[[1, 0], [300, 577], [-603, -1154]]
[[1, 0], [301, 1154], [-303, -1154]]
[[1, 0], [301, 577], [-605, -1154]]
[[1, 0], [302, 577], [-607, -1154]]
[[1, 0], [303, 1154], [-305, -1154]]
[[1, 0], [303, 577], [-609, -1154]]
[[1, 0], [304, 1731], [-305, -1731]]
[[1, 0], [304, 577], [-611, -1154]]
[[1, 0], [305, 1154], [-307, -1154]]
[[1, 0], [305, 577], [-613, -1154]]
[[1, 0], [306, 577], [-615, -1154]]
[[1, 0], [307, 1154], [-309, -1154]]
[[1, 0], [307, 1731], [-308, -1731]]
[[1, 0], [307, 577], [-617, -1154]]
[[1, 0], [308, 577], [-619, -1154]]
[[1, 0], [309, 1154], [-311, -1154]]
[[1, 0], [309, 577], [-621, -1154]]
[[1, 0], [31, 1154], [-33, -1154]]
[[1, 0], [31, 1731], [-32, -1731]]
[[1, 0], [31, 577], [-33, -577]]
[[1, 0], [31, 577], [-65, -1154]]
[[1, 0], [310, 1731], [-311, -1731]]
[[1, 0], [310, 577], [-623, -1154]]
[[1, 0], [311, 1154], [-313, -1154]]
[[1, 0], [311, 577], [-625, -1154]]
[[1, 0], [312, 577], [-627, -1154]]
[[1, 0], [313, 1154], [-315, -1154]]
[[1, 0], [313, 577], [-629, -1154]]
[[1, 0], [314, 577], [-631, -1154]]
[[1, 0], [315, 1154], [-317, -1154]]
[[1, 0], [315, 577], [-633, -1154]]
[[1, 0], [316, 1731], [-317, -1731]]
[[1, 0], [316, 577], [-635, -1154]]
[[1, 0], [317, 1154], [-319, -1154]]
[[1, 0], [317, 577], [-637, -1154]]
[[1, 0], [318, 577], [-639, -1154]]
[[1, 0], [319, 1154], [-321, -1154]]
[[1, 0], [319, 1731], [-320, -1731]]
[[1, 0], [319, 577], [-641, -1154]]
[[1, 0], [32, 577], [-34, -577]]
[[1, 0], [32, 577], [-67, -1154]]
[[1, 0], [320, 577], [-643, -1154]]
[[1, 0], [321, 1154], [-323, -1154]]
[[1, 0], [321, 577], [-645, -1154]]
[[1, 0], [322, 1731], [-323, -1731]]
[[1, 0], [322, 577], [-647, -1154]]
[[1, 0], [323, 1154], [-325, -1154]]
[[1, 0], [323, 577], [-649, -1154]]
[[1, 0], [324, 577], [-651, -1154]]
[[1, 0], [325, 1154], [-327, -1154]]
[[1, 0], [325, 577], [-653, -1154]]
[[1, 0], [326, 577], [-655, -1154]]
[[1, 0], [327, 1154], [-329, -1154]]
[[1, 0], [327, 577], [-657, -1154]]
[[1, 0], [328, 1731], [-329, -1731]]
[[1, 0], [328, 577], [-659, -1154]]
[[1, 0], [329, 1154], [-331, -1154]]
[[1, 0], [329, 577], [-661, -1154]]
[[1, 0], [33, 1154], [-35, -1154]]
[[1, 0], [33, 577], [-35, -577]]
[[1, 0], [33, 577], [-69, -1154]]
[[1, 0], [330, 577], [-663, -1154]]
[[1, 0], [331, 1154], [-333, -1154]]
[[1, 0], [331, 1731], [-332, -1731]]
[[1, 0], [331, 577], [-665, -1154]]
[[1, 0], [332, 577], [-667, -1154]]
[[1, 0], [333, 1154], [-335, -1154]]
[[1, 0], [333, 577], [-669, -1154]]
[[1, 0], [334, 577], [-671, -1154]]
[[1, 0], [335, 1154], [-337, -1154]]
[[1, 0], [335, 577], [-673, -1154]]
[[1, 0], [336, 577], [-675, -1154]]
[[1, 0], [337, 1154], [-339, -1154]]
[[1, 0], [337, 577], [-677, -1154]]
[[1, 0], [338, 577], [-679, -1154]]
[[1, 0], [339, 1154], [-341, -1154]]
[[1, 0], [339, 577], [-681, -1154]]
[[1, 0], [34, 1731], [-35, -1731]]
[[1, 0], [34, 577], [-36, -577]]
[[1, 0], [34, 577], [-71, -1154]]
[[1, 0], [340, 577], [-683, -1154]]
[[1, 0], [341, 1154], [-343, -1154]]
[[1, 0], [341, 577], [-685, -1154]]
[[1, 0], [342, 577], [-687, -1154]]
[[1, 0], [343, 1154], [-345, -1154]]
[[1, 0], [343, 1731], [-344, -1731]]
[[1, 0], [343, 577], [-689, -1154]]
[[1, 0], [344, 577], [-691, -1154]]
[[1, 0], [345, 1154], [-347, -1154]]
[[1, 0], [345, 577], [-693, -1154]]
[[1, 0], [346, 1731], [-347, -1731]]
[[1, 0], [346, 577], [-347, -577]]
[[1, 0], [346, 577], [-695, -1154]]
[[1, 0], [347, 1154], [-349, -1154]]
[[1, 0], [347, 577], [-697, -1154]]
[[1, 0], [348, 577], [-699, -1154]]
[[1, 0], [349, 1154], [-351, -1154]]
[[1, 0], [349, 577], [-701, -1154]]
[[1, 0], [35, 1154], [-37, -1154]]
[[1, 0], [35, 577], [-37, -577]]
[[1, 0], [35, 577], [-73, -1154]]
[[1, 0], [350, 577], [-703, -1154]]
[[1, 0], [351, 1154], [-353, -1154]]
[[1, 0], [351, 577], [-705, -1154]]
[[1, 0], [352, 1731], [-353, -1731]]
[[1, 0], [352, 577], [-707, -1154]]
[[1, 0], [353, 1154], [-355, -1154]]
[[1, 0], [353, 577], [-709, -1154]]
[[1, 0], [354, 577], [-711, -1154]]
[[1, 0], [355, 1154], [-357, -1154]]
[[1, 0], [355, 1731], [-356, -1731]]
[[1, 0], [355, 577], [-713, -1154]]
[[1, 0], [356, 577], [-715, -1154]]
[[1, 0], [357, 1154], [-359, -1154]]
[[1, 0], [357, 577], [-717, -1154]]
[[1, 0], [358, 1731], [-359, -1731]]
[[1, 0], [358, 577], [-719, -1154]]
[[1, 0], [359, 1154], [-361, -1154]]
[[1, 0], [359, 577], [-721, -1154]]
[[1, 0], [36, 577], [-38, -577]]
[[1, 0], [36, 577], [-75, -1154]]
[[1, 0], [360, 577], [-723, -1154]]
[[1, 0], [361, 1154], [-363, -1154]]
[[1, 0], [361, 577], [-725, -1154]]
[[1, 0], [362, 577], [-727, -1154]]
[[1, 0], [363, 1154], [-365, -1154]]
[[1, 0], [363, 577], [-729, -1154]]
[[1, 0], [364, 577], [-731, -1154]]
[[1, 0], [365, 1154], [-367, -1154]]
[[1, 0], [365, 577], [-733, -1154]]
[[1, 0], [366, 577], [-735, -1154]]
[[1, 0], [367, 1154], [-369, -1154]]
[[1, 0], [367, 577], [-737, -1154]]
[[1, 0], [368, 577], [-739, -1154]]
[[1, 0], [369, 1154], [-371, -1154]]
[[1, 0], [369, 577], [-741, -1154]]
[[1, 0], [37, 1154], [-39, -1154]]
[[1, 0], [37, 1731], [-38, -1731]]
[[1, 0], [37, 577], [-38, -577]]
[[1, 0], [37, 577], [-39, -577]]
[[1, 0], [37, 577], [-77, -1154]]
[[1, 0], [370, 577], [-743, -1154]]
[[1, 0], [371, 1154], [-373, -1154]]
[[1, 0], [371, 577], [-745, -1154]]
[[1, 0], [372, 577], [-747, -1154]]
[[1, 0], [373, 1154], [-375, -1154]]
[[1, 0], [373, 1731], [-374, -1731]]
[[1, 0], [373, 577], [-749, -1154]]
[[1, 0], [374, 577], [-751, -1154]]
[[1, 0], [375, 1154], [-377, -1154]]
[[1, 0], [375, 577], [-753, -1154]]
[[1, 0], [376, 577], [-755, -1154]]
[[1, 0], [377, 1154], [-379, -1154]]
[[1, 0], [377, 577], [-757, -1154]]
[[1, 0], [378, 577], [-759, -1154]]
[[1, 0], [379, 1154], [-381, -1154]]
[[1, 0], [379, 577], [-761, -1154]]
[[1, 0], [38, 577], [-39, -577]]
[[1, 0], [38, 577], [-40, -577]]
[[1, 0], [38, 577], [-79, -1154]]
[[1, 0], [380, 577], [-763, -1154]]
[[1, 0], [381, 1154], [-383, -1154]]
[[1, 0], [381, 577], [-765, -1154]]
[[1, 0], [382, 1731], [-383, -1731]]
[[1, 0], [382, 577], [-767, -1154]]
[[1, 0], [383, 1154], [-385, -1154]]
[[1, 0], [383, 577], [-769, -1154]]
[[1, 0], [384, 577], [-771, -1154]]
[[1, 0], [385, 1154], [-387, -1154]]
[[1, 0], [385, 1731], [-386, -1731]]
[[1, 0], [385, 577], [-773, -1154]]
[[1, 0], [386, 577], [-775, -1154]]
[[1, 0], [387, 1154], [-389, -1154]]
[[1, 0], [387, 577], [-777, -1154]]
[[1, 0], [388, 577], [-779, -1154]]
[[1, 0], [389, 1154], [-391, -1154]]
[[1, 0], [389, 577], [-781, -1154]]
[[1, 0], [39, 1154], [-41, -1154]]
[[1, 0], [39, 577], [-40, -577]]
[[1, 0], [39, 577], [-41, -577]]
[[1, 0], [39, 577], [-81, -1154]]
[[1, 0], [390, 577], [-783, -1154]]
[[1, 0], [391, 1154], [-393, -1154]]
[[1, 0], [391, 1731], [-392, -1731]]
[[1, 0], [391, 577], [-785, -1154]]
[[1, 0], [392, 577], [-787, -1154]]
[[1, 0], [393, 1154], [-395, -1154]]
[[1, 0], [393, 577], [-789, -1154]]
[[1, 0], [394, 577], [-791, -1154]]
[[1, 0], [395, 1154], [-397, -1154]]
[[1, 0], [395, 577], [-793, -1154]]
[[1, 0], [396, 577], [-795, -1154]]
[[1, 0], [397, 1154], [-399, -1154]]
[[1, 0], [397, 577], [-797, -1154]]
[[1, 0], [398, 577], [-799, -1154]]
[[1, 0], [399, 1154], [-401, -1154]]
[[1, 0], [399, 577], [-801, -1154]]
[[1, 0], [4, 577], [-11, -1154]]
[[1, 0], [4, 577], [-6, -577]]
[[1, 0], [40, 1731], [-41, -1731]]
[[1, 0], [40, 577], [-41, -577]]
[[1, 0], [40, 577], [-42, -577]]
[[1, 0], [40, 577], [-83, -1154]]
[[1, 0], [400, 577], [-803, -1154]]
[[1, 0], [401, 1154], [-403, -1154]]
[[1, 0], [401, 577], [-805, -1154]]
[[1, 0], [402, 577], [-807, -1154]]
[[1, 0], [403, 1154], [-405, -1154]]
[[1, 0], [403, 1731], [-404, -1731]]
[[1, 0], [403, 577], [-809, -1154]]
[[1, 0], [404, 577], [-811, -1154]]
[[1, 0], [405, 1154], [-407, -1154]]
[[1, 0], [405, 577], [-813, -1154]]
[[1, 0], [406, 1731], [-407, -1731]]
[[1, 0], [406, 577], [-815, -1154]]
[[1, 0], [407, 1154], [-409, -1154]]
[[1, 0], [407, 577], [-817, -1154]]
[[1, 0], [408, 577], [-819, -1154]]
[[1, 0], [409, 1154], [-411, -1154]]
[[1, 0], [409, 577], [-821, -1154]]
[[1, 0], [41, 1154], [-43, -1154]]
[[1, 0], [41, 577], [-42, -577]]
[[1, 0], [41, 577], [-43, -577]]
[[1, 0], [41, 577], [-85, -1154]]
[[1, 0], [410, 577], [-823, -1154]]
[[1, 0], [411, 1154], [-413, -1154]]
[[1, 0], [411, 577], [-825, -1154]]
[[1, 0], [412, 1731], [-413, -1731]]
[[1, 0], [412, 577], [-827, -1154]]
[[1, 0], [413, 1154], [-415, -1154]]
[[1, 0], [413, 577], [-829, -1154]]
[[1, 0], [414, 577], [-831, -1154]]
[[1, 0], [415, 1154], [-417, -1154]]
[[1, 0], [415, 577], [-833, -1154]]
[[1, 0], [416, 577], [-835, -1154]]
[[1, 0], [417, 1154], [-419, -1154]]
[[1, 0], [417, 577], [-837, -1154]]
[[1, 0], [418, 577], [-839, -1154]]
[[1, 0], [419, 1154], [-421, -1154]]
[[1, 0], [419, 577], [-841, -1154]]
[[1, 0], [42, 577], [-43, -577]]
[[1, 0], [42, 577], [-44, -577]]
[[1, 0], [42, 577], [-87, -1154]]
[[1, 0], [420, 577], [-843, -1154]]
[[1, 0], [421, 1154], [-423, -1154]]
[[1, 0], [421, 1731], [-422, -1731]]
[[1, 0], [421, 577], [-845, -1154]]
[[1, 0], [422, 577], [-847, -1154]]
[[1, 0], [423, 1154], [-425, -1154]]
[[1, 0], [423, 577], [-849, -1154]]
[[1, 0], [424, 577], [-851, -1154]]
[[1, 0], [425, 1154], [-427, -1154]]
[[1, 0], [425, 577], [-853, -1154]]
[[1, 0], [426, 577], [-855, -1154]]
[[1, 0], [427, 1154], [-429, -1154]]
[[1, 0], [427, 577], [-857, -1154]]
[[1, 0], [428, 577], [-859, -1154]]
[[1, 0], [429, 1154], [-431, -1154]]
[[1, 0], [429, 577], [-861, -1154]]
[[1, 0], [43, 1154], [-45, -1154]]
[[1, 0], [43, 1731], [-44, -1731]]
[[1, 0], [43, 577], [-44, -577]]
[[1, 0], [43, 577], [-45, -577]]
[[1, 0], [43, 577], [-89, -1154]]
[[1, 0], [430, 577], [-863, -1154]]
[[1, 0], [431, 1154], [-433, -1154]]
[[1, 0], [431, 577], [-865, -1154]]
[[1, 0], [432, 577], [-867, -1154]]
[[1, 0], [433, 1154], [-435, -1154]]
[[1, 0], [433, 577], [-869, -1154]]
[[1, 0], [434, 577], [-871, -1154]]
[[1, 0], [435, 1154], [-437, -1154]]
[[1, 0], [435, 577], [-873, -1154]]
[[1, 0], [436, 577], [-875, -1154]]
[[1, 0], [437, 1154], [-439, -1154]]
[[1, 0], [437, 577], [-877, -1154]]
[[1, 0], [438, 577], [-879, -1154]]
[[1, 0], [439, 1154], [-441, -1154]]
[[1, 0], [439, 577], [-881, -1154]]
[[1, 0], [44, 577], [-45, -577]]
[[1, 0], [44, 577], [-46, -577]]
[[1, 0], [44, 577], [-91, -1154]]
[[1, 0], [440, 577], [-883, -1154]]
[[1, 0], [441, 1154], [-443, -1154]]
[[1, 0], [441, 577], [-885, -1154]]
[[1, 0], [442, 577], [-887, -1154]]
[[1, 0], [443, 1154], [-445, -1154]]
[[1, 0], [443, 577], [-889, -1154]]
[[1, 0], [444, 577], [-891, -1154]]
[[1, 0], [445, 1154], [-447, -1154]]
[[1, 0], [445, 577], [-893, -1154]]
[[1, 0], [446, 577], [-895, -1154]]
[[1, 0], [447, 1154], [-449, -1154]]
[[1, 0], [447, 577], [-897, -1154]]
[[1, 0], [448, 577], [-899, -1154]]
[[1, 0], [449, 1154], [-451, -1154]]
[[1, 0], [449, 577], [-901, -1154]]
[[1, 0], [45, 1154], [-47, -1154]]
[[1, 0], [45, 577], [-46, -577]]
[[1, 0], [45, 577], [-47, -577]]
[[1, 0], [45, 577], [-93, -1154]]
[[1, 0], [450, 577], [-903, -1154]]
[[1, 0], [451, 1154], [-453, -1154]]
[[1, 0], [451, 1731], [-452, -1731]]
[[1, 0], [451, 577], [-905, -1154]]
[[1, 0], [452, 577], [-907, -1154]]
[[1, 0], [453, 1154], [-455, -1154]]
[[1, 0], [453, 577], [-909, -1154]]
[[1, 0], [454, 577], [-911, -1154]]
[[1, 0], [455, 1154], [-457, -1154]]
[[1, 0], [455, 577], [-913, -1154]]
[[1, 0], [456, 577], [-915, -1154]]
[[1, 0], [457, 1154], [-459, -1154]]
[[1, 0], [457, 1731], [-458, -1731]]
[[1, 0], [457, 577], [-917, -1154]]
[[1, 0], [458, 577], [-919, -1154]]
[[1, 0], [459, 1154], [-461, -1154]]
[[1, 0], [459, 577], [-921, -1154]]
[[1, 0], [46, 1731], [-47, -1731]]
[[1, 0], [46, 577], [-47, -577]]
[[1, 0], [46, 577], [-48, -577]]
[[1, 0], [46, 577], [-95, -1154]]
[[1, 0], [460, 577], [-923, -1154]]
[[1, 0], [461, 1154], [-463, -1154]]
[[1, 0], [461, 577], [-925, -1154]]
[[1, 0], [462, 577], [-927, -1154]]
[[1, 0], [463, 1154], [-465, -1154]]
[[1, 0], [463, 577], [-929, -1154]]
[[1, 0], [464, 577], [-931, -1154]]
[[1, 0], [465, 1154], [-467, -1154]]
[[1, 0], [465, 577], [-933, -1154]]
[[1, 0], [466, 577], [-935, -1154]]
[[1, 0], [467, 1154], [-469, -1154]]
[[1, 0], [467, 577], [-937, -1154]]
[[1, 0], [468, 577], [-939, -1154]]
[[1, 0], [469, 1154], [-471, -1154]]
[[1, 0], [469, 577], [-941, -1154]]
[[1, 0], [47, 1154], [-49, -1154]]
[[1, 0], [47, 577], [-49, -577]]
[[1, 0], [47, 577], [-97, -1154]]
[[1, 0], [470, 577], [-943, -1154]]
[[1, 0], [471, 1154], [-473, -1154]]
[[1, 0], [471, 577], [-945, -1154]]
[[1, 0], [472, 577], [-947, -1154]]
[[1, 0], [473, 1154], [-475, -1154]]
[[1, 0], [473, 577], [-949, -1154]]
[[1, 0], [474, 577], [-951, -1154]]
[[1, 0], [475, 1154], [-477, -1154]]
[[1, 0], [475, 577], [-953, -1154]]
[[1, 0], [476, 577], [-955, -1154]]
[[1, 0], [477, 1154], [-479, -1154]]
[[1, 0], [477, 577], [-957, -1154]]
[[1, 0], [478, 577], [-959, -1154]]
[[1, 0], [479, 1154], [-481, -1154]]
[[1, 0], [479, 577], [-961, -1154]]
[[1, 0], [48, 577], [-50, -577]]
[[1, 0], [48, 577], [-99, -1154]]
[[1, 0], [480, 577], [-963, -1154]]
[[1, 0], [481, 1154], [-483, -1154]]
[[1, 0], [481, 577], [-965, -1154]]
[[1, 0], [482, 577], [-967, -1154]]
[[1, 0], [483, 1154], [-485, -1154]]
[[1, 0], [483, 577], [-969, -1154]]
[[1, 0], [484, 577], [-971, -1154]]
[[1, 0], [485, 1154], [-487, -1154]]
[[1, 0], [485, 577], [-973, -1154]]
[[1, 0], [486, 577], [-975, -1154]]
[[1, 0], [487, 1154], [-489, -1154]]
[[1, 0], [487, 577], [-977, -1154]]
[[1, 0], [488, 577], [-979, -1154]]
[[1, 0], [489, 1154], [-491, -1154]]
[[1, 0], [489, 577], [-981, -1154]]
[[1, 0], [49, 1154], [-51, -1154]]
[[1, 0], [49, 1731], [-50, -1731]]
[[1, 0], [49, 577], [-101, -1154]]
[[1, 0], [49, 577], [-50, -577]]
[[1, 0], [49, 577], [-51, -577]]
[[1, 0], [490, 577], [-983, -1154]]
[[1, 0], [491, 1154], [-493, -1154]]
[[1, 0], [491, 577], [-985, -1154]]
[[1, 0], [492, 577], [-987, -1154]]
[[1, 0], [493, 1154], [-495, -1154]]
[[1, 0], [493, 577], [-989, -1154]]
[[1, 0], [494, 577], [-991, -1154]]
[[1, 0], [495, 1154], [-497, -1154]]
[[1, 0], [495, 577], [-993, -1154]]
[[1, 0], [496, 1731], [-497, -1731]]
[[1, 0], [496, 577], [-995, -1154]]
[[1, 0], [497, 1154], [-499, -1154]]
[[1, 0], [497, 577], [-997, -1154]]
[[1, 0], [498, 577], [-999, -1154]]
[[1, 0], [499, 1154], [-501, -1154]]
[[1, 0], [499, 1731], [-500, -1731]]
[[1, 0], [499, 577], [-1001, -1154]]
[[1, 0], [5, 577], [-13, -1154]]
[[1, 0], [5, 577], [-6, -577]]
[[1, 0], [50, 577], [-103, -1154]]
[[1, 0], [50, 577], [-51, -577]]
[[1, 0], [50, 577], [-52, -577]]
[[1, 0], [500, 577], [-1003, -1154]]
[[1, 0], [501, 1154], [-503, -1154]]
[[1, 0], [501, 577], [-1005, -1154]]
[[1, 0], [502, 577], [-1007, -1154]]
[[1, 0], [503, 1154], [-505, -1154]]
[[1, 0], [503, 577], [-1009, -1154]]
[[1, 0], [504, 577], [-1011, -1154]]
[[1, 0], [505, 1154], [-507, -1154]]
[[1, 0], [505, 577], [-1013, -1154]]
[[1, 0], [506, 577], [-1015, -1154]]
[[1, 0], [507, 1154], [-509, -1154]]
[[1, 0], [507, 577], [-1017, -1154]]
[[1, 0], [508, 577], [-1019, -1154]]
[[1, 0], [509, 1154], [-511, -1154]]
[[1, 0], [509, 577], [-1021, -1154]]
[[1, 0], [51, 1154], [-53, -1154]]
[[1, 0], [51, 577], [-105, -1154]]
[[1, 0], [51, 577], [-52, -577]]
[[1, 0], [51, 577], [-53, -577]]
[[1, 0], [510, 577], [-1023, -1154]]
[[1, 0], [511, 1154], [-513, -1154]]
[[1, 0], [511, 577], [-1025, -1154]]
[[1, 0], [512, 577], [-1027, -1154]]
[[1, 0], [513, 1154], [-515, -1154]]
[[1, 0], [513, 577], [-1029, -1154]]
[[1, 0], [514, 577], [-1031, -1154]]
[[1, 0], [515, 1154], [-517, -1154]]
[[1, 0], [515, 577], [-1033, -1154]]
[[1, 0], [516, 577], [-1035, -1154]]
[[1, 0], [517, 1154], [-519, -1154]]
[[1, 0], [517, 577], [-1037, -1154]]
[[1, 0], [518, 577], [-1039, -1154]]
[[1, 0], [519, 1154], [-521, -1154]]
[[1, 0], [519, 577], [-1041, -1154]]
[[1, 0], [52, 1731], [-53, -1731]]
[[1, 0], [52, 577], [-107, -1154]]
[[1, 0], [52, 577], [-53, -577]]
[[1, 0], [52, 577], [-54, -577]]
[[1, 0], [520, 577], [-1043, -1154]]
[[1, 0], [521, 1154], [-523, -1154]]
[[1, 0], [521, 577], [-1045, -1154]]
[[1, 0], [522, 577], [-1047, -1154]]
[[1, 0], [523, 1154], [-525, -1154]]
[[1, 0], [523, 577], [-1049, -1154]]
[[1, 0], [524, 577], [-1051, -1154]]
[[1, 0], [525, 1154], [-527, -1154]]
[[1, 0], [525, 577], [-1053, -1154]]
[[1, 0], [526, 577], [-1055, -1154]]
[[1, 0], [527, 1154], [-529, -1154]]
[[1, 0], [527, 577], [-1057, -1154]]
[[1, 0], [528, 577], [-1059, -1154]]
[[1, 0], [529, 1154], [-531, -1154]]
[[1, 0], [529, 577], [-1061, -1154]]
[[1, 0], [53, 1154], [-55, -1154]]
[[1, 0], [53, 577], [-109, -1154]]
[[1, 0], [53, 577], [-54, -577]]
[[1, 0], [53, 577], [-55, -577]]
[[1, 0], [530, 577], [-1063, -1154]]
[[1, 0], [531, 1154], [-533, -1154]]
[[1, 0], [531, 577], [-1065, -1154]]
[[1, 0], [532, 577], [-1067, -1154]]
[[1, 0], [533, 1154], [-535, -1154]]
[[1, 0], [533, 577], [-1069, -1154]]
[[1, 0], [534, 577], [-1071, -1154]]
[[1, 0], [535, 1154], [-537, -1154]]
[[1, 0], [535, 577], [-1073, -1154]]
[[1, 0], [536, 577], [-1075, -1154]]
[[1, 0], [537, 1154], [-539, -1154]]
[[1, 0], [537, 577], [-1077, -1154]]
[[1, 0], [538, 577], [-1079, -1154]]
[[1, 0], [539, 1154], [-541, -1154]]
[[1, 0], [539, 577], [-1081, -1154]]
[[1, 0], [54, 577], [-111, -1154]]
[[1, 0], [54, 577], [-56, -577]]
[[1, 0], [540, 577], [-1083, -1154]]
[[1, 0], [541, 1154], [-543, -1154]]
[[1, 0], [541, 577], [-1085, -1154]]
[[1, 0], [542, 577], [-1087, -1154]]
[[1, 0], [543, 1154], [-545, -1154]]
[[1, 0], [543, 577], [-1089, -1154]]
[[1, 0], [544, 577], [-1091, -1154]]
[[1, 0], [545, 1154], [-547, -1154]]
[[1, 0], [545, 577], [-1093, -1154]]
[[1, 0], [546, 577], [-1095, -1154]]
[[1, 0], [547, 1154], [-549, -1154]]
[[1, 0], [547, 577], [-1097, -1154]]
[[1, 0], [548, 577], [-1099, -1154]]
[[1, 0], [549, 1154], [-551, -1154]]
[[1, 0], [549, 577], [-1101, -1154]]
[[1, 0], [55, 1154], [-57, -1154]]
[[1, 0], [55, 1731], [-56, -1731]]
[[1, 0], [55, 577], [-113, -1154]]
[[1, 0], [55, 577], [-57, -577]]
[[1, 0], [550, 577], [-1103, -1154]]
[[1, 0], [551, 1154], [-553, -1154]]
[[1, 0], [551, 577], [-1105, -1154]]
[[1, 0], [552, 577], [-1107, -1154]]
[[1, 0], [553, 1154], [-555, -1154]]
[[1, 0], [553, 1731], [-554, -1731]]
[[1, 0], [553, 577], [-1109, -1154]]
[[1, 0], [554, 577], [-1111, -1154]]
[[1, 0], [555, 1154], [-557, -1154]]
[[1, 0], [555, 577], [-1113, -1154]]
[[1, 0], [556, 577], [-1115, -1154]]
[[1, 0], [557, 1154], [-559, -1154]]
[[1, 0], [557, 577], [-1117, -1154]]
[[1, 0], [558, 577], [-1119, -1154]]
[[1, 0], [559, 1154], [-561, -1154]]
[[1, 0], [559, 577], [-1121, -1154]]
[[1, 0], [56, 577], [-115, -1154]]
[[1, 0], [56, 577], [-57, -577]]
[[1, 0], [56, 577], [-58, -577]]
[[1, 0], [560, 577], [-1123, -1154]]
[[1, 0], [561, 1154], [-563, -1154]]
[[1, 0], [561, 577], [-1125, -1154]]
[[1, 0], [562, 577], [-1127, -1154]]
[[1, 0], [563, 1154], [-565, -1154]]
[[1, 0], [563, 577], [-1129, -1154]]
[[1, 0], [564, 577], [-1131, -1154]]
[[1, 0], [565, 1154], [-567, -1154]]
[[1, 0], [565, 1731], [-566, -1731]]
[[1, 0], [565, 577], [-1133, -1154]]
[[1, 0], [566, 577], [-1135, -1154]]
[[1, 0], [567, 1154], [-569, -1154]]
[[1, 0], [567, 577], [-1137, -1154]]
[[1, 0], [568, 577], [-1139, -1154]]
[[1, 0], [569, 1154], [-571, -1154]]
[[1, 0], [569, 577], [-1141, -1154]]
[[1, 0], [57, 1154], [-59, -1154]]
[[1, 0], [57, 577], [-117, -1154]]
[[1, 0], [57, 577], [-58, -577]]
[[1, 0], [57, 577], [-59, -577]]
[[1, 0], [570, 577], [-1143, -1154]]
[[1, 0], [570, 577], [-572, -577]]
[[1, 0], [571, 1154], [-573, -1154]]
[[1, 0], [571, 1731], [-572, -1731]]
[[1, 0], [571, 577], [-1145, -1154]]
[[1, 0], [572, 577], [-1147, -1154]]
[[1, 0], [573, 1154], [-575, -1154]]
[[1, 0], [573, 577], [-1149, -1154]]
[[1, 0], [574, 577], [-1151, -1154]]
[[1, 0], [575, 577], [-1153, -1154]]
[[1, 0], [576, 577], [-1155, -1154]]
[[1, 0], [576, 577], [-578, -577]]
[[1, 0], [58, 1731], [-59, -1731]]
[[1, 0], [58, 577], [-119, -1154]]
[[1, 0], [58, 577], [-59, -577]]
[[1, 0], [58, 577], [-60, -577]]
[[1, 0], [59, 1154], [-61, -1154]]
[[1, 0], [59, 577], [-121, -1154]]
[[1, 0], [59, 577], [-60, -577]]
[[1, 0], [59, 577], [-61, -577]]
[[1, 0], [6, 577], [-15, -1154]]
[[1, 0], [6, 577], [-7, -577]]
[[1, 0], [6, 577], [-8, -577]]
[[1, 0], [60, 577], [-123, -1154]]
[[1, 0], [60, 577], [-61, -577]]
[[1, 0], [60, 577], [-62, -577]]
[[1, 0], [61, 1154], [-63, -1154]]
[[1, 0], [61, 1731], [-62, -1731]]
[[1, 0], [61, 577], [-125, -1154]]
[[1, 0], [61, 577], [-62, -577]]
[[1, 0], [61, 577], [-63, -577]]
[[1, 0], [62, 577], [-127, -1154]]
[[1, 0], [62, 577], [-63, -577]]
[[1, 0], [62, 577], [-64, -577]]
[[1, 0], [63, 1154], [-65, -1154]]
[[1, 0], [63, 577], [-129, -1154]]
[[1, 0], [63, 577], [-65, -577]]
[[1, 0], [634, 1731], [-635, -1731]]
[[1, 0], [64, 1731], [-65, -1731]]
[[1, 0], [64, 577], [-131, -1154]]
[[1, 0], [64, 577], [-66, -577]]
[[1, 0], [65, 1154], [-67, -1154]]
[[1, 0], [65, 577], [-133, -1154]]
[[1, 0], [65, 577], [-66, -577]]
[[1, 0], [65, 577], [-67, -577]]
[[1, 0], [652, 1731], [-653, -1731]]
[[1, 0], [66, 577], [-135, -1154]]
[[1, 0], [66, 577], [-67, -577]]
[[1, 0], [66, 577], [-68, -577]]
[[1, 0], [67, 1154], [-69, -1154]]
[[1, 0], [67, 1731], [-68, -1731]]
[[1, 0], [67, 577], [-137, -1154]]
[[1, 0], [67, 577], [-68, -577]]
[[1, 0], [67, 577], [-69, -577]]
[[1, 0], [68, 577], [-139, -1154]]
[[1, 0], [68, 577], [-69, -577]]
[[1, 0], [68, 577], [-70, -577]]
[[1, 0], [69, 1154], [-71, -1154]]
[[1, 0], [69, 577], [-141, -1154]]
[[1, 0], [69, 577], [-70, -577]]
[[1, 0], [69, 577], [-71, -577]]
[[1, 0], [7, 1154], [-9, -1154]]
[[1, 0], [7, 1731], [-8, -1731]]
[[1, 0], [7, 577], [-17, -1154]]
[[1, 0], [7, 577], [-8, -577]]
[[1, 0], [7, 577], [-9, -577]]
[[1, 0], [70, 1731], [-71, -1731]]
[[1, 0], [70, 577], [-143, -1154]]
[[1, 0], [70, 577], [-72, -577]]
[[1, 0], [71, 1154], [-73, -1154]]
[[1, 0], [71, 577], [-145, -1154]]
[[1, 0], [71, 577], [-73, -577]]
[[1, 0], [72, 577], [-147, -1154]]
[[1, 0], [72, 577], [-74, -577]]
[[1, 0], [73, 1154], [-75, -1154]]
[[1, 0], [73, 1731], [-74, -1731]]
[[1, 0], [73, 577], [-149, -1154]]
[[1, 0], [73, 577], [-75, -577]]
[[1, 0], [74, 577], [-151, -1154]]
[[1, 0], [74, 577], [-76, -577]]
[[1, 0], [75, 1154], [-77, -1154]]
[[1, 0], [75, 577], [-153, -1154]]
[[1, 0], [75, 577], [-76, -577]]
[[1, 0], [75, 577], [-77, -577]]
[[1, 0], [76, 1731], [-77, -1731]]
[[1, 0], [76, 577], [-155, -1154]]
[[1, 0], [76, 577], [-78, -577]]
[[1, 0], [77, 1154], [-79, -1154]]
[[1, 0], [77, 577], [-157, -1154]]
[[1, 0], [77, 577], [-79, -577]]
[[1, 0], [78, 577], [-159, -1154]]
[[1, 0], [78, 577], [-80, -577]]
[[1, 0], [79, 1154], [-81, -1154]]
[[1, 0], [79, 1731], [-80, -1731]]
[[1, 0], [79, 577], [-161, -1154]]
[[1, 0], [79, 577], [-80, -577]]
[[1, 0], [79, 577], [-81, -577]]
[[1, 0], [790, 1731], [-791, -1731]]
[[1, 0], [8, 577], [-10, -577]]
[[1, 0], [8, 577], [-19, -1154]]
[[1, 0], [8, 577], [-9, -577]]
[[1, 0], [80, 577], [-163, -1154]]
[[1, 0], [80, 577], [-82, -577]]
[[1, 0], [81, 1154], [-83, -1154]]
[[1, 0], [81, 577], [-165, -1154]]
[[1, 0], [81, 577], [-83, -577]]
[[1, 0], [82, 1731], [-83, -1731]]
[[1, 0], [82, 577], [-167, -1154]]
[[1, 0], [82, 577], [-83, -577]]
[[1, 0], [82, 577], [-84, -577]]
[[1, 0], [83, 1154], [-85, -1154]]
[[1, 0], [83, 577], [-169, -1154]]
[[1, 0], [83, 577], [-84, -577]]
[[1, 0], [83, 577], [-85, -577]]
[[1, 0], [84, 577], [-171, -1154]]
[[1, 0], [84, 577], [-85, -577]]
[[1, 0], [84, 577], [-86, -577]]
[[1, 0], [85, 1154], [-87, -1154]]
[[1, 0], [85, 1731], [-86, -1731]]
[[1, 0], [85, 577], [-173, -1154]]
[[1, 0], [85, 577], [-86, -577]]
[[1, 0], [85, 577], [-87, -577]]
[[1, 0], [86, 577], [-175, -1154]]
[[1, 0], [86, 577], [-87, -577]]
[[1, 0], [86, 577], [-88, -577]]
[[1, 0], [87, 1154], [-89, -1154]]
[[1, 0], [87, 577], [-177, -1154]]
[[1, 0], [87, 577], [-89, -577]]
[[1, 0], [88, 577], [-179, -1154]]
[[1, 0], [88, 577], [-90, -577]]
[[1, 0], [89, 1154], [-91, -1154]]
[[1, 0], [89, 577], [-181, -1154]]
[[1, 0], [89, 577], [-90, -577]]
[[1, 0], [89, 577], [-91, -577]]
[[1, 0], [9, 1154], [-11, -1154]]
[[1, 0], [9, 577], [-10, -577]]
[[1, 0], [9, 577], [-11, -577]]
[[1, 0], [9, 577], [-21, -1154]]
[[1, 0], [90, 577], [-183, -1154]]
[[1, 0], [90, 577], [-91, -577]]
[[1, 0], [90, 577], [-92, -577]]
[[1, 0], [91, 1154], [-93, -1154]]
[[1, 0], [91, 1731], [-92, -1731]]
[[1, 0], [91, 577], [-185, -1154]]
[[1, 0], [91, 577], [-93, -577]]
[[1, 0], [92, 577], [-187, -1154]]
[[1, 0], [92, 577], [-94, -577]]
[[1, 0], [93, 1154], [-95, -1154]]
[[1, 0], [93, 577], [-189, -1154]]
[[1, 0], [93, 577], [-94, -577]]
[[1, 0], [93, 577], [-95, -577]]
[[1, 0], [94, 1731], [-95, -1731]]
[[1, 0], [94, 577], [-191, -1154]]
[[1, 0], [94, 577], [-95, -577]]
[[1, 0], [94, 577], [-96, -577]]
[[1, 0], [95, 1154], [-97, -1154]]
[[1, 0], [95, 577], [-193, -1154]]
[[1, 0], [95, 577], [-97, -577]]
[[1, 0], [96, 577], [-195, -1154]]
[[1, 0], [96, 577], [-98, -577]]
[[1, 0], [97, 1154], [-99, -1154]]
[[1, 0], [97, 577], [-197, -1154]]
[[1, 0], [97, 577], [-99, -577]]
[[1, 0], [98, 577], [-100, -577]]
[[1, 0], [98, 577], [-199, -1154]]
[[1, 0], [99, 1154], [-101, -1154]]
[[1, 0], [99, 577], [-101, -577]]
[[1, 0], [99, 577], [-201, -1154]]
