[[1, 0], [0, 1], [-103044, -185]]
[[1, 0], [0, 1], [-103044, -557]]
[[1, 0], [0, 1], [-10803, -584]]
[[1, 0], [0, 1], [-1108, -1]]
[[1, 0], [0, 1], [-1109, -1108]]
[[1, 0], [0, 1], [-1385, -44]]
[[1, 0], [0, 1], [-1385, -4]]
[[1, 0], [0, 1], [-1385, -84]]
[[1, 0], [0, 1], [-1385, -924]]
[[1, 0], [0, 1], [-154289, -556]]
[[1, 0], [0, 1], [-1664, -831]]
[[1, 0], [0, 1], [-1939, -776]]
[[1, 0], [0, 1], [-21052, -37]]
[[1, 0], [0, 1], [-21052, -569]]
[[1, 0], [0, 1], [-2216, -3]]
[[1, 0], [0, 1], [-2216, -739]]
[[1, 0], [0, 1], [-2493, -116]]
[[1, 0], [0, 1], [-277, -4]]
[[1, 0], [0, 1], [-308024, -555]]
[[1, 0], [0, 1], [-31301, -564]]
[[1, 0], [0, 1], [-3324, -5]]
[[1, 0], [0, 1], [-3324, -665]]
[[1, 0], [0, 1], [-4709, -628]]
[[1, 0], [0, 1], [-51799, -560]]
[[1, 0], [0, 1], [-556, -277]]
[[1, 0], [0, 1], [-62048, -111]]
[[1, 0], [0, 1], [-62048, -559]]
[[1, 0], [0, 1], [-7479, -80]]
[[1, 0], [0, 1], [-831, -128]]
[[1, 0], [0, 1], [-8864, -15]]
[[1, 0], [0, 1], [-8864, -591]]
[[1, 0], [1, 10], [-5319, -560]]
[[1, 0], [1, 10], [-839, -80]]
[[1, 0], [1, 1108], [-3, -1108]]
[[1, 0], [1, 111], [-1109, -111]]
[[1, 0], [1, 111], [-1479, -185]]
[[1, 0], [1, 111], [-3329, -555]]
[[1, 0], [1, 112], [-209, -140]]
[[1, 0], [1, 112], [-559, -560]]
[[1, 0], [1, 11], [-181, -52]]
[[1, 0], [1, 11], [-203, -17]]
[[1, 0], [1, 11], [-31, -64]]
[[1, 0], [1, 12], [-111, -224]]
[[1, 0], [1, 12], [-939, -188]]
[[1, 0], [1, 139], [-1389, -556]]
[[1, 0], [1, 13], [-1429, -572]]
[[1, 0], [1, 141], [-281, -564]]
[[1, 0], [1, 14], [-199, -16]]
[[1, 0], [1, 14], [-839, -112]]
[[1, 0], [1, 15], [-1109, -15]]
[[1, 0], [1, 15], [-1923, -37]]
[[1, 0], [1, 15], [-21089, -555]]
[[1, 0], [1, 15], [-4661, -111]]
[[1, 0], [1, 15], [-7399, -185]]
[[1, 0], [1, 16], [-209, -20]]
[[1, 0], [1, 16], [-3359, -560]]
[[1, 0], [1, 16], [-419, -56]]
[[1, 0], [1, 16], [-559, -80]]
[[1, 0], [1, 16], [-591, -592]]
[[1, 0], [1, 16], [-909, -140]]
[[1, 0], [1, 185], [-1109, -185]]
[[1, 0], [1, 185], [-2219, -555]]
[[1, 0], [1, 186], [-557, -558]]
[[1, 0], [1, 18], [-4463, -558]]
[[1, 0], [1, 18], [-619, -62]]
[[1, 0], [1, 18], [-863, -576]]
[[1, 0], [1, 20], [-615, -112]]
[[1, 0], [1, 22], [-857, -572]]
[[1, 0], [1, 24], [-95, -64]]
[[1, 0], [1, 277], [-11, -831]]
[[1, 0], [1, 277], [-5, -277]]
[[1, 0], [1, 277], [-9, -1108]]
[[1, 0], [1, 278], [-833, -556]]
[[1, 0], [1, 280], [-279, -560]]
[[1, 0], [1, 28], [-1959, -560]]
[[1, 0], [1, 28], [-359, -80]]
[[1, 0], [1, 2], [-1109, -1108]]
[[1, 0], [1, 2], [-1247, -832]]
[[1, 0], [1, 2], [-3419, -190]]
[[1, 0], [1, 2], [-39059, -558]]
[[1, 0], [1, 2], [-4463, -62]]
[[1, 0], [1, 2], [-5319, -112]]
[[1, 0], [1, 2], [-5357, -188]]
[[1, 0], [1, 2], [-557, -6]]
[[1, 0], [1, 2], [-569, -30]]
[[1, 0], [1, 2], [-665, -222]]
[[1, 0], [1, 2], [-77561, -556]]
[[1, 0], [1, 2], [-833, -4]]
[[1, 0], [1, 2], [-839, -16]]
[[1, 0], [1, 2], [-857, -52]]
[[1, 0], [1, 2], [-863, -64]]
[[1, 0], [1, 2], [-935, -208]]
[[1, 0], [1, 30], [-99, -200]]
[[1, 0], [1, 32], [-37, -76]]
[[1, 0], [1, 33], [-203, -51]]
[[1, 0], [1, 35], [-391, -112]]
[[1, 0], [1, 37], [-1109, -37]]
[[1, 0], [1, 37], [-2219, -111]]
[[1, 0], [1, 37], [-3329, -185]]
[[1, 0], [1, 37], [-8879, -555]]
[[1, 0], [1, 38], [-569, -570]]
[[1, 0], [1, 3], [-103229, -555]]
[[1, 0], [1, 3], [-1109, -3]]
[[1, 0], [1, 3], [-119, -80]]
[[1, 0], [1, 3], [-1479, -5]]
[[1, 0], [1, 3], [-21089, -111]]
[[1, 0], [1, 3], [-279, -277]]
[[1, 0], [1, 3], [-281, -12]]
[[1, 0], [1, 3], [-3329, -15]]
[[1, 0], [1, 3], [-34779, -185]]
[[1, 0], [1, 3], [-373, -11]]
[[1, 0], [1, 3], [-7399, -37]]
[[1, 0], [1, 3], [-833, -831]]
[[1, 0], [1, 40], [-1399, -560]]
[[1, 0], [1, 40], [-279, -80]]
[[1, 0], [1, 42], [-97, -196]]
[[1, 0], [1, 47], [-281, -188]]
[[1, 0], [1, 4], [-13159, -560]]
[[1, 0], [1, 4], [-1539, -616]]
[[1, 0], [1, 4], [-1959, -80]]
[[1, 0], [1, 4], [-38919, -556]]
[[1, 0], [1, 4], [-4575, -572]]
[[1, 0], [1, 4], [-555, -1108]]
[[1, 0], [1, 4], [-555, -4]]
[[1, 0], [1, 4], [-739, -740]]
[[1, 0], [1, 51], [-373, -187]]
[[1, 0], [1, 554], [-5, -1108]]
[[1, 0], [1, 555], [-1109, -555]]
[[1, 0], [1, 556], [-555, -556]]
[[1, 0], [1, 56], [-279, -112]]
[[1, 0], [1, 5], [-1109, -5]]
[[1, 0], [1, 5], [-12875, -111]]
[[1, 0], [1, 5], [-21089, -185]]
[[1, 0], [1, 5], [-2183, -112]]
[[1, 0], [1, 5], [-2219, -15]]
[[1, 0], [1, 5], [-2609, -580]]
[[1, 0], [1, 5], [-391, -16]]
[[1, 0], [1, 5], [-4661, -37]]
[[1, 0], [1, 5], [-62159, -555]]
[[1, 0], [1, 5], [-93, -188]]
[[1, 0], [1, 5], [-959, -640]]
[[1, 0], [1, 62], [-557, -186]]
[[1, 0], [1, 64], [-143, -288]]
[[1, 0], [1, 6], [-139, -280]]
[[1, 0], [1, 6], [-3419, -570]]
[[1, 0], [1, 6], [-403, -202]]
[[1, 0], [1, 6], [-4463, -186]]
[[1, 0], [1, 6], [-5357, -564]]
[[1, 0], [1, 6], [-557, -18]]
[[1, 0], [1, 6], [-665, -666]]
[[1, 0], [1, 6], [-863, -192]]
[[1, 0], [1, 6], [-935, -624]]
[[1, 0], [1, 6], [-97, -28]]
[[1, 0], [1, 6], [-99, -40]]
[[1, 0], [1, 70], [-199, -80]]
[[1, 0], [1, 70], [-839, -560]]
[[1, 0], [1, 72], [-95, -192]]
[[1, 0], [1, 7], [-1159, -80]]
[[1, 0], [1, 7], [-1469, -588]]
[[1, 0], [1, 7], [-7559, -560]]
[[1, 0], [1, 80], [-223, -112]]
[[1, 0], [1, 80], [-419, -280]]
[[1, 0], [1, 831], [-5, -831]]
[[1, 0], [1, 8], [-1399, -112]]
[[1, 0], [1, 8], [-185, -372]]
[[1, 0], [1, 8], [-279, -16]]
[[1, 0], [1, 8], [-729, -292]]
[[1, 0], [1, 9], [-119, -240]]
[[1, 0], [10, 277], [-14, -277]]
[[1, 0], [10, 277], [-38, -831]]
[[1, 0], [10, 277], [-45, -1108]]
[[1, 0], [10, 831], [-14, -831]]
[[1, 0], [100, 277], [-104, -277]]
[[1, 0], [100, 277], [-308, -831]]
[[1, 0], [100, 277], [-405, -1108]]
[[1, 0], [100, 831], [-104, -831]]
[[1, 0], [101, 1108], [-103, -1108]]
[[1, 0], [101, 277], [-105, -277]]
[[1, 0], [101, 277], [-311, -831]]
[[1, 0], [101, 277], [-409, -1108]]
[[1, 0], [101, 554], [-205, -1108]]
[[1, 0], [102, 277], [-106, -277]]
[[1, 0], [102, 277], [-314, -831]]
[[1, 0], [102, 277], [-413, -1108]]
[[1, 0], [103, 1108], [-105, -1108]]
[[1, 0], [103, 277], [-107, -277]]
[[1, 0], [103, 277], [-317, -831]]
[[1, 0], [103, 277], [-417, -1108]]
[[1, 0], [103, 554], [-209, -1108]]
[[1, 0], [103, 831], [-107, -831]]
[[1, 0], [104, 277], [-108, -277]]
[[1, 0], [104, 277], [-320, -831]]
[[1, 0], [104, 277], [-421, -1108]]
[[1, 0], [105, 1108], [-107, -1108]]
[[1, 0], [105, 277], [-109, -277]]
[[1, 0], [105, 277], [-323, -831]]
[[1, 0], [105, 277], [-425, -1108]]
[[1, 0], [105, 554], [-213, -1108]]
[[1, 0], [106, 277], [-110, -277]]
[[1, 0], [106, 277], [-326, -831]]
[[1, 0], [106, 277], [-429, -1108]]
[[1, 0], [106, 831], [-110, -831]]
[[1, 0], [107, 1108], [-109, -1108]]
[[1, 0], [107, 277], [-111, -277]]
[[1, 0], [107, 277], [-329, -831]]
[[1, 0], [107, 277], [-433, -1108]]
[[1, 0], [107, 554], [-217, -1108]]
[[1, 0], [108, 277], [-112, -277]]
[[1, 0], [108, 277], [-332, -831]]
[[1, 0], [108, 277], [-437, -1108]]
[[1, 0], [109, 1108], [-111, -1108]]
[[1, 0], [109, 277], [-113, -277]]
[[1, 0], [109, 277], [-335, -831]]
[[1, 0], [109, 277], [-441, -1108]]
[[1, 0], [109, 554], [-221, -1108]]
[[1, 0], [109, 831], [-113, -831]]
[[1, 0], [11, 1108], [-13, -1108]]
[[1, 0], [11, 20], [-115, -58]]
[[1, 0], [11, 20], [-1539, -280]]
[[1, 0], [11, 20], [-237, -28]]
[[1, 0], [11, 20], [-299, -40]]
[[1, 0], [11, 20], [-309, -310]]
[[1, 0], [11, 20], [-32, -33]]
[[1, 0], [11, 20], [-671, -112]]
[[1, 0], [11, 277], [-15, -277]]
[[1, 0], [11, 277], [-41, -831]]
[[1, 0], [11, 277], [-49, -1108]]
[[1, 0], [11, 554], [-25, -1108]]
[[1, 0], [110, 277], [-114, -277]]
[[1, 0], [110, 277], [-338, -831]]
[[1, 0], [110, 277], [-445, -1108]]
[[1, 0], [1101, 1108], [-1103, -1108]]
[[1, 0], [1107, 1108], [-1109, -1108]]
[[1, 0], [111, 1108], [-113, -1108]]
[[1, 0], [111, 277], [-115, -277]]
[[1, 0], [111, 277], [-341, -831]]
[[1, 0], [111, 277], [-449, -1108]]
[[1, 0], [111, 554], [-225, -1108]]
[[1, 0], [112, 277], [-116, -277]]
[[1, 0], [112, 277], [-344, -831]]
[[1, 0], [112, 277], [-453, -1108]]
[[1, 0], [112, 831], [-116, -831]]
[[1, 0], [113, 1108], [-115, -1108]]
[[1, 0], [113, 277], [-117, -277]]
[[1, 0], [113, 277], [-347, -831]]
[[1, 0], [113, 277], [-457, -1108]]
[[1, 0], [113, 554], [-229, -1108]]
[[1, 0], [114, 277], [-118, -277]]
[[1, 0], [114, 277], [-350, -831]]
[[1, 0], [114, 277], [-461, -1108]]
[[1, 0], [115, 1108], [-117, -1108]]
[[1, 0], [115, 277], [-119, -277]]
[[1, 0], [115, 277], [-353, -831]]
[[1, 0], [115, 277], [-465, -1108]]
[[1, 0], [115, 554], [-233, -1108]]
[[1, 0], [115, 831], [-119, -831]]
[[1, 0], [116, 277], [-120, -277]]
[[1, 0], [116, 277], [-356, -831]]
[[1, 0], [116, 277], [-469, -1108]]
[[1, 0], [117, 1108], [-119, -1108]]
[[1, 0], [117, 277], [-121, -277]]
[[1, 0], [117, 277], [-359, -831]]
[[1, 0], [117, 277], [-473, -1108]]
[[1, 0], [117, 554], [-237, -1108]]
[[1, 0], [118, 277], [-122, -277]]
[[1, 0], [118, 277], [-362, -831]]
[[1, 0], [118, 277], [-477, -1108]]
[[1, 0], [118, 831], [-122, -831]]
[[1, 0], [119, 1108], [-121, -1108]]
[[1, 0], [119, 277], [-123, -277]]
[[1, 0], [119, 277], [-365, -831]]
[[1, 0], [119, 277], [-481, -1108]]
[[1, 0], [119, 554], [-241, -1108]]
[[1, 0], [12, 277], [-16, -277]]
[[1, 0], [12, 277], [-44, -831]]
[[1, 0], [12, 277], [-53, -1108]]
[[1, 0], [120, 277], [-124, -277]]
[[1, 0], [120, 277], [-368, -831]]
[[1, 0], [120, 277], [-485, -1108]]
[[1, 0], [121, 1108], [-123, -1108]]
[[1, 0], [121, 277], [-125, -277]]
[[1, 0], [121, 277], [-371, -831]]
[[1, 0], [121, 277], [-489, -1108]]
[[1, 0], [121, 554], [-245, -1108]]
[[1, 0], [121, 831], [-125, -831]]
[[1, 0], [122, 277], [-126, -277]]
[[1, 0], [122, 277], [-374, -831]]
[[1, 0], [122, 277], [-493, -1108]]
[[1, 0], [123, 1108], [-125, -1108]]
[[1, 0], [123, 277], [-127, -277]]
[[1, 0], [123, 277], [-377, -831]]
[[1, 0], [123, 277], [-497, -1108]]
[[1, 0], [123, 554], [-249, -1108]]
[[1, 0], [124, 277], [-128, -277]]
[[1, 0], [124, 277], [-380, -831]]
[[1, 0], [124, 277], [-501, -1108]]
[[1, 0], [124, 831], [-128, -831]]
[[1, 0], [125, 1108], [-127, -1108]]
[[1, 0], [125, 277], [-129, -277]]
[[1, 0], [125, 277], [-383, -831]]
[[1, 0], [125, 277], [-505, -1108]]
[[1, 0], [125, 554], [-253, -1108]]
[[1, 0], [126, 277], [-130, -277]]
[[1, 0], [126, 277], [-386, -831]]
[[1, 0], [126, 277], [-509, -1108]]
[[1, 0], [127, 1108], [-129, -1108]]
[[1, 0], [127, 277], [-131, -277]]
[[1, 0], [127, 277], [-389, -831]]
[[1, 0], [127, 277], [-513, -1108]]
[[1, 0], [127, 554], [-257, -1108]]
[[1, 0], [127, 831], [-131, -831]]
[[1, 0], [128, 277], [-132, -277]]
[[1, 0], [128, 277], [-392, -831]]
[[1, 0], [128, 277], [-517, -1108]]
[[1, 0], [129, 1108], [-131, -1108]]
[[1, 0], [129, 277], [-133, -277]]
[[1, 0], [129, 277], [-395, -831]]
[[1, 0], [129, 277], [-521, -1108]]
[[1, 0], [129, 554], [-261, -1108]]
[[1, 0], [13, 1108], [-15, -1108]]
[[1, 0], [13, 24], [-127, -64]]
[[1, 0], [13, 277], [-17, -277]]
[[1, 0], [13, 277], [-47, -831]]
[[1, 0], [13, 277], [-57, -1108]]
[[1, 0], [13, 554], [-29, -1108]]
[[1, 0], [13, 831], [-17, -831]]
[[1, 0], [130, 277], [-134, -277]]
[[1, 0], [130, 277], [-398, -831]]
[[1, 0], [130, 277], [-525, -1108]]
[[1, 0], [130, 831], [-134, -831]]
[[1, 0], [131, 1108], [-133, -1108]]
[[1, 0], [131, 277], [-135, -277]]
[[1, 0], [131, 277], [-401, -831]]
[[1, 0], [131, 277], [-529, -1108]]
[[1, 0], [131, 554], [-265, -1108]]
[[1, 0], [132, 277], [-136, -277]]
[[1, 0], [132, 277], [-404, -831]]
[[1, 0], [132, 277], [-533, -1108]]
[[1, 0], [133, 1108], [-135, -1108]]
[[1, 0], [133, 277], [-137, -277]]
[[1, 0], [133, 277], [-407, -831]]
[[1, 0], [133, 277], [-537, -1108]]
[[1, 0], [133, 554], [-269, -1108]]
[[1, 0], [133, 831], [-137, -831]]
[[1, 0], [134, 277], [-138, -277]]
[[1, 0], [134, 277], [-410, -831]]
[[1, 0], [134, 277], [-541, -1108]]
[[1, 0], [135, 1108], [-137, -1108]]
[[1, 0], [135, 277], [-139, -277]]
[[1, 0], [135, 277], [-413, -831]]
[[1, 0], [135, 277], [-545, -1108]]
[[1, 0], [135, 554], [-273, -1108]]
[[1, 0], [136, 277], [-140, -277]]
[[1, 0], [136, 277], [-416, -831]]
[[1, 0], [136, 277], [-549, -1108]]
[[1, 0], [136, 831], [-140, -831]]
[[1, 0], [137, 1108], [-139, -1108]]
[[1, 0], [137, 277], [-419, -831]]
[[1, 0], [137, 277], [-553, -1108]]
[[1, 0], [138, 277], [-422, -831]]
[[1, 0], [138, 277], [-557, -1108]]
[[1, 0], [139, 1108], [-141, -1108]]
[[1, 0], [139, 277], [-425, -831]]
[[1, 0], [139, 277], [-561, -1108]]
[[1, 0], [139, 554], [-281, -1108]]
[[1, 0], [139, 831], [-143, -831]]
[[1, 0], [14, 277], [-18, -277]]
[[1, 0], [14, 277], [-50, -831]]
[[1, 0], [14, 277], [-61, -1108]]
[[1, 0], [140, 277], [-428, -831]]
[[1, 0], [140, 277], [-565, -1108]]
[[1, 0], [141, 1108], [-143, -1108]]
[[1, 0], [141, 277], [-431, -831]]
[[1, 0], [141, 277], [-569, -1108]]
[[1, 0], [141, 280], [-559, -560]]
[[1, 0], [141, 554], [-285, -1108]]
[[1, 0], [142, 277], [-434, -831]]
[[1, 0], [142, 277], [-573, -1108]]
[[1, 0], [142, 831], [-146, -831]]
[[1, 0], [143, 1108], [-145, -1108]]
[[1, 0], [143, 277], [-437, -831]]
[[1, 0], [143, 277], [-577, -1108]]
[[1, 0], [143, 554], [-289, -1108]]
[[1, 0], [144, 277], [-440, -831]]
[[1, 0], [144, 277], [-581, -1108]]
[[1, 0], [145, 1108], [-147, -1108]]
[[1, 0], [145, 277], [-443, -831]]
[[1, 0], [145, 277], [-585, -1108]]
[[1, 0], [145, 554], [-293, -1108]]
[[1, 0], [145, 831], [-149, -831]]
[[1, 0], [146, 277], [-446, -831]]
[[1, 0], [146, 277], [-589, -1108]]
[[1, 0], [147, 1108], [-149, -1108]]
[[1, 0], [147, 277], [-449, -831]]
[[1, 0], [147, 277], [-593, -1108]]
[[1, 0], [147, 554], [-297, -1108]]
[[1, 0], [148, 277], [-452, -831]]
[[1, 0], [148, 277], [-597, -1108]]
[[1, 0], [148, 831], [-152, -831]]
[[1, 0], [149, 1108], [-151, -1108]]
[[1, 0], [149, 277], [-455, -831]]
[[1, 0], [149, 277], [-601, -1108]]
[[1, 0], [149, 554], [-301, -1108]]
[[1, 0], [15, 1108], [-17, -1108]]
[[1, 0], [15, 277], [-19, -277]]
[[1, 0], [15, 277], [-53, -831]]
[[1, 0], [15, 277], [-65, -1108]]
[[1, 0], [15, 28], [-2239, -560]]
[[1, 0], [15, 28], [-307, -56]]
[[1, 0], [15, 28], [-399, -80]]
[[1, 0], [15, 28], [-629, -140]]
[[1, 0], [15, 554], [-33, -1108]]
[[1, 0], [150, 277], [-458, -831]]
[[1, 0], [150, 277], [-605, -1108]]
[[1, 0], [151, 1108], [-153, -1108]]
[[1, 0], [151, 277], [-461, -831]]
[[1, 0], [151, 277], [-609, -1108]]
[[1, 0], [151, 554], [-305, -1108]]
[[1, 0], [151, 831], [-155, -831]]
[[1, 0], [152, 277], [-464, -831]]
[[1, 0], [152, 277], [-613, -1108]]
[[1, 0], [153, 1108], [-155, -1108]]
[[1, 0], [153, 277], [-467, -831]]
[[1, 0], [153, 277], [-617, -1108]]
[[1, 0], [153, 554], [-309, -1108]]
[[1, 0], [154, 277], [-470, -831]]
[[1, 0], [154, 277], [-621, -1108]]
[[1, 0], [154, 831], [-158, -831]]
[[1, 0], [155, 1108], [-157, -1108]]
[[1, 0], [155, 277], [-473, -831]]
[[1, 0], [155, 277], [-625, -1108]]
[[1, 0], [155, 554], [-313, -1108]]
[[1, 0], [156, 277], [-476, -831]]
[[1, 0], [156, 277], [-629, -1108]]
[[1, 0], [157, 1108], [-159, -1108]]
[[1, 0], [157, 277], [-479, -831]]
[[1, 0], [157, 277], [-633, -1108]]
[[1, 0], [157, 554], [-317, -1108]]
[[1, 0], [157, 831], [-161, -831]]
[[1, 0], [158, 277], [-482, -831]]
[[1, 0], [158, 277], [-637, -1108]]
[[1, 0], [159, 1108], [-161, -1108]]
[[1, 0], [159, 277], [-485, -831]]
[[1, 0], [159, 277], [-641, -1108]]
[[1, 0], [159, 554], [-321, -1108]]
[[1, 0], [16, 277], [-20, -277]]
[[1, 0], [16, 277], [-56, -831]]
[[1, 0], [16, 277], [-69, -1108]]
[[1, 0], [16, 831], [-20, -831]]
[[1, 0], [160, 277], [-488, -831]]
[[1, 0], [160, 277], [-645, -1108]]
[[1, 0], [160, 831], [-164, -831]]
[[1, 0], [161, 1108], [-163, -1108]]
[[1, 0], [161, 277], [-491, -831]]
[[1, 0], [161, 277], [-649, -1108]]
[[1, 0], [161, 554], [-325, -1108]]
[[1, 0], [162, 277], [-494, -831]]
[[1, 0], [162, 277], [-653, -1108]]
[[1, 0], [163, 1108], [-165, -1108]]
[[1, 0], [163, 277], [-497, -831]]
[[1, 0], [163, 277], [-657, -1108]]
[[1, 0], [163, 554], [-329, -1108]]
[[1, 0], [163, 831], [-167, -831]]
[[1, 0], [164, 277], [-500, -831]]
[[1, 0], [164, 277], [-661, -1108]]
[[1, 0], [165, 1108], [-167, -1108]]
[[1, 0], [165, 277], [-503, -831]]
[[1, 0], [165, 277], [-665, -1108]]
[[1, 0], [165, 554], [-333, -1108]]
[[1, 0], [166, 277], [-506, -831]]
[[1, 0], [166, 277], [-669, -1108]]
[[1, 0], [166, 831], [-170, -831]]
[[1, 0], [167, 1108], [-169, -1108]]
[[1, 0], [167, 277], [-509, -831]]
[[1, 0], [167, 277], [-673, -1108]]
[[1, 0], [167, 554], [-337, -1108]]
[[1, 0], [168, 277], [-512, -831]]
[[1, 0], [168, 277], [-677, -1108]]
[[1, 0], [169, 1108], [-171, -1108]]
[[1, 0], [169, 277], [-515, -831]]
[[1, 0], [169, 277], [-681, -1108]]
[[1, 0], [169, 554], [-341, -1108]]
[[1, 0], [169, 831], [-173, -831]]
[[1, 0], [17, 1108], [-19, -1108]]
[[1, 0], [17, 277], [-21, -277]]
[[1, 0], [17, 277], [-59, -831]]
[[1, 0], [17, 277], [-73, -1108]]
[[1, 0], [17, 32], [-215, -144]]
[[1, 0], [17, 32], [-75, -76]]
[[1, 0], [17, 554], [-37, -1108]]
[[1, 0], [170, 277], [-518, -831]]
[[1, 0], [170, 277], [-685, -1108]]
[[1, 0], [171, 1108], [-173, -1108]]
[[1, 0], [171, 277], [-521, -831]]
[[1, 0], [171, 277], [-689, -1108]]
[[1, 0], [171, 554], [-345, -1108]]
[[1, 0], [172, 277], [-524, -831]]
[[1, 0], [172, 277], [-693, -1108]]
[[1, 0], [172, 831], [-176, -831]]
[[1, 0], [173, 1108], [-175, -1108]]
[[1, 0], [173, 277], [-527, -831]]
[[1, 0], [173, 277], [-697, -1108]]
[[1, 0], [173, 554], [-349, -1108]]
[[1, 0], [174, 277], [-530, -831]]
[[1, 0], [174, 277], [-701, -1108]]
[[1, 0], [175, 1108], [-177, -1108]]
[[1, 0], [175, 277], [-533, -831]]
[[1, 0], [175, 277], [-705, -1108]]
[[1, 0], [175, 554], [-353, -1108]]
[[1, 0], [175, 831], [-179, -831]]
[[1, 0], [176, 277], [-536, -831]]
[[1, 0], [176, 277], [-709, -1108]]
[[1, 0], [177, 1108], [-179, -1108]]
[[1, 0], [177, 277], [-539, -831]]
[[1, 0], [177, 277], [-713, -1108]]
[[1, 0], [177, 554], [-357, -1108]]
[[1, 0], [178, 277], [-542, -831]]
[[1, 0], [178, 277], [-717, -1108]]
[[1, 0], [178, 831], [-182, -831]]
[[1, 0], [179, 1108], [-181, -1108]]
[[1, 0], [179, 277], [-545, -831]]
[[1, 0], [179, 277], [-721, -1108]]
[[1, 0], [179, 554], [-361, -1108]]
[[1, 0], [18, 277], [-22, -277]]
[[1, 0], [18, 277], [-62, -831]]
[[1, 0], [18, 277], [-77, -1108]]
[[1, 0], [180, 277], [-548, -831]]
[[1, 0], [180, 277], [-725, -1108]]
[[1, 0], [181, 1108], [-183, -1108]]
[[1, 0], [181, 277], [-551, -831]]
[[1, 0], [181, 277], [-729, -1108]]
[[1, 0], [181, 554], [-365, -1108]]
[[1, 0], [181, 831], [-185, -831]]
[[1, 0], [182, 277], [-733, -1108]]
[[1, 0], [183, 1108], [-185, -1108]]
[[1, 0], [183, 277], [-557, -831]]
[[1, 0], [183, 277], [-737, -1108]]
[[1, 0], [183, 554], [-369, -1108]]
[[1, 0], [184, 277], [-560, -831]]
[[1, 0], [184, 277], [-741, -1108]]
[[1, 0], [184, 831], [-188, -831]]
[[1, 0], [185, 1108], [-187, -1108]]
[[1, 0], [185, 277], [-563, -831]]
[[1, 0], [185, 277], [-745, -1108]]
[[1, 0], [185, 554], [-373, -1108]]
[[1, 0], [186, 277], [-566, -831]]
[[1, 0], [186, 277], [-749, -1108]]
[[1, 0], [187, 1108], [-189, -1108]]
[[1, 0], [187, 277], [-569, -831]]
[[1, 0], [187, 277], [-753, -1108]]
[[1, 0], [187, 554], [-377, -1108]]
[[1, 0], [187, 831], [-191, -831]]
[[1, 0], [188, 277], [-572, -831]]
[[1, 0], [188, 277], [-757, -1108]]
[[1, 0], [189, 1108], [-191, -1108]]
[[1, 0], [189, 277], [-575, -831]]
[[1, 0], [189, 277], [-761, -1108]]
[[1, 0], [189, 554], [-381, -1108]]
[[1, 0], [19, 1108], [-21, -1108]]
[[1, 0], [19, 277], [-23, -277]]
[[1, 0], [19, 277], [-65, -831]]
[[1, 0], [19, 277], [-81, -1108]]
[[1, 0], [19, 36], [-143, -96]]
[[1, 0], [19, 36], [-50, -51]]
[[1, 0], [19, 554], [-41, -1108]]
[[1, 0], [19, 831], [-23, -831]]
[[1, 0], [190, 277], [-578, -831]]
[[1, 0], [190, 277], [-765, -1108]]
[[1, 0], [190, 831], [-194, -831]]
[[1, 0], [191, 1108], [-193, -1108]]
[[1, 0], [191, 277], [-581, -831]]
[[1, 0], [191, 277], [-769, -1108]]
[[1, 0], [191, 554], [-385, -1108]]
[[1, 0], [192, 277], [-584, -831]]
[[1, 0], [192, 277], [-773, -1108]]
[[1, 0], [193, 1108], [-195, -1108]]
[[1, 0], [193, 277], [-587, -831]]
[[1, 0], [193, 277], [-777, -1108]]
[[1, 0], [193, 554], [-389, -1108]]
[[1, 0], [193, 831], [-197, -831]]
[[1, 0], [194, 277], [-590, -831]]
[[1, 0], [194, 277], [-781, -1108]]
[[1, 0], [195, 1108], [-197, -1108]]
[[1, 0], [195, 277], [-593, -831]]
[[1, 0], [195, 277], [-785, -1108]]
[[1, 0], [195, 554], [-393, -1108]]
[[1, 0], [196, 277], [-596, -831]]
[[1, 0], [196, 277], [-789, -1108]]
[[1, 0], [196, 831], [-200, -831]]
[[1, 0], [197, 1108], [-199, -1108]]
[[1, 0], [197, 277], [-599, -831]]
[[1, 0], [197, 277], [-793, -1108]]
[[1, 0], [197, 554], [-397, -1108]]
[[1, 0], [198, 277], [-602, -831]]
[[1, 0], [198, 277], [-797, -1108]]
[[1, 0], [199, 1108], [-201, -1108]]
[[1, 0], [199, 277], [-605, -831]]
[[1, 0], [199, 277], [-801, -1108]]
[[1, 0], [199, 554], [-401, -1108]]
[[1, 0], [199, 831], [-203, -831]]
[[1, 0], [2, 277], [-13, -1108]]
[[1, 0], [2, 277], [-14, -831]]
[[1, 0], [2, 277], [-6, -277]]
[[1, 0], [20, 277], [-24, -277]]
[[1, 0], [20, 277], [-68, -831]]
[[1, 0], [20, 277], [-85, -1108]]
[[1, 0], [200, 277], [-608, -831]]
[[1, 0], [200, 277], [-805, -1108]]
[[1, 0], [201, 1108], [-203, -1108]]
[[1, 0], [201, 277], [-611, -831]]
[[1, 0], [201, 277], [-809, -1108]]
[[1, 0], [201, 554], [-405, -1108]]
[[1, 0], [202, 277], [-614, -831]]
[[1, 0], [202, 277], [-813, -1108]]
[[1, 0], [202, 831], [-206, -831]]
[[1, 0], [203, 1108], [-205, -1108]]
[[1, 0], [203, 277], [-617, -831]]
[[1, 0], [203, 277], [-817, -1108]]
[[1, 0], [203, 554], [-409, -1108]]
[[1, 0], [204, 277], [-620, -831]]
[[1, 0], [204, 277], [-821, -1108]]
[[1, 0], [205, 1108], [-207, -1108]]
[[1, 0], [205, 277], [-623, -831]]
[[1, 0], [205, 277], [-825, -1108]]
[[1, 0], [205, 554], [-413, -1108]]
[[1, 0], [205, 831], [-209, -831]]
[[1, 0], [206, 277], [-626, -831]]
[[1, 0], [206, 277], [-829, -1108]]
[[1, 0], [207, 1108], [-209, -1108]]
[[1, 0], [207, 277], [-629, -831]]
[[1, 0], [207, 277], [-833, -1108]]
[[1, 0], [207, 554], [-417, -1108]]
[[1, 0], [208, 277], [-632, -831]]
[[1, 0], [208, 277], [-837, -1108]]
[[1, 0], [208, 831], [-212, -831]]
[[1, 0], [209, 1108], [-211, -1108]]
[[1, 0], [209, 277], [-635, -831]]
[[1, 0], [209, 277], [-841, -1108]]
[[1, 0], [209, 554], [-421, -1108]]
[[1, 0], [21, 1108], [-23, -1108]]
[[1, 0], [21, 277], [-25, -277]]
[[1, 0], [21, 277], [-71, -831]]
[[1, 0], [21, 277], [-89, -1108]]
[[1, 0], [21, 40], [-1679, -560]]
[[1, 0], [21, 40], [-251, -56]]
[[1, 0], [21, 40], [-319, -80]]
[[1, 0], [21, 40], [-489, -140]]
[[1, 0], [21, 40], [-74, -75]]
[[1, 0], [21, 554], [-45, -1108]]
[[1, 0], [210, 277], [-638, -831]]
[[1, 0], [210, 277], [-845, -1108]]
[[1, 0], [211, 1108], [-213, -1108]]
[[1, 0], [211, 277], [-641, -831]]
[[1, 0], [211, 277], [-849, -1108]]
[[1, 0], [211, 554], [-425, -1108]]
[[1, 0], [211, 831], [-215, -831]]
[[1, 0], [212, 277], [-644, -831]]
[[1, 0], [212, 277], [-853, -1108]]
[[1, 0], [213, 1108], [-215, -1108]]
[[1, 0], [213, 277], [-647, -831]]
[[1, 0], [213, 277], [-857, -1108]]
[[1, 0], [213, 554], [-429, -1108]]
[[1, 0], [214, 277], [-650, -831]]
[[1, 0], [214, 277], [-861, -1108]]
[[1, 0], [214, 831], [-218, -831]]
[[1, 0], [215, 1108], [-217, -1108]]
[[1, 0], [215, 277], [-653, -831]]
[[1, 0], [215, 277], [-865, -1108]]
[[1, 0], [215, 554], [-433, -1108]]
[[1, 0], [216, 277], [-656, -831]]
[[1, 0], [216, 277], [-869, -1108]]
[[1, 0], [217, 1108], [-219, -1108]]
[[1, 0], [217, 277], [-659, -831]]
[[1, 0], [217, 277], [-873, -1108]]
[[1, 0], [217, 554], [-437, -1108]]
[[1, 0], [217, 831], [-221, -831]]
[[1, 0], [218, 277], [-662, -831]]
[[1, 0], [218, 277], [-877, -1108]]
[[1, 0], [219, 1108], [-221, -1108]]
[[1, 0], [219, 277], [-665, -831]]
[[1, 0], [219, 277], [-881, -1108]]
[[1, 0], [219, 554], [-441, -1108]]
[[1, 0], [22, 277], [-26, -277]]
[[1, 0], [22, 277], [-74, -831]]
[[1, 0], [22, 277], [-93, -1108]]
[[1, 0], [22, 831], [-26, -831]]
[[1, 0], [220, 277], [-668, -831]]
[[1, 0], [220, 277], [-885, -1108]]
[[1, 0], [220, 831], [-224, -831]]
[[1, 0], [221, 1108], [-223, -1108]]
[[1, 0], [221, 277], [-671, -831]]
[[1, 0], [221, 277], [-889, -1108]]
[[1, 0], [221, 554], [-445, -1108]]
[[1, 0], [222, 277], [-674, -831]]
[[1, 0], [222, 277], [-893, -1108]]
[[1, 0], [223, 1108], [-225, -1108]]
[[1, 0], [223, 277], [-677, -831]]
[[1, 0], [223, 277], [-897, -1108]]
[[1, 0], [223, 554], [-449, -1108]]
[[1, 0], [223, 831], [-227, -831]]
[[1, 0], [224, 277], [-680, -831]]
[[1, 0], [224, 277], [-901, -1108]]
[[1, 0], [225, 1108], [-227, -1108]]
[[1, 0], [225, 277], [-683, -831]]
[[1, 0], [225, 277], [-905, -1108]]
[[1, 0], [225, 554], [-453, -1108]]
[[1, 0], [226, 277], [-686, -831]]
[[1, 0], [226, 277], [-909, -1108]]
[[1, 0], [226, 831], [-230, -831]]
[[1, 0], [227, 1108], [-229, -1108]]
[[1, 0], [227, 277], [-689, -831]]
[[1, 0], [227, 277], [-913, -1108]]
[[1, 0], [227, 554], [-457, -1108]]
[[1, 0], [228, 277], [-692, -831]]
[[1, 0], [228, 277], [-917, -1108]]
[[1, 0], [229, 1108], [-231, -1108]]
[[1, 0], [229, 277], [-695, -831]]
[[1, 0], [229, 277], [-921, -1108]]
[[1, 0], [229, 554], [-461, -1108]]
[[1, 0], [229, 831], [-233, -831]]
[[1, 0], [23, 1108], [-25, -1108]]
[[1, 0], [23, 277], [-27, -277]]
[[1, 0], [23, 277], [-77, -831]]
[[1, 0], [23, 277], [-97, -1108]]
[[1, 0], [23, 554], [-49, -1108]]
[[1, 0], [230, 277], [-698, -831]]
[[1, 0], [230, 277], [-925, -1108]]
[[1, 0], [231, 1108], [-233, -1108]]
[[1, 0], [231, 277], [-701, -831]]
[[1, 0], [231, 277], [-929, -1108]]
[[1, 0], [231, 554], [-465, -1108]]
[[1, 0], [232, 277], [-704, -831]]
[[1, 0], [232, 277], [-933, -1108]]
[[1, 0], [232, 831], [-236, -831]]
[[1, 0], [233, 1108], [-235, -1108]]
[[1, 0], [233, 277], [-707, -831]]
[[1, 0], [233, 277], [-937, -1108]]
[[1, 0], [233, 554], [-469, -1108]]
[[1, 0], [234, 277], [-710, -831]]
[[1, 0], [234, 277], [-941, -1108]]
[[1, 0], [235, 1108], [-237, -1108]]
[[1, 0], [235, 277], [-713, -831]]
[[1, 0], [235, 277], [-945, -1108]]
[[1, 0], [235, 554], [-473, -1108]]
[[1, 0], [235, 831], [-239, -831]]
[[1, 0], [236, 277], [-716, -831]]
[[1, 0], [236, 277], [-949, -1108]]
[[1, 0], [237, 1108], [-239, -1108]]
[[1, 0], [237, 277], [-719, -831]]
[[1, 0], [237, 277], [-953, -1108]]
[[1, 0], [237, 554], [-477, -1108]]
[[1, 0], [238, 277], [-722, -831]]
[[1, 0], [238, 277], [-957, -1108]]
[[1, 0], [238, 831], [-242, -831]]
[[1, 0], [239, 1108], [-241, -1108]]
[[1, 0], [239, 277], [-725, -831]]
[[1, 0], [239, 277], [-961, -1108]]
[[1, 0], [239, 554], [-481, -1108]]
[[1, 0], [24, 277], [-101, -1108]]
[[1, 0], [24, 277], [-28, -277]]
[[1, 0], [24, 277], [-80, -831]]
[[1, 0], [240, 277], [-728, -831]]
[[1, 0], [240, 277], [-965, -1108]]
[[1, 0], [241, 1108], [-243, -1108]]
[[1, 0], [241, 277], [-731, -831]]
[[1, 0], [241, 277], [-969, -1108]]
[[1, 0], [241, 554], [-485, -1108]]
[[1, 0], [241, 831], [-245, -831]]
[[1, 0], [242, 277], [-734, -831]]
[[1, 0], [242, 277], [-973, -1108]]
[[1, 0], [243, 1108], [-245, -1108]]
[[1, 0], [243, 277], [-737, -831]]
[[1, 0], [243, 277], [-977, -1108]]
[[1, 0], [243, 554], [-489, -1108]]
[[1, 0], [244, 277], [-740, -831]]
[[1, 0], [244, 277], [-981, -1108]]
[[1, 0], [244, 831], [-248, -831]]
[[1, 0], [245, 1108], [-247, -1108]]
[[1, 0], [245, 277], [-743, -831]]
[[1, 0], [245, 277], [-985, -1108]]
[[1, 0], [245, 554], [-493, -1108]]
[[1, 0], [246, 277], [-746, -831]]
[[1, 0], [246, 277], [-989, -1108]]
[[1, 0], [247, 1108], [-249, -1108]]
[[1, 0], [247, 277], [-749, -831]]
[[1, 0], [247, 277], [-993, -1108]]
[[1, 0], [247, 554], [-497, -1108]]
[[1, 0], [247, 831], [-251, -831]]
[[1, 0], [248, 277], [-752, -831]]
[[1, 0], [248, 277], [-997, -1108]]
[[1, 0], [249, 1108], [-251, -1108]]
[[1, 0], [249, 277], [-1001, -1108]]
[[1, 0], [249, 277], [-755, -831]]
[[1, 0], [249, 554], [-501, -1108]]
[[1, 0], [25, 1108], [-27, -1108]]
[[1, 0], [25, 277], [-105, -1108]]
[[1, 0], [25, 277], [-29, -277]]
[[1, 0], [25, 277], [-83, -831]]
[[1, 0], [25, 554], [-53, -1108]]
[[1, 0], [25, 831], [-29, -831]]
[[1, 0], [250, 277], [-1005, -1108]]
[[1, 0], [250, 277], [-758, -831]]
[[1, 0], [250, 831], [-254, -831]]
[[1, 0], [251, 1108], [-253, -1108]]
[[1, 0], [251, 277], [-1009, -1108]]
[[1, 0], [251, 277], [-761, -831]]
[[1, 0], [251, 554], [-505, -1108]]
[[1, 0], [252, 277], [-1013, -1108]]
[[1, 0], [252, 277], [-764, -831]]
[[1, 0], [253, 1108], [-255, -1108]]
[[1, 0], [253, 277], [-1017, -1108]]
[[1, 0], [253, 277], [-767, -831]]
[[1, 0], [253, 554], [-509, -1108]]
[[1, 0], [253, 831], [-257, -831]]
[[1, 0], [254, 277], [-1021, -1108]]
[[1, 0], [254, 277], [-770, -831]]
[[1, 0], [255, 1108], [-257, -1108]]
[[1, 0], [255, 277], [-1025, -1108]]
[[1, 0], [255, 277], [-773, -831]]
[[1, 0], [255, 554], [-513, -1108]]
[[1, 0], [256, 277], [-1029, -1108]]
[[1, 0], [256, 277], [-776, -831]]
[[1, 0], [256, 831], [-260, -831]]
[[1, 0], [257, 1108], [-259, -1108]]
[[1, 0], [257, 277], [-1033, -1108]]
[[1, 0], [257, 277], [-779, -831]]
[[1, 0], [257, 554], [-517, -1108]]
[[1, 0], [258, 277], [-1037, -1108]]
[[1, 0], [258, 277], [-782, -831]]
[[1, 0], [259, 1108], [-261, -1108]]
[[1, 0], [259, 277], [-1041, -1108]]
[[1, 0], [259, 277], [-785, -831]]
[[1, 0], [259, 554], [-521, -1108]]
[[1, 0], [259, 831], [-263, -831]]
[[1, 0], [26, 277], [-109, -1108]]
[[1, 0], [26, 277], [-30, -277]]
[[1, 0], [26, 277], [-86, -831]]
[[1, 0], [260, 277], [-1045, -1108]]
[[1, 0], [260, 277], [-788, -831]]
[[1, 0], [261, 1108], [-263, -1108]]
[[1, 0], [261, 277], [-1049, -1108]]
[[1, 0], [261, 277], [-791, -831]]
[[1, 0], [261, 554], [-525, -1108]]
[[1, 0], [262, 277], [-1053, -1108]]
[[1, 0], [262, 277], [-794, -831]]
[[1, 0], [262, 831], [-266, -831]]
[[1, 0], [263, 1108], [-265, -1108]]
[[1, 0], [263, 277], [-1057, -1108]]
[[1, 0], [263, 277], [-797, -831]]
[[1, 0], [263, 554], [-529, -1108]]
[[1, 0], [264, 277], [-1061, -1108]]
[[1, 0], [264, 277], [-800, -831]]
[[1, 0], [265, 1108], [-267, -1108]]
[[1, 0], [265, 277], [-1065, -1108]]
[[1, 0], [265, 277], [-803, -831]]
[[1, 0], [265, 554], [-533, -1108]]
[[1, 0], [265, 831], [-269, -831]]
[[1, 0], [266, 277], [-1069, -1108]]
[[1, 0], [266, 277], [-270, -277]]
[[1, 0], [266, 277], [-806, -831]]
[[1, 0], [267, 1108], [-269, -1108]]
[[1, 0], [267, 277], [-1073, -1108]]
[[1, 0], [267, 277], [-809, -831]]
[[1, 0], [267, 554], [-537, -1108]]
[[1, 0], [268, 277], [-1077, -1108]]
[[1, 0], [268, 277], [-812, -831]]
[[1, 0], [268, 831], [-272, -831]]
[[1, 0], [269, 1108], [-271, -1108]]
[[1, 0], [269, 277], [-1081, -1108]]
[[1, 0], [269, 277], [-815, -831]]
[[1, 0], [269, 554], [-541, -1108]]
[[1, 0], [27, 1108], [-29, -1108]]
[[1, 0], [27, 277], [-113, -1108]]
[[1, 0], [27, 277], [-31, -277]]
[[1, 0], [27, 277], [-89, -831]]
[[1, 0], [27, 554], [-57, -1108]]
[[1, 0], [270, 277], [-1085, -1108]]
[[1, 0], [270, 277], [-818, -831]]
[[1, 0], [271, 1108], [-273, -1108]]
[[1, 0], [271, 277], [-1089, -1108]]
[[1, 0], [271, 277], [-821, -831]]
[[1, 0], [271, 554], [-545, -1108]]
[[1, 0], [271, 831], [-275, -831]]
[[1, 0], [272, 277], [-1093, -1108]]
[[1, 0], [272, 277], [-824, -831]]
[[1, 0], [273, 1108], [-275, -1108]]
[[1, 0], [273, 277], [-1097, -1108]]
[[1, 0], [273, 277], [-827, -831]]
[[1, 0], [273, 554], [-549, -1108]]
[[1, 0], [274, 277], [-1101, -1108]]
[[1, 0], [274, 277], [-278, -277]]
[[1, 0], [274, 277], [-830, -831]]
[[1, 0], [274, 831], [-278, -831]]
[[1, 0], [275, 277], [-1105, -1108]]
[[1, 0], [275, 277], [-279, -277]]
[[1, 0], [275, 277], [-833, -831]]
[[1, 0], [275, 554], [-553, -1108]]
[[1, 0], [276, 277], [-1109, -1108]]
[[1, 0], [276, 277], [-836, -831]]
[[1, 0], [279, 1108], [-281, -1108]]
[[1, 0], [279, 554], [-561, -1108]]
[[1, 0], [279, 556], [-833, -556]]
[[1, 0], [28, 277], [-117, -1108]]
[[1, 0], [28, 277], [-32, -277]]
[[1, 0], [28, 277], [-92, -831]]
[[1, 0], [28, 831], [-32, -831]]
[[1, 0], [280, 831], [-284, -831]]
[[1, 0], [281, 1108], [-283, -1108]]
[[1, 0], [281, 554], [-565, -1108]]
[[1, 0], [283, 1108], [-285, -1108]]
[[1, 0], [283, 554], [-569, -1108]]
[[1, 0], [283, 831], [-287, -831]]
[[1, 0], [285, 1108], [-287, -1108]]
[[1, 0], [285, 554], [-573, -1108]]
[[1, 0], [286, 831], [-290, -831]]
[[1, 0], [287, 1108], [-289, -1108]]
[[1, 0], [287, 554], [-577, -1108]]
[[1, 0], [289, 1108], [-291, -1108]]
[[1, 0], [289, 554], [-581, -1108]]
[[1, 0], [289, 831], [-293, -831]]
[[1, 0], [29, 1108], [-31, -1108]]
[[1, 0], [29, 277], [-121, -1108]]
[[1, 0], [29, 277], [-33, -277]]
[[1, 0], [29, 277], [-95, -831]]
[[1, 0], [29, 554], [-61, -1108]]
[[1, 0], [29, 56], [-335, -112]]
[[1, 0], [29, 56], [-699, -280]]
[[1, 0], [291, 1108], [-293, -1108]]
[[1, 0], [291, 554], [-585, -1108]]
[[1, 0], [292, 831], [-296, -831]]
[[1, 0], [293, 1108], [-295, -1108]]
[[1, 0], [293, 554], [-589, -1108]]
[[1, 0], [295, 1108], [-297, -1108]]
[[1, 0], [295, 554], [-593, -1108]]
[[1, 0], [295, 831], [-299, -831]]
[[1, 0], [297, 1108], [-299, -1108]]
[[1, 0], [297, 554], [-597, -1108]]
[[1, 0], [298, 831], [-302, -831]]
[[1, 0], [299, 1108], [-301, -1108]]
[[1, 0], [299, 554], [-601, -1108]]
[[1, 0], [3, 1108], [-5, -1108]]
[[1, 0], [3, 277], [-17, -1108]]
[[1, 0], [3, 277], [-17, -831]]
[[1, 0], [3, 277], [-7, -277]]
[[1, 0], [3, 4], [-10007, -139]]
[[1, 0], [3, 4], [-1109, -1108]]
[[1, 0], [3, 4], [-1109, -740]]
[[1, 0], [3, 4], [-13439, -560]]
[[1, 0], [3, 4], [-1427, -56]]
[[1, 0], [3, 4], [-143, -6]]
[[1, 0], [3, 4], [-1847, -616]]
[[1, 0], [3, 4], [-185, -62]]
[[1, 0], [3, 4], [-19737, -278]]
[[1, 0], [3, 4], [-1999, -80]]
[[1, 0], [3, 4], [-2114, -141]]
[[1, 0], [3, 4], [-278, -277]]
[[1, 0], [3, 4], [-283, -8]]
[[1, 0], [3, 4], [-333, -167]]
[[1, 0], [3, 4], [-3429, -140]]
[[1, 0], [3, 4], [-39197, -556]]
[[1, 0], [3, 4], [-4861, -572]]
[[1, 0], [3, 4], [-489, -98]]
[[1, 0], [3, 4], [-555, -554]]
[[1, 0], [3, 4], [-557, -4]]
[[1, 0], [3, 4], [-569, -20]]
[[1, 0], [3, 4], [-665, -148]]
[[1, 0], [3, 554], [-9, -1108]]
[[1, 0], [30, 277], [-125, -1108]]
[[1, 0], [30, 277], [-34, -277]]
[[1, 0], [30, 277], [-98, -831]]
[[1, 0], [301, 1108], [-303, -1108]]
[[1, 0], [301, 554], [-605, -1108]]
[[1, 0], [301, 831], [-305, -831]]
[[1, 0], [303, 1108], [-305, -1108]]
[[1, 0], [303, 554], [-609, -1108]]
[[1, 0], [304, 831], [-308, -831]]
[[1, 0], [305, 1108], [-307, -1108]]
[[1, 0], [305, 554], [-613, -1108]]
[[1, 0], [307, 1108], [-309, -1108]]
[[1, 0], [307, 554], [-617, -1108]]
[[1, 0], [307, 831], [-311, -831]]
[[1, 0], [309, 1108], [-311, -1108]]
[[1, 0], [309, 554], [-621, -1108]]
[[1, 0], [31, 1108], [-33, -1108]]
[[1, 0], [31, 277], [-101, -831]]
[[1, 0], [31, 277], [-129, -1108]]
[[1, 0], [31, 277], [-35, -277]]
[[1, 0], [31, 554], [-65, -1108]]
[[1, 0], [31, 831], [-35, -831]]
[[1, 0], [310, 831], [-314, -831]]
[[1, 0], [311, 1108], [-313, -1108]]
[[1, 0], [311, 554], [-625, -1108]]
[[1, 0], [313, 1108], [-315, -1108]]
[[1, 0], [313, 554], [-629, -1108]]
[[1, 0], [313, 831], [-317, -831]]
[[1, 0], [315, 1108], [-317, -1108]]
[[1, 0], [315, 554], [-633, -1108]]
[[1, 0], [316, 831], [-320, -831]]
[[1, 0], [317, 1108], [-319, -1108]]
[[1, 0], [317, 554], [-637, -1108]]
[[1, 0], [319, 1108], [-321, -1108]]
[[1, 0], [319, 554], [-641, -1108]]
[[1, 0], [319, 831], [-323, -831]]
[[1, 0], [32, 277], [-104, -831]]
[[1, 0], [32, 277], [-133, -1108]]
[[1, 0], [32, 277], [-36, -277]]
[[1, 0], [321, 1108], [-323, -1108]]
[[1, 0], [321, 554], [-645, -1108]]
[[1, 0], [322, 831], [-326, -831]]
[[1, 0], [323, 1108], [-325, -1108]]
[[1, 0], [323, 554], [-649, -1108]]
[[1, 0], [325, 1108], [-327, -1108]]
[[1, 0], [325, 554], [-653, -1108]]
[[1, 0], [325, 831], [-329, -831]]
[[1, 0], [327, 1108], [-329, -1108]]
[[1, 0], [327, 554], [-657, -1108]]
[[1, 0], [328, 831], [-332, -831]]
[[1, 0], [329, 1108], [-331, -1108]]
[[1, 0], [329, 554], [-661, -1108]]
[[1, 0], [33, 1108], [-35, -1108]]
[[1, 0], [33, 277], [-107, -831]]
[[1, 0], [33, 277], [-137, -1108]]
[[1, 0], [33, 277], [-37, -277]]
[[1, 0], [33, 554], [-69, -1108]]
[[1, 0], [33, 64], [-287, -288]]
[[1, 0], [331, 1108], [-333, -1108]]
[[1, 0], [331, 554], [-665, -1108]]
[[1, 0], [331, 831], [-335, -831]]
[[1, 0], [333, 1108], [-335, -1108]]
[[1, 0], [333, 554], [-669, -1108]]
[[1, 0], [334, 831], [-338, -831]]
[[1, 0], [335, 1108], [-337, -1108]]
[[1, 0], [335, 554], [-673, -1108]]
[[1, 0], [337, 1108], [-339, -1108]]
[[1, 0], [337, 554], [-677, -1108]]
[[1, 0], [337, 831], [-341, -831]]
[[1, 0], [339, 1108], [-341, -1108]]
[[1, 0], [339, 554], [-681, -1108]]
[[1, 0], [34, 277], [-110, -831]]
[[1, 0], [34, 277], [-141, -1108]]
[[1, 0], [34, 277], [-38, -277]]
[[1, 0], [34, 831], [-38, -831]]
[[1, 0], [340, 831], [-344, -831]]
[[1, 0], [341, 1108], [-343, -1108]]
[[1, 0], [341, 554], [-685, -1108]]
[[1, 0], [343, 1108], [-345, -1108]]
[[1, 0], [343, 554], [-689, -1108]]
[[1, 0], [343, 831], [-347, -831]]
[[1, 0], [345, 1108], [-347, -1108]]
[[1, 0], [345, 554], [-693, -1108]]
[[1, 0], [346, 831], [-350, -831]]
[[1, 0], [347, 1108], [-349, -1108]]
[[1, 0], [347, 554], [-697, -1108]]
[[1, 0], [349, 1108], [-351, -1108]]
[[1, 0], [349, 554], [-701, -1108]]
[[1, 0], [349, 831], [-353, -831]]
[[1, 0], [35, 1108], [-37, -1108]]
[[1, 0], [35, 277], [-113, -831]]
[[1, 0], [35, 277], [-145, -1108]]
[[1, 0], [35, 277], [-39, -277]]
[[1, 0], [35, 554], [-73, -1108]]
[[1, 0], [351, 1108], [-353, -1108]]
[[1, 0], [351, 554], [-705, -1108]]
[[1, 0], [352, 831], [-356, -831]]
[[1, 0], [353, 1108], [-355, -1108]]
[[1, 0], [353, 554], [-709, -1108]]
[[1, 0], [355, 1108], [-357, -1108]]
[[1, 0], [355, 554], [-713, -1108]]
[[1, 0], [355, 831], [-359, -831]]
[[1, 0], [357, 1108], [-359, -1108]]
[[1, 0], [357, 554], [-717, -1108]]
[[1, 0], [358, 831], [-362, -831]]
[[1, 0], [359, 1108], [-361, -1108]]
[[1, 0], [359, 554], [-721, -1108]]
[[1, 0], [36, 277], [-116, -831]]
[[1, 0], [36, 277], [-149, -1108]]
[[1, 0], [36, 277], [-40, -277]]
[[1, 0], [361, 1108], [-363, -1108]]
[[1, 0], [361, 554], [-725, -1108]]
[[1, 0], [361, 831], [-365, -831]]
[[1, 0], [363, 1108], [-365, -1108]]
[[1, 0], [363, 554], [-729, -1108]]
[[1, 0], [364, 831], [-368, -831]]
[[1, 0], [365, 1108], [-367, -1108]]
[[1, 0], [365, 554], [-733, -1108]]
[[1, 0], [367, 1108], [-369, -1108]]
[[1, 0], [367, 554], [-737, -1108]]
[[1, 0], [367, 831], [-371, -831]]
[[1, 0], [369, 1108], [-371, -1108]]
[[1, 0], [369, 554], [-741, -1108]]
[[1, 0], [37, 1108], [-39, -1108]]
[[1, 0], [37, 277], [-119, -831]]
[[1, 0], [37, 277], [-153, -1108]]
[[1, 0], [37, 277], [-41, -277]]
[[1, 0], [37, 554], [-77, -1108]]
[[1, 0], [37, 72], [-191, -192]]
[[1, 0], [37, 831], [-41, -831]]
[[1, 0], [370, 831], [-374, -831]]
[[1, 0], [371, 1108], [-373, -1108]]
[[1, 0], [371, 554], [-745, -1108]]
[[1, 0], [373, 1108], [-375, -1108]]
[[1, 0], [373, 554], [-749, -1108]]
[[1, 0], [373, 831], [-377, -831]]
[[1, 0], [375, 1108], [-377, -1108]]
[[1, 0], [375, 554], [-753, -1108]]
[[1, 0], [376, 831], [-380, -831]]
[[1, 0], [377, 1108], [-379, -1108]]
[[1, 0], [377, 554], [-757, -1108]]
[[1, 0], [379, 1108], [-381, -1108]]
[[1, 0], [379, 554], [-761, -1108]]
[[1, 0], [379, 831], [-383, -831]]
[[1, 0], [38, 277], [-122, -831]]
[[1, 0], [38, 277], [-157, -1108]]
[[1, 0], [38, 277], [-42, -277]]
[[1, 0], [381, 1108], [-383, -1108]]
[[1, 0], [381, 554], [-765, -1108]]
[[1, 0], [382, 831], [-386, -831]]
[[1, 0], [383, 1108], [-385, -1108]]
[[1, 0], [383, 554], [-769, -1108]]
[[1, 0], [385, 1108], [-387, -1108]]
[[1, 0], [385, 554], [-773, -1108]]
[[1, 0], [385, 831], [-389, -831]]
[[1, 0], [387, 1108], [-389, -1108]]
[[1, 0], [387, 554], [-777, -1108]]
[[1, 0], [388, 831], [-392, -831]]
[[1, 0], [389, 1108], [-391, -1108]]
[[1, 0], [389, 554], [-781, -1108]]
[[1, 0], [39, 1108], [-41, -1108]]
[[1, 0], [39, 277], [-125, -831]]
[[1, 0], [39, 277], [-161, -1108]]
[[1, 0], [39, 277], [-43, -277]]
[[1, 0], [39, 554], [-81, -1108]]
[[1, 0], [391, 1108], [-393, -1108]]
[[1, 0], [391, 554], [-785, -1108]]
[[1, 0], [391, 831], [-395, -831]]
[[1, 0], [393, 1108], [-395, -1108]]
[[1, 0], [393, 554], [-789, -1108]]
[[1, 0], [394, 831], [-398, -831]]
[[1, 0], [395, 1108], [-397, -1108]]
[[1, 0], [395, 554], [-793, -1108]]
[[1, 0], [397, 1108], [-399, -1108]]
[[1, 0], [397, 554], [-797, -1108]]
[[1, 0], [397, 831], [-401, -831]]
[[1, 0], [399, 1108], [-401, -1108]]
[[1, 0], [399, 554], [-801, -1108]]
[[1, 0], [4, 277], [-20, -831]]
[[1, 0], [4, 277], [-21, -1108]]
[[1, 0], [4, 277], [-8, -277]]
[[1, 0], [4, 831], [-8, -831]]
[[1, 0], [40, 277], [-128, -831]]
[[1, 0], [40, 277], [-165, -1108]]
[[1, 0], [40, 277], [-44, -277]]
[[1, 0], [40, 831], [-44, -831]]
[[1, 0], [400, 831], [-404, -831]]
[[1, 0], [401, 1108], [-403, -1108]]
[[1, 0], [401, 554], [-805, -1108]]
[[1, 0], [403, 1108], [-405, -1108]]
[[1, 0], [403, 554], [-809, -1108]]
[[1, 0], [403, 831], [-407, -831]]
[[1, 0], [405, 1108], [-407, -1108]]
[[1, 0], [405, 554], [-813, -1108]]
[[1, 0], [406, 831], [-410, -831]]
[[1, 0], [407, 1108], [-409, -1108]]
[[1, 0], [407, 554], [-817, -1108]]
[[1, 0], [409, 1108], [-411, -1108]]
[[1, 0], [409, 554], [-821, -1108]]
[[1, 0], [409, 831], [-413, -831]]
[[1, 0], [41, 1108], [-43, -1108]]
[[1, 0], [41, 277], [-131, -831]]
[[1, 0], [41, 277], [-169, -1108]]
[[1, 0], [41, 277], [-45, -277]]
[[1, 0], [41, 554], [-85, -1108]]
[[1, 0], [41, 80], [-279, -112]]
[[1, 0], [41, 80], [-559, -280]]
[[1, 0], [411, 1108], [-413, -1108]]
[[1, 0], [411, 554], [-825, -1108]]
[[1, 0], [412, 831], [-416, -831]]
[[1, 0], [413, 1108], [-415, -1108]]
[[1, 0], [413, 554], [-829, -1108]]
[[1, 0], [415, 1108], [-417, -1108]]
[[1, 0], [415, 554], [-833, -1108]]
[[1, 0], [417, 1108], [-419, -1108]]
[[1, 0], [417, 554], [-837, -1108]]
[[1, 0], [419, 1108], [-421, -1108]]
[[1, 0], [419, 554], [-841, -1108]]
[[1, 0], [42, 277], [-134, -831]]
[[1, 0], [42, 277], [-173, -1108]]
[[1, 0], [42, 277], [-46, -277]]
[[1, 0], [421, 1108], [-423, -1108]]
[[1, 0], [421, 554], [-845, -1108]]
[[1, 0], [423, 1108], [-425, -1108]]
[[1, 0], [423, 554], [-849, -1108]]
[[1, 0], [425, 1108], [-427, -1108]]
[[1, 0], [425, 554], [-853, -1108]]
[[1, 0], [427, 1108], [-429, -1108]]
[[1, 0], [427, 554], [-857, -1108]]
[[1, 0], [429, 1108], [-431, -1108]]
[[1, 0], [429, 554], [-861, -1108]]
[[1, 0], [43, 1108], [-45, -1108]]
[[1, 0], [43, 277], [-137, -831]]
[[1, 0], [43, 277], [-177, -1108]]
[[1, 0], [43, 277], [-47, -277]]
[[1, 0], [43, 554], [-89, -1108]]
[[1, 0], [43, 831], [-47, -831]]
[[1, 0], [431, 1108], [-433, -1108]]
[[1, 0], [431, 554], [-865, -1108]]
[[1, 0], [433, 1108], [-435, -1108]]
[[1, 0], [433, 554], [-869, -1108]]
[[1, 0], [435, 1108], [-437, -1108]]
[[1, 0], [435, 554], [-873, -1108]]
[[1, 0], [437, 1108], [-439, -1108]]
[[1, 0], [437, 554], [-877, -1108]]
[[1, 0], [439, 1108], [-441, -1108]]
[[1, 0], [439, 554], [-881, -1108]]
[[1, 0], [44, 277], [-140, -831]]
[[1, 0], [44, 277], [-181, -1108]]
[[1, 0], [44, 277], [-48, -277]]
[[1, 0], [441, 1108], [-443, -1108]]
[[1, 0], [441, 554], [-885, -1108]]
[[1, 0], [443, 1108], [-445, -1108]]
[[1, 0], [443, 554], [-889, -1108]]
[[1, 0], [445, 1108], [-447, -1108]]
[[1, 0], [445, 554], [-893, -1108]]
[[1, 0], [447, 1108], [-449, -1108]]
[[1, 0], [447, 554], [-897, -1108]]
[[1, 0], [449, 1108], [-451, -1108]]
[[1, 0], [449, 554], [-901, -1108]]
[[1, 0], [45, 1108], [-47, -1108]]
[[1, 0], [45, 277], [-143, -831]]
[[1, 0], [45, 277], [-185, -1108]]
[[1, 0], [45, 277], [-49, -277]]
[[1, 0], [45, 554], [-93, -1108]]
[[1, 0], [451, 1108], [-453, -1108]]
[[1, 0], [451, 554], [-905, -1108]]
[[1, 0], [453, 1108], [-455, -1108]]
[[1, 0], [453, 554], [-909, -1108]]
[[1, 0], [455, 1108], [-457, -1108]]
[[1, 0], [455, 554], [-913, -1108]]
[[1, 0], [457, 1108], [-459, -1108]]
[[1, 0], [457, 554], [-917, -1108]]
[[1, 0], [459, 1108], [-461, -1108]]
[[1, 0], [459, 554], [-921, -1108]]
[[1, 0], [46, 277], [-146, -831]]
[[1, 0], [46, 277], [-189, -1108]]
[[1, 0], [46, 277], [-50, -277]]
[[1, 0], [46, 831], [-50, -831]]
[[1, 0], [461, 1108], [-463, -1108]]
[[1, 0], [461, 554], [-925, -1108]]
[[1, 0], [463, 1108], [-465, -1108]]
[[1, 0], [463, 554], [-929, -1108]]
[[1, 0], [465, 1108], [-467, -1108]]
[[1, 0], [465, 554], [-933, -1108]]
[[1, 0], [467, 1108], [-469, -1108]]
[[1, 0], [467, 554], [-937, -1108]]
[[1, 0], [469, 1108], [-471, -1108]]
[[1, 0], [469, 554], [-941, -1108]]
[[1, 0], [47, 1108], [-49, -1108]]
[[1, 0], [47, 277], [-149, -831]]
[[1, 0], [47, 277], [-193, -1108]]
[[1, 0], [47, 277], [-51, -277]]
[[1, 0], [47, 554], [-97, -1108]]
[[1, 0], [471, 1108], [-473, -1108]]
[[1, 0], [471, 554], [-945, -1108]]
[[1, 0], [473, 1108], [-475, -1108]]
[[1, 0], [473, 554], [-949, -1108]]
[[1, 0], [475, 1108], [-477, -1108]]
[[1, 0], [475, 554], [-953, -1108]]
[[1, 0], [477, 1108], [-479, -1108]]
[[1, 0], [477, 554], [-957, -1108]]
[[1, 0], [479, 1108], [-481, -1108]]
[[1, 0], [479, 554], [-961, -1108]]
[[1, 0], [48, 277], [-152, -831]]
[[1, 0], [48, 277], [-197, -1108]]
[[1, 0], [48, 277], [-52, -277]]
[[1, 0], [481, 1108], [-483, -1108]]
[[1, 0], [481, 554], [-965, -1108]]
[[1, 0], [483, 1108], [-485, -1108]]
[[1, 0], [483, 554], [-969, -1108]]
[[1, 0], [485, 1108], [-487, -1108]]
[[1, 0], [485, 554], [-973, -1108]]
[[1, 0], [487, 1108], [-489, -1108]]
[[1, 0], [487, 554], [-977, -1108]]
[[1, 0], [489, 1108], [-491, -1108]]
[[1, 0], [489, 554], [-981, -1108]]
[[1, 0], [49, 1108], [-51, -1108]]
[[1, 0], [49, 277], [-155, -831]]
[[1, 0], [49, 277], [-201, -1108]]
[[1, 0], [49, 277], [-53, -277]]
[[1, 0], [49, 554], [-101, -1108]]
[[1, 0], [49, 831], [-53, -831]]
[[1, 0], [491, 1108], [-493, -1108]]
[[1, 0], [491, 554], [-985, -1108]]
[[1, 0], [493, 1108], [-495, -1108]]
[[1, 0], [493, 554], [-989, -1108]]
[[1, 0], [495, 1108], [-497, -1108]]
[[1, 0], [495, 554], [-993, -1108]]
[[1, 0], [497, 1108], [-499, -1108]]
[[1, 0], [497, 554], [-997, -1108]]
[[1, 0], [499, 1108], [-501, -1108]]
[[1, 0], [499, 554], [-1001, -1108]]
[[1, 0], [5, 277], [-23, -831]]
[[1, 0], [5, 277], [-25, -1108]]
[[1, 0], [5, 277], [-9, -277]]
[[1, 0], [5, 554], [-13, -1108]]
[[1, 0], [5, 8], [-1455, -112]]
[[1, 0], [5, 8], [-161, -36]]
[[1, 0], [5, 8], [-287, -16]]
[[1, 0], [5, 8], [-3499, -280]]
[[1, 0], [5, 8], [-371, -372]]
[[1, 0], [5, 8], [-433, -28]]
[[1, 0], [5, 8], [-44, -15]]
[[1, 0], [5, 8], [-579, -40]]
[[1, 0], [5, 8], [-739, -296]]
[[1, 0], [5, 8], [-875, -292]]
[[1, 0], [5, 8], [-94, -95]]
[[1, 0], [50, 277], [-158, -831]]
[[1, 0], [50, 277], [-205, -1108]]
[[1, 0], [50, 277], [-54, -277]]
[[1, 0], [501, 1108], [-503, -1108]]
[[1, 0], [501, 554], [-1005, -1108]]
[[1, 0], [503, 1108], [-505, -1108]]
[[1, 0], [503, 554], [-1009, -1108]]
[[1, 0], [505, 1108], [-507, -1108]]
[[1, 0], [505, 554], [-1013, -1108]]
[[1, 0], [507, 1108], [-509, -1108]]
[[1, 0], [507, 554], [-1017, -1108]]
[[1, 0], [509, 1108], [-511, -1108]]
[[1, 0], [509, 554], [-1021, -1108]]
[[1, 0], [51, 1108], [-53, -1108]]
[[1, 0], [51, 277], [-161, -831]]
[[1, 0], [51, 277], [-209, -1108]]
[[1, 0], [51, 277], [-55, -277]]
[[1, 0], [51, 554], [-105, -1108]]
[[1, 0], [511, 1108], [-513, -1108]]
[[1, 0], [511, 554], [-1025, -1108]]
[[1, 0], [513, 1108], [-515, -1108]]
[[1, 0], [513, 554], [-1029, -1108]]
[[1, 0], [515, 1108], [-517, -1108]]
[[1, 0], [515, 554], [-1033, -1108]]
[[1, 0], [517, 1108], [-519, -1108]]
[[1, 0], [517, 554], [-1037, -1108]]
[[1, 0], [519, 1108], [-521, -1108]]
[[1, 0], [519, 554], [-1041, -1108]]
[[1, 0], [52, 277], [-164, -831]]
[[1, 0], [52, 277], [-213, -1108]]
[[1, 0], [52, 277], [-56, -277]]
[[1, 0], [52, 831], [-56, -831]]
[[1, 0], [521, 1108], [-523, -1108]]
[[1, 0], [521, 554], [-1045, -1108]]
[[1, 0], [523, 1108], [-525, -1108]]
[[1, 0], [523, 554], [-1049, -1108]]
[[1, 0], [525, 1108], [-527, -1108]]
[[1, 0], [525, 554], [-1053, -1108]]
[[1, 0], [527, 1108], [-529, -1108]]
[[1, 0], [527, 554], [-1057, -1108]]
[[1, 0], [529, 1108], [-531, -1108]]
[[1, 0], [529, 554], [-1061, -1108]]
[[1, 0], [53, 1108], [-55, -1108]]
[[1, 0], [53, 277], [-167, -831]]
[[1, 0], [53, 277], [-217, -1108]]
[[1, 0], [53, 277], [-57, -277]]
[[1, 0], [53, 554], [-109, -1108]]
[[1, 0], [531, 1108], [-533, -1108]]
[[1, 0], [531, 554], [-1065, -1108]]
[[1, 0], [533, 1108], [-535, -1108]]
[[1, 0], [533, 554], [-1069, -1108]]
[[1, 0], [535, 1108], [-537, -1108]]
[[1, 0], [535, 554], [-1073, -1108]]
[[1, 0], [537, 1108], [-539, -1108]]
[[1, 0], [537, 554], [-1077, -1108]]
[[1, 0], [539, 1108], [-541, -1108]]
[[1, 0], [539, 554], [-1081, -1108]]
[[1, 0], [54, 277], [-170, -831]]
[[1, 0], [54, 277], [-221, -1108]]
[[1, 0], [54, 277], [-58, -277]]
[[1, 0], [541, 1108], [-543, -1108]]
[[1, 0], [541, 554], [-1085, -1108]]
[[1, 0], [543, 1108], [-545, -1108]]
[[1, 0], [543, 554], [-1089, -1108]]
[[1, 0], [545, 1108], [-547, -1108]]
[[1, 0], [545, 554], [-1093, -1108]]
[[1, 0], [547, 1108], [-549, -1108]]
[[1, 0], [547, 554], [-1097, -1108]]
[[1, 0], [549, 1108], [-551, -1108]]
[[1, 0], [549, 554], [-1101, -1108]]
[[1, 0], [55, 1108], [-57, -1108]]
[[1, 0], [55, 277], [-173, -831]]
[[1, 0], [55, 277], [-225, -1108]]
[[1, 0], [55, 277], [-59, -277]]
[[1, 0], [55, 554], [-113, -1108]]
[[1, 0], [55, 831], [-59, -831]]
[[1, 0], [551, 1108], [-553, -1108]]
[[1, 0], [551, 554], [-1105, -1108]]
[[1, 0], [553, 1108], [-555, -1108]]
[[1, 0], [553, 554], [-1109, -1108]]
[[1, 0], [56, 277], [-176, -831]]
[[1, 0], [56, 277], [-229, -1108]]
[[1, 0], [56, 277], [-60, -277]]
[[1, 0], [57, 1108], [-59, -1108]]
[[1, 0], [57, 112], [-279, -140]]
[[1, 0], [57, 112], [-839, -560]]
[[1, 0], [57, 277], [-179, -831]]
[[1, 0], [57, 277], [-233, -1108]]
[[1, 0], [57, 277], [-61, -277]]
[[1, 0], [57, 554], [-117, -1108]]
[[1, 0], [58, 277], [-182, -831]]
[[1, 0], [58, 277], [-237, -1108]]
[[1, 0], [58, 277], [-62, -277]]
[[1, 0], [58, 831], [-62, -831]]
[[1, 0], [59, 1108], [-61, -1108]]
[[1, 0], [59, 277], [-185, -831]]
[[1, 0], [59, 277], [-241, -1108]]
[[1, 0], [59, 277], [-63, -277]]
[[1, 0], [59, 554], [-121, -1108]]
[[1, 0], [6, 277], [-10, -277]]
[[1, 0], [6, 277], [-26, -831]]
[[1, 0], [6, 277], [-29, -1108]]
[[1, 0], [60, 277], [-188, -831]]
[[1, 0], [60, 277], [-245, -1108]]
[[1, 0], [60, 277], [-64, -277]]
[[1, 0], [61, 1108], [-63, -1108]]
[[1, 0], [61, 277], [-191, -831]]
[[1, 0], [61, 277], [-249, -1108]]
[[1, 0], [61, 277], [-65, -277]]
[[1, 0], [61, 554], [-125, -1108]]
[[1, 0], [61, 831], [-65, -831]]
[[1, 0], [62, 277], [-194, -831]]
[[1, 0], [62, 277], [-253, -1108]]
[[1, 0], [62, 277], [-66, -277]]
[[1, 0], [63, 1108], [-65, -1108]]
[[1, 0], [63, 277], [-197, -831]]
[[1, 0], [63, 277], [-257, -1108]]
[[1, 0], [63, 277], [-67, -277]]
[[1, 0], [63, 554], [-129, -1108]]
[[1, 0], [64, 277], [-200, -831]]
[[1, 0], [64, 277], [-261, -1108]]
[[1, 0], [64, 277], [-68, -277]]
[[1, 0], [64, 831], [-68, -831]]
[[1, 0], [65, 1108], [-67, -1108]]
[[1, 0], [65, 277], [-203, -831]]
[[1, 0], [65, 277], [-265, -1108]]
[[1, 0], [65, 277], [-69, -277]]
[[1, 0], [65, 554], [-133, -1108]]
[[1, 0], [66, 277], [-206, -831]]
[[1, 0], [66, 277], [-269, -1108]]
[[1, 0], [66, 277], [-70, -277]]
[[1, 0], [67, 1108], [-69, -1108]]
[[1, 0], [67, 277], [-209, -831]]
[[1, 0], [67, 277], [-273, -1108]]
[[1, 0], [67, 277], [-71, -277]]
[[1, 0], [67, 554], [-137, -1108]]
[[1, 0], [67, 831], [-71, -831]]
[[1, 0], [68, 277], [-212, -831]]
[[1, 0], [68, 277], [-72, -277]]
[[1, 0], [69, 1108], [-71, -1108]]
[[1, 0], [69, 277], [-215, -831]]
[[1, 0], [69, 277], [-281, -1108]]
[[1, 0], [69, 277], [-73, -277]]
[[1, 0], [69, 554], [-141, -1108]]
[[1, 0], [7, 1108], [-9, -1108]]
[[1, 0], [7, 12], [-1033, -188]]
[[1, 0], [7, 12], [-111, -32]]
[[1, 0], [7, 12], [-223, -224]]
[[1, 0], [7, 12], [-33, -17]]
[[1, 0], [7, 12], [-587, -294]]
[[1, 0], [7, 277], [-29, -831]]
[[1, 0], [7, 277], [-33, -1108]]
[[1, 0], [7, 554], [-17, -1108]]
[[1, 0], [70, 277], [-218, -831]]
[[1, 0], [70, 277], [-285, -1108]]
[[1, 0], [70, 277], [-74, -277]]
[[1, 0], [70, 831], [-74, -831]]
[[1, 0], [71, 1108], [-73, -1108]]
[[1, 0], [71, 140], [-419, -280]]
[[1, 0], [71, 277], [-221, -831]]
[[1, 0], [71, 277], [-289, -1108]]
[[1, 0], [71, 277], [-75, -277]]
[[1, 0], [71, 554], [-145, -1108]]
[[1, 0], [72, 277], [-224, -831]]
[[1, 0], [72, 277], [-293, -1108]]
[[1, 0], [72, 277], [-76, -277]]
[[1, 0], [73, 1108], [-75, -1108]]
[[1, 0], [73, 277], [-227, -831]]
[[1, 0], [73, 277], [-297, -1108]]
[[1, 0], [73, 277], [-77, -277]]
[[1, 0], [73, 554], [-149, -1108]]
[[1, 0], [73, 831], [-77, -831]]
[[1, 0], [74, 277], [-230, -831]]
[[1, 0], [74, 277], [-301, -1108]]
[[1, 0], [74, 277], [-78, -277]]
[[1, 0], [75, 1108], [-77, -1108]]
[[1, 0], [75, 277], [-233, -831]]
[[1, 0], [75, 277], [-305, -1108]]
[[1, 0], [75, 277], [-79, -277]]
[[1, 0], [75, 554], [-153, -1108]]
[[1, 0], [76, 277], [-236, -831]]
[[1, 0], [76, 277], [-309, -1108]]
[[1, 0], [76, 277], [-80, -277]]
[[1, 0], [76, 831], [-80, -831]]
[[1, 0], [77, 1108], [-79, -1108]]
[[1, 0], [77, 277], [-239, -831]]
[[1, 0], [77, 277], [-313, -1108]]
[[1, 0], [77, 277], [-81, -277]]
[[1, 0], [77, 554], [-157, -1108]]
[[1, 0], [78, 277], [-242, -831]]
[[1, 0], [78, 277], [-317, -1108]]
[[1, 0], [78, 277], [-82, -277]]
[[1, 0], [79, 1108], [-81, -1108]]
[[1, 0], [79, 277], [-245, -831]]
[[1, 0], [79, 277], [-321, -1108]]
[[1, 0], [79, 277], [-83, -277]]
[[1, 0], [79, 554], [-161, -1108]]
[[1, 0], [79, 831], [-83, -831]]
[[1, 0], [8, 277], [-12, -277]]
[[1, 0], [8, 277], [-32, -831]]
[[1, 0], [8, 277], [-37, -1108]]
[[1, 0], [80, 277], [-248, -831]]
[[1, 0], [80, 277], [-325, -1108]]
[[1, 0], [80, 277], [-84, -277]]
[[1, 0], [81, 1108], [-83, -1108]]
[[1, 0], [81, 277], [-251, -831]]
[[1, 0], [81, 277], [-329, -1108]]
[[1, 0], [81, 277], [-85, -277]]
[[1, 0], [81, 554], [-165, -1108]]
[[1, 0], [82, 277], [-254, -831]]
[[1, 0], [82, 277], [-333, -1108]]
[[1, 0], [82, 277], [-86, -277]]
[[1, 0], [82, 831], [-86, -831]]
[[1, 0], [820, 831], [-824, -831]]
[[1, 0], [829, 831], [-833, -831]]
[[1, 0], [83, 1108], [-85, -1108]]
[[1, 0], [83, 277], [-257, -831]]
[[1, 0], [83, 277], [-337, -1108]]
[[1, 0], [83, 277], [-87, -277]]
[[1, 0], [83, 554], [-169, -1108]]
[[1, 0], [84, 277], [-260, -831]]
[[1, 0], [84, 277], [-341, -1108]]
[[1, 0], [84, 277], [-88, -277]]
[[1, 0], [85, 1108], [-87, -1108]]
[[1, 0], [85, 277], [-263, -831]]
[[1, 0], [85, 277], [-345, -1108]]
[[1, 0], [85, 277], [-89, -277]]
[[1, 0], [85, 554], [-173, -1108]]
[[1, 0], [85, 831], [-89, -831]]
[[1, 0], [86, 277], [-266, -831]]
[[1, 0], [86, 277], [-349, -1108]]
[[1, 0], [86, 277], [-90, -277]]
[[1, 0], [87, 1108], [-89, -1108]]
[[1, 0], [87, 277], [-269, -831]]
[[1, 0], [87, 277], [-353, -1108]]
[[1, 0], [87, 277], [-91, -277]]
[[1, 0], [87, 554], [-177, -1108]]
[[1, 0], [88, 277], [-272, -831]]
[[1, 0], [88, 277], [-357, -1108]]
[[1, 0], [88, 277], [-92, -277]]
[[1, 0], [88, 831], [-92, -831]]
[[1, 0], [89, 1108], [-91, -1108]]
[[1, 0], [89, 277], [-275, -831]]
[[1, 0], [89, 277], [-361, -1108]]
[[1, 0], [89, 277], [-93, -277]]
[[1, 0], [89, 554], [-181, -1108]]
[[1, 0], [9, 1108], [-11, -1108]]
[[1, 0], [9, 16], [-179, -72]]
[[1, 0], [9, 16], [-219, -20]]
[[1, 0], [9, 16], [-314, -35]]
[[1, 0], [9, 16], [-3639, -560]]
[[1, 0], [9, 16], [-447, -56]]
[[1, 0], [9, 16], [-599, -80]]
[[1, 0], [9, 16], [-887, -592]]
[[1, 0], [9, 16], [-979, -140]]
[[1, 0], [9, 277], [-13, -277]]
[[1, 0], [9, 277], [-35, -831]]
[[1, 0], [9, 277], [-41, -1108]]
[[1, 0], [9, 554], [-21, -1108]]
[[1, 0], [90, 277], [-278, -831]]
[[1, 0], [90, 277], [-365, -1108]]
[[1, 0], [90, 277], [-94, -277]]
[[1, 0], [91, 1108], [-93, -1108]]
[[1, 0], [91, 277], [-281, -831]]
[[1, 0], [91, 277], [-369, -1108]]
[[1, 0], [91, 277], [-95, -277]]
[[1, 0], [91, 554], [-185, -1108]]
[[1, 0], [91, 831], [-95, -831]]
[[1, 0], [92, 277], [-284, -831]]
[[1, 0], [92, 277], [-373, -1108]]
[[1, 0], [92, 277], [-96, -277]]
[[1, 0], [93, 1108], [-95, -1108]]
[[1, 0], [93, 277], [-287, -831]]
[[1, 0], [93, 277], [-377, -1108]]
[[1, 0], [93, 277], [-97, -277]]
[[1, 0], [93, 554], [-189, -1108]]
[[1, 0], [94, 277], [-290, -831]]
[[1, 0], [94, 277], [-381, -1108]]
[[1, 0], [94, 277], [-98, -277]]
[[1, 0], [94, 831], [-98, -831]]
[[1, 0], [95, 1108], [-97, -1108]]
[[1, 0], [95, 188], [-281, -282]]
[[1, 0], [95, 277], [-293, -831]]
[[1, 0], [95, 277], [-385, -1108]]
[[1, 0], [95, 277], [-99, -277]]
[[1, 0], [95, 554], [-193, -1108]]
[[1, 0], [96, 277], [-100, -277]]
[[1, 0], [96, 277], [-296, -831]]
[[1, 0], [96, 277], [-389, -1108]]
[[1, 0], [97, 1108], [-99, -1108]]
[[1, 0], [97, 277], [-101, -277]]
[[1, 0], [97, 277], [-299, -831]]
[[1, 0], [97, 277], [-393, -1108]]
[[1, 0], [97, 554], [-197, -1108]]
[[1, 0], [97, 831], [-101, -831]]
[[1, 0], [98, 277], [-102, -277]]
[[1, 0], [98, 277], [-302, -831]]
[[1, 0], [98, 277], [-397, -1108]]
[[1, 0], [99, 1108], [-101, -1108]]
[[1, 0], [99, 277], [-103, -277]]
[[1, 0], [99, 277], [-305, -831]]
[[1, 0], [99, 277], [-401, -1108]]
[[1, 0], [99, 554], [-201, -1108]]
