[[1, 0], [0, 1], [-1136, -1]]
[[1, 0], [0, 1], [-1137, -1136]]
[[1, 0], [0, 1], [-13703, -192]]
[[1, 0], [0, 1], [-1712, -213]]
[[1, 0], [0, 1], [-192, -71]]
[[1, 0], [0, 1], [-323760, -569]]
[[1, 0], [0, 1], [-40967, -576]]
[[1, 0], [0, 1], [-4615, -64]]
[[1, 0], [0, 1], [-497, -48]]
[[1, 0], [0, 1], [-5120, -639]]
[[1, 0], [0, 1], [-576, -71]]
[[1, 0], [0, 1], [-71, -64]]
[[1, 0], [1, 104], [-77, -624]]
[[1, 0], [1, 10], [-1139, -30]]
[[1, 0], [1, 10], [-1367, -38]]
[[1, 0], [1, 10], [-16529, -570]]
[[1, 0], [1, 10], [-3533, -114]]
[[1, 0], [1, 10], [-359, -710]]
[[1, 0], [1, 10], [-569, -10]]
[[1, 0], [1, 10], [-5699, -190]]
[[1, 0], [1, 10], [-75, -142]]
[[1, 0], [1, 1136], [-3, -1136]]
[[1, 0], [1, 114], [-1709, -570]]
[[1, 0], [1, 114], [-569, -114]]
[[1, 0], [1, 114], [-759, -190]]
[[1, 0], [1, 116], [-289, -580]]
[[1, 0], [1, 11], [-263, -781]]
[[1, 0], [1, 120], [-49, -200]]
[[1, 0], [1, 128], [-19, -160]]
[[1, 0], [1, 12], [-1223, -192]]
[[1, 0], [1, 12], [-1469, -588]]
[[1, 0], [1, 12], [-215, -852]]
[[1, 0], [1, 12], [-25, -16]]
[[1, 0], [1, 12], [-341, -684]]
[[1, 0], [1, 12], [-3527, -576]]
[[1, 0], [1, 12], [-455, -64]]
[[1, 0], [1, 12], [-73, -284]]
[[1, 0], [1, 12], [-97, -28]]
[[1, 0], [1, 13], [-545, -624]]
[[1, 0], [1, 142], [-17, -1136]]
[[1, 0], [1, 142], [-29, -710]]
[[1, 0], [1, 142], [-9, -142]]
[[1, 0], [1, 144], [-167, -192]]
[[1, 0], [1, 144], [-359, -576]]
[[1, 0], [1, 14], [-167, -994]]
[[1, 0], [1, 14], [-25, -142]]
[[1, 0], [1, 14], [-4017, -574]]
[[1, 0], [1, 14], [-655, -82]]
[[1, 0], [1, 152], [-75, -608]]
[[1, 0], [1, 156], [-25, -208]]
[[1, 0], [1, 15], [-29, -80]]
[[1, 0], [1, 16], [-143, -1136]]
[[1, 0], [1, 16], [-155, -208]]
[[1, 0], [1, 16], [-2663, -576]]
[[1, 0], [1, 16], [-359, -64]]
[[1, 0], [1, 16], [-79, -128]]
[[1, 0], [1, 16], [-935, -192]]
[[1, 0], [1, 17], [-135, -1088]]
[[1, 0], [1, 18], [-15, -128]]
[[1, 0], [1, 18], [-2375, -576]]
[[1, 0], [1, 18], [-327, -64]]
[[1, 0], [1, 18], [-839, -192]]
[[1, 0], [1, 190], [-1139, -570]]
[[1, 0], [1, 190], [-569, -190]]
[[1, 0], [1, 192], [-143, -192]]
[[1, 0], [1, 192], [-179, -288]]
[[1, 0], [1, 192], [-287, -576]]
[[1, 0], [1, 20], [-119, -960]]
[[1, 0], [1, 20], [-1449, -580]]
[[1, 0], [1, 213], [-17, -213]]
[[1, 0], [1, 213], [-35, -639]]
[[1, 0], [1, 21], [-17, -144]]
[[1, 0], [1, 21], [-35, -96]]
[[1, 0], [1, 24], [-107, -864]]
[[1, 0], [1, 24], [-1799, -576]]
[[1, 0], [1, 24], [-263, -64]]
[[1, 0], [1, 24], [-49, -40]]
[[1, 0], [1, 24], [-57, -232]]
[[1, 0], [1, 24], [-647, -192]]
[[1, 0], [1, 25], [-459, -115]]
[[1, 0], [1, 26], [-103, -832]]
[[1, 0], [1, 284], [-11, -852]]
[[1, 0], [1, 284], [-5, -284]]
[[1, 0], [1, 284], [-9, -1136]]
[[1, 0], [1, 288], [-215, -576]]
[[1, 0], [1, 296], [-73, -592]]
[[1, 0], [1, 2], [-103, -64]]
[[1, 0], [1, 2], [-1137, -1136]]
[[1, 0], [1, 2], [-1139, -6]]
[[1, 0], [1, 2], [-1151, -1024]]
[[1, 0], [1, 2], [-1161, -994]]
[[1, 0], [1, 2], [-1169, -208]]
[[1, 0], [1, 2], [-1515, -758]]
[[1, 0], [1, 2], [-16529, -114]]
[[1, 0], [1, 2], [-167, -142]]
[[1, 0], [1, 2], [-16761, -578]]
[[1, 0], [1, 2], [-1709, -10]]
[[1, 0], [1, 2], [-1709, -720]]
[[1, 0], [1, 2], [-1779, -710]]
[[1, 0], [1, 2], [-1977, -688]]
[[1, 0], [1, 2], [-2045, -682]]
[[1, 0], [1, 2], [-20807, -576]]
[[1, 0], [1, 2], [-221, -16]]
[[1, 0], [1, 2], [-2375, -64]]
[[1, 0], [1, 2], [-27359, -190]]
[[1, 0], [1, 2], [-27551, -574]]
[[1, 0], [1, 2], [-359, -142]]
[[1, 0], [1, 2], [-4017, -82]]
[[1, 0], [1, 2], [-4073, -194]]
[[1, 0], [1, 2], [-4559, -30]]
[[1, 0], [1, 2], [-4635, -608]]
[[1, 0], [1, 2], [-4847, -606]]
[[1, 0], [1, 2], [-569, -2]]
[[1, 0], [1, 2], [-5699, -38]]
[[1, 0], [1, 2], [-5979, -598]]
[[1, 0], [1, 2], [-6983, -192]]
[[1, 0], [1, 2], [-7325, -592]]
[[1, 0], [1, 2], [-81509, -570]]
[[1, 0], [1, 30], [-1367, -114]]
[[1, 0], [1, 30], [-2089, -190]]
[[1, 0], [1, 30], [-569, -30]]
[[1, 0], [1, 30], [-5699, -570]]
[[1, 0], [1, 30], [-645, -38]]
[[1, 0], [1, 32], [-1367, -576]]
[[1, 0], [1, 32], [-215, -64]]
[[1, 0], [1, 32], [-303, -608]]
[[1, 0], [1, 32], [-503, -192]]
[[1, 0], [1, 32], [-95, -768]]
[[1, 0], [1, 36], [-1223, -576]]
[[1, 0], [1, 36], [-199, -64]]
[[1, 0], [1, 36], [-455, -192]]
[[1, 0], [1, 38], [-1139, -114]]
[[1, 0], [1, 38], [-1709, -190]]
[[1, 0], [1, 38], [-4559, -570]]
[[1, 0], [1, 38], [-5, -48]]
[[1, 0], [1, 38], [-569, -38]]
[[1, 0], [1, 3], [-13895, -576]]
[[1, 0], [1, 3], [-1607, -64]]
[[1, 0], [1, 3], [-1925, -639]]
[[1, 0], [1, 3], [-221, -71]]
[[1, 0], [1, 3], [-29, -16]]
[[1, 0], [1, 3], [-401, -67]]
[[1, 0], [1, 3], [-4679, -192]]
[[1, 0], [1, 3], [-647, -213]]
[[1, 0], [1, 3], [-779, -65]]
[[1, 0], [1, 40], [-299, -600]]
[[1, 0], [1, 40], [-89, -720]]
[[1, 0], [1, 44], [-2001, -572]]
[[1, 0], [1, 44], [-285, -44]]
[[1, 0], [1, 44], [-311, -52]]
[[1, 0], [1, 44], [-87, -704]]
[[1, 0], [1, 45], [-29, -240]]
[[1, 0], [1, 48], [-155, -624]]
[[1, 0], [1, 48], [-167, -64]]
[[1, 0], [1, 48], [-359, -192]]
[[1, 0], [1, 48], [-935, -576]]
[[1, 0], [1, 4], [-10439, -576]]
[[1, 0], [1, 4], [-1091, -672]]
[[1, 0], [1, 4], [-119, -192]]
[[1, 0], [1, 4], [-1223, -64]]
[[1, 0], [1, 4], [-1229, -656]]
[[1, 0], [1, 4], [-1449, -116]]
[[1, 0], [1, 4], [-1469, -196]]
[[1, 0], [1, 4], [-1715, -44]]
[[1, 0], [1, 4], [-1859, -620]]
[[1, 0], [1, 4], [-2001, -52]]
[[1, 0], [1, 4], [-20591, -572]]
[[1, 0], [1, 4], [-2141, -612]]
[[1, 0], [1, 4], [-215, -284]]
[[1, 0], [1, 4], [-285, -4]]
[[1, 0], [1, 4], [-289, -20]]
[[1, 0], [1, 4], [-341, -228]]
[[1, 0], [1, 4], [-3527, -192]]
[[1, 0], [1, 4], [-569, -1136]]
[[1, 0], [1, 4], [-641, -852]]
[[1, 0], [1, 4], [-87, -64]]
[[1, 0], [1, 52], [-1715, -572]]
[[1, 0], [1, 52], [-285, -52]]
[[1, 0], [1, 568], [-5, -1136]]
[[1, 0], [1, 569], [-1137, -569]]
[[1, 0], [1, 56], [-153, -616]]
[[1, 0], [1, 56], [-83, -672]]
[[1, 0], [1, 570], [-569, -570]]
[[1, 0], [1, 572], [-285, -572]]
[[1, 0], [1, 576], [-143, -576]]
[[1, 0], [1, 5], [-459, -23]]
[[1, 0], [1, 639], [-17, -639]]
[[1, 0], [1, 64], [-143, -64]]
[[1, 0], [1, 64], [-179, -96]]
[[1, 0], [1, 64], [-233, -144]]
[[1, 0], [1, 64], [-287, -192]]
[[1, 0], [1, 64], [-395, -288]]
[[1, 0], [1, 64], [-719, -576]]
[[1, 0], [1, 6], [-1169, -624]]
[[1, 0], [1, 6], [-1709, -30]]
[[1, 0], [1, 6], [-2089, -38]]
[[1, 0], [1, 6], [-2375, -192]]
[[1, 0], [1, 6], [-27359, -570]]
[[1, 0], [1, 6], [-4073, -582]]
[[1, 0], [1, 6], [-569, -6]]
[[1, 0], [1, 6], [-5699, -114]]
[[1, 0], [1, 6], [-6983, -576]]
[[1, 0], [1, 6], [-759, -10]]
[[1, 0], [1, 6], [-839, -64]]
[[1, 0], [1, 6], [-9309, -190]]
[[1, 0], [1, 710], [-9, -710]]
[[1, 0], [1, 71], [-17, -71]]
[[1, 0], [1, 71], [-33, -1136]]
[[1, 0], [1, 71], [-35, -213]]
[[1, 0], [1, 71], [-43, -781]]
[[1, 0], [1, 71], [-89, -639]]
[[1, 0], [1, 72], [-263, -192]]
[[1, 0], [1, 72], [-647, -576]]
[[1, 0], [1, 72], [-9, -80]]
[[1, 0], [1, 74], [-221, -592]]
[[1, 0], [1, 7], [-17, -48]]
[[1, 0], [1, 7], [-35, -32]]
[[1, 0], [1, 80], [-79, -640]]
[[1, 0], [1, 84], [-97, -196]]
[[1, 0], [1, 852], [-5, -852]]
[[1, 0], [1, 8], [-107, -288]]
[[1, 0], [1, 8], [-153, -88]]
[[1, 0], [1, 8], [-1799, -192]]
[[1, 0], [1, 8], [-1849, -592]]
[[1, 0], [1, 8], [-285, -1136]]
[[1, 0], [1, 8], [-299, -120]]
[[1, 0], [1, 8], [-379, -760]]
[[1, 0], [1, 8], [-5255, -576]]
[[1, 0], [1, 8], [-647, -64]]
[[1, 0], [1, 8], [-719, -640]]
[[1, 0], [1, 8], [-73, -16]]
[[1, 0], [1, 8], [-75, -32]]
[[1, 0], [1, 8], [-77, -48]]
[[1, 0], [1, 8], [-789, -632]]
[[1, 0], [1, 8], [-83, -96]]
[[1, 0], [1, 8], [-89, -144]]
[[1, 0], [1, 96], [-13, -112]]
[[1, 0], [1, 96], [-215, -192]]
[[1, 0], [1, 96], [-503, -576]]
[[1, 0], [1, 9], [-1607, -192]]
[[1, 0], [1, 9], [-221, -213]]
[[1, 0], [1, 9], [-29, -48]]
[[1, 0], [1, 9], [-401, -201]]
[[1, 0], [1, 9], [-4679, -576]]
[[1, 0], [1, 9], [-583, -64]]
[[1, 0], [1, 9], [-647, -639]]
[[1, 0], [1, 9], [-779, -195]]
[[1, 0], [1, 9], [-79, -71]]
[[1, 0], [10, 213], [-26, -213]]
[[1, 0], [10, 213], [-62, -639]]
[[1, 0], [10, 639], [-26, -639]]
[[1, 0], [10, 71], [-170, -639]]
[[1, 0], [10, 71], [-177, -1136]]
[[1, 0], [10, 71], [-26, -71]]
[[1, 0], [10, 71], [-62, -213]]
[[1, 0], [100, 213], [-332, -639]]
[[1, 0], [100, 639], [-116, -639]]
[[1, 0], [1001, 1136], [-1003, -1136]]
[[1, 0], [1009, 1136], [-1011, -1136]]
[[1, 0], [101, 142], [-529, -710]]
[[1, 0], [101, 142], [-817, -1136]]
[[1, 0], [101, 284], [-105, -284]]
[[1, 0], [101, 284], [-311, -852]]
[[1, 0], [101, 284], [-409, -1136]]
[[1, 0], [101, 568], [-205, -1136]]
[[1, 0], [101, 710], [-109, -710]]
[[1, 0], [1017, 1136], [-1019, -1136]]
[[1, 0], [1025, 1136], [-1027, -1136]]
[[1, 0], [103, 1136], [-105, -1136]]
[[1, 0], [103, 142], [-539, -710]]
[[1, 0], [103, 142], [-833, -1136]]
[[1, 0], [103, 213], [-341, -639]]
[[1, 0], [103, 284], [-317, -852]]
[[1, 0], [103, 284], [-417, -1136]]
[[1, 0], [103, 568], [-209, -1136]]
[[1, 0], [1033, 1136], [-1035, -1136]]
[[1, 0], [1041, 1136], [-1043, -1136]]
[[1, 0], [1049, 1136], [-1051, -1136]]
[[1, 0], [105, 1136], [-107, -1136]]
[[1, 0], [105, 142], [-549, -710]]
[[1, 0], [105, 142], [-849, -1136]]
[[1, 0], [105, 284], [-109, -284]]
[[1, 0], [105, 284], [-323, -852]]
[[1, 0], [105, 284], [-425, -1136]]
[[1, 0], [1057, 1136], [-1059, -1136]]
[[1, 0], [106, 213], [-350, -639]]
[[1, 0], [107, 1136], [-109, -1136]]
[[1, 0], [107, 142], [-559, -710]]
[[1, 0], [107, 142], [-865, -1136]]
[[1, 0], [107, 284], [-329, -852]]
[[1, 0], [107, 284], [-433, -1136]]
[[1, 0], [107, 568], [-217, -1136]]
[[1, 0], [1073, 1136], [-1075, -1136]]
[[1, 0], [1081, 1136], [-1083, -1136]]
[[1, 0], [1089, 1136], [-1091, -1136]]
[[1, 0], [109, 142], [-569, -710]]
[[1, 0], [109, 142], [-881, -1136]]
[[1, 0], [109, 144], [-311, -192]]
[[1, 0], [109, 144], [-791, -576]]
[[1, 0], [109, 213], [-359, -639]]
[[1, 0], [109, 284], [-113, -284]]
[[1, 0], [109, 284], [-335, -852]]
[[1, 0], [109, 284], [-441, -1136]]
[[1, 0], [109, 288], [-431, -576]]
[[1, 0], [109, 568], [-221, -1136]]
[[1, 0], [109, 639], [-125, -639]]
[[1, 0], [109, 852], [-113, -852]]
[[1, 0], [1097, 1136], [-1099, -1136]]
[[1, 0], [11, 1136], [-13, -1136]]
[[1, 0], [11, 142], [-79, -710]]
[[1, 0], [11, 142], [-97, -1136]]
[[1, 0], [11, 16], [-1055, -192]]
[[1, 0], [11, 16], [-1547, -288]]
[[1, 0], [11, 16], [-159, -128]]
[[1, 0], [11, 16], [-235, -32]]
[[1, 0], [11, 16], [-285, -208]]
[[1, 0], [11, 16], [-3023, -576]]
[[1, 0], [11, 16], [-317, -48]]
[[1, 0], [11, 16], [-335, -384]]
[[1, 0], [11, 16], [-343, -344]]
[[1, 0], [11, 16], [-399, -64]]
[[1, 0], [11, 16], [-427, -568]]
[[1, 0], [11, 16], [-493, -304]]
[[1, 0], [11, 16], [-563, -96]]
[[1, 0], [11, 16], [-59, -60]]
[[1, 0], [11, 16], [-665, -296]]
[[1, 0], [11, 16], [-809, -144]]
[[1, 0], [11, 16], [-853, -1136]]
[[1, 0], [11, 20], [-1739, -580]]
[[1, 0], [11, 20], [-599, -960]]
[[1, 0], [11, 284], [-41, -852]]
[[1, 0], [11, 284], [-49, -1136]]
[[1, 0], [11, 40], [-269, -720]]
[[1, 0], [11, 40], [-449, -600]]
[[1, 0], [11, 568], [-25, -1136]]
[[1, 0], [11, 71], [-153, -781]]
[[1, 0], [11, 71], [-179, -639]]
[[1, 0], [11, 71], [-193, -1136]]
[[1, 0], [11, 71], [-27, -71]]
[[1, 0], [11, 71], [-65, -213]]
[[1, 0], [11, 80], [-159, -640]]
[[1, 0], [1105, 1136], [-1107, -1136]]
[[1, 0], [111, 1136], [-113, -1136]]
[[1, 0], [111, 142], [-579, -710]]
[[1, 0], [111, 142], [-897, -1136]]
[[1, 0], [111, 284], [-341, -852]]
[[1, 0], [111, 284], [-449, -1136]]
[[1, 0], [111, 568], [-225, -1136]]
[[1, 0], [111, 710], [-119, -710]]
[[1, 0], [1113, 1136], [-1115, -1136]]
[[1, 0], [112, 213], [-368, -639]]
[[1, 0], [1121, 1136], [-1123, -1136]]
[[1, 0], [1129, 1136], [-1131, -1136]]
[[1, 0], [113, 1136], [-115, -1136]]
[[1, 0], [113, 128], [-159, -160]]
[[1, 0], [113, 142], [-589, -710]]
[[1, 0], [113, 142], [-913, -1136]]
[[1, 0], [113, 284], [-117, -284]]
[[1, 0], [113, 284], [-347, -852]]
[[1, 0], [113, 284], [-457, -1136]]
[[1, 0], [113, 568], [-229, -1136]]
[[1, 0], [1135, 1136], [-1137, -1136]]
[[1, 0], [115, 1136], [-117, -1136]]
[[1, 0], [115, 142], [-599, -710]]
[[1, 0], [115, 142], [-929, -1136]]
[[1, 0], [115, 152], [-531, -608]]
[[1, 0], [115, 213], [-377, -639]]
[[1, 0], [115, 284], [-353, -852]]
[[1, 0], [115, 284], [-465, -1136]]
[[1, 0], [115, 568], [-233, -1136]]
[[1, 0], [117, 142], [-609, -710]]
[[1, 0], [117, 142], [-945, -1136]]
[[1, 0], [117, 284], [-121, -284]]
[[1, 0], [117, 284], [-359, -852]]
[[1, 0], [117, 284], [-473, -1136]]
[[1, 0], [117, 568], [-237, -1136]]
[[1, 0], [118, 213], [-386, -639]]
[[1, 0], [118, 639], [-134, -639]]
[[1, 0], [119, 1136], [-121, -1136]]
[[1, 0], [119, 142], [-619, -710]]
[[1, 0], [119, 142], [-961, -1136]]
[[1, 0], [119, 284], [-365, -852]]
[[1, 0], [119, 284], [-481, -1136]]
[[1, 0], [119, 568], [-241, -1136]]
[[1, 0], [12, 71], [-164, -781]]
[[1, 0], [12, 71], [-188, -639]]
[[1, 0], [12, 71], [-209, -1136]]
[[1, 0], [12, 71], [-28, -71]]
[[1, 0], [12, 71], [-68, -213]]
[[1, 0], [121, 1136], [-123, -1136]]
[[1, 0], [121, 142], [-629, -710]]
[[1, 0], [121, 142], [-977, -1136]]
[[1, 0], [121, 192], [-263, -192]]
[[1, 0], [121, 192], [-359, -288]]
[[1, 0], [121, 192], [-647, -576]]
[[1, 0], [121, 213], [-395, -639]]
[[1, 0], [121, 284], [-125, -284]]
[[1, 0], [121, 284], [-371, -852]]
[[1, 0], [121, 284], [-489, -1136]]
[[1, 0], [121, 568], [-245, -1136]]
[[1, 0], [121, 710], [-129, -710]]
[[1, 0], [121, 852], [-125, -852]]
[[1, 0], [123, 1136], [-125, -1136]]
[[1, 0], [123, 142], [-131, -142]]
[[1, 0], [123, 142], [-993, -1136]]
[[1, 0], [123, 284], [-377, -852]]
[[1, 0], [123, 568], [-249, -1136]]
[[1, 0], [124, 213], [-404, -639]]
[[1, 0], [125, 142], [-1009, -1136]]
[[1, 0], [125, 142], [-649, -710]]
[[1, 0], [125, 284], [-129, -284]]
[[1, 0], [125, 284], [-383, -852]]
[[1, 0], [125, 284], [-505, -1136]]
[[1, 0], [125, 568], [-253, -1136]]
[[1, 0], [127, 1136], [-129, -1136]]
[[1, 0], [127, 142], [-1025, -1136]]
[[1, 0], [127, 142], [-659, -710]]
[[1, 0], [127, 144], [-335, -192]]
[[1, 0], [127, 144], [-467, -288]]
[[1, 0], [127, 144], [-863, -576]]
[[1, 0], [127, 213], [-413, -639]]
[[1, 0], [127, 284], [-389, -852]]
[[1, 0], [127, 284], [-513, -1136]]
[[1, 0], [127, 568], [-257, -1136]]
[[1, 0], [127, 639], [-143, -639]]
[[1, 0], [129, 1136], [-131, -1136]]
[[1, 0], [129, 142], [-1041, -1136]]
[[1, 0], [129, 142], [-669, -710]]
[[1, 0], [129, 284], [-133, -284]]
[[1, 0], [129, 284], [-395, -852]]
[[1, 0], [129, 284], [-521, -1136]]
[[1, 0], [129, 568], [-261, -1136]]
[[1, 0], [13, 142], [-113, -1136]]
[[1, 0], [13, 142], [-21, -142]]
[[1, 0], [13, 142], [-89, -710]]
[[1, 0], [13, 16], [-1079, -192]]
[[1, 0], [13, 16], [-175, -128]]
[[1, 0], [13, 16], [-3095, -576]]
[[1, 0], [13, 16], [-311, -208]]
[[1, 0], [13, 16], [-407, -64]]
[[1, 0], [13, 16], [-995, -1136]]
[[1, 0], [13, 213], [-29, -213]]
[[1, 0], [13, 24], [-173, -232]]
[[1, 0], [13, 24], [-2087, -576]]
[[1, 0], [13, 24], [-295, -64]]
[[1, 0], [13, 24], [-539, -864]]
[[1, 0], [13, 24], [-69, -40]]
[[1, 0], [13, 24], [-743, -192]]
[[1, 0], [13, 284], [-17, -284]]
[[1, 0], [13, 284], [-47, -852]]
[[1, 0], [13, 284], [-57, -1136]]
[[1, 0], [13, 32], [-1583, -576]]
[[1, 0], [13, 32], [-197, -48]]
[[1, 0], [13, 32], [-239, -64]]
[[1, 0], [13, 32], [-323, -96]]
[[1, 0], [13, 32], [-383, -768]]
[[1, 0], [13, 32], [-449, -144]]
[[1, 0], [13, 32], [-531, -608]]
[[1, 0], [13, 32], [-575, -192]]
[[1, 0], [13, 32], [-827, -288]]
[[1, 0], [13, 32], [-99, -200]]
[[1, 0], [13, 48], [-1079, -576]]
[[1, 0], [13, 48], [-183, -64]]
[[1, 0], [13, 48], [-311, -624]]
[[1, 0], [13, 48], [-407, -192]]
[[1, 0], [13, 568], [-29, -1136]]
[[1, 0], [13, 71], [-175, -781]]
[[1, 0], [13, 71], [-197, -639]]
[[1, 0], [13, 71], [-225, -1136]]
[[1, 0], [13, 71], [-29, -71]]
[[1, 0], [13, 852], [-17, -852]]
[[1, 0], [13, 96], [-155, -96]]
[[1, 0], [13, 96], [-197, -144]]
[[1, 0], [13, 96], [-239, -192]]
[[1, 0], [13, 96], [-27, -112]]
[[1, 0], [13, 96], [-323, -288]]
[[1, 0], [13, 96], [-575, -576]]
[[1, 0], [130, 213], [-422, -639]]
[[1, 0], [131, 1136], [-133, -1136]]
[[1, 0], [131, 142], [-1057, -1136]]
[[1, 0], [131, 142], [-679, -710]]
[[1, 0], [131, 284], [-401, -852]]
[[1, 0], [131, 284], [-529, -1136]]
[[1, 0], [131, 568], [-265, -1136]]
[[1, 0], [131, 710], [-139, -710]]
[[1, 0], [133, 142], [-1073, -1136]]
[[1, 0], [133, 142], [-689, -710]]
[[1, 0], [133, 213], [-431, -639]]
[[1, 0], [133, 284], [-137, -284]]
[[1, 0], [133, 284], [-407, -852]]
[[1, 0], [133, 284], [-537, -1136]]
[[1, 0], [133, 568], [-269, -1136]]
[[1, 0], [133, 852], [-137, -852]]
[[1, 0], [135, 1136], [-137, -1136]]
[[1, 0], [135, 142], [-1089, -1136]]
[[1, 0], [135, 142], [-143, -142]]
[[1, 0], [135, 142], [-699, -710]]
[[1, 0], [135, 284], [-413, -852]]
[[1, 0], [135, 284], [-545, -1136]]
[[1, 0], [135, 568], [-273, -1136]]
[[1, 0], [136, 213], [-440, -639]]
[[1, 0], [136, 639], [-152, -639]]
[[1, 0], [137, 1136], [-139, -1136]]
[[1, 0], [137, 142], [-1105, -1136]]
[[1, 0], [137, 142], [-145, -142]]
[[1, 0], [137, 142], [-709, -710]]
[[1, 0], [137, 284], [-141, -284]]
[[1, 0], [137, 284], [-419, -852]]
[[1, 0], [137, 284], [-553, -1136]]
[[1, 0], [137, 568], [-277, -1136]]
[[1, 0], [139, 1136], [-141, -1136]]
[[1, 0], [139, 142], [-1121, -1136]]
[[1, 0], [139, 142], [-719, -710]]
[[1, 0], [139, 213], [-449, -639]]
[[1, 0], [139, 284], [-425, -852]]
[[1, 0], [139, 284], [-561, -1136]]
[[1, 0], [139, 568], [-281, -1136]]
[[1, 0], [14, 71], [-186, -781]]
[[1, 0], [14, 71], [-206, -639]]
[[1, 0], [14, 71], [-241, -1136]]
[[1, 0], [14, 71], [-30, -71]]
[[1, 0], [14, 71], [-74, -213]]
[[1, 0], [141, 142], [-1137, -1136]]
[[1, 0], [141, 142], [-729, -710]]
[[1, 0], [141, 284], [-145, -284]]
[[1, 0], [141, 284], [-431, -852]]
[[1, 0], [141, 284], [-569, -1136]]
[[1, 0], [141, 568], [-285, -1136]]
[[1, 0], [141, 710], [-149, -710]]
[[1, 0], [143, 1136], [-145, -1136]]
[[1, 0], [143, 284], [-437, -852]]
[[1, 0], [143, 284], [-577, -1136]]
[[1, 0], [143, 568], [-289, -1136]]
[[1, 0], [145, 1136], [-147, -1136]]
[[1, 0], [145, 192], [-395, -288]]
[[1, 0], [145, 192], [-719, -576]]
[[1, 0], [145, 213], [-467, -639]]
[[1, 0], [145, 284], [-149, -284]]
[[1, 0], [145, 284], [-443, -852]]
[[1, 0], [145, 284], [-585, -1136]]
[[1, 0], [145, 288], [-503, -576]]
[[1, 0], [145, 568], [-293, -1136]]
[[1, 0], [145, 639], [-161, -639]]
[[1, 0], [145, 852], [-149, -852]]
[[1, 0], [147, 284], [-449, -852]]
[[1, 0], [147, 284], [-593, -1136]]
[[1, 0], [147, 568], [-297, -1136]]
[[1, 0], [148, 213], [-476, -639]]
[[1, 0], [149, 284], [-153, -284]]
[[1, 0], [149, 284], [-455, -852]]
[[1, 0], [149, 284], [-601, -1136]]
[[1, 0], [149, 296], [-369, -592]]
[[1, 0], [149, 568], [-301, -1136]]
[[1, 0], [15, 1136], [-17, -1136]]
[[1, 0], [15, 142], [-129, -1136]]
[[1, 0], [15, 142], [-23, -142]]
[[1, 0], [15, 142], [-99, -710]]
[[1, 0], [15, 16], [-1103, -192]]
[[1, 0], [15, 16], [-1137, -1136]]
[[1, 0], [15, 16], [-143, -142]]
[[1, 0], [15, 16], [-1619, -288]]
[[1, 0], [15, 16], [-191, -128]]
[[1, 0], [15, 16], [-243, -32]]
[[1, 0], [15, 16], [-285, -284]]
[[1, 0], [15, 16], [-3167, -576]]
[[1, 0], [15, 16], [-329, -48]]
[[1, 0], [15, 16], [-337, -208]]
[[1, 0], [15, 16], [-415, -64]]
[[1, 0], [15, 16], [-429, -344]]
[[1, 0], [15, 16], [-431, -384]]
[[1, 0], [15, 16], [-51, -26]]
[[1, 0], [15, 16], [-569, -304]]
[[1, 0], [15, 16], [-569, -568]]
[[1, 0], [15, 16], [-587, -96]]
[[1, 0], [15, 16], [-72, -71]]
[[1, 0], [15, 16], [-739, -296]]
[[1, 0], [15, 16], [-845, -144]]
[[1, 0], [15, 284], [-53, -852]]
[[1, 0], [15, 284], [-65, -1136]]
[[1, 0], [15, 568], [-33, -1136]]
[[1, 0], [15, 56], [-251, -672]]
[[1, 0], [15, 56], [-307, -616]]
[[1, 0], [15, 71], [-197, -781]]
[[1, 0], [15, 71], [-215, -639]]
[[1, 0], [15, 71], [-257, -1136]]
[[1, 0], [15, 71], [-31, -71]]
[[1, 0], [15, 71], [-77, -213]]
[[1, 0], [151, 1136], [-153, -1136]]
[[1, 0], [151, 213], [-485, -639]]
[[1, 0], [151, 284], [-461, -852]]
[[1, 0], [151, 284], [-609, -1136]]
[[1, 0], [151, 568], [-305, -1136]]
[[1, 0], [151, 710], [-159, -710]]
[[1, 0], [153, 1136], [-155, -1136]]
[[1, 0], [153, 284], [-157, -284]]
[[1, 0], [153, 284], [-467, -852]]
[[1, 0], [153, 284], [-617, -1136]]
[[1, 0], [153, 568], [-309, -1136]]
[[1, 0], [154, 213], [-494, -639]]
[[1, 0], [154, 639], [-170, -639]]
[[1, 0], [155, 1136], [-157, -1136]]
[[1, 0], [155, 284], [-473, -852]]
[[1, 0], [155, 284], [-625, -1136]]
[[1, 0], [155, 568], [-313, -1136]]
[[1, 0], [157, 213], [-503, -639]]
[[1, 0], [157, 284], [-161, -284]]
[[1, 0], [157, 284], [-479, -852]]
[[1, 0], [157, 284], [-633, -1136]]
[[1, 0], [157, 568], [-317, -1136]]
[[1, 0], [157, 852], [-161, -852]]
[[1, 0], [159, 1136], [-161, -1136]]
[[1, 0], [159, 284], [-485, -852]]
[[1, 0], [159, 284], [-641, -1136]]
[[1, 0], [159, 568], [-321, -1136]]
[[1, 0], [16, 213], [-32, -213]]
[[1, 0], [16, 213], [-80, -639]]
[[1, 0], [16, 71], [-208, -781]]
[[1, 0], [16, 71], [-224, -639]]
[[1, 0], [16, 71], [-273, -1136]]
[[1, 0], [16, 71], [-32, -71]]
[[1, 0], [16, 71], [-80, -213]]
[[1, 0], [160, 213], [-512, -639]]
[[1, 0], [161, 1136], [-163, -1136]]
[[1, 0], [161, 284], [-165, -284]]
[[1, 0], [161, 284], [-491, -852]]
[[1, 0], [161, 284], [-649, -1136]]
[[1, 0], [161, 568], [-325, -1136]]
[[1, 0], [161, 710], [-169, -710]]
[[1, 0], [163, 1136], [-165, -1136]]
[[1, 0], [163, 213], [-521, -639]]
[[1, 0], [163, 284], [-657, -1136]]
[[1, 0], [163, 568], [-329, -1136]]
[[1, 0], [163, 639], [-179, -639]]
[[1, 0], [165, 284], [-169, -284]]
[[1, 0], [165, 284], [-503, -852]]
[[1, 0], [165, 284], [-665, -1136]]
[[1, 0], [165, 568], [-333, -1136]]
[[1, 0], [166, 213], [-530, -639]]
[[1, 0], [167, 1136], [-169, -1136]]
[[1, 0], [167, 284], [-509, -852]]
[[1, 0], [167, 284], [-673, -1136]]
[[1, 0], [167, 568], [-337, -1136]]
[[1, 0], [169, 1136], [-171, -1136]]
[[1, 0], [169, 192], [-431, -288]]
[[1, 0], [169, 192], [-791, -576]]
[[1, 0], [169, 213], [-539, -639]]
[[1, 0], [169, 284], [-173, -284]]
[[1, 0], [169, 284], [-515, -852]]
[[1, 0], [169, 284], [-681, -1136]]
[[1, 0], [169, 568], [-341, -1136]]
[[1, 0], [169, 852], [-173, -852]]
[[1, 0], [17, 1136], [-19, -1136]]
[[1, 0], [17, 128], [-39, -160]]
[[1, 0], [17, 142], [-109, -710]]
[[1, 0], [17, 142], [-145, -1136]]
[[1, 0], [17, 142], [-25, -142]]
[[1, 0], [17, 284], [-21, -284]]
[[1, 0], [17, 284], [-59, -852]]
[[1, 0], [17, 284], [-73, -1136]]
[[1, 0], [17, 32], [-1655, -576]]
[[1, 0], [17, 32], [-247, -64]]
[[1, 0], [17, 32], [-479, -768]]
[[1, 0], [17, 32], [-599, -192]]
[[1, 0], [17, 32], [-607, -608]]
[[1, 0], [17, 568], [-37, -1136]]
[[1, 0], [17, 64], [-203, -96]]
[[1, 0], [17, 64], [-269, -144]]
[[1, 0], [17, 64], [-335, -192]]
[[1, 0], [17, 64], [-467, -288]]
[[1, 0], [17, 64], [-863, -576]]
[[1, 0], [17, 71], [-219, -781]]
[[1, 0], [17, 71], [-233, -639]]
[[1, 0], [17, 71], [-289, -1136]]
[[1, 0], [17, 71], [-33, -71]]
[[1, 0], [17, 71], [-83, -213]]
[[1, 0], [171, 1136], [-173, -1136]]
[[1, 0], [171, 284], [-521, -852]]
[[1, 0], [171, 284], [-689, -1136]]
[[1, 0], [171, 568], [-345, -1136]]
[[1, 0], [171, 710], [-179, -710]]
[[1, 0], [172, 213], [-548, -639]]
[[1, 0], [172, 639], [-188, -639]]
[[1, 0], [173, 284], [-177, -284]]
[[1, 0], [173, 284], [-527, -852]]
[[1, 0], [173, 284], [-697, -1136]]
[[1, 0], [173, 568], [-349, -1136]]
[[1, 0], [175, 1136], [-177, -1136]]
[[1, 0], [175, 213], [-557, -639]]
[[1, 0], [175, 284], [-533, -852]]
[[1, 0], [175, 284], [-705, -1136]]
[[1, 0], [175, 568], [-353, -1136]]
[[1, 0], [177, 1136], [-179, -1136]]
[[1, 0], [177, 284], [-181, -284]]
[[1, 0], [177, 284], [-539, -852]]
[[1, 0], [177, 284], [-713, -1136]]
[[1, 0], [177, 568], [-357, -1136]]
[[1, 0], [178, 213], [-194, -213]]
[[1, 0], [178, 213], [-566, -639]]
[[1, 0], [179, 1136], [-181, -1136]]
[[1, 0], [179, 284], [-545, -852]]
[[1, 0], [179, 284], [-721, -1136]]
[[1, 0], [179, 568], [-361, -1136]]
[[1, 0], [18, 71], [-230, -781]]
[[1, 0], [18, 71], [-242, -639]]
[[1, 0], [18, 71], [-305, -1136]]
[[1, 0], [18, 71], [-34, -71]]
[[1, 0], [18, 71], [-86, -213]]
[[1, 0], [181, 213], [-575, -639]]
[[1, 0], [181, 284], [-185, -284]]
[[1, 0], [181, 284], [-551, -852]]
[[1, 0], [181, 284], [-729, -1136]]
[[1, 0], [181, 288], [-323, -288]]
[[1, 0], [181, 288], [-575, -576]]
[[1, 0], [181, 568], [-365, -1136]]
[[1, 0], [181, 639], [-197, -639]]
[[1, 0], [181, 710], [-189, -710]]
[[1, 0], [181, 852], [-185, -852]]
[[1, 0], [183, 1136], [-185, -1136]]
[[1, 0], [183, 284], [-557, -852]]
[[1, 0], [183, 284], [-737, -1136]]
[[1, 0], [183, 568], [-369, -1136]]
[[1, 0], [184, 213], [-584, -639]]
[[1, 0], [185, 1136], [-187, -1136]]
[[1, 0], [185, 284], [-189, -284]]
[[1, 0], [185, 284], [-563, -852]]
[[1, 0], [185, 284], [-745, -1136]]
[[1, 0], [185, 568], [-373, -1136]]
[[1, 0], [187, 1136], [-189, -1136]]
[[1, 0], [187, 213], [-593, -639]]
[[1, 0], [187, 284], [-569, -852]]
[[1, 0], [187, 284], [-753, -1136]]
[[1, 0], [187, 568], [-377, -1136]]
[[1, 0], [189, 284], [-193, -284]]
[[1, 0], [189, 284], [-575, -852]]
[[1, 0], [189, 284], [-761, -1136]]
[[1, 0], [189, 568], [-381, -1136]]
[[1, 0], [19, 1136], [-21, -1136]]
[[1, 0], [19, 142], [-119, -710]]
[[1, 0], [19, 142], [-161, -1136]]
[[1, 0], [19, 142], [-27, -142]]
[[1, 0], [19, 144], [-161, -144]]
[[1, 0], [19, 144], [-191, -192]]
[[1, 0], [19, 144], [-251, -288]]
[[1, 0], [19, 144], [-431, -576]]
[[1, 0], [19, 213], [-89, -639]]
[[1, 0], [19, 24], [-2231, -576]]
[[1, 0], [19, 24], [-231, -232]]
[[1, 0], [19, 24], [-311, -64]]
[[1, 0], [19, 24], [-755, -864]]
[[1, 0], [19, 24], [-79, -40]]
[[1, 0], [19, 24], [-791, -192]]
[[1, 0], [19, 284], [-65, -852]]
[[1, 0], [19, 284], [-81, -1136]]
[[1, 0], [19, 36], [-1511, -576]]
[[1, 0], [19, 36], [-231, -64]]
[[1, 0], [19, 36], [-551, -192]]
[[1, 0], [19, 48], [-1151, -576]]
[[1, 0], [19, 48], [-161, -48]]
[[1, 0], [19, 48], [-191, -64]]
[[1, 0], [19, 48], [-251, -96]]
[[1, 0], [19, 48], [-341, -144]]
[[1, 0], [19, 48], [-389, -624]]
[[1, 0], [19, 48], [-431, -192]]
[[1, 0], [19, 48], [-611, -288]]
[[1, 0], [19, 48], [-89, -180]]
[[1, 0], [19, 568], [-41, -1136]]
[[1, 0], [19, 71], [-241, -781]]
[[1, 0], [19, 71], [-251, -639]]
[[1, 0], [19, 71], [-321, -1136]]
[[1, 0], [19, 71], [-89, -213]]
[[1, 0], [19, 72], [-29, -80]]
[[1, 0], [19, 72], [-311, -192]]
[[1, 0], [19, 72], [-791, -576]]
[[1, 0], [190, 213], [-602, -639]]
[[1, 0], [190, 639], [-206, -639]]
[[1, 0], [191, 1136], [-193, -1136]]
[[1, 0], [191, 284], [-581, -852]]
[[1, 0], [191, 284], [-769, -1136]]
[[1, 0], [191, 568], [-385, -1136]]
[[1, 0], [191, 710], [-199, -710]]
[[1, 0], [193, 1136], [-195, -1136]]
[[1, 0], [193, 213], [-611, -639]]
[[1, 0], [193, 284], [-197, -284]]
[[1, 0], [193, 284], [-587, -852]]
[[1, 0], [193, 284], [-777, -1136]]
[[1, 0], [193, 568], [-389, -1136]]
[[1, 0], [193, 852], [-197, -852]]
[[1, 0], [195, 1136], [-197, -1136]]
[[1, 0], [195, 284], [-593, -852]]
[[1, 0], [195, 284], [-785, -1136]]
[[1, 0], [195, 568], [-393, -1136]]
[[1, 0], [196, 213], [-620, -639]]
[[1, 0], [197, 284], [-201, -284]]
[[1, 0], [197, 284], [-599, -852]]
[[1, 0], [197, 284], [-793, -1136]]
[[1, 0], [197, 568], [-397, -1136]]
[[1, 0], [199, 1136], [-201, -1136]]
[[1, 0], [199, 213], [-215, -213]]
[[1, 0], [199, 213], [-629, -639]]
[[1, 0], [199, 284], [-605, -852]]
[[1, 0], [199, 284], [-801, -1136]]
[[1, 0], [199, 568], [-401, -1136]]
[[1, 0], [199, 639], [-215, -639]]
[[1, 0], [2, 71], [-18, -71]]
[[1, 0], [2, 71], [-38, -213]]
[[1, 0], [2, 71], [-49, -1136]]
[[1, 0], [2, 71], [-54, -781]]
[[1, 0], [2, 71], [-98, -639]]
[[1, 0], [20, 71], [-252, -781]]
[[1, 0], [20, 71], [-260, -639]]
[[1, 0], [20, 71], [-337, -1136]]
[[1, 0], [20, 71], [-36, -71]]
[[1, 0], [20, 71], [-92, -213]]
[[1, 0], [201, 1136], [-203, -1136]]
[[1, 0], [201, 284], [-205, -284]]
[[1, 0], [201, 284], [-611, -852]]
[[1, 0], [201, 284], [-809, -1136]]
[[1, 0], [201, 568], [-405, -1136]]
[[1, 0], [201, 710], [-209, -710]]
[[1, 0], [202, 213], [-218, -213]]
[[1, 0], [202, 213], [-638, -639]]
[[1, 0], [203, 1136], [-205, -1136]]
[[1, 0], [203, 284], [-617, -852]]
[[1, 0], [203, 284], [-817, -1136]]
[[1, 0], [203, 568], [-409, -1136]]
[[1, 0], [205, 213], [-221, -213]]
[[1, 0], [205, 213], [-647, -639]]
[[1, 0], [205, 284], [-209, -284]]
[[1, 0], [205, 284], [-623, -852]]
[[1, 0], [205, 284], [-825, -1136]]
[[1, 0], [205, 568], [-413, -1136]]
[[1, 0], [205, 852], [-209, -852]]
[[1, 0], [207, 1136], [-209, -1136]]
[[1, 0], [207, 284], [-629, -852]]
[[1, 0], [207, 284], [-833, -1136]]
[[1, 0], [207, 568], [-417, -1136]]
[[1, 0], [208, 213], [-656, -639]]
[[1, 0], [208, 639], [-224, -639]]
[[1, 0], [209, 1136], [-211, -1136]]
[[1, 0], [209, 284], [-635, -852]]
[[1, 0], [209, 284], [-841, -1136]]
[[1, 0], [209, 568], [-421, -1136]]
[[1, 0], [21, 142], [-129, -710]]
[[1, 0], [21, 142], [-177, -1136]]
[[1, 0], [21, 142], [-29, -142]]
[[1, 0], [21, 284], [-25, -284]]
[[1, 0], [21, 284], [-89, -1136]]
[[1, 0], [21, 32], [-149, -200]]
[[1, 0], [21, 32], [-163, -32]]
[[1, 0], [21, 32], [-1727, -576]]
[[1, 0], [21, 32], [-209, -48]]
[[1, 0], [21, 32], [-255, -64]]
[[1, 0], [21, 32], [-347, -96]]
[[1, 0], [21, 32], [-485, -144]]
[[1, 0], [21, 32], [-575, -768]]
[[1, 0], [21, 32], [-623, -192]]
[[1, 0], [21, 32], [-683, -608]]
[[1, 0], [21, 32], [-899, -288]]
[[1, 0], [21, 40], [-449, -720]]
[[1, 0], [21, 40], [-599, -600]]
[[1, 0], [21, 568], [-45, -1136]]
[[1, 0], [21, 710], [-29, -710]]
[[1, 0], [21, 71], [-263, -781]]
[[1, 0], [21, 71], [-269, -639]]
[[1, 0], [21, 71], [-353, -1136]]
[[1, 0], [21, 71], [-37, -71]]
[[1, 0], [21, 71], [-95, -213]]
[[1, 0], [21, 80], [-239, -640]]
[[1, 0], [211, 213], [-665, -639]]
[[1, 0], [211, 284], [-641, -852]]
[[1, 0], [211, 284], [-849, -1136]]
[[1, 0], [211, 568], [-425, -1136]]
[[1, 0], [211, 710], [-219, -710]]
[[1, 0], [215, 1136], [-217, -1136]]
[[1, 0], [215, 284], [-653, -852]]
[[1, 0], [215, 284], [-865, -1136]]
[[1, 0], [215, 568], [-433, -1136]]
[[1, 0], [217, 1136], [-219, -1136]]
[[1, 0], [217, 284], [-221, -284]]
[[1, 0], [217, 284], [-659, -852]]
[[1, 0], [217, 284], [-873, -1136]]
[[1, 0], [217, 288], [-647, -576]]
[[1, 0], [217, 568], [-437, -1136]]
[[1, 0], [217, 576], [-359, -576]]
[[1, 0], [217, 639], [-233, -639]]
[[1, 0], [217, 852], [-221, -852]]
[[1, 0], [219, 1136], [-221, -1136]]
[[1, 0], [219, 284], [-665, -852]]
[[1, 0], [219, 284], [-881, -1136]]
[[1, 0], [219, 568], [-441, -1136]]
[[1, 0], [22, 213], [-38, -213]]
[[1, 0], [22, 213], [-98, -639]]
[[1, 0], [22, 71], [-274, -781]]
[[1, 0], [22, 71], [-278, -639]]
[[1, 0], [22, 71], [-369, -1136]]
[[1, 0], [22, 71], [-38, -71]]
[[1, 0], [22, 71], [-98, -213]]
[[1, 0], [221, 284], [-225, -284]]
[[1, 0], [221, 284], [-671, -852]]
[[1, 0], [221, 284], [-889, -1136]]
[[1, 0], [221, 568], [-445, -1136]]
[[1, 0], [221, 710], [-229, -710]]
[[1, 0], [223, 1136], [-225, -1136]]
[[1, 0], [223, 284], [-677, -852]]
[[1, 0], [223, 284], [-897, -1136]]
[[1, 0], [223, 296], [-517, -592]]
[[1, 0], [223, 568], [-449, -1136]]
[[1, 0], [225, 1136], [-227, -1136]]
[[1, 0], [225, 284], [-229, -284]]
[[1, 0], [225, 284], [-683, -852]]
[[1, 0], [225, 284], [-905, -1136]]
[[1, 0], [225, 568], [-453, -1136]]
[[1, 0], [226, 639], [-242, -639]]
[[1, 0], [227, 1136], [-229, -1136]]
[[1, 0], [227, 284], [-689, -852]]
[[1, 0], [227, 284], [-913, -1136]]
[[1, 0], [227, 568], [-457, -1136]]
[[1, 0], [229, 284], [-233, -284]]
[[1, 0], [229, 284], [-695, -852]]
[[1, 0], [229, 284], [-921, -1136]]
[[1, 0], [229, 568], [-461, -1136]]
[[1, 0], [229, 852], [-233, -852]]
[[1, 0], [23, 1136], [-25, -1136]]
[[1, 0], [23, 142], [-139, -710]]
[[1, 0], [23, 142], [-193, -1136]]
[[1, 0], [23, 142], [-31, -142]]
[[1, 0], [23, 284], [-77, -852]]
[[1, 0], [23, 284], [-97, -1136]]
[[1, 0], [23, 44], [-2287, -572]]
[[1, 0], [23, 44], [-337, -52]]
[[1, 0], [23, 44], [-439, -704]]
[[1, 0], [23, 568], [-49, -1136]]
[[1, 0], [23, 71], [-101, -213]]
[[1, 0], [23, 71], [-285, -781]]
[[1, 0], [23, 71], [-287, -639]]
[[1, 0], [23, 71], [-385, -1136]]
[[1, 0], [23, 71], [-39, -71]]
[[1, 0], [231, 1136], [-233, -1136]]
[[1, 0], [231, 284], [-701, -852]]
[[1, 0], [231, 284], [-929, -1136]]
[[1, 0], [231, 568], [-465, -1136]]
[[1, 0], [231, 710], [-239, -710]]
[[1, 0], [233, 1136], [-235, -1136]]
[[1, 0], [233, 284], [-237, -284]]
[[1, 0], [233, 284], [-707, -852]]
[[1, 0], [233, 284], [-937, -1136]]
[[1, 0], [233, 568], [-469, -1136]]
[[1, 0], [235, 1136], [-237, -1136]]
[[1, 0], [235, 284], [-713, -852]]
[[1, 0], [235, 284], [-945, -1136]]
[[1, 0], [235, 568], [-473, -1136]]
[[1, 0], [235, 639], [-251, -639]]
[[1, 0], [237, 284], [-241, -284]]
[[1, 0], [237, 284], [-719, -852]]
[[1, 0], [237, 284], [-953, -1136]]
[[1, 0], [237, 568], [-477, -1136]]
[[1, 0], [239, 1136], [-241, -1136]]
[[1, 0], [239, 284], [-725, -852]]
[[1, 0], [239, 284], [-961, -1136]]
[[1, 0], [239, 568], [-481, -1136]]
[[1, 0], [24, 71], [-104, -213]]
[[1, 0], [24, 71], [-296, -639]]
[[1, 0], [24, 71], [-296, -781]]
[[1, 0], [24, 71], [-40, -71]]
[[1, 0], [24, 71], [-401, -1136]]
[[1, 0], [241, 1136], [-243, -1136]]
[[1, 0], [241, 284], [-245, -284]]
[[1, 0], [241, 284], [-731, -852]]
[[1, 0], [241, 284], [-969, -1136]]
[[1, 0], [241, 568], [-485, -1136]]
[[1, 0], [241, 710], [-249, -710]]
[[1, 0], [241, 852], [-245, -852]]
[[1, 0], [243, 1136], [-245, -1136]]
[[1, 0], [243, 284], [-737, -852]]
[[1, 0], [243, 284], [-977, -1136]]
[[1, 0], [243, 568], [-489, -1136]]
[[1, 0], [244, 639], [-260, -639]]
[[1, 0], [245, 284], [-249, -284]]
[[1, 0], [245, 284], [-743, -852]]
[[1, 0], [245, 284], [-985, -1136]]
[[1, 0], [245, 568], [-493, -1136]]
[[1, 0], [247, 1136], [-249, -1136]]
[[1, 0], [247, 284], [-749, -852]]
[[1, 0], [247, 284], [-993, -1136]]
[[1, 0], [249, 1136], [-251, -1136]]
[[1, 0], [249, 284], [-1001, -1136]]
[[1, 0], [249, 284], [-253, -284]]
[[1, 0], [249, 284], [-755, -852]]
[[1, 0], [249, 568], [-501, -1136]]
[[1, 0], [25, 1136], [-27, -1136]]
[[1, 0], [25, 142], [-149, -710]]
[[1, 0], [25, 142], [-209, -1136]]
[[1, 0], [25, 142], [-33, -142]]
[[1, 0], [25, 192], [-167, -192]]
[[1, 0], [25, 192], [-215, -288]]
[[1, 0], [25, 192], [-359, -576]]
[[1, 0], [25, 213], [-107, -639]]
[[1, 0], [25, 213], [-41, -213]]
[[1, 0], [25, 284], [-105, -1136]]
[[1, 0], [25, 284], [-29, -284]]
[[1, 0], [25, 284], [-83, -852]]
[[1, 0], [25, 32], [-1799, -576]]
[[1, 0], [25, 32], [-263, -64]]
[[1, 0], [25, 32], [-647, -192]]
[[1, 0], [25, 32], [-671, -768]]
[[1, 0], [25, 32], [-759, -608]]
[[1, 0], [25, 48], [-1223, -576]]
[[1, 0], [25, 48], [-199, -64]]
[[1, 0], [25, 48], [-455, -192]]
[[1, 0], [25, 48], [-467, -624]]
[[1, 0], [25, 568], [-53, -1136]]
[[1, 0], [25, 64], [-167, -64]]
[[1, 0], [25, 64], [-179, -72]]
[[1, 0], [25, 64], [-215, -96]]
[[1, 0], [25, 64], [-287, -144]]
[[1, 0], [25, 64], [-359, -192]]
[[1, 0], [25, 64], [-49, -80]]
[[1, 0], [25, 64], [-503, -288]]
[[1, 0], [25, 64], [-935, -576]]
[[1, 0], [25, 71], [-107, -213]]
[[1, 0], [25, 71], [-305, -639]]
[[1, 0], [25, 71], [-307, -781]]
[[1, 0], [25, 71], [-41, -71]]
[[1, 0], [25, 71], [-417, -1136]]
[[1, 0], [25, 852], [-29, -852]]
[[1, 0], [25, 96], [-263, -192]]
[[1, 0], [25, 96], [-41, -112]]
[[1, 0], [25, 96], [-647, -576]]
[[1, 0], [251, 1136], [-253, -1136]]
[[1, 0], [251, 284], [-1009, -1136]]
[[1, 0], [251, 284], [-761, -852]]
[[1, 0], [251, 568], [-505, -1136]]
[[1, 0], [251, 710], [-259, -710]]
[[1, 0], [253, 284], [-1017, -1136]]
[[1, 0], [253, 284], [-257, -284]]
[[1, 0], [253, 284], [-767, -852]]
[[1, 0], [253, 288], [-719, -576]]
[[1, 0], [253, 568], [-509, -1136]]
[[1, 0], [253, 639], [-269, -639]]
[[1, 0], [253, 852], [-257, -852]]
[[1, 0], [255, 1136], [-257, -1136]]
[[1, 0], [255, 284], [-1025, -1136]]
[[1, 0], [255, 284], [-773, -852]]
[[1, 0], [255, 568], [-513, -1136]]
[[1, 0], [257, 1136], [-259, -1136]]
[[1, 0], [257, 284], [-1033, -1136]]
[[1, 0], [257, 284], [-261, -284]]
[[1, 0], [257, 284], [-779, -852]]
[[1, 0], [257, 568], [-517, -1136]]
[[1, 0], [259, 1136], [-261, -1136]]
[[1, 0], [259, 284], [-1041, -1136]]
[[1, 0], [259, 284], [-785, -852]]
[[1, 0], [259, 568], [-521, -1136]]
[[1, 0], [26, 71], [-110, -213]]
[[1, 0], [26, 71], [-314, -639]]
[[1, 0], [26, 71], [-318, -781]]
[[1, 0], [26, 71], [-42, -71]]
[[1, 0], [26, 71], [-433, -1136]]
[[1, 0], [261, 284], [-1049, -1136]]
[[1, 0], [261, 284], [-265, -284]]
[[1, 0], [261, 284], [-791, -852]]
[[1, 0], [261, 568], [-525, -1136]]
[[1, 0], [261, 710], [-269, -710]]
[[1, 0], [262, 639], [-278, -639]]
[[1, 0], [263, 1136], [-265, -1136]]
[[1, 0], [263, 284], [-1057, -1136]]
[[1, 0], [263, 284], [-797, -852]]
[[1, 0], [263, 568], [-529, -1136]]
[[1, 0], [265, 1136], [-267, -1136]]
[[1, 0], [265, 284], [-269, -284]]
[[1, 0], [265, 284], [-803, -852]]
[[1, 0], [265, 568], [-533, -1136]]
[[1, 0], [265, 852], [-269, -852]]
[[1, 0], [267, 1136], [-269, -1136]]
[[1, 0], [267, 284], [-1073, -1136]]
[[1, 0], [267, 284], [-809, -852]]
[[1, 0], [267, 568], [-537, -1136]]
[[1, 0], [269, 284], [-1081, -1136]]
[[1, 0], [269, 284], [-273, -284]]
[[1, 0], [269, 284], [-815, -852]]
[[1, 0], [269, 568], [-541, -1136]]
[[1, 0], [27, 104], [-233, -624]]
[[1, 0], [27, 1136], [-29, -1136]]
[[1, 0], [27, 142], [-159, -710]]
[[1, 0], [27, 142], [-225, -1136]]
[[1, 0], [27, 142], [-35, -142]]
[[1, 0], [27, 284], [-113, -1136]]
[[1, 0], [27, 284], [-89, -852]]
[[1, 0], [27, 52], [-2001, -572]]
[[1, 0], [27, 568], [-57, -1136]]
[[1, 0], [27, 71], [-113, -213]]
[[1, 0], [27, 71], [-323, -639]]
[[1, 0], [27, 71], [-329, -781]]
[[1, 0], [27, 71], [-43, -71]]
[[1, 0], [27, 71], [-449, -1136]]
[[1, 0], [271, 1136], [-273, -1136]]
[[1, 0], [271, 284], [-1089, -1136]]
[[1, 0], [271, 284], [-821, -852]]
[[1, 0], [271, 568], [-545, -1136]]
[[1, 0], [271, 639], [-287, -639]]
[[1, 0], [271, 710], [-279, -710]]
[[1, 0], [273, 1136], [-275, -1136]]
[[1, 0], [273, 284], [-1097, -1136]]
[[1, 0], [273, 284], [-277, -284]]
[[1, 0], [273, 284], [-827, -852]]
[[1, 0], [273, 568], [-549, -1136]]
[[1, 0], [275, 1136], [-277, -1136]]
[[1, 0], [275, 284], [-1105, -1136]]
[[1, 0], [275, 284], [-833, -852]]
[[1, 0], [275, 568], [-553, -1136]]
[[1, 0], [277, 284], [-1113, -1136]]
[[1, 0], [277, 284], [-281, -284]]
[[1, 0], [277, 284], [-839, -852]]
[[1, 0], [277, 568], [-557, -1136]]
[[1, 0], [277, 852], [-281, -852]]
[[1, 0], [279, 1136], [-281, -1136]]
[[1, 0], [279, 284], [-1121, -1136]]
[[1, 0], [279, 284], [-845, -852]]
[[1, 0], [279, 568], [-561, -1136]]
[[1, 0], [28, 213], [-116, -639]]
[[1, 0], [28, 213], [-44, -213]]
[[1, 0], [28, 639], [-44, -639]]
[[1, 0], [28, 71], [-116, -213]]
[[1, 0], [28, 71], [-332, -639]]
[[1, 0], [28, 71], [-340, -781]]
[[1, 0], [28, 71], [-465, -1136]]
[[1, 0], [280, 639], [-296, -639]]
[[1, 0], [281, 1136], [-283, -1136]]
[[1, 0], [281, 284], [-1129, -1136]]
[[1, 0], [281, 284], [-285, -284]]
[[1, 0], [281, 284], [-851, -852]]
[[1, 0], [281, 568], [-565, -1136]]
[[1, 0], [281, 710], [-289, -710]]
[[1, 0], [283, 1136], [-285, -1136]]
[[1, 0], [283, 284], [-1137, -1136]]
[[1, 0], [283, 284], [-857, -852]]
[[1, 0], [283, 568], [-569, -1136]]
[[1, 0], [285, 568], [-573, -1136]]
[[1, 0], [287, 1136], [-289, -1136]]
[[1, 0], [287, 568], [-577, -1136]]
[[1, 0], [289, 1136], [-291, -1136]]
[[1, 0], [289, 568], [-581, -1136]]
[[1, 0], [289, 576], [-431, -576]]
[[1, 0], [289, 639], [-305, -639]]
[[1, 0], [289, 852], [-293, -852]]
[[1, 0], [29, 142], [-169, -710]]
[[1, 0], [29, 142], [-241, -1136]]
[[1, 0], [29, 142], [-37, -142]]
[[1, 0], [29, 284], [-121, -1136]]
[[1, 0], [29, 284], [-33, -284]]
[[1, 0], [29, 284], [-95, -852]]
[[1, 0], [29, 32], [-1871, -576]]
[[1, 0], [29, 32], [-199, -200]]
[[1, 0], [29, 32], [-221, -48]]
[[1, 0], [29, 32], [-271, -64]]
[[1, 0], [29, 32], [-371, -96]]
[[1, 0], [29, 32], [-521, -144]]
[[1, 0], [29, 32], [-57, -58]]
[[1, 0], [29, 32], [-671, -192]]
[[1, 0], [29, 32], [-767, -768]]
[[1, 0], [29, 32], [-835, -608]]
[[1, 0], [29, 32], [-971, -288]]
[[1, 0], [29, 568], [-61, -1136]]
[[1, 0], [29, 56], [-419, -672]]
[[1, 0], [29, 56], [-461, -616]]
[[1, 0], [29, 71], [-119, -213]]
[[1, 0], [29, 71], [-341, -639]]
[[1, 0], [29, 71], [-351, -781]]
[[1, 0], [29, 71], [-481, -1136]]
[[1, 0], [291, 1136], [-293, -1136]]
[[1, 0], [291, 568], [-585, -1136]]
[[1, 0], [291, 710], [-299, -710]]
[[1, 0], [293, 568], [-589, -1136]]
[[1, 0], [295, 1136], [-297, -1136]]
[[1, 0], [295, 568], [-593, -1136]]
[[1, 0], [297, 1136], [-299, -1136]]
[[1, 0], [297, 568], [-597, -1136]]
[[1, 0], [298, 639], [-314, -639]]
[[1, 0], [299, 1136], [-301, -1136]]
[[1, 0], [299, 568], [-601, -1136]]
[[1, 0], [3, 1136], [-5, -1136]]
[[1, 0], [3, 142], [-11, -142]]
[[1, 0], [3, 142], [-33, -1136]]
[[1, 0], [3, 142], [-39, -710]]
[[1, 0], [3, 16], [-1403, -288]]
[[1, 0], [3, 16], [-143, -384]]
[[1, 0], [3, 16], [-143, -568]]
[[1, 0], [3, 16], [-145, -16]]
[[1, 0], [3, 16], [-147, -74]]
[[1, 0], [3, 16], [-171, -344]]
[[1, 0], [3, 16], [-181, -208]]
[[1, 0], [3, 16], [-219, -32]]
[[1, 0], [3, 16], [-2735, -576]]
[[1, 0], [3, 16], [-285, -1136]]
[[1, 0], [3, 16], [-29, -60]]
[[1, 0], [3, 16], [-293, -48]]
[[1, 0], [3, 16], [-341, -304]]
[[1, 0], [3, 16], [-367, -64]]
[[1, 0], [3, 16], [-515, -96]]
[[1, 0], [3, 16], [-517, -296]]
[[1, 0], [3, 16], [-737, -144]]
[[1, 0], [3, 16], [-95, -128]]
[[1, 0], [3, 16], [-959, -192]]
[[1, 0], [3, 284], [-17, -1136]]
[[1, 0], [3, 284], [-17, -852]]
[[1, 0], [3, 4], [-1067, -852]]
[[1, 0], [3, 4], [-10727, -576]]
[[1, 0], [3, 4], [-1137, -1136]]
[[1, 0], [3, 4], [-119, -64]]
[[1, 0], [3, 4], [-1255, -64]]
[[1, 0], [3, 4], [-1427, -672]]
[[1, 0], [3, 4], [-1507, -116]]
[[1, 0], [3, 4], [-1557, -656]]
[[1, 0], [3, 4], [-1567, -196]]
[[1, 0], [3, 4], [-1737, -44]]
[[1, 0], [3, 4], [-2027, -52]]
[[1, 0], [3, 4], [-20877, -572]]
[[1, 0], [3, 4], [-215, -192]]
[[1, 0], [3, 4], [-2169, -620]]
[[1, 0], [3, 4], [-2447, -612]]
[[1, 0], [3, 4], [-299, -20]]
[[1, 0], [3, 4], [-357, -284]]
[[1, 0], [3, 4], [-3623, -192]]
[[1, 0], [3, 4], [-455, -228]]
[[1, 0], [3, 568], [-9, -1136]]
[[1, 0], [3, 71], [-107, -639]]
[[1, 0], [3, 71], [-19, -71]]
[[1, 0], [3, 71], [-41, -213]]
[[1, 0], [3, 71], [-65, -1136]]
[[1, 0], [3, 71], [-65, -781]]
[[1, 0], [3, 8], [-107, -96]]
[[1, 0], [3, 8], [-125, -144]]
[[1, 0], [3, 8], [-175, -88]]
[[1, 0], [3, 8], [-179, -288]]
[[1, 0], [3, 8], [-1847, -192]]
[[1, 0], [3, 8], [-1997, -592]]
[[1, 0], [3, 8], [-329, -120]]
[[1, 0], [3, 8], [-5399, -576]]
[[1, 0], [3, 8], [-569, -1136]]
[[1, 0], [3, 8], [-569, -760]]
[[1, 0], [3, 8], [-663, -64]]
[[1, 0], [3, 8], [-77, -16]]
[[1, 0], [3, 8], [-83, -32]]
[[1, 0], [3, 8], [-879, -640]]
[[1, 0], [3, 8], [-89, -48]]
[[1, 0], [3, 8], [-947, -632]]
[[1, 0], [30, 71], [-122, -213]]
[[1, 0], [30, 71], [-350, -639]]
[[1, 0], [30, 71], [-362, -781]]
[[1, 0], [301, 568], [-605, -1136]]
[[1, 0], [301, 710], [-309, -710]]
[[1, 0], [301, 852], [-305, -852]]
[[1, 0], [303, 1136], [-305, -1136]]
[[1, 0], [303, 568], [-609, -1136]]
[[1, 0], [305, 1136], [-307, -1136]]
[[1, 0], [305, 568], [-613, -1136]]
[[1, 0], [307, 1136], [-309, -1136]]
[[1, 0], [307, 568], [-617, -1136]]
[[1, 0], [307, 639], [-323, -639]]
[[1, 0], [309, 568], [-621, -1136]]
[[1, 0], [31, 1136], [-33, -1136]]
[[1, 0], [31, 120], [-99, -200]]
[[1, 0], [31, 142], [-179, -710]]
[[1, 0], [31, 142], [-257, -1136]]
[[1, 0], [31, 142], [-39, -142]]
[[1, 0], [31, 213], [-125, -639]]
[[1, 0], [31, 213], [-47, -213]]
[[1, 0], [31, 284], [-101, -852]]
[[1, 0], [31, 284], [-129, -1136]]
[[1, 0], [31, 40], [-629, -720]]
[[1, 0], [31, 40], [-749, -600]]
[[1, 0], [31, 48], [-1295, -576]]
[[1, 0], [31, 48], [-207, -64]]
[[1, 0], [31, 48], [-275, -96]]
[[1, 0], [31, 48], [-377, -144]]
[[1, 0], [31, 48], [-479, -192]]
[[1, 0], [31, 48], [-545, -624]]
[[1, 0], [31, 48], [-683, -288]]
[[1, 0], [31, 48], [-77, -78]]
[[1, 0], [31, 568], [-65, -1136]]
[[1, 0], [31, 710], [-39, -710]]
[[1, 0], [31, 71], [-125, -213]]
[[1, 0], [31, 71], [-359, -639]]
[[1, 0], [31, 71], [-373, -781]]
[[1, 0], [31, 71], [-513, -1136]]
[[1, 0], [31, 80], [-319, -640]]
[[1, 0], [311, 1136], [-313, -1136]]
[[1, 0], [311, 568], [-625, -1136]]
[[1, 0], [311, 710], [-319, -710]]
[[1, 0], [313, 1136], [-315, -1136]]
[[1, 0], [313, 568], [-629, -1136]]
[[1, 0], [313, 852], [-317, -852]]
[[1, 0], [315, 1136], [-317, -1136]]
[[1, 0], [315, 568], [-633, -1136]]
[[1, 0], [317, 568], [-637, -1136]]
[[1, 0], [319, 1136], [-321, -1136]]
[[1, 0], [319, 568], [-641, -1136]]
[[1, 0], [32, 71], [-128, -213]]
[[1, 0], [32, 71], [-368, -639]]
[[1, 0], [32, 71], [-384, -781]]
[[1, 0], [32, 71], [-529, -1136]]
[[1, 0], [321, 1136], [-323, -1136]]
[[1, 0], [321, 568], [-645, -1136]]
[[1, 0], [321, 710], [-329, -710]]
[[1, 0], [323, 1136], [-325, -1136]]
[[1, 0], [323, 568], [-649, -1136]]
[[1, 0], [325, 568], [-653, -1136]]
[[1, 0], [325, 852], [-329, -852]]
[[1, 0], [327, 1136], [-329, -1136]]
[[1, 0], [327, 568], [-657, -1136]]
[[1, 0], [329, 1136], [-331, -1136]]
[[1, 0], [329, 568], [-661, -1136]]
[[1, 0], [33, 1136], [-35, -1136]]
[[1, 0], [33, 128], [-59, -160]]
[[1, 0], [33, 142], [-189, -710]]
[[1, 0], [33, 142], [-273, -1136]]
[[1, 0], [33, 142], [-41, -142]]
[[1, 0], [33, 284], [-107, -852]]
[[1, 0], [33, 284], [-137, -1136]]
[[1, 0], [33, 284], [-37, -284]]
[[1, 0], [33, 568], [-69, -1136]]
[[1, 0], [33, 64], [-1007, -576]]
[[1, 0], [33, 64], [-175, -64]]
[[1, 0], [33, 64], [-227, -96]]
[[1, 0], [33, 64], [-305, -144]]
[[1, 0], [33, 64], [-383, -192]]
[[1, 0], [33, 64], [-539, -288]]
[[1, 0], [33, 71], [-131, -213]]
[[1, 0], [33, 71], [-377, -639]]
[[1, 0], [33, 71], [-395, -781]]
[[1, 0], [33, 71], [-545, -1136]]
[[1, 0], [331, 1136], [-333, -1136]]
[[1, 0], [331, 568], [-665, -1136]]
[[1, 0], [331, 710], [-339, -710]]
[[1, 0], [333, 568], [-669, -1136]]
[[1, 0], [335, 1136], [-337, -1136]]
[[1, 0], [335, 568], [-673, -1136]]
[[1, 0], [337, 1136], [-339, -1136]]
[[1, 0], [337, 568], [-677, -1136]]
[[1, 0], [337, 852], [-341, -852]]
[[1, 0], [339, 1136], [-341, -1136]]
[[1, 0], [339, 568], [-681, -1136]]
[[1, 0], [34, 213], [-134, -639]]
[[1, 0], [34, 213], [-50, -213]]
[[1, 0], [34, 71], [-134, -213]]
[[1, 0], [34, 71], [-386, -639]]
[[1, 0], [34, 71], [-406, -781]]
[[1, 0], [34, 71], [-561, -1136]]
[[1, 0], [341, 568], [-685, -1136]]
[[1, 0], [341, 710], [-349, -710]]
[[1, 0], [343, 1136], [-345, -1136]]
[[1, 0], [343, 568], [-689, -1136]]
[[1, 0], [345, 1136], [-347, -1136]]
[[1, 0], [345, 568], [-693, -1136]]
[[1, 0], [347, 1136], [-349, -1136]]
[[1, 0], [347, 568], [-697, -1136]]
[[1, 0], [349, 568], [-701, -1136]]
[[1, 0], [349, 852], [-353, -852]]
[[1, 0], [35, 1136], [-37, -1136]]
[[1, 0], [35, 142], [-199, -710]]
[[1, 0], [35, 142], [-289, -1136]]
[[1, 0], [35, 142], [-43, -142]]
[[1, 0], [35, 284], [-113, -852]]
[[1, 0], [35, 284], [-145, -1136]]
[[1, 0], [35, 568], [-73, -1136]]
[[1, 0], [35, 71], [-137, -213]]
[[1, 0], [35, 71], [-395, -639]]
[[1, 0], [35, 71], [-417, -781]]
[[1, 0], [35, 71], [-577, -1136]]
[[1, 0], [351, 1136], [-353, -1136]]
[[1, 0], [351, 568], [-705, -1136]]
[[1, 0], [351, 710], [-359, -710]]
[[1, 0], [353, 568], [-709, -1136]]
[[1, 0], [357, 568], [-717, -1136]]
[[1, 0], [359, 1136], [-361, -1136]]
[[1, 0], [359, 568], [-721, -1136]]
[[1, 0], [36, 71], [-140, -213]]
[[1, 0], [36, 71], [-404, -639]]
[[1, 0], [36, 71], [-428, -781]]
[[1, 0], [36, 71], [-52, -71]]
[[1, 0], [36, 71], [-593, -1136]]
[[1, 0], [361, 1136], [-363, -1136]]
[[1, 0], [361, 568], [-725, -1136]]
[[1, 0], [361, 852], [-365, -852]]
[[1, 0], [363, 1136], [-365, -1136]]
[[1, 0], [363, 568], [-729, -1136]]
[[1, 0], [365, 568], [-733, -1136]]
[[1, 0], [367, 1136], [-369, -1136]]
[[1, 0], [367, 568], [-737, -1136]]
[[1, 0], [369, 1136], [-371, -1136]]
[[1, 0], [369, 568], [-741, -1136]]
[[1, 0], [37, 142], [-209, -710]]
[[1, 0], [37, 142], [-305, -1136]]
[[1, 0], [37, 142], [-45, -142]]
[[1, 0], [37, 144], [-215, -192]]
[[1, 0], [37, 144], [-503, -576]]
[[1, 0], [37, 213], [-143, -639]]
[[1, 0], [37, 213], [-53, -213]]
[[1, 0], [37, 284], [-119, -852]]
[[1, 0], [37, 284], [-153, -1136]]
[[1, 0], [37, 284], [-41, -284]]
[[1, 0], [37, 288], [-179, -288]]
[[1, 0], [37, 288], [-287, -576]]
[[1, 0], [37, 48], [-1367, -576]]
[[1, 0], [37, 48], [-215, -64]]
[[1, 0], [37, 48], [-503, -192]]
[[1, 0], [37, 48], [-623, -624]]
[[1, 0], [37, 568], [-77, -1136]]
[[1, 0], [37, 639], [-53, -639]]
[[1, 0], [37, 71], [-143, -213]]
[[1, 0], [37, 71], [-413, -639]]
[[1, 0], [37, 71], [-439, -781]]
[[1, 0], [37, 71], [-609, -1136]]
[[1, 0], [37, 72], [-359, -192]]
[[1, 0], [37, 72], [-49, -80]]
[[1, 0], [37, 72], [-935, -576]]
[[1, 0], [37, 852], [-41, -852]]
[[1, 0], [37, 96], [-233, -144]]
[[1, 0], [37, 96], [-287, -192]]
[[1, 0], [37, 96], [-395, -288]]
[[1, 0], [37, 96], [-55, -112]]
[[1, 0], [37, 96], [-719, -576]]
[[1, 0], [371, 1136], [-373, -1136]]
[[1, 0], [371, 568], [-745, -1136]]
[[1, 0], [373, 568], [-749, -1136]]
[[1, 0], [373, 852], [-377, -852]]
[[1, 0], [375, 1136], [-377, -1136]]
[[1, 0], [375, 568], [-753, -1136]]
[[1, 0], [377, 1136], [-379, -1136]]
[[1, 0], [377, 568], [-757, -1136]]
[[1, 0], [379, 1136], [-381, -1136]]
[[1, 0], [379, 568], [-761, -1136]]
[[1, 0], [38, 71], [-146, -213]]
[[1, 0], [38, 71], [-422, -639]]
[[1, 0], [38, 71], [-450, -781]]
[[1, 0], [38, 71], [-625, -1136]]
[[1, 0], [381, 568], [-765, -1136]]
[[1, 0], [383, 1136], [-385, -1136]]
[[1, 0], [383, 568], [-769, -1136]]
[[1, 0], [385, 1136], [-387, -1136]]
[[1, 0], [385, 568], [-773, -1136]]
[[1, 0], [385, 852], [-389, -852]]
[[1, 0], [387, 1136], [-389, -1136]]
[[1, 0], [387, 568], [-777, -1136]]
[[1, 0], [39, 1136], [-41, -1136]]
[[1, 0], [39, 142], [-219, -710]]
[[1, 0], [39, 142], [-321, -1136]]
[[1, 0], [39, 142], [-47, -142]]
[[1, 0], [39, 152], [-227, -608]]
[[1, 0], [39, 284], [-125, -852]]
[[1, 0], [39, 284], [-161, -1136]]
[[1, 0], [39, 568], [-81, -1136]]
[[1, 0], [39, 71], [-149, -213]]
[[1, 0], [39, 71], [-431, -639]]
[[1, 0], [39, 71], [-461, -781]]
[[1, 0], [39, 71], [-641, -1136]]
[[1, 0], [391, 1136], [-393, -1136]]
[[1, 0], [391, 568], [-785, -1136]]
[[1, 0], [393, 1136], [-395, -1136]]
[[1, 0], [393, 568], [-789, -1136]]
[[1, 0], [395, 1136], [-397, -1136]]
[[1, 0], [395, 568], [-793, -1136]]
[[1, 0], [397, 568], [-797, -1136]]
[[1, 0], [397, 852], [-401, -852]]
[[1, 0], [399, 1136], [-401, -1136]]
[[1, 0], [399, 568], [-801, -1136]]
[[1, 0], [4, 213], [-20, -213]]
[[1, 0], [4, 213], [-44, -639]]
[[1, 0], [4, 71], [-116, -639]]
[[1, 0], [4, 71], [-20, -71]]
[[1, 0], [4, 71], [-44, -213]]
[[1, 0], [4, 71], [-76, -781]]
[[1, 0], [4, 71], [-81, -1136]]
[[1, 0], [40, 213], [-152, -639]]
[[1, 0], [40, 213], [-56, -213]]
[[1, 0], [40, 71], [-152, -213]]
[[1, 0], [40, 71], [-440, -639]]
[[1, 0], [40, 71], [-472, -781]]
[[1, 0], [40, 71], [-657, -1136]]
[[1, 0], [401, 1136], [-403, -1136]]
[[1, 0], [401, 568], [-805, -1136]]
[[1, 0], [403, 1136], [-405, -1136]]
[[1, 0], [403, 568], [-809, -1136]]
[[1, 0], [405, 568], [-813, -1136]]
[[1, 0], [407, 1136], [-409, -1136]]
[[1, 0], [407, 568], [-817, -1136]]
[[1, 0], [409, 1136], [-411, -1136]]
[[1, 0], [409, 568], [-821, -1136]]
[[1, 0], [409, 852], [-413, -852]]
[[1, 0], [41, 1136], [-43, -1136]]
[[1, 0], [41, 142], [-229, -710]]
[[1, 0], [41, 142], [-337, -1136]]
[[1, 0], [41, 142], [-49, -142]]
[[1, 0], [41, 284], [-131, -852]]
[[1, 0], [41, 284], [-169, -1136]]
[[1, 0], [41, 284], [-45, -284]]
[[1, 0], [41, 568], [-85, -1136]]
[[1, 0], [41, 64], [-1079, -576]]
[[1, 0], [41, 64], [-197, -72]]
[[1, 0], [41, 64], [-239, -96]]
[[1, 0], [41, 64], [-323, -144]]
[[1, 0], [41, 64], [-407, -192]]
[[1, 0], [41, 64], [-575, -288]]
[[1, 0], [41, 64], [-69, -80]]
[[1, 0], [41, 710], [-49, -710]]
[[1, 0], [41, 71], [-155, -213]]
[[1, 0], [41, 71], [-449, -639]]
[[1, 0], [41, 71], [-483, -781]]
[[1, 0], [41, 71], [-673, -1136]]
[[1, 0], [41, 80], [-399, -640]]
[[1, 0], [411, 1136], [-413, -1136]]
[[1, 0], [411, 568], [-825, -1136]]
[[1, 0], [413, 568], [-829, -1136]]
[[1, 0], [415, 1136], [-417, -1136]]
[[1, 0], [415, 568], [-833, -1136]]
[[1, 0], [417, 1136], [-419, -1136]]
[[1, 0], [417, 568], [-837, -1136]]
[[1, 0], [419, 1136], [-421, -1136]]
[[1, 0], [419, 568], [-841, -1136]]
[[1, 0], [42, 71], [-158, -213]]
[[1, 0], [42, 71], [-458, -639]]
[[1, 0], [42, 71], [-494, -781]]
[[1, 0], [42, 71], [-689, -1136]]
[[1, 0], [421, 568], [-845, -1136]]
[[1, 0], [421, 852], [-425, -852]]
[[1, 0], [423, 1136], [-425, -1136]]
[[1, 0], [423, 568], [-849, -1136]]
[[1, 0], [425, 1136], [-427, -1136]]
[[1, 0], [425, 568], [-853, -1136]]
[[1, 0], [427, 1136], [-429, -1136]]
[[1, 0], [427, 568], [-857, -1136]]
[[1, 0], [429, 568], [-861, -1136]]
[[1, 0], [43, 1136], [-45, -1136]]
[[1, 0], [43, 142], [-239, -710]]
[[1, 0], [43, 142], [-353, -1136]]
[[1, 0], [43, 142], [-51, -142]]
[[1, 0], [43, 213], [-161, -639]]
[[1, 0], [43, 213], [-59, -213]]
[[1, 0], [43, 284], [-137, -852]]
[[1, 0], [43, 284], [-177, -1136]]
[[1, 0], [43, 48], [-1439, -576]]
[[1, 0], [43, 48], [-179, -180]]
[[1, 0], [43, 48], [-223, -64]]
[[1, 0], [43, 48], [-299, -96]]
[[1, 0], [43, 48], [-413, -144]]
[[1, 0], [43, 48], [-527, -192]]
[[1, 0], [43, 48], [-701, -624]]
[[1, 0], [43, 48], [-755, -288]]
[[1, 0], [43, 568], [-89, -1136]]
[[1, 0], [43, 56], [-587, -672]]
[[1, 0], [43, 56], [-615, -616]]
[[1, 0], [43, 71], [-161, -213]]
[[1, 0], [43, 71], [-467, -639]]
[[1, 0], [43, 71], [-505, -781]]
[[1, 0], [43, 71], [-705, -1136]]
[[1, 0], [43, 84], [-195, -196]]
[[1, 0], [431, 568], [-865, -1136]]
[[1, 0], [433, 1136], [-435, -1136]]
[[1, 0], [433, 568], [-869, -1136]]
[[1, 0], [433, 852], [-437, -852]]
[[1, 0], [435, 1136], [-437, -1136]]
[[1, 0], [435, 568], [-873, -1136]]
[[1, 0], [437, 568], [-877, -1136]]
[[1, 0], [439, 1136], [-441, -1136]]
[[1, 0], [439, 568], [-881, -1136]]
[[1, 0], [44, 71], [-164, -213]]
[[1, 0], [44, 71], [-476, -639]]
[[1, 0], [44, 71], [-516, -781]]
[[1, 0], [44, 71], [-721, -1136]]
[[1, 0], [441, 1136], [-443, -1136]]
[[1, 0], [441, 568], [-885, -1136]]
[[1, 0], [443, 1136], [-445, -1136]]
[[1, 0], [443, 568], [-889, -1136]]
[[1, 0], [445, 568], [-893, -1136]]
[[1, 0], [445, 852], [-449, -852]]
[[1, 0], [447, 1136], [-449, -1136]]
[[1, 0], [447, 568], [-897, -1136]]
[[1, 0], [449, 1136], [-451, -1136]]
[[1, 0], [449, 568], [-901, -1136]]
[[1, 0], [45, 142], [-249, -710]]
[[1, 0], [45, 142], [-369, -1136]]
[[1, 0], [45, 142], [-53, -142]]
[[1, 0], [45, 284], [-143, -852]]
[[1, 0], [45, 284], [-185, -1136]]
[[1, 0], [45, 284], [-49, -284]]
[[1, 0], [45, 568], [-93, -1136]]
[[1, 0], [45, 71], [-167, -213]]
[[1, 0], [45, 71], [-485, -639]]
[[1, 0], [45, 71], [-527, -781]]
[[1, 0], [45, 71], [-737, -1136]]
[[1, 0], [451, 1136], [-453, -1136]]
[[1, 0], [451, 568], [-905, -1136]]
[[1, 0], [453, 568], [-909, -1136]]
[[1, 0], [455, 1136], [-457, -1136]]
[[1, 0], [455, 568], [-913, -1136]]
[[1, 0], [457, 1136], [-459, -1136]]
[[1, 0], [457, 568], [-917, -1136]]
[[1, 0], [457, 852], [-461, -852]]
[[1, 0], [459, 1136], [-461, -1136]]
[[1, 0], [459, 568], [-921, -1136]]
[[1, 0], [46, 213], [-170, -639]]
[[1, 0], [46, 213], [-62, -213]]
[[1, 0], [46, 639], [-62, -639]]
[[1, 0], [46, 71], [-170, -213]]
[[1, 0], [46, 71], [-494, -639]]
[[1, 0], [46, 71], [-538, -781]]
[[1, 0], [46, 71], [-753, -1136]]
[[1, 0], [461, 568], [-925, -1136]]
[[1, 0], [463, 1136], [-465, -1136]]
[[1, 0], [463, 568], [-929, -1136]]
[[1, 0], [465, 1136], [-467, -1136]]
[[1, 0], [465, 568], [-933, -1136]]
[[1, 0], [467, 1136], [-469, -1136]]
[[1, 0], [467, 568], [-937, -1136]]
[[1, 0], [469, 568], [-941, -1136]]
[[1, 0], [469, 852], [-473, -852]]
[[1, 0], [47, 1136], [-49, -1136]]
[[1, 0], [47, 142], [-259, -710]]
[[1, 0], [47, 142], [-385, -1136]]
[[1, 0], [47, 142], [-55, -142]]
[[1, 0], [47, 284], [-149, -852]]
[[1, 0], [47, 284], [-193, -1136]]
[[1, 0], [47, 568], [-97, -1136]]
[[1, 0], [47, 71], [-173, -213]]
[[1, 0], [47, 71], [-503, -639]]
[[1, 0], [47, 71], [-549, -781]]
[[1, 0], [47, 71], [-769, -1136]]
[[1, 0], [471, 1136], [-473, -1136]]
[[1, 0], [471, 568], [-945, -1136]]
[[1, 0], [473, 1136], [-475, -1136]]
[[1, 0], [473, 568], [-949, -1136]]
[[1, 0], [475, 1136], [-477, -1136]]
[[1, 0], [475, 568], [-953, -1136]]
[[1, 0], [477, 568], [-957, -1136]]
[[1, 0], [479, 1136], [-481, -1136]]
[[1, 0], [479, 568], [-961, -1136]]
[[1, 0], [48, 71], [-176, -213]]
[[1, 0], [48, 71], [-512, -639]]
[[1, 0], [48, 71], [-560, -781]]
[[1, 0], [48, 71], [-785, -1136]]
[[1, 0], [481, 1136], [-483, -1136]]
[[1, 0], [481, 568], [-965, -1136]]
[[1, 0], [481, 852], [-485, -852]]
[[1, 0], [483, 1136], [-485, -1136]]
[[1, 0], [483, 568], [-969, -1136]]
[[1, 0], [485, 568], [-973, -1136]]
[[1, 0], [487, 1136], [-489, -1136]]
[[1, 0], [487, 568], [-977, -1136]]
[[1, 0], [489, 1136], [-491, -1136]]
[[1, 0], [489, 568], [-981, -1136]]
[[1, 0], [49, 1136], [-51, -1136]]
[[1, 0], [49, 128], [-79, -160]]
[[1, 0], [49, 142], [-269, -710]]
[[1, 0], [49, 142], [-401, -1136]]
[[1, 0], [49, 142], [-57, -142]]
[[1, 0], [49, 192], [-251, -288]]
[[1, 0], [49, 192], [-431, -576]]
[[1, 0], [49, 213], [-179, -639]]
[[1, 0], [49, 213], [-65, -213]]
[[1, 0], [49, 284], [-155, -852]]
[[1, 0], [49, 284], [-201, -1136]]
[[1, 0], [49, 284], [-53, -284]]
[[1, 0], [49, 568], [-101, -1136]]
[[1, 0], [49, 64], [-1151, -576]]
[[1, 0], [49, 64], [-251, -96]]
[[1, 0], [49, 64], [-341, -144]]
[[1, 0], [49, 64], [-431, -192]]
[[1, 0], [49, 64], [-611, -288]]
[[1, 0], [49, 71], [-179, -213]]
[[1, 0], [49, 71], [-521, -639]]
[[1, 0], [49, 71], [-571, -781]]
[[1, 0], [49, 71], [-801, -1136]]
[[1, 0], [49, 852], [-53, -852]]
[[1, 0], [49, 96], [-311, -192]]
[[1, 0], [49, 96], [-69, -112]]
[[1, 0], [49, 96], [-791, -576]]
[[1, 0], [491, 1136], [-493, -1136]]
[[1, 0], [491, 568], [-985, -1136]]
[[1, 0], [493, 568], [-989, -1136]]
[[1, 0], [495, 568], [-993, -1136]]
[[1, 0], [499, 1136], [-501, -1136]]
[[1, 0], [499, 568], [-1001, -1136]]
[[1, 0], [5, 142], [-13, -142]]
[[1, 0], [5, 142], [-49, -1136]]
[[1, 0], [5, 142], [-49, -710]]
[[1, 0], [5, 16], [-111, -128]]
[[1, 0], [5, 16], [-207, -208]]
[[1, 0], [5, 16], [-2807, -576]]
[[1, 0], [5, 16], [-375, -64]]
[[1, 0], [5, 16], [-427, -1136]]
[[1, 0], [5, 16], [-983, -192]]
[[1, 0], [5, 284], [-23, -852]]
[[1, 0], [5, 284], [-25, -1136]]
[[1, 0], [5, 284], [-9, -284]]
[[1, 0], [5, 32], [-1439, -576]]
[[1, 0], [5, 32], [-147, -32]]
[[1, 0], [5, 32], [-185, -48]]
[[1, 0], [5, 32], [-191, -768]]
[[1, 0], [5, 32], [-223, -64]]
[[1, 0], [5, 32], [-299, -96]]
[[1, 0], [5, 32], [-37, -38]]
[[1, 0], [5, 32], [-379, -608]]
[[1, 0], [5, 32], [-413, -144]]
[[1, 0], [5, 32], [-49, -200]]
[[1, 0], [5, 32], [-527, -192]]
[[1, 0], [5, 32], [-755, -288]]
[[1, 0], [5, 568], [-13, -1136]]
[[1, 0], [5, 71], [-125, -639]]
[[1, 0], [5, 71], [-21, -71]]
[[1, 0], [5, 71], [-47, -213]]
[[1, 0], [5, 71], [-87, -781]]
[[1, 0], [5, 71], [-97, -1136]]
[[1, 0], [5, 8], [-101, -48]]
[[1, 0], [5, 8], [-1039, -640]]
[[1, 0], [5, 8], [-1105, -632]]
[[1, 0], [5, 8], [-131, -96]]
[[1, 0], [5, 8], [-161, -144]]
[[1, 0], [5, 8], [-1895, -192]]
[[1, 0], [5, 8], [-197, -88]]
[[1, 0], [5, 8], [-2145, -592]]
[[1, 0], [5, 8], [-251, -288]]
[[1, 0], [5, 8], [-359, -120]]
[[1, 0], [5, 8], [-5543, -576]]
[[1, 0], [5, 8], [-679, -64]]
[[1, 0], [5, 8], [-759, -760]]
[[1, 0], [5, 8], [-81, -16]]
[[1, 0], [5, 8], [-853, -1136]]
[[1, 0], [5, 8], [-91, -32]]
[[1, 0], [50, 71], [-182, -213]]
[[1, 0], [50, 71], [-530, -639]]
[[1, 0], [50, 71], [-582, -781]]
[[1, 0], [50, 71], [-817, -1136]]
[[1, 0], [501, 568], [-1005, -1136]]
[[1, 0], [503, 1136], [-505, -1136]]
[[1, 0], [503, 568], [-1009, -1136]]
[[1, 0], [505, 1136], [-507, -1136]]
[[1, 0], [505, 568], [-1013, -1136]]
[[1, 0], [505, 576], [-647, -576]]
[[1, 0], [505, 852], [-509, -852]]
[[1, 0], [507, 1136], [-509, -1136]]
[[1, 0], [507, 568], [-1017, -1136]]
[[1, 0], [509, 568], [-1021, -1136]]
[[1, 0], [51, 1136], [-53, -1136]]
[[1, 0], [51, 142], [-279, -710]]
[[1, 0], [51, 142], [-417, -1136]]
[[1, 0], [51, 142], [-59, -142]]
[[1, 0], [51, 284], [-161, -852]]
[[1, 0], [51, 284], [-209, -1136]]
[[1, 0], [51, 568], [-105, -1136]]
[[1, 0], [51, 710], [-59, -710]]
[[1, 0], [51, 71], [-185, -213]]
[[1, 0], [51, 71], [-539, -639]]
[[1, 0], [51, 71], [-593, -781]]
[[1, 0], [51, 71], [-833, -1136]]
[[1, 0], [51, 80], [-479, -640]]
[[1, 0], [511, 1136], [-513, -1136]]
[[1, 0], [511, 568], [-1025, -1136]]
[[1, 0], [513, 1136], [-515, -1136]]
[[1, 0], [513, 568], [-1029, -1136]]
[[1, 0], [515, 1136], [-517, -1136]]
[[1, 0], [515, 568], [-1033, -1136]]
[[1, 0], [517, 568], [-1037, -1136]]
[[1, 0], [517, 852], [-521, -852]]
[[1, 0], [519, 1136], [-521, -1136]]
[[1, 0], [519, 568], [-1041, -1136]]
[[1, 0], [52, 213], [-188, -639]]
[[1, 0], [52, 213], [-68, -213]]
[[1, 0], [52, 71], [-188, -213]]
[[1, 0], [52, 71], [-548, -639]]
[[1, 0], [52, 71], [-604, -781]]
[[1, 0], [52, 71], [-849, -1136]]
[[1, 0], [521, 1136], [-523, -1136]]
[[1, 0], [521, 568], [-1045, -1136]]
[[1, 0], [523, 1136], [-525, -1136]]
[[1, 0], [523, 568], [-1049, -1136]]
[[1, 0], [525, 568], [-1053, -1136]]
[[1, 0], [527, 1136], [-529, -1136]]
[[1, 0], [527, 568], [-1057, -1136]]
[[1, 0], [529, 1136], [-531, -1136]]
[[1, 0], [529, 568], [-1061, -1136]]
[[1, 0], [529, 852], [-533, -852]]
[[1, 0], [53, 104], [-389, -624]]
[[1, 0], [53, 142], [-289, -710]]
[[1, 0], [53, 142], [-433, -1136]]
[[1, 0], [53, 142], [-61, -142]]
[[1, 0], [53, 284], [-167, -852]]
[[1, 0], [53, 284], [-217, -1136]]
[[1, 0], [53, 284], [-57, -284]]
[[1, 0], [53, 568], [-109, -1136]]
[[1, 0], [53, 71], [-191, -213]]
[[1, 0], [53, 71], [-557, -639]]
[[1, 0], [53, 71], [-615, -781]]
[[1, 0], [53, 71], [-865, -1136]]
[[1, 0], [531, 1136], [-533, -1136]]
[[1, 0], [533, 568], [-1069, -1136]]
[[1, 0], [535, 1136], [-537, -1136]]
[[1, 0], [535, 568], [-1073, -1136]]
[[1, 0], [537, 1136], [-539, -1136]]
[[1, 0], [537, 568], [-1077, -1136]]
[[1, 0], [539, 1136], [-541, -1136]]
[[1, 0], [539, 568], [-1081, -1136]]
[[1, 0], [54, 71], [-194, -213]]
[[1, 0], [54, 71], [-566, -639]]
[[1, 0], [54, 71], [-626, -781]]
[[1, 0], [54, 71], [-881, -1136]]
[[1, 0], [541, 568], [-1085, -1136]]
[[1, 0], [541, 852], [-545, -852]]
[[1, 0], [543, 1136], [-545, -1136]]
[[1, 0], [543, 568], [-1089, -1136]]
[[1, 0], [545, 1136], [-547, -1136]]
[[1, 0], [545, 568], [-1093, -1136]]
[[1, 0], [547, 1136], [-549, -1136]]
[[1, 0], [547, 568], [-1097, -1136]]
[[1, 0], [549, 568], [-1101, -1136]]
[[1, 0], [55, 1136], [-57, -1136]]
[[1, 0], [55, 142], [-299, -710]]
[[1, 0], [55, 142], [-449, -1136]]
[[1, 0], [55, 142], [-63, -142]]
[[1, 0], [55, 144], [-197, -144]]
[[1, 0], [55, 144], [-239, -192]]
[[1, 0], [55, 144], [-323, -288]]
[[1, 0], [55, 144], [-575, -576]]
[[1, 0], [55, 213], [-197, -639]]
[[1, 0], [55, 284], [-173, -852]]
[[1, 0], [55, 284], [-225, -1136]]
[[1, 0], [55, 568], [-113, -1136]]
[[1, 0], [55, 71], [-197, -213]]
[[1, 0], [55, 71], [-575, -639]]
[[1, 0], [55, 71], [-637, -781]]
[[1, 0], [55, 71], [-897, -1136]]
[[1, 0], [55, 72], [-1079, -576]]
[[1, 0], [55, 72], [-407, -192]]
[[1, 0], [55, 72], [-69, -80]]
[[1, 0], [551, 1136], [-553, -1136]]
[[1, 0], [551, 568], [-1105, -1136]]
[[1, 0], [553, 1136], [-555, -1136]]
[[1, 0], [553, 568], [-1109, -1136]]
[[1, 0], [553, 852], [-557, -852]]
[[1, 0], [555, 1136], [-557, -1136]]
[[1, 0], [555, 568], [-1113, -1136]]
[[1, 0], [557, 568], [-1117, -1136]]
[[1, 0], [559, 1136], [-561, -1136]]
[[1, 0], [559, 568], [-1121, -1136]]
[[1, 0], [56, 71], [-200, -213]]
[[1, 0], [56, 71], [-584, -639]]
[[1, 0], [56, 71], [-648, -781]]
[[1, 0], [56, 71], [-72, -71]]
[[1, 0], [56, 71], [-913, -1136]]
[[1, 0], [561, 1136], [-563, -1136]]
[[1, 0], [561, 568], [-1125, -1136]]
[[1, 0], [563, 1136], [-565, -1136]]
[[1, 0], [563, 568], [-1129, -1136]]
[[1, 0], [565, 568], [-1133, -1136]]
[[1, 0], [565, 852], [-569, -852]]
[[1, 0], [567, 1136], [-569, -1136]]
[[1, 0], [567, 568], [-1137, -1136]]
[[1, 0], [569, 1136], [-571, -1136]]
[[1, 0], [57, 1136], [-59, -1136]]
[[1, 0], [57, 142], [-309, -710]]
[[1, 0], [57, 142], [-465, -1136]]
[[1, 0], [57, 142], [-65, -142]]
[[1, 0], [57, 284], [-179, -852]]
[[1, 0], [57, 284], [-233, -1136]]
[[1, 0], [57, 284], [-61, -284]]
[[1, 0], [57, 568], [-117, -1136]]
[[1, 0], [57, 64], [-1223, -576]]
[[1, 0], [57, 64], [-199, -64]]
[[1, 0], [57, 64], [-215, -72]]
[[1, 0], [57, 64], [-263, -96]]
[[1, 0], [57, 64], [-359, -144]]
[[1, 0], [57, 64], [-455, -192]]
[[1, 0], [57, 64], [-647, -288]]
[[1, 0], [57, 64], [-89, -80]]
[[1, 0], [57, 71], [-203, -213]]
[[1, 0], [57, 71], [-593, -639]]
[[1, 0], [57, 71], [-659, -781]]
[[1, 0], [57, 71], [-73, -71]]
[[1, 0], [57, 71], [-929, -1136]]
[[1, 0], [577, 1136], [-579, -1136]]
[[1, 0], [577, 852], [-581, -852]]
[[1, 0], [58, 213], [-206, -639]]
[[1, 0], [58, 213], [-74, -213]]
[[1, 0], [58, 71], [-206, -213]]
[[1, 0], [58, 71], [-602, -639]]
[[1, 0], [58, 71], [-670, -781]]
[[1, 0], [58, 71], [-74, -71]]
[[1, 0], [58, 71], [-945, -1136]]
[[1, 0], [585, 1136], [-587, -1136]]
[[1, 0], [589, 852], [-593, -852]]
[[1, 0], [59, 1136], [-61, -1136]]
[[1, 0], [59, 116], [-579, -580]]
[[1, 0], [59, 142], [-319, -710]]
[[1, 0], [59, 142], [-481, -1136]]
[[1, 0], [59, 142], [-67, -142]]
[[1, 0], [59, 284], [-185, -852]]
[[1, 0], [59, 284], [-241, -1136]]
[[1, 0], [59, 568], [-121, -1136]]
[[1, 0], [59, 71], [-209, -213]]
[[1, 0], [59, 71], [-611, -639]]
[[1, 0], [59, 71], [-681, -781]]
[[1, 0], [59, 71], [-75, -71]]
[[1, 0], [59, 71], [-961, -1136]]
[[1, 0], [593, 1136], [-595, -1136]]
[[1, 0], [6, 71], [-113, -1136]]
[[1, 0], [6, 71], [-134, -639]]
[[1, 0], [6, 71], [-22, -71]]
[[1, 0], [6, 71], [-50, -213]]
[[1, 0], [6, 71], [-98, -781]]
[[1, 0], [60, 71], [-212, -213]]
[[1, 0], [60, 71], [-620, -639]]
[[1, 0], [60, 71], [-692, -781]]
[[1, 0], [60, 71], [-76, -71]]
[[1, 0], [60, 71], [-977, -1136]]
[[1, 0], [601, 1136], [-603, -1136]]
[[1, 0], [601, 852], [-605, -852]]
[[1, 0], [604, 639], [-620, -639]]
[[1, 0], [609, 1136], [-611, -1136]]
[[1, 0], [61, 120], [-149, -200]]
[[1, 0], [61, 142], [-329, -710]]
[[1, 0], [61, 142], [-69, -142]]
[[1, 0], [61, 213], [-215, -639]]
[[1, 0], [61, 213], [-77, -213]]
[[1, 0], [61, 284], [-191, -852]]
[[1, 0], [61, 284], [-249, -1136]]
[[1, 0], [61, 284], [-65, -284]]
[[1, 0], [61, 568], [-125, -1136]]
[[1, 0], [61, 710], [-69, -710]]
[[1, 0], [61, 71], [-215, -213]]
[[1, 0], [61, 71], [-629, -639]]
[[1, 0], [61, 71], [-703, -781]]
[[1, 0], [61, 71], [-77, -71]]
[[1, 0], [61, 71], [-993, -1136]]
[[1, 0], [61, 80], [-559, -640]]
[[1, 0], [61, 852], [-65, -852]]
[[1, 0], [61, 96], [-203, -96]]
[[1, 0], [61, 96], [-269, -144]]
[[1, 0], [61, 96], [-335, -192]]
[[1, 0], [61, 96], [-467, -288]]
[[1, 0], [61, 96], [-83, -112]]
[[1, 0], [61, 96], [-863, -576]]
[[1, 0], [613, 852], [-617, -852]]
[[1, 0], [617, 1136], [-619, -1136]]
[[1, 0], [62, 71], [-1009, -1136]]
[[1, 0], [62, 71], [-218, -213]]
[[1, 0], [62, 71], [-638, -639]]
[[1, 0], [62, 71], [-714, -781]]
[[1, 0], [62, 71], [-78, -71]]
[[1, 0], [625, 1136], [-627, -1136]]
[[1, 0], [625, 852], [-629, -852]]
[[1, 0], [63, 1136], [-65, -1136]]
[[1, 0], [63, 142], [-339, -710]]
[[1, 0], [63, 142], [-513, -1136]]
[[1, 0], [63, 284], [-197, -852]]
[[1, 0], [63, 284], [-257, -1136]]
[[1, 0], [63, 568], [-129, -1136]]
[[1, 0], [63, 71], [-1025, -1136]]
[[1, 0], [63, 71], [-221, -213]]
[[1, 0], [63, 71], [-647, -639]]
[[1, 0], [63, 71], [-725, -781]]
[[1, 0], [63, 71], [-79, -71]]
[[1, 0], [631, 639], [-647, -639]]
[[1, 0], [633, 1136], [-635, -1136]]
[[1, 0], [637, 852], [-641, -852]]
[[1, 0], [64, 213], [-224, -639]]
[[1, 0], [64, 213], [-80, -213]]
[[1, 0], [64, 639], [-80, -639]]
[[1, 0], [64, 71], [-1041, -1136]]
[[1, 0], [64, 71], [-224, -213]]
[[1, 0], [64, 71], [-656, -639]]
[[1, 0], [64, 71], [-736, -781]]
[[1, 0], [641, 1136], [-643, -1136]]
[[1, 0], [649, 1136], [-651, -1136]]
[[1, 0], [649, 852], [-653, -852]]
[[1, 0], [65, 1136], [-67, -1136]]
[[1, 0], [65, 128], [-99, -160]]
[[1, 0], [65, 142], [-349, -710]]
[[1, 0], [65, 142], [-529, -1136]]
[[1, 0], [65, 142], [-73, -142]]
[[1, 0], [65, 284], [-203, -852]]
[[1, 0], [65, 284], [-265, -1136]]
[[1, 0], [65, 284], [-69, -284]]
[[1, 0], [65, 568], [-133, -1136]]
[[1, 0], [65, 71], [-1057, -1136]]
[[1, 0], [65, 71], [-227, -213]]
[[1, 0], [65, 71], [-665, -639]]
[[1, 0], [65, 71], [-747, -781]]
[[1, 0], [657, 1136], [-659, -1136]]
[[1, 0], [66, 71], [-1073, -1136]]
[[1, 0], [66, 71], [-230, -213]]
[[1, 0], [66, 71], [-674, -639]]
[[1, 0], [66, 71], [-758, -781]]
[[1, 0], [661, 852], [-665, -852]]
[[1, 0], [665, 1136], [-667, -1136]]
[[1, 0], [67, 1136], [-69, -1136]]
[[1, 0], [67, 142], [-359, -710]]
[[1, 0], [67, 142], [-545, -1136]]
[[1, 0], [67, 142], [-75, -142]]
[[1, 0], [67, 213], [-233, -639]]
[[1, 0], [67, 213], [-83, -213]]
[[1, 0], [67, 284], [-209, -852]]
[[1, 0], [67, 284], [-273, -1136]]
[[1, 0], [67, 568], [-137, -1136]]
[[1, 0], [67, 71], [-1089, -1136]]
[[1, 0], [67, 71], [-233, -213]]
[[1, 0], [67, 71], [-683, -639]]
[[1, 0], [67, 71], [-769, -781]]
[[1, 0], [673, 1136], [-675, -1136]]
[[1, 0], [673, 852], [-677, -852]]
[[1, 0], [68, 71], [-1105, -1136]]
[[1, 0], [68, 71], [-236, -213]]
[[1, 0], [68, 71], [-692, -639]]
[[1, 0], [68, 71], [-780, -781]]
[[1, 0], [681, 1136], [-683, -1136]]
[[1, 0], [685, 852], [-689, -852]]
[[1, 0], [689, 1136], [-691, -1136]]
[[1, 0], [69, 142], [-369, -710]]
[[1, 0], [69, 142], [-561, -1136]]
[[1, 0], [69, 284], [-215, -852]]
[[1, 0], [69, 284], [-281, -1136]]
[[1, 0], [69, 284], [-73, -284]]
[[1, 0], [69, 568], [-141, -1136]]
[[1, 0], [69, 71], [-1121, -1136]]
[[1, 0], [69, 71], [-239, -213]]
[[1, 0], [69, 71], [-701, -639]]
[[1, 0], [69, 71], [-791, -781]]
[[1, 0], [691, 710], [-699, -710]]
[[1, 0], [697, 1136], [-699, -1136]]
[[1, 0], [697, 852], [-701, -852]]
[[1, 0], [7, 1136], [-9, -1136]]
[[1, 0], [7, 12], [-111, -28]]
[[1, 0], [7, 12], [-1319, -192]]
[[1, 0], [7, 12], [-1763, -588]]
[[1, 0], [7, 12], [-215, -284]]
[[1, 0], [7, 12], [-33, -16]]
[[1, 0], [7, 12], [-3815, -576]]
[[1, 0], [7, 12], [-487, -64]]
[[1, 0], [7, 12], [-641, -852]]
[[1, 0], [7, 12], [-683, -684]]
[[1, 0], [7, 142], [-15, -142]]
[[1, 0], [7, 142], [-59, -710]]
[[1, 0], [7, 142], [-65, -1136]]
[[1, 0], [7, 16], [-1007, -192]]
[[1, 0], [7, 16], [-127, -128]]
[[1, 0], [7, 16], [-143, -284]]
[[1, 0], [7, 16], [-1475, -288]]
[[1, 0], [7, 16], [-149, -16]]
[[1, 0], [7, 16], [-227, -32]]
[[1, 0], [7, 16], [-233, -208]]
[[1, 0], [7, 16], [-239, -384]]
[[1, 0], [7, 16], [-257, -344]]
[[1, 0], [7, 16], [-285, -568]]
[[1, 0], [7, 16], [-2879, -576]]
[[1, 0], [7, 16], [-305, -48]]
[[1, 0], [7, 16], [-383, -64]]
[[1, 0], [7, 16], [-417, -304]]
[[1, 0], [7, 16], [-539, -96]]
[[1, 0], [7, 16], [-569, -1136]]
[[1, 0], [7, 16], [-591, -296]]
[[1, 0], [7, 16], [-773, -144]]
[[1, 0], [7, 213], [-23, -213]]
[[1, 0], [7, 213], [-53, -639]]
[[1, 0], [7, 24], [-115, -232]]
[[1, 0], [7, 24], [-1943, -576]]
[[1, 0], [7, 24], [-279, -64]]
[[1, 0], [7, 24], [-323, -864]]
[[1, 0], [7, 24], [-59, -40]]
[[1, 0], [7, 24], [-695, -192]]
[[1, 0], [7, 284], [-29, -852]]
[[1, 0], [7, 284], [-33, -1136]]
[[1, 0], [7, 48], [-1007, -576]]
[[1, 0], [7, 48], [-149, -48]]
[[1, 0], [7, 48], [-175, -64]]
[[1, 0], [7, 48], [-227, -96]]
[[1, 0], [7, 48], [-233, -624]]
[[1, 0], [7, 48], [-305, -144]]
[[1, 0], [7, 48], [-383, -192]]
[[1, 0], [7, 48], [-539, -288]]
[[1, 0], [7, 568], [-17, -1136]]
[[1, 0], [7, 71], [-109, -781]]
[[1, 0], [7, 71], [-129, -1136]]
[[1, 0], [7, 71], [-143, -639]]
[[1, 0], [7, 71], [-23, -71]]
[[1, 0], [7, 71], [-53, -213]]
[[1, 0], [7, 8], [-113, -48]]
[[1, 0], [7, 8], [-1137, -1136]]
[[1, 0], [7, 8], [-1199, -640]]
[[1, 0], [7, 8], [-1263, -632]]
[[1, 0], [7, 8], [-155, -96]]
[[1, 0], [7, 8], [-1943, -192]]
[[1, 0], [7, 8], [-197, -144]]
[[1, 0], [7, 8], [-219, -88]]
[[1, 0], [7, 8], [-2293, -592]]
[[1, 0], [7, 8], [-323, -288]]
[[1, 0], [7, 8], [-389, -120]]
[[1, 0], [7, 8], [-5687, -576]]
[[1, 0], [7, 8], [-695, -64]]
[[1, 0], [7, 8], [-85, -16]]
[[1, 0], [7, 8], [-949, -760]]
[[1, 0], [7, 8], [-99, -32]]
[[1, 0], [70, 213], [-242, -639]]
[[1, 0], [70, 213], [-86, -213]]
[[1, 0], [70, 71], [-1137, -1136]]
[[1, 0], [70, 71], [-242, -213]]
[[1, 0], [70, 71], [-802, -781]]
[[1, 0], [703, 1136], [-705, -1136]]
[[1, 0], [705, 1136], [-707, -1136]]
[[1, 0], [709, 852], [-713, -852]]
[[1, 0], [71, 80], [-639, -640]]
[[1, 0], [713, 1136], [-715, -1136]]
[[1, 0], [721, 1136], [-723, -1136]]
[[1, 0], [721, 852], [-725, -852]]
[[1, 0], [729, 1136], [-731, -1136]]
[[1, 0], [73, 1136], [-75, -1136]]
[[1, 0], [73, 142], [-389, -710]]
[[1, 0], [73, 142], [-593, -1136]]
[[1, 0], [73, 144], [-263, -192]]
[[1, 0], [73, 144], [-647, -576]]
[[1, 0], [73, 192], [-215, -192]]
[[1, 0], [73, 192], [-287, -288]]
[[1, 0], [73, 192], [-503, -576]]
[[1, 0], [73, 213], [-251, -639]]
[[1, 0], [73, 213], [-89, -213]]
[[1, 0], [73, 284], [-227, -852]]
[[1, 0], [73, 284], [-297, -1136]]
[[1, 0], [73, 284], [-77, -284]]
[[1, 0], [73, 288], [-359, -576]]
[[1, 0], [73, 568], [-149, -1136]]
[[1, 0], [73, 576], [-215, -576]]
[[1, 0], [73, 639], [-89, -639]]
[[1, 0], [73, 852], [-77, -852]]
[[1, 0], [73, 96], [-359, -192]]
[[1, 0], [73, 96], [-935, -576]]
[[1, 0], [73, 96], [-97, -112]]
[[1, 0], [733, 852], [-737, -852]]
[[1, 0], [737, 1136], [-739, -1136]]
[[1, 0], [745, 1136], [-747, -1136]]
[[1, 0], [745, 852], [-749, -852]]
[[1, 0], [75, 1136], [-77, -1136]]
[[1, 0], [75, 142], [-399, -710]]
[[1, 0], [75, 142], [-609, -1136]]
[[1, 0], [75, 284], [-233, -852]]
[[1, 0], [75, 284], [-305, -1136]]
[[1, 0], [75, 296], [-221, -592]]
[[1, 0], [75, 568], [-153, -1136]]
[[1, 0], [753, 1136], [-755, -1136]]
[[1, 0], [757, 852], [-761, -852]]
[[1, 0], [76, 213], [-260, -639]]
[[1, 0], [76, 213], [-92, -213]]
[[1, 0], [761, 1136], [-763, -1136]]
[[1, 0], [769, 1136], [-771, -1136]]
[[1, 0], [769, 852], [-773, -852]]
[[1, 0], [77, 142], [-409, -710]]
[[1, 0], [77, 142], [-625, -1136]]
[[1, 0], [77, 152], [-379, -608]]
[[1, 0], [77, 284], [-239, -852]]
[[1, 0], [77, 284], [-313, -1136]]
[[1, 0], [77, 284], [-81, -284]]
[[1, 0], [77, 568], [-157, -1136]]
[[1, 0], [777, 1136], [-779, -1136]]
[[1, 0], [785, 1136], [-787, -1136]]
[[1, 0], [79, 104], [-545, -624]]
[[1, 0], [79, 1136], [-81, -1136]]
[[1, 0], [79, 142], [-419, -710]]
[[1, 0], [79, 142], [-641, -1136]]
[[1, 0], [79, 156], [-129, -208]]
[[1, 0], [79, 213], [-269, -639]]
[[1, 0], [79, 213], [-95, -213]]
[[1, 0], [79, 284], [-245, -852]]
[[1, 0], [79, 284], [-321, -1136]]
[[1, 0], [79, 568], [-161, -1136]]
[[1, 0], [793, 1136], [-795, -1136]]
[[1, 0], [793, 852], [-797, -852]]
[[1, 0], [8, 71], [-120, -781]]
[[1, 0], [8, 71], [-145, -1136]]
[[1, 0], [8, 71], [-152, -639]]
[[1, 0], [8, 71], [-24, -71]]
[[1, 0], [8, 71], [-56, -213]]
[[1, 0], [801, 1136], [-803, -1136]]
[[1, 0], [805, 852], [-809, -852]]
[[1, 0], [809, 1136], [-811, -1136]]
[[1, 0], [81, 1136], [-83, -1136]]
[[1, 0], [81, 128], [-119, -160]]
[[1, 0], [81, 142], [-429, -710]]
[[1, 0], [81, 142], [-657, -1136]]
[[1, 0], [81, 284], [-251, -852]]
[[1, 0], [81, 284], [-329, -1136]]
[[1, 0], [81, 284], [-85, -284]]
[[1, 0], [81, 568], [-165, -1136]]
[[1, 0], [81, 710], [-89, -710]]
[[1, 0], [817, 1136], [-819, -1136]]
[[1, 0], [817, 852], [-821, -852]]
[[1, 0], [82, 213], [-278, -639]]
[[1, 0], [82, 213], [-98, -213]]
[[1, 0], [82, 639], [-98, -639]]
[[1, 0], [825, 1136], [-827, -1136]]
[[1, 0], [829, 852], [-833, -852]]
[[1, 0], [83, 1136], [-85, -1136]]
[[1, 0], [83, 142], [-439, -710]]
[[1, 0], [83, 142], [-673, -1136]]
[[1, 0], [83, 284], [-257, -852]]
[[1, 0], [83, 284], [-337, -1136]]
[[1, 0], [83, 568], [-169, -1136]]
[[1, 0], [833, 1136], [-835, -1136]]
[[1, 0], [841, 1136], [-843, -1136]]
[[1, 0], [841, 852], [-845, -852]]
[[1, 0], [849, 1136], [-851, -1136]]
[[1, 0], [85, 142], [-449, -710]]
[[1, 0], [85, 142], [-689, -1136]]
[[1, 0], [85, 213], [-101, -213]]
[[1, 0], [85, 213], [-287, -639]]
[[1, 0], [85, 284], [-263, -852]]
[[1, 0], [85, 284], [-345, -1136]]
[[1, 0], [85, 284], [-89, -284]]
[[1, 0], [85, 568], [-173, -1136]]
[[1, 0], [85, 852], [-89, -852]]
[[1, 0], [85, 96], [-1007, -576]]
[[1, 0], [85, 96], [-111, -112]]
[[1, 0], [85, 96], [-305, -144]]
[[1, 0], [85, 96], [-383, -192]]
[[1, 0], [85, 96], [-539, -288]]
[[1, 0], [857, 1136], [-859, -1136]]
[[1, 0], [865, 1136], [-867, -1136]]
[[1, 0], [87, 1136], [-89, -1136]]
[[1, 0], [87, 142], [-459, -710]]
[[1, 0], [87, 142], [-705, -1136]]
[[1, 0], [87, 284], [-269, -852]]
[[1, 0], [87, 284], [-353, -1136]]
[[1, 0], [87, 568], [-177, -1136]]
[[1, 0], [873, 1136], [-875, -1136]]
[[1, 0], [88, 213], [-104, -213]]
[[1, 0], [88, 213], [-296, -639]]
[[1, 0], [881, 1136], [-883, -1136]]
[[1, 0], [889, 1136], [-891, -1136]]
[[1, 0], [89, 1136], [-91, -1136]]
[[1, 0], [89, 142], [-469, -710]]
[[1, 0], [89, 142], [-721, -1136]]
[[1, 0], [89, 284], [-275, -852]]
[[1, 0], [89, 284], [-361, -1136]]
[[1, 0], [89, 284], [-93, -284]]
[[1, 0], [89, 568], [-181, -1136]]
[[1, 0], [897, 1136], [-899, -1136]]
[[1, 0], [9, 1136], [-11, -1136]]
[[1, 0], [9, 142], [-17, -142]]
[[1, 0], [9, 142], [-69, -710]]
[[1, 0], [9, 142], [-81, -1136]]
[[1, 0], [9, 16], [-1031, -192]]
[[1, 0], [9, 16], [-143, -128]]
[[1, 0], [9, 16], [-259, -208]]
[[1, 0], [9, 16], [-2951, -576]]
[[1, 0], [9, 16], [-391, -64]]
[[1, 0], [9, 16], [-711, -1136]]
[[1, 0], [9, 284], [-13, -284]]
[[1, 0], [9, 284], [-35, -852]]
[[1, 0], [9, 284], [-41, -1136]]
[[1, 0], [9, 32], [-1511, -576]]
[[1, 0], [9, 32], [-231, -64]]
[[1, 0], [9, 32], [-287, -768]]
[[1, 0], [9, 32], [-455, -608]]
[[1, 0], [9, 32], [-551, -192]]
[[1, 0], [9, 568], [-21, -1136]]
[[1, 0], [9, 64], [-151, -64]]
[[1, 0], [9, 64], [-161, -72]]
[[1, 0], [9, 64], [-191, -96]]
[[1, 0], [9, 64], [-251, -144]]
[[1, 0], [9, 64], [-29, -80]]
[[1, 0], [9, 64], [-311, -192]]
[[1, 0], [9, 64], [-431, -288]]
[[1, 0], [9, 64], [-791, -576]]
[[1, 0], [9, 71], [-131, -781]]
[[1, 0], [9, 71], [-161, -1136]]
[[1, 0], [9, 71], [-161, -639]]
[[1, 0], [9, 71], [-25, -71]]
[[1, 0], [9, 71], [-59, -213]]
[[1, 0], [905, 1136], [-907, -1136]]
[[1, 0], [91, 1136], [-93, -1136]]
[[1, 0], [91, 120], [-199, -200]]
[[1, 0], [91, 142], [-479, -710]]
[[1, 0], [91, 142], [-737, -1136]]
[[1, 0], [91, 144], [-287, -192]]
[[1, 0], [91, 144], [-395, -288]]
[[1, 0], [91, 144], [-719, -576]]
[[1, 0], [91, 213], [-107, -213]]
[[1, 0], [91, 213], [-305, -639]]
[[1, 0], [91, 284], [-281, -852]]
[[1, 0], [91, 284], [-369, -1136]]
[[1, 0], [91, 568], [-185, -1136]]
[[1, 0], [91, 639], [-107, -639]]
[[1, 0], [91, 710], [-99, -710]]
[[1, 0], [913, 1136], [-915, -1136]]
[[1, 0], [929, 1136], [-931, -1136]]
[[1, 0], [93, 142], [-489, -710]]
[[1, 0], [93, 142], [-753, -1136]]
[[1, 0], [93, 284], [-287, -852]]
[[1, 0], [93, 284], [-377, -1136]]
[[1, 0], [93, 284], [-97, -284]]
[[1, 0], [93, 568], [-189, -1136]]
[[1, 0], [937, 1136], [-939, -1136]]
[[1, 0], [94, 213], [-110, -213]]
[[1, 0], [94, 213], [-314, -639]]
[[1, 0], [945, 1136], [-947, -1136]]
[[1, 0], [95, 1136], [-97, -1136]]
[[1, 0], [95, 142], [-499, -710]]
[[1, 0], [95, 142], [-769, -1136]]
[[1, 0], [95, 284], [-293, -852]]
[[1, 0], [95, 284], [-385, -1136]]
[[1, 0], [95, 568], [-193, -1136]]
[[1, 0], [953, 1136], [-955, -1136]]
[[1, 0], [961, 1136], [-963, -1136]]
[[1, 0], [969, 1136], [-971, -1136]]
[[1, 0], [97, 1136], [-99, -1136]]
[[1, 0], [97, 128], [-139, -160]]
[[1, 0], [97, 142], [-509, -710]]
[[1, 0], [97, 142], [-785, -1136]]
[[1, 0], [97, 192], [-239, -192]]
[[1, 0], [97, 192], [-323, -288]]
[[1, 0], [97, 192], [-575, -576]]
[[1, 0], [97, 213], [-113, -213]]
[[1, 0], [97, 213], [-323, -639]]
[[1, 0], [97, 284], [-101, -284]]
[[1, 0], [97, 284], [-299, -852]]
[[1, 0], [97, 284], [-393, -1136]]
[[1, 0], [97, 568], [-197, -1136]]
[[1, 0], [97, 852], [-101, -852]]
[[1, 0], [977, 1136], [-979, -1136]]
[[1, 0], [985, 1136], [-987, -1136]]
[[1, 0], [987, 1136], [-989, -1136]]
[[1, 0], [99, 1136], [-101, -1136]]
[[1, 0], [99, 142], [-519, -710]]
[[1, 0], [99, 142], [-801, -1136]]
[[1, 0], [99, 284], [-305, -852]]
[[1, 0], [99, 284], [-401, -1136]]
[[1, 0], [99, 568], [-201, -1136]]
[[1, 0], [993, 1136], [-995, -1136]]
