[[1, 0], [0, 1], [-1080, -329]]
[[1, 0], [0, 1], [-1264, -315]]
[[1, 0], [0, 1], [-16191, -256]]
[[1, 0], [0, 1], [-1701, -296]]
[[1, 0], [0, 1], [-2023, -288]]
[[1, 0], [0, 1], [-2529, -280]]
[[1, 0], [0, 1], [-256, -63]]
[[1, 0], [0, 1], [-280, -9]]
[[1, 0], [0, 1], [-288, -7]]
[[1, 0], [0, 1], [-3024, -11]]
[[1, 0], [0, 1], [-3024, -275]]
[[1, 0], [0, 1], [-504, -1]]
[[1, 0], [0, 1], [-505, -504]]
[[1, 0], [0, 1], [-513, -56]]
[[1, 0], [0, 1], [-560, -459]]
[[1, 0], [0, 1], [-6048, -23]]
[[1, 0], [0, 1], [-6048, -263]]
[[1, 0], [0, 1], [-64008, -253]]
[[1, 0], [0, 1], [-648, -413]]
[[1, 0], [0, 1], [-7336, -261]]
[[1, 0], [0, 1], [-896, -351]]
[[1, 0], [0, 1], [-9360, -259]]
[[1, 0], [0, 1], [-945, -344]]
[[1, 0], [1, 105], [-19, -315]]
[[1, 0], [1, 108], [-11, -432]]
[[1, 0], [1, 108], [-17, -324]]
[[1, 0], [1, 10], [-289, -280]]
[[1, 0], [1, 10], [-419, -270]]
[[1, 0], [1, 10], [-65, -56]]
[[1, 0], [1, 10], [-95, -54]]
[[1, 0], [1, 11], [-505, -11]]
[[1, 0], [1, 11], [-6071, -253]]
[[1, 0], [1, 11], [-781, -23]]
[[1, 0], [1, 126], [-11, -378]]
[[1, 0], [1, 128], [-191, -256]]
[[1, 0], [1, 12], [-115, -336]]
[[1, 0], [1, 12], [-125, -324]]
[[1, 0], [1, 12], [-19, -84]]
[[1, 0], [1, 12], [-199, -288]]
[[1, 0], [1, 12], [-275, -276]]
[[1, 0], [1, 12], [-505, -264]]
[[1, 0], [1, 12], [-65, -24]]
[[1, 0], [1, 12], [-85, -504]]
[[1, 0], [1, 12], [-89, -420]]
[[1, 0], [1, 12], [-95, -384]]
[[1, 0], [1, 132], [-65, -264]]
[[1, 0], [1, 140], [-29, -280]]
[[1, 0], [1, 144], [-23, -288]]
[[1, 0], [1, 144], [-5, -216]]
[[1, 0], [1, 14], [-209, -280]]
[[1, 0], [1, 14], [-37, -14]]
[[1, 0], [1, 14], [-379, -266]]
[[1, 0], [1, 14], [-73, -504]]
[[1, 0], [1, 14], [-83, -378]]
[[1, 0], [1, 15], [-109, -315]]
[[1, 0], [1, 15], [-1529, -255]]
[[1, 0], [1, 15], [-169, -15]]
[[1, 0], [1, 15], [-25, -63]]
[[1, 0], [1, 15], [-373, -51]]
[[1, 0], [1, 168], [-11, -336]]
[[1, 0], [1, 16], [-1087, -256]]
[[1, 0], [1, 16], [-151, -288]]
[[1, 0], [1, 18], [-101, -306]]
[[1, 0], [1, 18], [-239, -270]]
[[1, 0], [1, 18], [-59, -432]]
[[1, 0], [1, 18], [-59, -54]]
[[1, 0], [1, 18], [-65, -378]]
[[1, 0], [1, 20], [-11, -108]]
[[1, 0], [1, 20], [-149, -280]]
[[1, 0], [1, 20], [-37, -56]]
[[1, 0], [1, 20], [-79, -320]]
[[1, 0], [1, 21], [-181, -273]]
[[1, 0], [1, 21], [-19, -63]]
[[1, 0], [1, 21], [-25, -21]]
[[1, 0], [1, 21], [-67, -336]]
[[1, 0], [1, 21], [-79, -315]]
[[1, 0], [1, 22], [-5, -54]]
[[1, 0], [1, 23], [-3035, -253]]
[[1, 0], [1, 23], [-505, -23]]
[[1, 0], [1, 24], [-103, -288]]
[[1, 0], [1, 24], [-263, -264]]
[[1, 0], [1, 24], [-43, -24]]
[[1, 0], [1, 24], [-43, -504]]
[[1, 0], [1, 24], [-59, -336]]
[[1, 0], [1, 252], [-5, -504]]
[[1, 0], [1, 253], [-505, -253]]
[[1, 0], [1, 254], [-253, -254]]
[[1, 0], [1, 255], [-169, -255]]
[[1, 0], [1, 256], [-127, -256]]
[[1, 0], [1, 258], [-85, -258]]
[[1, 0], [1, 259], [-73, -259]]
[[1, 0], [1, 264], [-43, -264]]
[[1, 0], [1, 266], [-37, -266]]
[[1, 0], [1, 270], [-29, -270]]
[[1, 0], [1, 273], [-25, -273]]
[[1, 0], [1, 280], [-19, -280]]
[[1, 0], [1, 28], [-109, -280]]
[[1, 0], [1, 28], [-29, -56]]
[[1, 0], [1, 28], [-37, -504]]
[[1, 0], [1, 28], [-41, -392]]
[[1, 0], [1, 28], [-65, -308]]
[[1, 0], [1, 294], [-13, -294]]
[[1, 0], [1, 29], [-289, -261]]
[[1, 0], [1, 2], [-1159, -288]]
[[1, 0], [1, 2], [-1409, -280]]
[[1, 0], [1, 2], [-151, -14]]
[[1, 0], [1, 2], [-16255, -254]]
[[1, 0], [1, 2], [-2039, -270]]
[[1, 0], [1, 2], [-253, -2]]
[[1, 0], [1, 2], [-2545, -266]]
[[1, 0], [1, 2], [-289, -56]]
[[1, 0], [1, 2], [-37, -18]]
[[1, 0], [1, 2], [-419, -54]]
[[1, 0], [1, 2], [-505, -504]]
[[1, 0], [1, 2], [-569, -378]]
[[1, 0], [1, 2], [-8255, -256]]
[[1, 0], [1, 30], [-149, -270]]
[[1, 0], [1, 30], [-41, -54]]
[[1, 0], [1, 32], [-25, -72]]
[[1, 0], [1, 32], [-43, -144]]
[[1, 0], [1, 32], [-575, -256]]
[[1, 0], [1, 32], [-79, -288]]
[[1, 0], [1, 33], [-197, -264]]
[[1, 0], [1, 33], [-65, -297]]
[[1, 0], [1, 35], [-13, -63]]
[[1, 0], [1, 35], [-25, -56]]
[[1, 0], [1, 35], [-89, -280]]
[[1, 0], [1, 36], [-29, -504]]
[[1, 0], [1, 36], [-71, -288]]
[[1, 0], [1, 378], [-5, -378]]
[[1, 0], [1, 37], [-295, -259]]
[[1, 0], [1, 38], [-151, -266]]
[[1, 0], [1, 38], [-37, -342]]
[[1, 0], [1, 39], [-103, -273]]
[[1, 0], [1, 3], [-103, -21]]
[[1, 0], [1, 3], [-109, -63]]
[[1, 0], [1, 3], [-115, -9]]
[[1, 0], [1, 3], [-1195, -273]]
[[1, 0], [1, 3], [-1529, -51]]
[[1, 0], [1, 3], [-1601, -267]]
[[1, 0], [1, 3], [-169, -3]]
[[1, 0], [1, 3], [-1957, -264]]
[[1, 0], [1, 3], [-197, -24]]
[[1, 0], [1, 3], [-2551, -261]]
[[1, 0], [1, 3], [-337, -504]]
[[1, 0], [1, 3], [-341, -456]]
[[1, 0], [1, 3], [-347, -432]]
[[1, 0], [1, 3], [-359, -405]]
[[1, 0], [1, 3], [-407, -357]]
[[1, 0], [1, 3], [-451, -336]]
[[1, 0], [1, 3], [-509, -15]]
[[1, 0], [1, 3], [-529, -315]]
[[1, 0], [1, 3], [-545, -312]]
[[1, 0], [1, 3], [-605, -303]]
[[1, 0], [1, 3], [-65, -27]]
[[1, 0], [1, 3], [-659, -297]]
[[1, 0], [1, 3], [-7309, -255]]
[[1, 0], [1, 3], [-775, -288]]
[[1, 0], [1, 40], [-23, -56]]
[[1, 0], [1, 40], [-79, -280]]
[[1, 0], [1, 42], [-25, -504]]
[[1, 0], [1, 42], [-29, -378]]
[[1, 0], [1, 42], [-55, -294]]
[[1, 0], [1, 44], [-43, -308]]
[[1, 0], [1, 45], [-11, -63]]
[[1, 0], [1, 45], [-29, -360]]
[[1, 0], [1, 48], [-17, -168]]
[[1, 0], [1, 48], [-23, -432]]
[[1, 0], [1, 48], [-31, -336]]
[[1, 0], [1, 48], [-55, -288]]
[[1, 0], [1, 49], [-5, -56]]
[[1, 0], [1, 4], [-149, -56]]
[[1, 0], [1, 4], [-25, -28]]
[[1, 0], [1, 4], [-253, -504]]
[[1, 0], [1, 4], [-4159, -256]]
[[1, 0], [1, 4], [-43, -28]]
[[1, 0], [1, 4], [-583, -288]]
[[1, 0], [1, 4], [-67, -16]]
[[1, 0], [1, 4], [-709, -280]]
[[1, 0], [1, 4], [-79, -64]]
[[1, 0], [1, 51], [-169, -51]]
[[1, 0], [1, 51], [-509, -255]]
[[1, 0], [1, 52], [-25, -364]]
[[1, 0], [1, 54], [-23, -378]]
[[1, 0], [1, 54], [-29, -54]]
[[1, 0], [1, 54], [-89, -270]]
[[1, 0], [1, 56], [-19, -504]]
[[1, 0], [1, 56], [-19, -56]]
[[1, 0], [1, 56], [-59, -280]]
[[1, 0], [1, 5], [-121, -56]]
[[1, 0], [1, 5], [-319, -315]]
[[1, 0], [1, 5], [-569, -280]]
[[1, 0], [1, 5], [-67, -63]]
[[1, 0], [1, 60], [-19, -420]]
[[1, 0], [1, 60], [-5, -84]]
[[1, 0], [1, 63], [-17, -504]]
[[1, 0], [1, 63], [-29, -315]]
[[1, 0], [1, 64], [-319, -256]]
[[1, 0], [1, 66], [-109, -264]]
[[1, 0], [1, 68], [-67, -272]]
[[1, 0], [1, 6], [-109, -24]]
[[1, 0], [1, 6], [-149, -54]]
[[1, 0], [1, 6], [-169, -504]]
[[1, 0], [1, 6], [-1891, -258]]
[[1, 0], [1, 6], [-191, -378]]
[[1, 0], [1, 6], [-227, -336]]
[[1, 0], [1, 6], [-25, -24]]
[[1, 0], [1, 6], [-349, -294]]
[[1, 0], [1, 6], [-391, -288]]
[[1, 0], [1, 6], [-689, -270]]
[[1, 0], [1, 6], [-85, -6]]
[[1, 0], [1, 6], [-989, -264]]
[[1, 0], [1, 72], [-19, -360]]
[[1, 0], [1, 78], [-25, -312]]
[[1, 0], [1, 7], [-1405, -259]]
[[1, 0], [1, 7], [-145, -504]]
[[1, 0], [1, 7], [-229, -315]]
[[1, 0], [1, 7], [-409, -280]]
[[1, 0], [1, 7], [-73, -7]]
[[1, 0], [1, 7], [-89, -56]]
[[1, 0], [1, 81], [-5, -189]]
[[1, 0], [1, 84], [-13, -504]]
[[1, 0], [1, 84], [-19, -336]]
[[1, 0], [1, 87], [-115, -261]]
[[1, 0], [1, 8], [-127, -504]]
[[1, 0], [1, 8], [-131, -432]]
[[1, 0], [1, 8], [-139, -392]]
[[1, 0], [1, 8], [-2111, -256]]
[[1, 0], [1, 8], [-227, -304]]
[[1, 0], [1, 8], [-295, -288]]
[[1, 0], [1, 8], [-359, -280]]
[[1, 0], [1, 8], [-475, -272]]
[[1, 0], [1, 8], [-79, -56]]
[[1, 0], [1, 90], [-59, -270]]
[[1, 0], [1, 96], [-19, -144]]
[[1, 0], [1, 96], [-31, -288]]
[[1, 0], [1, 98], [-13, -392]]
[[1, 0], [1, 9], [-113, -504]]
[[1, 0], [1, 9], [-179, -315]]
[[1, 0], [1, 9], [-263, -288]]
[[1, 0], [1, 9], [-29, -72]]
[[1, 0], [1, 9], [-869, -261]]
[[1, 0], [10, 21], [-211, -336]]
[[1, 0], [10, 21], [-214, -315]]
[[1, 0], [10, 21], [-265, -504]]
[[1, 0], [10, 21], [-298, -273]]
[[1, 0], [10, 21], [-34, -21]]
[[1, 0], [10, 21], [-34, -45]]
[[1, 0], [10, 21], [-46, -63]]
[[1, 0], [10, 63], [-74, -315]]
[[1, 0], [10, 63], [-89, -504]]
[[1, 0], [10, 81], [-26, -189]]
[[1, 0], [101, 105], [-319, -315]]
[[1, 0], [101, 126], [-137, -168]]
[[1, 0], [101, 126], [-311, -378]]
[[1, 0], [101, 126], [-409, -504]]
[[1, 0], [101, 140], [-229, -280]]
[[1, 0], [101, 144], [-115, -144]]
[[1, 0], [101, 144], [-155, -216]]
[[1, 0], [101, 144], [-223, -288]]
[[1, 0], [101, 168], [-211, -336]]
[[1, 0], [101, 168], [-307, -504]]
[[1, 0], [101, 180], [-209, -360]]
[[1, 0], [101, 252], [-205, -504]]
[[1, 0], [101, 336], [-107, -336]]
[[1, 0], [103, 108], [-323, -324]]
[[1, 0], [103, 108], [-419, -432]]
[[1, 0], [103, 126], [-317, -378]]
[[1, 0], [103, 168], [-157, -252]]
[[1, 0], [103, 168], [-215, -336]]
[[1, 0], [103, 168], [-313, -504]]
[[1, 0], [103, 252], [-209, -504]]
[[1, 0], [103, 378], [-107, -378]]
[[1, 0], [107, 126], [-145, -168]]
[[1, 0], [107, 126], [-433, -504]]
[[1, 0], [107, 168], [-163, -252]]
[[1, 0], [107, 168], [-223, -336]]
[[1, 0], [107, 168], [-325, -504]]
[[1, 0], [109, 126], [-335, -378]]
[[1, 0], [109, 144], [-167, -216]]
[[1, 0], [109, 144], [-239, -288]]
[[1, 0], [109, 168], [-227, -336]]
[[1, 0], [109, 168], [-331, -504]]
[[1, 0], [109, 252], [-221, -504]]
[[1, 0], [109, 336], [-115, -336]]
[[1, 0], [109, 378], [-113, -378]]
[[1, 0], [11, 126], [-17, -168]]
[[1, 0], [11, 126], [-41, -378]]
[[1, 0], [11, 12], [-395, -324]]
[[1, 0], [11, 12], [-395, -336]]
[[1, 0], [11, 12], [-415, -384]]
[[1, 0], [11, 12], [-439, -288]]
[[1, 0], [11, 12], [-439, -420]]
[[1, 0], [11, 12], [-505, -276]]
[[1, 0], [11, 12], [-505, -504]]
[[1, 0], [11, 12], [-725, -264]]
[[1, 0], [11, 12], [-85, -24]]
[[1, 0], [11, 12], [-89, -84]]
[[1, 0], [11, 14], [-353, -378]]
[[1, 0], [11, 14], [-409, -280]]
[[1, 0], [11, 14], [-433, -504]]
[[1, 0], [11, 14], [-53, -56]]
[[1, 0], [11, 14], [-569, -266]]
[[1, 0], [11, 14], [-89, -56]]
[[1, 0], [11, 15], [-1699, -255]]
[[1, 0], [11, 15], [-319, -315]]
[[1, 0], [11, 15], [-407, -51]]
[[1, 0], [11, 15], [-67, -63]]
[[1, 0], [11, 168], [-17, -168]]
[[1, 0], [11, 168], [-19, -252]]
[[1, 0], [11, 168], [-31, -336]]
[[1, 0], [11, 168], [-37, -504]]
[[1, 0], [11, 180], [-29, -360]]
[[1, 0], [11, 18], [-103, -96]]
[[1, 0], [11, 18], [-113, -168]]
[[1, 0], [11, 18], [-139, -90]]
[[1, 0], [11, 18], [-265, -342]]
[[1, 0], [11, 18], [-269, -360]]
[[1, 0], [11, 18], [-271, -306]]
[[1, 0], [11, 18], [-275, -378]]
[[1, 0], [11, 18], [-295, -288]]
[[1, 0], [11, 18], [-299, -432]]
[[1, 0], [11, 18], [-337, -504]]
[[1, 0], [11, 18], [-389, -270]]
[[1, 0], [11, 18], [-39, -32]]
[[1, 0], [11, 18], [-89, -54]]
[[1, 0], [11, 20], [-239, -320]]
[[1, 0], [11, 20], [-289, -280]]
[[1, 0], [11, 20], [-65, -108]]
[[1, 0], [11, 20], [-65, -56]]
[[1, 0], [11, 21], [-227, -336]]
[[1, 0], [11, 21], [-229, -315]]
[[1, 0], [11, 21], [-289, -504]]
[[1, 0], [11, 21], [-311, -273]]
[[1, 0], [11, 21], [-35, -48]]
[[1, 0], [11, 24], [-101, -168]]
[[1, 0], [11, 24], [-103, -156]]
[[1, 0], [11, 24], [-109, -66]]
[[1, 0], [11, 24], [-113, -216]]
[[1, 0], [11, 24], [-115, -144]]
[[1, 0], [11, 24], [-127, -252]]
[[1, 0], [11, 24], [-197, -132]]
[[1, 0], [11, 24], [-199, -336]]
[[1, 0], [11, 24], [-223, -288]]
[[1, 0], [11, 24], [-253, -504]]
[[1, 0], [11, 24], [-373, -264]]
[[1, 0], [11, 24], [-53, -24]]
[[1, 0], [11, 24], [-61, -72]]
[[1, 0], [11, 24], [-65, -33]]
[[1, 0], [11, 252], [-25, -504]]
[[1, 0], [11, 280], [-29, -280]]
[[1, 0], [11, 28], [-181, -392]]
[[1, 0], [11, 28], [-209, -280]]
[[1, 0], [11, 30], [-239, -270]]
[[1, 0], [11, 30], [-59, -54]]
[[1, 0], [11, 35], [-139, -315]]
[[1, 0], [11, 35], [-169, -280]]
[[1, 0], [11, 35], [-31, -63]]
[[1, 0], [11, 35], [-41, -56]]
[[1, 0], [11, 36], [-151, -288]]
[[1, 0], [11, 36], [-169, -504]]
[[1, 0], [11, 36], [-29, -72]]
[[1, 0], [11, 36], [-47, -108]]
[[1, 0], [11, 36], [-55, -96]]
[[1, 0], [11, 40], [-149, -280]]
[[1, 0], [11, 40], [-37, -56]]
[[1, 0], [11, 40], [-79, -140]]
[[1, 0], [11, 42], [-115, -336]]
[[1, 0], [11, 42], [-125, -294]]
[[1, 0], [11, 42], [-145, -504]]
[[1, 0], [11, 42], [-19, -48]]
[[1, 0], [11, 42], [-23, -42]]
[[1, 0], [11, 45], [-109, -315]]
[[1, 0], [11, 45], [-109, -360]]
[[1, 0], [11, 45], [-25, -63]]
[[1, 0], [11, 56], [-109, -280]]
[[1, 0], [11, 56], [-109, -504]]
[[1, 0], [11, 56], [-29, -56]]
[[1, 0], [11, 56], [-55, -252]]
[[1, 0], [11, 56], [-59, -140]]
[[1, 0], [11, 60], [-19, -84]]
[[1, 0], [11, 60], [-89, -420]]
[[1, 0], [11, 63], [-29, -105]]
[[1, 0], [11, 63], [-79, -315]]
[[1, 0], [11, 63], [-97, -504]]
[[1, 0], [11, 70], [-89, -280]]
[[1, 0], [11, 72], [-19, -90]]
[[1, 0], [11, 72], [-29, -168]]
[[1, 0], [11, 72], [-31, -96]]
[[1, 0], [11, 72], [-43, -144]]
[[1, 0], [11, 72], [-43, -252]]
[[1, 0], [11, 72], [-79, -288]]
[[1, 0], [11, 72], [-85, -504]]
[[1, 0], [11, 84], [-59, -336]]
[[1, 0], [11, 84], [-73, -504]]
[[1, 0], [11, 90], [-17, -126]]
[[1, 0], [11, 90], [-89, -270]]
[[1, 0], [111, 140], [-249, -280]]
[[1, 0], [111, 280], [-129, -280]]
[[1, 0], [113, 126], [-347, -378]]
[[1, 0], [113, 126], [-457, -504]]
[[1, 0], [113, 144], [-173, -216]]
[[1, 0], [113, 144], [-247, -288]]
[[1, 0], [113, 168], [-235, -336]]
[[1, 0], [113, 252], [-229, -504]]
[[1, 0], [113, 504], [-115, -504]]
[[1, 0], [115, 126], [-353, -378]]
[[1, 0], [115, 168], [-239, -336]]
[[1, 0], [115, 168], [-349, -504]]
[[1, 0], [115, 252], [-233, -504]]
[[1, 0], [115, 266], [-151, -266]]
[[1, 0], [118, 273], [-142, -273]]
[[1, 0], [121, 140], [-269, -280]]
[[1, 0], [121, 144], [-185, -216]]
[[1, 0], [121, 144], [-263, -288]]
[[1, 0], [121, 168], [-251, -336]]
[[1, 0], [121, 168], [-367, -504]]
[[1, 0], [121, 270], [-149, -270]]
[[1, 0], [121, 280], [-139, -280]]
[[1, 0], [121, 378], [-125, -378]]
[[1, 0], [125, 126], [-169, -168]]
[[1, 0], [125, 126], [-383, -378]]
[[1, 0], [125, 126], [-505, -504]]
[[1, 0], [125, 144], [-139, -144]]
[[1, 0], [125, 144], [-191, -216]]
[[1, 0], [125, 144], [-271, -288]]
[[1, 0], [125, 168], [-379, -504]]
[[1, 0], [125, 252], [-253, -504]]
[[1, 0], [125, 336], [-131, -336]]
[[1, 0], [127, 168], [-193, -252]]
[[1, 0], [127, 168], [-263, -336]]
[[1, 0], [127, 252], [-257, -504]]
[[1, 0], [127, 294], [-139, -294]]
[[1, 0], [127, 378], [-131, -378]]
[[1, 0], [13, 108], [-53, -324]]
[[1, 0], [13, 108], [-59, -432]]
[[1, 0], [13, 126], [-47, -378]]
[[1, 0], [13, 144], [-23, -216]]
[[1, 0], [13, 144], [-47, -288]]
[[1, 0], [13, 14], [-407, -378]]
[[1, 0], [13, 14], [-449, -280]]
[[1, 0], [13, 14], [-505, -504]]
[[1, 0], [13, 14], [-607, -266]]
[[1, 0], [13, 14], [-61, -56]]
[[1, 0], [13, 14], [-73, -72]]
[[1, 0], [13, 14], [-97, -56]]
[[1, 0], [13, 168], [-43, -504]]
[[1, 0], [13, 16], [-1279, -256]]
[[1, 0], [13, 16], [-187, -144]]
[[1, 0], [13, 16], [-215, -32]]
[[1, 0], [13, 16], [-25, -28]]
[[1, 0], [13, 16], [-367, -288]]
[[1, 0], [13, 16], [-367, -64]]
[[1, 0], [13, 16], [-67, -34]]
[[1, 0], [13, 16], [-671, -128]]
[[1, 0], [13, 16], [-97, -72]]
[[1, 0], [13, 18], [-305, -306]]
[[1, 0], [13, 18], [-317, -378]]
[[1, 0], [13, 18], [-347, -432]]
[[1, 0], [13, 18], [-419, -270]]
[[1, 0], [13, 18], [-95, -54]]
[[1, 0], [13, 21], [-337, -273]]
[[1, 0], [13, 21], [-337, -504]]
[[1, 0], [13, 21], [-49, -72]]
[[1, 0], [13, 21], [-55, -63]]
[[1, 0], [13, 24], [-227, -336]]
[[1, 0], [13, 24], [-247, -288]]
[[1, 0], [13, 24], [-295, -504]]
[[1, 0], [13, 24], [-395, -264]]
[[1, 0], [13, 252], [-29, -504]]
[[1, 0], [13, 27], [-25, -39]]
[[1, 0], [13, 28], [-197, -308]]
[[1, 0], [13, 28], [-209, -392]]
[[1, 0], [13, 28], [-229, -280]]
[[1, 0], [13, 28], [-253, -504]]
[[1, 0], [13, 28], [-37, -72]]
[[1, 0], [13, 28], [-53, -56]]
[[1, 0], [13, 336], [-19, -336]]
[[1, 0], [13, 36], [-167, -288]]
[[1, 0], [13, 36], [-197, -504]]
[[1, 0], [13, 378], [-17, -378]]
[[1, 0], [13, 42], [-131, -336]]
[[1, 0], [13, 42], [-137, -378]]
[[1, 0], [13, 42], [-139, -294]]
[[1, 0], [13, 42], [-169, -504]]
[[1, 0], [13, 42], [-25, -42]]
[[1, 0], [13, 42], [-25, -72]]
[[1, 0], [13, 48], [-115, -336]]
[[1, 0], [13, 48], [-127, -288]]
[[1, 0], [13, 48], [-131, -432]]
[[1, 0], [13, 48], [-31, -84]]
[[1, 0], [13, 48], [-37, -72]]
[[1, 0], [13, 48], [-59, -168]]
[[1, 0], [13, 48], [-67, -144]]
[[1, 0], [13, 54], [-107, -378]]
[[1, 0], [13, 54], [-149, -270]]
[[1, 0], [13, 54], [-37, -126]]
[[1, 0], [13, 54], [-41, -54]]
[[1, 0], [13, 54], [-59, -90]]
[[1, 0], [13, 56], [-127, -504]]
[[1, 0], [13, 56], [-19, -72]]
[[1, 0], [13, 63], [-113, -504]]
[[1, 0], [13, 63], [-17, -72]]
[[1, 0], [13, 63], [-89, -315]]
[[1, 0], [13, 72], [-79, -360]]
[[1, 0], [13, 84], [-67, -336]]
[[1, 0], [13, 84], [-85, -504]]
[[1, 0], [131, 140], [-289, -280]]
[[1, 0], [131, 168], [-199, -252]]
[[1, 0], [131, 168], [-271, -336]]
[[1, 0], [131, 168], [-397, -504]]
[[1, 0], [131, 180], [-269, -360]]
[[1, 0], [131, 252], [-265, -504]]
[[1, 0], [131, 280], [-149, -280]]
[[1, 0], [133, 144], [-203, -216]]
[[1, 0], [133, 144], [-287, -288]]
[[1, 0], [137, 144], [-209, -216]]
[[1, 0], [137, 144], [-295, -288]]
[[1, 0], [137, 168], [-283, -336]]
[[1, 0], [137, 168], [-415, -504]]
[[1, 0], [137, 252], [-277, -504]]
[[1, 0], [137, 288], [-151, -288]]
[[1, 0], [139, 168], [-145, -168]]
[[1, 0], [139, 168], [-211, -252]]
[[1, 0], [139, 168], [-421, -504]]
[[1, 0], [139, 252], [-281, -504]]
[[1, 0], [139, 378], [-143, -378]]
[[1, 0], [14, 39], [-194, -273]]
[[1, 0], [143, 168], [-295, -336]]
[[1, 0], [143, 168], [-433, -504]]
[[1, 0], [143, 252], [-289, -504]]
[[1, 0], [145, 168], [-299, -336]]
[[1, 0], [145, 168], [-439, -504]]
[[1, 0], [145, 252], [-293, -504]]
[[1, 0], [145, 336], [-151, -336]]
[[1, 0], [145, 378], [-149, -378]]
[[1, 0], [146, 261], [-202, -261]]
[[1, 0], [149, 168], [-307, -336]]
[[1, 0], [149, 168], [-451, -504]]
[[1, 0], [15, 28], [-219, -308]]
[[1, 0], [15, 28], [-237, -392]]
[[1, 0], [15, 28], [-249, -280]]
[[1, 0], [15, 28], [-289, -504]]
[[1, 0], [15, 28], [-57, -56]]
[[1, 0], [15, 56], [-129, -280]]
[[1, 0], [15, 56], [-145, -504]]
[[1, 0], [15, 56], [-19, -63]]
[[1, 0], [15, 56], [-33, -56]]
[[1, 0], [15, 56], [-37, -126]]
[[1, 0], [15, 56], [-39, -70]]
[[1, 0], [15, 56], [-69, -140]]
[[1, 0], [15, 56], [-73, -252]]
[[1, 0], [15, 98], [-69, -392]]
[[1, 0], [151, 168], [-229, -252]]
[[1, 0], [151, 168], [-311, -336]]
[[1, 0], [151, 168], [-457, -504]]
[[1, 0], [151, 252], [-305, -504]]
[[1, 0], [155, 168], [-235, -252]]
[[1, 0], [155, 168], [-319, -336]]
[[1, 0], [155, 252], [-313, -504]]
[[1, 0], [155, 504], [-157, -504]]
[[1, 0], [157, 168], [-323, -336]]
[[1, 0], [157, 168], [-475, -504]]
[[1, 0], [157, 252], [-317, -504]]
[[1, 0], [157, 273], [-181, -273]]
[[1, 0], [157, 336], [-163, -336]]
[[1, 0], [16, 105], [-64, -315]]
[[1, 0], [16, 21], [-304, -315]]
[[1, 0], [16, 21], [-307, -336]]
[[1, 0], [16, 21], [-376, -273]]
[[1, 0], [16, 21], [-409, -504]]
[[1, 0], [16, 21], [-64, -39]]
[[1, 0], [16, 21], [-64, -63]]
[[1, 0], [16, 27], [-32, -33]]
[[1, 0], [16, 27], [-40, -63]]
[[1, 0], [16, 35], [-184, -315]]
[[1, 0], [16, 35], [-209, -280]]
[[1, 0], [16, 35], [-40, -63]]
[[1, 0], [16, 45], [-149, -360]]
[[1, 0], [16, 45], [-32, -63]]
[[1, 0], [16, 63], [-104, -315]]
[[1, 0], [16, 63], [-137, -504]]
[[1, 0], [161, 180], [-329, -360]]
[[1, 0], [161, 288], [-175, -288]]
[[1, 0], [163, 168], [-169, -168]]
[[1, 0], [163, 168], [-247, -252]]
[[1, 0], [163, 168], [-335, -336]]
[[1, 0], [163, 168], [-493, -504]]
[[1, 0], [167, 168], [-253, -252]]
[[1, 0], [167, 168], [-505, -504]]
[[1, 0], [167, 252], [-337, -504]]
[[1, 0], [169, 252], [-341, -504]]
[[1, 0], [169, 294], [-181, -294]]
[[1, 0], [169, 378], [-173, -378]]
[[1, 0], [17, 126], [-25, -168]]
[[1, 0], [17, 126], [-59, -378]]
[[1, 0], [17, 126], [-73, -504]]
[[1, 0], [17, 144], [-29, -216]]
[[1, 0], [17, 144], [-55, -288]]
[[1, 0], [17, 168], [-43, -336]]
[[1, 0], [17, 168], [-55, -504]]
[[1, 0], [17, 18], [-107, -54]]
[[1, 0], [17, 18], [-169, -168]]
[[1, 0], [17, 18], [-169, -90]]
[[1, 0], [17, 18], [-373, -306]]
[[1, 0], [17, 18], [-379, -342]]
[[1, 0], [17, 18], [-389, -360]]
[[1, 0], [17, 18], [-391, -288]]
[[1, 0], [17, 18], [-401, -378]]
[[1, 0], [17, 18], [-443, -432]]
[[1, 0], [17, 18], [-479, -270]]
[[1, 0], [17, 18], [-505, -504]]
[[1, 0], [17, 18], [-57, -56]]
[[1, 0], [17, 21], [-319, -315]]
[[1, 0], [17, 21], [-323, -336]]
[[1, 0], [17, 21], [-389, -273]]
[[1, 0], [17, 21], [-433, -504]]
[[1, 0], [17, 21], [-49, -45]]
[[1, 0], [17, 21], [-67, -63]]
[[1, 0], [17, 24], [-283, -336]]
[[1, 0], [17, 24], [-295, -288]]
[[1, 0], [17, 24], [-379, -504]]
[[1, 0], [17, 24], [-439, -264]]
[[1, 0], [17, 24], [-59, -24]]
[[1, 0], [17, 252], [-37, -504]]
[[1, 0], [17, 28], [-241, -308]]
[[1, 0], [17, 28], [-265, -392]]
[[1, 0], [17, 28], [-269, -280]]
[[1, 0], [17, 28], [-325, -504]]
[[1, 0], [17, 28], [-61, -56]]
[[1, 0], [17, 32], [-115, -144]]
[[1, 0], [17, 32], [-223, -288]]
[[1, 0], [17, 32], [-61, -72]]
[[1, 0], [17, 32], [-703, -256]]
[[1, 0], [17, 336], [-23, -336]]
[[1, 0], [17, 36], [-199, -288]]
[[1, 0], [17, 36], [-253, -504]]
[[1, 0], [17, 36], [-29, -56]]
[[1, 0], [17, 36], [-41, -72]]
[[1, 0], [17, 36], [-65, -108]]
[[1, 0], [17, 36], [-71, -96]]
[[1, 0], [17, 36], [-85, -168]]
[[1, 0], [17, 42], [-163, -336]]
[[1, 0], [17, 42], [-167, -294]]
[[1, 0], [17, 42], [-173, -378]]
[[1, 0], [17, 48], [-143, -336]]
[[1, 0], [17, 48], [-151, -288]]
[[1, 0], [17, 48], [-167, -432]]
[[1, 0], [17, 48], [-73, -168]]
[[1, 0], [17, 504], [-19, -504]]
[[1, 0], [17, 56], [-139, -280]]
[[1, 0], [17, 56], [-163, -504]]
[[1, 0], [17, 63], [-109, -315]]
[[1, 0], [17, 63], [-145, -504]]
[[1, 0], [17, 64], [-143, -64]]
[[1, 0], [17, 64], [-223, -128]]
[[1, 0], [17, 64], [-383, -256]]
[[1, 0], [17, 72], [-103, -288]]
[[1, 0], [17, 72], [-127, -504]]
[[1, 0], [17, 72], [-43, -168]]
[[1, 0], [17, 84], [-109, -504]]
[[1, 0], [17, 84], [-83, -336]]
[[1, 0], [17, 96], [-43, -144]]
[[1, 0], [17, 96], [-79, -288]]
[[1, 0], [173, 252], [-349, -504]]
[[1, 0], [176, 315], [-184, -315]]
[[1, 0], [179, 252], [-361, -504]]
[[1, 0], [181, 252], [-365, -504]]
[[1, 0], [181, 336], [-187, -336]]
[[1, 0], [181, 378], [-185, -378]]
[[1, 0], [185, 252], [-373, -504]]
[[1, 0], [185, 288], [-199, -288]]
[[1, 0], [185, 504], [-187, -504]]
[[1, 0], [187, 252], [-377, -504]]
[[1, 0], [187, 378], [-191, -378]]
[[1, 0], [19, 108], [-71, -324]]
[[1, 0], [19, 108], [-83, -432]]
[[1, 0], [19, 126], [-65, -378]]
[[1, 0], [19, 168], [-25, -168]]
[[1, 0], [19, 168], [-31, -252]]
[[1, 0], [19, 168], [-47, -336]]
[[1, 0], [19, 168], [-61, -504]]
[[1, 0], [19, 21], [-349, -315]]
[[1, 0], [19, 21], [-355, -336]]
[[1, 0], [19, 21], [-415, -273]]
[[1, 0], [19, 21], [-43, -21]]
[[1, 0], [19, 21], [-481, -504]]
[[1, 0], [19, 21], [-73, -63]]
[[1, 0], [19, 24], [-131, -66]]
[[1, 0], [19, 24], [-155, -156]]
[[1, 0], [19, 24], [-157, -168]]
[[1, 0], [19, 24], [-163, -144]]
[[1, 0], [19, 24], [-185, -216]]
[[1, 0], [19, 24], [-211, -252]]
[[1, 0], [19, 24], [-241, -132]]
[[1, 0], [19, 24], [-311, -336]]
[[1, 0], [19, 24], [-319, -288]]
[[1, 0], [19, 24], [-421, -504]]
[[1, 0], [19, 24], [-461, -264]]
[[1, 0], [19, 24], [-76, -33]]
[[1, 0], [19, 24], [-85, -72]]
[[1, 0], [19, 252], [-41, -504]]
[[1, 0], [19, 28], [-263, -308]]
[[1, 0], [19, 28], [-289, -280]]
[[1, 0], [19, 28], [-293, -392]]
[[1, 0], [19, 28], [-361, -504]]
[[1, 0], [19, 28], [-49, -40]]
[[1, 0], [19, 28], [-65, -56]]
[[1, 0], [19, 36], [-215, -288]]
[[1, 0], [19, 36], [-281, -504]]
[[1, 0], [19, 378], [-23, -378]]
[[1, 0], [19, 42], [-179, -336]]
[[1, 0], [19, 42], [-181, -294]]
[[1, 0], [19, 42], [-191, -378]]
[[1, 0], [19, 42], [-241, -504]]
[[1, 0], [19, 42], [-29, -54]]
[[1, 0], [19, 54], [-149, -378]]
[[1, 0], [19, 54], [-179, -270]]
[[1, 0], [19, 56], [-149, -280]]
[[1, 0], [19, 56], [-181, -504]]
[[1, 0], [19, 56], [-37, -56]]
[[1, 0], [19, 56], [-79, -140]]
[[1, 0], [19, 72], [-109, -360]]
[[1, 0], [19, 72], [-29, -90]]
[[1, 0], [19, 72], [-59, -144]]
[[1, 0], [19, 72], [-71, -252]]
[[1, 0], [19, 81], [-47, -189]]
[[1, 0], [19, 84], [-121, -504]]
[[1, 0], [19, 84], [-23, -96]]
[[1, 0], [191, 266], [-227, -266]]
[[1, 0], [191, 315], [-199, -315]]
[[1, 0], [193, 252], [-389, -504]]
[[1, 0], [193, 256], [-319, -256]]
[[1, 0], [193, 336], [-199, -336]]
[[1, 0], [197, 252], [-397, -504]]
[[1, 0], [197, 504], [-199, -504]]
[[1, 0], [199, 252], [-401, -504]]
[[1, 0], [2, 21], [-194, -273]]
[[1, 0], [2, 21], [-22, -63]]
[[1, 0], [2, 21], [-26, -21]]
[[1, 0], [2, 21], [-38, -39]]
[[1, 0], [2, 21], [-73, -504]]
[[1, 0], [2, 21], [-83, -336]]
[[1, 0], [2, 21], [-94, -315]]
[[1, 0], [2, 3], [-110, -21]]
[[1, 0], [2, 3], [-118, -9]]
[[1, 0], [2, 3], [-1286, -273]]
[[1, 0], [2, 3], [-130, -63]]
[[1, 0], [2, 3], [-1546, -51]]
[[1, 0], [2, 3], [-1690, -267]]
[[1, 0], [2, 3], [-2045, -264]]
[[1, 0], [2, 3], [-205, -24]]
[[1, 0], [2, 3], [-2638, -261]]
[[1, 0], [2, 3], [-491, -432]]
[[1, 0], [2, 3], [-493, -456]]
[[1, 0], [2, 3], [-494, -405]]
[[1, 0], [2, 3], [-505, -504]]
[[1, 0], [2, 3], [-514, -15]]
[[1, 0], [2, 3], [-526, -357]]
[[1, 0], [2, 3], [-563, -336]]
[[1, 0], [2, 3], [-634, -315]]
[[1, 0], [2, 3], [-649, -312]]
[[1, 0], [2, 3], [-706, -303]]
[[1, 0], [2, 3], [-7394, -255]]
[[1, 0], [2, 3], [-74, -27]]
[[1, 0], [2, 3], [-758, -297]]
[[1, 0], [2, 3], [-871, -288]]
[[1, 0], [2, 63], [-25, -504]]
[[1, 0], [2, 63], [-34, -315]]
[[1, 0], [2, 7], [-274, -315]]
[[1, 0], [2, 7], [-449, -280]]
[[1, 0], [2, 7], [-58, -63]]
[[1, 0], [2, 7], [-74, -7]]
[[1, 0], [2, 7], [-97, -56]]
[[1, 0], [2, 9], [-103, -96]]
[[1, 0], [2, 9], [-169, -504]]
[[1, 0], [2, 9], [-214, -315]]
[[1, 0], [2, 9], [-295, -288]]
[[1, 0], [2, 9], [-37, -72]]
[[1, 0], [2, 9], [-39, -32]]
[[1, 0], [2, 9], [-46, -63]]
[[1, 0], [2, 9], [-74, -105]]
[[1, 0], [2, 9], [-898, -261]]
[[1, 0], [20, 21], [-428, -273]]
[[1, 0], [20, 21], [-505, -504]]
[[1, 0], [20, 21], [-73, -72]]
[[1, 0], [20, 21], [-76, -63]]
[[1, 0], [20, 63], [-124, -315]]
[[1, 0], [20, 63], [-169, -504]]
[[1, 0], [20, 63], [-25, -72]]
[[1, 0], [20, 63], [-44, -105]]
[[1, 0], [201, 280], [-219, -280]]
[[1, 0], [206, 315], [-214, -315]]
[[1, 0], [209, 252], [-421, -504]]
[[1, 0], [209, 336], [-215, -336]]
[[1, 0], [209, 504], [-211, -504]]
[[1, 0], [21, 40], [-219, -280]]
[[1, 0], [21, 40], [-51, -56]]
[[1, 0], [21, 80], [-39, -140]]
[[1, 0], [211, 252], [-425, -504]]
[[1, 0], [211, 270], [-239, -270]]
[[1, 0], [211, 378], [-215, -378]]
[[1, 0], [215, 252], [-433, -504]]
[[1, 0], [22, 27], [-38, -39]]
[[1, 0], [22, 27], [-43, -48]]
[[1, 0], [22, 49], [-29, -56]]
[[1, 0], [22, 63], [-134, -315]]
[[1, 0], [22, 63], [-185, -504]]
[[1, 0], [221, 252], [-445, -504]]
[[1, 0], [221, 315], [-229, -315]]
[[1, 0], [223, 252], [-449, -504]]
[[1, 0], [223, 259], [-295, -259]]
[[1, 0], [223, 378], [-227, -378]]
[[1, 0], [227, 252], [-457, -504]]
[[1, 0], [229, 252], [-461, -504]]
[[1, 0], [23, 126], [-97, -504]]
[[1, 0], [23, 132], [-109, -264]]
[[1, 0], [23, 168], [-37, -252]]
[[1, 0], [23, 168], [-55, -336]]
[[1, 0], [23, 168], [-73, -504]]
[[1, 0], [23, 24], [-127, -126]]
[[1, 0], [23, 24], [-181, -156]]
[[1, 0], [23, 24], [-185, -168]]
[[1, 0], [23, 24], [-187, -144]]
[[1, 0], [23, 24], [-221, -216]]
[[1, 0], [23, 24], [-253, -252]]
[[1, 0], [23, 24], [-263, -132]]
[[1, 0], [23, 24], [-367, -288]]
[[1, 0], [23, 24], [-367, -336]]
[[1, 0], [23, 24], [-505, -264]]
[[1, 0], [23, 24], [-505, -504]]
[[1, 0], [23, 24], [-64, -63]]
[[1, 0], [23, 24], [-97, -72]]
[[1, 0], [23, 264], [-65, -264]]
[[1, 0], [23, 28], [-307, -308]]
[[1, 0], [23, 28], [-349, -392]]
[[1, 0], [23, 28], [-433, -504]]
[[1, 0], [23, 28], [-73, -56]]
[[1, 0], [23, 33], [-263, -297]]
[[1, 0], [23, 33], [-373, -264]]
[[1, 0], [23, 36], [-113, -168]]
[[1, 0], [23, 36], [-247, -288]]
[[1, 0], [23, 36], [-337, -504]]
[[1, 0], [23, 36], [-53, -72]]
[[1, 0], [23, 36], [-83, -108]]
[[1, 0], [23, 42], [-209, -294]]
[[1, 0], [23, 42], [-211, -336]]
[[1, 0], [23, 42], [-227, -378]]
[[1, 0], [23, 42], [-289, -504]]
[[1, 0], [23, 44], [-197, -308]]
[[1, 0], [23, 56], [-109, -252]]
[[1, 0], [23, 56], [-169, -280]]
[[1, 0], [23, 56], [-55, -126]]
[[1, 0], [23, 56], [-89, -140]]
[[1, 0], [23, 63], [-139, -315]]
[[1, 0], [23, 63], [-193, -504]]
[[1, 0], [23, 63], [-65, -168]]
[[1, 0], [23, 66], [-197, -264]]
[[1, 0], [23, 72], [-127, -288]]
[[1, 0], [23, 72], [-169, -504]]
[[1, 0], [23, 72], [-29, -84]]
[[1, 0], [23, 72], [-43, -126]]
[[1, 0], [23, 72], [-47, -96]]
[[1, 0], [23, 72], [-67, -144]]
[[1, 0], [23, 72], [-85, -252]]
[[1, 0], [23, 84], [-107, -336]]
[[1, 0], [23, 84], [-145, -504]]
[[1, 0], [233, 261], [-289, -261]]
[[1, 0], [233, 288], [-247, -288]]
[[1, 0], [233, 504], [-235, -504]]
[[1, 0], [235, 252], [-473, -504]]
[[1, 0], [239, 252], [-481, -504]]
[[1, 0], [239, 504], [-241, -504]]
[[1, 0], [241, 252], [-485, -504]]
[[1, 0], [241, 336], [-247, -336]]
[[1, 0], [25, 108], [-107, -432]]
[[1, 0], [25, 108], [-89, -324]]
[[1, 0], [25, 126], [-83, -378]]
[[1, 0], [25, 144], [-41, -216]]
[[1, 0], [25, 144], [-71, -288]]
[[1, 0], [25, 168], [-59, -336]]
[[1, 0], [25, 168], [-79, -504]]
[[1, 0], [25, 252], [-53, -504]]
[[1, 0], [25, 27], [-43, -33]]
[[1, 0], [25, 27], [-61, -63]]
[[1, 0], [25, 28], [-349, -280]]
[[1, 0], [25, 28], [-377, -392]]
[[1, 0], [25, 32], [-151, -144]]
[[1, 0], [25, 32], [-239, -64]]
[[1, 0], [25, 32], [-295, -288]]
[[1, 0], [25, 32], [-415, -128]]
[[1, 0], [25, 32], [-43, -36]]
[[1, 0], [25, 32], [-767, -256]]
[[1, 0], [25, 32], [-79, -72]]
[[1, 0], [25, 36], [-263, -288]]
[[1, 0], [25, 36], [-365, -504]]
[[1, 0], [25, 42], [-223, -294]]
[[1, 0], [25, 42], [-227, -336]]
[[1, 0], [25, 42], [-313, -504]]
[[1, 0], [25, 42], [-35, -48]]
[[1, 0], [25, 48], [-101, -168]]
[[1, 0], [25, 48], [-199, -288]]
[[1, 0], [25, 48], [-199, -336]]
[[1, 0], [25, 48], [-239, -432]]
[[1, 0], [25, 54], [-191, -378]]
[[1, 0], [25, 54], [-209, -270]]
[[1, 0], [25, 54], [-65, -126]]
[[1, 0], [25, 54], [-79, -90]]
[[1, 0], [25, 56], [-179, -280]]
[[1, 0], [25, 56], [-235, -504]]
[[1, 0], [25, 56], [-43, -56]]
[[1, 0], [25, 63], [-149, -315]]
[[1, 0], [25, 63], [-209, -504]]
[[1, 0], [25, 72], [-139, -360]]
[[1, 0], [25, 84], [-115, -336]]
[[1, 0], [25, 84], [-157, -504]]
[[1, 0], [25, 96], [-103, -288]]
[[1, 0], [25, 96], [-55, -144]]
[[1, 0], [251, 252], [-505, -504]]
[[1, 0], [251, 504], [-253, -504]]
[[1, 0], [257, 288], [-271, -288]]
[[1, 0], [257, 336], [-263, -336]]
[[1, 0], [26, 105], [-94, -315]]
[[1, 0], [26, 35], [-274, -315]]
[[1, 0], [26, 35], [-289, -280]]
[[1, 0], [26, 35], [-49, -40]]
[[1, 0], [26, 35], [-58, -63]]
[[1, 0], [26, 35], [-65, -56]]
[[1, 0], [26, 45], [-214, -315]]
[[1, 0], [26, 45], [-229, -360]]
[[1, 0], [26, 45], [-46, -63]]
[[1, 0], [26, 45], [-74, -105]]
[[1, 0], [26, 63], [-73, -168]]
[[1, 0], [265, 336], [-271, -336]]
[[1, 0], [27, 28], [-351, -308]]
[[1, 0], [27, 28], [-369, -280]]
[[1, 0], [27, 28], [-405, -392]]
[[1, 0], [27, 28], [-505, -504]]
[[1, 0], [27, 28], [-73, -72]]
[[1, 0], [27, 28], [-81, -56]]
[[1, 0], [27, 52], [-207, -364]]
[[1, 0], [27, 56], [-127, -252]]
[[1, 0], [27, 56], [-253, -504]]
[[1, 0], [27, 56], [-37, -72]]
[[1, 0], [27, 56], [-99, -140]]
[[1, 0], [271, 280], [-289, -280]]
[[1, 0], [275, 504], [-277, -504]]
[[1, 0], [277, 378], [-281, -378]]
[[1, 0], [28, 81], [-68, -189]]
[[1, 0], [281, 288], [-295, -288]]
[[1, 0], [281, 315], [-289, -315]]
[[1, 0], [281, 504], [-283, -504]]
[[1, 0], [289, 336], [-295, -336]]
[[1, 0], [289, 378], [-293, -378]]
[[1, 0], [29, 126], [-121, -504]]
[[1, 0], [29, 126], [-41, -168]]
[[1, 0], [29, 126], [-95, -378]]
[[1, 0], [29, 144], [-47, -216]]
[[1, 0], [29, 144], [-79, -288]]
[[1, 0], [29, 168], [-67, -336]]
[[1, 0], [29, 252], [-61, -504]]
[[1, 0], [29, 294], [-41, -294]]
[[1, 0], [29, 36], [-101, -108]]
[[1, 0], [29, 36], [-103, -96]]
[[1, 0], [29, 36], [-295, -288]]
[[1, 0], [29, 36], [-421, -504]]
[[1, 0], [29, 36], [-65, -72]]
[[1, 0], [29, 42], [-251, -294]]
[[1, 0], [29, 42], [-281, -378]]
[[1, 0], [29, 42], [-361, -504]]
[[1, 0], [29, 48], [-115, -144]]
[[1, 0], [29, 48], [-115, -168]]
[[1, 0], [29, 48], [-223, -288]]
[[1, 0], [29, 48], [-227, -336]]
[[1, 0], [29, 48], [-275, -432]]
[[1, 0], [29, 48], [-59, -84]]
[[1, 0], [29, 48], [-61, -72]]
[[1, 0], [29, 49], [-37, -56]]
[[1, 0], [29, 504], [-31, -504]]
[[1, 0], [29, 56], [-199, -280]]
[[1, 0], [29, 56], [-271, -504]]
[[1, 0], [29, 63], [-169, -315]]
[[1, 0], [29, 63], [-241, -504]]
[[1, 0], [29, 63], [-37, -63]]
[[1, 0], [29, 63], [-59, -105]]
[[1, 0], [29, 72], [-151, -288]]
[[1, 0], [29, 72], [-211, -504]]
[[1, 0], [29, 72], [-55, -96]]
[[1, 0], [29, 72], [-71, -168]]
[[1, 0], [29, 84], [-131, -336]]
[[1, 0], [29, 84], [-181, -504]]
[[1, 0], [29, 98], [-125, -392]]
[[1, 0], [295, 378], [-299, -378]]
[[1, 0], [296, 315], [-304, -315]]
[[1, 0], [3, 14], [-137, -378]]
[[1, 0], [3, 14], [-145, -504]]
[[1, 0], [3, 14], [-249, -280]]
[[1, 0], [3, 14], [-39, -14]]
[[1, 0], [3, 14], [-417, -266]]
[[1, 0], [3, 14], [-57, -56]]
[[1, 0], [3, 14], [-75, -38]]
[[1, 0], [3, 28], [-129, -280]]
[[1, 0], [3, 28], [-33, -56]]
[[1, 0], [3, 28], [-69, -392]]
[[1, 0], [3, 28], [-73, -504]]
[[1, 0], [3, 28], [-87, -308]]
[[1, 0], [3, 4], [-111, -64]]
[[1, 0], [3, 4], [-177, -56]]
[[1, 0], [3, 4], [-39, -28]]
[[1, 0], [3, 4], [-4287, -256]]
[[1, 0], [3, 4], [-505, -504]]
[[1, 0], [3, 4], [-57, -28]]
[[1, 0], [3, 4], [-727, -288]]
[[1, 0], [3, 4], [-75, -16]]
[[1, 0], [3, 4], [-849, -280]]
[[1, 0], [3, 56], [-19, -252]]
[[1, 0], [3, 56], [-37, -504]]
[[1, 0], [3, 56], [-39, -140]]
[[1, 0], [3, 56], [-69, -280]]
[[1, 0], [3, 7], [-13, -9]]
[[1, 0], [3, 7], [-1479, -259]]
[[1, 0], [3, 7], [-289, -504]]
[[1, 0], [3, 7], [-319, -315]]
[[1, 0], [3, 7], [-489, -280]]
[[1, 0], [3, 7], [-49, -45]]
[[1, 0], [3, 7], [-67, -63]]
[[1, 0], [3, 8], [-1119, -128]]
[[1, 0], [3, 8], [-127, -252]]
[[1, 0], [3, 8], [-129, -8]]
[[1, 0], [3, 8], [-187, -144]]
[[1, 0], [3, 8], [-195, -16]]
[[1, 0], [3, 8], [-2175, -256]]
[[1, 0], [3, 8], [-219, -140]]
[[1, 0], [3, 8], [-237, -392]]
[[1, 0], [3, 8], [-239, -432]]
[[1, 0], [3, 8], [-253, -504]]
[[1, 0], [3, 8], [-303, -304]]
[[1, 0], [3, 8], [-327, -32]]
[[1, 0], [3, 8], [-367, -288]]
[[1, 0], [3, 8], [-429, -280]]
[[1, 0], [3, 8], [-51, -28]]
[[1, 0], [3, 8], [-543, -272]]
[[1, 0], [3, 8], [-591, -64]]
[[1, 0], [3, 8], [-93, -56]]
[[1, 0], [3, 8], [-97, -72]]
[[1, 0], [305, 336], [-311, -336]]
[[1, 0], [31, 105], [-109, -315]]
[[1, 0], [31, 108], [-107, -324]]
[[1, 0], [31, 108], [-131, -432]]
[[1, 0], [31, 126], [-101, -378]]
[[1, 0], [31, 140], [-89, -280]]
[[1, 0], [31, 168], [-37, -168]]
[[1, 0], [31, 168], [-71, -336]]
[[1, 0], [31, 168], [-97, -504]]
[[1, 0], [31, 252], [-65, -504]]
[[1, 0], [31, 35], [-319, -315]]
[[1, 0], [31, 35], [-49, -45]]
[[1, 0], [31, 35], [-67, -63]]
[[1, 0], [31, 35], [-73, -56]]
[[1, 0], [31, 36], [-311, -288]]
[[1, 0], [31, 36], [-449, -504]]
[[1, 0], [31, 40], [-149, -140]]
[[1, 0], [31, 40], [-289, -280]]
[[1, 0], [31, 40], [-65, -56]]
[[1, 0], [31, 40], [-79, -70]]
[[1, 0], [31, 42], [-265, -294]]
[[1, 0], [31, 42], [-275, -336]]
[[1, 0], [31, 42], [-299, -378]]
[[1, 0], [31, 42], [-43, -42]]
[[1, 0], [31, 45], [-269, -360]]
[[1, 0], [31, 45], [-53, -63]]
[[1, 0], [31, 54], [-233, -378]]
[[1, 0], [31, 54], [-239, -270]]
[[1, 0], [31, 54], [-79, -126]]
[[1, 0], [31, 54], [-89, -90]]
[[1, 0], [31, 56], [-109, -140]]
[[1, 0], [31, 56], [-145, -252]]
[[1, 0], [31, 56], [-209, -280]]
[[1, 0], [31, 56], [-289, -504]]
[[1, 0], [31, 56], [-37, -63]]
[[1, 0], [31, 56], [-59, -70]]
[[1, 0], [31, 56], [-73, -126]]
[[1, 0], [31, 60], [-229, -420]]
[[1, 0], [31, 60], [-47, -84]]
[[1, 0], [31, 63], [-179, -315]]
[[1, 0], [31, 63], [-257, -504]]
[[1, 0], [31, 70], [-169, -280]]
[[1, 0], [31, 72], [-113, -252]]
[[1, 0], [31, 72], [-169, -360]]
[[1, 0], [31, 72], [-83, -144]]
[[1, 0], [31, 84], [-139, -336]]
[[1, 0], [31, 84], [-193, -504]]
[[1, 0], [31, 90], [-149, -270]]
[[1, 0], [311, 315], [-319, -315]]
[[1, 0], [311, 504], [-313, -504]]
[[1, 0], [313, 378], [-317, -378]]
[[1, 0], [32, 63], [-184, -315]]
[[1, 0], [32, 63], [-265, -504]]
[[1, 0], [32, 63], [-40, -63]]
[[1, 0], [32, 63], [-64, -105]]
[[1, 0], [32, 63], [-89, -168]]
[[1, 0], [323, 504], [-325, -504]]
[[1, 0], [33, 128], [-159, -128]]
[[1, 0], [33, 128], [-255, -256]]
[[1, 0], [33, 56], [-219, -280]]
[[1, 0], [33, 56], [-307, -504]]
[[1, 0], [33, 56], [-51, -56]]
[[1, 0], [33, 64], [-447, -256]]
[[1, 0], [335, 504], [-337, -504]]
[[1, 0], [34, 63], [-194, -315]]
[[1, 0], [34, 63], [-281, -504]]
[[1, 0], [34, 63], [-41, -72]]
[[1, 0], [349, 378], [-353, -378]]
[[1, 0], [35, 36], [-119, -108]]
[[1, 0], [35, 36], [-119, -96]]
[[1, 0], [35, 36], [-169, -168]]
[[1, 0], [35, 36], [-343, -288]]
[[1, 0], [35, 36], [-505, -504]]
[[1, 0], [35, 36], [-57, -56]]
[[1, 0], [35, 36], [-77, -72]]
[[1, 0], [35, 51], [-679, -255]]
[[1, 0], [35, 68], [-203, -272]]
[[1, 0], [35, 72], [-127, -252]]
[[1, 0], [35, 72], [-175, -288]]
[[1, 0], [35, 72], [-253, -504]]
[[1, 0], [35, 72], [-43, -84]]
[[1, 0], [35, 72], [-49, -72]]
[[1, 0], [35, 72], [-49, -90]]
[[1, 0], [35, 72], [-85, -168]]
[[1, 0], [35, 72], [-91, -144]]
[[1, 0], [353, 504], [-355, -504]]
[[1, 0], [359, 504], [-361, -504]]
[[1, 0], [36, 49], [-45, -56]]
[[1, 0], [365, 504], [-367, -504]]
[[1, 0], [37, 108], [-125, -324]]
[[1, 0], [37, 108], [-155, -432]]
[[1, 0], [37, 144], [-59, -216]]
[[1, 0], [37, 144], [-95, -288]]
[[1, 0], [37, 168], [-115, -504]]
[[1, 0], [37, 168], [-83, -336]]
[[1, 0], [37, 336], [-43, -336]]
[[1, 0], [37, 378], [-41, -378]]
[[1, 0], [37, 42], [-307, -294]]
[[1, 0], [37, 42], [-323, -336]]
[[1, 0], [37, 42], [-353, -378]]
[[1, 0], [37, 42], [-457, -504]]
[[1, 0], [37, 48], [-139, -144]]
[[1, 0], [37, 48], [-143, -168]]
[[1, 0], [37, 48], [-271, -288]]
[[1, 0], [37, 48], [-283, -336]]
[[1, 0], [37, 48], [-347, -432]]
[[1, 0], [37, 48], [-73, -72]]
[[1, 0], [37, 48], [-73, -84]]
[[1, 0], [37, 54], [-269, -270]]
[[1, 0], [37, 54], [-275, -378]]
[[1, 0], [37, 54], [-65, -54]]
[[1, 0], [37, 56], [-239, -280]]
[[1, 0], [37, 63], [-209, -315]]
[[1, 0], [37, 63], [-305, -504]]
[[1, 0], [37, 72], [-199, -360]]
[[1, 0], [37, 81], [-89, -189]]
[[1, 0], [37, 84], [-163, -336]]
[[1, 0], [37, 84], [-229, -504]]
[[1, 0], [377, 504], [-379, -504]]
[[1, 0], [38, 259], [-110, -259]]
[[1, 0], [38, 63], [-214, -315]]
[[1, 0], [38, 63], [-313, -504]]
[[1, 0], [38, 63], [-46, -63]]
[[1, 0], [38, 63], [-74, -105]]
[[1, 0], [39, 56], [-129, -140]]
[[1, 0], [39, 56], [-181, -252]]
[[1, 0], [39, 56], [-249, -280]]
[[1, 0], [39, 56], [-361, -504]]
[[1, 0], [39, 56], [-46, -63]]
[[1, 0], [39, 56], [-57, -56]]
[[1, 0], [39, 56], [-69, -70]]
[[1, 0], [395, 504], [-397, -504]]
[[1, 0], [4, 21], [-115, -336]]
[[1, 0], [4, 21], [-121, -504]]
[[1, 0], [4, 21], [-124, -315]]
[[1, 0], [4, 21], [-19, -48]]
[[1, 0], [4, 21], [-220, -273]]
[[1, 0], [4, 27], [-11, -48]]
[[1, 0], [4, 63], [-41, -504]]
[[1, 0], [4, 63], [-44, -315]]
[[1, 0], [4, 7], [-113, -56]]
[[1, 0], [4, 7], [-1516, -259]]
[[1, 0], [4, 7], [-361, -504]]
[[1, 0], [4, 7], [-529, -280]]
[[1, 0], [4, 7], [-76, -63]]
[[1, 0], [4, 9], [-281, -504]]
[[1, 0], [4, 9], [-284, -315]]
[[1, 0], [4, 9], [-359, -288]]
[[1, 0], [4, 9], [-53, -72]]
[[1, 0], [4, 9], [-956, -261]]
[[1, 0], [40, 273], [-64, -273]]
[[1, 0], [401, 504], [-403, -504]]
[[1, 0], [407, 504], [-409, -504]]
[[1, 0], [41, 105], [-139, -315]]
[[1, 0], [41, 126], [-131, -378]]
[[1, 0], [41, 126], [-169, -504]]
[[1, 0], [41, 140], [-109, -280]]
[[1, 0], [41, 144], [-103, -288]]
[[1, 0], [41, 144], [-65, -216]]
[[1, 0], [41, 168], [-127, -504]]
[[1, 0], [41, 180], [-89, -360]]
[[1, 0], [41, 252], [-85, -504]]
[[1, 0], [41, 280], [-59, -280]]
[[1, 0], [41, 42], [-335, -294]]
[[1, 0], [41, 42], [-355, -336]]
[[1, 0], [41, 42], [-389, -378]]
[[1, 0], [41, 42], [-505, -504]]
[[1, 0], [41, 42], [-73, -72]]
[[1, 0], [41, 45], [-109, -105]]
[[1, 0], [41, 45], [-319, -315]]
[[1, 0], [41, 45], [-349, -360]]
[[1, 0], [41, 45], [-67, -63]]
[[1, 0], [41, 48], [-157, -168]]
[[1, 0], [41, 48], [-295, -288]]
[[1, 0], [41, 48], [-311, -336]]
[[1, 0], [41, 48], [-383, -432]]
[[1, 0], [41, 504], [-43, -504]]
[[1, 0], [41, 56], [-379, -504]]
[[1, 0], [41, 56], [-55, -72]]
[[1, 0], [41, 56], [-59, -56]]
[[1, 0], [41, 60], [-299, -420]]
[[1, 0], [41, 60], [-61, -84]]
[[1, 0], [41, 63], [-113, -168]]
[[1, 0], [41, 63], [-229, -315]]
[[1, 0], [41, 63], [-337, -504]]
[[1, 0], [41, 63], [-49, -72]]
[[1, 0], [41, 63], [-79, -105]]
[[1, 0], [41, 70], [-209, -280]]
[[1, 0], [41, 72], [-199, -288]]
[[1, 0], [41, 72], [-295, -504]]
[[1, 0], [41, 72], [-71, -96]]
[[1, 0], [41, 84], [-179, -336]]
[[1, 0], [41, 84], [-253, -504]]
[[1, 0], [41, 90], [-179, -270]]
[[1, 0], [41, 90], [-59, -126]]
[[1, 0], [41, 96], [-151, -288]]
[[1, 0], [41, 96], [-79, -144]]
[[1, 0], [419, 504], [-421, -504]]
[[1, 0], [43, 108], [-143, -324]]
[[1, 0], [43, 108], [-179, -432]]
[[1, 0], [43, 126], [-137, -378]]
[[1, 0], [43, 168], [-67, -252]]
[[1, 0], [43, 168], [-95, -336]]
[[1, 0], [43, 252], [-89, -504]]
[[1, 0], [43, 294], [-55, -294]]
[[1, 0], [43, 378], [-47, -378]]
[[1, 0], [43, 49], [-53, -56]]
[[1, 0], [43, 54], [-107, -126]]
[[1, 0], [43, 54], [-109, -90]]
[[1, 0], [43, 54], [-299, -270]]
[[1, 0], [43, 54], [-317, -378]]
[[1, 0], [43, 56], [-139, -140]]
[[1, 0], [43, 56], [-199, -252]]
[[1, 0], [43, 56], [-269, -280]]
[[1, 0], [43, 56], [-397, -504]]
[[1, 0], [43, 56], [-61, -56]]
[[1, 0], [43, 63], [-239, -315]]
[[1, 0], [43, 63], [-353, -504]]
[[1, 0], [43, 72], [-107, -144]]
[[1, 0], [43, 72], [-155, -252]]
[[1, 0], [43, 72], [-229, -360]]
[[1, 0], [43, 72], [-59, -90]]
[[1, 0], [43, 84], [-187, -336]]
[[1, 0], [43, 84], [-265, -504]]
[[1, 0], [43, 98], [-181, -392]]
[[1, 0], [44, 63], [-121, -168]]
[[1, 0], [44, 63], [-244, -315]]
[[1, 0], [44, 63], [-361, -504]]
[[1, 0], [44, 63], [-52, -63]]
[[1, 0], [443, 504], [-445, -504]]
[[1, 0], [449, 504], [-451, -504]]
[[1, 0], [45, 56], [-279, -280]]
[[1, 0], [45, 56], [-415, -504]]
[[1, 0], [46, 63], [-254, -315]]
[[1, 0], [46, 63], [-377, -504]]
[[1, 0], [46, 81], [-110, -189]]
[[1, 0], [47, 126], [-149, -378]]
[[1, 0], [47, 126], [-193, -504]]
[[1, 0], [47, 126], [-65, -168]]
[[1, 0], [47, 168], [-103, -336]]
[[1, 0], [47, 168], [-145, -504]]
[[1, 0], [47, 168], [-53, -168]]
[[1, 0], [47, 168], [-73, -252]]
[[1, 0], [47, 252], [-97, -504]]
[[1, 0], [47, 56], [-109, -126]]
[[1, 0], [47, 56], [-149, -140]]
[[1, 0], [47, 56], [-289, -280]]
[[1, 0], [47, 56], [-433, -504]]
[[1, 0], [47, 56], [-55, -63]]
[[1, 0], [47, 56], [-65, -56]]
[[1, 0], [47, 56], [-79, -70]]
[[1, 0], [47, 63], [-89, -105]]
[[1, 0], [47, 72], [-113, -168]]
[[1, 0], [47, 72], [-115, -144]]
[[1, 0], [47, 72], [-169, -252]]
[[1, 0], [47, 72], [-223, -288]]
[[1, 0], [47, 72], [-337, -504]]
[[1, 0], [47, 72], [-61, -72]]
[[1, 0], [47, 72], [-79, -96]]
[[1, 0], [47, 72], [-85, -126]]
[[1, 0], [47, 84], [-289, -504]]
[[1, 0], [47, 84], [-55, -96]]
[[1, 0], [479, 504], [-481, -504]]
[[1, 0], [49, 108], [-161, -324]]
[[1, 0], [49, 108], [-203, -432]]
[[1, 0], [49, 144], [-119, -288]]
[[1, 0], [49, 144], [-77, -216]]
[[1, 0], [49, 54], [-119, -90]]
[[1, 0], [49, 54], [-121, -126]]
[[1, 0], [49, 54], [-329, -270]]
[[1, 0], [49, 54], [-359, -378]]
[[1, 0], [49, 54], [-77, -54]]
[[1, 0], [49, 64], [-287, -128]]
[[1, 0], [49, 64], [-511, -256]]
[[1, 0], [49, 72], [-259, -360]]
[[1, 0], [49, 96], [-175, -288]]
[[1, 0], [49, 96], [-91, -144]]
[[1, 0], [491, 504], [-493, -504]]
[[1, 0], [5, 126], [-23, -378]]
[[1, 0], [5, 126], [-25, -504]]
[[1, 0], [5, 12], [-223, -384]]
[[1, 0], [5, 12], [-227, -336]]
[[1, 0], [5, 12], [-229, -420]]
[[1, 0], [5, 12], [-233, -324]]
[[1, 0], [5, 12], [-253, -504]]
[[1, 0], [5, 12], [-295, -288]]
[[1, 0], [5, 12], [-367, -276]]
[[1, 0], [5, 12], [-47, -84]]
[[1, 0], [5, 12], [-593, -264]]
[[1, 0], [5, 12], [-73, -24]]
[[1, 0], [5, 144], [-11, -216]]
[[1, 0], [5, 144], [-31, -288]]
[[1, 0], [5, 14], [-191, -378]]
[[1, 0], [5, 14], [-289, -280]]
[[1, 0], [5, 14], [-29, -54]]
[[1, 0], [5, 14], [-29, -56]]
[[1, 0], [5, 14], [-49, -40]]
[[1, 0], [5, 14], [-65, -56]]
[[1, 0], [5, 168], [-19, -336]]
[[1, 0], [5, 168], [-19, -504]]
[[1, 0], [5, 16], [-11, -28]]
[[1, 0], [5, 16], [-115, -144]]
[[1, 0], [5, 16], [-1151, -256]]
[[1, 0], [5, 16], [-131, -16]]
[[1, 0], [5, 16], [-199, -32]]
[[1, 0], [5, 16], [-223, -288]]
[[1, 0], [5, 16], [-23, -54]]
[[1, 0], [5, 16], [-335, -64]]
[[1, 0], [5, 16], [-607, -128]]
[[1, 0], [5, 16], [-61, -72]]
[[1, 0], [5, 18], [-109, -90]]
[[1, 0], [5, 18], [-149, -360]]
[[1, 0], [5, 18], [-149, -378]]
[[1, 0], [5, 18], [-151, -342]]
[[1, 0], [5, 18], [-155, -432]]
[[1, 0], [5, 18], [-169, -306]]
[[1, 0], [5, 18], [-169, -504]]
[[1, 0], [5, 18], [-199, -288]]
[[1, 0], [5, 18], [-299, -270]]
[[1, 0], [5, 18], [-71, -54]]
[[1, 0], [5, 18], [-71, -96]]
[[1, 0], [5, 21], [-131, -336]]
[[1, 0], [5, 21], [-139, -315]]
[[1, 0], [5, 21], [-145, -504]]
[[1, 0], [5, 21], [-233, -273]]
[[1, 0], [5, 21], [-29, -21]]
[[1, 0], [5, 21], [-31, -63]]
[[1, 0], [5, 24], [-115, -336]]
[[1, 0], [5, 24], [-127, -504]]
[[1, 0], [5, 24], [-151, -288]]
[[1, 0], [5, 24], [-307, -264]]
[[1, 0], [5, 252], [-13, -504]]
[[1, 0], [5, 28], [-109, -308]]
[[1, 0], [5, 28], [-109, -504]]
[[1, 0], [5, 28], [-149, -280]]
[[1, 0], [5, 28], [-29, -40]]
[[1, 0], [5, 28], [-37, -56]]
[[1, 0], [5, 28], [-97, -392]]
[[1, 0], [5, 336], [-11, -336]]
[[1, 0], [5, 36], [-103, -288]]
[[1, 0], [5, 36], [-17, -72]]
[[1, 0], [5, 36], [-29, -108]]
[[1, 0], [5, 36], [-29, -168]]
[[1, 0], [5, 36], [-85, -504]]
[[1, 0], [5, 42], [-11, -54]]
[[1, 0], [5, 42], [-17, -42]]
[[1, 0], [5, 42], [-65, -378]]
[[1, 0], [5, 42], [-67, -336]]
[[1, 0], [5, 42], [-73, -504]]
[[1, 0], [5, 42], [-83, -294]]
[[1, 0], [5, 48], [-17, -84]]
[[1, 0], [5, 48], [-25, -72]]
[[1, 0], [5, 48], [-31, -168]]
[[1, 0], [5, 48], [-43, -144]]
[[1, 0], [5, 48], [-59, -336]]
[[1, 0], [5, 48], [-59, -432]]
[[1, 0], [5, 48], [-79, -288]]
[[1, 0], [5, 56], [-55, -504]]
[[1, 0], [5, 56], [-79, -280]]
[[1, 0], [5, 63], [-17, -168]]
[[1, 0], [5, 63], [-19, -105]]
[[1, 0], [5, 6], [-1165, -264]]
[[1, 0], [5, 6], [-125, -24]]
[[1, 0], [5, 6], [-185, -54]]
[[1, 0], [5, 6], [-2063, -258]]
[[1, 0], [5, 6], [-41, -24]]
[[1, 0], [5, 6], [-443, -378]]
[[1, 0], [5, 6], [-451, -336]]
[[1, 0], [5, 6], [-505, -504]]
[[1, 0], [5, 6], [-545, -294]]
[[1, 0], [5, 6], [-583, -288]]
[[1, 0], [5, 6], [-869, -270]]
[[1, 0], [5, 72], [-23, -96]]
[[1, 0], [5, 72], [-43, -504]]
[[1, 0], [5, 72], [-55, -288]]
[[1, 0], [5, 7], [-121, -56]]
[[1, 0], [5, 7], [-1553, -259]]
[[1, 0], [5, 7], [-25, -8]]
[[1, 0], [5, 7], [-409, -315]]
[[1, 0], [5, 7], [-433, -504]]
[[1, 0], [5, 7], [-569, -280]]
[[1, 0], [5, 7], [-85, -63]]
[[1, 0], [5, 7], [-89, -40]]
[[1, 0], [5, 84], [-37, -504]]
[[1, 0], [5, 84], [-7, -96]]
[[1, 0], [5, 8], [-107, -56]]
[[1, 0], [5, 8], [-2239, -256]]
[[1, 0], [5, 8], [-335, -392]]
[[1, 0], [5, 8], [-347, -432]]
[[1, 0], [5, 8], [-379, -304]]
[[1, 0], [5, 8], [-379, -504]]
[[1, 0], [5, 8], [-439, -288]]
[[1, 0], [5, 8], [-499, -280]]
[[1, 0], [5, 8], [-611, -272]]
[[1, 0], [5, 9], [-109, -105]]
[[1, 0], [5, 9], [-113, -168]]
[[1, 0], [5, 9], [-25, -21]]
[[1, 0], [5, 9], [-319, -315]]
[[1, 0], [5, 9], [-337, -504]]
[[1, 0], [5, 9], [-347, -87]]
[[1, 0], [5, 9], [-39, -35]]
[[1, 0], [5, 9], [-391, -288]]
[[1, 0], [5, 9], [-61, -72]]
[[1, 0], [5, 9], [-61, -9]]
[[1, 0], [5, 9], [-67, -63]]
[[1, 0], [5, 9], [-985, -261]]
[[1, 0], [50, 63], [-137, -168]]
[[1, 0], [50, 63], [-274, -315]]
[[1, 0], [50, 63], [-409, -504]]
[[1, 0], [50, 63], [-58, -63]]
[[1, 0], [50, 63], [-94, -105]]
[[1, 0], [503, 504], [-505, -504]]
[[1, 0], [51, 140], [-129, -280]]
[[1, 0], [51, 280], [-69, -280]]
[[1, 0], [51, 56], [-159, -140]]
[[1, 0], [51, 56], [-235, -252]]
[[1, 0], [51, 56], [-309, -280]]
[[1, 0], [51, 70], [-249, -280]]
[[1, 0], [52, 63], [-284, -315]]
[[1, 0], [52, 63], [-425, -504]]
[[1, 0], [53, 126], [-167, -378]]
[[1, 0], [53, 126], [-73, -168]]
[[1, 0], [53, 144], [-127, -288]]
[[1, 0], [53, 144], [-83, -216]]
[[1, 0], [53, 168], [-115, -336]]
[[1, 0], [53, 168], [-163, -504]]
[[1, 0], [53, 252], [-109, -504]]
[[1, 0], [53, 336], [-59, -336]]
[[1, 0], [53, 56], [-319, -280]]
[[1, 0], [53, 56], [-487, -504]]
[[1, 0], [53, 63], [-145, -168]]
[[1, 0], [53, 63], [-289, -315]]
[[1, 0], [53, 63], [-433, -504]]
[[1, 0], [53, 63], [-61, -63]]
[[1, 0], [53, 72], [-127, -168]]
[[1, 0], [53, 72], [-247, -288]]
[[1, 0], [53, 72], [-379, -504]]
[[1, 0], [53, 78], [-233, -312]]
[[1, 0], [53, 84], [-227, -336]]
[[1, 0], [53, 84], [-325, -504]]
[[1, 0], [55, 108], [-179, -324]]
[[1, 0], [55, 108], [-227, -432]]
[[1, 0], [55, 126], [-173, -378]]
[[1, 0], [55, 168], [-169, -504]]
[[1, 0], [55, 168], [-61, -168]]
[[1, 0], [55, 168], [-85, -252]]
[[1, 0], [55, 252], [-113, -504]]
[[1, 0], [55, 378], [-59, -378]]
[[1, 0], [55, 56], [-127, -126]]
[[1, 0], [55, 56], [-169, -140]]
[[1, 0], [55, 56], [-253, -252]]
[[1, 0], [55, 56], [-505, -504]]
[[1, 0], [55, 56], [-64, -63]]
[[1, 0], [55, 56], [-73, -72]]
[[1, 0], [55, 56], [-89, -70]]
[[1, 0], [55, 63], [-299, -315]]
[[1, 0], [55, 63], [-449, -504]]
[[1, 0], [55, 63], [-65, -72]]
[[1, 0], [55, 72], [-131, -144]]
[[1, 0], [55, 72], [-197, -252]]
[[1, 0], [55, 72], [-289, -360]]
[[1, 0], [55, 81], [-131, -189]]
[[1, 0], [55, 84], [-235, -336]]
[[1, 0], [55, 84], [-337, -504]]
[[1, 0], [57, 98], [-237, -392]]
[[1, 0], [58, 63], [-314, -315]]
[[1, 0], [58, 63], [-473, -504]]
[[1, 0], [59, 126], [-185, -378]]
[[1, 0], [59, 126], [-241, -504]]
[[1, 0], [59, 168], [-127, -336]]
[[1, 0], [59, 168], [-181, -504]]
[[1, 0], [59, 168], [-65, -168]]
[[1, 0], [59, 252], [-121, -504]]
[[1, 0], [59, 63], [-109, -105]]
[[1, 0], [59, 63], [-319, -315]]
[[1, 0], [59, 63], [-481, -504]]
[[1, 0], [59, 63], [-67, -63]]
[[1, 0], [59, 72], [-139, -144]]
[[1, 0], [59, 72], [-211, -252]]
[[1, 0], [59, 72], [-271, -288]]
[[1, 0], [59, 72], [-421, -504]]
[[1, 0], [59, 72], [-71, -84]]
[[1, 0], [59, 72], [-79, -90]]
[[1, 0], [59, 72], [-95, -96]]
[[1, 0], [59, 84], [-251, -336]]
[[1, 0], [59, 84], [-361, -504]]
[[1, 0], [59, 87], [-289, -261]]
[[1, 0], [6, 35], [-129, -280]]
[[1, 0], [6, 35], [-22, -63]]
[[1, 0], [6, 35], [-33, -56]]
[[1, 0], [6, 35], [-94, -315]]
[[1, 0], [6, 7], [-129, -56]]
[[1, 0], [6, 7], [-1590, -259]]
[[1, 0], [6, 7], [-258, -37]]
[[1, 0], [6, 7], [-454, -315]]
[[1, 0], [6, 7], [-505, -504]]
[[1, 0], [6, 7], [-73, -72]]
[[1, 0], [6, 7], [-78, -7]]
[[1, 0], [6, 7], [-94, -63]]
[[1, 0], [61, 105], [-199, -315]]
[[1, 0], [61, 108], [-197, -324]]
[[1, 0], [61, 108], [-251, -432]]
[[1, 0], [61, 126], [-191, -378]]
[[1, 0], [61, 140], [-149, -280]]
[[1, 0], [61, 144], [-143, -288]]
[[1, 0], [61, 144], [-95, -216]]
[[1, 0], [61, 168], [-131, -336]]
[[1, 0], [61, 168], [-187, -504]]
[[1, 0], [61, 252], [-125, -504]]
[[1, 0], [61, 270], [-89, -270]]
[[1, 0], [61, 336], [-67, -336]]
[[1, 0], [61, 70], [-289, -280]]
[[1, 0], [61, 72], [-319, -360]]
[[1, 0], [61, 80], [-109, -140]]
[[1, 0], [61, 84], [-373, -504]]
[[1, 0], [61, 84], [-71, -96]]
[[1, 0], [61, 90], [-239, -270]]
[[1, 0], [62, 63], [-169, -168]]
[[1, 0], [62, 63], [-334, -315]]
[[1, 0], [62, 63], [-505, -504]]
[[1, 0], [62, 63], [-73, -72]]
[[1, 0], [64, 81], [-152, -189]]
[[1, 0], [65, 126], [-265, -504]]
[[1, 0], [65, 126], [-89, -168]]
[[1, 0], [65, 128], [-319, -256]]
[[1, 0], [65, 144], [-101, -216]]
[[1, 0], [65, 144], [-151, -288]]
[[1, 0], [65, 168], [-139, -336]]
[[1, 0], [65, 168], [-199, -504]]
[[1, 0], [65, 256], [-191, -256]]
[[1, 0], [65, 288], [-79, -288]]
[[1, 0], [65, 504], [-67, -504]]
[[1, 0], [65, 72], [-103, -96]]
[[1, 0], [65, 72], [-155, -168]]
[[1, 0], [65, 72], [-295, -288]]
[[1, 0], [65, 72], [-463, -504]]
[[1, 0], [65, 84], [-275, -336]]
[[1, 0], [65, 84], [-397, -504]]
[[1, 0], [65, 96], [-115, -144]]
[[1, 0], [65, 96], [-223, -288]]
[[1, 0], [67, 108], [-215, -324]]
[[1, 0], [67, 108], [-275, -432]]
[[1, 0], [67, 126], [-209, -378]]
[[1, 0], [67, 132], [-197, -264]]
[[1, 0], [67, 168], [-103, -252]]
[[1, 0], [67, 168], [-143, -336]]
[[1, 0], [67, 168], [-205, -504]]
[[1, 0], [67, 168], [-73, -168]]
[[1, 0], [67, 252], [-137, -504]]
[[1, 0], [67, 264], [-109, -264]]
[[1, 0], [67, 378], [-71, -378]]
[[1, 0], [67, 72], [-155, -144]]
[[1, 0], [67, 72], [-239, -252]]
[[1, 0], [67, 72], [-349, -360]]
[[1, 0], [67, 72], [-89, -90]]
[[1, 0], [67, 84], [-283, -336]]
[[1, 0], [67, 84], [-409, -504]]
[[1, 0], [7, 108], [-35, -324]]
[[1, 0], [7, 108], [-35, -432]]
[[1, 0], [7, 12], [-283, -336]]
[[1, 0], [7, 12], [-287, -324]]
[[1, 0], [7, 12], [-287, -384]]
[[1, 0], [7, 12], [-299, -420]]
[[1, 0], [7, 12], [-337, -504]]
[[1, 0], [7, 12], [-343, -288]]
[[1, 0], [7, 12], [-413, -276]]
[[1, 0], [7, 12], [-61, -84]]
[[1, 0], [7, 12], [-637, -264]]
[[1, 0], [7, 12], [-77, -24]]
[[1, 0], [7, 18], [-191, -378]]
[[1, 0], [7, 18], [-203, -306]]
[[1, 0], [7, 18], [-203, -432]]
[[1, 0], [7, 18], [-329, -270]]
[[1, 0], [7, 18], [-77, -54]]
[[1, 0], [7, 24], [-143, -336]]
[[1, 0], [7, 24], [-169, -504]]
[[1, 0], [7, 24], [-175, -132]]
[[1, 0], [7, 24], [-175, -288]]
[[1, 0], [7, 24], [-22, -63]]
[[1, 0], [7, 24], [-329, -264]]
[[1, 0], [7, 24], [-43, -126]]
[[1, 0], [7, 24], [-49, -24]]
[[1, 0], [7, 24], [-49, -72]]
[[1, 0], [7, 24], [-73, -168]]
[[1, 0], [7, 24], [-77, -156]]
[[1, 0], [7, 24], [-77, -216]]
[[1, 0], [7, 24], [-85, -252]]
[[1, 0], [7, 24], [-91, -144]]
[[1, 0], [7, 27], [-19, -63]]
[[1, 0], [7, 36], [-113, -504]]
[[1, 0], [7, 36], [-119, -288]]
[[1, 0], [7, 54], [-119, -270]]
[[1, 0], [7, 54], [-23, -126]]
[[1, 0], [7, 54], [-35, -54]]
[[1, 0], [7, 54], [-49, -90]]
[[1, 0], [7, 54], [-65, -378]]
[[1, 0], [7, 72], [-29, -252]]
[[1, 0], [7, 72], [-35, -144]]
[[1, 0], [7, 72], [-49, -360]]
[[1, 0], [7, 8], [-1183, -128]]
[[1, 0], [7, 8], [-121, -56]]
[[1, 0], [7, 8], [-127, -126]]
[[1, 0], [7, 8], [-133, -72]]
[[1, 0], [7, 8], [-149, -70]]
[[1, 0], [7, 8], [-203, -16]]
[[1, 0], [7, 8], [-2303, -256]]
[[1, 0], [7, 8], [-253, -252]]
[[1, 0], [7, 8], [-259, -144]]
[[1, 0], [7, 8], [-289, -140]]
[[1, 0], [7, 8], [-343, -32]]
[[1, 0], [7, 8], [-37, -14]]
[[1, 0], [7, 8], [-433, -392]]
[[1, 0], [7, 8], [-455, -304]]
[[1, 0], [7, 8], [-455, -432]]
[[1, 0], [7, 8], [-505, -504]]
[[1, 0], [7, 8], [-511, -288]]
[[1, 0], [7, 8], [-569, -280]]
[[1, 0], [7, 8], [-623, -64]]
[[1, 0], [7, 8], [-64, -63]]
[[1, 0], [7, 8], [-65, -28]]
[[1, 0], [7, 8], [-679, -272]]
[[1, 0], [7, 8], [-79, -35]]
[[1, 0], [7, 9], [-1043, -261]]
[[1, 0], [7, 9], [-389, -315]]
[[1, 0], [7, 9], [-449, -504]]
[[1, 0], [7, 9], [-455, -288]]
[[1, 0], [7, 9], [-77, -72]]
[[1, 0], [71, 105], [-229, -315]]
[[1, 0], [71, 126], [-221, -378]]
[[1, 0], [71, 126], [-289, -504]]
[[1, 0], [71, 126], [-97, -168]]
[[1, 0], [71, 140], [-169, -280]]
[[1, 0], [71, 168], [-109, -252]]
[[1, 0], [71, 168], [-151, -336]]
[[1, 0], [71, 180], [-149, -360]]
[[1, 0], [71, 252], [-145, -504]]
[[1, 0], [71, 280], [-89, -280]]
[[1, 0], [71, 294], [-83, -294]]
[[1, 0], [71, 315], [-79, -315]]
[[1, 0], [71, 504], [-73, -504]]
[[1, 0], [71, 72], [-127, -126]]
[[1, 0], [71, 72], [-163, -144]]
[[1, 0], [71, 72], [-169, -168]]
[[1, 0], [71, 72], [-253, -252]]
[[1, 0], [71, 72], [-319, -288]]
[[1, 0], [71, 72], [-505, -504]]
[[1, 0], [71, 72], [-85, -72]]
[[1, 0], [71, 72], [-85, -84]]
[[1, 0], [71, 84], [-299, -336]]
[[1, 0], [71, 84], [-433, -504]]
[[1, 0], [71, 90], [-101, -126]]
[[1, 0], [71, 90], [-269, -270]]
[[1, 0], [71, 98], [-293, -392]]
[[1, 0], [73, 108], [-233, -324]]
[[1, 0], [73, 108], [-299, -432]]
[[1, 0], [73, 126], [-227, -378]]
[[1, 0], [73, 144], [-113, -216]]
[[1, 0], [73, 144], [-167, -288]]
[[1, 0], [73, 168], [-155, -336]]
[[1, 0], [73, 168], [-223, -504]]
[[1, 0], [73, 252], [-149, -504]]
[[1, 0], [73, 81], [-173, -189]]
[[1, 0], [73, 84], [-307, -336]]
[[1, 0], [73, 84], [-445, -504]]
[[1, 0], [73, 96], [-127, -144]]
[[1, 0], [73, 96], [-247, -288]]
[[1, 0], [76, 105], [-244, -315]]
[[1, 0], [77, 144], [-119, -216]]
[[1, 0], [77, 144], [-175, -288]]
[[1, 0], [77, 144], [-91, -144]]
[[1, 0], [79, 108], [-251, -324]]
[[1, 0], [79, 108], [-323, -432]]
[[1, 0], [79, 168], [-121, -252]]
[[1, 0], [79, 168], [-167, -336]]
[[1, 0], [79, 168], [-241, -504]]
[[1, 0], [79, 168], [-85, -168]]
[[1, 0], [79, 273], [-103, -273]]
[[1, 0], [79, 84], [-331, -336]]
[[1, 0], [79, 84], [-481, -504]]
[[1, 0], [8, 21], [-179, -336]]
[[1, 0], [8, 21], [-184, -315]]
[[1, 0], [8, 21], [-272, -273]]
[[1, 0], [8, 21], [-40, -63]]
[[1, 0], [8, 49], [-13, -56]]
[[1, 0], [8, 63], [-16, -63]]
[[1, 0], [8, 63], [-25, -168]]
[[1, 0], [8, 63], [-64, -315]]
[[1, 0], [8, 63], [-73, -504]]
[[1, 0], [8, 9], [-1072, -261]]
[[1, 0], [8, 9], [-144, -29]]
[[1, 0], [8, 9], [-167, -96]]
[[1, 0], [8, 9], [-169, -168]]
[[1, 0], [8, 9], [-32, -21]]
[[1, 0], [8, 9], [-376, -87]]
[[1, 0], [8, 9], [-424, -315]]
[[1, 0], [8, 9], [-487, -288]]
[[1, 0], [8, 9], [-505, -504]]
[[1, 0], [8, 9], [-57, -56]]
[[1, 0], [8, 9], [-64, -9]]
[[1, 0], [8, 9], [-85, -72]]
[[1, 0], [8, 9], [-88, -63]]
[[1, 0], [81, 280], [-99, -280]]
[[1, 0], [83, 126], [-113, -168]]
[[1, 0], [83, 126], [-257, -378]]
[[1, 0], [83, 126], [-337, -504]]
[[1, 0], [83, 168], [-127, -252]]
[[1, 0], [83, 168], [-253, -504]]
[[1, 0], [83, 252], [-169, -504]]
[[1, 0], [83, 84], [-347, -336]]
[[1, 0], [83, 84], [-505, -504]]
[[1, 0], [85, 108], [-269, -324]]
[[1, 0], [85, 108], [-347, -432]]
[[1, 0], [85, 126], [-263, -378]]
[[1, 0], [85, 144], [-131, -216]]
[[1, 0], [85, 144], [-191, -288]]
[[1, 0], [85, 168], [-179, -336]]
[[1, 0], [85, 252], [-173, -504]]
[[1, 0], [85, 294], [-97, -294]]
[[1, 0], [85, 98], [-349, -392]]
[[1, 0], [86, 105], [-274, -315]]
[[1, 0], [89, 126], [-121, -168]]
[[1, 0], [89, 126], [-275, -378]]
[[1, 0], [89, 126], [-361, -504]]
[[1, 0], [89, 132], [-241, -264]]
[[1, 0], [89, 144], [-137, -216]]
[[1, 0], [89, 144], [-199, -288]]
[[1, 0], [89, 168], [-187, -336]]
[[1, 0], [89, 168], [-271, -504]]
[[1, 0], [89, 252], [-181, -504]]
[[1, 0], [89, 264], [-131, -264]]
[[1, 0], [89, 96], [-151, -144]]
[[1, 0], [89, 96], [-295, -288]]
[[1, 0], [9, 14], [-299, -378]]
[[1, 0], [9, 14], [-361, -504]]
[[1, 0], [9, 14], [-369, -280]]
[[1, 0], [9, 14], [-45, -14]]
[[1, 0], [9, 14], [-45, -46]]
[[1, 0], [9, 14], [-45, -56]]
[[1, 0], [9, 14], [-531, -266]]
[[1, 0], [9, 14], [-81, -56]]
[[1, 0], [9, 16], [-1215, -256]]
[[1, 0], [9, 16], [-295, -288]]
[[1, 0], [9, 28], [-153, -308]]
[[1, 0], [9, 28], [-153, -392]]
[[1, 0], [9, 28], [-181, -504]]
[[1, 0], [9, 28], [-45, -56]]
[[1, 0], [9, 32], [-135, -32]]
[[1, 0], [9, 32], [-151, -288]]
[[1, 0], [9, 32], [-207, -64]]
[[1, 0], [9, 32], [-25, -36]]
[[1, 0], [9, 32], [-351, -128]]
[[1, 0], [9, 32], [-43, -72]]
[[1, 0], [9, 32], [-639, -256]]
[[1, 0], [9, 32], [-79, -144]]
[[1, 0], [9, 56], [-27, -56]]
[[1, 0], [9, 56], [-99, -280]]
[[1, 0], [91, 108], [-287, -324]]
[[1, 0], [91, 108], [-371, -432]]
[[1, 0], [91, 270], [-119, -270]]
[[1, 0], [95, 126], [-293, -378]]
[[1, 0], [95, 168], [-145, -252]]
[[1, 0], [95, 168], [-199, -336]]
[[1, 0], [95, 168], [-289, -504]]
[[1, 0], [95, 252], [-193, -504]]
[[1, 0], [97, 108], [-305, -324]]
[[1, 0], [97, 108], [-395, -432]]
[[1, 0], [97, 126], [-299, -378]]
[[1, 0], [97, 128], [-383, -256]]
[[1, 0], [97, 144], [-149, -216]]
[[1, 0], [97, 144], [-215, -288]]
[[1, 0], [97, 168], [-295, -504]]
[[1, 0], [97, 252], [-197, -504]]
[[1, 0], [97, 336], [-103, -336]]
