[[1, 0], [0, 1], [-101529, -260]]
[[1, 0], [0, 1], [-1167, -32]]
[[1, 0], [0, 1], [-1556, -173]]
[[1, 0], [0, 1], [-1556, -1]]
[[1, 0], [0, 1], [-1556, -9]]
[[1, 0], [0, 1], [-15560, -19]]
[[1, 0], [0, 1], [-15560, -819]]
[[1, 0], [0, 1], [-1557, -1556]]
[[1, 0], [0, 1], [-16727, -816]]
[[1, 0], [0, 1], [-18672, -263]]
[[1, 0], [0, 1], [-18672, -71]]
[[1, 0], [0, 1], [-1945, -4]]
[[1, 0], [0, 1], [-20617, -52]]
[[1, 0], [0, 1], [-2336, -1167]]
[[1, 0], [0, 1], [-23729, -60]]
[[1, 0], [0, 1], [-303809, -780]]
[[1, 0], [0, 1], [-3112, -11]]
[[1, 0], [0, 1], [-3112, -283]]
[[1, 0], [0, 1], [-32676, -41]]
[[1, 0], [0, 1], [-32676, -797]]
[[1, 0], [0, 1], [-389, -12]]
[[1, 0], [0, 1], [-389, -156]]
[[1, 0], [0, 1], [-389, -20]]
[[1, 0], [0, 1], [-389, -260]]
[[1, 0], [0, 1], [-389, -4]]
[[1, 0], [0, 1], [-389, -52]]
[[1, 0], [0, 1], [-389, -60]]
[[1, 0], [0, 1], [-4668, -161]]
[[1, 0], [0, 1], [-4668, -29]]
[[1, 0], [0, 1], [-5057, -12]]
[[1, 0], [0, 1], [-606840, -779]]
[[1, 0], [0, 1], [-61073, -156]]
[[1, 0], [0, 1], [-780, -389]]
[[1, 0], [0, 1], [-8169, -20]]
[[1, 0], [0, 1], [-8169, -860]]
[[1, 0], [1, 10], [-10529, -260]]
[[1, 0], [1, 10], [-1105, -158]]
[[1, 0], [1, 10], [-1169, -20]]
[[1, 0], [1, 10], [-161, -54]]
[[1, 0], [1, 10], [-173, -174]]
[[1, 0], [1, 10], [-2417, -52]]
[[1, 0], [1, 10], [-2729, -60]]
[[1, 0], [1, 10], [-30809, -780]]
[[1, 0], [1, 10], [-6473, -156]]
[[1, 0], [1, 10], [-857, -12]]
[[1, 0], [1, 112], [-587, -392]]
[[1, 0], [1, 1167], [-5, -1167]]
[[1, 0], [1, 11], [-113, -76]]
[[1, 0], [1, 11], [-179, -24]]
[[1, 0], [1, 11], [-18743, -781]]
[[1, 0], [1, 12], [-1039, -20]]
[[1, 0], [1, 12], [-2079, -52]]
[[1, 0], [1, 12], [-2339, -60]]
[[1, 0], [1, 12], [-25739, -780]]
[[1, 0], [1, 12], [-283, -284]]
[[1, 0], [1, 12], [-395, -72]]
[[1, 0], [1, 12], [-467, -936]]
[[1, 0], [1, 12], [-5459, -156]]
[[1, 0], [1, 12], [-779, -12]]
[[1, 0], [1, 12], [-8839, -260]]
[[1, 0], [1, 130], [-1169, -260]]
[[1, 0], [1, 130], [-2729, -780]]
[[1, 0], [1, 130], [-857, -156]]
[[1, 0], [1, 132], [-395, -792]]
[[1, 0], [1, 13], [-1949, -52]]
[[1, 0], [1, 13], [-2189, -60]]
[[1, 0], [1, 13], [-23789, -780]]
[[1, 0], [1, 13], [-5069, -156]]
[[1, 0], [1, 13], [-8189, -260]]
[[1, 0], [1, 13], [-989, -20]]
[[1, 0], [1, 14], [-1175, -112]]
[[1, 0], [1, 14], [-279, -16]]
[[1, 0], [1, 14], [-65, -132]]
[[1, 0], [1, 14], [-7447, -784]]
[[1, 0], [1, 14], [-797, -266]]
[[1, 0], [1, 1556], [-3, -1556]]
[[1, 0], [1, 156], [-1039, -260]]
[[1, 0], [1, 156], [-2339, -780]]
[[1, 0], [1, 156], [-779, -156]]
[[1, 0], [1, 15], [-1741, -52]]
[[1, 0], [1, 15], [-1949, -60]]
[[1, 0], [1, 15], [-20669, -780]]
[[1, 0], [1, 15], [-211, -53]]
[[1, 0], [1, 15], [-4445, -156]]
[[1, 0], [1, 15], [-449, -900]]
[[1, 0], [1, 15], [-7149, -260]]
[[1, 0], [1, 15], [-909, -20]]
[[1, 0], [1, 16], [-203, -136]]
[[1, 0], [1, 16], [-3331, -392]]
[[1, 0], [1, 16], [-399, -160]]
[[1, 0], [1, 16], [-587, -56]]
[[1, 0], [1, 17], [-441, -884]]
[[1, 0], [1, 18], [-131, -24]]
[[1, 0], [1, 195], [-1949, -780]]
[[1, 0], [1, 195], [-909, -260]]
[[1, 0], [1, 197], [-393, -788]]
[[1, 0], [1, 198], [-131, -264]]
[[1, 0], [1, 19], [-1557, -19]]
[[1, 0], [1, 19], [-23, -48]]
[[1, 0], [1, 19], [-2459, -41]]
[[1, 0], [1, 19], [-32717, -779]]
[[1, 0], [1, 20], [-1403, -52]]
[[1, 0], [1, 20], [-1559, -60]]
[[1, 0], [1, 20], [-15599, -780]]
[[1, 0], [1, 20], [-3431, -156]]
[[1, 0], [1, 20], [-5459, -260]]
[[1, 0], [1, 20], [-779, -20]]
[[1, 0], [1, 20], [-819, -820]]
[[1, 0], [1, 22], [-39, -80]]
[[1, 0], [1, 24], [-263, -88]]
[[1, 0], [1, 24], [-989, -396]]
[[1, 0], [1, 25], [-1199, -800]]
[[1, 0], [1, 25], [-17, -36]]
[[1, 0], [1, 260], [-1559, -780]]
[[1, 0], [1, 260], [-779, -260]]
[[1, 0], [1, 26], [-1169, -52]]
[[1, 0], [1, 26], [-12089, -780]]
[[1, 0], [1, 26], [-1289, -60]]
[[1, 0], [1, 26], [-2729, -156]]
[[1, 0], [1, 26], [-4289, -260]]
[[1, 0], [1, 27], [-4697, -783]]
[[1, 0], [1, 28], [-419, -840]]
[[1, 0], [1, 29], [-1565, -261]]
[[1, 0], [1, 2], [-10529, -52]]
[[1, 0], [1, 2], [-10907, -808]]
[[1, 0], [1, 2], [-1169, -4]]
[[1, 0], [1, 2], [-1175, -16]]
[[1, 0], [1, 2], [-12089, -60]]
[[1, 0], [1, 2], [-12461, -804]]
[[1, 0], [1, 2], [-1313, -292]]
[[1, 0], [1, 2], [-152489, -780]]
[[1, 0], [1, 2], [-1557, -1556]]
[[1, 0], [1, 2], [-15959, -798]]
[[1, 0], [1, 2], [-1751, -1168]]
[[1, 0], [1, 2], [-2075, -1038]]
[[1, 0], [1, 2], [-26069, -790]]
[[1, 0], [1, 2], [-2729, -12]]
[[1, 0], [1, 2], [-2801, -934]]
[[1, 0], [1, 2], [-30809, -156]]
[[1, 0], [1, 2], [-31125, -788]]
[[1, 0], [1, 2], [-3177, -908]]
[[1, 0], [1, 2], [-4289, -20]]
[[1, 0], [1, 2], [-4691, -46]]
[[1, 0], [1, 2], [-4707, -856]]
[[1, 0], [1, 2], [-51089, -260]]
[[1, 0], [1, 2], [-51351, -784]]
[[1, 0], [1, 2], [-5865, -838]]
[[1, 0], [1, 2], [-6639, -830]]
[[1, 0], [1, 2], [-7447, -112]]
[[1, 0], [1, 2], [-7523, -264]]
[[1, 0], [1, 2], [-76635, -782]]
[[1, 0], [1, 2], [-797, -38]]
[[1, 0], [1, 30], [-10529, -780]]
[[1, 0], [1, 30], [-1065, -52]]
[[1, 0], [1, 30], [-1169, -60]]
[[1, 0], [1, 30], [-139, -280]]
[[1, 0], [1, 30], [-161, -162]]
[[1, 0], [1, 30], [-2417, -156]]
[[1, 0], [1, 30], [-3769, -260]]
[[1, 0], [1, 32], [-149, -100]]
[[1, 0], [1, 32], [-415, -832]]
[[1, 0], [1, 33], [-179, -72]]
[[1, 0], [1, 34], [-459, -46]]
[[1, 0], [1, 34], [-4691, -782]]
[[1, 0], [1, 35], [-59, -120]]
[[1, 0], [1, 389], [-11, -1167]]
[[1, 0], [1, 389], [-5, -389]]
[[1, 0], [1, 389], [-9, -1556]]
[[1, 0], [1, 38], [-83, -42]]
[[1, 0], [1, 390], [-1169, -780]]
[[1, 0], [1, 392], [-391, -784]]
[[1, 0], [1, 39], [-1949, -156]]
[[1, 0], [1, 39], [-2989, -260]]
[[1, 0], [1, 39], [-8189, -780]]
[[1, 0], [1, 39], [-909, -52]]
[[1, 0], [1, 39], [-989, -60]]
[[1, 0], [1, 3], [-101789, -780]]
[[1, 0], [1, 3], [-1067, -89]]
[[1, 0], [1, 3], [-1169, -1167]]
[[1, 0], [1, 3], [-135, -16]]
[[1, 0], [1, 3], [-1565, -27]]
[[1, 0], [1, 3], [-167, -112]]
[[1, 0], [1, 3], [-1715, -88]]
[[1, 0], [1, 3], [-18935, -789]]
[[1, 0], [1, 3], [-1949, -12]]
[[1, 0], [1, 3], [-20669, -156]]
[[1, 0], [1, 3], [-2989, -20]]
[[1, 0], [1, 3], [-3395, -849]]
[[1, 0], [1, 3], [-34189, -260]]
[[1, 0], [1, 3], [-391, -389]]
[[1, 0], [1, 3], [-449, -180]]
[[1, 0], [1, 3], [-4697, -87]]
[[1, 0], [1, 3], [-7149, -52]]
[[1, 0], [1, 3], [-8189, -60]]
[[1, 0], [1, 3], [-909, -4]]
[[1, 0], [1, 40], [-41, -84]]
[[1, 0], [1, 41], [-1557, -41]]
[[1, 0], [1, 41], [-15579, -779]]
[[1, 0], [1, 41], [-409, -820]]
[[1, 0], [1, 42], [-797, -798]]
[[1, 0], [1, 44], [-395, -264]]
[[1, 0], [1, 48], [-203, -408]]
[[1, 0], [1, 4], [-1559, -12]]
[[1, 0], [1, 4], [-15599, -156]]
[[1, 0], [1, 4], [-2339, -20]]
[[1, 0], [1, 4], [-25739, -260]]
[[1, 0], [1, 4], [-3707, -824]]
[[1, 0], [1, 4], [-395, -24]]
[[1, 0], [1, 4], [-419, -120]]
[[1, 0], [1, 4], [-467, -312]]
[[1, 0], [1, 4], [-4871, -812]]
[[1, 0], [1, 4], [-5459, -52]]
[[1, 0], [1, 4], [-6239, -60]]
[[1, 0], [1, 4], [-76439, -780]]
[[1, 0], [1, 4], [-779, -1556]]
[[1, 0], [1, 4], [-779, -4]]
[[1, 0], [1, 4], [-819, -164]]
[[1, 0], [1, 51], [-135, -272]]
[[1, 0], [1, 52], [-1559, -156]]
[[1, 0], [1, 52], [-2339, -260]]
[[1, 0], [1, 52], [-6239, -780]]
[[1, 0], [1, 52], [-779, -52]]
[[1, 0], [1, 52], [-839, -60]]
[[1, 0], [1, 56], [-1959, -784]]
[[1, 0], [1, 56], [-391, -112]]
[[1, 0], [1, 5], [-1199, -160]]
[[1, 0], [1, 5], [-12557, -156]]
[[1, 0], [1, 5], [-1325, -12]]
[[1, 0], [1, 5], [-1729, -865]]
[[1, 0], [1, 5], [-1949, -20]]
[[1, 0], [1, 5], [-20669, -260]]
[[1, 0], [1, 5], [-4445, -52]]
[[1, 0], [1, 5], [-449, -300]]
[[1, 0], [1, 5], [-4829, -805]]
[[1, 0], [1, 5], [-5069, -60]]
[[1, 0], [1, 5], [-61229, -780]]
[[1, 0], [1, 5], [-649, -1300]]
[[1, 0], [1, 60], [-1403, -156]]
[[1, 0], [1, 60], [-2079, -260]]
[[1, 0], [1, 60], [-5459, -780]]
[[1, 0], [1, 60], [-779, -60]]
[[1, 0], [1, 65], [-1325, -156]]
[[1, 0], [1, 65], [-1949, -260]]
[[1, 0], [1, 65], [-5069, -780]]
[[1, 0], [1, 66], [-131, -88]]
[[1, 0], [1, 67], [-401, -804]]
[[1, 0], [1, 6], [-10529, -156]]
[[1, 0], [1, 6], [-1169, -12]]
[[1, 0], [1, 6], [-131, -8]]
[[1, 0], [1, 6], [-1313, -876]]
[[1, 0], [1, 6], [-139, -56]]
[[1, 0], [1, 6], [-1689, -20]]
[[1, 0], [1, 6], [-17289, -260]]
[[1, 0], [1, 6], [-195, -392]]
[[1, 0], [1, 6], [-3769, -52]]
[[1, 0], [1, 6], [-4289, -60]]
[[1, 0], [1, 6], [-51089, -780]]
[[1, 0], [1, 6], [-7523, -792]]
[[1, 0], [1, 6], [-797, -114]]
[[1, 0], [1, 71], [-3123, -781]]
[[1, 0], [1, 72], [-263, -264]]
[[1, 0], [1, 778], [-5, -1556]]
[[1, 0], [1, 779], [-1557, -779]]
[[1, 0], [1, 780], [-779, -780]]
[[1, 0], [1, 78], [-1169, -156]]
[[1, 0], [1, 78], [-1689, -260]]
[[1, 0], [1, 78], [-4289, -780]]
[[1, 0], [1, 7], [-545, -1092]]
[[1, 0], [1, 7], [-59, -24]]
[[1, 0], [1, 80], [-399, -800]]
[[1, 0], [1, 87], [-1565, -783]]
[[1, 0], [1, 8], [-12935, -784]]
[[1, 0], [1, 8], [-1959, -112]]
[[1, 0], [1, 8], [-391, -16]]
[[1, 0], [1, 8], [-519, -1040]]
[[1, 0], [1, 8], [-989, -132]]
[[1, 0], [1, 98], [-1175, -784]]
[[1, 0], [1, 98], [-279, -112]]
[[1, 0], [1, 9], [-1067, -267]]
[[1, 0], [1, 9], [-167, -336]]
[[1, 0], [1, 9], [-1715, -264]]
[[1, 0], [1, 9], [-4697, -261]]
[[1, 0], [10, 1167], [-14, -1167]]
[[1, 0], [10, 389], [-14, -389]]
[[1, 0], [10, 389], [-38, -1167]]
[[1, 0], [10, 389], [-45, -1556]]
[[1, 0], [100, 1167], [-104, -1167]]
[[1, 0], [100, 389], [-104, -389]]
[[1, 0], [100, 389], [-308, -1167]]
[[1, 0], [100, 389], [-405, -1556]]
[[1, 0], [101, 1556], [-103, -1556]]
[[1, 0], [101, 389], [-105, -389]]
[[1, 0], [101, 389], [-311, -1167]]
[[1, 0], [101, 389], [-409, -1556]]
[[1, 0], [101, 778], [-205, -1556]]
[[1, 0], [102, 389], [-106, -389]]
[[1, 0], [102, 389], [-314, -1167]]
[[1, 0], [102, 389], [-413, -1556]]
[[1, 0], [103, 1167], [-107, -1167]]
[[1, 0], [103, 1556], [-105, -1556]]
[[1, 0], [103, 389], [-107, -389]]
[[1, 0], [103, 389], [-317, -1167]]
[[1, 0], [103, 389], [-417, -1556]]
[[1, 0], [103, 778], [-209, -1556]]
[[1, 0], [104, 389], [-108, -389]]
[[1, 0], [104, 389], [-320, -1167]]
[[1, 0], [104, 389], [-421, -1556]]
[[1, 0], [105, 1556], [-107, -1556]]
[[1, 0], [105, 389], [-109, -389]]
[[1, 0], [105, 389], [-323, -1167]]
[[1, 0], [105, 389], [-425, -1556]]
[[1, 0], [105, 778], [-213, -1556]]
[[1, 0], [106, 1167], [-110, -1167]]
[[1, 0], [106, 389], [-110, -389]]
[[1, 0], [106, 389], [-326, -1167]]
[[1, 0], [106, 389], [-429, -1556]]
[[1, 0], [107, 1556], [-109, -1556]]
[[1, 0], [107, 389], [-111, -389]]
[[1, 0], [107, 389], [-329, -1167]]
[[1, 0], [107, 389], [-433, -1556]]
[[1, 0], [107, 778], [-217, -1556]]
[[1, 0], [108, 389], [-112, -389]]
[[1, 0], [108, 389], [-332, -1167]]
[[1, 0], [108, 389], [-437, -1556]]
[[1, 0], [109, 1167], [-113, -1167]]
[[1, 0], [109, 1556], [-111, -1556]]
[[1, 0], [109, 389], [-113, -389]]
[[1, 0], [109, 389], [-335, -1167]]
[[1, 0], [109, 389], [-441, -1556]]
[[1, 0], [109, 778], [-221, -1556]]
[[1, 0], [11, 1556], [-13, -1556]]
[[1, 0], [11, 20], [-1169, -39]]
[[1, 0], [11, 20], [-1229, -820]]
[[1, 0], [11, 20], [-1429, -52]]
[[1, 0], [11, 20], [-1589, -60]]
[[1, 0], [11, 20], [-15989, -780]]
[[1, 0], [11, 20], [-1689, -65]]
[[1, 0], [11, 20], [-1949, -78]]
[[1, 0], [11, 20], [-2989, -130]]
[[1, 0], [11, 20], [-3509, -156]]
[[1, 0], [11, 20], [-4289, -195]]
[[1, 0], [11, 20], [-499, -200]]
[[1, 0], [11, 20], [-5589, -260]]
[[1, 0], [11, 20], [-789, -20]]
[[1, 0], [11, 20], [-8189, -390]]
[[1, 0], [11, 20], [-909, -26]]
[[1, 0], [11, 20], [-989, -30]]
[[1, 0], [11, 389], [-15, -389]]
[[1, 0], [11, 389], [-41, -1167]]
[[1, 0], [11, 389], [-49, -1556]]
[[1, 0], [11, 778], [-25, -1556]]
[[1, 0], [110, 389], [-114, -389]]
[[1, 0], [110, 389], [-338, -1167]]
[[1, 0], [110, 389], [-445, -1556]]
[[1, 0], [111, 1556], [-113, -1556]]
[[1, 0], [111, 389], [-115, -389]]
[[1, 0], [111, 389], [-341, -1167]]
[[1, 0], [111, 389], [-449, -1556]]
[[1, 0], [111, 778], [-225, -1556]]
[[1, 0], [112, 1167], [-116, -1167]]
[[1, 0], [112, 389], [-116, -389]]
[[1, 0], [112, 389], [-344, -1167]]
[[1, 0], [112, 389], [-453, -1556]]
[[1, 0], [113, 1556], [-115, -1556]]
[[1, 0], [113, 389], [-117, -389]]
[[1, 0], [113, 389], [-347, -1167]]
[[1, 0], [113, 389], [-457, -1556]]
[[1, 0], [113, 778], [-229, -1556]]
[[1, 0], [114, 389], [-118, -389]]
[[1, 0], [114, 389], [-350, -1167]]
[[1, 0], [114, 389], [-461, -1556]]
[[1, 0], [115, 1167], [-119, -1167]]
[[1, 0], [115, 1556], [-117, -1556]]
[[1, 0], [115, 389], [-119, -389]]
[[1, 0], [115, 389], [-353, -1167]]
[[1, 0], [115, 389], [-465, -1556]]
[[1, 0], [115, 778], [-233, -1556]]
[[1, 0], [1156, 1167], [-1160, -1167]]
[[1, 0], [116, 389], [-120, -389]]
[[1, 0], [116, 389], [-356, -1167]]
[[1, 0], [116, 389], [-469, -1556]]
[[1, 0], [1165, 1167], [-1169, -1167]]
[[1, 0], [117, 1556], [-119, -1556]]
[[1, 0], [117, 389], [-121, -389]]
[[1, 0], [117, 389], [-359, -1167]]
[[1, 0], [117, 389], [-473, -1556]]
[[1, 0], [117, 778], [-237, -1556]]
[[1, 0], [118, 1167], [-122, -1167]]
[[1, 0], [118, 389], [-122, -389]]
[[1, 0], [118, 389], [-362, -1167]]
[[1, 0], [118, 389], [-477, -1556]]
[[1, 0], [119, 1556], [-121, -1556]]
[[1, 0], [119, 389], [-123, -389]]
[[1, 0], [119, 389], [-365, -1167]]
[[1, 0], [119, 389], [-481, -1556]]
[[1, 0], [119, 778], [-241, -1556]]
[[1, 0], [12, 389], [-16, -389]]
[[1, 0], [12, 389], [-44, -1167]]
[[1, 0], [12, 389], [-53, -1556]]
[[1, 0], [120, 389], [-124, -389]]
[[1, 0], [120, 389], [-368, -1167]]
[[1, 0], [120, 389], [-485, -1556]]
[[1, 0], [121, 1167], [-125, -1167]]
[[1, 0], [121, 1556], [-123, -1556]]
[[1, 0], [121, 389], [-125, -389]]
[[1, 0], [121, 389], [-371, -1167]]
[[1, 0], [121, 389], [-489, -1556]]
[[1, 0], [121, 778], [-245, -1556]]
[[1, 0], [122, 389], [-126, -389]]
[[1, 0], [122, 389], [-374, -1167]]
[[1, 0], [122, 389], [-493, -1556]]
[[1, 0], [123, 1556], [-125, -1556]]
[[1, 0], [123, 389], [-127, -389]]
[[1, 0], [123, 389], [-377, -1167]]
[[1, 0], [123, 389], [-497, -1556]]
[[1, 0], [123, 778], [-249, -1556]]
[[1, 0], [124, 1167], [-128, -1167]]
[[1, 0], [124, 389], [-128, -389]]
[[1, 0], [124, 389], [-380, -1167]]
[[1, 0], [124, 389], [-501, -1556]]
[[1, 0], [125, 1556], [-127, -1556]]
[[1, 0], [125, 389], [-129, -389]]
[[1, 0], [125, 389], [-383, -1167]]
[[1, 0], [125, 389], [-505, -1556]]
[[1, 0], [125, 778], [-253, -1556]]
[[1, 0], [126, 389], [-130, -389]]
[[1, 0], [126, 389], [-386, -1167]]
[[1, 0], [126, 389], [-509, -1556]]
[[1, 0], [127, 1167], [-131, -1167]]
[[1, 0], [127, 1556], [-129, -1556]]
[[1, 0], [127, 389], [-131, -389]]
[[1, 0], [127, 389], [-513, -1556]]
[[1, 0], [127, 778], [-257, -1556]]
[[1, 0], [128, 389], [-132, -389]]
[[1, 0], [128, 389], [-392, -1167]]
[[1, 0], [128, 389], [-517, -1556]]
[[1, 0], [129, 1556], [-131, -1556]]
[[1, 0], [129, 389], [-133, -389]]
[[1, 0], [129, 389], [-395, -1167]]
[[1, 0], [129, 389], [-521, -1556]]
[[1, 0], [129, 778], [-261, -1556]]
[[1, 0], [13, 1167], [-17, -1167]]
[[1, 0], [13, 1556], [-15, -1556]]
[[1, 0], [13, 24], [-1187, -396]]
[[1, 0], [13, 24], [-305, -204]]
[[1, 0], [13, 24], [-307, -88]]
[[1, 0], [13, 389], [-17, -389]]
[[1, 0], [13, 389], [-47, -1167]]
[[1, 0], [13, 389], [-57, -1556]]
[[1, 0], [13, 778], [-29, -1556]]
[[1, 0], [130, 1167], [-134, -1167]]
[[1, 0], [130, 389], [-134, -389]]
[[1, 0], [130, 389], [-398, -1167]]
[[1, 0], [130, 389], [-525, -1556]]
[[1, 0], [131, 1556], [-133, -1556]]
[[1, 0], [131, 260], [-1169, -390]]
[[1, 0], [131, 260], [-1949, -780]]
[[1, 0], [131, 260], [-909, -260]]
[[1, 0], [131, 389], [-135, -389]]
[[1, 0], [131, 389], [-401, -1167]]
[[1, 0], [131, 389], [-529, -1556]]
[[1, 0], [131, 778], [-265, -1556]]
[[1, 0], [132, 389], [-136, -389]]
[[1, 0], [132, 389], [-404, -1167]]
[[1, 0], [132, 389], [-533, -1556]]
[[1, 0], [133, 1167], [-137, -1167]]
[[1, 0], [133, 1556], [-135, -1556]]
[[1, 0], [133, 389], [-137, -389]]
[[1, 0], [133, 389], [-407, -1167]]
[[1, 0], [133, 389], [-537, -1556]]
[[1, 0], [133, 778], [-269, -1556]]
[[1, 0], [134, 389], [-138, -389]]
[[1, 0], [134, 389], [-410, -1167]]
[[1, 0], [134, 389], [-541, -1556]]
[[1, 0], [135, 1556], [-137, -1556]]
[[1, 0], [135, 389], [-139, -389]]
[[1, 0], [135, 389], [-413, -1167]]
[[1, 0], [135, 389], [-545, -1556]]
[[1, 0], [135, 778], [-273, -1556]]
[[1, 0], [136, 1167], [-140, -1167]]
[[1, 0], [136, 389], [-140, -389]]
[[1, 0], [136, 389], [-416, -1167]]
[[1, 0], [136, 389], [-549, -1556]]
[[1, 0], [137, 1556], [-139, -1556]]
[[1, 0], [137, 389], [-141, -389]]
[[1, 0], [137, 389], [-419, -1167]]
[[1, 0], [137, 389], [-553, -1556]]
[[1, 0], [137, 778], [-277, -1556]]
[[1, 0], [138, 389], [-142, -389]]
[[1, 0], [138, 389], [-422, -1167]]
[[1, 0], [138, 389], [-557, -1556]]
[[1, 0], [139, 1167], [-143, -1167]]
[[1, 0], [139, 1556], [-141, -1556]]
[[1, 0], [139, 389], [-143, -389]]
[[1, 0], [139, 389], [-425, -1167]]
[[1, 0], [139, 389], [-561, -1556]]
[[1, 0], [139, 778], [-281, -1556]]
[[1, 0], [14, 389], [-18, -389]]
[[1, 0], [14, 389], [-50, -1167]]
[[1, 0], [14, 389], [-61, -1556]]
[[1, 0], [140, 389], [-144, -389]]
[[1, 0], [140, 389], [-428, -1167]]
[[1, 0], [140, 389], [-565, -1556]]
[[1, 0], [141, 1556], [-143, -1556]]
[[1, 0], [141, 389], [-145, -389]]
[[1, 0], [141, 389], [-431, -1167]]
[[1, 0], [141, 389], [-569, -1556]]
[[1, 0], [141, 778], [-285, -1556]]
[[1, 0], [142, 1167], [-146, -1167]]
[[1, 0], [142, 389], [-146, -389]]
[[1, 0], [142, 389], [-434, -1167]]
[[1, 0], [142, 389], [-573, -1556]]
[[1, 0], [143, 1556], [-145, -1556]]
[[1, 0], [143, 389], [-147, -389]]
[[1, 0], [143, 389], [-437, -1167]]
[[1, 0], [143, 389], [-577, -1556]]
[[1, 0], [143, 778], [-289, -1556]]
[[1, 0], [144, 389], [-148, -389]]
[[1, 0], [144, 389], [-440, -1167]]
[[1, 0], [144, 389], [-581, -1556]]
[[1, 0], [145, 1167], [-149, -1167]]
[[1, 0], [145, 1556], [-147, -1556]]
[[1, 0], [145, 389], [-149, -389]]
[[1, 0], [145, 389], [-443, -1167]]
[[1, 0], [145, 389], [-585, -1556]]
[[1, 0], [145, 778], [-293, -1556]]
[[1, 0], [146, 389], [-150, -389]]
[[1, 0], [146, 389], [-446, -1167]]
[[1, 0], [146, 389], [-589, -1556]]
[[1, 0], [147, 1556], [-149, -1556]]
[[1, 0], [147, 389], [-151, -389]]
[[1, 0], [147, 389], [-449, -1167]]
[[1, 0], [147, 389], [-593, -1556]]
[[1, 0], [147, 778], [-297, -1556]]
[[1, 0], [148, 1167], [-152, -1167]]
[[1, 0], [148, 389], [-152, -389]]
[[1, 0], [148, 389], [-452, -1167]]
[[1, 0], [148, 389], [-597, -1556]]
[[1, 0], [149, 1556], [-151, -1556]]
[[1, 0], [149, 389], [-153, -389]]
[[1, 0], [149, 389], [-455, -1167]]
[[1, 0], [149, 389], [-601, -1556]]
[[1, 0], [149, 778], [-301, -1556]]
[[1, 0], [15, 1556], [-17, -1556]]
[[1, 0], [15, 28], [-2155, -392]]
[[1, 0], [15, 28], [-419, -56]]
[[1, 0], [15, 28], [-61, -62]]
[[1, 0], [15, 28], [-839, -840]]
[[1, 0], [15, 389], [-19, -389]]
[[1, 0], [15, 389], [-53, -1167]]
[[1, 0], [15, 389], [-65, -1556]]
[[1, 0], [15, 778], [-33, -1556]]
[[1, 0], [150, 389], [-154, -389]]
[[1, 0], [150, 389], [-458, -1167]]
[[1, 0], [150, 389], [-605, -1556]]
[[1, 0], [151, 1167], [-155, -1167]]
[[1, 0], [151, 1556], [-153, -1556]]
[[1, 0], [151, 389], [-155, -389]]
[[1, 0], [151, 389], [-461, -1167]]
[[1, 0], [151, 389], [-609, -1556]]
[[1, 0], [151, 778], [-305, -1556]]
[[1, 0], [152, 389], [-156, -389]]
[[1, 0], [152, 389], [-464, -1167]]
[[1, 0], [152, 389], [-613, -1556]]
[[1, 0], [153, 1556], [-155, -1556]]
[[1, 0], [153, 389], [-157, -389]]
[[1, 0], [153, 389], [-467, -1167]]
[[1, 0], [153, 389], [-617, -1556]]
[[1, 0], [153, 778], [-309, -1556]]
[[1, 0], [154, 1167], [-158, -1167]]
[[1, 0], [154, 389], [-158, -389]]
[[1, 0], [154, 389], [-470, -1167]]
[[1, 0], [154, 389], [-621, -1556]]
[[1, 0], [1549, 1556], [-1551, -1556]]
[[1, 0], [155, 1556], [-157, -1556]]
[[1, 0], [155, 389], [-159, -389]]
[[1, 0], [155, 389], [-473, -1167]]
[[1, 0], [155, 389], [-625, -1556]]
[[1, 0], [155, 778], [-313, -1556]]
[[1, 0], [1555, 1556], [-1557, -1556]]
[[1, 0], [156, 389], [-160, -389]]
[[1, 0], [156, 389], [-476, -1167]]
[[1, 0], [156, 389], [-629, -1556]]
[[1, 0], [157, 1167], [-161, -1167]]
[[1, 0], [157, 1556], [-159, -1556]]
[[1, 0], [157, 389], [-161, -389]]
[[1, 0], [157, 389], [-479, -1167]]
[[1, 0], [157, 389], [-633, -1556]]
[[1, 0], [157, 778], [-317, -1556]]
[[1, 0], [158, 389], [-162, -389]]
[[1, 0], [158, 389], [-482, -1167]]
[[1, 0], [158, 389], [-637, -1556]]
[[1, 0], [159, 1556], [-161, -1556]]
[[1, 0], [159, 389], [-163, -389]]
[[1, 0], [159, 389], [-485, -1167]]
[[1, 0], [159, 389], [-641, -1556]]
[[1, 0], [159, 778], [-321, -1556]]
[[1, 0], [16, 1167], [-20, -1167]]
[[1, 0], [16, 389], [-20, -389]]
[[1, 0], [16, 389], [-56, -1167]]
[[1, 0], [16, 389], [-69, -1556]]
[[1, 0], [160, 1167], [-164, -1167]]
[[1, 0], [160, 389], [-164, -389]]
[[1, 0], [160, 389], [-488, -1167]]
[[1, 0], [160, 389], [-645, -1556]]
[[1, 0], [161, 1556], [-163, -1556]]
[[1, 0], [161, 389], [-165, -389]]
[[1, 0], [161, 389], [-491, -1167]]
[[1, 0], [161, 389], [-649, -1556]]
[[1, 0], [161, 778], [-325, -1556]]
[[1, 0], [162, 389], [-166, -389]]
[[1, 0], [162, 389], [-494, -1167]]
[[1, 0], [162, 389], [-653, -1556]]
[[1, 0], [163, 1167], [-167, -1167]]
[[1, 0], [163, 1556], [-165, -1556]]
[[1, 0], [163, 389], [-167, -389]]
[[1, 0], [163, 389], [-497, -1167]]
[[1, 0], [163, 389], [-657, -1556]]
[[1, 0], [163, 778], [-329, -1556]]
[[1, 0], [164, 389], [-168, -389]]
[[1, 0], [164, 389], [-500, -1167]]
[[1, 0], [164, 389], [-661, -1556]]
[[1, 0], [165, 1556], [-167, -1556]]
[[1, 0], [165, 389], [-169, -389]]
[[1, 0], [165, 389], [-503, -1167]]
[[1, 0], [165, 389], [-665, -1556]]
[[1, 0], [165, 778], [-333, -1556]]
[[1, 0], [166, 1167], [-170, -1167]]
[[1, 0], [166, 389], [-170, -389]]
[[1, 0], [166, 389], [-506, -1167]]
[[1, 0], [166, 389], [-669, -1556]]
[[1, 0], [167, 1556], [-169, -1556]]
[[1, 0], [167, 389], [-171, -389]]
[[1, 0], [167, 389], [-509, -1167]]
[[1, 0], [167, 389], [-673, -1556]]
[[1, 0], [167, 778], [-337, -1556]]
[[1, 0], [168, 389], [-172, -389]]
[[1, 0], [168, 389], [-512, -1167]]
[[1, 0], [168, 389], [-677, -1556]]
[[1, 0], [169, 1167], [-173, -1167]]
[[1, 0], [169, 1556], [-171, -1556]]
[[1, 0], [169, 389], [-173, -389]]
[[1, 0], [169, 389], [-515, -1167]]
[[1, 0], [169, 389], [-681, -1556]]
[[1, 0], [169, 778], [-341, -1556]]
[[1, 0], [17, 1556], [-19, -1556]]
[[1, 0], [17, 32], [-199, -100]]
[[1, 0], [17, 32], [-53, -54]]
[[1, 0], [17, 32], [-831, -832]]
[[1, 0], [17, 389], [-21, -389]]
[[1, 0], [17, 389], [-59, -1167]]
[[1, 0], [17, 389], [-73, -1556]]
[[1, 0], [17, 778], [-37, -1556]]
[[1, 0], [170, 389], [-174, -389]]
[[1, 0], [170, 389], [-518, -1167]]
[[1, 0], [170, 389], [-685, -1556]]
[[1, 0], [171, 1556], [-173, -1556]]
[[1, 0], [171, 389], [-175, -389]]
[[1, 0], [171, 389], [-521, -1167]]
[[1, 0], [171, 389], [-689, -1556]]
[[1, 0], [171, 778], [-345, -1556]]
[[1, 0], [172, 1167], [-176, -1167]]
[[1, 0], [172, 389], [-176, -389]]
[[1, 0], [172, 389], [-524, -1167]]
[[1, 0], [172, 389], [-693, -1556]]
[[1, 0], [173, 1556], [-175, -1556]]
[[1, 0], [173, 389], [-177, -389]]
[[1, 0], [173, 389], [-527, -1167]]
[[1, 0], [173, 389], [-697, -1556]]
[[1, 0], [173, 778], [-349, -1556]]
[[1, 0], [174, 389], [-178, -389]]
[[1, 0], [174, 389], [-530, -1167]]
[[1, 0], [174, 389], [-701, -1556]]
[[1, 0], [175, 1167], [-179, -1167]]
[[1, 0], [175, 1556], [-177, -1556]]
[[1, 0], [175, 389], [-179, -389]]
[[1, 0], [175, 389], [-533, -1167]]
[[1, 0], [175, 389], [-705, -1556]]
[[1, 0], [175, 778], [-353, -1556]]
[[1, 0], [176, 389], [-180, -389]]
[[1, 0], [176, 389], [-536, -1167]]
[[1, 0], [176, 389], [-709, -1556]]
[[1, 0], [177, 1556], [-179, -1556]]
[[1, 0], [177, 389], [-181, -389]]
[[1, 0], [177, 389], [-539, -1167]]
[[1, 0], [177, 389], [-713, -1556]]
[[1, 0], [177, 778], [-357, -1556]]
[[1, 0], [178, 1167], [-182, -1167]]
[[1, 0], [178, 389], [-182, -389]]
[[1, 0], [178, 389], [-542, -1167]]
[[1, 0], [178, 389], [-717, -1556]]
[[1, 0], [179, 1556], [-181, -1556]]
[[1, 0], [179, 389], [-183, -389]]
[[1, 0], [179, 389], [-545, -1167]]
[[1, 0], [179, 389], [-721, -1556]]
[[1, 0], [179, 778], [-361, -1556]]
[[1, 0], [18, 389], [-22, -389]]
[[1, 0], [18, 389], [-62, -1167]]
[[1, 0], [18, 389], [-77, -1556]]
[[1, 0], [180, 389], [-184, -389]]
[[1, 0], [180, 389], [-548, -1167]]
[[1, 0], [180, 389], [-725, -1556]]
[[1, 0], [181, 1167], [-185, -1167]]
[[1, 0], [181, 1556], [-183, -1556]]
[[1, 0], [181, 389], [-185, -389]]
[[1, 0], [181, 389], [-551, -1167]]
[[1, 0], [181, 389], [-729, -1556]]
[[1, 0], [181, 778], [-365, -1556]]
[[1, 0], [182, 389], [-186, -389]]
[[1, 0], [182, 389], [-554, -1167]]
[[1, 0], [182, 389], [-733, -1556]]
[[1, 0], [183, 1556], [-185, -1556]]
[[1, 0], [183, 389], [-187, -389]]
[[1, 0], [183, 389], [-557, -1167]]
[[1, 0], [183, 389], [-737, -1556]]
[[1, 0], [183, 778], [-369, -1556]]
[[1, 0], [184, 1167], [-188, -1167]]
[[1, 0], [184, 389], [-188, -389]]
[[1, 0], [184, 389], [-560, -1167]]
[[1, 0], [184, 389], [-741, -1556]]
[[1, 0], [185, 1556], [-187, -1556]]
[[1, 0], [185, 389], [-189, -389]]
[[1, 0], [185, 389], [-563, -1167]]
[[1, 0], [185, 389], [-745, -1556]]
[[1, 0], [185, 778], [-373, -1556]]
[[1, 0], [186, 389], [-190, -389]]
[[1, 0], [186, 389], [-566, -1167]]
[[1, 0], [186, 389], [-749, -1556]]
[[1, 0], [187, 1167], [-191, -1167]]
[[1, 0], [187, 1556], [-189, -1556]]
[[1, 0], [187, 389], [-191, -389]]
[[1, 0], [187, 389], [-569, -1167]]
[[1, 0], [187, 389], [-753, -1556]]
[[1, 0], [187, 778], [-377, -1556]]
[[1, 0], [188, 389], [-192, -389]]
[[1, 0], [188, 389], [-572, -1167]]
[[1, 0], [188, 389], [-757, -1556]]
[[1, 0], [189, 1556], [-191, -1556]]
[[1, 0], [189, 389], [-193, -389]]
[[1, 0], [189, 389], [-575, -1167]]
[[1, 0], [189, 389], [-761, -1556]]
[[1, 0], [189, 778], [-381, -1556]]
[[1, 0], [19, 1167], [-23, -1167]]
[[1, 0], [19, 1556], [-21, -1556]]
[[1, 0], [19, 36], [-329, -132]]
[[1, 0], [19, 36], [-413, -414]]
[[1, 0], [19, 389], [-23, -389]]
[[1, 0], [19, 389], [-65, -1167]]
[[1, 0], [19, 389], [-81, -1556]]
[[1, 0], [19, 778], [-41, -1556]]
[[1, 0], [190, 1167], [-194, -1167]]
[[1, 0], [190, 389], [-194, -389]]
[[1, 0], [190, 389], [-578, -1167]]
[[1, 0], [190, 389], [-765, -1556]]
[[1, 0], [191, 1556], [-193, -1556]]
[[1, 0], [191, 389], [-195, -389]]
[[1, 0], [191, 389], [-581, -1167]]
[[1, 0], [191, 389], [-769, -1556]]
[[1, 0], [191, 778], [-385, -1556]]
[[1, 0], [192, 389], [-196, -389]]
[[1, 0], [192, 389], [-584, -1167]]
[[1, 0], [192, 389], [-773, -1556]]
[[1, 0], [193, 1167], [-197, -1167]]
[[1, 0], [193, 1556], [-195, -1556]]
[[1, 0], [193, 389], [-587, -1167]]
[[1, 0], [193, 389], [-777, -1556]]
[[1, 0], [194, 389], [-590, -1167]]
[[1, 0], [194, 389], [-781, -1556]]
[[1, 0], [195, 1556], [-197, -1556]]
[[1, 0], [195, 389], [-593, -1167]]
[[1, 0], [195, 389], [-785, -1556]]
[[1, 0], [195, 778], [-393, -1556]]
[[1, 0], [196, 1167], [-200, -1167]]
[[1, 0], [196, 389], [-596, -1167]]
[[1, 0], [196, 389], [-789, -1556]]
[[1, 0], [197, 1556], [-199, -1556]]
[[1, 0], [197, 389], [-599, -1167]]
[[1, 0], [197, 389], [-793, -1556]]
[[1, 0], [197, 392], [-783, -784]]
[[1, 0], [197, 778], [-397, -1556]]
[[1, 0], [198, 389], [-602, -1167]]
[[1, 0], [198, 389], [-797, -1556]]
[[1, 0], [199, 1167], [-203, -1167]]
[[1, 0], [199, 1556], [-201, -1556]]
[[1, 0], [199, 389], [-605, -1167]]
[[1, 0], [199, 389], [-801, -1556]]
[[1, 0], [199, 778], [-401, -1556]]
[[1, 0], [2, 389], [-13, -1556]]
[[1, 0], [2, 389], [-14, -1167]]
[[1, 0], [2, 389], [-6, -389]]
[[1, 0], [20, 389], [-24, -389]]
[[1, 0], [20, 389], [-68, -1167]]
[[1, 0], [20, 389], [-85, -1556]]
[[1, 0], [200, 389], [-608, -1167]]
[[1, 0], [200, 389], [-805, -1556]]
[[1, 0], [201, 1556], [-203, -1556]]
[[1, 0], [201, 389], [-611, -1167]]
[[1, 0], [201, 389], [-809, -1556]]
[[1, 0], [201, 778], [-405, -1556]]
[[1, 0], [202, 1167], [-206, -1167]]
[[1, 0], [202, 389], [-614, -1167]]
[[1, 0], [202, 389], [-813, -1556]]
[[1, 0], [203, 1556], [-205, -1556]]
[[1, 0], [203, 389], [-617, -1167]]
[[1, 0], [203, 389], [-817, -1556]]
[[1, 0], [203, 778], [-409, -1556]]
[[1, 0], [204, 389], [-620, -1167]]
[[1, 0], [204, 389], [-821, -1556]]
[[1, 0], [205, 1167], [-209, -1167]]
[[1, 0], [205, 1556], [-207, -1556]]
[[1, 0], [205, 389], [-623, -1167]]
[[1, 0], [205, 389], [-825, -1556]]
[[1, 0], [205, 778], [-413, -1556]]
[[1, 0], [206, 389], [-626, -1167]]
[[1, 0], [206, 389], [-829, -1556]]
[[1, 0], [207, 1556], [-209, -1556]]
[[1, 0], [207, 389], [-629, -1167]]
[[1, 0], [207, 389], [-833, -1556]]
[[1, 0], [207, 778], [-417, -1556]]
[[1, 0], [208, 1167], [-212, -1167]]
[[1, 0], [208, 389], [-632, -1167]]
[[1, 0], [208, 389], [-837, -1556]]
[[1, 0], [209, 1556], [-211, -1556]]
[[1, 0], [209, 389], [-635, -1167]]
[[1, 0], [209, 389], [-841, -1556]]
[[1, 0], [209, 778], [-421, -1556]]
[[1, 0], [21, 1556], [-23, -1556]]
[[1, 0], [21, 389], [-25, -389]]
[[1, 0], [21, 389], [-71, -1167]]
[[1, 0], [21, 389], [-89, -1556]]
[[1, 0], [21, 40], [-599, -400]]
[[1, 0], [21, 40], [-83, -84]]
[[1, 0], [21, 778], [-45, -1556]]
[[1, 0], [210, 389], [-638, -1167]]
[[1, 0], [210, 389], [-845, -1556]]
[[1, 0], [211, 1167], [-215, -1167]]
[[1, 0], [211, 1556], [-213, -1556]]
[[1, 0], [211, 389], [-641, -1167]]
[[1, 0], [211, 389], [-849, -1556]]
[[1, 0], [211, 778], [-425, -1556]]
[[1, 0], [212, 389], [-644, -1167]]
[[1, 0], [212, 389], [-853, -1556]]
[[1, 0], [213, 1556], [-215, -1556]]
[[1, 0], [213, 389], [-647, -1167]]
[[1, 0], [213, 389], [-857, -1556]]
[[1, 0], [213, 778], [-429, -1556]]
[[1, 0], [214, 1167], [-218, -1167]]
[[1, 0], [214, 389], [-650, -1167]]
[[1, 0], [214, 389], [-861, -1556]]
[[1, 0], [215, 1556], [-217, -1556]]
[[1, 0], [215, 389], [-653, -1167]]
[[1, 0], [215, 389], [-865, -1556]]
[[1, 0], [215, 778], [-433, -1556]]
[[1, 0], [216, 389], [-656, -1167]]
[[1, 0], [216, 389], [-869, -1556]]
[[1, 0], [217, 1167], [-221, -1167]]
[[1, 0], [217, 1556], [-219, -1556]]
[[1, 0], [217, 389], [-659, -1167]]
[[1, 0], [217, 389], [-873, -1556]]
[[1, 0], [217, 778], [-437, -1556]]
[[1, 0], [218, 389], [-662, -1167]]
[[1, 0], [218, 389], [-877, -1556]]
[[1, 0], [219, 1556], [-221, -1556]]
[[1, 0], [219, 389], [-665, -1167]]
[[1, 0], [219, 389], [-881, -1556]]
[[1, 0], [219, 778], [-441, -1556]]
[[1, 0], [22, 1167], [-26, -1167]]
[[1, 0], [22, 389], [-26, -389]]
[[1, 0], [22, 389], [-74, -1167]]
[[1, 0], [22, 389], [-93, -1556]]
[[1, 0], [220, 1167], [-224, -1167]]
[[1, 0], [220, 389], [-668, -1167]]
[[1, 0], [220, 389], [-885, -1556]]
[[1, 0], [221, 1556], [-223, -1556]]
[[1, 0], [221, 389], [-671, -1167]]
[[1, 0], [221, 389], [-889, -1556]]
[[1, 0], [221, 778], [-445, -1556]]
[[1, 0], [222, 389], [-674, -1167]]
[[1, 0], [222, 389], [-893, -1556]]
[[1, 0], [223, 1167], [-227, -1167]]
[[1, 0], [223, 1556], [-225, -1556]]
[[1, 0], [223, 389], [-677, -1167]]
[[1, 0], [223, 389], [-897, -1556]]
[[1, 0], [223, 778], [-449, -1556]]
[[1, 0], [224, 389], [-680, -1167]]
[[1, 0], [224, 389], [-901, -1556]]
[[1, 0], [225, 1556], [-227, -1556]]
[[1, 0], [225, 389], [-683, -1167]]
[[1, 0], [225, 389], [-905, -1556]]
[[1, 0], [225, 778], [-453, -1556]]
[[1, 0], [226, 1167], [-230, -1167]]
[[1, 0], [226, 389], [-686, -1167]]
[[1, 0], [226, 389], [-909, -1556]]
[[1, 0], [227, 1556], [-229, -1556]]
[[1, 0], [227, 389], [-689, -1167]]
[[1, 0], [227, 389], [-913, -1556]]
[[1, 0], [227, 778], [-457, -1556]]
[[1, 0], [228, 389], [-692, -1167]]
[[1, 0], [228, 389], [-917, -1556]]
[[1, 0], [229, 1167], [-233, -1167]]
[[1, 0], [229, 1556], [-231, -1556]]
[[1, 0], [229, 389], [-695, -1167]]
[[1, 0], [229, 389], [-921, -1556]]
[[1, 0], [229, 778], [-461, -1556]]
[[1, 0], [23, 1556], [-25, -1556]]
[[1, 0], [23, 389], [-27, -389]]
[[1, 0], [23, 389], [-77, -1167]]
[[1, 0], [23, 389], [-97, -1556]]
[[1, 0], [23, 44], [-527, -264]]
[[1, 0], [23, 778], [-49, -1556]]
[[1, 0], [230, 389], [-698, -1167]]
[[1, 0], [230, 389], [-925, -1556]]
[[1, 0], [231, 1556], [-233, -1556]]
[[1, 0], [231, 389], [-701, -1167]]
[[1, 0], [231, 389], [-929, -1556]]
[[1, 0], [231, 778], [-465, -1556]]
[[1, 0], [232, 1167], [-236, -1167]]
[[1, 0], [232, 389], [-704, -1167]]
[[1, 0], [232, 389], [-933, -1556]]
[[1, 0], [233, 1556], [-235, -1556]]
[[1, 0], [233, 389], [-707, -1167]]
[[1, 0], [233, 389], [-937, -1556]]
[[1, 0], [233, 778], [-469, -1556]]
[[1, 0], [234, 389], [-710, -1167]]
[[1, 0], [234, 389], [-941, -1556]]
[[1, 0], [235, 1167], [-239, -1167]]
[[1, 0], [235, 1556], [-237, -1556]]
[[1, 0], [235, 389], [-713, -1167]]
[[1, 0], [235, 389], [-945, -1556]]
[[1, 0], [235, 778], [-473, -1556]]
[[1, 0], [236, 389], [-716, -1167]]
[[1, 0], [236, 389], [-949, -1556]]
[[1, 0], [237, 1556], [-239, -1556]]
[[1, 0], [237, 389], [-719, -1167]]
[[1, 0], [237, 389], [-953, -1556]]
[[1, 0], [237, 778], [-477, -1556]]
[[1, 0], [238, 1167], [-242, -1167]]
[[1, 0], [238, 389], [-722, -1167]]
[[1, 0], [238, 389], [-957, -1556]]
[[1, 0], [239, 1556], [-241, -1556]]
[[1, 0], [239, 389], [-725, -1167]]
[[1, 0], [239, 389], [-961, -1556]]
[[1, 0], [239, 778], [-481, -1556]]
[[1, 0], [24, 389], [-101, -1556]]
[[1, 0], [24, 389], [-28, -389]]
[[1, 0], [24, 389], [-80, -1167]]
[[1, 0], [240, 389], [-728, -1167]]
[[1, 0], [240, 389], [-965, -1556]]
[[1, 0], [241, 1167], [-245, -1167]]
[[1, 0], [241, 1556], [-243, -1556]]
[[1, 0], [241, 389], [-731, -1167]]
[[1, 0], [241, 389], [-969, -1556]]
[[1, 0], [241, 778], [-485, -1556]]
[[1, 0], [242, 389], [-734, -1167]]
[[1, 0], [242, 389], [-973, -1556]]
[[1, 0], [243, 1556], [-245, -1556]]
[[1, 0], [243, 389], [-737, -1167]]
[[1, 0], [243, 389], [-977, -1556]]
[[1, 0], [243, 778], [-489, -1556]]
[[1, 0], [244, 1167], [-248, -1167]]
[[1, 0], [244, 389], [-740, -1167]]
[[1, 0], [244, 389], [-981, -1556]]
[[1, 0], [245, 1556], [-247, -1556]]
[[1, 0], [245, 389], [-743, -1167]]
[[1, 0], [245, 389], [-985, -1556]]
[[1, 0], [245, 778], [-493, -1556]]
[[1, 0], [246, 389], [-746, -1167]]
[[1, 0], [246, 389], [-989, -1556]]
[[1, 0], [247, 1167], [-251, -1167]]
[[1, 0], [247, 1556], [-249, -1556]]
[[1, 0], [247, 389], [-749, -1167]]
[[1, 0], [247, 389], [-993, -1556]]
[[1, 0], [247, 778], [-497, -1556]]
[[1, 0], [248, 389], [-752, -1167]]
[[1, 0], [248, 389], [-997, -1556]]
[[1, 0], [249, 1556], [-251, -1556]]
[[1, 0], [249, 389], [-1001, -1556]]
[[1, 0], [249, 389], [-755, -1167]]
[[1, 0], [249, 778], [-501, -1556]]
[[1, 0], [25, 1167], [-29, -1167]]
[[1, 0], [25, 1556], [-27, -1556]]
[[1, 0], [25, 389], [-105, -1556]]
[[1, 0], [25, 389], [-29, -389]]
[[1, 0], [25, 389], [-83, -1167]]
[[1, 0], [25, 48], [-407, -408]]
[[1, 0], [25, 778], [-53, -1556]]
[[1, 0], [250, 1167], [-254, -1167]]
[[1, 0], [250, 389], [-1005, -1556]]
[[1, 0], [250, 389], [-758, -1167]]
[[1, 0], [251, 1556], [-253, -1556]]
[[1, 0], [251, 389], [-1009, -1556]]
[[1, 0], [251, 389], [-761, -1167]]
[[1, 0], [251, 778], [-505, -1556]]
[[1, 0], [252, 389], [-1013, -1556]]
[[1, 0], [252, 389], [-764, -1167]]
[[1, 0], [253, 1167], [-257, -1167]]
[[1, 0], [253, 1556], [-255, -1556]]
[[1, 0], [253, 389], [-1017, -1556]]
[[1, 0], [253, 389], [-767, -1167]]
[[1, 0], [253, 778], [-509, -1556]]
[[1, 0], [254, 389], [-1021, -1556]]
[[1, 0], [254, 389], [-770, -1167]]
[[1, 0], [255, 1556], [-257, -1556]]
[[1, 0], [255, 389], [-1025, -1556]]
[[1, 0], [255, 389], [-773, -1167]]
[[1, 0], [255, 778], [-513, -1556]]
[[1, 0], [256, 1167], [-260, -1167]]
[[1, 0], [256, 389], [-1029, -1556]]
[[1, 0], [256, 389], [-776, -1167]]
[[1, 0], [257, 1556], [-259, -1556]]
[[1, 0], [257, 389], [-1033, -1556]]
[[1, 0], [257, 389], [-779, -1167]]
[[1, 0], [257, 778], [-517, -1556]]
[[1, 0], [258, 389], [-1037, -1556]]
[[1, 0], [258, 389], [-782, -1167]]
[[1, 0], [259, 1167], [-263, -1167]]
[[1, 0], [259, 1556], [-261, -1556]]
[[1, 0], [259, 389], [-1041, -1556]]
[[1, 0], [259, 389], [-785, -1167]]
[[1, 0], [259, 778], [-521, -1556]]
[[1, 0], [26, 389], [-109, -1556]]
[[1, 0], [26, 389], [-30, -389]]
[[1, 0], [26, 389], [-86, -1167]]
[[1, 0], [260, 389], [-1045, -1556]]
[[1, 0], [260, 389], [-788, -1167]]
[[1, 0], [261, 1556], [-263, -1556]]
[[1, 0], [261, 389], [-1049, -1556]]
[[1, 0], [261, 389], [-791, -1167]]
[[1, 0], [261, 778], [-525, -1556]]
[[1, 0], [262, 1167], [-266, -1167]]
[[1, 0], [262, 389], [-1053, -1556]]
[[1, 0], [262, 389], [-794, -1167]]
[[1, 0], [263, 1556], [-265, -1556]]
[[1, 0], [263, 389], [-1057, -1556]]
[[1, 0], [263, 389], [-797, -1167]]
[[1, 0], [263, 778], [-529, -1556]]
[[1, 0], [264, 389], [-1061, -1556]]
[[1, 0], [264, 389], [-800, -1167]]
[[1, 0], [265, 1167], [-269, -1167]]
[[1, 0], [265, 1556], [-267, -1556]]
[[1, 0], [265, 389], [-1065, -1556]]
[[1, 0], [265, 389], [-803, -1167]]
[[1, 0], [265, 778], [-533, -1556]]
[[1, 0], [266, 389], [-1069, -1556]]
[[1, 0], [266, 389], [-806, -1167]]
[[1, 0], [267, 1556], [-269, -1556]]
[[1, 0], [267, 389], [-1073, -1556]]
[[1, 0], [267, 389], [-809, -1167]]
[[1, 0], [267, 778], [-537, -1556]]
[[1, 0], [268, 1167], [-272, -1167]]
[[1, 0], [268, 389], [-1077, -1556]]
[[1, 0], [268, 389], [-812, -1167]]
[[1, 0], [269, 1556], [-271, -1556]]
[[1, 0], [269, 389], [-1081, -1556]]
[[1, 0], [269, 389], [-815, -1167]]
[[1, 0], [269, 778], [-541, -1556]]
[[1, 0], [27, 1556], [-29, -1556]]
[[1, 0], [27, 389], [-113, -1556]]
[[1, 0], [27, 389], [-31, -389]]
[[1, 0], [27, 389], [-89, -1167]]
[[1, 0], [27, 52], [-1013, -78]]
[[1, 0], [27, 52], [-1429, -130]]
[[1, 0], [27, 52], [-1637, -156]]
[[1, 0], [27, 52], [-1949, -195]]
[[1, 0], [27, 52], [-2469, -260]]
[[1, 0], [27, 52], [-3509, -390]]
[[1, 0], [27, 52], [-6629, -780]]
[[1, 0], [27, 52], [-805, -52]]
[[1, 0], [27, 52], [-869, -60]]
[[1, 0], [27, 52], [-909, -65]]
[[1, 0], [27, 778], [-57, -1556]]
[[1, 0], [270, 389], [-1085, -1556]]
[[1, 0], [270, 389], [-818, -1167]]
[[1, 0], [271, 1167], [-275, -1167]]
[[1, 0], [271, 1556], [-273, -1556]]
[[1, 0], [271, 389], [-1089, -1556]]
[[1, 0], [271, 389], [-821, -1167]]
[[1, 0], [271, 778], [-545, -1556]]
[[1, 0], [272, 389], [-1093, -1556]]
[[1, 0], [272, 389], [-824, -1167]]
[[1, 0], [273, 1556], [-275, -1556]]
[[1, 0], [273, 389], [-1097, -1556]]
[[1, 0], [273, 389], [-827, -1167]]
[[1, 0], [273, 778], [-549, -1556]]
[[1, 0], [274, 1167], [-278, -1167]]
[[1, 0], [274, 389], [-1101, -1556]]
[[1, 0], [274, 389], [-830, -1167]]
[[1, 0], [275, 1556], [-277, -1556]]
[[1, 0], [275, 389], [-1105, -1556]]
[[1, 0], [275, 389], [-833, -1167]]
[[1, 0], [275, 778], [-553, -1556]]
[[1, 0], [276, 389], [-1109, -1556]]
[[1, 0], [276, 389], [-836, -1167]]
[[1, 0], [277, 1167], [-281, -1167]]
[[1, 0], [277, 1556], [-279, -1556]]
[[1, 0], [277, 389], [-1113, -1556]]
[[1, 0], [277, 389], [-839, -1167]]
[[1, 0], [277, 778], [-557, -1556]]
[[1, 0], [278, 389], [-1117, -1556]]
[[1, 0], [278, 389], [-842, -1167]]
[[1, 0], [279, 1556], [-281, -1556]]
[[1, 0], [279, 389], [-1121, -1556]]
[[1, 0], [279, 389], [-845, -1167]]
[[1, 0], [279, 778], [-561, -1556]]
[[1, 0], [28, 1167], [-32, -1167]]
[[1, 0], [28, 389], [-117, -1556]]
[[1, 0], [28, 389], [-32, -389]]
[[1, 0], [28, 389], [-92, -1167]]
[[1, 0], [280, 1167], [-284, -1167]]
[[1, 0], [280, 389], [-1125, -1556]]
[[1, 0], [280, 389], [-848, -1167]]
[[1, 0], [281, 1556], [-283, -1556]]
[[1, 0], [281, 389], [-1129, -1556]]
[[1, 0], [281, 389], [-851, -1167]]
[[1, 0], [281, 778], [-565, -1556]]
[[1, 0], [282, 389], [-1133, -1556]]
[[1, 0], [282, 389], [-854, -1167]]
[[1, 0], [283, 1167], [-287, -1167]]
[[1, 0], [283, 1556], [-285, -1556]]
[[1, 0], [283, 389], [-1137, -1556]]
[[1, 0], [283, 389], [-857, -1167]]
[[1, 0], [283, 778], [-569, -1556]]
[[1, 0], [284, 389], [-1141, -1556]]
[[1, 0], [284, 389], [-860, -1167]]
[[1, 0], [285, 1556], [-287, -1556]]
[[1, 0], [285, 389], [-1145, -1556]]
[[1, 0], [285, 389], [-863, -1167]]
[[1, 0], [285, 778], [-573, -1556]]
[[1, 0], [286, 1167], [-290, -1167]]
[[1, 0], [286, 389], [-1149, -1556]]
[[1, 0], [286, 389], [-866, -1167]]
[[1, 0], [287, 1556], [-289, -1556]]
[[1, 0], [287, 389], [-1153, -1556]]
[[1, 0], [287, 389], [-869, -1167]]
[[1, 0], [287, 778], [-577, -1556]]
[[1, 0], [288, 389], [-1157, -1556]]
[[1, 0], [288, 389], [-872, -1167]]
[[1, 0], [289, 1167], [-293, -1167]]
[[1, 0], [289, 1556], [-291, -1556]]
[[1, 0], [289, 389], [-1161, -1556]]
[[1, 0], [289, 389], [-875, -1167]]
[[1, 0], [289, 778], [-581, -1556]]
[[1, 0], [29, 1556], [-31, -1556]]
[[1, 0], [29, 389], [-121, -1556]]
[[1, 0], [29, 389], [-33, -389]]
[[1, 0], [29, 389], [-95, -1167]]
[[1, 0], [29, 56], [-2351, -784]]
[[1, 0], [29, 56], [-447, -112]]
[[1, 0], [29, 56], [-685, -196]]
[[1, 0], [29, 778], [-61, -1556]]
[[1, 0], [290, 389], [-1165, -1556]]
[[1, 0], [290, 389], [-878, -1167]]
[[1, 0], [291, 1556], [-293, -1556]]
[[1, 0], [291, 389], [-1169, -1556]]
[[1, 0], [291, 389], [-881, -1167]]
[[1, 0], [291, 778], [-585, -1556]]
[[1, 0], [292, 1167], [-296, -1167]]
[[1, 0], [292, 389], [-1173, -1556]]
[[1, 0], [292, 389], [-884, -1167]]
[[1, 0], [293, 1556], [-295, -1556]]
[[1, 0], [293, 389], [-1177, -1556]]
[[1, 0], [293, 389], [-887, -1167]]
[[1, 0], [293, 778], [-589, -1556]]
[[1, 0], [294, 389], [-1181, -1556]]
[[1, 0], [294, 389], [-890, -1167]]
[[1, 0], [295, 1167], [-299, -1167]]
[[1, 0], [295, 1556], [-297, -1556]]
[[1, 0], [295, 389], [-1185, -1556]]
[[1, 0], [295, 389], [-893, -1167]]
[[1, 0], [295, 778], [-593, -1556]]
[[1, 0], [296, 389], [-1189, -1556]]
[[1, 0], [296, 389], [-896, -1167]]
[[1, 0], [297, 1556], [-299, -1556]]
[[1, 0], [297, 389], [-1193, -1556]]
[[1, 0], [297, 389], [-899, -1167]]
[[1, 0], [297, 778], [-597, -1556]]
[[1, 0], [298, 1167], [-302, -1167]]
[[1, 0], [298, 389], [-1197, -1556]]
[[1, 0], [298, 389], [-902, -1167]]
[[1, 0], [299, 1556], [-301, -1556]]
[[1, 0], [299, 389], [-1201, -1556]]
[[1, 0], [299, 389], [-905, -1167]]
[[1, 0], [299, 778], [-601, -1556]]
[[1, 0], [3, 1556], [-5, -1556]]
[[1, 0], [3, 389], [-17, -1167]]
[[1, 0], [3, 389], [-17, -1556]]
[[1, 0], [3, 389], [-7, -389]]
[[1, 0], [3, 4], [-13129, -130]]
[[1, 0], [3, 4], [-13131, -392]]
[[1, 0], [3, 4], [-1369, -10]]
[[1, 0], [3, 4], [-1557, -1556]]
[[1, 0], [3, 4], [-1565, -12]]
[[1, 0], [3, 4], [-15677, -156]]
[[1, 0], [3, 4], [-1663, -13]]
[[1, 0], [3, 4], [-1859, -15]]
[[1, 0], [3, 4], [-19499, -195]]
[[1, 0], [3, 4], [-1987, -56]]
[[1, 0], [3, 4], [-229, -46]]
[[1, 0], [3, 4], [-2349, -20]]
[[1, 0], [3, 4], [-25869, -260]]
[[1, 0], [3, 4], [-2937, -26]]
[[1, 0], [3, 4], [-3329, -30]]
[[1, 0], [3, 4], [-38609, -390]]
[[1, 0], [3, 4], [-390, -389]]
[[1, 0], [3, 4], [-395, -8]]
[[1, 0], [3, 4], [-407, -24]]
[[1, 0], [3, 4], [-4119, -824]]
[[1, 0], [3, 4], [-419, -40]]
[[1, 0], [3, 4], [-4211, -39]]
[[1, 0], [3, 4], [-467, -104]]
[[1, 0], [3, 4], [-479, -120]]
[[1, 0], [3, 4], [-5277, -812]]
[[1, 0], [3, 4], [-5485, -52]]
[[1, 0], [3, 4], [-623, -312]]
[[1, 0], [3, 4], [-6269, -60]]
[[1, 0], [3, 4], [-6759, -65]]
[[1, 0], [3, 4], [-76829, -780]]
[[1, 0], [3, 4], [-779, -520]]
[[1, 0], [3, 4], [-779, -778]]
[[1, 0], [3, 4], [-781, -4]]
[[1, 0], [3, 4], [-8033, -78]]
[[1, 0], [3, 4], [-879, -5]]
[[1, 0], [3, 4], [-901, -164]]
[[1, 0], [3, 4], [-977, -6]]
[[1, 0], [3, 778], [-9, -1556]]
[[1, 0], [30, 389], [-125, -1556]]
[[1, 0], [30, 389], [-34, -389]]
[[1, 0], [30, 389], [-98, -1167]]
[[1, 0], [300, 389], [-1205, -1556]]
[[1, 0], [300, 389], [-908, -1167]]
[[1, 0], [301, 1167], [-305, -1167]]
[[1, 0], [301, 1556], [-303, -1556]]
[[1, 0], [301, 389], [-1209, -1556]]
[[1, 0], [301, 389], [-911, -1167]]
[[1, 0], [301, 778], [-605, -1556]]
[[1, 0], [302, 389], [-1213, -1556]]
[[1, 0], [302, 389], [-914, -1167]]
[[1, 0], [303, 1556], [-305, -1556]]
[[1, 0], [303, 389], [-1217, -1556]]
[[1, 0], [303, 389], [-917, -1167]]
[[1, 0], [303, 778], [-609, -1556]]
[[1, 0], [304, 1167], [-308, -1167]]
[[1, 0], [304, 389], [-1221, -1556]]
[[1, 0], [304, 389], [-920, -1167]]
[[1, 0], [305, 1556], [-307, -1556]]
[[1, 0], [305, 389], [-1225, -1556]]
[[1, 0], [305, 389], [-923, -1167]]
[[1, 0], [305, 778], [-613, -1556]]
[[1, 0], [306, 389], [-1229, -1556]]
[[1, 0], [306, 389], [-926, -1167]]
[[1, 0], [307, 1167], [-311, -1167]]
[[1, 0], [307, 1556], [-309, -1556]]
[[1, 0], [307, 389], [-1233, -1556]]
[[1, 0], [307, 389], [-929, -1167]]
[[1, 0], [307, 778], [-617, -1556]]
[[1, 0], [308, 389], [-1237, -1556]]
[[1, 0], [308, 389], [-932, -1167]]
[[1, 0], [309, 1556], [-311, -1556]]
[[1, 0], [309, 389], [-1241, -1556]]
[[1, 0], [309, 389], [-935, -1167]]
[[1, 0], [309, 778], [-621, -1556]]
[[1, 0], [31, 1167], [-35, -1167]]
[[1, 0], [31, 1556], [-33, -1556]]
[[1, 0], [31, 389], [-101, -1167]]
[[1, 0], [31, 389], [-129, -1556]]
[[1, 0], [31, 389], [-35, -389]]
[[1, 0], [31, 60], [-1299, -130]]
[[1, 0], [31, 60], [-1481, -156]]
[[1, 0], [31, 60], [-1754, -195]]
[[1, 0], [31, 60], [-2209, -260]]
[[1, 0], [31, 60], [-3119, -390]]
[[1, 0], [31, 60], [-5849, -780]]
[[1, 0], [31, 60], [-809, -60]]
[[1, 0], [31, 60], [-844, -65]]
[[1, 0], [31, 60], [-935, -78]]
[[1, 0], [31, 778], [-65, -1556]]
[[1, 0], [310, 1167], [-314, -1167]]
[[1, 0], [310, 389], [-1245, -1556]]
[[1, 0], [310, 389], [-938, -1167]]
[[1, 0], [311, 1556], [-313, -1556]]
[[1, 0], [311, 389], [-1249, -1556]]
[[1, 0], [311, 389], [-941, -1167]]
[[1, 0], [311, 778], [-625, -1556]]
[[1, 0], [312, 389], [-1253, -1556]]
[[1, 0], [312, 389], [-944, -1167]]
[[1, 0], [313, 1167], [-317, -1167]]
[[1, 0], [313, 1556], [-315, -1556]]
[[1, 0], [313, 389], [-1257, -1556]]
[[1, 0], [313, 389], [-947, -1167]]
[[1, 0], [313, 778], [-629, -1556]]
[[1, 0], [314, 389], [-1261, -1556]]
[[1, 0], [314, 389], [-950, -1167]]
[[1, 0], [315, 1556], [-317, -1556]]
[[1, 0], [315, 389], [-1265, -1556]]
[[1, 0], [315, 389], [-953, -1167]]
[[1, 0], [315, 778], [-633, -1556]]
[[1, 0], [316, 1167], [-320, -1167]]
[[1, 0], [316, 389], [-1269, -1556]]
[[1, 0], [316, 389], [-956, -1167]]
[[1, 0], [317, 1556], [-319, -1556]]
[[1, 0], [317, 389], [-1273, -1556]]
[[1, 0], [317, 389], [-959, -1167]]
[[1, 0], [317, 778], [-637, -1556]]
[[1, 0], [318, 389], [-1277, -1556]]
[[1, 0], [318, 389], [-962, -1167]]
[[1, 0], [319, 1167], [-323, -1167]]
[[1, 0], [319, 1556], [-321, -1556]]
[[1, 0], [319, 389], [-1281, -1556]]
[[1, 0], [319, 389], [-965, -1167]]
[[1, 0], [319, 778], [-641, -1556]]
[[1, 0], [32, 389], [-104, -1167]]
[[1, 0], [32, 389], [-133, -1556]]
[[1, 0], [32, 389], [-36, -389]]
[[1, 0], [320, 389], [-1285, -1556]]
[[1, 0], [320, 389], [-968, -1167]]
[[1, 0], [321, 1556], [-323, -1556]]
[[1, 0], [321, 389], [-1289, -1556]]
[[1, 0], [321, 389], [-971, -1167]]
[[1, 0], [321, 778], [-645, -1556]]
[[1, 0], [322, 1167], [-326, -1167]]
[[1, 0], [322, 389], [-1293, -1556]]
[[1, 0], [322, 389], [-974, -1167]]
[[1, 0], [323, 1556], [-325, -1556]]
[[1, 0], [323, 389], [-1297, -1556]]
[[1, 0], [323, 389], [-977, -1167]]
[[1, 0], [323, 778], [-649, -1556]]
[[1, 0], [324, 389], [-1301, -1556]]
[[1, 0], [324, 389], [-980, -1167]]
[[1, 0], [325, 1167], [-329, -1167]]
[[1, 0], [325, 1556], [-327, -1556]]
[[1, 0], [325, 389], [-1305, -1556]]
[[1, 0], [325, 389], [-983, -1167]]
[[1, 0], [325, 778], [-653, -1556]]
[[1, 0], [326, 389], [-1309, -1556]]
[[1, 0], [326, 389], [-986, -1167]]
[[1, 0], [327, 1556], [-329, -1556]]
[[1, 0], [327, 389], [-1313, -1556]]
[[1, 0], [327, 389], [-989, -1167]]
[[1, 0], [327, 778], [-657, -1556]]
[[1, 0], [328, 1167], [-332, -1167]]
[[1, 0], [328, 389], [-1317, -1556]]
[[1, 0], [328, 389], [-992, -1167]]
[[1, 0], [329, 1556], [-331, -1556]]
[[1, 0], [329, 389], [-1321, -1556]]
[[1, 0], [329, 389], [-995, -1167]]
[[1, 0], [329, 778], [-661, -1556]]
[[1, 0], [33, 1556], [-35, -1556]]
[[1, 0], [33, 389], [-107, -1167]]
[[1, 0], [33, 389], [-137, -1556]]
[[1, 0], [33, 389], [-37, -389]]
[[1, 0], [33, 778], [-69, -1556]]
[[1, 0], [330, 389], [-1325, -1556]]
[[1, 0], [330, 389], [-998, -1167]]
[[1, 0], [331, 1167], [-335, -1167]]
[[1, 0], [331, 1556], [-333, -1556]]
[[1, 0], [331, 389], [-1001, -1167]]
[[1, 0], [331, 389], [-1329, -1556]]
[[1, 0], [331, 778], [-665, -1556]]
[[1, 0], [332, 389], [-1004, -1167]]
[[1, 0], [332, 389], [-1333, -1556]]
[[1, 0], [333, 1556], [-335, -1556]]
[[1, 0], [333, 389], [-1007, -1167]]
[[1, 0], [333, 389], [-1337, -1556]]
[[1, 0], [333, 778], [-669, -1556]]
[[1, 0], [334, 1167], [-338, -1167]]
[[1, 0], [334, 389], [-1010, -1167]]
[[1, 0], [334, 389], [-1341, -1556]]
[[1, 0], [335, 1556], [-337, -1556]]
[[1, 0], [335, 389], [-1013, -1167]]
[[1, 0], [335, 389], [-1345, -1556]]
[[1, 0], [335, 778], [-673, -1556]]
[[1, 0], [336, 389], [-1016, -1167]]
[[1, 0], [336, 389], [-1349, -1556]]
[[1, 0], [337, 1167], [-341, -1167]]
[[1, 0], [337, 1556], [-339, -1556]]
[[1, 0], [337, 389], [-1019, -1167]]
[[1, 0], [337, 389], [-1353, -1556]]
[[1, 0], [337, 778], [-677, -1556]]
[[1, 0], [338, 389], [-1022, -1167]]
[[1, 0], [338, 389], [-1357, -1556]]
[[1, 0], [339, 1556], [-341, -1556]]
[[1, 0], [339, 389], [-1025, -1167]]
[[1, 0], [339, 389], [-1361, -1556]]
[[1, 0], [339, 778], [-681, -1556]]
[[1, 0], [34, 1167], [-38, -1167]]
[[1, 0], [34, 389], [-110, -1167]]
[[1, 0], [34, 389], [-141, -1556]]
[[1, 0], [34, 389], [-38, -389]]
[[1, 0], [340, 1167], [-344, -1167]]
[[1, 0], [340, 389], [-1028, -1167]]
[[1, 0], [340, 389], [-1365, -1556]]
[[1, 0], [341, 1556], [-343, -1556]]
[[1, 0], [341, 389], [-1031, -1167]]
[[1, 0], [341, 389], [-1369, -1556]]
[[1, 0], [341, 778], [-685, -1556]]
[[1, 0], [342, 389], [-1034, -1167]]
[[1, 0], [342, 389], [-1373, -1556]]
[[1, 0], [343, 1167], [-347, -1167]]
[[1, 0], [343, 1556], [-345, -1556]]
[[1, 0], [343, 389], [-1037, -1167]]
[[1, 0], [343, 389], [-1377, -1556]]
[[1, 0], [343, 778], [-689, -1556]]
[[1, 0], [344, 389], [-1040, -1167]]
[[1, 0], [344, 389], [-1381, -1556]]
[[1, 0], [345, 1556], [-347, -1556]]
[[1, 0], [345, 389], [-1043, -1167]]
[[1, 0], [345, 389], [-1385, -1556]]
[[1, 0], [345, 778], [-693, -1556]]
[[1, 0], [346, 1167], [-350, -1167]]
[[1, 0], [346, 389], [-1046, -1167]]
[[1, 0], [346, 389], [-1389, -1556]]
[[1, 0], [347, 1556], [-349, -1556]]
[[1, 0], [347, 389], [-1049, -1167]]
[[1, 0], [347, 389], [-1393, -1556]]
[[1, 0], [347, 778], [-697, -1556]]
[[1, 0], [348, 389], [-1052, -1167]]
[[1, 0], [348, 389], [-1397, -1556]]
[[1, 0], [349, 1167], [-353, -1167]]
[[1, 0], [349, 1556], [-351, -1556]]
[[1, 0], [349, 389], [-1055, -1167]]
[[1, 0], [349, 389], [-1401, -1556]]
[[1, 0], [349, 778], [-701, -1556]]
[[1, 0], [35, 1556], [-37, -1556]]
[[1, 0], [35, 389], [-113, -1167]]
[[1, 0], [35, 389], [-145, -1556]]
[[1, 0], [35, 389], [-39, -389]]
[[1, 0], [35, 778], [-73, -1556]]
[[1, 0], [350, 389], [-1058, -1167]]
[[1, 0], [350, 389], [-1405, -1556]]
[[1, 0], [351, 1556], [-353, -1556]]
[[1, 0], [351, 389], [-1061, -1167]]
[[1, 0], [351, 389], [-1409, -1556]]
[[1, 0], [351, 778], [-705, -1556]]
[[1, 0], [352, 1167], [-356, -1167]]
[[1, 0], [352, 389], [-1064, -1167]]
[[1, 0], [352, 389], [-1413, -1556]]
[[1, 0], [353, 1556], [-355, -1556]]
[[1, 0], [353, 389], [-1067, -1167]]
[[1, 0], [353, 389], [-1417, -1556]]
[[1, 0], [353, 778], [-709, -1556]]
[[1, 0], [354, 389], [-1070, -1167]]
[[1, 0], [354, 389], [-1421, -1556]]
[[1, 0], [355, 1167], [-359, -1167]]
[[1, 0], [355, 1556], [-357, -1556]]
[[1, 0], [355, 389], [-1073, -1167]]
[[1, 0], [355, 389], [-1425, -1556]]
[[1, 0], [355, 778], [-713, -1556]]
[[1, 0], [356, 389], [-1076, -1167]]
[[1, 0], [356, 389], [-1429, -1556]]
[[1, 0], [357, 1556], [-359, -1556]]
[[1, 0], [357, 389], [-1079, -1167]]
[[1, 0], [357, 389], [-1433, -1556]]
[[1, 0], [357, 778], [-717, -1556]]
[[1, 0], [358, 1167], [-362, -1167]]
[[1, 0], [358, 389], [-1082, -1167]]
[[1, 0], [358, 389], [-1437, -1556]]
[[1, 0], [359, 1556], [-361, -1556]]
[[1, 0], [359, 389], [-1085, -1167]]
[[1, 0], [359, 389], [-1441, -1556]]
[[1, 0], [359, 778], [-721, -1556]]
[[1, 0], [36, 389], [-116, -1167]]
[[1, 0], [36, 389], [-149, -1556]]
[[1, 0], [36, 389], [-40, -389]]
[[1, 0], [360, 389], [-1088, -1167]]
[[1, 0], [360, 389], [-1445, -1556]]
[[1, 0], [361, 1167], [-365, -1167]]
[[1, 0], [361, 1556], [-363, -1556]]
[[1, 0], [361, 389], [-1091, -1167]]
[[1, 0], [361, 389], [-1449, -1556]]
[[1, 0], [361, 778], [-725, -1556]]
[[1, 0], [362, 389], [-1094, -1167]]
[[1, 0], [362, 389], [-1453, -1556]]
[[1, 0], [363, 1556], [-365, -1556]]
[[1, 0], [363, 389], [-1097, -1167]]
[[1, 0], [363, 389], [-1457, -1556]]
[[1, 0], [363, 778], [-729, -1556]]
[[1, 0], [364, 1167], [-368, -1167]]
[[1, 0], [364, 389], [-1100, -1167]]
[[1, 0], [364, 389], [-1461, -1556]]
[[1, 0], [365, 1556], [-367, -1556]]
[[1, 0], [365, 389], [-1103, -1167]]
[[1, 0], [365, 389], [-1465, -1556]]
[[1, 0], [365, 778], [-733, -1556]]
[[1, 0], [366, 389], [-1106, -1167]]
[[1, 0], [366, 389], [-1469, -1556]]
[[1, 0], [367, 1167], [-371, -1167]]
[[1, 0], [367, 1556], [-369, -1556]]
[[1, 0], [367, 389], [-1109, -1167]]
[[1, 0], [367, 389], [-1473, -1556]]
[[1, 0], [367, 778], [-737, -1556]]
[[1, 0], [368, 389], [-1112, -1167]]
[[1, 0], [368, 389], [-1477, -1556]]
[[1, 0], [369, 1556], [-371, -1556]]
[[1, 0], [369, 389], [-1115, -1167]]
[[1, 0], [369, 389], [-1481, -1556]]
[[1, 0], [369, 778], [-741, -1556]]
[[1, 0], [37, 1167], [-41, -1167]]
[[1, 0], [37, 1556], [-39, -1556]]
[[1, 0], [37, 389], [-119, -1167]]
[[1, 0], [37, 389], [-153, -1556]]
[[1, 0], [37, 389], [-41, -389]]
[[1, 0], [37, 72], [-395, -264]]
[[1, 0], [37, 778], [-77, -1556]]
[[1, 0], [370, 1167], [-374, -1167]]
[[1, 0], [370, 389], [-1118, -1167]]
[[1, 0], [370, 389], [-1485, -1556]]
[[1, 0], [371, 1556], [-373, -1556]]
[[1, 0], [371, 389], [-1121, -1167]]
[[1, 0], [371, 389], [-1489, -1556]]
[[1, 0], [371, 778], [-745, -1556]]
[[1, 0], [372, 389], [-1124, -1167]]
[[1, 0], [372, 389], [-1493, -1556]]
[[1, 0], [373, 1167], [-377, -1167]]
[[1, 0], [373, 1556], [-375, -1556]]
[[1, 0], [373, 389], [-1127, -1167]]
[[1, 0], [373, 389], [-1497, -1556]]
[[1, 0], [373, 778], [-749, -1556]]
[[1, 0], [374, 389], [-1130, -1167]]
[[1, 0], [374, 389], [-1501, -1556]]
[[1, 0], [375, 1556], [-377, -1556]]
[[1, 0], [375, 389], [-1133, -1167]]
[[1, 0], [375, 389], [-1505, -1556]]
[[1, 0], [375, 778], [-753, -1556]]
[[1, 0], [376, 1167], [-380, -1167]]
[[1, 0], [376, 389], [-1136, -1167]]
[[1, 0], [376, 389], [-1509, -1556]]
[[1, 0], [377, 1556], [-379, -1556]]
[[1, 0], [377, 389], [-1139, -1167]]
[[1, 0], [377, 389], [-1513, -1556]]
[[1, 0], [377, 778], [-757, -1556]]
[[1, 0], [378, 389], [-1142, -1167]]
[[1, 0], [378, 389], [-1517, -1556]]
[[1, 0], [378, 389], [-382, -389]]
[[1, 0], [379, 1167], [-383, -1167]]
[[1, 0], [379, 1556], [-381, -1556]]
[[1, 0], [379, 389], [-1145, -1167]]
[[1, 0], [379, 389], [-1521, -1556]]
[[1, 0], [379, 778], [-761, -1556]]
[[1, 0], [38, 389], [-122, -1167]]
[[1, 0], [38, 389], [-157, -1556]]
[[1, 0], [38, 389], [-42, -389]]
[[1, 0], [380, 389], [-1148, -1167]]
[[1, 0], [380, 389], [-1525, -1556]]
[[1, 0], [381, 1556], [-383, -1556]]
[[1, 0], [381, 389], [-1151, -1167]]
[[1, 0], [381, 389], [-1529, -1556]]
[[1, 0], [381, 778], [-765, -1556]]
[[1, 0], [382, 1167], [-386, -1167]]
[[1, 0], [382, 389], [-1154, -1167]]
[[1, 0], [382, 389], [-1533, -1556]]
[[1, 0], [383, 1556], [-385, -1556]]
[[1, 0], [383, 389], [-1157, -1167]]
[[1, 0], [383, 389], [-1537, -1556]]
[[1, 0], [383, 778], [-769, -1556]]
[[1, 0], [384, 389], [-1160, -1167]]
[[1, 0], [384, 389], [-1541, -1556]]
[[1, 0], [385, 1556], [-387, -1556]]
[[1, 0], [385, 389], [-1163, -1167]]
[[1, 0], [385, 389], [-1545, -1556]]
[[1, 0], [385, 778], [-773, -1556]]
[[1, 0], [386, 389], [-1166, -1167]]
[[1, 0], [386, 389], [-1549, -1556]]
[[1, 0], [386, 389], [-390, -389]]
[[1, 0], [387, 389], [-1169, -1167]]
[[1, 0], [387, 389], [-1553, -1556]]
[[1, 0], [387, 389], [-391, -389]]
[[1, 0], [387, 778], [-777, -1556]]
[[1, 0], [388, 1167], [-392, -1167]]
[[1, 0], [388, 389], [-1172, -1167]]
[[1, 0], [388, 389], [-1557, -1556]]
[[1, 0], [39, 1556], [-41, -1556]]
[[1, 0], [39, 389], [-125, -1167]]
[[1, 0], [39, 389], [-161, -1556]]
[[1, 0], [39, 389], [-43, -389]]
[[1, 0], [39, 778], [-81, -1556]]
[[1, 0], [391, 1167], [-395, -1167]]
[[1, 0], [391, 1556], [-393, -1556]]
[[1, 0], [391, 778], [-785, -1556]]
[[1, 0], [391, 780], [-1169, -780]]
[[1, 0], [393, 1556], [-395, -1556]]
[[1, 0], [393, 778], [-789, -1556]]
[[1, 0], [394, 1167], [-398, -1167]]
[[1, 0], [395, 1556], [-397, -1556]]
[[1, 0], [395, 778], [-793, -1556]]
[[1, 0], [397, 1167], [-401, -1167]]
[[1, 0], [397, 1556], [-399, -1556]]
[[1, 0], [397, 778], [-797, -1556]]
[[1, 0], [399, 1556], [-401, -1556]]
[[1, 0], [399, 778], [-801, -1556]]
[[1, 0], [4, 1167], [-8, -1167]]
[[1, 0], [4, 389], [-20, -1167]]
[[1, 0], [4, 389], [-21, -1556]]
[[1, 0], [4, 389], [-8, -389]]
[[1, 0], [40, 1167], [-44, -1167]]
[[1, 0], [40, 389], [-128, -1167]]
[[1, 0], [40, 389], [-165, -1556]]
[[1, 0], [40, 389], [-44, -389]]
[[1, 0], [400, 1167], [-404, -1167]]
[[1, 0], [401, 1556], [-403, -1556]]
[[1, 0], [401, 778], [-805, -1556]]
[[1, 0], [403, 1167], [-407, -1167]]
[[1, 0], [403, 1556], [-405, -1556]]
[[1, 0], [403, 778], [-809, -1556]]
[[1, 0], [405, 1556], [-407, -1556]]
[[1, 0], [405, 778], [-813, -1556]]
[[1, 0], [406, 1167], [-410, -1167]]
[[1, 0], [407, 1556], [-409, -1556]]
[[1, 0], [407, 778], [-817, -1556]]
[[1, 0], [409, 1167], [-413, -1167]]
[[1, 0], [409, 1556], [-411, -1556]]
[[1, 0], [409, 778], [-821, -1556]]
[[1, 0], [41, 1556], [-43, -1556]]
[[1, 0], [41, 389], [-131, -1167]]
[[1, 0], [41, 389], [-169, -1556]]
[[1, 0], [41, 389], [-45, -389]]
[[1, 0], [41, 778], [-85, -1556]]
[[1, 0], [41, 80], [-799, -800]]
[[1, 0], [411, 1556], [-413, -1556]]
[[1, 0], [411, 778], [-825, -1556]]
[[1, 0], [412, 1167], [-416, -1167]]
[[1, 0], [413, 1556], [-415, -1556]]
[[1, 0], [413, 778], [-829, -1556]]
[[1, 0], [415, 1167], [-419, -1167]]
[[1, 0], [415, 1556], [-417, -1556]]
[[1, 0], [415, 778], [-833, -1556]]
[[1, 0], [417, 1556], [-419, -1556]]
[[1, 0], [417, 778], [-837, -1556]]
[[1, 0], [418, 1167], [-422, -1167]]
[[1, 0], [419, 1556], [-421, -1556]]
[[1, 0], [419, 778], [-841, -1556]]
[[1, 0], [42, 389], [-134, -1167]]
[[1, 0], [42, 389], [-173, -1556]]
[[1, 0], [42, 389], [-46, -389]]
[[1, 0], [421, 1167], [-425, -1167]]
[[1, 0], [421, 1556], [-423, -1556]]
[[1, 0], [421, 778], [-845, -1556]]
[[1, 0], [423, 1556], [-425, -1556]]
[[1, 0], [423, 778], [-849, -1556]]
[[1, 0], [424, 1167], [-428, -1167]]
[[1, 0], [425, 1556], [-427, -1556]]
[[1, 0], [425, 778], [-853, -1556]]
[[1, 0], [427, 1167], [-431, -1167]]
[[1, 0], [427, 1556], [-429, -1556]]
[[1, 0], [427, 778], [-857, -1556]]
[[1, 0], [429, 1556], [-431, -1556]]
[[1, 0], [429, 778], [-861, -1556]]
[[1, 0], [43, 1167], [-47, -1167]]
[[1, 0], [43, 1556], [-45, -1556]]
[[1, 0], [43, 389], [-137, -1167]]
[[1, 0], [43, 389], [-177, -1556]]
[[1, 0], [43, 389], [-47, -389]]
[[1, 0], [43, 778], [-89, -1556]]
[[1, 0], [430, 1167], [-434, -1167]]
[[1, 0], [431, 1556], [-433, -1556]]
[[1, 0], [431, 778], [-865, -1556]]
[[1, 0], [433, 1167], [-437, -1167]]
[[1, 0], [433, 1556], [-435, -1556]]
[[1, 0], [433, 778], [-869, -1556]]
[[1, 0], [435, 1556], [-437, -1556]]
[[1, 0], [435, 778], [-873, -1556]]
[[1, 0], [436, 1167], [-440, -1167]]
[[1, 0], [437, 1556], [-439, -1556]]
[[1, 0], [437, 778], [-877, -1556]]
[[1, 0], [439, 1167], [-443, -1167]]
[[1, 0], [439, 1556], [-441, -1556]]
[[1, 0], [439, 778], [-881, -1556]]
[[1, 0], [44, 389], [-140, -1167]]
[[1, 0], [44, 389], [-181, -1556]]
[[1, 0], [44, 389], [-48, -389]]
[[1, 0], [441, 1556], [-443, -1556]]
[[1, 0], [441, 778], [-885, -1556]]
[[1, 0], [442, 1167], [-446, -1167]]
[[1, 0], [443, 1556], [-445, -1556]]
[[1, 0], [443, 778], [-889, -1556]]
[[1, 0], [445, 1167], [-449, -1167]]
[[1, 0], [445, 1556], [-447, -1556]]
[[1, 0], [445, 778], [-893, -1556]]
[[1, 0], [447, 1556], [-449, -1556]]
[[1, 0], [447, 778], [-897, -1556]]
[[1, 0], [448, 1167], [-452, -1167]]
[[1, 0], [449, 1556], [-451, -1556]]
[[1, 0], [449, 778], [-901, -1556]]
[[1, 0], [45, 1556], [-47, -1556]]
[[1, 0], [45, 389], [-143, -1167]]
[[1, 0], [45, 389], [-185, -1556]]
[[1, 0], [45, 389], [-49, -389]]
[[1, 0], [45, 778], [-93, -1556]]
[[1, 0], [451, 1167], [-455, -1167]]
[[1, 0], [451, 1556], [-453, -1556]]
[[1, 0], [451, 778], [-905, -1556]]
[[1, 0], [453, 1556], [-455, -1556]]
[[1, 0], [453, 778], [-909, -1556]]
[[1, 0], [454, 1167], [-458, -1167]]
[[1, 0], [455, 1556], [-457, -1556]]
[[1, 0], [455, 778], [-913, -1556]]
[[1, 0], [457, 1167], [-461, -1167]]
[[1, 0], [457, 1556], [-459, -1556]]
[[1, 0], [457, 778], [-917, -1556]]
[[1, 0], [459, 1556], [-461, -1556]]
[[1, 0], [459, 778], [-921, -1556]]
[[1, 0], [46, 1167], [-50, -1167]]
[[1, 0], [46, 389], [-146, -1167]]
[[1, 0], [46, 389], [-189, -1556]]
[[1, 0], [46, 389], [-50, -389]]
[[1, 0], [460, 1167], [-464, -1167]]
[[1, 0], [461, 1556], [-463, -1556]]
[[1, 0], [461, 778], [-925, -1556]]
[[1, 0], [463, 1167], [-467, -1167]]
[[1, 0], [463, 1556], [-465, -1556]]
[[1, 0], [463, 778], [-929, -1556]]
[[1, 0], [465, 1556], [-467, -1556]]
[[1, 0], [465, 778], [-933, -1556]]
[[1, 0], [466, 1167], [-470, -1167]]
[[1, 0], [467, 1556], [-469, -1556]]
[[1, 0], [467, 778], [-937, -1556]]
[[1, 0], [469, 1167], [-473, -1167]]
[[1, 0], [469, 1556], [-471, -1556]]
[[1, 0], [469, 778], [-941, -1556]]
[[1, 0], [47, 1556], [-49, -1556]]
[[1, 0], [47, 389], [-149, -1167]]
[[1, 0], [47, 389], [-193, -1556]]
[[1, 0], [47, 389], [-51, -389]]
[[1, 0], [47, 778], [-97, -1556]]
[[1, 0], [471, 1556], [-473, -1556]]
[[1, 0], [471, 778], [-945, -1556]]
[[1, 0], [472, 1167], [-476, -1167]]
[[1, 0], [473, 1556], [-475, -1556]]
[[1, 0], [473, 778], [-949, -1556]]
[[1, 0], [475, 1167], [-479, -1167]]
[[1, 0], [475, 1556], [-477, -1556]]
[[1, 0], [475, 778], [-953, -1556]]
[[1, 0], [477, 1556], [-479, -1556]]
[[1, 0], [477, 778], [-957, -1556]]
[[1, 0], [478, 1167], [-482, -1167]]
[[1, 0], [479, 1556], [-481, -1556]]
[[1, 0], [479, 778], [-961, -1556]]
[[1, 0], [48, 389], [-152, -1167]]
[[1, 0], [48, 389], [-197, -1556]]
[[1, 0], [48, 389], [-52, -389]]
[[1, 0], [481, 1167], [-485, -1167]]
[[1, 0], [481, 1556], [-483, -1556]]
[[1, 0], [481, 778], [-965, -1556]]
[[1, 0], [483, 1556], [-485, -1556]]
[[1, 0], [483, 778], [-969, -1556]]
[[1, 0], [484, 1167], [-488, -1167]]
[[1, 0], [485, 1556], [-487, -1556]]
[[1, 0], [485, 778], [-973, -1556]]
[[1, 0], [487, 1167], [-491, -1167]]
[[1, 0], [487, 1556], [-489, -1556]]
[[1, 0], [487, 778], [-977, -1556]]
[[1, 0], [489, 1556], [-491, -1556]]
[[1, 0], [489, 778], [-981, -1556]]
[[1, 0], [49, 1167], [-53, -1167]]
[[1, 0], [49, 1556], [-51, -1556]]
[[1, 0], [49, 389], [-155, -1167]]
[[1, 0], [49, 389], [-201, -1556]]
[[1, 0], [49, 389], [-53, -389]]
[[1, 0], [49, 778], [-101, -1556]]
[[1, 0], [490, 1167], [-494, -1167]]
[[1, 0], [491, 1556], [-493, -1556]]
[[1, 0], [491, 778], [-985, -1556]]
[[1, 0], [493, 1167], [-497, -1167]]
[[1, 0], [493, 1556], [-495, -1556]]
[[1, 0], [493, 778], [-989, -1556]]
[[1, 0], [495, 1556], [-497, -1556]]
[[1, 0], [495, 778], [-993, -1556]]
[[1, 0], [496, 1167], [-500, -1167]]
[[1, 0], [497, 1556], [-499, -1556]]
[[1, 0], [497, 778], [-997, -1556]]
[[1, 0], [499, 1167], [-503, -1167]]
[[1, 0], [499, 1556], [-501, -1556]]
[[1, 0], [499, 778], [-1001, -1556]]
[[1, 0], [5, 389], [-23, -1167]]
[[1, 0], [5, 389], [-25, -1556]]
[[1, 0], [5, 389], [-9, -389]]
[[1, 0], [5, 778], [-13, -1556]]
[[1, 0], [5, 8], [-1039, -1040]]
[[1, 0], [5, 8], [-1055, -132]]
[[1, 0], [5, 8], [-13327, -784]]
[[1, 0], [5, 8], [-2015, -112]]
[[1, 0], [5, 8], [-237, -68]]
[[1, 0], [5, 8], [-261, -262]]
[[1, 0], [5, 8], [-3429, -196]]
[[1, 0], [5, 8], [-399, -16]]
[[1, 0], [5, 8], [-439, -80]]
[[1, 0], [5, 8], [-519, -208]]
[[1, 0], [5, 8], [-601, -28]]
[[1, 0], [5, 8], [-807, -202]]
[[1, 0], [50, 389], [-158, -1167]]
[[1, 0], [50, 389], [-205, -1556]]
[[1, 0], [50, 389], [-54, -389]]
[[1, 0], [501, 1556], [-503, -1556]]
[[1, 0], [501, 778], [-1005, -1556]]
[[1, 0], [502, 1167], [-506, -1167]]
[[1, 0], [503, 1556], [-505, -1556]]
[[1, 0], [503, 778], [-1009, -1556]]
[[1, 0], [505, 1167], [-509, -1167]]
[[1, 0], [505, 1556], [-507, -1556]]
[[1, 0], [505, 778], [-1013, -1556]]
[[1, 0], [507, 1556], [-509, -1556]]
[[1, 0], [507, 778], [-1017, -1556]]
[[1, 0], [508, 1167], [-512, -1167]]
[[1, 0], [509, 1556], [-511, -1556]]
[[1, 0], [509, 778], [-1021, -1556]]
[[1, 0], [51, 1556], [-53, -1556]]
[[1, 0], [51, 389], [-161, -1167]]
[[1, 0], [51, 389], [-209, -1556]]
[[1, 0], [51, 389], [-55, -389]]
[[1, 0], [51, 778], [-105, -1556]]
[[1, 0], [511, 1167], [-515, -1167]]
[[1, 0], [511, 1556], [-513, -1556]]
[[1, 0], [511, 778], [-1025, -1556]]
[[1, 0], [513, 1556], [-515, -1556]]
[[1, 0], [513, 778], [-1029, -1556]]
[[1, 0], [514, 1167], [-518, -1167]]
[[1, 0], [515, 1556], [-517, -1556]]
[[1, 0], [515, 778], [-1033, -1556]]
[[1, 0], [517, 1167], [-521, -1167]]
[[1, 0], [517, 1556], [-519, -1556]]
[[1, 0], [517, 778], [-1037, -1556]]
[[1, 0], [519, 1556], [-521, -1556]]
[[1, 0], [519, 778], [-1041, -1556]]
[[1, 0], [52, 1167], [-56, -1167]]
[[1, 0], [52, 389], [-164, -1167]]
[[1, 0], [52, 389], [-213, -1556]]
[[1, 0], [52, 389], [-56, -389]]
[[1, 0], [520, 1167], [-524, -1167]]
[[1, 0], [521, 1556], [-523, -1556]]
[[1, 0], [521, 778], [-1045, -1556]]
[[1, 0], [523, 1167], [-527, -1167]]
[[1, 0], [523, 1556], [-525, -1556]]
[[1, 0], [523, 778], [-1049, -1556]]
[[1, 0], [525, 1556], [-527, -1556]]
[[1, 0], [525, 778], [-1053, -1556]]
[[1, 0], [526, 1167], [-530, -1167]]
[[1, 0], [527, 1556], [-529, -1556]]
[[1, 0], [527, 778], [-1057, -1556]]
[[1, 0], [529, 1167], [-533, -1167]]
[[1, 0], [529, 1556], [-531, -1556]]
[[1, 0], [529, 778], [-1061, -1556]]
[[1, 0], [53, 1556], [-55, -1556]]
[[1, 0], [53, 389], [-167, -1167]]
[[1, 0], [53, 389], [-217, -1556]]
[[1, 0], [53, 389], [-57, -389]]
[[1, 0], [53, 778], [-109, -1556]]
[[1, 0], [531, 1556], [-533, -1556]]
[[1, 0], [531, 778], [-1065, -1556]]
[[1, 0], [532, 1167], [-536, -1167]]
[[1, 0], [533, 1556], [-535, -1556]]
[[1, 0], [533, 778], [-1069, -1556]]
[[1, 0], [535, 1167], [-539, -1167]]
[[1, 0], [535, 1556], [-537, -1556]]
[[1, 0], [535, 778], [-1073, -1556]]
[[1, 0], [537, 1556], [-539, -1556]]
[[1, 0], [537, 778], [-1077, -1556]]
[[1, 0], [538, 1167], [-542, -1167]]
[[1, 0], [539, 1556], [-541, -1556]]
[[1, 0], [539, 778], [-1081, -1556]]
[[1, 0], [54, 389], [-170, -1167]]
[[1, 0], [54, 389], [-221, -1556]]
[[1, 0], [54, 389], [-58, -389]]
[[1, 0], [541, 1167], [-545, -1167]]
[[1, 0], [541, 1556], [-543, -1556]]
[[1, 0], [541, 778], [-1085, -1556]]
[[1, 0], [543, 1556], [-545, -1556]]
[[1, 0], [543, 778], [-1089, -1556]]
[[1, 0], [544, 1167], [-548, -1167]]
[[1, 0], [545, 1556], [-547, -1556]]
[[1, 0], [545, 778], [-1093, -1556]]
[[1, 0], [547, 1167], [-551, -1167]]
[[1, 0], [547, 1556], [-549, -1556]]
[[1, 0], [547, 778], [-1097, -1556]]
[[1, 0], [549, 1556], [-551, -1556]]
[[1, 0], [549, 778], [-1101, -1556]]
[[1, 0], [55, 1167], [-59, -1167]]
[[1, 0], [55, 1556], [-57, -1556]]
[[1, 0], [55, 389], [-173, -1167]]
[[1, 0], [55, 389], [-225, -1556]]
[[1, 0], [55, 389], [-59, -389]]
[[1, 0], [55, 778], [-113, -1556]]
[[1, 0], [550, 1167], [-554, -1167]]
[[1, 0], [551, 1556], [-553, -1556]]
[[1, 0], [551, 778], [-1105, -1556]]
[[1, 0], [553, 1167], [-557, -1167]]
[[1, 0], [553, 1556], [-555, -1556]]
[[1, 0], [553, 778], [-1109, -1556]]
[[1, 0], [555, 1556], [-557, -1556]]
[[1, 0], [555, 778], [-1113, -1556]]
[[1, 0], [556, 1167], [-560, -1167]]
[[1, 0], [557, 1556], [-559, -1556]]
[[1, 0], [557, 778], [-1117, -1556]]
[[1, 0], [559, 1167], [-563, -1167]]
[[1, 0], [559, 1556], [-561, -1556]]
[[1, 0], [559, 778], [-1121, -1556]]
[[1, 0], [56, 389], [-176, -1167]]
[[1, 0], [56, 389], [-229, -1556]]
[[1, 0], [56, 389], [-60, -389]]
[[1, 0], [561, 1556], [-563, -1556]]
[[1, 0], [561, 778], [-1125, -1556]]
[[1, 0], [562, 1167], [-566, -1167]]
[[1, 0], [563, 1556], [-565, -1556]]
[[1, 0], [563, 778], [-1129, -1556]]
[[1, 0], [565, 1167], [-569, -1167]]
[[1, 0], [565, 1556], [-567, -1556]]
[[1, 0], [565, 778], [-1133, -1556]]
[[1, 0], [567, 1556], [-569, -1556]]
[[1, 0], [567, 778], [-1137, -1556]]
[[1, 0], [568, 1167], [-572, -1167]]
[[1, 0], [569, 1556], [-571, -1556]]
[[1, 0], [569, 778], [-1141, -1556]]
[[1, 0], [57, 112], [-783, -392]]
[[1, 0], [57, 1556], [-59, -1556]]
[[1, 0], [57, 389], [-179, -1167]]
[[1, 0], [57, 389], [-233, -1556]]
[[1, 0], [57, 389], [-61, -389]]
[[1, 0], [57, 778], [-117, -1556]]
[[1, 0], [571, 1167], [-575, -1167]]
[[1, 0], [571, 1556], [-573, -1556]]
[[1, 0], [571, 778], [-1145, -1556]]
[[1, 0], [573, 1556], [-575, -1556]]
[[1, 0], [573, 778], [-1149, -1556]]
[[1, 0], [574, 1167], [-578, -1167]]
[[1, 0], [575, 1556], [-577, -1556]]
[[1, 0], [575, 778], [-1153, -1556]]
[[1, 0], [577, 1167], [-581, -1167]]
[[1, 0], [577, 1556], [-579, -1556]]
[[1, 0], [577, 778], [-1157, -1556]]
[[1, 0], [579, 1556], [-581, -1556]]
[[1, 0], [579, 778], [-1161, -1556]]
[[1, 0], [58, 1167], [-62, -1167]]
[[1, 0], [58, 389], [-182, -1167]]
[[1, 0], [58, 389], [-237, -1556]]
[[1, 0], [58, 389], [-62, -389]]
[[1, 0], [580, 1167], [-584, -1167]]
[[1, 0], [581, 1556], [-583, -1556]]
[[1, 0], [581, 778], [-1165, -1556]]
[[1, 0], [583, 1556], [-585, -1556]]
[[1, 0], [583, 778], [-1169, -1556]]
[[1, 0], [585, 1556], [-587, -1556]]
[[1, 0], [585, 778], [-1173, -1556]]
[[1, 0], [587, 1556], [-589, -1556]]
[[1, 0], [587, 778], [-1177, -1556]]
[[1, 0], [589, 1556], [-591, -1556]]
[[1, 0], [589, 778], [-1181, -1556]]
[[1, 0], [59, 1556], [-61, -1556]]
[[1, 0], [59, 389], [-185, -1167]]
[[1, 0], [59, 389], [-241, -1556]]
[[1, 0], [59, 389], [-63, -389]]
[[1, 0], [59, 778], [-121, -1556]]
[[1, 0], [591, 1556], [-593, -1556]]
[[1, 0], [591, 778], [-1185, -1556]]
[[1, 0], [593, 1556], [-595, -1556]]
[[1, 0], [593, 778], [-1189, -1556]]
[[1, 0], [595, 1556], [-597, -1556]]
[[1, 0], [595, 778], [-1193, -1556]]
[[1, 0], [597, 1556], [-599, -1556]]
[[1, 0], [597, 778], [-1197, -1556]]
[[1, 0], [599, 1556], [-601, -1556]]
[[1, 0], [599, 778], [-1201, -1556]]
[[1, 0], [6, 389], [-10, -389]]
[[1, 0], [6, 389], [-26, -1167]]
[[1, 0], [6, 389], [-29, -1556]]
[[1, 0], [60, 389], [-188, -1167]]
[[1, 0], [60, 389], [-245, -1556]]
[[1, 0], [60, 389], [-64, -389]]
[[1, 0], [601, 1556], [-603, -1556]]
[[1, 0], [601, 778], [-1205, -1556]]
[[1, 0], [603, 1556], [-605, -1556]]
[[1, 0], [603, 778], [-1209, -1556]]
[[1, 0], [605, 1556], [-607, -1556]]
[[1, 0], [605, 778], [-1213, -1556]]
[[1, 0], [607, 1556], [-609, -1556]]
[[1, 0], [607, 778], [-1217, -1556]]
[[1, 0], [609, 1556], [-611, -1556]]
[[1, 0], [609, 778], [-1221, -1556]]
[[1, 0], [61, 1167], [-65, -1167]]
[[1, 0], [61, 1556], [-63, -1556]]
[[1, 0], [61, 389], [-191, -1167]]
[[1, 0], [61, 389], [-249, -1556]]
[[1, 0], [61, 389], [-65, -389]]
[[1, 0], [61, 778], [-125, -1556]]
[[1, 0], [611, 1556], [-613, -1556]]
[[1, 0], [611, 778], [-1225, -1556]]
[[1, 0], [613, 1556], [-615, -1556]]
[[1, 0], [613, 778], [-1229, -1556]]
[[1, 0], [615, 1556], [-617, -1556]]
[[1, 0], [615, 778], [-1233, -1556]]
[[1, 0], [617, 1556], [-619, -1556]]
[[1, 0], [617, 778], [-1237, -1556]]
[[1, 0], [619, 1556], [-621, -1556]]
[[1, 0], [619, 778], [-1241, -1556]]
[[1, 0], [62, 389], [-194, -1167]]
[[1, 0], [62, 389], [-253, -1556]]
[[1, 0], [62, 389], [-66, -389]]
[[1, 0], [621, 1556], [-623, -1556]]
[[1, 0], [621, 778], [-1245, -1556]]
[[1, 0], [623, 1556], [-625, -1556]]
[[1, 0], [623, 778], [-1249, -1556]]
[[1, 0], [625, 1556], [-627, -1556]]
[[1, 0], [625, 778], [-1253, -1556]]
[[1, 0], [627, 1556], [-629, -1556]]
[[1, 0], [627, 778], [-1257, -1556]]
[[1, 0], [629, 1556], [-631, -1556]]
[[1, 0], [629, 778], [-1261, -1556]]
[[1, 0], [63, 1556], [-65, -1556]]
[[1, 0], [63, 389], [-197, -1167]]
[[1, 0], [63, 389], [-257, -1556]]
[[1, 0], [63, 389], [-67, -389]]
[[1, 0], [63, 778], [-129, -1556]]
[[1, 0], [631, 1556], [-633, -1556]]
[[1, 0], [631, 778], [-1265, -1556]]
[[1, 0], [633, 1556], [-635, -1556]]
[[1, 0], [633, 778], [-1269, -1556]]
[[1, 0], [635, 1556], [-637, -1556]]
[[1, 0], [635, 778], [-1273, -1556]]
[[1, 0], [637, 1556], [-639, -1556]]
[[1, 0], [637, 778], [-1277, -1556]]
[[1, 0], [639, 1556], [-641, -1556]]
[[1, 0], [639, 778], [-1281, -1556]]
[[1, 0], [64, 1167], [-68, -1167]]
[[1, 0], [64, 389], [-200, -1167]]
[[1, 0], [64, 389], [-261, -1556]]
[[1, 0], [64, 389], [-68, -389]]
[[1, 0], [641, 1556], [-643, -1556]]
[[1, 0], [641, 778], [-1285, -1556]]
[[1, 0], [643, 1556], [-645, -1556]]
[[1, 0], [643, 778], [-1289, -1556]]
[[1, 0], [645, 1556], [-647, -1556]]
[[1, 0], [645, 778], [-1293, -1556]]
[[1, 0], [647, 1556], [-649, -1556]]
[[1, 0], [647, 778], [-1297, -1556]]
[[1, 0], [649, 1556], [-651, -1556]]
[[1, 0], [649, 778], [-1301, -1556]]
[[1, 0], [65, 1556], [-67, -1556]]
[[1, 0], [65, 389], [-203, -1167]]
[[1, 0], [65, 389], [-265, -1556]]
[[1, 0], [65, 389], [-69, -389]]
[[1, 0], [65, 778], [-133, -1556]]
[[1, 0], [651, 1556], [-653, -1556]]
[[1, 0], [651, 778], [-1305, -1556]]
[[1, 0], [653, 1556], [-655, -1556]]
[[1, 0], [653, 778], [-1309, -1556]]
[[1, 0], [655, 1556], [-657, -1556]]
[[1, 0], [655, 778], [-1313, -1556]]
[[1, 0], [657, 1556], [-659, -1556]]
[[1, 0], [657, 778], [-1317, -1556]]
[[1, 0], [659, 1556], [-661, -1556]]
[[1, 0], [659, 778], [-1321, -1556]]
[[1, 0], [66, 389], [-206, -1167]]
[[1, 0], [66, 389], [-269, -1556]]
[[1, 0], [66, 389], [-70, -389]]
[[1, 0], [661, 1556], [-663, -1556]]
[[1, 0], [661, 778], [-1325, -1556]]
[[1, 0], [663, 1556], [-665, -1556]]
[[1, 0], [663, 778], [-1329, -1556]]
[[1, 0], [665, 1556], [-667, -1556]]
[[1, 0], [665, 778], [-1333, -1556]]
[[1, 0], [667, 1556], [-669, -1556]]
[[1, 0], [667, 778], [-1337, -1556]]
[[1, 0], [669, 1556], [-671, -1556]]
[[1, 0], [669, 778], [-1341, -1556]]
[[1, 0], [67, 1167], [-71, -1167]]
[[1, 0], [67, 132], [-791, -792]]
[[1, 0], [67, 1556], [-69, -1556]]
[[1, 0], [67, 389], [-209, -1167]]
[[1, 0], [67, 389], [-273, -1556]]
[[1, 0], [67, 389], [-71, -389]]
[[1, 0], [67, 778], [-137, -1556]]
[[1, 0], [671, 1556], [-673, -1556]]
[[1, 0], [671, 778], [-1345, -1556]]
[[1, 0], [673, 1556], [-675, -1556]]
[[1, 0], [673, 778], [-1349, -1556]]
[[1, 0], [675, 1556], [-677, -1556]]
[[1, 0], [675, 778], [-1353, -1556]]
[[1, 0], [677, 1556], [-679, -1556]]
[[1, 0], [677, 778], [-1357, -1556]]
[[1, 0], [679, 1556], [-681, -1556]]
[[1, 0], [679, 778], [-1361, -1556]]
[[1, 0], [68, 389], [-212, -1167]]
[[1, 0], [68, 389], [-277, -1556]]
[[1, 0], [68, 389], [-72, -389]]
[[1, 0], [681, 1556], [-683, -1556]]
[[1, 0], [681, 778], [-1365, -1556]]
[[1, 0], [683, 1556], [-685, -1556]]
[[1, 0], [683, 778], [-1369, -1556]]
[[1, 0], [685, 1556], [-687, -1556]]
[[1, 0], [685, 778], [-1373, -1556]]
[[1, 0], [687, 1556], [-689, -1556]]
[[1, 0], [687, 778], [-1377, -1556]]
[[1, 0], [689, 1556], [-691, -1556]]
[[1, 0], [689, 778], [-1381, -1556]]
[[1, 0], [69, 1556], [-71, -1556]]
[[1, 0], [69, 389], [-215, -1167]]
[[1, 0], [69, 389], [-281, -1556]]
[[1, 0], [69, 389], [-73, -389]]
[[1, 0], [69, 778], [-141, -1556]]
[[1, 0], [691, 1556], [-693, -1556]]
[[1, 0], [691, 778], [-1385, -1556]]
[[1, 0], [693, 1556], [-695, -1556]]
[[1, 0], [693, 778], [-1389, -1556]]
[[1, 0], [695, 1556], [-697, -1556]]
[[1, 0], [695, 778], [-1393, -1556]]
[[1, 0], [697, 1556], [-699, -1556]]
[[1, 0], [697, 778], [-1397, -1556]]
[[1, 0], [699, 1556], [-701, -1556]]
[[1, 0], [699, 778], [-1401, -1556]]
[[1, 0], [7, 12], [-1049, -20]]
[[1, 0], [7, 12], [-1247, -26]]
[[1, 0], [7, 12], [-13259, -390]]
[[1, 0], [7, 12], [-1379, -30]]
[[1, 0], [7, 12], [-157, -158]]
[[1, 0], [7, 12], [-1676, -39]]
[[1, 0], [7, 12], [-2105, -52]]
[[1, 0], [7, 12], [-2369, -60]]
[[1, 0], [7, 12], [-2534, -65]]
[[1, 0], [7, 12], [-26129, -780]]
[[1, 0], [7, 12], [-275, -138]]
[[1, 0], [7, 12], [-285, -44]]
[[1, 0], [7, 12], [-2963, -78]]
[[1, 0], [7, 12], [-425, -284]]
[[1, 0], [7, 12], [-431, -72]]
[[1, 0], [7, 12], [-4679, -130]]
[[1, 0], [7, 12], [-5537, -156]]
[[1, 0], [7, 12], [-6824, -195]]
[[1, 0], [7, 12], [-785, -12]]
[[1, 0], [7, 12], [-818, -13]]
[[1, 0], [7, 12], [-884, -15]]
[[1, 0], [7, 12], [-8969, -260]]
[[1, 0], [7, 12], [-935, -936]]
[[1, 0], [7, 1556], [-9, -1556]]
[[1, 0], [7, 389], [-29, -1167]]
[[1, 0], [7, 389], [-33, -1556]]
[[1, 0], [7, 778], [-17, -1556]]
[[1, 0], [70, 1167], [-74, -1167]]
[[1, 0], [70, 389], [-218, -1167]]
[[1, 0], [70, 389], [-285, -1556]]
[[1, 0], [70, 389], [-74, -389]]
[[1, 0], [701, 1556], [-703, -1556]]
[[1, 0], [701, 778], [-1405, -1556]]
[[1, 0], [703, 1556], [-705, -1556]]
[[1, 0], [703, 778], [-1409, -1556]]
[[1, 0], [705, 1556], [-707, -1556]]
[[1, 0], [705, 778], [-1413, -1556]]
[[1, 0], [707, 1556], [-709, -1556]]
[[1, 0], [707, 778], [-1417, -1556]]
[[1, 0], [709, 1556], [-711, -1556]]
[[1, 0], [709, 778], [-1421, -1556]]
[[1, 0], [71, 1556], [-73, -1556]]
[[1, 0], [71, 389], [-221, -1167]]
[[1, 0], [71, 389], [-289, -1556]]
[[1, 0], [71, 389], [-75, -389]]
[[1, 0], [71, 778], [-145, -1556]]
[[1, 0], [711, 1556], [-713, -1556]]
[[1, 0], [711, 778], [-1425, -1556]]
[[1, 0], [713, 1556], [-715, -1556]]
[[1, 0], [713, 778], [-1429, -1556]]
[[1, 0], [715, 1556], [-717, -1556]]
[[1, 0], [715, 778], [-1433, -1556]]
[[1, 0], [717, 1556], [-719, -1556]]
[[1, 0], [717, 778], [-1437, -1556]]
[[1, 0], [719, 1556], [-721, -1556]]
[[1, 0], [719, 778], [-1441, -1556]]
[[1, 0], [72, 389], [-224, -1167]]
[[1, 0], [72, 389], [-293, -1556]]
[[1, 0], [72, 389], [-76, -389]]
[[1, 0], [721, 1556], [-723, -1556]]
[[1, 0], [721, 778], [-1445, -1556]]
[[1, 0], [723, 1556], [-725, -1556]]
[[1, 0], [723, 778], [-1449, -1556]]
[[1, 0], [725, 1556], [-727, -1556]]
[[1, 0], [725, 778], [-1453, -1556]]
[[1, 0], [727, 1556], [-729, -1556]]
[[1, 0], [727, 778], [-1457, -1556]]
[[1, 0], [729, 1556], [-731, -1556]]
[[1, 0], [729, 778], [-1461, -1556]]
[[1, 0], [73, 1167], [-77, -1167]]
[[1, 0], [73, 1556], [-75, -1556]]
[[1, 0], [73, 389], [-227, -1167]]
[[1, 0], [73, 389], [-297, -1556]]
[[1, 0], [73, 389], [-77, -389]]
[[1, 0], [73, 778], [-149, -1556]]
[[1, 0], [731, 1556], [-733, -1556]]
[[1, 0], [731, 778], [-1465, -1556]]
[[1, 0], [733, 1556], [-735, -1556]]
[[1, 0], [733, 778], [-1469, -1556]]
[[1, 0], [735, 1556], [-737, -1556]]
[[1, 0], [735, 778], [-1473, -1556]]
[[1, 0], [737, 1556], [-739, -1556]]
[[1, 0], [737, 778], [-1477, -1556]]
[[1, 0], [739, 1556], [-741, -1556]]
[[1, 0], [739, 778], [-1481, -1556]]
[[1, 0], [74, 389], [-230, -1167]]
[[1, 0], [74, 389], [-301, -1556]]
[[1, 0], [74, 389], [-78, -389]]
[[1, 0], [741, 1556], [-743, -1556]]
[[1, 0], [741, 778], [-1485, -1556]]
[[1, 0], [743, 1556], [-745, -1556]]
[[1, 0], [743, 778], [-1489, -1556]]
[[1, 0], [745, 1556], [-747, -1556]]
[[1, 0], [745, 778], [-1493, -1556]]
[[1, 0], [747, 1556], [-749, -1556]]
[[1, 0], [747, 778], [-1497, -1556]]
[[1, 0], [749, 1556], [-751, -1556]]
[[1, 0], [749, 778], [-1501, -1556]]
[[1, 0], [75, 1556], [-77, -1556]]
[[1, 0], [75, 389], [-233, -1167]]
[[1, 0], [75, 389], [-305, -1556]]
[[1, 0], [75, 389], [-79, -389]]
[[1, 0], [75, 778], [-153, -1556]]
[[1, 0], [751, 1556], [-753, -1556]]
[[1, 0], [751, 778], [-1505, -1556]]
[[1, 0], [753, 1556], [-755, -1556]]
[[1, 0], [753, 778], [-1509, -1556]]
[[1, 0], [755, 1556], [-757, -1556]]
[[1, 0], [755, 778], [-1513, -1556]]
[[1, 0], [757, 1556], [-759, -1556]]
[[1, 0], [757, 778], [-1517, -1556]]
[[1, 0], [759, 1556], [-761, -1556]]
[[1, 0], [759, 778], [-1521, -1556]]
[[1, 0], [76, 1167], [-80, -1167]]
[[1, 0], [76, 389], [-236, -1167]]
[[1, 0], [76, 389], [-309, -1556]]
[[1, 0], [76, 389], [-80, -389]]
[[1, 0], [761, 1556], [-763, -1556]]
[[1, 0], [761, 778], [-1525, -1556]]
[[1, 0], [763, 1556], [-765, -1556]]
[[1, 0], [763, 778], [-1529, -1556]]
[[1, 0], [765, 1556], [-767, -1556]]
[[1, 0], [765, 778], [-1533, -1556]]
[[1, 0], [767, 1556], [-769, -1556]]
[[1, 0], [767, 778], [-1537, -1556]]
[[1, 0], [769, 1556], [-771, -1556]]
[[1, 0], [769, 778], [-1541, -1556]]
[[1, 0], [77, 1556], [-79, -1556]]
[[1, 0], [77, 389], [-239, -1167]]
[[1, 0], [77, 389], [-313, -1556]]
[[1, 0], [77, 389], [-81, -389]]
[[1, 0], [77, 778], [-157, -1556]]
[[1, 0], [771, 1556], [-773, -1556]]
[[1, 0], [771, 778], [-1545, -1556]]
[[1, 0], [773, 1556], [-775, -1556]]
[[1, 0], [773, 778], [-1549, -1556]]
[[1, 0], [775, 1556], [-777, -1556]]
[[1, 0], [775, 778], [-1553, -1556]]
[[1, 0], [777, 1556], [-779, -1556]]
[[1, 0], [777, 778], [-1557, -1556]]
[[1, 0], [78, 389], [-242, -1167]]
[[1, 0], [78, 389], [-317, -1556]]
[[1, 0], [78, 389], [-82, -389]]
[[1, 0], [79, 1167], [-83, -1167]]
[[1, 0], [79, 1556], [-81, -1556]]
[[1, 0], [79, 156], [-1169, -260]]
[[1, 0], [79, 156], [-1559, -390]]
[[1, 0], [79, 156], [-2729, -780]]
[[1, 0], [79, 156], [-857, -156]]
[[1, 0], [79, 156], [-974, -195]]
[[1, 0], [79, 389], [-245, -1167]]
[[1, 0], [79, 389], [-321, -1556]]
[[1, 0], [79, 389], [-83, -389]]
[[1, 0], [79, 778], [-161, -1556]]
[[1, 0], [8, 389], [-12, -389]]
[[1, 0], [8, 389], [-32, -1167]]
[[1, 0], [8, 389], [-37, -1556]]
[[1, 0], [80, 389], [-248, -1167]]
[[1, 0], [80, 389], [-325, -1556]]
[[1, 0], [80, 389], [-84, -389]]
[[1, 0], [81, 1556], [-83, -1556]]
[[1, 0], [81, 389], [-251, -1167]]
[[1, 0], [81, 389], [-329, -1556]]
[[1, 0], [81, 389], [-85, -389]]
[[1, 0], [81, 778], [-165, -1556]]
[[1, 0], [82, 1167], [-86, -1167]]
[[1, 0], [82, 389], [-254, -1167]]
[[1, 0], [82, 389], [-333, -1556]]
[[1, 0], [82, 389], [-86, -389]]
[[1, 0], [83, 1556], [-85, -1556]]
[[1, 0], [83, 389], [-257, -1167]]
[[1, 0], [83, 389], [-337, -1556]]
[[1, 0], [83, 389], [-87, -389]]
[[1, 0], [83, 778], [-169, -1556]]
[[1, 0], [84, 389], [-260, -1167]]
[[1, 0], [84, 389], [-341, -1556]]
[[1, 0], [84, 389], [-88, -389]]
[[1, 0], [85, 1167], [-89, -1167]]
[[1, 0], [85, 1556], [-87, -1556]]
[[1, 0], [85, 389], [-263, -1167]]
[[1, 0], [85, 389], [-345, -1556]]
[[1, 0], [85, 389], [-89, -389]]
[[1, 0], [85, 778], [-173, -1556]]
[[1, 0], [86, 389], [-266, -1167]]
[[1, 0], [86, 389], [-349, -1556]]
[[1, 0], [86, 389], [-90, -389]]
[[1, 0], [87, 1556], [-89, -1556]]
[[1, 0], [87, 389], [-269, -1167]]
[[1, 0], [87, 389], [-353, -1556]]
[[1, 0], [87, 389], [-91, -389]]
[[1, 0], [87, 778], [-177, -1556]]
[[1, 0], [88, 1167], [-92, -1167]]
[[1, 0], [88, 389], [-272, -1167]]
[[1, 0], [88, 389], [-357, -1556]]
[[1, 0], [88, 389], [-92, -389]]
[[1, 0], [89, 1556], [-91, -1556]]
[[1, 0], [89, 389], [-275, -1167]]
[[1, 0], [89, 389], [-361, -1556]]
[[1, 0], [89, 389], [-93, -389]]
[[1, 0], [89, 778], [-181, -1556]]
[[1, 0], [9, 1556], [-11, -1556]]
[[1, 0], [9, 16], [-271, -136]]
[[1, 0], [9, 16], [-3527, -392]]
[[1, 0], [9, 16], [-479, -160]]
[[1, 0], [9, 16], [-615, -56]]
[[1, 0], [9, 16], [-623, -416]]
[[1, 0], [9, 16], [-979, -98]]
[[1, 0], [9, 389], [-13, -389]]
[[1, 0], [9, 389], [-35, -1167]]
[[1, 0], [9, 389], [-41, -1556]]
[[1, 0], [9, 778], [-21, -1556]]
[[1, 0], [90, 389], [-278, -1167]]
[[1, 0], [90, 389], [-365, -1556]]
[[1, 0], [90, 389], [-94, -389]]
[[1, 0], [91, 1167], [-95, -1167]]
[[1, 0], [91, 1556], [-93, -1556]]
[[1, 0], [91, 389], [-281, -1167]]
[[1, 0], [91, 389], [-369, -1556]]
[[1, 0], [91, 389], [-95, -389]]
[[1, 0], [91, 778], [-185, -1556]]
[[1, 0], [92, 389], [-284, -1167]]
[[1, 0], [92, 389], [-373, -1556]]
[[1, 0], [92, 389], [-96, -389]]
[[1, 0], [93, 1556], [-95, -1556]]
[[1, 0], [93, 389], [-287, -1167]]
[[1, 0], [93, 389], [-377, -1556]]
[[1, 0], [93, 389], [-97, -389]]
[[1, 0], [93, 778], [-189, -1556]]
[[1, 0], [94, 1167], [-98, -1167]]
[[1, 0], [94, 389], [-290, -1167]]
[[1, 0], [94, 389], [-381, -1556]]
[[1, 0], [94, 389], [-98, -389]]
[[1, 0], [95, 1556], [-97, -1556]]
[[1, 0], [95, 389], [-293, -1167]]
[[1, 0], [95, 389], [-385, -1556]]
[[1, 0], [95, 389], [-99, -389]]
[[1, 0], [95, 778], [-193, -1556]]
[[1, 0], [96, 389], [-100, -389]]
[[1, 0], [96, 389], [-296, -1167]]
[[1, 0], [97, 1167], [-101, -1167]]
[[1, 0], [97, 1556], [-99, -1556]]
[[1, 0], [97, 389], [-101, -389]]
[[1, 0], [97, 389], [-299, -1167]]
[[1, 0], [97, 389], [-393, -1556]]
[[1, 0], [97, 778], [-197, -1556]]
[[1, 0], [98, 389], [-102, -389]]
[[1, 0], [98, 389], [-302, -1167]]
[[1, 0], [98, 389], [-397, -1556]]
[[1, 0], [99, 1556], [-101, -1556]]
[[1, 0], [99, 196], [-587, -392]]
[[1, 0], [99, 389], [-103, -389]]
[[1, 0], [99, 389], [-305, -1167]]
[[1, 0], [99, 389], [-401, -1556]]
[[1, 0], [99, 778], [-201, -1556]]
