[[1, 0], [0, 1], [-1349, -18]]
[[1, 0], [0, 1], [-1349, -75]]
[[1, 0], [0, 1], [-142, -11]]
[[1, 0], [0, 1], [-142, -13]]
[[1, 0], [0, 1], [-142, -1]]
[[1, 0], [0, 1], [-143, -142]]
[[1, 0], [0, 1], [-1775, -24]]
[[1, 0], [0, 1], [-1775, -74]]
[[1, 0], [0, 1], [-213, -107]]
[[1, 0], [0, 1], [-213, -2]]
[[1, 0], [0, 1], [-2627, -36]]
[[1, 0], [0, 1], [-2627, -73]]
[[1, 0], [0, 1], [-284, -15]]
[[1, 0], [0, 1], [-284, -19]]
[[1, 0], [0, 1], [-284, -3]]
[[1, 0], [0, 1], [-284, -95]]
[[1, 0], [0, 1], [-355, -4]]
[[1, 0], [0, 1], [-355, -89]]
[[1, 0], [0, 1], [-497, -6]]
[[1, 0], [0, 1], [-497, -83]]
[[1, 0], [0, 1], [-5183, -72]]
[[1, 0], [0, 1], [-639, -80]]
[[1, 0], [0, 1], [-639, -8]]
[[1, 0], [0, 1], [-71, -12]]
[[1, 0], [0, 1], [-71, -18]]
[[1, 0], [0, 1], [-71, -1]]
[[1, 0], [0, 1], [-71, -24]]
[[1, 0], [0, 1], [-71, -2]]
[[1, 0], [0, 1], [-71, -36]]
[[1, 0], [0, 1], [-71, -3]]
[[1, 0], [0, 1], [-71, -4]]
[[1, 0], [0, 1], [-71, -6]]
[[1, 0], [0, 1], [-71, -8]]
[[1, 0], [0, 1], [-71, -9]]
[[1, 0], [0, 1], [-710, -79]]
[[1, 0], [0, 1], [-710, -9]]
[[1, 0], [0, 1], [-72, -71]]
[[1, 0], [0, 1], [-923, -12]]
[[1, 0], [0, 1], [-923, -77]]
[[1, 0], [1, 10], [-79, -80]]
[[1, 0], [1, 12], [-13, -14]]
[[1, 0], [1, 12], [-143, -12]]
[[1, 0], [1, 12], [-179, -18]]
[[1, 0], [1, 12], [-215, -24]]
[[1, 0], [1, 12], [-287, -36]]
[[1, 0], [1, 12], [-503, -72]]
[[1, 0], [1, 13], [-77, -78]]
[[1, 0], [1, 142], [-3, -142]]
[[1, 0], [1, 15], [-49, -25]]
[[1, 0], [1, 16], [-19, -20]]
[[1, 0], [1, 18], [-143, -18]]
[[1, 0], [1, 18], [-167, -24]]
[[1, 0], [1, 18], [-215, -36]]
[[1, 0], [1, 18], [-359, -72]]
[[1, 0], [1, 19], [-75, -76]]
[[1, 0], [1, 213], [-2, -213]]
[[1, 0], [1, 24], [-143, -24]]
[[1, 0], [1, 24], [-179, -36]]
[[1, 0], [1, 24], [-287, -72]]
[[1, 0], [1, 25], [-74, -75]]
[[1, 0], [1, 2], [-128, -43]]
[[1, 0], [1, 2], [-1367, -36]]
[[1, 0], [1, 2], [-143, -142]]
[[1, 0], [1, 2], [-143, -2]]
[[1, 0], [1, 2], [-155, -26]]
[[1, 0], [1, 2], [-179, -3]]
[[1, 0], [1, 2], [-215, -4]]
[[1, 0], [1, 2], [-2663, -72]]
[[1, 0], [1, 2], [-287, -6]]
[[1, 0], [1, 2], [-303, -38]]
[[1, 0], [1, 2], [-359, -8]]
[[1, 0], [1, 2], [-395, -9]]
[[1, 0], [1, 2], [-480, -37]]
[[1, 0], [1, 2], [-503, -12]]
[[1, 0], [1, 2], [-719, -18]]
[[1, 0], [1, 2], [-72, -71]]
[[1, 0], [1, 2], [-79, -16]]
[[1, 0], [1, 2], [-935, -24]]
[[1, 0], [1, 2], [-95, -48]]
[[1, 0], [1, 36], [-143, -36]]
[[1, 0], [1, 36], [-215, -72]]
[[1, 0], [1, 37], [-73, -74]]
[[1, 0], [1, 3], [-107, -108]]
[[1, 0], [1, 3], [-143, -3]]
[[1, 0], [1, 3], [-155, -39]]
[[1, 0], [1, 3], [-167, -4]]
[[1, 0], [1, 3], [-174, -25]]
[[1, 0], [1, 3], [-1799, -72]]
[[1, 0], [1, 3], [-215, -6]]
[[1, 0], [1, 3], [-263, -8]]
[[1, 0], [1, 3], [-287, -9]]
[[1, 0], [1, 3], [-359, -12]]
[[1, 0], [1, 3], [-36, -37]]
[[1, 0], [1, 3], [-49, -5]]
[[1, 0], [1, 3], [-503, -18]]
[[1, 0], [1, 3], [-57, -29]]
[[1, 0], [1, 3], [-647, -24]]
[[1, 0], [1, 3], [-80, -27]]
[[1, 0], [1, 3], [-935, -36]]
[[1, 0], [1, 4], [-1367, -72]]
[[1, 0], [1, 4], [-143, -4]]
[[1, 0], [1, 4], [-179, -6]]
[[1, 0], [1, 4], [-19, -5]]
[[1, 0], [1, 4], [-215, -8]]
[[1, 0], [1, 4], [-233, -9]]
[[1, 0], [1, 4], [-24, -25]]
[[1, 0], [1, 4], [-287, -12]]
[[1, 0], [1, 4], [-303, -76]]
[[1, 0], [1, 4], [-395, -18]]
[[1, 0], [1, 4], [-503, -24]]
[[1, 0], [1, 4], [-719, -36]]
[[1, 0], [1, 4], [-95, -96]]
[[1, 0], [1, 5], [-18, -19]]
[[1, 0], [1, 5], [-299, -75]]
[[1, 0], [1, 5], [-74, -15]]
[[1, 0], [1, 5], [-79, -40]]
[[1, 0], [1, 5], [-89, -90]]
[[1, 0], [1, 6], [-13, -7]]
[[1, 0], [1, 6], [-143, -6]]
[[1, 0], [1, 6], [-155, -78]]
[[1, 0], [1, 6], [-167, -8]]
[[1, 0], [1, 6], [-179, -9]]
[[1, 0], [1, 6], [-215, -12]]
[[1, 0], [1, 6], [-287, -18]]
[[1, 0], [1, 6], [-359, -24]]
[[1, 0], [1, 6], [-503, -36]]
[[1, 0], [1, 6], [-935, -72]]
[[1, 0], [1, 71], [-2, -71]]
[[1, 0], [1, 71], [-3, -71]]
[[1, 0], [1, 71], [-5, -142]]
[[1, 0], [1, 72], [-143, -72]]
[[1, 0], [1, 73], [-72, -73]]
[[1, 0], [1, 7], [-12, -13]]
[[1, 0], [1, 7], [-153, -77]]
[[1, 0], [1, 7], [-32, -11]]
[[1, 0], [1, 7], [-83, -84]]
[[1, 0], [1, 8], [-143, -8]]
[[1, 0], [1, 8], [-152, -9]]
[[1, 0], [1, 8], [-179, -12]]
[[1, 0], [1, 8], [-19, -10]]
[[1, 0], [1, 8], [-233, -18]]
[[1, 0], [1, 8], [-287, -24]]
[[1, 0], [1, 8], [-395, -36]]
[[1, 0], [1, 8], [-719, -72]]
[[1, 0], [1, 9], [-143, -9]]
[[1, 0], [1, 9], [-167, -12]]
[[1, 0], [1, 9], [-215, -18]]
[[1, 0], [1, 9], [-263, -24]]
[[1, 0], [1, 9], [-359, -36]]
[[1, 0], [1, 9], [-647, -72]]
[[1, 0], [1, 9], [-80, -81]]
[[1, 0], [1, 9], [-9, -10]]
[[1, 0], [10, 213], [-11, -213]]
[[1, 0], [10, 71], [-12, -71]]
[[1, 0], [10, 71], [-23, -142]]
[[1, 0], [11, 142], [-13, -142]]
[[1, 0], [11, 71], [-13, -71]]
[[1, 0], [11, 71], [-25, -142]]
[[1, 0], [12, 71], [-14, -71]]
[[1, 0], [12, 71], [-27, -142]]
[[1, 0], [13, 142], [-15, -142]]
[[1, 0], [13, 213], [-14, -213]]
[[1, 0], [13, 71], [-15, -71]]
[[1, 0], [13, 71], [-29, -142]]
[[1, 0], [135, 142], [-137, -142]]
[[1, 0], [14, 71], [-15, -71]]
[[1, 0], [14, 71], [-16, -71]]
[[1, 0], [14, 71], [-31, -142]]
[[1, 0], [141, 142], [-143, -142]]
[[1, 0], [15, 142], [-17, -142]]
[[1, 0], [15, 71], [-16, -71]]
[[1, 0], [15, 71], [-17, -71]]
[[1, 0], [15, 71], [-33, -142]]
[[1, 0], [16, 213], [-17, -213]]
[[1, 0], [16, 71], [-17, -71]]
[[1, 0], [16, 71], [-18, -71]]
[[1, 0], [16, 71], [-35, -142]]
[[1, 0], [17, 142], [-19, -142]]
[[1, 0], [17, 71], [-19, -71]]
[[1, 0], [17, 71], [-37, -142]]
[[1, 0], [18, 71], [-20, -71]]
[[1, 0], [18, 71], [-39, -142]]
[[1, 0], [19, 142], [-21, -142]]
[[1, 0], [19, 213], [-20, -213]]
[[1, 0], [19, 71], [-21, -71]]
[[1, 0], [19, 71], [-41, -142]]
[[1, 0], [2, 71], [-3, -71]]
[[1, 0], [2, 71], [-4, -71]]
[[1, 0], [2, 71], [-7, -142]]
[[1, 0], [20, 71], [-21, -71]]
[[1, 0], [20, 71], [-22, -71]]
[[1, 0], [20, 71], [-43, -142]]
[[1, 0], [21, 142], [-23, -142]]
[[1, 0], [21, 71], [-22, -71]]
[[1, 0], [21, 71], [-23, -71]]
[[1, 0], [21, 71], [-45, -142]]
[[1, 0], [22, 213], [-23, -213]]
[[1, 0], [22, 71], [-23, -71]]
[[1, 0], [22, 71], [-24, -71]]
[[1, 0], [22, 71], [-47, -142]]
[[1, 0], [23, 142], [-25, -142]]
[[1, 0], [23, 71], [-25, -71]]
[[1, 0], [23, 71], [-49, -142]]
[[1, 0], [24, 71], [-26, -71]]
[[1, 0], [24, 71], [-51, -142]]
[[1, 0], [25, 142], [-27, -142]]
[[1, 0], [25, 71], [-27, -71]]
[[1, 0], [25, 71], [-53, -142]]
[[1, 0], [26, 71], [-28, -71]]
[[1, 0], [26, 71], [-55, -142]]
[[1, 0], [27, 142], [-29, -142]]
[[1, 0], [27, 71], [-29, -71]]
[[1, 0], [27, 71], [-57, -142]]
[[1, 0], [28, 71], [-30, -71]]
[[1, 0], [28, 71], [-59, -142]]
[[1, 0], [29, 142], [-31, -142]]
[[1, 0], [29, 71], [-31, -71]]
[[1, 0], [29, 71], [-61, -142]]
[[1, 0], [3, 142], [-5, -142]]
[[1, 0], [3, 71], [-4, -71]]
[[1, 0], [3, 71], [-5, -71]]
[[1, 0], [3, 71], [-9, -142]]
[[1, 0], [30, 71], [-32, -71]]
[[1, 0], [30, 71], [-63, -142]]
[[1, 0], [31, 142], [-33, -142]]
[[1, 0], [31, 71], [-33, -71]]
[[1, 0], [31, 71], [-65, -142]]
[[1, 0], [32, 71], [-34, -71]]
[[1, 0], [32, 71], [-67, -142]]
[[1, 0], [33, 142], [-35, -142]]
[[1, 0], [33, 71], [-35, -71]]
[[1, 0], [33, 71], [-69, -142]]
[[1, 0], [34, 213], [-35, -213]]
[[1, 0], [34, 71], [-36, -71]]
[[1, 0], [35, 142], [-37, -142]]
[[1, 0], [35, 71], [-73, -142]]
[[1, 0], [36, 71], [-75, -142]]
[[1, 0], [37, 142], [-39, -142]]
[[1, 0], [37, 71], [-77, -142]]
[[1, 0], [38, 71], [-79, -142]]
[[1, 0], [39, 142], [-41, -142]]
[[1, 0], [39, 71], [-81, -142]]
[[1, 0], [4, 71], [-11, -142]]
[[1, 0], [4, 71], [-6, -71]]
[[1, 0], [40, 71], [-83, -142]]
[[1, 0], [41, 142], [-43, -142]]
[[1, 0], [41, 71], [-85, -142]]
[[1, 0], [42, 71], [-87, -142]]
[[1, 0], [43, 142], [-45, -142]]
[[1, 0], [43, 213], [-44, -213]]
[[1, 0], [43, 71], [-89, -142]]
[[1, 0], [44, 71], [-91, -142]]
[[1, 0], [45, 142], [-47, -142]]
[[1, 0], [45, 71], [-93, -142]]
[[1, 0], [46, 213], [-47, -213]]
[[1, 0], [46, 71], [-95, -142]]
[[1, 0], [47, 142], [-49, -142]]
[[1, 0], [47, 71], [-97, -142]]
[[1, 0], [48, 71], [-99, -142]]
[[1, 0], [49, 142], [-51, -142]]
[[1, 0], [49, 213], [-50, -213]]
[[1, 0], [49, 71], [-101, -142]]
[[1, 0], [5, 71], [-13, -142]]
[[1, 0], [5, 71], [-6, -71]]
[[1, 0], [50, 71], [-103, -142]]
[[1, 0], [51, 142], [-53, -142]]
[[1, 0], [51, 71], [-105, -142]]
[[1, 0], [52, 71], [-107, -142]]
[[1, 0], [53, 142], [-55, -142]]
[[1, 0], [53, 71], [-109, -142]]
[[1, 0], [54, 71], [-111, -142]]
[[1, 0], [55, 142], [-57, -142]]
[[1, 0], [55, 71], [-113, -142]]
[[1, 0], [56, 71], [-115, -142]]
[[1, 0], [57, 142], [-59, -142]]
[[1, 0], [57, 71], [-117, -142]]
[[1, 0], [58, 71], [-119, -142]]
[[1, 0], [59, 142], [-61, -142]]
[[1, 0], [59, 71], [-121, -142]]
[[1, 0], [6, 71], [-15, -142]]
[[1, 0], [6, 71], [-7, -71]]
[[1, 0], [6, 71], [-8, -71]]
[[1, 0], [60, 71], [-123, -142]]
[[1, 0], [61, 142], [-63, -142]]
[[1, 0], [61, 71], [-125, -142]]
[[1, 0], [62, 71], [-127, -142]]
[[1, 0], [63, 142], [-65, -142]]
[[1, 0], [63, 71], [-129, -142]]
[[1, 0], [64, 71], [-131, -142]]
[[1, 0], [64, 71], [-66, -71]]
[[1, 0], [65, 142], [-67, -142]]
[[1, 0], [65, 71], [-133, -142]]
[[1, 0], [66, 71], [-135, -142]]
[[1, 0], [67, 142], [-69, -142]]
[[1, 0], [67, 71], [-137, -142]]
[[1, 0], [68, 71], [-139, -142]]
[[1, 0], [69, 71], [-141, -142]]
[[1, 0], [7, 142], [-9, -142]]
[[1, 0], [7, 213], [-8, -213]]
[[1, 0], [7, 71], [-17, -142]]
[[1, 0], [7, 71], [-8, -71]]
[[1, 0], [7, 71], [-9, -71]]
[[1, 0], [70, 71], [-143, -142]]
[[1, 0], [70, 71], [-72, -71]]
[[1, 0], [8, 71], [-10, -71]]
[[1, 0], [8, 71], [-19, -142]]
[[1, 0], [85, 213], [-86, -213]]
[[1, 0], [9, 142], [-11, -142]]
[[1, 0], [9, 71], [-11, -71]]
[[1, 0], [9, 71], [-21, -142]]
