[[1, 0], [0, 1], [-10515, -239]]
[[1, 0], [0, 1], [-10515, -44]]
[[1, 0], [0, 1], [-11917, -101]]
[[1, 0], [0, 1], [-11917, -118]]
[[1, 0], [0, 1], [-13319, -18]]
[[1, 0], [0, 1], [-13319, -360]]
[[1, 0], [0, 1], [-13319, -37]]
[[1, 0], [0, 1], [-13319, -740]]
[[1, 0], [0, 1], [-1402, -1]]
[[1, 0], [0, 1], [-1402, -23]]
[[1, 0], [0, 1], [-1402, -61]]
[[1, 0], [0, 1], [-1403, -1402]]
[[1, 0], [0, 1], [-164735, -234]]
[[1, 0], [0, 1], [-164735, -704]]
[[1, 0], [0, 1], [-18927, -26]]
[[1, 0], [0, 1], [-18927, -728]]
[[1, 0], [0, 1], [-19628, -27]]
[[1, 0], [0, 1], [-19628, -727]]
[[1, 0], [0, 1], [-2103, -1052]]
[[1, 0], [0, 1], [-2103, -263]]
[[1, 0], [0, 1], [-2103, -2]]
[[1, 0], [0, 1], [-2103, -8]]
[[1, 0], [0, 1], [-246752, -351]]
[[1, 0], [0, 1], [-246752, -703]]
[[1, 0], [0, 1], [-2804, -11]]
[[1, 0], [0, 1], [-2804, -15]]
[[1, 0], [0, 1], [-2804, -187]]
[[1, 0], [0, 1], [-2804, -255]]
[[1, 0], [0, 1], [-2804, -3]]
[[1, 0], [0, 1], [-2804, -51]]
[[1, 0], [0, 1], [-2804, -55]]
[[1, 0], [0, 1], [-2804, -935]]
[[1, 0], [0, 1], [-28040, -39]]
[[1, 0], [0, 1], [-28040, -719]]
[[1, 0], [0, 1], [-38555, -54]]
[[1, 0], [0, 1], [-38555, -714]]
[[1, 0], [0, 1], [-41359, -176]]
[[1, 0], [0, 1], [-41359, -235]]
[[1, 0], [0, 1], [-4907, -6]]
[[1, 0], [0, 1], [-4907, -818]]
[[1, 0], [0, 1], [-492803, -702]]
[[1, 0], [0, 1], [-55379, -710]]
[[1, 0], [0, 1], [-55379, -78]]
[[1, 0], [0, 1], [-5608, -71]]
[[1, 0], [0, 1], [-5608, -79]]
[[1, 0], [0, 1], [-701, -117]]
[[1, 0], [0, 1], [-701, -13]]
[[1, 0], [0, 1], [-701, -18]]
[[1, 0], [0, 1], [-701, -1]]
[[1, 0], [0, 1], [-701, -234]]
[[1, 0], [0, 1], [-701, -26]]
[[1, 0], [0, 1], [-701, -27]]
[[1, 0], [0, 1], [-701, -2]]
[[1, 0], [0, 1], [-701, -351]]
[[1, 0], [0, 1], [-701, -39]]
[[1, 0], [0, 1], [-701, -3]]
[[1, 0], [0, 1], [-701, -54]]
[[1, 0], [0, 1], [-701, -6]]
[[1, 0], [0, 1], [-701, -78]]
[[1, 0], [0, 1], [-701, -9]]
[[1, 0], [0, 1], [-7010, -19]]
[[1, 0], [0, 1], [-7010, -369]]
[[1, 0], [0, 1], [-7010, -779]]
[[1, 0], [0, 1], [-7010, -9]]
[[1, 0], [0, 1], [-702, -701]]
[[1, 0], [0, 1], [-7711, -241]]
[[1, 0], [0, 1], [-7711, -32]]
[[1, 0], [0, 1], [-82718, -117]]
[[1, 0], [0, 1], [-82718, -707]]
[[1, 0], [0, 1], [-8412, -179]]
[[1, 0], [0, 1], [-8412, -47]]
[[1, 0], [0, 1], [-9814, -13]]
[[1, 0], [0, 1], [-9814, -755]]
[[1, 0], [1, 102], [-118, -119]]
[[1, 0], [1, 10], [-369, -185]]
[[1, 0], [1, 10], [-5679, -710]]
[[1, 0], [1, 10], [-638, -71]]
[[1, 0], [1, 10], [-719, -180]]
[[1, 0], [1, 10], [-779, -780]]
[[1, 0], [1, 10], [-78, -79]]
[[1, 0], [1, 117], [-1403, -117]]
[[1, 0], [1, 117], [-2105, -234]]
[[1, 0], [1, 117], [-2807, -351]]
[[1, 0], [1, 117], [-4913, -702]]
[[1, 0], [1, 118], [-707, -708]]
[[1, 0], [1, 11], [-1599, -64]]
[[1, 0], [1, 11], [-2111, -88]]
[[1, 0], [1, 11], [-575, -16]]
[[1, 0], [1, 11], [-703, -22]]
[[1, 0], [1, 11], [-714, -143]]
[[1, 0], [1, 11], [-7743, -352]]
[[1, 0], [1, 12], [-1463, -732]]
[[1, 0], [1, 12], [-1592, -177]]
[[1, 0], [1, 12], [-179, -45]]
[[1, 0], [1, 12], [-255, -256]]
[[1, 0], [1, 12], [-61, -31]]
[[1, 0], [1, 13], [-13337, -234]]
[[1, 0], [1, 13], [-1403, -13]]
[[1, 0], [1, 13], [-1673, -18]]
[[1, 0], [1, 13], [-19655, -351]]
[[1, 0], [1, 13], [-2105, -26]]
[[1, 0], [1, 13], [-2159, -27]]
[[1, 0], [1, 13], [-2807, -39]]
[[1, 0], [1, 13], [-2859, -715]]
[[1, 0], [1, 13], [-3617, -54]]
[[1, 0], [1, 13], [-38609, -702]]
[[1, 0], [1, 13], [-4913, -78]]
[[1, 0], [1, 13], [-55, -14]]
[[1, 0], [1, 13], [-7019, -117]]
[[1, 0], [1, 1402], [-3, -1402]]
[[1, 0], [1, 141], [-469, -235]]
[[1, 0], [1, 14], [-254, -51]]
[[1, 0], [1, 14], [-2855, -714]]
[[1, 0], [1, 14], [-54, -55]]
[[1, 0], [1, 14], [-727, -364]]
[[1, 0], [1, 14], [-755, -756]]
[[1, 0], [1, 15], [-1832, -141]]
[[1, 0], [1, 15], [-239, -80]]
[[1, 0], [1, 15], [-8459, -705]]
[[1, 0], [1, 16], [-10559, -704]]
[[1, 0], [1, 16], [-179, -60]]
[[1, 0], [1, 16], [-187, -188]]
[[1, 0], [1, 16], [-2815, -176]]
[[1, 0], [1, 16], [-703, -32]]
[[1, 0], [1, 16], [-879, -44]]
[[1, 0], [1, 176], [-703, -352]]
[[1, 0], [1, 177], [-235, -236]]
[[1, 0], [1, 17], [-85, -43]]
[[1, 0], [1, 18], [-1403, -18]]
[[1, 0], [1, 18], [-14390, -351]]
[[1, 0], [1, 18], [-1715, -26]]
[[1, 0], [1, 18], [-1754, -27]]
[[1, 0], [1, 18], [-2222, -39]]
[[1, 0], [1, 18], [-2807, -54]]
[[1, 0], [1, 18], [-28079, -702]]
[[1, 0], [1, 18], [-3743, -78]]
[[1, 0], [1, 18], [-5264, -117]]
[[1, 0], [1, 18], [-79, -20]]
[[1, 0], [1, 18], [-9827, -234]]
[[1, 0], [1, 19], [-1035, -37]]
[[1, 0], [1, 19], [-13356, -703]]
[[1, 0], [1, 19], [-39, -40]]
[[1, 0], [1, 19], [-702, -19]]
[[1, 0], [1, 19], [-740, -741]]
[[1, 0], [1, 20], [-369, -370]]
[[1, 0], [1, 20], [-719, -360]]
[[1, 0], [1, 2103], [-2, -2103]]
[[1, 0], [1, 22], [-2111, -176]]
[[1, 0], [1, 22], [-575, -32]]
[[1, 0], [1, 22], [-703, -44]]
[[1, 0], [1, 22], [-7743, -704]]
[[1, 0], [1, 234], [-1403, -234]]
[[1, 0], [1, 234], [-1754, -351]]
[[1, 0], [1, 234], [-2807, -702]]
[[1, 0], [1, 235], [-704, -705]]
[[1, 0], [1, 24], [-179, -90]]
[[1, 0], [1, 24], [-61, -62]]
[[1, 0], [1, 26], [-10178, -351]]
[[1, 0], [1, 26], [-1403, -26]]
[[1, 0], [1, 26], [-1430, -27]]
[[1, 0], [1, 26], [-1754, -39]]
[[1, 0], [1, 26], [-19655, -702]]
[[1, 0], [1, 26], [-2159, -54]]
[[1, 0], [1, 26], [-2807, -78]]
[[1, 0], [1, 26], [-3860, -117]]
[[1, 0], [1, 26], [-55, -28]]
[[1, 0], [1, 26], [-7019, -234]]
[[1, 0], [1, 27], [-1403, -27]]
[[1, 0], [1, 27], [-1715, -39]]
[[1, 0], [1, 27], [-18953, -702]]
[[1, 0], [1, 27], [-2105, -54]]
[[1, 0], [1, 27], [-27, -28]]
[[1, 0], [1, 27], [-2729, -78]]
[[1, 0], [1, 27], [-3743, -117]]
[[1, 0], [1, 27], [-6785, -234]]
[[1, 0], [1, 27], [-728, -729]]
[[1, 0], [1, 27], [-9827, -351]]
[[1, 0], [1, 28], [-727, -728]]
[[1, 0], [1, 2], [-10178, -27]]
[[1, 0], [1, 2], [-10559, -88]]
[[1, 0], [1, 2], [-12035, -236]]
[[1, 0], [1, 2], [-123902, -351]]
[[1, 0], [1, 2], [-1262, -421]]
[[1, 0], [1, 2], [-13679, -720]]
[[1, 0], [1, 2], [-1403, -1402]]
[[1, 0], [1, 2], [-1403, -2]]
[[1, 0], [1, 2], [-14390, -39]]
[[1, 0], [1, 2], [-1463, -122]]
[[1, 0], [1, 2], [-1754, -3]]
[[1, 0], [1, 2], [-19655, -54]]
[[1, 0], [1, 2], [-2111, -16]]
[[1, 0], [1, 2], [-247103, -702]]
[[1, 0], [1, 2], [-25062, -353]]
[[1, 0], [1, 2], [-2807, -6]]
[[1, 0], [1, 2], [-28079, -78]]
[[1, 0], [1, 2], [-2815, -22]]
[[1, 0], [1, 2], [-2855, -102]]
[[1, 0], [1, 2], [-2991, -374]]
[[1, 0], [1, 2], [-360, -19]]
[[1, 0], [1, 2], [-369, -37]]
[[1, 0], [1, 2], [-3860, -9]]
[[1, 0], [1, 2], [-41535, -352]]
[[1, 0], [1, 2], [-41768, -117]]
[[1, 0], [1, 2], [-5264, -13]]
[[1, 0], [1, 2], [-5679, -142]]
[[1, 0], [1, 2], [-7019, -18]]
[[1, 0], [1, 2], [-702, -701]]
[[1, 0], [1, 2], [-703, -4]]
[[1, 0], [1, 2], [-707, -12]]
[[1, 0], [1, 2], [-719, -36]]
[[1, 0], [1, 2], [-727, -52]]
[[1, 0], [1, 2], [-7379, -738]]
[[1, 0], [1, 2], [-755, -108]]
[[1, 0], [1, 2], [-7743, -64]]
[[1, 0], [1, 2], [-779, -156]]
[[1, 0], [1, 2], [-82835, -234]]
[[1, 0], [1, 2], [-8591, -358]]
[[1, 0], [1, 2], [-935, -468]]
[[1, 0], [1, 2], [-9827, -26]]
[[1, 0], [1, 31], [-1425, -713]]
[[1, 0], [1, 32], [-2815, -352]]
[[1, 0], [1, 32], [-703, -64]]
[[1, 0], [1, 32], [-879, -88]]
[[1, 0], [1, 33], [-241, -242]]
[[1, 0], [1, 351], [-1403, -351]]
[[1, 0], [1, 351], [-2105, -702]]
[[1, 0], [1, 352], [-703, -704]]
[[1, 0], [1, 36], [-79, -40]]
[[1, 0], [1, 37], [-702, -37]]
[[1, 0], [1, 37], [-7029, -703]]
[[1, 0], [1, 38], [-360, -361]]
[[1, 0], [1, 39], [-13337, -702]]
[[1, 0], [1, 39], [-1403, -39]]
[[1, 0], [1, 39], [-1673, -54]]
[[1, 0], [1, 39], [-2105, -78]]
[[1, 0], [1, 39], [-2807, -117]]
[[1, 0], [1, 39], [-4913, -234]]
[[1, 0], [1, 39], [-7019, -351]]
[[1, 0], [1, 3], [-1052, -1053]]
[[1, 0], [1, 3], [-10754, -717]]
[[1, 0], [1, 3], [-12035, -354]]
[[1, 0], [1, 3], [-13337, -54]]
[[1, 0], [1, 3], [-1403, -3]]
[[1, 0], [1, 3], [-1463, -183]]
[[1, 0], [1, 3], [-164969, -702]]
[[1, 0], [1, 3], [-18953, -78]]
[[1, 0], [1, 3], [-2105, -6]]
[[1, 0], [1, 3], [-235, -4]]
[[1, 0], [1, 3], [-2366, -789]]
[[1, 0], [1, 3], [-239, -16]]
[[1, 0], [1, 3], [-241, -22]]
[[1, 0], [1, 3], [-255, -64]]
[[1, 0], [1, 3], [-263, -88]]
[[1, 0], [1, 3], [-2807, -9]]
[[1, 0], [1, 3], [-28079, -117]]
[[1, 0], [1, 3], [-3059, -765]]
[[1, 0], [1, 3], [-351, -352]]
[[1, 0], [1, 3], [-3743, -13]]
[[1, 0], [1, 3], [-41594, -705]]
[[1, 0], [1, 3], [-469, -5]]
[[1, 0], [1, 3], [-4913, -18]]
[[1, 0], [1, 3], [-55457, -234]]
[[1, 0], [1, 3], [-561, -281]]
[[1, 0], [1, 3], [-5687, -237]]
[[1, 0], [1, 3], [-6785, -26]]
[[1, 0], [1, 3], [-7019, -27]]
[[1, 0], [1, 3], [-728, -81]]
[[1, 0], [1, 3], [-7952, -723]]
[[1, 0], [1, 3], [-82835, -351]]
[[1, 0], [1, 3], [-8459, -141]]
[[1, 0], [1, 3], [-9827, -39]]
[[1, 0], [1, 40], [-719, -720]]
[[1, 0], [1, 44], [-2111, -352]]
[[1, 0], [1, 44], [-575, -64]]
[[1, 0], [1, 44], [-703, -88]]
[[1, 0], [1, 45], [-239, -240]]
[[1, 0], [1, 47], [-2819, -705]]
[[1, 0], [1, 47], [-704, -141]]
[[1, 0], [1, 48], [-179, -180]]
[[1, 0], [1, 4], [-10559, -176]]
[[1, 0], [1, 4], [-1463, -244]]
[[1, 0], [1, 4], [-1592, -59]]
[[1, 0], [1, 4], [-179, -15]]
[[1, 0], [1, 4], [-187, -47]]
[[1, 0], [1, 4], [-2111, -32]]
[[1, 0], [1, 4], [-234, -235]]
[[1, 0], [1, 4], [-2815, -44]]
[[1, 0], [1, 4], [-2991, -748]]
[[1, 0], [1, 4], [-369, -74]]
[[1, 0], [1, 4], [-41535, -704]]
[[1, 0], [1, 4], [-703, -8]]
[[1, 0], [1, 4], [-719, -72]]
[[1, 0], [1, 4], [-727, -104]]
[[1, 0], [1, 4], [-8591, -716]]
[[1, 0], [1, 4], [-879, -11]]
[[1, 0], [1, 4], [-935, -936]]
[[1, 0], [1, 52], [-55, -56]]
[[1, 0], [1, 54], [-1403, -54]]
[[1, 0], [1, 54], [-1715, -78]]
[[1, 0], [1, 54], [-2222, -117]]
[[1, 0], [1, 54], [-3743, -234]]
[[1, 0], [1, 54], [-5264, -351]]
[[1, 0], [1, 54], [-9827, -702]]
[[1, 0], [1, 55], [-714, -715]]
[[1, 0], [1, 59], [-707, -354]]
[[1, 0], [1, 5], [-1832, -47]]
[[1, 0], [1, 5], [-5679, -355]]
[[1, 0], [1, 5], [-704, -15]]
[[1, 0], [1, 5], [-714, -65]]
[[1, 0], [1, 5], [-719, -90]]
[[1, 0], [1, 5], [-779, -390]]
[[1, 0], [1, 5], [-8459, -235]]
[[1, 0], [1, 64], [-2815, -704]]
[[1, 0], [1, 64], [-879, -176]]
[[1, 0], [1, 6], [-118, -7]]
[[1, 0], [1, 6], [-12035, -708]]
[[1, 0], [1, 6], [-1403, -6]]
[[1, 0], [1, 6], [-14390, -117]]
[[1, 0], [1, 6], [-1463, -366]]
[[1, 0], [1, 6], [-1754, -9]]
[[1, 0], [1, 6], [-2222, -13]]
[[1, 0], [1, 6], [-255, -128]]
[[1, 0], [1, 6], [-2807, -18]]
[[1, 0], [1, 6], [-28079, -234]]
[[1, 0], [1, 6], [-3743, -26]]
[[1, 0], [1, 6], [-3860, -27]]
[[1, 0], [1, 6], [-41768, -351]]
[[1, 0], [1, 6], [-5264, -39]]
[[1, 0], [1, 6], [-7019, -54]]
[[1, 0], [1, 6], [-82835, -702]]
[[1, 0], [1, 6], [-9827, -78]]
[[1, 0], [1, 701], [-2, -701]]
[[1, 0], [1, 701], [-3, -701]]
[[1, 0], [1, 701], [-5, -1402]]
[[1, 0], [1, 702], [-1403, -702]]
[[1, 0], [1, 703], [-702, -703]]
[[1, 0], [1, 72], [-79, -80]]
[[1, 0], [1, 78], [-1403, -78]]
[[1, 0], [1, 78], [-1754, -117]]
[[1, 0], [1, 78], [-2807, -234]]
[[1, 0], [1, 78], [-3860, -351]]
[[1, 0], [1, 78], [-7019, -702]]
[[1, 0], [1, 79], [-710, -711]]
[[1, 0], [1, 7], [-117, -118]]
[[1, 0], [1, 7], [-12018, -707]]
[[1, 0], [1, 7], [-1817, -101]]
[[1, 0], [1, 7], [-2855, -357]]
[[1, 0], [1, 7], [-727, -182]]
[[1, 0], [1, 7], [-755, -378]]
[[1, 0], [1, 7], [-818, -819]]
[[1, 0], [1, 88], [-2111, -704]]
[[1, 0], [1, 88], [-703, -176]]
[[1, 0], [1, 8], [-10559, -352]]
[[1, 0], [1, 8], [-179, -30]]
[[1, 0], [1, 8], [-187, -94]]
[[1, 0], [1, 8], [-2111, -64]]
[[1, 0], [1, 8], [-2815, -88]]
[[1, 0], [1, 8], [-703, -16]]
[[1, 0], [1, 8], [-719, -144]]
[[1, 0], [1, 8], [-879, -22]]
[[1, 0], [1, 9], [-1403, -9]]
[[1, 0], [1, 9], [-165, -83]]
[[1, 0], [1, 9], [-1715, -13]]
[[1, 0], [1, 9], [-18953, -234]]
[[1, 0], [1, 9], [-2105, -18]]
[[1, 0], [1, 9], [-239, -48]]
[[1, 0], [1, 9], [-263, -264]]
[[1, 0], [1, 9], [-2729, -26]]
[[1, 0], [1, 9], [-2807, -27]]
[[1, 0], [1, 9], [-28079, -351]]
[[1, 0], [1, 9], [-3743, -39]]
[[1, 0], [1, 9], [-4913, -54]]
[[1, 0], [1, 9], [-55457, -702]]
[[1, 0], [1, 9], [-5687, -711]]
[[1, 0], [1, 9], [-6785, -78]]
[[1, 0], [1, 9], [-728, -243]]
[[1, 0], [1, 9], [-79, -10]]
[[1, 0], [1, 9], [-9827, -117]]
[[1, 0], [10, 2103], [-11, -2103]]
[[1, 0], [10, 701], [-11, -701]]
[[1, 0], [10, 701], [-12, -701]]
[[1, 0], [10, 701], [-23, -1402]]
[[1, 0], [100, 2103], [-101, -2103]]
[[1, 0], [100, 701], [-102, -701]]
[[1, 0], [100, 701], [-203, -1402]]
[[1, 0], [101, 1402], [-103, -1402]]
[[1, 0], [101, 701], [-102, -701]]
[[1, 0], [101, 701], [-103, -701]]
[[1, 0], [101, 701], [-205, -1402]]
[[1, 0], [102, 701], [-103, -701]]
[[1, 0], [102, 701], [-104, -701]]
[[1, 0], [102, 701], [-207, -1402]]
[[1, 0], [103, 1402], [-105, -1402]]
[[1, 0], [103, 2103], [-104, -2103]]
[[1, 0], [103, 701], [-104, -701]]
[[1, 0], [103, 701], [-105, -701]]
[[1, 0], [103, 701], [-209, -1402]]
[[1, 0], [104, 701], [-105, -701]]
[[1, 0], [104, 701], [-106, -701]]
[[1, 0], [104, 701], [-211, -1402]]
[[1, 0], [105, 1402], [-107, -1402]]
[[1, 0], [105, 701], [-106, -701]]
[[1, 0], [105, 701], [-107, -701]]
[[1, 0], [105, 701], [-213, -1402]]
[[1, 0], [106, 2103], [-107, -2103]]
[[1, 0], [106, 701], [-107, -701]]
[[1, 0], [106, 701], [-108, -701]]
[[1, 0], [106, 701], [-215, -1402]]
[[1, 0], [107, 1402], [-109, -1402]]
[[1, 0], [107, 701], [-108, -701]]
[[1, 0], [107, 701], [-109, -701]]
[[1, 0], [107, 701], [-217, -1402]]
[[1, 0], [108, 701], [-109, -701]]
[[1, 0], [108, 701], [-110, -701]]
[[1, 0], [108, 701], [-219, -1402]]
[[1, 0], [109, 1402], [-111, -1402]]
[[1, 0], [109, 2103], [-110, -2103]]
[[1, 0], [109, 701], [-110, -701]]
[[1, 0], [109, 701], [-111, -701]]
[[1, 0], [109, 701], [-221, -1402]]
[[1, 0], [11, 1402], [-13, -1402]]
[[1, 0], [11, 701], [-12, -701]]
[[1, 0], [11, 701], [-13, -701]]
[[1, 0], [11, 701], [-25, -1402]]
[[1, 0], [110, 701], [-111, -701]]
[[1, 0], [110, 701], [-112, -701]]
[[1, 0], [110, 701], [-223, -1402]]
[[1, 0], [111, 1402], [-113, -1402]]
[[1, 0], [111, 701], [-112, -701]]
[[1, 0], [111, 701], [-113, -701]]
[[1, 0], [111, 701], [-225, -1402]]
[[1, 0], [112, 2103], [-113, -2103]]
[[1, 0], [112, 701], [-113, -701]]
[[1, 0], [112, 701], [-114, -701]]
[[1, 0], [112, 701], [-227, -1402]]
[[1, 0], [113, 1402], [-115, -1402]]
[[1, 0], [113, 701], [-114, -701]]
[[1, 0], [113, 701], [-115, -701]]
[[1, 0], [113, 701], [-229, -1402]]
[[1, 0], [114, 701], [-115, -701]]
[[1, 0], [114, 701], [-116, -701]]
[[1, 0], [114, 701], [-231, -1402]]
[[1, 0], [115, 1402], [-117, -1402]]
[[1, 0], [115, 2103], [-116, -2103]]
[[1, 0], [115, 701], [-116, -701]]
[[1, 0], [115, 701], [-117, -701]]
[[1, 0], [115, 701], [-233, -1402]]
[[1, 0], [116, 701], [-118, -701]]
[[1, 0], [116, 701], [-235, -1402]]
[[1, 0], [117, 1402], [-119, -1402]]
[[1, 0], [117, 701], [-119, -701]]
[[1, 0], [117, 701], [-237, -1402]]
[[1, 0], [118, 2103], [-119, -2103]]
[[1, 0], [118, 701], [-120, -701]]
[[1, 0], [118, 701], [-239, -1402]]
[[1, 0], [119, 1402], [-121, -1402]]
[[1, 0], [119, 701], [-121, -701]]
[[1, 0], [119, 701], [-241, -1402]]
[[1, 0], [12, 701], [-13, -701]]
[[1, 0], [12, 701], [-14, -701]]
[[1, 0], [12, 701], [-27, -1402]]
[[1, 0], [120, 701], [-122, -701]]
[[1, 0], [120, 701], [-243, -1402]]
[[1, 0], [121, 1402], [-123, -1402]]
[[1, 0], [121, 2103], [-122, -2103]]
[[1, 0], [121, 701], [-122, -701]]
[[1, 0], [121, 701], [-123, -701]]
[[1, 0], [121, 701], [-245, -1402]]
[[1, 0], [122, 701], [-124, -701]]
[[1, 0], [122, 701], [-247, -1402]]
[[1, 0], [123, 1402], [-125, -1402]]
[[1, 0], [123, 701], [-125, -701]]
[[1, 0], [123, 701], [-249, -1402]]
[[1, 0], [124, 2103], [-125, -2103]]
[[1, 0], [124, 701], [-125, -701]]
[[1, 0], [124, 701], [-126, -701]]
[[1, 0], [124, 701], [-251, -1402]]
[[1, 0], [125, 1402], [-127, -1402]]
[[1, 0], [125, 701], [-126, -701]]
[[1, 0], [125, 701], [-127, -701]]
[[1, 0], [125, 701], [-253, -1402]]
[[1, 0], [126, 701], [-127, -701]]
[[1, 0], [126, 701], [-128, -701]]
[[1, 0], [126, 701], [-255, -1402]]
[[1, 0], [127, 1402], [-129, -1402]]
[[1, 0], [127, 701], [-129, -701]]
[[1, 0], [127, 701], [-257, -1402]]
[[1, 0], [128, 701], [-130, -701]]
[[1, 0], [128, 701], [-259, -1402]]
[[1, 0], [129, 1402], [-131, -1402]]
[[1, 0], [129, 701], [-130, -701]]
[[1, 0], [129, 701], [-131, -701]]
[[1, 0], [129, 701], [-261, -1402]]
[[1, 0], [13, 1402], [-15, -1402]]
[[1, 0], [13, 2103], [-14, -2103]]
[[1, 0], [13, 701], [-14, -701]]
[[1, 0], [13, 701], [-15, -701]]
[[1, 0], [13, 701], [-29, -1402]]
[[1, 0], [130, 2103], [-131, -2103]]
[[1, 0], [130, 701], [-131, -701]]
[[1, 0], [130, 701], [-132, -701]]
[[1, 0], [130, 701], [-263, -1402]]
[[1, 0], [131, 1402], [-133, -1402]]
[[1, 0], [131, 701], [-132, -701]]
[[1, 0], [131, 701], [-133, -701]]
[[1, 0], [131, 701], [-265, -1402]]
[[1, 0], [132, 701], [-133, -701]]
[[1, 0], [132, 701], [-134, -701]]
[[1, 0], [132, 701], [-267, -1402]]
[[1, 0], [133, 1402], [-135, -1402]]
[[1, 0], [133, 2103], [-134, -2103]]
[[1, 0], [133, 701], [-135, -701]]
[[1, 0], [133, 701], [-269, -1402]]
[[1, 0], [134, 701], [-136, -701]]
[[1, 0], [134, 701], [-271, -1402]]
[[1, 0], [135, 1402], [-137, -1402]]
[[1, 0], [135, 701], [-137, -701]]
[[1, 0], [135, 701], [-273, -1402]]
[[1, 0], [136, 2103], [-137, -2103]]
[[1, 0], [136, 701], [-138, -701]]
[[1, 0], [136, 701], [-275, -1402]]
[[1, 0], [137, 1402], [-139, -1402]]
[[1, 0], [137, 701], [-139, -701]]
[[1, 0], [137, 701], [-277, -1402]]
[[1, 0], [138, 701], [-140, -701]]
[[1, 0], [138, 701], [-279, -1402]]
[[1, 0], [139, 1402], [-141, -1402]]
[[1, 0], [139, 2103], [-140, -2103]]
[[1, 0], [139, 701], [-141, -701]]
[[1, 0], [139, 701], [-281, -1402]]
[[1, 0], [1395, 1402], [-1397, -1402]]
[[1, 0], [14, 701], [-15, -701]]
[[1, 0], [14, 701], [-16, -701]]
[[1, 0], [14, 701], [-31, -1402]]
[[1, 0], [140, 701], [-141, -701]]
[[1, 0], [140, 701], [-142, -701]]
[[1, 0], [140, 701], [-283, -1402]]
[[1, 0], [1401, 1402], [-1403, -1402]]
[[1, 0], [141, 1402], [-143, -1402]]
[[1, 0], [141, 701], [-142, -701]]
[[1, 0], [141, 701], [-143, -701]]
[[1, 0], [141, 701], [-285, -1402]]
[[1, 0], [142, 2103], [-143, -2103]]
[[1, 0], [142, 701], [-143, -701]]
[[1, 0], [142, 701], [-144, -701]]
[[1, 0], [142, 701], [-287, -1402]]
[[1, 0], [143, 1402], [-145, -1402]]
[[1, 0], [143, 701], [-144, -701]]
[[1, 0], [143, 701], [-145, -701]]
[[1, 0], [143, 701], [-289, -1402]]
[[1, 0], [144, 701], [-146, -701]]
[[1, 0], [144, 701], [-291, -1402]]
[[1, 0], [145, 1402], [-147, -1402]]
[[1, 0], [145, 701], [-147, -701]]
[[1, 0], [145, 701], [-293, -1402]]
[[1, 0], [146, 701], [-148, -701]]
[[1, 0], [146, 701], [-295, -1402]]
[[1, 0], [147, 1402], [-149, -1402]]
[[1, 0], [147, 701], [-149, -701]]
[[1, 0], [147, 701], [-297, -1402]]
[[1, 0], [148, 2103], [-149, -2103]]
[[1, 0], [148, 701], [-150, -701]]
[[1, 0], [148, 701], [-299, -1402]]
[[1, 0], [149, 1402], [-151, -1402]]
[[1, 0], [149, 701], [-150, -701]]
[[1, 0], [149, 701], [-151, -701]]
[[1, 0], [149, 701], [-301, -1402]]
[[1, 0], [15, 1402], [-17, -1402]]
[[1, 0], [15, 701], [-16, -701]]
[[1, 0], [15, 701], [-17, -701]]
[[1, 0], [15, 701], [-33, -1402]]
[[1, 0], [150, 701], [-152, -701]]
[[1, 0], [150, 701], [-303, -1402]]
[[1, 0], [151, 1402], [-153, -1402]]
[[1, 0], [151, 2103], [-152, -2103]]
[[1, 0], [151, 701], [-153, -701]]
[[1, 0], [151, 701], [-305, -1402]]
[[1, 0], [152, 701], [-153, -701]]
[[1, 0], [152, 701], [-154, -701]]
[[1, 0], [152, 701], [-307, -1402]]
[[1, 0], [153, 1402], [-155, -1402]]
[[1, 0], [153, 701], [-155, -701]]
[[1, 0], [153, 701], [-309, -1402]]
[[1, 0], [154, 2103], [-155, -2103]]
[[1, 0], [154, 701], [-156, -701]]
[[1, 0], [154, 701], [-311, -1402]]
[[1, 0], [155, 1402], [-157, -1402]]
[[1, 0], [155, 701], [-156, -701]]
[[1, 0], [155, 701], [-157, -701]]
[[1, 0], [155, 701], [-313, -1402]]
[[1, 0], [156, 701], [-157, -701]]
[[1, 0], [156, 701], [-158, -701]]
[[1, 0], [156, 701], [-315, -1402]]
[[1, 0], [157, 1402], [-159, -1402]]
[[1, 0], [157, 2103], [-158, -2103]]
[[1, 0], [157, 701], [-158, -701]]
[[1, 0], [157, 701], [-159, -701]]
[[1, 0], [157, 701], [-317, -1402]]
[[1, 0], [158, 701], [-160, -701]]
[[1, 0], [158, 701], [-319, -1402]]
[[1, 0], [159, 1402], [-161, -1402]]
[[1, 0], [159, 701], [-161, -701]]
[[1, 0], [159, 701], [-321, -1402]]
[[1, 0], [16, 2103], [-17, -2103]]
[[1, 0], [16, 701], [-17, -701]]
[[1, 0], [16, 701], [-18, -701]]
[[1, 0], [16, 701], [-35, -1402]]
[[1, 0], [160, 701], [-162, -701]]
[[1, 0], [160, 701], [-323, -1402]]
[[1, 0], [161, 1402], [-163, -1402]]
[[1, 0], [161, 701], [-162, -701]]
[[1, 0], [161, 701], [-163, -701]]
[[1, 0], [161, 701], [-325, -1402]]
[[1, 0], [162, 701], [-164, -701]]
[[1, 0], [162, 701], [-327, -1402]]
[[1, 0], [163, 1402], [-165, -1402]]
[[1, 0], [163, 2103], [-164, -2103]]
[[1, 0], [163, 701], [-165, -701]]
[[1, 0], [163, 701], [-329, -1402]]
[[1, 0], [164, 701], [-166, -701]]
[[1, 0], [164, 701], [-331, -1402]]
[[1, 0], [165, 1402], [-167, -1402]]
[[1, 0], [165, 701], [-167, -701]]
[[1, 0], [165, 701], [-333, -1402]]
[[1, 0], [166, 701], [-168, -701]]
[[1, 0], [166, 701], [-335, -1402]]
[[1, 0], [167, 1402], [-169, -1402]]
[[1, 0], [167, 701], [-169, -701]]
[[1, 0], [167, 701], [-337, -1402]]
[[1, 0], [168, 701], [-170, -701]]
[[1, 0], [168, 701], [-339, -1402]]
[[1, 0], [169, 1402], [-171, -1402]]
[[1, 0], [169, 701], [-171, -701]]
[[1, 0], [169, 701], [-341, -1402]]
[[1, 0], [17, 1402], [-19, -1402]]
[[1, 0], [17, 701], [-18, -701]]
[[1, 0], [17, 701], [-19, -701]]
[[1, 0], [17, 701], [-37, -1402]]
[[1, 0], [170, 701], [-172, -701]]
[[1, 0], [170, 701], [-343, -1402]]
[[1, 0], [171, 1402], [-173, -1402]]
[[1, 0], [171, 701], [-173, -701]]
[[1, 0], [171, 701], [-345, -1402]]
[[1, 0], [172, 2103], [-173, -2103]]
[[1, 0], [172, 701], [-173, -701]]
[[1, 0], [172, 701], [-174, -701]]
[[1, 0], [172, 701], [-347, -1402]]
[[1, 0], [173, 1402], [-175, -1402]]
[[1, 0], [173, 701], [-175, -701]]
[[1, 0], [173, 701], [-349, -1402]]
[[1, 0], [174, 701], [-176, -701]]
[[1, 0], [174, 701], [-351, -1402]]
[[1, 0], [175, 1402], [-177, -1402]]
[[1, 0], [175, 2103], [-176, -2103]]
[[1, 0], [175, 701], [-177, -701]]
[[1, 0], [175, 701], [-353, -1402]]
[[1, 0], [176, 701], [-177, -701]]
[[1, 0], [176, 701], [-178, -701]]
[[1, 0], [176, 701], [-355, -1402]]
[[1, 0], [177, 1402], [-179, -1402]]
[[1, 0], [177, 701], [-178, -701]]
[[1, 0], [177, 701], [-179, -701]]
[[1, 0], [177, 701], [-357, -1402]]
[[1, 0], [178, 701], [-180, -701]]
[[1, 0], [178, 701], [-359, -1402]]
[[1, 0], [179, 1402], [-181, -1402]]
[[1, 0], [179, 701], [-181, -701]]
[[1, 0], [179, 701], [-361, -1402]]
[[1, 0], [18, 701], [-19, -701]]
[[1, 0], [18, 701], [-20, -701]]
[[1, 0], [18, 701], [-39, -1402]]
[[1, 0], [180, 701], [-182, -701]]
[[1, 0], [180, 701], [-363, -1402]]
[[1, 0], [181, 1402], [-183, -1402]]
[[1, 0], [181, 701], [-183, -701]]
[[1, 0], [181, 701], [-365, -1402]]
[[1, 0], [182, 701], [-184, -701]]
[[1, 0], [182, 701], [-367, -1402]]
[[1, 0], [183, 1402], [-185, -1402]]
[[1, 0], [183, 701], [-185, -701]]
[[1, 0], [183, 701], [-369, -1402]]
[[1, 0], [184, 701], [-186, -701]]
[[1, 0], [184, 701], [-371, -1402]]
[[1, 0], [185, 1402], [-187, -1402]]
[[1, 0], [185, 701], [-187, -701]]
[[1, 0], [185, 701], [-373, -1402]]
[[1, 0], [186, 701], [-188, -701]]
[[1, 0], [186, 701], [-375, -1402]]
[[1, 0], [187, 1402], [-189, -1402]]
[[1, 0], [187, 2103], [-188, -2103]]
[[1, 0], [187, 701], [-189, -701]]
[[1, 0], [187, 701], [-377, -1402]]
[[1, 0], [188, 701], [-189, -701]]
[[1, 0], [188, 701], [-190, -701]]
[[1, 0], [188, 701], [-379, -1402]]
[[1, 0], [189, 1402], [-191, -1402]]
[[1, 0], [189, 701], [-191, -701]]
[[1, 0], [189, 701], [-381, -1402]]
[[1, 0], [19, 1402], [-21, -1402]]
[[1, 0], [19, 2103], [-20, -2103]]
[[1, 0], [19, 701], [-20, -701]]
[[1, 0], [19, 701], [-21, -701]]
[[1, 0], [19, 701], [-41, -1402]]
[[1, 0], [190, 2103], [-191, -2103]]
[[1, 0], [190, 701], [-192, -701]]
[[1, 0], [190, 701], [-383, -1402]]
[[1, 0], [191, 1402], [-193, -1402]]
[[1, 0], [191, 701], [-193, -701]]
[[1, 0], [191, 701], [-385, -1402]]
[[1, 0], [192, 701], [-194, -701]]
[[1, 0], [192, 701], [-387, -1402]]
[[1, 0], [193, 1402], [-195, -1402]]
[[1, 0], [193, 2103], [-194, -2103]]
[[1, 0], [193, 701], [-194, -701]]
[[1, 0], [193, 701], [-195, -701]]
[[1, 0], [193, 701], [-389, -1402]]
[[1, 0], [194, 701], [-195, -701]]
[[1, 0], [194, 701], [-196, -701]]
[[1, 0], [194, 701], [-391, -1402]]
[[1, 0], [195, 1402], [-197, -1402]]
[[1, 0], [195, 701], [-196, -701]]
[[1, 0], [195, 701], [-197, -701]]
[[1, 0], [195, 701], [-393, -1402]]
[[1, 0], [196, 2103], [-197, -2103]]
[[1, 0], [196, 701], [-197, -701]]
[[1, 0], [196, 701], [-198, -701]]
[[1, 0], [196, 701], [-395, -1402]]
[[1, 0], [197, 1402], [-199, -1402]]
[[1, 0], [197, 701], [-199, -701]]
[[1, 0], [197, 701], [-397, -1402]]
[[1, 0], [198, 701], [-200, -701]]
[[1, 0], [198, 701], [-399, -1402]]
[[1, 0], [199, 1402], [-201, -1402]]
[[1, 0], [199, 2103], [-200, -2103]]
[[1, 0], [199, 701], [-201, -701]]
[[1, 0], [199, 701], [-401, -1402]]
[[1, 0], [2, 701], [-3, -701]]
[[1, 0], [2, 701], [-4, -701]]
[[1, 0], [2, 701], [-7, -1402]]
[[1, 0], [20, 701], [-21, -701]]
[[1, 0], [20, 701], [-22, -701]]
[[1, 0], [20, 701], [-43, -1402]]
[[1, 0], [200, 701], [-201, -701]]
[[1, 0], [200, 701], [-202, -701]]
[[1, 0], [200, 701], [-403, -1402]]
[[1, 0], [201, 1402], [-203, -1402]]
[[1, 0], [201, 701], [-203, -701]]
[[1, 0], [201, 701], [-405, -1402]]
[[1, 0], [202, 2103], [-203, -2103]]
[[1, 0], [202, 701], [-204, -701]]
[[1, 0], [202, 701], [-407, -1402]]
[[1, 0], [203, 1402], [-205, -1402]]
[[1, 0], [203, 701], [-205, -701]]
[[1, 0], [203, 701], [-409, -1402]]
[[1, 0], [204, 701], [-206, -701]]
[[1, 0], [204, 701], [-411, -1402]]
[[1, 0], [205, 1402], [-207, -1402]]
[[1, 0], [205, 2103], [-206, -2103]]
[[1, 0], [205, 701], [-207, -701]]
[[1, 0], [205, 701], [-413, -1402]]
[[1, 0], [206, 701], [-208, -701]]
[[1, 0], [206, 701], [-415, -1402]]
[[1, 0], [207, 1402], [-209, -1402]]
[[1, 0], [207, 701], [-209, -701]]
[[1, 0], [207, 701], [-417, -1402]]
[[1, 0], [208, 701], [-210, -701]]
[[1, 0], [208, 701], [-419, -1402]]
[[1, 0], [209, 1402], [-211, -1402]]
[[1, 0], [209, 701], [-211, -701]]
[[1, 0], [209, 701], [-421, -1402]]
[[1, 0], [21, 1402], [-23, -1402]]
[[1, 0], [21, 701], [-22, -701]]
[[1, 0], [21, 701], [-23, -701]]
[[1, 0], [21, 701], [-45, -1402]]
[[1, 0], [210, 701], [-211, -701]]
[[1, 0], [210, 701], [-212, -701]]
[[1, 0], [210, 701], [-423, -1402]]
[[1, 0], [211, 1402], [-213, -1402]]
[[1, 0], [211, 2103], [-212, -2103]]
[[1, 0], [211, 701], [-212, -701]]
[[1, 0], [211, 701], [-213, -701]]
[[1, 0], [211, 701], [-425, -1402]]
[[1, 0], [212, 701], [-213, -701]]
[[1, 0], [212, 701], [-214, -701]]
[[1, 0], [212, 701], [-427, -1402]]
[[1, 0], [213, 1402], [-215, -1402]]
[[1, 0], [213, 701], [-215, -701]]
[[1, 0], [213, 701], [-429, -1402]]
[[1, 0], [214, 2103], [-215, -2103]]
[[1, 0], [214, 701], [-216, -701]]
[[1, 0], [214, 701], [-431, -1402]]
[[1, 0], [215, 1402], [-217, -1402]]
[[1, 0], [215, 701], [-217, -701]]
[[1, 0], [215, 701], [-433, -1402]]
[[1, 0], [216, 701], [-218, -701]]
[[1, 0], [216, 701], [-435, -1402]]
[[1, 0], [217, 1402], [-219, -1402]]
[[1, 0], [217, 701], [-219, -701]]
[[1, 0], [217, 701], [-437, -1402]]
[[1, 0], [218, 701], [-220, -701]]
[[1, 0], [218, 701], [-439, -1402]]
[[1, 0], [219, 1402], [-221, -1402]]
[[1, 0], [219, 701], [-221, -701]]
[[1, 0], [219, 701], [-441, -1402]]
[[1, 0], [22, 2103], [-23, -2103]]
[[1, 0], [22, 701], [-23, -701]]
[[1, 0], [22, 701], [-24, -701]]
[[1, 0], [22, 701], [-47, -1402]]
[[1, 0], [220, 2103], [-221, -2103]]
[[1, 0], [220, 701], [-222, -701]]
[[1, 0], [220, 701], [-443, -1402]]
[[1, 0], [221, 1402], [-223, -1402]]
[[1, 0], [221, 701], [-223, -701]]
[[1, 0], [221, 701], [-445, -1402]]
[[1, 0], [222, 701], [-224, -701]]
[[1, 0], [222, 701], [-447, -1402]]
[[1, 0], [223, 1402], [-225, -1402]]
[[1, 0], [223, 2103], [-224, -2103]]
[[1, 0], [223, 701], [-225, -701]]
[[1, 0], [223, 701], [-449, -1402]]
[[1, 0], [224, 701], [-226, -701]]
[[1, 0], [224, 701], [-451, -1402]]
[[1, 0], [225, 1402], [-227, -1402]]
[[1, 0], [225, 701], [-227, -701]]
[[1, 0], [225, 701], [-453, -1402]]
[[1, 0], [226, 2103], [-227, -2103]]
[[1, 0], [226, 701], [-228, -701]]
[[1, 0], [226, 701], [-455, -1402]]
[[1, 0], [227, 1402], [-229, -1402]]
[[1, 0], [227, 701], [-229, -701]]
[[1, 0], [227, 701], [-457, -1402]]
[[1, 0], [228, 701], [-230, -701]]
[[1, 0], [228, 701], [-459, -1402]]
[[1, 0], [229, 1402], [-231, -1402]]
[[1, 0], [229, 701], [-231, -701]]
[[1, 0], [229, 701], [-461, -1402]]
[[1, 0], [23, 1402], [-25, -1402]]
[[1, 0], [23, 701], [-24, -701]]
[[1, 0], [23, 701], [-25, -701]]
[[1, 0], [23, 701], [-49, -1402]]
[[1, 0], [230, 701], [-232, -701]]
[[1, 0], [230, 701], [-463, -1402]]
[[1, 0], [231, 1402], [-233, -1402]]
[[1, 0], [231, 701], [-233, -701]]
[[1, 0], [231, 701], [-465, -1402]]
[[1, 0], [232, 2103], [-233, -2103]]
[[1, 0], [232, 701], [-233, -701]]
[[1, 0], [232, 701], [-234, -701]]
[[1, 0], [232, 701], [-467, -1402]]
[[1, 0], [233, 1402], [-235, -1402]]
[[1, 0], [233, 701], [-235, -701]]
[[1, 0], [233, 701], [-469, -1402]]
[[1, 0], [234, 701], [-236, -701]]
[[1, 0], [234, 701], [-471, -1402]]
[[1, 0], [235, 1402], [-237, -1402]]
[[1, 0], [235, 2103], [-236, -2103]]
[[1, 0], [235, 701], [-237, -701]]
[[1, 0], [235, 701], [-473, -1402]]
[[1, 0], [236, 701], [-238, -701]]
[[1, 0], [236, 701], [-475, -1402]]
[[1, 0], [237, 1402], [-239, -1402]]
[[1, 0], [237, 701], [-239, -701]]
[[1, 0], [237, 701], [-477, -1402]]
[[1, 0], [238, 701], [-240, -701]]
[[1, 0], [238, 701], [-479, -1402]]
[[1, 0], [239, 1402], [-241, -1402]]
[[1, 0], [239, 701], [-241, -701]]
[[1, 0], [239, 701], [-481, -1402]]
[[1, 0], [24, 701], [-25, -701]]
[[1, 0], [24, 701], [-26, -701]]
[[1, 0], [24, 701], [-51, -1402]]
[[1, 0], [240, 701], [-242, -701]]
[[1, 0], [240, 701], [-483, -1402]]
[[1, 0], [241, 1402], [-243, -1402]]
[[1, 0], [241, 2103], [-242, -2103]]
[[1, 0], [241, 701], [-243, -701]]
[[1, 0], [241, 701], [-485, -1402]]
[[1, 0], [242, 701], [-244, -701]]
[[1, 0], [242, 701], [-487, -1402]]
[[1, 0], [243, 1402], [-245, -1402]]
[[1, 0], [243, 701], [-245, -701]]
[[1, 0], [243, 701], [-489, -1402]]
[[1, 0], [244, 701], [-246, -701]]
[[1, 0], [244, 701], [-491, -1402]]
[[1, 0], [245, 1402], [-247, -1402]]
[[1, 0], [245, 701], [-247, -701]]
[[1, 0], [245, 701], [-493, -1402]]
[[1, 0], [246, 701], [-247, -701]]
[[1, 0], [246, 701], [-248, -701]]
[[1, 0], [246, 701], [-495, -1402]]
[[1, 0], [247, 1402], [-249, -1402]]
[[1, 0], [247, 701], [-249, -701]]
[[1, 0], [247, 701], [-497, -1402]]
[[1, 0], [248, 701], [-250, -701]]
[[1, 0], [248, 701], [-499, -1402]]
[[1, 0], [249, 1402], [-251, -1402]]
[[1, 0], [249, 701], [-251, -701]]
[[1, 0], [249, 701], [-501, -1402]]
[[1, 0], [25, 1402], [-27, -1402]]
[[1, 0], [25, 2103], [-26, -2103]]
[[1, 0], [25, 701], [-26, -701]]
[[1, 0], [25, 701], [-27, -701]]
[[1, 0], [25, 701], [-53, -1402]]
[[1, 0], [250, 701], [-252, -701]]
[[1, 0], [250, 701], [-503, -1402]]
[[1, 0], [251, 1402], [-253, -1402]]
[[1, 0], [251, 701], [-253, -701]]
[[1, 0], [251, 701], [-505, -1402]]
[[1, 0], [252, 701], [-254, -701]]
[[1, 0], [252, 701], [-507, -1402]]
[[1, 0], [253, 1402], [-255, -1402]]
[[1, 0], [253, 701], [-255, -701]]
[[1, 0], [253, 701], [-509, -1402]]
[[1, 0], [254, 701], [-256, -701]]
[[1, 0], [254, 701], [-511, -1402]]
[[1, 0], [255, 1402], [-257, -1402]]
[[1, 0], [255, 701], [-257, -701]]
[[1, 0], [255, 701], [-513, -1402]]
[[1, 0], [256, 2103], [-257, -2103]]
[[1, 0], [256, 701], [-258, -701]]
[[1, 0], [256, 701], [-515, -1402]]
[[1, 0], [257, 1402], [-259, -1402]]
[[1, 0], [257, 701], [-259, -701]]
[[1, 0], [257, 701], [-517, -1402]]
[[1, 0], [258, 701], [-260, -701]]
[[1, 0], [258, 701], [-519, -1402]]
[[1, 0], [259, 1402], [-261, -1402]]
[[1, 0], [259, 2103], [-260, -2103]]
[[1, 0], [259, 701], [-261, -701]]
[[1, 0], [259, 701], [-521, -1402]]
[[1, 0], [26, 701], [-28, -701]]
[[1, 0], [26, 701], [-55, -1402]]
[[1, 0], [260, 701], [-262, -701]]
[[1, 0], [260, 701], [-523, -1402]]
[[1, 0], [261, 1402], [-263, -1402]]
[[1, 0], [261, 701], [-263, -701]]
[[1, 0], [261, 701], [-525, -1402]]
[[1, 0], [262, 701], [-264, -701]]
[[1, 0], [262, 701], [-527, -1402]]
[[1, 0], [263, 1402], [-265, -1402]]
[[1, 0], [263, 701], [-265, -701]]
[[1, 0], [263, 701], [-529, -1402]]
[[1, 0], [264, 701], [-266, -701]]
[[1, 0], [264, 701], [-531, -1402]]
[[1, 0], [265, 1402], [-267, -1402]]
[[1, 0], [265, 2103], [-266, -2103]]
[[1, 0], [265, 701], [-267, -701]]
[[1, 0], [265, 701], [-533, -1402]]
[[1, 0], [266, 701], [-268, -701]]
[[1, 0], [266, 701], [-535, -1402]]
[[1, 0], [267, 1402], [-269, -1402]]
[[1, 0], [267, 701], [-269, -701]]
[[1, 0], [267, 701], [-537, -1402]]
[[1, 0], [268, 701], [-270, -701]]
[[1, 0], [268, 701], [-539, -1402]]
[[1, 0], [269, 1402], [-271, -1402]]
[[1, 0], [269, 701], [-271, -701]]
[[1, 0], [269, 701], [-541, -1402]]
[[1, 0], [27, 1402], [-29, -1402]]
[[1, 0], [27, 701], [-29, -701]]
[[1, 0], [27, 701], [-57, -1402]]
[[1, 0], [270, 701], [-272, -701]]
[[1, 0], [270, 701], [-543, -1402]]
[[1, 0], [271, 1402], [-273, -1402]]
[[1, 0], [271, 701], [-273, -701]]
[[1, 0], [271, 701], [-545, -1402]]
[[1, 0], [272, 701], [-273, -701]]
[[1, 0], [272, 701], [-274, -701]]
[[1, 0], [272, 701], [-547, -1402]]
[[1, 0], [273, 1402], [-275, -1402]]
[[1, 0], [273, 701], [-275, -701]]
[[1, 0], [273, 701], [-549, -1402]]
[[1, 0], [274, 701], [-276, -701]]
[[1, 0], [274, 701], [-551, -1402]]
[[1, 0], [275, 1402], [-277, -1402]]
[[1, 0], [275, 701], [-277, -701]]
[[1, 0], [275, 701], [-553, -1402]]
[[1, 0], [276, 701], [-278, -701]]
[[1, 0], [276, 701], [-555, -1402]]
[[1, 0], [277, 1402], [-279, -1402]]
[[1, 0], [277, 2103], [-278, -2103]]
[[1, 0], [277, 701], [-279, -701]]
[[1, 0], [277, 701], [-557, -1402]]
[[1, 0], [278, 701], [-280, -701]]
[[1, 0], [278, 701], [-559, -1402]]
[[1, 0], [279, 1402], [-281, -1402]]
[[1, 0], [279, 701], [-281, -701]]
[[1, 0], [279, 701], [-561, -1402]]
[[1, 0], [28, 2103], [-29, -2103]]
[[1, 0], [28, 701], [-30, -701]]
[[1, 0], [28, 701], [-59, -1402]]
[[1, 0], [280, 701], [-282, -701]]
[[1, 0], [280, 701], [-563, -1402]]
[[1, 0], [281, 1402], [-283, -1402]]
[[1, 0], [281, 701], [-283, -701]]
[[1, 0], [281, 701], [-565, -1402]]
[[1, 0], [282, 701], [-284, -701]]
[[1, 0], [282, 701], [-567, -1402]]
[[1, 0], [283, 1402], [-285, -1402]]
[[1, 0], [283, 2103], [-284, -2103]]
[[1, 0], [283, 701], [-285, -701]]
[[1, 0], [283, 701], [-569, -1402]]
[[1, 0], [284, 701], [-286, -701]]
[[1, 0], [284, 701], [-571, -1402]]
[[1, 0], [285, 1402], [-287, -1402]]
[[1, 0], [285, 701], [-287, -701]]
[[1, 0], [285, 701], [-573, -1402]]
[[1, 0], [286, 701], [-288, -701]]
[[1, 0], [286, 701], [-575, -1402]]
[[1, 0], [287, 1402], [-289, -1402]]
[[1, 0], [287, 701], [-289, -701]]
[[1, 0], [287, 701], [-577, -1402]]
[[1, 0], [288, 701], [-290, -701]]
[[1, 0], [288, 701], [-579, -1402]]
[[1, 0], [289, 1402], [-291, -1402]]
[[1, 0], [289, 2103], [-290, -2103]]
[[1, 0], [289, 701], [-291, -701]]
[[1, 0], [289, 701], [-581, -1402]]
[[1, 0], [29, 1402], [-31, -1402]]
[[1, 0], [29, 701], [-30, -701]]
[[1, 0], [29, 701], [-31, -701]]
[[1, 0], [29, 701], [-61, -1402]]
[[1, 0], [290, 701], [-292, -701]]
[[1, 0], [290, 701], [-583, -1402]]
[[1, 0], [291, 1402], [-293, -1402]]
[[1, 0], [291, 701], [-293, -701]]
[[1, 0], [291, 701], [-585, -1402]]
[[1, 0], [292, 2103], [-293, -2103]]
[[1, 0], [292, 701], [-294, -701]]
[[1, 0], [292, 701], [-587, -1402]]
[[1, 0], [293, 1402], [-295, -1402]]
[[1, 0], [293, 701], [-295, -701]]
[[1, 0], [293, 701], [-589, -1402]]
[[1, 0], [294, 701], [-296, -701]]
[[1, 0], [294, 701], [-591, -1402]]
[[1, 0], [295, 1402], [-297, -1402]]
[[1, 0], [295, 2103], [-296, -2103]]
[[1, 0], [295, 701], [-297, -701]]
[[1, 0], [295, 701], [-593, -1402]]
[[1, 0], [296, 701], [-298, -701]]
[[1, 0], [296, 701], [-595, -1402]]
[[1, 0], [297, 1402], [-299, -1402]]
[[1, 0], [297, 701], [-299, -701]]
[[1, 0], [297, 701], [-597, -1402]]
[[1, 0], [298, 701], [-300, -701]]
[[1, 0], [298, 701], [-599, -1402]]
[[1, 0], [299, 1402], [-301, -1402]]
[[1, 0], [299, 701], [-301, -701]]
[[1, 0], [299, 701], [-601, -1402]]
[[1, 0], [3, 1402], [-5, -1402]]
[[1, 0], [3, 701], [-4, -701]]
[[1, 0], [3, 701], [-5, -701]]
[[1, 0], [3, 701], [-9, -1402]]
[[1, 0], [30, 701], [-31, -701]]
[[1, 0], [30, 701], [-32, -701]]
[[1, 0], [30, 701], [-63, -1402]]
[[1, 0], [300, 701], [-302, -701]]
[[1, 0], [300, 701], [-603, -1402]]
[[1, 0], [301, 1402], [-303, -1402]]
[[1, 0], [301, 2103], [-302, -2103]]
[[1, 0], [301, 701], [-303, -701]]
[[1, 0], [301, 701], [-605, -1402]]
[[1, 0], [302, 701], [-304, -701]]
[[1, 0], [302, 701], [-607, -1402]]
[[1, 0], [303, 1402], [-305, -1402]]
[[1, 0], [303, 701], [-305, -701]]
[[1, 0], [303, 701], [-609, -1402]]
[[1, 0], [304, 2103], [-305, -2103]]
[[1, 0], [304, 701], [-306, -701]]
[[1, 0], [304, 701], [-611, -1402]]
[[1, 0], [305, 1402], [-307, -1402]]
[[1, 0], [305, 701], [-307, -701]]
[[1, 0], [305, 701], [-613, -1402]]
[[1, 0], [306, 701], [-308, -701]]
[[1, 0], [306, 701], [-615, -1402]]
[[1, 0], [307, 1402], [-309, -1402]]
[[1, 0], [307, 701], [-309, -701]]
[[1, 0], [307, 701], [-617, -1402]]
[[1, 0], [308, 701], [-310, -701]]
[[1, 0], [308, 701], [-619, -1402]]
[[1, 0], [309, 1402], [-311, -1402]]
[[1, 0], [309, 701], [-311, -701]]
[[1, 0], [309, 701], [-621, -1402]]
[[1, 0], [31, 1402], [-33, -1402]]
[[1, 0], [31, 2103], [-32, -2103]]
[[1, 0], [31, 701], [-32, -701]]
[[1, 0], [31, 701], [-33, -701]]
[[1, 0], [31, 701], [-65, -1402]]
[[1, 0], [310, 701], [-312, -701]]
[[1, 0], [310, 701], [-623, -1402]]
[[1, 0], [311, 1402], [-313, -1402]]
[[1, 0], [311, 701], [-313, -701]]
[[1, 0], [311, 701], [-625, -1402]]
[[1, 0], [312, 701], [-314, -701]]
[[1, 0], [312, 701], [-627, -1402]]
[[1, 0], [313, 1402], [-315, -1402]]
[[1, 0], [313, 701], [-315, -701]]
[[1, 0], [313, 701], [-629, -1402]]
[[1, 0], [314, 701], [-316, -701]]
[[1, 0], [314, 701], [-631, -1402]]
[[1, 0], [315, 1402], [-317, -1402]]
[[1, 0], [315, 701], [-317, -701]]
[[1, 0], [315, 701], [-633, -1402]]
[[1, 0], [316, 701], [-318, -701]]
[[1, 0], [316, 701], [-635, -1402]]
[[1, 0], [317, 1402], [-319, -1402]]
[[1, 0], [317, 701], [-319, -701]]
[[1, 0], [317, 701], [-637, -1402]]
[[1, 0], [318, 701], [-320, -701]]
[[1, 0], [318, 701], [-639, -1402]]
[[1, 0], [319, 1402], [-321, -1402]]
[[1, 0], [319, 701], [-321, -701]]
[[1, 0], [319, 701], [-641, -1402]]
[[1, 0], [32, 701], [-33, -701]]
[[1, 0], [32, 701], [-34, -701]]
[[1, 0], [32, 701], [-67, -1402]]
[[1, 0], [320, 701], [-322, -701]]
[[1, 0], [320, 701], [-643, -1402]]
[[1, 0], [321, 1402], [-323, -1402]]
[[1, 0], [321, 701], [-323, -701]]
[[1, 0], [321, 701], [-645, -1402]]
[[1, 0], [322, 2103], [-323, -2103]]
[[1, 0], [322, 701], [-324, -701]]
[[1, 0], [322, 701], [-647, -1402]]
[[1, 0], [323, 1402], [-325, -1402]]
[[1, 0], [323, 701], [-325, -701]]
[[1, 0], [323, 701], [-649, -1402]]
[[1, 0], [324, 701], [-326, -701]]
[[1, 0], [324, 701], [-651, -1402]]
[[1, 0], [325, 1402], [-327, -1402]]
[[1, 0], [325, 701], [-327, -701]]
[[1, 0], [325, 701], [-653, -1402]]
[[1, 0], [326, 701], [-327, -701]]
[[1, 0], [326, 701], [-328, -701]]
[[1, 0], [326, 701], [-655, -1402]]
[[1, 0], [327, 1402], [-329, -1402]]
[[1, 0], [327, 701], [-329, -701]]
[[1, 0], [327, 701], [-657, -1402]]
[[1, 0], [328, 701], [-330, -701]]
[[1, 0], [328, 701], [-659, -1402]]
[[1, 0], [329, 1402], [-331, -1402]]
[[1, 0], [329, 701], [-331, -701]]
[[1, 0], [329, 701], [-661, -1402]]
[[1, 0], [33, 1402], [-35, -1402]]
[[1, 0], [33, 701], [-34, -701]]
[[1, 0], [33, 701], [-35, -701]]
[[1, 0], [33, 701], [-69, -1402]]
[[1, 0], [330, 701], [-332, -701]]
[[1, 0], [330, 701], [-663, -1402]]
[[1, 0], [331, 1402], [-333, -1402]]
[[1, 0], [331, 701], [-333, -701]]
[[1, 0], [331, 701], [-665, -1402]]
[[1, 0], [332, 701], [-334, -701]]
[[1, 0], [332, 701], [-667, -1402]]
[[1, 0], [333, 1402], [-335, -1402]]
[[1, 0], [333, 701], [-335, -701]]
[[1, 0], [333, 701], [-669, -1402]]
[[1, 0], [334, 701], [-336, -701]]
[[1, 0], [334, 701], [-671, -1402]]
[[1, 0], [335, 1402], [-337, -1402]]
[[1, 0], [335, 701], [-337, -701]]
[[1, 0], [335, 701], [-673, -1402]]
[[1, 0], [336, 701], [-338, -701]]
[[1, 0], [336, 701], [-675, -1402]]
[[1, 0], [337, 1402], [-339, -1402]]
[[1, 0], [337, 701], [-339, -701]]
[[1, 0], [337, 701], [-677, -1402]]
[[1, 0], [338, 701], [-340, -701]]
[[1, 0], [338, 701], [-679, -1402]]
[[1, 0], [339, 1402], [-341, -1402]]
[[1, 0], [339, 701], [-341, -701]]
[[1, 0], [339, 701], [-681, -1402]]
[[1, 0], [34, 2103], [-35, -2103]]
[[1, 0], [34, 701], [-36, -701]]
[[1, 0], [34, 701], [-71, -1402]]
[[1, 0], [340, 701], [-342, -701]]
[[1, 0], [340, 701], [-683, -1402]]
[[1, 0], [341, 1402], [-343, -1402]]
[[1, 0], [341, 701], [-343, -701]]
[[1, 0], [341, 701], [-685, -1402]]
[[1, 0], [342, 701], [-344, -701]]
[[1, 0], [342, 701], [-687, -1402]]
[[1, 0], [343, 1402], [-345, -1402]]
[[1, 0], [343, 2103], [-344, -2103]]
[[1, 0], [343, 701], [-345, -701]]
[[1, 0], [343, 701], [-689, -1402]]
[[1, 0], [344, 701], [-346, -701]]
[[1, 0], [344, 701], [-691, -1402]]
[[1, 0], [345, 1402], [-347, -1402]]
[[1, 0], [345, 701], [-347, -701]]
[[1, 0], [345, 701], [-693, -1402]]
[[1, 0], [346, 701], [-348, -701]]
[[1, 0], [346, 701], [-695, -1402]]
[[1, 0], [347, 1402], [-349, -1402]]
[[1, 0], [347, 701], [-349, -701]]
[[1, 0], [347, 701], [-697, -1402]]
[[1, 0], [348, 701], [-350, -701]]
[[1, 0], [348, 701], [-699, -1402]]
[[1, 0], [349, 1402], [-351, -1402]]
[[1, 0], [349, 2103], [-350, -2103]]
[[1, 0], [349, 701], [-351, -701]]
[[1, 0], [35, 1402], [-37, -1402]]
[[1, 0], [35, 701], [-37, -701]]
[[1, 0], [35, 701], [-73, -1402]]
[[1, 0], [350, 701], [-703, -1402]]
[[1, 0], [351, 1402], [-353, -1402]]
[[1, 0], [351, 701], [-705, -1402]]
[[1, 0], [352, 701], [-707, -1402]]
[[1, 0], [353, 1402], [-355, -1402]]
[[1, 0], [353, 701], [-709, -1402]]
[[1, 0], [354, 701], [-711, -1402]]
[[1, 0], [355, 1402], [-357, -1402]]
[[1, 0], [355, 2103], [-356, -2103]]
[[1, 0], [355, 701], [-713, -1402]]
[[1, 0], [356, 701], [-715, -1402]]
[[1, 0], [357, 1402], [-359, -1402]]
[[1, 0], [357, 701], [-717, -1402]]
[[1, 0], [358, 2103], [-359, -2103]]
[[1, 0], [358, 701], [-719, -1402]]
[[1, 0], [359, 1402], [-361, -1402]]
[[1, 0], [359, 701], [-721, -1402]]
[[1, 0], [36, 701], [-37, -701]]
[[1, 0], [36, 701], [-38, -701]]
[[1, 0], [36, 701], [-75, -1402]]
[[1, 0], [360, 701], [-723, -1402]]
[[1, 0], [361, 1402], [-363, -1402]]
[[1, 0], [361, 701], [-725, -1402]]
[[1, 0], [362, 701], [-727, -1402]]
[[1, 0], [363, 1402], [-365, -1402]]
[[1, 0], [363, 701], [-729, -1402]]
[[1, 0], [364, 701], [-731, -1402]]
[[1, 0], [365, 1402], [-367, -1402]]
[[1, 0], [365, 701], [-733, -1402]]
[[1, 0], [366, 701], [-735, -1402]]
[[1, 0], [367, 1402], [-369, -1402]]
[[1, 0], [367, 701], [-737, -1402]]
[[1, 0], [368, 701], [-739, -1402]]
[[1, 0], [369, 1402], [-371, -1402]]
[[1, 0], [369, 701], [-741, -1402]]
[[1, 0], [37, 1402], [-39, -1402]]
[[1, 0], [37, 2103], [-38, -2103]]
[[1, 0], [37, 701], [-38, -701]]
[[1, 0], [37, 701], [-39, -701]]
[[1, 0], [37, 701], [-77, -1402]]
[[1, 0], [370, 2103], [-371, -2103]]
[[1, 0], [370, 701], [-743, -1402]]
[[1, 0], [371, 1402], [-373, -1402]]
[[1, 0], [371, 701], [-745, -1402]]
[[1, 0], [372, 701], [-747, -1402]]
[[1, 0], [373, 1402], [-375, -1402]]
[[1, 0], [373, 701], [-749, -1402]]
[[1, 0], [374, 701], [-751, -1402]]
[[1, 0], [375, 1402], [-377, -1402]]
[[1, 0], [375, 701], [-753, -1402]]
[[1, 0], [376, 2103], [-377, -2103]]
[[1, 0], [376, 701], [-755, -1402]]
[[1, 0], [377, 1402], [-379, -1402]]
[[1, 0], [377, 701], [-757, -1402]]
[[1, 0], [378, 701], [-759, -1402]]
[[1, 0], [379, 1402], [-381, -1402]]
[[1, 0], [379, 2103], [-380, -2103]]
[[1, 0], [379, 701], [-761, -1402]]
[[1, 0], [38, 701], [-40, -701]]
[[1, 0], [38, 701], [-79, -1402]]
[[1, 0], [380, 701], [-763, -1402]]
[[1, 0], [381, 1402], [-383, -1402]]
[[1, 0], [381, 701], [-765, -1402]]
[[1, 0], [382, 701], [-767, -1402]]
[[1, 0], [383, 1402], [-385, -1402]]
[[1, 0], [383, 701], [-769, -1402]]
[[1, 0], [384, 701], [-771, -1402]]
[[1, 0], [385, 1402], [-387, -1402]]
[[1, 0], [385, 701], [-773, -1402]]
[[1, 0], [386, 701], [-775, -1402]]
[[1, 0], [387, 1402], [-389, -1402]]
[[1, 0], [387, 701], [-777, -1402]]
[[1, 0], [388, 701], [-779, -1402]]
[[1, 0], [389, 1402], [-391, -1402]]
[[1, 0], [389, 701], [-781, -1402]]
[[1, 0], [39, 1402], [-41, -1402]]
[[1, 0], [39, 701], [-41, -701]]
[[1, 0], [39, 701], [-81, -1402]]
[[1, 0], [390, 701], [-783, -1402]]
[[1, 0], [391, 1402], [-393, -1402]]
[[1, 0], [391, 2103], [-392, -2103]]
[[1, 0], [391, 701], [-785, -1402]]
[[1, 0], [392, 701], [-787, -1402]]
[[1, 0], [393, 1402], [-395, -1402]]
[[1, 0], [393, 701], [-789, -1402]]
[[1, 0], [394, 2103], [-395, -2103]]
[[1, 0], [394, 701], [-791, -1402]]
[[1, 0], [395, 1402], [-397, -1402]]
[[1, 0], [395, 701], [-793, -1402]]
[[1, 0], [396, 701], [-795, -1402]]
[[1, 0], [397, 1402], [-399, -1402]]
[[1, 0], [397, 701], [-797, -1402]]
[[1, 0], [398, 701], [-799, -1402]]
[[1, 0], [399, 1402], [-401, -1402]]
[[1, 0], [399, 701], [-801, -1402]]
[[1, 0], [4, 701], [-11, -1402]]
[[1, 0], [4, 701], [-6, -701]]
[[1, 0], [40, 2103], [-41, -2103]]
[[1, 0], [40, 701], [-41, -701]]
[[1, 0], [40, 701], [-42, -701]]
[[1, 0], [40, 701], [-83, -1402]]
[[1, 0], [400, 701], [-803, -1402]]
[[1, 0], [401, 1402], [-403, -1402]]
[[1, 0], [401, 701], [-805, -1402]]
[[1, 0], [402, 701], [-807, -1402]]
[[1, 0], [403, 1402], [-405, -1402]]
[[1, 0], [403, 701], [-809, -1402]]
[[1, 0], [404, 701], [-811, -1402]]
[[1, 0], [405, 1402], [-407, -1402]]
[[1, 0], [405, 701], [-813, -1402]]
[[1, 0], [406, 701], [-815, -1402]]
[[1, 0], [407, 1402], [-409, -1402]]
[[1, 0], [407, 701], [-817, -1402]]
[[1, 0], [408, 701], [-819, -1402]]
[[1, 0], [409, 1402], [-411, -1402]]
[[1, 0], [409, 2103], [-410, -2103]]
[[1, 0], [409, 701], [-821, -1402]]
[[1, 0], [41, 1402], [-43, -1402]]
[[1, 0], [41, 701], [-42, -701]]
[[1, 0], [41, 701], [-43, -701]]
[[1, 0], [41, 701], [-85, -1402]]
[[1, 0], [410, 701], [-823, -1402]]
[[1, 0], [411, 1402], [-413, -1402]]
[[1, 0], [411, 701], [-825, -1402]]
[[1, 0], [412, 2103], [-413, -2103]]
[[1, 0], [412, 701], [-827, -1402]]
[[1, 0], [413, 1402], [-415, -1402]]
[[1, 0], [413, 701], [-829, -1402]]
[[1, 0], [414, 701], [-831, -1402]]
[[1, 0], [415, 1402], [-417, -1402]]
[[1, 0], [415, 2103], [-416, -2103]]
[[1, 0], [415, 701], [-833, -1402]]
[[1, 0], [416, 701], [-835, -1402]]
[[1, 0], [417, 1402], [-419, -1402]]
[[1, 0], [417, 701], [-837, -1402]]
[[1, 0], [418, 2103], [-419, -2103]]
[[1, 0], [418, 701], [-839, -1402]]
[[1, 0], [419, 1402], [-421, -1402]]
[[1, 0], [419, 701], [-841, -1402]]
[[1, 0], [42, 701], [-43, -701]]
[[1, 0], [42, 701], [-44, -701]]
[[1, 0], [42, 701], [-87, -1402]]
[[1, 0], [420, 701], [-843, -1402]]
[[1, 0], [421, 1402], [-423, -1402]]
[[1, 0], [421, 2103], [-422, -2103]]
[[1, 0], [421, 701], [-845, -1402]]
[[1, 0], [422, 701], [-847, -1402]]
[[1, 0], [423, 1402], [-425, -1402]]
[[1, 0], [423, 701], [-849, -1402]]
[[1, 0], [424, 701], [-851, -1402]]
[[1, 0], [425, 1402], [-427, -1402]]
[[1, 0], [425, 701], [-853, -1402]]
[[1, 0], [426, 701], [-855, -1402]]
[[1, 0], [427, 1402], [-429, -1402]]
[[1, 0], [427, 701], [-857, -1402]]
[[1, 0], [428, 701], [-859, -1402]]
[[1, 0], [429, 1402], [-431, -1402]]
[[1, 0], [429, 701], [-861, -1402]]
[[1, 0], [43, 1402], [-45, -1402]]
[[1, 0], [43, 2103], [-44, -2103]]
[[1, 0], [43, 701], [-44, -701]]
[[1, 0], [43, 701], [-45, -701]]
[[1, 0], [43, 701], [-89, -1402]]
[[1, 0], [430, 701], [-863, -1402]]
[[1, 0], [431, 1402], [-433, -1402]]
[[1, 0], [431, 701], [-865, -1402]]
[[1, 0], [432, 701], [-867, -1402]]
[[1, 0], [433, 1402], [-435, -1402]]
[[1, 0], [433, 701], [-869, -1402]]
[[1, 0], [434, 701], [-871, -1402]]
[[1, 0], [435, 1402], [-437, -1402]]
[[1, 0], [435, 701], [-873, -1402]]
[[1, 0], [436, 701], [-875, -1402]]
[[1, 0], [437, 1402], [-439, -1402]]
[[1, 0], [437, 701], [-877, -1402]]
[[1, 0], [438, 701], [-879, -1402]]
[[1, 0], [439, 1402], [-441, -1402]]
[[1, 0], [439, 2103], [-440, -2103]]
[[1, 0], [439, 701], [-881, -1402]]
[[1, 0], [44, 701], [-45, -701]]
[[1, 0], [44, 701], [-46, -701]]
[[1, 0], [44, 701], [-91, -1402]]
[[1, 0], [440, 701], [-883, -1402]]
[[1, 0], [441, 1402], [-443, -1402]]
[[1, 0], [441, 701], [-885, -1402]]
[[1, 0], [442, 2103], [-443, -2103]]
[[1, 0], [442, 701], [-887, -1402]]
[[1, 0], [443, 1402], [-445, -1402]]
[[1, 0], [443, 701], [-889, -1402]]
[[1, 0], [444, 701], [-891, -1402]]
[[1, 0], [445, 1402], [-447, -1402]]
[[1, 0], [445, 701], [-893, -1402]]
[[1, 0], [446, 701], [-895, -1402]]
[[1, 0], [447, 1402], [-449, -1402]]
[[1, 0], [447, 701], [-897, -1402]]
[[1, 0], [448, 2103], [-449, -2103]]
[[1, 0], [448, 701], [-899, -1402]]
[[1, 0], [449, 1402], [-451, -1402]]
[[1, 0], [449, 701], [-901, -1402]]
[[1, 0], [45, 1402], [-47, -1402]]
[[1, 0], [45, 701], [-46, -701]]
[[1, 0], [45, 701], [-47, -701]]
[[1, 0], [45, 701], [-93, -1402]]
[[1, 0], [450, 701], [-903, -1402]]
[[1, 0], [451, 1402], [-453, -1402]]
[[1, 0], [451, 701], [-905, -1402]]
[[1, 0], [452, 701], [-907, -1402]]
[[1, 0], [453, 1402], [-455, -1402]]
[[1, 0], [453, 701], [-909, -1402]]
[[1, 0], [454, 701], [-911, -1402]]
[[1, 0], [455, 1402], [-457, -1402]]
[[1, 0], [455, 701], [-913, -1402]]
[[1, 0], [456, 701], [-915, -1402]]
[[1, 0], [457, 1402], [-459, -1402]]
[[1, 0], [457, 2103], [-458, -2103]]
[[1, 0], [457, 701], [-917, -1402]]
[[1, 0], [458, 701], [-919, -1402]]
[[1, 0], [459, 1402], [-461, -1402]]
[[1, 0], [459, 701], [-921, -1402]]
[[1, 0], [46, 2103], [-47, -2103]]
[[1, 0], [46, 701], [-47, -701]]
[[1, 0], [46, 701], [-48, -701]]
[[1, 0], [46, 701], [-95, -1402]]
[[1, 0], [460, 701], [-923, -1402]]
[[1, 0], [461, 1402], [-463, -1402]]
[[1, 0], [461, 701], [-925, -1402]]
[[1, 0], [462, 701], [-927, -1402]]
[[1, 0], [463, 1402], [-465, -1402]]
[[1, 0], [463, 2103], [-464, -2103]]
[[1, 0], [463, 701], [-929, -1402]]
[[1, 0], [464, 701], [-931, -1402]]
[[1, 0], [465, 1402], [-467, -1402]]
[[1, 0], [465, 701], [-933, -1402]]
[[1, 0], [466, 701], [-935, -1402]]
[[1, 0], [467, 1402], [-469, -1402]]
[[1, 0], [467, 701], [-937, -1402]]
[[1, 0], [468, 701], [-939, -1402]]
[[1, 0], [469, 1402], [-471, -1402]]
[[1, 0], [469, 2103], [-470, -2103]]
[[1, 0], [469, 701], [-941, -1402]]
[[1, 0], [47, 1402], [-49, -1402]]
[[1, 0], [47, 701], [-48, -701]]
[[1, 0], [47, 701], [-49, -701]]
[[1, 0], [47, 701], [-97, -1402]]
[[1, 0], [470, 701], [-943, -1402]]
[[1, 0], [471, 1402], [-473, -1402]]
[[1, 0], [471, 701], [-945, -1402]]
[[1, 0], [472, 2103], [-473, -2103]]
[[1, 0], [472, 701], [-947, -1402]]
[[1, 0], [473, 1402], [-475, -1402]]
[[1, 0], [473, 701], [-949, -1402]]
[[1, 0], [474, 701], [-951, -1402]]
[[1, 0], [475, 1402], [-477, -1402]]
[[1, 0], [475, 2103], [-476, -2103]]
[[1, 0], [475, 701], [-953, -1402]]
[[1, 0], [476, 701], [-955, -1402]]
[[1, 0], [477, 1402], [-479, -1402]]
[[1, 0], [477, 701], [-957, -1402]]
[[1, 0], [478, 701], [-959, -1402]]
[[1, 0], [479, 1402], [-481, -1402]]
[[1, 0], [479, 701], [-961, -1402]]
[[1, 0], [48, 701], [-49, -701]]
[[1, 0], [48, 701], [-50, -701]]
[[1, 0], [48, 701], [-99, -1402]]
[[1, 0], [480, 701], [-963, -1402]]
[[1, 0], [481, 1402], [-483, -1402]]
[[1, 0], [481, 701], [-965, -1402]]
[[1, 0], [482, 701], [-967, -1402]]
[[1, 0], [483, 1402], [-485, -1402]]
[[1, 0], [483, 701], [-969, -1402]]
[[1, 0], [484, 2103], [-485, -2103]]
[[1, 0], [484, 701], [-971, -1402]]
[[1, 0], [485, 1402], [-487, -1402]]
[[1, 0], [485, 701], [-973, -1402]]
[[1, 0], [486, 701], [-975, -1402]]
[[1, 0], [487, 1402], [-489, -1402]]
[[1, 0], [487, 701], [-977, -1402]]
[[1, 0], [488, 701], [-979, -1402]]
[[1, 0], [489, 1402], [-491, -1402]]
[[1, 0], [489, 701], [-981, -1402]]
[[1, 0], [49, 1402], [-51, -1402]]
[[1, 0], [49, 2103], [-50, -2103]]
[[1, 0], [49, 701], [-101, -1402]]
[[1, 0], [49, 701], [-51, -701]]
[[1, 0], [490, 2103], [-491, -2103]]
[[1, 0], [490, 701], [-983, -1402]]
[[1, 0], [491, 1402], [-493, -1402]]
[[1, 0], [491, 701], [-985, -1402]]
[[1, 0], [492, 701], [-987, -1402]]
[[1, 0], [493, 1402], [-495, -1402]]
[[1, 0], [493, 701], [-989, -1402]]
[[1, 0], [494, 701], [-991, -1402]]
[[1, 0], [495, 1402], [-497, -1402]]
[[1, 0], [495, 701], [-993, -1402]]
[[1, 0], [496, 701], [-995, -1402]]
[[1, 0], [497, 1402], [-499, -1402]]
[[1, 0], [497, 701], [-997, -1402]]
[[1, 0], [498, 701], [-999, -1402]]
[[1, 0], [499, 1402], [-501, -1402]]
[[1, 0], [499, 701], [-1001, -1402]]
[[1, 0], [5, 701], [-13, -1402]]
[[1, 0], [5, 701], [-6, -701]]
[[1, 0], [50, 701], [-103, -1402]]
[[1, 0], [50, 701], [-52, -701]]
[[1, 0], [500, 701], [-1003, -1402]]
[[1, 0], [501, 1402], [-503, -1402]]
[[1, 0], [501, 701], [-1005, -1402]]
[[1, 0], [502, 701], [-1007, -1402]]
[[1, 0], [503, 1402], [-505, -1402]]
[[1, 0], [503, 701], [-1009, -1402]]
[[1, 0], [504, 701], [-1011, -1402]]
[[1, 0], [505, 1402], [-507, -1402]]
[[1, 0], [505, 701], [-1013, -1402]]
[[1, 0], [506, 701], [-1015, -1402]]
[[1, 0], [507, 1402], [-509, -1402]]
[[1, 0], [507, 701], [-1017, -1402]]
[[1, 0], [508, 701], [-1019, -1402]]
[[1, 0], [509, 1402], [-511, -1402]]
[[1, 0], [509, 701], [-1021, -1402]]
[[1, 0], [51, 1402], [-53, -1402]]
[[1, 0], [51, 701], [-105, -1402]]
[[1, 0], [51, 701], [-52, -701]]
[[1, 0], [51, 701], [-53, -701]]
[[1, 0], [510, 701], [-1023, -1402]]
[[1, 0], [511, 1402], [-513, -1402]]
[[1, 0], [511, 701], [-1025, -1402]]
[[1, 0], [512, 701], [-1027, -1402]]
[[1, 0], [513, 1402], [-515, -1402]]
[[1, 0], [513, 701], [-1029, -1402]]
[[1, 0], [514, 701], [-1031, -1402]]
[[1, 0], [515, 1402], [-517, -1402]]
[[1, 0], [515, 701], [-1033, -1402]]
[[1, 0], [516, 701], [-1035, -1402]]
[[1, 0], [517, 1402], [-519, -1402]]
[[1, 0], [517, 701], [-1037, -1402]]
[[1, 0], [518, 701], [-1039, -1402]]
[[1, 0], [519, 1402], [-521, -1402]]
[[1, 0], [519, 701], [-1041, -1402]]
[[1, 0], [52, 2103], [-53, -2103]]
[[1, 0], [52, 701], [-107, -1402]]
[[1, 0], [52, 701], [-53, -701]]
[[1, 0], [52, 701], [-54, -701]]
[[1, 0], [520, 701], [-1043, -1402]]
[[1, 0], [521, 1402], [-523, -1402]]
[[1, 0], [521, 701], [-1045, -1402]]
[[1, 0], [522, 701], [-1047, -1402]]
[[1, 0], [523, 1402], [-525, -1402]]
[[1, 0], [523, 701], [-1049, -1402]]
[[1, 0], [524, 701], [-1051, -1402]]
[[1, 0], [525, 1402], [-527, -1402]]
[[1, 0], [525, 701], [-1053, -1402]]
[[1, 0], [526, 701], [-1055, -1402]]
[[1, 0], [527, 1402], [-529, -1402]]
[[1, 0], [527, 701], [-1057, -1402]]
[[1, 0], [528, 701], [-1059, -1402]]
[[1, 0], [529, 1402], [-531, -1402]]
[[1, 0], [529, 701], [-1061, -1402]]
[[1, 0], [53, 1402], [-55, -1402]]
[[1, 0], [53, 701], [-109, -1402]]
[[1, 0], [53, 701], [-55, -701]]
[[1, 0], [530, 701], [-1063, -1402]]
[[1, 0], [531, 1402], [-533, -1402]]
[[1, 0], [531, 701], [-1065, -1402]]
[[1, 0], [532, 2103], [-533, -2103]]
[[1, 0], [532, 701], [-1067, -1402]]
[[1, 0], [533, 1402], [-535, -1402]]
[[1, 0], [533, 701], [-1069, -1402]]
[[1, 0], [534, 701], [-1071, -1402]]
[[1, 0], [535, 1402], [-537, -1402]]
[[1, 0], [535, 2103], [-536, -2103]]
[[1, 0], [535, 701], [-1073, -1402]]
[[1, 0], [536, 701], [-1075, -1402]]
[[1, 0], [537, 1402], [-539, -1402]]
[[1, 0], [537, 701], [-1077, -1402]]
[[1, 0], [538, 701], [-1079, -1402]]
[[1, 0], [539, 1402], [-541, -1402]]
[[1, 0], [539, 701], [-1081, -1402]]
[[1, 0], [54, 701], [-111, -1402]]
[[1, 0], [54, 701], [-56, -701]]
[[1, 0], [540, 701], [-1083, -1402]]
[[1, 0], [541, 1402], [-543, -1402]]
[[1, 0], [541, 701], [-1085, -1402]]
[[1, 0], [542, 701], [-1087, -1402]]
[[1, 0], [543, 1402], [-545, -1402]]
[[1, 0], [543, 701], [-1089, -1402]]
[[1, 0], [544, 701], [-1091, -1402]]
[[1, 0], [545, 1402], [-547, -1402]]
[[1, 0], [545, 701], [-1093, -1402]]
[[1, 0], [546, 701], [-1095, -1402]]
[[1, 0], [547, 1402], [-549, -1402]]
[[1, 0], [547, 701], [-1097, -1402]]
[[1, 0], [548, 701], [-1099, -1402]]
[[1, 0], [549, 1402], [-551, -1402]]
[[1, 0], [549, 701], [-1101, -1402]]
[[1, 0], [55, 1402], [-57, -1402]]
[[1, 0], [55, 2103], [-56, -2103]]
[[1, 0], [55, 701], [-113, -1402]]
[[1, 0], [55, 701], [-57, -701]]
[[1, 0], [550, 701], [-1103, -1402]]
[[1, 0], [551, 1402], [-553, -1402]]
[[1, 0], [551, 701], [-1105, -1402]]
[[1, 0], [552, 701], [-1107, -1402]]
[[1, 0], [553, 1402], [-555, -1402]]
[[1, 0], [553, 2103], [-554, -2103]]
[[1, 0], [553, 701], [-1109, -1402]]
[[1, 0], [554, 701], [-1111, -1402]]
[[1, 0], [555, 1402], [-557, -1402]]
[[1, 0], [555, 701], [-1113, -1402]]
[[1, 0], [556, 2103], [-557, -2103]]
[[1, 0], [556, 701], [-1115, -1402]]
[[1, 0], [557, 1402], [-559, -1402]]
[[1, 0], [557, 701], [-1117, -1402]]
[[1, 0], [558, 701], [-1119, -1402]]
[[1, 0], [559, 1402], [-561, -1402]]
[[1, 0], [559, 2103], [-560, -2103]]
[[1, 0], [559, 701], [-1121, -1402]]
[[1, 0], [56, 701], [-115, -1402]]
[[1, 0], [56, 701], [-57, -701]]
[[1, 0], [56, 701], [-58, -701]]
[[1, 0], [560, 701], [-1123, -1402]]
[[1, 0], [561, 1402], [-563, -1402]]
[[1, 0], [561, 701], [-1125, -1402]]
[[1, 0], [562, 701], [-1127, -1402]]
[[1, 0], [563, 1402], [-565, -1402]]
[[1, 0], [563, 701], [-1129, -1402]]
[[1, 0], [564, 701], [-1131, -1402]]
[[1, 0], [565, 1402], [-567, -1402]]
[[1, 0], [565, 701], [-1133, -1402]]
[[1, 0], [566, 701], [-1135, -1402]]
[[1, 0], [567, 1402], [-569, -1402]]
[[1, 0], [567, 701], [-1137, -1402]]
[[1, 0], [568, 701], [-1139, -1402]]
[[1, 0], [569, 1402], [-571, -1402]]
[[1, 0], [569, 701], [-1141, -1402]]
[[1, 0], [57, 1402], [-59, -1402]]
[[1, 0], [57, 701], [-117, -1402]]
[[1, 0], [57, 701], [-58, -701]]
[[1, 0], [57, 701], [-59, -701]]
[[1, 0], [570, 701], [-1143, -1402]]
[[1, 0], [571, 1402], [-573, -1402]]
[[1, 0], [571, 2103], [-572, -2103]]
[[1, 0], [571, 701], [-1145, -1402]]
[[1, 0], [572, 701], [-1147, -1402]]
[[1, 0], [573, 1402], [-575, -1402]]
[[1, 0], [573, 701], [-1149, -1402]]
[[1, 0], [574, 701], [-1151, -1402]]
[[1, 0], [575, 1402], [-577, -1402]]
[[1, 0], [575, 701], [-1153, -1402]]
[[1, 0], [576, 701], [-1155, -1402]]
[[1, 0], [577, 1402], [-579, -1402]]
[[1, 0], [577, 701], [-1157, -1402]]
[[1, 0], [578, 701], [-1159, -1402]]
[[1, 0], [579, 1402], [-581, -1402]]
[[1, 0], [579, 701], [-1161, -1402]]
[[1, 0], [58, 2103], [-59, -2103]]
[[1, 0], [58, 701], [-119, -1402]]
[[1, 0], [58, 701], [-59, -701]]
[[1, 0], [58, 701], [-60, -701]]
[[1, 0], [580, 701], [-1163, -1402]]
[[1, 0], [581, 1402], [-583, -1402]]
[[1, 0], [581, 701], [-1165, -1402]]
[[1, 0], [582, 701], [-1167, -1402]]
[[1, 0], [583, 1402], [-585, -1402]]
[[1, 0], [583, 701], [-1169, -1402]]
[[1, 0], [584, 701], [-1171, -1402]]
[[1, 0], [585, 1402], [-587, -1402]]
[[1, 0], [585, 701], [-1173, -1402]]
[[1, 0], [586, 701], [-1175, -1402]]
[[1, 0], [587, 1402], [-589, -1402]]
[[1, 0], [587, 701], [-1177, -1402]]
[[1, 0], [588, 701], [-1179, -1402]]
[[1, 0], [589, 1402], [-591, -1402]]
[[1, 0], [589, 701], [-1181, -1402]]
[[1, 0], [59, 1402], [-61, -1402]]
[[1, 0], [59, 701], [-121, -1402]]
[[1, 0], [59, 701], [-60, -701]]
[[1, 0], [59, 701], [-61, -701]]
[[1, 0], [590, 701], [-1183, -1402]]
[[1, 0], [591, 1402], [-593, -1402]]
[[1, 0], [591, 701], [-1185, -1402]]
[[1, 0], [592, 701], [-1187, -1402]]
[[1, 0], [593, 1402], [-595, -1402]]
[[1, 0], [593, 701], [-1189, -1402]]
[[1, 0], [594, 701], [-1191, -1402]]
[[1, 0], [595, 1402], [-597, -1402]]
[[1, 0], [595, 701], [-1193, -1402]]
[[1, 0], [596, 701], [-1195, -1402]]
[[1, 0], [597, 1402], [-599, -1402]]
[[1, 0], [597, 701], [-1197, -1402]]
[[1, 0], [598, 701], [-1199, -1402]]
[[1, 0], [599, 1402], [-601, -1402]]
[[1, 0], [599, 701], [-1201, -1402]]
[[1, 0], [6, 701], [-15, -1402]]
[[1, 0], [6, 701], [-7, -701]]
[[1, 0], [6, 701], [-8, -701]]
[[1, 0], [60, 701], [-123, -1402]]
[[1, 0], [60, 701], [-62, -701]]
[[1, 0], [600, 701], [-1203, -1402]]
[[1, 0], [601, 1402], [-603, -1402]]
[[1, 0], [601, 701], [-1205, -1402]]
[[1, 0], [602, 701], [-1207, -1402]]
[[1, 0], [603, 1402], [-605, -1402]]
[[1, 0], [603, 701], [-1209, -1402]]
[[1, 0], [604, 2103], [-605, -2103]]
[[1, 0], [604, 701], [-1211, -1402]]
[[1, 0], [605, 1402], [-607, -1402]]
[[1, 0], [605, 701], [-1213, -1402]]
[[1, 0], [606, 701], [-1215, -1402]]
[[1, 0], [607, 1402], [-609, -1402]]
[[1, 0], [607, 701], [-1217, -1402]]
[[1, 0], [608, 701], [-1219, -1402]]
[[1, 0], [609, 1402], [-611, -1402]]
[[1, 0], [609, 701], [-1221, -1402]]
[[1, 0], [61, 1402], [-63, -1402]]
[[1, 0], [61, 2103], [-62, -2103]]
[[1, 0], [61, 701], [-125, -1402]]
[[1, 0], [61, 701], [-63, -701]]
[[1, 0], [610, 701], [-1223, -1402]]
[[1, 0], [611, 1402], [-613, -1402]]
[[1, 0], [611, 701], [-1225, -1402]]
[[1, 0], [612, 701], [-1227, -1402]]
[[1, 0], [613, 1402], [-615, -1402]]
[[1, 0], [613, 701], [-1229, -1402]]
[[1, 0], [614, 701], [-1231, -1402]]
[[1, 0], [615, 1402], [-617, -1402]]
[[1, 0], [615, 701], [-1233, -1402]]
[[1, 0], [616, 701], [-1235, -1402]]
[[1, 0], [617, 1402], [-619, -1402]]
[[1, 0], [617, 701], [-1237, -1402]]
[[1, 0], [618, 701], [-1239, -1402]]
[[1, 0], [619, 1402], [-621, -1402]]
[[1, 0], [619, 701], [-1241, -1402]]
[[1, 0], [62, 701], [-127, -1402]]
[[1, 0], [62, 701], [-63, -701]]
[[1, 0], [62, 701], [-64, -701]]
[[1, 0], [620, 701], [-1243, -1402]]
[[1, 0], [621, 1402], [-623, -1402]]
[[1, 0], [621, 701], [-1245, -1402]]
[[1, 0], [622, 701], [-1247, -1402]]
[[1, 0], [623, 1402], [-625, -1402]]
[[1, 0], [623, 701], [-1249, -1402]]
[[1, 0], [624, 701], [-1251, -1402]]
[[1, 0], [625, 1402], [-627, -1402]]
[[1, 0], [625, 2103], [-626, -2103]]
[[1, 0], [625, 701], [-1253, -1402]]
[[1, 0], [626, 701], [-1255, -1402]]
[[1, 0], [627, 1402], [-629, -1402]]
[[1, 0], [627, 701], [-1257, -1402]]
[[1, 0], [628, 2103], [-629, -2103]]
[[1, 0], [628, 701], [-1259, -1402]]
[[1, 0], [629, 1402], [-631, -1402]]
[[1, 0], [629, 701], [-1261, -1402]]
[[1, 0], [63, 1402], [-65, -1402]]
[[1, 0], [63, 701], [-129, -1402]]
[[1, 0], [63, 701], [-64, -701]]
[[1, 0], [63, 701], [-65, -701]]
[[1, 0], [630, 701], [-1263, -1402]]
[[1, 0], [631, 1402], [-633, -1402]]
[[1, 0], [631, 701], [-1265, -1402]]
[[1, 0], [632, 701], [-1267, -1402]]
[[1, 0], [633, 1402], [-635, -1402]]
[[1, 0], [633, 701], [-1269, -1402]]
[[1, 0], [634, 701], [-1271, -1402]]
[[1, 0], [635, 1402], [-637, -1402]]
[[1, 0], [635, 701], [-1273, -1402]]
[[1, 0], [636, 701], [-1275, -1402]]
[[1, 0], [637, 1402], [-639, -1402]]
[[1, 0], [637, 701], [-1277, -1402]]
[[1, 0], [638, 701], [-1279, -1402]]
[[1, 0], [639, 1402], [-641, -1402]]
[[1, 0], [639, 701], [-1281, -1402]]
[[1, 0], [64, 2103], [-65, -2103]]
[[1, 0], [64, 701], [-131, -1402]]
[[1, 0], [64, 701], [-65, -701]]
[[1, 0], [64, 701], [-66, -701]]
[[1, 0], [640, 701], [-1283, -1402]]
[[1, 0], [641, 1402], [-643, -1402]]
[[1, 0], [641, 701], [-1285, -1402]]
[[1, 0], [642, 701], [-1287, -1402]]
[[1, 0], [643, 1402], [-645, -1402]]
[[1, 0], [643, 701], [-1289, -1402]]
[[1, 0], [644, 701], [-1291, -1402]]
[[1, 0], [645, 1402], [-647, -1402]]
[[1, 0], [645, 701], [-1293, -1402]]
[[1, 0], [646, 701], [-1295, -1402]]
[[1, 0], [647, 1402], [-649, -1402]]
[[1, 0], [647, 701], [-1297, -1402]]
[[1, 0], [648, 701], [-1299, -1402]]
[[1, 0], [649, 1402], [-651, -1402]]
[[1, 0], [649, 701], [-1301, -1402]]
[[1, 0], [65, 1402], [-67, -1402]]
[[1, 0], [65, 701], [-133, -1402]]
[[1, 0], [65, 701], [-66, -701]]
[[1, 0], [65, 701], [-67, -701]]
[[1, 0], [650, 701], [-1303, -1402]]
[[1, 0], [651, 1402], [-653, -1402]]
[[1, 0], [651, 701], [-1305, -1402]]
[[1, 0], [652, 701], [-1307, -1402]]
[[1, 0], [653, 1402], [-655, -1402]]
[[1, 0], [653, 701], [-1309, -1402]]
[[1, 0], [654, 701], [-1311, -1402]]
[[1, 0], [655, 1402], [-657, -1402]]
[[1, 0], [655, 2103], [-656, -2103]]
[[1, 0], [655, 701], [-1313, -1402]]
[[1, 0], [656, 701], [-1315, -1402]]
[[1, 0], [657, 1402], [-659, -1402]]
[[1, 0], [657, 701], [-1317, -1402]]
[[1, 0], [658, 701], [-1319, -1402]]
[[1, 0], [659, 1402], [-661, -1402]]
[[1, 0], [659, 701], [-1321, -1402]]
[[1, 0], [66, 701], [-135, -1402]]
[[1, 0], [66, 701], [-67, -701]]
[[1, 0], [66, 701], [-68, -701]]
[[1, 0], [660, 701], [-1323, -1402]]
[[1, 0], [661, 1402], [-663, -1402]]
[[1, 0], [661, 2103], [-662, -2103]]
[[1, 0], [661, 701], [-1325, -1402]]
[[1, 0], [662, 701], [-1327, -1402]]
[[1, 0], [663, 1402], [-665, -1402]]
[[1, 0], [663, 701], [-1329, -1402]]
[[1, 0], [664, 701], [-1331, -1402]]
[[1, 0], [665, 1402], [-667, -1402]]
[[1, 0], [665, 701], [-1333, -1402]]
[[1, 0], [666, 701], [-1335, -1402]]
[[1, 0], [667, 1402], [-669, -1402]]
[[1, 0], [667, 701], [-1337, -1402]]
[[1, 0], [668, 701], [-1339, -1402]]
[[1, 0], [669, 1402], [-671, -1402]]
[[1, 0], [669, 701], [-1341, -1402]]
[[1, 0], [67, 1402], [-69, -1402]]
[[1, 0], [67, 2103], [-68, -2103]]
[[1, 0], [67, 701], [-137, -1402]]
[[1, 0], [67, 701], [-68, -701]]
[[1, 0], [67, 701], [-69, -701]]
[[1, 0], [670, 701], [-1343, -1402]]
[[1, 0], [671, 1402], [-673, -1402]]
[[1, 0], [671, 701], [-1345, -1402]]
[[1, 0], [672, 701], [-1347, -1402]]
[[1, 0], [673, 1402], [-675, -1402]]
[[1, 0], [673, 701], [-1349, -1402]]
[[1, 0], [674, 701], [-1351, -1402]]
[[1, 0], [675, 1402], [-677, -1402]]
[[1, 0], [675, 701], [-1353, -1402]]
[[1, 0], [676, 701], [-1355, -1402]]
[[1, 0], [677, 1402], [-679, -1402]]
[[1, 0], [677, 701], [-1357, -1402]]
[[1, 0], [678, 701], [-1359, -1402]]
[[1, 0], [679, 1402], [-681, -1402]]
[[1, 0], [679, 701], [-1361, -1402]]
[[1, 0], [68, 701], [-139, -1402]]
[[1, 0], [68, 701], [-69, -701]]
[[1, 0], [68, 701], [-70, -701]]
[[1, 0], [680, 701], [-1363, -1402]]
[[1, 0], [681, 1402], [-683, -1402]]
[[1, 0], [681, 701], [-1365, -1402]]
[[1, 0], [682, 701], [-1367, -1402]]
[[1, 0], [683, 1402], [-685, -1402]]
[[1, 0], [683, 701], [-1369, -1402]]
[[1, 0], [684, 701], [-1371, -1402]]
[[1, 0], [685, 1402], [-687, -1402]]
[[1, 0], [685, 701], [-1373, -1402]]
[[1, 0], [686, 701], [-1375, -1402]]
[[1, 0], [687, 1402], [-689, -1402]]
[[1, 0], [687, 701], [-1377, -1402]]
[[1, 0], [688, 701], [-1379, -1402]]
[[1, 0], [689, 1402], [-691, -1402]]
[[1, 0], [689, 701], [-1381, -1402]]
[[1, 0], [69, 1402], [-71, -1402]]
[[1, 0], [69, 701], [-141, -1402]]
[[1, 0], [69, 701], [-71, -701]]
[[1, 0], [690, 701], [-1383, -1402]]
[[1, 0], [691, 1402], [-693, -1402]]
[[1, 0], [691, 701], [-1385, -1402]]
[[1, 0], [692, 701], [-1387, -1402]]
[[1, 0], [693, 1402], [-695, -1402]]
[[1, 0], [693, 701], [-1389, -1402]]
[[1, 0], [694, 701], [-1391, -1402]]
[[1, 0], [694, 701], [-696, -701]]
[[1, 0], [695, 1402], [-697, -1402]]
[[1, 0], [695, 701], [-1393, -1402]]
[[1, 0], [696, 701], [-1395, -1402]]
[[1, 0], [697, 1402], [-699, -1402]]
[[1, 0], [697, 701], [-1397, -1402]]
[[1, 0], [698, 701], [-1399, -1402]]
[[1, 0], [699, 701], [-1401, -1402]]
[[1, 0], [7, 1402], [-9, -1402]]
[[1, 0], [7, 2103], [-8, -2103]]
[[1, 0], [7, 701], [-17, -1402]]
[[1, 0], [7, 701], [-8, -701]]
[[1, 0], [7, 701], [-9, -701]]
[[1, 0], [70, 2103], [-71, -2103]]
[[1, 0], [70, 701], [-143, -1402]]
[[1, 0], [70, 701], [-72, -701]]
[[1, 0], [700, 701], [-1403, -1402]]
[[1, 0], [700, 701], [-702, -701]]
[[1, 0], [709, 2103], [-710, -2103]]
[[1, 0], [71, 1402], [-73, -1402]]
[[1, 0], [71, 701], [-145, -1402]]
[[1, 0], [71, 701], [-72, -701]]
[[1, 0], [71, 701], [-73, -701]]
[[1, 0], [72, 701], [-147, -1402]]
[[1, 0], [72, 701], [-74, -701]]
[[1, 0], [73, 1402], [-75, -1402]]
[[1, 0], [73, 2103], [-74, -2103]]
[[1, 0], [73, 701], [-149, -1402]]
[[1, 0], [73, 701], [-75, -701]]
[[1, 0], [74, 701], [-151, -1402]]
[[1, 0], [74, 701], [-75, -701]]
[[1, 0], [74, 701], [-76, -701]]
[[1, 0], [75, 1402], [-77, -1402]]
[[1, 0], [75, 701], [-153, -1402]]
[[1, 0], [75, 701], [-76, -701]]
[[1, 0], [75, 701], [-77, -701]]
[[1, 0], [757, 2103], [-758, -2103]]
[[1, 0], [76, 2103], [-77, -2103]]
[[1, 0], [76, 701], [-155, -1402]]
[[1, 0], [76, 701], [-77, -701]]
[[1, 0], [76, 701], [-78, -701]]
[[1, 0], [77, 1402], [-79, -1402]]
[[1, 0], [77, 701], [-157, -1402]]
[[1, 0], [77, 701], [-79, -701]]
[[1, 0], [78, 701], [-159, -1402]]
[[1, 0], [78, 701], [-80, -701]]
[[1, 0], [79, 1402], [-81, -1402]]
[[1, 0], [79, 2103], [-80, -2103]]
[[1, 0], [79, 701], [-161, -1402]]
[[1, 0], [79, 701], [-81, -701]]
[[1, 0], [8, 701], [-10, -701]]
[[1, 0], [8, 701], [-19, -1402]]
[[1, 0], [8, 701], [-9, -701]]
[[1, 0], [80, 701], [-163, -1402]]
[[1, 0], [80, 701], [-81, -701]]
[[1, 0], [80, 701], [-82, -701]]
[[1, 0], [81, 1402], [-83, -1402]]
[[1, 0], [81, 701], [-165, -1402]]
[[1, 0], [81, 701], [-82, -701]]
[[1, 0], [81, 701], [-83, -701]]
[[1, 0], [82, 701], [-167, -1402]]
[[1, 0], [82, 701], [-84, -701]]
[[1, 0], [83, 1402], [-85, -1402]]
[[1, 0], [83, 701], [-169, -1402]]
[[1, 0], [83, 701], [-85, -701]]
[[1, 0], [84, 701], [-171, -1402]]
[[1, 0], [84, 701], [-86, -701]]
[[1, 0], [841, 2103], [-842, -2103]]
[[1, 0], [85, 1402], [-87, -1402]]
[[1, 0], [85, 2103], [-86, -2103]]
[[1, 0], [85, 701], [-173, -1402]]
[[1, 0], [85, 701], [-87, -701]]
[[1, 0], [86, 701], [-175, -1402]]
[[1, 0], [86, 701], [-87, -701]]
[[1, 0], [86, 701], [-88, -701]]
[[1, 0], [87, 1402], [-89, -1402]]
[[1, 0], [87, 701], [-177, -1402]]
[[1, 0], [87, 701], [-88, -701]]
[[1, 0], [87, 701], [-89, -701]]
[[1, 0], [88, 2103], [-89, -2103]]
[[1, 0], [88, 701], [-179, -1402]]
[[1, 0], [88, 701], [-90, -701]]
[[1, 0], [89, 1402], [-91, -1402]]
[[1, 0], [89, 701], [-181, -1402]]
[[1, 0], [89, 701], [-91, -701]]
[[1, 0], [9, 1402], [-11, -1402]]
[[1, 0], [9, 701], [-10, -701]]
[[1, 0], [9, 701], [-11, -701]]
[[1, 0], [9, 701], [-21, -1402]]
[[1, 0], [90, 701], [-183, -1402]]
[[1, 0], [90, 701], [-91, -701]]
[[1, 0], [90, 701], [-92, -701]]
[[1, 0], [91, 1402], [-93, -1402]]
[[1, 0], [91, 2103], [-92, -2103]]
[[1, 0], [91, 701], [-185, -1402]]
[[1, 0], [91, 701], [-92, -701]]
[[1, 0], [91, 701], [-93, -701]]
[[1, 0], [92, 701], [-187, -1402]]
[[1, 0], [92, 701], [-93, -701]]
[[1, 0], [92, 701], [-94, -701]]
[[1, 0], [93, 1402], [-95, -1402]]
[[1, 0], [93, 701], [-189, -1402]]
[[1, 0], [93, 701], [-94, -701]]
[[1, 0], [93, 701], [-95, -701]]
[[1, 0], [94, 2103], [-95, -2103]]
[[1, 0], [94, 701], [-191, -1402]]
[[1, 0], [94, 701], [-95, -701]]
[[1, 0], [94, 701], [-96, -701]]
[[1, 0], [95, 1402], [-97, -1402]]
[[1, 0], [95, 701], [-193, -1402]]
[[1, 0], [95, 701], [-96, -701]]
[[1, 0], [95, 701], [-97, -701]]
[[1, 0], [96, 701], [-195, -1402]]
[[1, 0], [96, 701], [-97, -701]]
[[1, 0], [96, 701], [-98, -701]]
[[1, 0], [97, 1402], [-99, -1402]]
[[1, 0], [97, 2103], [-98, -2103]]
[[1, 0], [97, 701], [-197, -1402]]
[[1, 0], [97, 701], [-99, -701]]
[[1, 0], [973, 2103], [-974, -2103]]
[[1, 0], [98, 701], [-100, -701]]
[[1, 0], [98, 701], [-199, -1402]]
[[1, 0], [99, 1402], [-101, -1402]]
[[1, 0], [99, 701], [-101, -701]]
[[1, 0], [99, 701], [-201, -1402]]
