[[1, 0], [0, 1], [-1088, -121]]
[[1, 0], [0, 1], [-1088, -1]]
[[1, 0], [0, 1], [-1088, -9]]
[[1, 0], [0, 1], [-1089, -1088]]
[[1, 0], [0, 1], [-1105, -64]]
[[1, 0], [0, 1], [-128, -51]]
[[1, 0], [0, 1], [-1280, -119]]
[[1, 0], [0, 1], [-1664, -51]]
[[1, 0], [0, 1], [-17984, -561]]
[[1, 0], [0, 1], [-192, -17]]
[[1, 0], [0, 1], [-221, -64]]
[[1, 0], [0, 1], [-2397, -704]]
[[1, 0], [0, 1], [-297024, -545]]
[[1, 0], [0, 1], [-3264, -5]]
[[1, 0], [0, 1], [-3264, -653]]
[[1, 0], [0, 1], [-3281, -192]]
[[1, 0], [0, 1], [-4032, -629]]
[[1, 0], [0, 1], [-576, -17]]
[[1, 0], [0, 1], [-59840, -109]]
[[1, 0], [0, 1], [-59840, -549]]
[[1, 0], [0, 1], [-6016, -187]]
[[1, 0], [0, 1], [-64, -17]]
[[1, 0], [0, 1], [-731, -128]]
[[1, 0], [0, 1], [-85, -64]]
[[1, 0], [0, 1], [-9809, -576]]
[[1, 0], [1, 102], [-13, -238]]
[[1, 0], [1, 104], [-25, -832]]
[[1, 0], [1, 1088], [-3, -1088]]
[[1, 0], [1, 109], [-1089, -109]]
[[1, 0], [1, 109], [-3269, -545]]
[[1, 0], [1, 10], [-1099, -110]]
[[1, 0], [1, 10], [-121, -122]]
[[1, 0], [1, 10], [-49, -170]]
[[1, 0], [1, 10], [-549, -50]]
[[1, 0], [1, 10], [-91, -128]]
[[1, 0], [1, 110], [-549, -550]]
[[1, 0], [1, 112], [-209, -560]]
[[1, 0], [1, 112], [-69, -112]]
[[1, 0], [1, 119], [-69, -595]]
[[1, 0], [1, 11], [-1715, -561]]
[[1, 0], [1, 11], [-185, -51]]
[[1, 0], [1, 11], [-285, -704]]
[[1, 0], [1, 11], [-29, -64]]
[[1, 0], [1, 11], [-593, -187]]
[[1, 0], [1, 11], [-83, -17]]
[[1, 0], [1, 120], [-5, -192]]
[[1, 0], [1, 128], [-23, -768]]
[[1, 0], [1, 128], [-39, -640]]
[[1, 0], [1, 12], [-109, -220]]
[[1, 0], [1, 12], [-113, -64]]
[[1, 0], [1, 12], [-161, -204]]
[[1, 0], [1, 12], [-305, -192]]
[[1, 0], [1, 12], [-467, -612]]
[[1, 0], [1, 12], [-469, -188]]
[[1, 0], [1, 12], [-59, -68]]
[[1, 0], [1, 12], [-881, -576]]
[[1, 0], [1, 136], [-29, -680]]
[[1, 0], [1, 136], [-9, -136]]
[[1, 0], [1, 144], [-41, -192]]
[[1, 0], [1, 144], [-89, -576]]
[[1, 0], [1, 14], [-1091, -42]]
[[1, 0], [1, 14], [-10919, -546]]
[[1, 0], [1, 14], [-1793, -78]]
[[1, 0], [1, 14], [-3821, -182]]
[[1, 0], [1, 14], [-545, -14]]
[[1, 0], [1, 14], [-779, -26]]
[[1, 0], [1, 15], [-149, -960]]
[[1, 0], [1, 15], [-179, -765]]
[[1, 0], [1, 16], [-1259, -560]]
[[1, 0], [1, 16], [-137, -1088]]
[[1, 0], [1, 16], [-155, -816]]
[[1, 0], [1, 16], [-167, -768]]
[[1, 0], [1, 16], [-197, -704]]
[[1, 0], [1, 16], [-209, -80]]
[[1, 0], [1, 16], [-21, -64]]
[[1, 0], [1, 16], [-233, -192]]
[[1, 0], [1, 16], [-245, -656]]
[[1, 0], [1, 16], [-279, -112]]
[[1, 0], [1, 16], [-29, -192]]
[[1, 0], [1, 16], [-311, -624]]
[[1, 0], [1, 16], [-53, -272]]
[[1, 0], [1, 16], [-59, -128]]
[[1, 0], [1, 16], [-665, -576]]
[[1, 0], [1, 16], [-69, -16]]
[[1, 0], [1, 16], [-89, -64]]
[[1, 0], [1, 176], [-21, -704]]
[[1, 0], [1, 17], [-1121, -561]]
[[1, 0], [1, 17], [-129, -1088]]
[[1, 0], [1, 17], [-131, -51]]
[[1, 0], [1, 17], [-171, -731]]
[[1, 0], [1, 17], [-395, -187]]
[[1, 0], [1, 17], [-419, -595]]
[[1, 0], [1, 17], [-65, -17]]
[[1, 0], [1, 17], [-69, -85]]
[[1, 0], [1, 17], [-77, -221]]
[[1, 0], [1, 182], [-1091, -546]]
[[1, 0], [1, 182], [-545, -182]]
[[1, 0], [1, 184], [-137, -184]]
[[1, 0], [1, 184], [-275, -552]]
[[1, 0], [1, 187], [-131, -561]]
[[1, 0], [1, 187], [-65, -187]]
[[1, 0], [1, 18], [-209, -192]]
[[1, 0], [1, 18], [-593, -576]]
[[1, 0], [1, 18], [-81, -64]]
[[1, 0], [1, 192], [-35, -192]]
[[1, 0], [1, 192], [-7, -256]]
[[1, 0], [1, 192], [-71, -576]]
[[1, 0], [1, 204], [-35, -612]]
[[1, 0], [1, 20], [-219, -640]]
[[1, 0], [1, 20], [-23, -204]]
[[1, 0], [1, 22], [-299, -50]]
[[1, 0], [1, 22], [-549, -110]]
[[1, 0], [1, 23], [-5, -51]]
[[1, 0], [1, 24], [-11, -128]]
[[1, 0], [1, 24], [-137, -24]]
[[1, 0], [1, 24], [-161, -192]]
[[1, 0], [1, 24], [-1655, -552]]
[[1, 0], [1, 24], [-39, -256]]
[[1, 0], [1, 24], [-449, -576]]
[[1, 0], [1, 24], [-597, -184]]
[[1, 0], [1, 24], [-65, -64]]
[[1, 0], [1, 24], [-99, -200]]
[[1, 0], [1, 26], [-1091, -78]]
[[1, 0], [1, 26], [-2183, -182]]
[[1, 0], [1, 26], [-545, -26]]
[[1, 0], [1, 26], [-6005, -546]]
[[1, 0], [1, 26], [-713, -42]]
[[1, 0], [1, 26], [-9, -64]]
[[1, 0], [1, 272], [-11, -816]]
[[1, 0], [1, 272], [-5, -272]]
[[1, 0], [1, 272], [-9, -1088]]
[[1, 0], [1, 288], [-53, -576]]
[[1, 0], [1, 28], [-293, -588]]
[[1, 0], [1, 28], [-83, -896]]
[[1, 0], [1, 2], [-1089, -1088]]
[[1, 0], [1, 2], [-1091, -6]]
[[1, 0], [1, 2], [-10919, -78]]
[[1, 0], [1, 2], [-1099, -22]]
[[1, 0], [1, 2], [-1101, -986]]
[[1, 0], [1, 2], [-1109, -960]]
[[1, 0], [1, 2], [-11159, -558]]
[[1, 0], [1, 2], [-113, -34]]
[[1, 0], [1, 2], [-1187, -198]]
[[1, 0], [1, 2], [-1287, -782]]
[[1, 0], [1, 2], [-1319, -768]]
[[1, 0], [1, 2], [-1451, -726]]
[[1, 0], [1, 2], [-1745, -192]]
[[1, 0], [1, 2], [-2051, -646]]
[[1, 0], [1, 2], [-2139, -640]]
[[1, 0], [1, 2], [-2183, -14]]
[[1, 0], [1, 2], [-2487, -622]]
[[1, 0], [1, 2], [-25115, -182]]
[[1, 0], [1, 2], [-25299, -550]]
[[1, 0], [1, 2], [-377, -306]]
[[1, 0], [1, 2], [-3821, -26]]
[[1, 0], [1, 2], [-4101, -586]]
[[1, 0], [1, 2], [-49, -34]]
[[1, 0], [1, 2], [-4929, -578]]
[[1, 0], [1, 2], [-503, -238]]
[[1, 0], [1, 2], [-5201, -576]]
[[1, 0], [1, 2], [-545, -2]]
[[1, 0], [1, 2], [-549, -10]]
[[1, 0], [1, 2], [-593, -64]]
[[1, 0], [1, 2], [-6005, -42]]
[[1, 0], [1, 2], [-6269, -570]]
[[1, 0], [1, 2], [-653, -218]]
[[1, 0], [1, 2], [-74801, -546]]
[[1, 0], [1, 320], [-19, -640]]
[[1, 0], [1, 32], [-125, -192]]
[[1, 0], [1, 32], [-139, -640]]
[[1, 0], [1, 32], [-189, -608]]
[[1, 0], [1, 32], [-341, -576]]
[[1, 0], [1, 32], [-41, -224]]
[[1, 0], [1, 32], [-53, -64]]
[[1, 0], [1, 32], [-69, -1088]]
[[1, 0], [1, 32], [-77, -832]]
[[1, 0], [1, 32], [-91, -736]]
[[1, 0], [1, 33], [-219, -187]]
[[1, 0], [1, 33], [-593, -561]]
[[1, 0], [1, 33], [-83, -51]]
[[1, 0], [1, 34], [-305, -578]]
[[1, 0], [1, 34], [-65, -1088]]
[[1, 0], [1, 35], [-209, -595]]
[[1, 0], [1, 35], [-39, -85]]
[[1, 0], [1, 36], [-113, -192]]
[[1, 0], [1, 36], [-161, -612]]
[[1, 0], [1, 36], [-25, -68]]
[[1, 0], [1, 36], [-305, -576]]
[[1, 0], [1, 36], [-49, -64]]
[[1, 0], [1, 36], [-59, -204]]
[[1, 0], [1, 38], [-113, -646]]
[[1, 0], [1, 3], [-1169, -192]]
[[1, 0], [1, 3], [-149, -192]]
[[1, 0], [1, 3], [-179, -153]]
[[1, 0], [1, 3], [-2089, -187]]
[[1, 0], [1, 3], [-219, -17]]
[[1, 0], [1, 3], [-295, -256]]
[[1, 0], [1, 3], [-3473, -576]]
[[1, 0], [1, 3], [-401, -64]]
[[1, 0], [1, 3], [-415, -221]]
[[1, 0], [1, 3], [-593, -51]]
[[1, 0], [1, 3], [-6203, -561]]
[[1, 0], [1, 40], [-21, -136]]
[[1, 0], [1, 40], [-27, -128]]
[[1, 0], [1, 40], [-5, -64]]
[[1, 0], [1, 40], [-89, -680]]
[[1, 0], [1, 41], [-81, -697]]
[[1, 0], [1, 42], [-1455, -182]]
[[1, 0], [1, 42], [-27, -238]]
[[1, 0], [1, 42], [-3821, -546]]
[[1, 0], [1, 42], [-545, -42]]
[[1, 0], [1, 42], [-779, -78]]
[[1, 0], [1, 44], [-285, -572]]
[[1, 0], [1, 44], [-65, -748]]
[[1, 0], [1, 45], [-9, -85]]
[[1, 0], [1, 48], [-19, -272]]
[[1, 0], [1, 48], [-233, -576]]
[[1, 0], [1, 48], [-41, -64]]
[[1, 0], [1, 48], [-53, -816]]
[[1, 0], [1, 48], [-89, -192]]
[[1, 0], [1, 4], [-1385, -612]]
[[1, 0], [1, 4], [-161, -68]]
[[1, 0], [1, 4], [-18905, -548]]
[[1, 0], [1, 4], [-219, -128]]
[[1, 0], [1, 4], [-2609, -576]]
[[1, 0], [1, 4], [-273, -4]]
[[1, 0], [1, 4], [-285, -52]]
[[1, 0], [1, 4], [-293, -84]]
[[1, 0], [1, 4], [-305, -64]]
[[1, 0], [1, 4], [-467, -204]]
[[1, 0], [1, 4], [-545, -1088]]
[[1, 0], [1, 4], [-65, -68]]
[[1, 0], [1, 4], [-83, -128]]
[[1, 0], [1, 4], [-881, -192]]
[[1, 0], [1, 50], [-1099, -550]]
[[1, 0], [1, 50], [-49, -850]]
[[1, 0], [1, 51], [-395, -561]]
[[1, 0], [1, 51], [-65, -51]]
[[1, 0], [1, 51], [-77, -663]]
[[1, 0], [1, 52], [-5, -68]]
[[1, 0], [1, 544], [-5, -1088]]
[[1, 0], [1, 545], [-1089, -545]]
[[1, 0], [1, 546], [-545, -546]]
[[1, 0], [1, 548], [-273, -548]]
[[1, 0], [1, 552], [-137, -552]]
[[1, 0], [1, 560], [-69, -560]]
[[1, 0], [1, 561], [-65, -561]]
[[1, 0], [1, 56], [-21, -88]]
[[1, 0], [1, 56], [-41, -952]]
[[1, 0], [1, 56], [-7, -136]]
[[1, 0], [1, 576], [-35, -576]]
[[1, 0], [1, 578], [-33, -578]]
[[1, 0], [1, 5], [-1089, -5]]
[[1, 0], [1, 5], [-1209, -605]]
[[1, 0], [1, 5], [-12425, -109]]
[[1, 0], [1, 5], [-1399, -595]]
[[1, 0], [1, 5], [-149, -320]]
[[1, 0], [1, 5], [-179, -255]]
[[1, 0], [1, 5], [-209, -85]]
[[1, 0], [1, 5], [-59949, -545]]
[[1, 0], [1, 5], [-859, -640]]
[[1, 0], [1, 61], [-1097, -549]]
[[1, 0], [1, 64], [-179, -576]]
[[1, 0], [1, 64], [-19, -128]]
[[1, 0], [1, 64], [-35, -1088]]
[[1, 0], [1, 64], [-35, -64]]
[[1, 0], [1, 64], [-71, -192]]
[[1, 0], [1, 680], [-9, -680]]
[[1, 0], [1, 68], [-33, -1088]]
[[1, 0], [1, 68], [-35, -204]]
[[1, 0], [1, 68], [-43, -748]]
[[1, 0], [1, 68], [-89, -612]]
[[1, 0], [1, 6], [-1187, -594]]
[[1, 0], [1, 6], [-1455, -26]]
[[1, 0], [1, 6], [-1745, -576]]
[[1, 0], [1, 6], [-209, -64]]
[[1, 0], [1, 6], [-2183, -42]]
[[1, 0], [1, 6], [-25115, -546]]
[[1, 0], [1, 6], [-27, -34]]
[[1, 0], [1, 6], [-377, -918]]
[[1, 0], [1, 6], [-3821, -78]]
[[1, 0], [1, 6], [-503, -714]]
[[1, 0], [1, 6], [-545, -6]]
[[1, 0], [1, 6], [-593, -192]]
[[1, 0], [1, 6], [-653, -654]]
[[1, 0], [1, 6], [-8553, -182]]
[[1, 0], [1, 6], [-909, -14]]
[[1, 0], [1, 72], [-11, -384]]
[[1, 0], [1, 72], [-161, -576]]
[[1, 0], [1, 72], [-65, -192]]
[[1, 0], [1, 78], [-2183, -546]]
[[1, 0], [1, 78], [-545, -78]]
[[1, 0], [1, 78], [-909, -182]]
[[1, 0], [1, 7], [-209, -119]]
[[1, 0], [1, 7], [-39, -17]]
[[1, 0], [1, 80], [-279, -560]]
[[1, 0], [1, 80], [-29, -960]]
[[1, 0], [1, 80], [-59, -640]]
[[1, 0], [1, 80], [-69, -80]]
[[1, 0], [1, 80], [-83, -112]]
[[1, 0], [1, 816], [-5, -816]]
[[1, 0], [1, 85], [-27, -119]]
[[1, 0], [1, 88], [-3, -128]]
[[1, 0], [1, 8], [-1313, -576]]
[[1, 0], [1, 8], [-137, -8]]
[[1, 0], [1, 8], [-161, -64]]
[[1, 0], [1, 8], [-1655, -184]]
[[1, 0], [1, 8], [-1703, -568]]
[[1, 0], [1, 8], [-25, -64]]
[[1, 0], [1, 8], [-273, -1088]]
[[1, 0], [1, 8], [-275, -24]]
[[1, 0], [1, 8], [-279, -952]]
[[1, 0], [1, 8], [-363, -728]]
[[1, 0], [1, 8], [-41, -136]]
[[1, 0], [1, 8], [-429, -680]]
[[1, 0], [1, 8], [-449, -192]]
[[1, 0], [1, 8], [-4829, -552]]
[[1, 0], [1, 8], [-539, -640]]
[[1, 0], [1, 8], [-89, -136]]
[[1, 0], [1, 96], [-125, -576]]
[[1, 0], [1, 96], [-41, -672]]
[[1, 0], [1, 96], [-53, -192]]
[[1, 0], [1, 96], [-9, -320]]
[[1, 0], [1, 9], [-1169, -576]]
[[1, 0], [1, 9], [-145, -64]]
[[1, 0], [1, 9], [-401, -192]]
[[1, 0], [1, 9], [-853, -61]]
[[1, 0], [1, 9], [-9, -17]]
[[1, 0], [10, 17], [-114, -85]]
[[1, 0], [10, 17], [-1418, -561]]
[[1, 0], [10, 17], [-158, -51]]
[[1, 0], [10, 17], [-194, -221]]
[[1, 0], [10, 17], [-38, -39]]
[[1, 0], [10, 17], [-494, -187]]
[[1, 0], [10, 17], [-558, -731]]
[[1, 0], [10, 17], [-705, -1088]]
[[1, 0], [10, 17], [-734, -595]]
[[1, 0], [10, 17], [-74, -17]]
[[1, 0], [10, 51], [-186, -187]]
[[1, 0], [10, 51], [-194, -663]]
[[1, 0], [10, 51], [-494, -561]]
[[1, 0], [10, 51], [-74, -51]]
[[1, 0], [100, 187], [-428, -561]]
[[1, 0], [100, 561], [-164, -561]]
[[1, 0], [1009, 1088], [-1011, -1088]]
[[1, 0], [101, 128], [-139, -160]]
[[1, 0], [101, 128], [-181, -224]]
[[1, 0], [101, 128], [-539, -640]]
[[1, 0], [101, 128], [-623, -768]]
[[1, 0], [101, 136], [-109, -136]]
[[1, 0], [101, 136], [-529, -680]]
[[1, 0], [101, 136], [-817, -1088]]
[[1, 0], [101, 272], [-105, -272]]
[[1, 0], [101, 272], [-311, -816]]
[[1, 0], [101, 272], [-409, -1088]]
[[1, 0], [101, 320], [-219, -640]]
[[1, 0], [101, 544], [-205, -1088]]
[[1, 0], [101, 680], [-109, -680]]
[[1, 0], [1017, 1088], [-1019, -1088]]
[[1, 0], [1025, 1088], [-1027, -1088]]
[[1, 0], [103, 1088], [-105, -1088]]
[[1, 0], [103, 136], [-539, -680]]
[[1, 0], [103, 192], [-143, -256]]
[[1, 0], [103, 192], [-197, -288]]
[[1, 0], [103, 192], [-377, -576]]
[[1, 0], [103, 204], [-341, -612]]
[[1, 0], [103, 272], [-317, -816]]
[[1, 0], [103, 272], [-417, -1088]]
[[1, 0], [103, 544], [-209, -1088]]
[[1, 0], [103, 578], [-135, -578]]
[[1, 0], [1033, 1088], [-1035, -1088]]
[[1, 0], [1041, 1088], [-1043, -1088]]
[[1, 0], [1047, 1088], [-1049, -1088]]
[[1, 0], [1049, 1088], [-1051, -1088]]
[[1, 0], [105, 1088], [-107, -1088]]
[[1, 0], [105, 128], [-559, -640]]
[[1, 0], [105, 128], [-647, -768]]
[[1, 0], [105, 136], [-113, -136]]
[[1, 0], [105, 136], [-549, -680]]
[[1, 0], [105, 136], [-849, -1088]]
[[1, 0], [105, 272], [-109, -272]]
[[1, 0], [105, 544], [-213, -1088]]
[[1, 0], [1057, 1088], [-1059, -1088]]
[[1, 0], [106, 119], [-594, -595]]
[[1, 0], [1065, 1088], [-1067, -1088]]
[[1, 0], [107, 136], [-559, -680]]
[[1, 0], [107, 136], [-865, -1088]]
[[1, 0], [107, 272], [-329, -816]]
[[1, 0], [107, 272], [-433, -1088]]
[[1, 0], [107, 544], [-217, -1088]]
[[1, 0], [1073, 1088], [-1075, -1088]]
[[1, 0], [1081, 1088], [-1083, -1088]]
[[1, 0], [1087, 1088], [-1089, -1088]]
[[1, 0], [109, 128], [-149, -160]]
[[1, 0], [109, 128], [-195, -224]]
[[1, 0], [109, 128], [-579, -640]]
[[1, 0], [109, 128], [-671, -768]]
[[1, 0], [109, 136], [-117, -136]]
[[1, 0], [109, 136], [-569, -680]]
[[1, 0], [109, 136], [-881, -1088]]
[[1, 0], [109, 144], [-185, -192]]
[[1, 0], [109, 144], [-521, -576]]
[[1, 0], [109, 192], [-151, -256]]
[[1, 0], [109, 192], [-395, -576]]
[[1, 0], [109, 204], [-125, -204]]
[[1, 0], [109, 204], [-359, -612]]
[[1, 0], [109, 272], [-113, -272]]
[[1, 0], [109, 272], [-335, -816]]
[[1, 0], [109, 272], [-441, -1088]]
[[1, 0], [109, 288], [-269, -576]]
[[1, 0], [109, 612], [-125, -612]]
[[1, 0], [109, 816], [-113, -816]]
[[1, 0], [11, 1088], [-13, -1088]]
[[1, 0], [11, 136], [-79, -680]]
[[1, 0], [11, 136], [-97, -1088]]
[[1, 0], [11, 16], [-1025, -576]]
[[1, 0], [11, 16], [-129, -64]]
[[1, 0], [11, 16], [-139, -128]]
[[1, 0], [11, 16], [-149, -192]]
[[1, 0], [11, 16], [-1609, -560]]
[[1, 0], [11, 16], [-223, -272]]
[[1, 0], [11, 16], [-259, -80]]
[[1, 0], [11, 16], [-349, -112]]
[[1, 0], [11, 16], [-353, -192]]
[[1, 0], [11, 16], [-61, -64]]
[[1, 0], [11, 16], [-637, -704]]
[[1, 0], [11, 16], [-647, -768]]
[[1, 0], [11, 16], [-655, -656]]
[[1, 0], [11, 16], [-665, -816]]
[[1, 0], [11, 16], [-701, -624]]
[[1, 0], [11, 16], [-817, -1088]]
[[1, 0], [11, 17], [-1451, -561]]
[[1, 0], [11, 17], [-161, -51]]
[[1, 0], [11, 17], [-207, -221]]
[[1, 0], [11, 17], [-505, -187]]
[[1, 0], [11, 17], [-601, -731]]
[[1, 0], [11, 17], [-769, -1088]]
[[1, 0], [11, 17], [-769, -595]]
[[1, 0], [11, 20], [-125, -204]]
[[1, 0], [11, 20], [-539, -640]]
[[1, 0], [11, 272], [-41, -816]]
[[1, 0], [11, 272], [-49, -1088]]
[[1, 0], [11, 320], [-39, -640]]
[[1, 0], [11, 32], [-111, -224]]
[[1, 0], [11, 32], [-185, -192]]
[[1, 0], [11, 32], [-321, -736]]
[[1, 0], [11, 32], [-337, -832]]
[[1, 0], [11, 32], [-339, -640]]
[[1, 0], [11, 32], [-379, -608]]
[[1, 0], [11, 32], [-409, -1088]]
[[1, 0], [11, 32], [-521, -576]]
[[1, 0], [11, 32], [-73, -64]]
[[1, 0], [11, 34], [-385, -1088]]
[[1, 0], [11, 34], [-43, -34]]
[[1, 0], [11, 34], [-475, -578]]
[[1, 0], [11, 40], [-21, -64]]
[[1, 0], [11, 40], [-259, -680]]
[[1, 0], [11, 40], [-55, -136]]
[[1, 0], [11, 40], [-59, -128]]
[[1, 0], [11, 544], [-25, -1088]]
[[1, 0], [11, 64], [-101, -192]]
[[1, 0], [11, 64], [-103, -544]]
[[1, 0], [11, 64], [-143, -288]]
[[1, 0], [11, 64], [-205, -1088]]
[[1, 0], [11, 64], [-269, -576]]
[[1, 0], [11, 64], [-39, -128]]
[[1, 0], [11, 64], [-43, -176]]
[[1, 0], [11, 64], [-45, -64]]
[[1, 0], [11, 64], [-59, -96]]
[[1, 0], [11, 64], [-83, -384]]
[[1, 0], [11, 64], [-89, -320]]
[[1, 0], [11, 68], [-179, -612]]
[[1, 0], [11, 68], [-193, -1088]]
[[1, 0], [11, 68], [-65, -204]]
[[1, 0], [11, 80], [-139, -640]]
[[1, 0], [11, 80], [-149, -960]]
[[1, 0], [11, 80], [-349, -560]]
[[1, 0], [11, 80], [-97, -112]]
[[1, 0], [11, 85], [-41, -119]]
[[1, 0], [111, 1088], [-113, -1088]]
[[1, 0], [111, 136], [-579, -680]]
[[1, 0], [111, 136], [-897, -1088]]
[[1, 0], [111, 176], [-461, -704]]
[[1, 0], [111, 187], [-461, -561]]
[[1, 0], [111, 272], [-341, -816]]
[[1, 0], [111, 272], [-449, -1088]]
[[1, 0], [111, 320], [-239, -640]]
[[1, 0], [111, 544], [-225, -1088]]
[[1, 0], [113, 1088], [-115, -1088]]
[[1, 0], [113, 128], [-599, -640]]
[[1, 0], [113, 128], [-695, -768]]
[[1, 0], [113, 136], [-121, -136]]
[[1, 0], [113, 136], [-589, -680]]
[[1, 0], [113, 136], [-913, -1088]]
[[1, 0], [113, 272], [-117, -272]]
[[1, 0], [113, 272], [-347, -816]]
[[1, 0], [113, 272], [-457, -1088]]
[[1, 0], [113, 544], [-229, -1088]]
[[1, 0], [115, 1088], [-117, -1088]]
[[1, 0], [115, 136], [-599, -680]]
[[1, 0], [115, 136], [-929, -1088]]
[[1, 0], [115, 192], [-159, -256]]
[[1, 0], [115, 192], [-215, -288]]
[[1, 0], [115, 192], [-413, -576]]
[[1, 0], [115, 204], [-377, -612]]
[[1, 0], [115, 272], [-353, -816]]
[[1, 0], [115, 272], [-465, -1088]]
[[1, 0], [115, 544], [-233, -1088]]
[[1, 0], [117, 128], [-159, -160]]
[[1, 0], [117, 128], [-209, -224]]
[[1, 0], [117, 128], [-619, -640]]
[[1, 0], [117, 128], [-719, -768]]
[[1, 0], [117, 136], [-125, -136]]
[[1, 0], [117, 136], [-609, -680]]
[[1, 0], [117, 136], [-945, -1088]]
[[1, 0], [117, 272], [-121, -272]]
[[1, 0], [117, 272], [-359, -816]]
[[1, 0], [117, 272], [-473, -1088]]
[[1, 0], [117, 544], [-237, -1088]]
[[1, 0], [12, 17], [-124, -85]]
[[1, 0], [12, 17], [-1484, -561]]
[[1, 0], [12, 17], [-164, -51]]
[[1, 0], [12, 17], [-220, -221]]
[[1, 0], [12, 17], [-516, -187]]
[[1, 0], [12, 17], [-644, -731]]
[[1, 0], [12, 17], [-804, -595]]
[[1, 0], [12, 187], [-164, -561]]
[[1, 0], [12, 187], [-76, -187]]
[[1, 0], [121, 1088], [-123, -1088]]
[[1, 0], [121, 128], [-639, -640]]
[[1, 0], [121, 128], [-743, -768]]
[[1, 0], [121, 136], [-129, -136]]
[[1, 0], [121, 136], [-977, -1088]]
[[1, 0], [121, 192], [-155, -192]]
[[1, 0], [121, 192], [-167, -256]]
[[1, 0], [121, 192], [-431, -576]]
[[1, 0], [121, 204], [-137, -204]]
[[1, 0], [121, 204], [-395, -612]]
[[1, 0], [121, 272], [-125, -272]]
[[1, 0], [121, 272], [-371, -816]]
[[1, 0], [121, 272], [-489, -1088]]
[[1, 0], [121, 320], [-259, -640]]
[[1, 0], [121, 544], [-245, -1088]]
[[1, 0], [121, 680], [-129, -680]]
[[1, 0], [121, 816], [-125, -816]]
[[1, 0], [122, 187], [-494, -561]]
[[1, 0], [123, 1088], [-125, -1088]]
[[1, 0], [123, 136], [-639, -680]]
[[1, 0], [123, 136], [-993, -1088]]
[[1, 0], [123, 272], [-377, -816]]
[[1, 0], [123, 272], [-497, -1088]]
[[1, 0], [123, 544], [-249, -1088]]
[[1, 0], [125, 128], [-169, -160]]
[[1, 0], [125, 128], [-223, -224]]
[[1, 0], [125, 128], [-659, -640]]
[[1, 0], [125, 128], [-767, -768]]
[[1, 0], [125, 136], [-1009, -1088]]
[[1, 0], [125, 136], [-133, -136]]
[[1, 0], [125, 136], [-649, -680]]
[[1, 0], [125, 272], [-129, -272]]
[[1, 0], [125, 272], [-383, -816]]
[[1, 0], [125, 272], [-505, -1088]]
[[1, 0], [125, 544], [-253, -1088]]
[[1, 0], [127, 1088], [-129, -1088]]
[[1, 0], [127, 136], [-1025, -1088]]
[[1, 0], [127, 136], [-659, -680]]
[[1, 0], [127, 144], [-209, -192]]
[[1, 0], [127, 144], [-593, -576]]
[[1, 0], [127, 192], [-175, -256]]
[[1, 0], [127, 192], [-233, -288]]
[[1, 0], [127, 192], [-449, -576]]
[[1, 0], [127, 204], [-413, -612]]
[[1, 0], [127, 272], [-389, -816]]
[[1, 0], [127, 272], [-513, -1088]]
[[1, 0], [127, 288], [-305, -576]]
[[1, 0], [127, 544], [-257, -1088]]
[[1, 0], [127, 576], [-161, -576]]
[[1, 0], [129, 1088], [-131, -1088]]
[[1, 0], [129, 136], [-1041, -1088]]
[[1, 0], [129, 136], [-137, -136]]
[[1, 0], [129, 136], [-669, -680]]
[[1, 0], [129, 272], [-133, -272]]
[[1, 0], [129, 272], [-395, -816]]
[[1, 0], [129, 272], [-521, -1088]]
[[1, 0], [129, 544], [-261, -1088]]
[[1, 0], [13, 102], [-41, -238]]
[[1, 0], [13, 128], [-27, -224]]
[[1, 0], [13, 128], [-29, -160]]
[[1, 0], [13, 128], [-95, -768]]
[[1, 0], [13, 128], [-99, -640]]
[[1, 0], [13, 136], [-113, -1088]]
[[1, 0], [13, 136], [-21, -136]]
[[1, 0], [13, 136], [-89, -680]]
[[1, 0], [13, 16], [-1097, -576]]
[[1, 0], [13, 16], [-137, -64]]
[[1, 0], [13, 16], [-155, -128]]
[[1, 0], [13, 16], [-1679, -560]]
[[1, 0], [13, 16], [-173, -192]]
[[1, 0], [13, 16], [-257, -272]]
[[1, 0], [13, 16], [-269, -80]]
[[1, 0], [13, 16], [-363, -112]]
[[1, 0], [13, 16], [-377, -192]]
[[1, 0], [13, 16], [-69, -64]]
[[1, 0], [13, 16], [-725, -704]]
[[1, 0], [13, 16], [-737, -656]]
[[1, 0], [13, 16], [-743, -768]]
[[1, 0], [13, 16], [-767, -816]]
[[1, 0], [13, 16], [-779, -624]]
[[1, 0], [13, 16], [-81, -16]]
[[1, 0], [13, 16], [-953, -1088]]
[[1, 0], [13, 17], [-129, -85]]
[[1, 0], [13, 17], [-1517, -561]]
[[1, 0], [13, 17], [-167, -51]]
[[1, 0], [13, 17], [-233, -221]]
[[1, 0], [13, 17], [-687, -731]]
[[1, 0], [13, 17], [-839, -595]]
[[1, 0], [13, 17], [-897, -1088]]
[[1, 0], [13, 192], [-107, -576]]
[[1, 0], [13, 192], [-23, -256]]
[[1, 0], [13, 204], [-29, -204]]
[[1, 0], [13, 204], [-71, -612]]
[[1, 0], [13, 24], [-149, -24]]
[[1, 0], [13, 24], [-167, -256]]
[[1, 0], [13, 24], [-1931, -552]]
[[1, 0], [13, 24], [-199, -200]]
[[1, 0], [13, 24], [-257, -192]]
[[1, 0], [13, 24], [-689, -184]]
[[1, 0], [13, 24], [-737, -576]]
[[1, 0], [13, 24], [-75, -128]]
[[1, 0], [13, 24], [-97, -64]]
[[1, 0], [13, 272], [-47, -816]]
[[1, 0], [13, 272], [-57, -1088]]
[[1, 0], [13, 32], [-125, -224]]
[[1, 0], [13, 32], [-197, -192]]
[[1, 0], [13, 32], [-367, -736]]
[[1, 0], [13, 32], [-379, -640]]
[[1, 0], [13, 32], [-389, -832]]
[[1, 0], [13, 32], [-417, -608]]
[[1, 0], [13, 32], [-477, -1088]]
[[1, 0], [13, 32], [-557, -576]]
[[1, 0], [13, 32], [-77, -64]]
[[1, 0], [13, 34], [-449, -1088]]
[[1, 0], [13, 34], [-45, -34]]
[[1, 0], [13, 34], [-509, -578]]
[[1, 0], [13, 48], [-137, -192]]
[[1, 0], [13, 48], [-257, -816]]
[[1, 0], [13, 48], [-377, -576]]
[[1, 0], [13, 48], [-57, -64]]
[[1, 0], [13, 48], [-87, -272]]
[[1, 0], [13, 51], [-197, -187]]
[[1, 0], [13, 51], [-233, -663]]
[[1, 0], [13, 51], [-77, -51]]
[[1, 0], [13, 544], [-29, -1088]]
[[1, 0], [13, 64], [-107, -192]]
[[1, 0], [13, 64], [-239, -1088]]
[[1, 0], [13, 64], [-287, -576]]
[[1, 0], [13, 64], [-43, -128]]
[[1, 0], [13, 68], [-175, -748]]
[[1, 0], [13, 68], [-197, -612]]
[[1, 0], [13, 68], [-225, -1088]]
[[1, 0], [13, 68], [-29, -68]]
[[1, 0], [13, 68], [-71, -204]]
[[1, 0], [13, 96], [-125, -672]]
[[1, 0], [13, 96], [-197, -576]]
[[1, 0], [13, 96], [-49, -320]]
[[1, 0], [13, 96], [-77, -192]]
[[1, 0], [131, 1088], [-133, -1088]]
[[1, 0], [131, 136], [-1057, -1088]]
[[1, 0], [131, 136], [-679, -680]]
[[1, 0], [131, 272], [-401, -816]]
[[1, 0], [131, 272], [-529, -1088]]
[[1, 0], [131, 320], [-279, -640]]
[[1, 0], [131, 544], [-265, -1088]]
[[1, 0], [133, 136], [-1073, -1088]]
[[1, 0], [133, 136], [-141, -136]]
[[1, 0], [133, 136], [-689, -680]]
[[1, 0], [133, 176], [-549, -704]]
[[1, 0], [133, 187], [-197, -187]]
[[1, 0], [133, 192], [-183, -256]]
[[1, 0], [133, 192], [-467, -576]]
[[1, 0], [133, 204], [-149, -204]]
[[1, 0], [133, 204], [-431, -612]]
[[1, 0], [133, 272], [-137, -272]]
[[1, 0], [133, 272], [-407, -816]]
[[1, 0], [133, 272], [-537, -1088]]
[[1, 0], [133, 544], [-269, -1088]]
[[1, 0], [133, 561], [-197, -561]]
[[1, 0], [133, 816], [-137, -816]]
[[1, 0], [135, 1088], [-137, -1088]]
[[1, 0], [135, 136], [-1089, -1088]]
[[1, 0], [135, 136], [-699, -680]]
[[1, 0], [135, 272], [-413, -816]]
[[1, 0], [135, 272], [-545, -1088]]
[[1, 0], [135, 544], [-273, -1088]]
[[1, 0], [137, 1088], [-139, -1088]]
[[1, 0], [137, 272], [-141, -272]]
[[1, 0], [137, 272], [-419, -816]]
[[1, 0], [137, 272], [-553, -1088]]
[[1, 0], [137, 544], [-277, -1088]]
[[1, 0], [137, 578], [-169, -578]]
[[1, 0], [139, 1088], [-141, -1088]]
[[1, 0], [139, 184], [-689, -552]]
[[1, 0], [139, 192], [-191, -256]]
[[1, 0], [139, 192], [-251, -288]]
[[1, 0], [139, 192], [-485, -576]]
[[1, 0], [139, 204], [-449, -612]]
[[1, 0], [139, 544], [-281, -1088]]
[[1, 0], [14, 17], [-134, -85]]
[[1, 0], [14, 17], [-1550, -561]]
[[1, 0], [14, 17], [-246, -221]]
[[1, 0], [14, 17], [-538, -187]]
[[1, 0], [14, 17], [-730, -731]]
[[1, 0], [14, 17], [-874, -595]]
[[1, 0], [14, 17], [-961, -1088]]
[[1, 0], [141, 272], [-145, -272]]
[[1, 0], [141, 272], [-431, -816]]
[[1, 0], [141, 272], [-569, -1088]]
[[1, 0], [141, 320], [-299, -640]]
[[1, 0], [141, 544], [-285, -1088]]
[[1, 0], [141, 560], [-209, -560]]
[[1, 0], [141, 680], [-149, -680]]
[[1, 0], [143, 1088], [-145, -1088]]
[[1, 0], [143, 272], [-437, -816]]
[[1, 0], [143, 272], [-577, -1088]]
[[1, 0], [144, 187], [-208, -187]]
[[1, 0], [144, 187], [-560, -561]]
[[1, 0], [145, 1088], [-147, -1088]]
[[1, 0], [145, 192], [-179, -192]]
[[1, 0], [145, 192], [-199, -256]]
[[1, 0], [145, 192], [-503, -576]]
[[1, 0], [145, 204], [-161, -204]]
[[1, 0], [145, 204], [-467, -612]]
[[1, 0], [145, 272], [-149, -272]]
[[1, 0], [145, 272], [-443, -816]]
[[1, 0], [145, 272], [-585, -1088]]
[[1, 0], [145, 288], [-341, -576]]
[[1, 0], [145, 544], [-293, -1088]]
[[1, 0], [145, 576], [-179, -576]]
[[1, 0], [145, 612], [-161, -612]]
[[1, 0], [145, 816], [-149, -816]]
[[1, 0], [147, 1088], [-149, -1088]]
[[1, 0], [147, 272], [-449, -816]]
[[1, 0], [147, 272], [-593, -1088]]
[[1, 0], [147, 544], [-297, -1088]]
[[1, 0], [149, 272], [-455, -816]]
[[1, 0], [149, 272], [-601, -1088]]
[[1, 0], [149, 544], [-301, -1088]]
[[1, 0], [15, 112], [-279, -560]]
[[1, 0], [15, 119], [-139, -595]]
[[1, 0], [15, 136], [-129, -1088]]
[[1, 0], [15, 136], [-99, -680]]
[[1, 0], [15, 16], [-1089, -1088]]
[[1, 0], [15, 16], [-1169, -576]]
[[1, 0], [15, 16], [-145, -64]]
[[1, 0], [15, 16], [-171, -128]]
[[1, 0], [15, 16], [-1749, -560]]
[[1, 0], [15, 16], [-197, -192]]
[[1, 0], [15, 16], [-279, -80]]
[[1, 0], [15, 16], [-291, -272]]
[[1, 0], [15, 16], [-377, -112]]
[[1, 0], [15, 16], [-401, -192]]
[[1, 0], [15, 16], [-77, -64]]
[[1, 0], [15, 16], [-813, -704]]
[[1, 0], [15, 16], [-819, -656]]
[[1, 0], [15, 16], [-839, -768]]
[[1, 0], [15, 16], [-857, -624]]
[[1, 0], [15, 16], [-869, -816]]
[[1, 0], [15, 17], [-1025, -1088]]
[[1, 0], [15, 17], [-139, -85]]
[[1, 0], [15, 17], [-1583, -561]]
[[1, 0], [15, 17], [-173, -51]]
[[1, 0], [15, 17], [-259, -221]]
[[1, 0], [15, 17], [-549, -187]]
[[1, 0], [15, 17], [-773, -731]]
[[1, 0], [15, 17], [-909, -595]]
[[1, 0], [15, 272], [-53, -816]]
[[1, 0], [15, 272], [-65, -1088]]
[[1, 0], [15, 28], [-531, -896]]
[[1, 0], [15, 28], [-587, -588]]
[[1, 0], [15, 32], [-139, -224]]
[[1, 0], [15, 32], [-209, -192]]
[[1, 0], [15, 32], [-413, -736]]
[[1, 0], [15, 32], [-419, -640]]
[[1, 0], [15, 32], [-441, -832]]
[[1, 0], [15, 32], [-455, -608]]
[[1, 0], [15, 32], [-545, -1088]]
[[1, 0], [15, 32], [-593, -576]]
[[1, 0], [15, 32], [-81, -64]]
[[1, 0], [15, 34], [-47, -34]]
[[1, 0], [15, 34], [-513, -1088]]
[[1, 0], [15, 34], [-543, -578]]
[[1, 0], [15, 544], [-33, -1088]]
[[1, 0], [15, 56], [-279, -952]]
[[1, 0], [15, 56], [-41, -136]]
[[1, 0], [15, 56], [-43, -88]]
[[1, 0], [15, 64], [-107, -384]]
[[1, 0], [15, 64], [-109, -320]]
[[1, 0], [15, 64], [-113, -192]]
[[1, 0], [15, 64], [-137, -544]]
[[1, 0], [15, 64], [-161, -288]]
[[1, 0], [15, 64], [-273, -1088]]
[[1, 0], [15, 64], [-305, -576]]
[[1, 0], [15, 64], [-35, -136]]
[[1, 0], [15, 64], [-47, -128]]
[[1, 0], [15, 64], [-49, -64]]
[[1, 0], [15, 64], [-53, -72]]
[[1, 0], [15, 64], [-65, -96]]
[[1, 0], [15, 64], [-69, -272]]
[[1, 0], [15, 64], [-89, -144]]
[[1, 0], [15, 68], [-197, -748]]
[[1, 0], [15, 68], [-215, -612]]
[[1, 0], [15, 68], [-257, -1088]]
[[1, 0], [15, 68], [-77, -204]]
[[1, 0], [151, 192], [-207, -256]]
[[1, 0], [151, 192], [-269, -288]]
[[1, 0], [151, 192], [-521, -576]]
[[1, 0], [151, 204], [-485, -612]]
[[1, 0], [151, 272], [-461, -816]]
[[1, 0], [151, 272], [-609, -1088]]
[[1, 0], [151, 320], [-319, -640]]
[[1, 0], [151, 544], [-305, -1088]]
[[1, 0], [155, 1088], [-157, -1088]]
[[1, 0], [155, 176], [-637, -704]]
[[1, 0], [155, 187], [-219, -187]]
[[1, 0], [155, 187], [-593, -561]]
[[1, 0], [155, 272], [-473, -816]]
[[1, 0], [155, 272], [-625, -1088]]
[[1, 0], [155, 544], [-313, -1088]]
[[1, 0], [157, 192], [-215, -256]]
[[1, 0], [157, 192], [-539, -576]]
[[1, 0], [157, 204], [-173, -204]]
[[1, 0], [157, 204], [-503, -612]]
[[1, 0], [157, 272], [-161, -272]]
[[1, 0], [157, 272], [-479, -816]]
[[1, 0], [157, 272], [-633, -1088]]
[[1, 0], [157, 544], [-317, -1088]]
[[1, 0], [157, 816], [-161, -816]]
[[1, 0], [159, 1088], [-161, -1088]]
[[1, 0], [159, 272], [-485, -816]]
[[1, 0], [159, 272], [-641, -1088]]
[[1, 0], [159, 544], [-321, -1088]]
[[1, 0], [16, 17], [-1089, -1088]]
[[1, 0], [16, 17], [-144, -85]]
[[1, 0], [16, 17], [-1616, -561]]
[[1, 0], [16, 17], [-176, -51]]
[[1, 0], [16, 17], [-560, -187]]
[[1, 0], [16, 17], [-65, -64]]
[[1, 0], [16, 17], [-944, -595]]
[[1, 0], [16, 51], [-208, -187]]
[[1, 0], [16, 51], [-560, -561]]
[[1, 0], [16, 85], [-48, -119]]
[[1, 0], [161, 1088], [-163, -1088]]
[[1, 0], [161, 272], [-165, -272]]
[[1, 0], [161, 272], [-491, -816]]
[[1, 0], [161, 272], [-649, -1088]]
[[1, 0], [161, 320], [-339, -640]]
[[1, 0], [161, 544], [-325, -1088]]
[[1, 0], [161, 680], [-169, -680]]
[[1, 0], [163, 1088], [-165, -1088]]
[[1, 0], [163, 192], [-197, -192]]
[[1, 0], [163, 192], [-223, -256]]
[[1, 0], [163, 192], [-287, -288]]
[[1, 0], [163, 192], [-557, -576]]
[[1, 0], [163, 204], [-521, -612]]
[[1, 0], [163, 272], [-497, -816]]
[[1, 0], [163, 272], [-657, -1088]]
[[1, 0], [163, 288], [-377, -576]]
[[1, 0], [163, 544], [-329, -1088]]
[[1, 0], [163, 576], [-197, -576]]
[[1, 0], [165, 272], [-169, -272]]
[[1, 0], [165, 272], [-503, -816]]
[[1, 0], [165, 272], [-665, -1088]]
[[1, 0], [165, 544], [-333, -1088]]
[[1, 0], [166, 187], [-626, -561]]
[[1, 0], [166, 561], [-230, -561]]
[[1, 0], [167, 1088], [-169, -1088]]
[[1, 0], [167, 272], [-509, -816]]
[[1, 0], [167, 272], [-673, -1088]]
[[1, 0], [167, 544], [-337, -1088]]
[[1, 0], [169, 1088], [-171, -1088]]
[[1, 0], [169, 192], [-203, -192]]
[[1, 0], [169, 192], [-231, -256]]
[[1, 0], [169, 192], [-575, -576]]
[[1, 0], [169, 204], [-185, -204]]
[[1, 0], [169, 204], [-539, -612]]
[[1, 0], [169, 272], [-173, -272]]
[[1, 0], [169, 272], [-515, -816]]
[[1, 0], [169, 272], [-681, -1088]]
[[1, 0], [169, 544], [-341, -1088]]
[[1, 0], [169, 816], [-173, -816]]
[[1, 0], [17, 128], [-119, -640]]
[[1, 0], [17, 128], [-119, -768]]
[[1, 0], [17, 32], [-153, -224]]
[[1, 0], [17, 32], [-221, -192]]
[[1, 0], [17, 32], [-459, -640]]
[[1, 0], [17, 32], [-459, -736]]
[[1, 0], [17, 32], [-493, -608]]
[[1, 0], [17, 32], [-493, -832]]
[[1, 0], [17, 32], [-613, -1088]]
[[1, 0], [17, 32], [-629, -576]]
[[1, 0], [17, 32], [-85, -64]]
[[1, 0], [17, 64], [-119, -192]]
[[1, 0], [17, 64], [-307, -1088]]
[[1, 0], [17, 64], [-323, -576]]
[[1, 0], [17, 64], [-51, -128]]
[[1, 0], [17, 64], [-51, -64]]
[[1, 0], [171, 1088], [-173, -1088]]
[[1, 0], [171, 272], [-521, -816]]
[[1, 0], [171, 272], [-689, -1088]]
[[1, 0], [171, 320], [-359, -640]]
[[1, 0], [171, 544], [-345, -1088]]
[[1, 0], [171, 578], [-203, -578]]
[[1, 0], [173, 272], [-177, -272]]
[[1, 0], [173, 544], [-349, -1088]]
[[1, 0], [175, 192], [-209, -192]]
[[1, 0], [175, 192], [-239, -256]]
[[1, 0], [175, 192], [-305, -288]]
[[1, 0], [175, 192], [-593, -576]]
[[1, 0], [175, 204], [-557, -612]]
[[1, 0], [175, 272], [-533, -816]]
[[1, 0], [175, 272], [-705, -1088]]
[[1, 0], [175, 544], [-353, -1088]]
[[1, 0], [177, 1088], [-179, -1088]]
[[1, 0], [177, 187], [-659, -561]]
[[1, 0], [177, 272], [-181, -272]]
[[1, 0], [177, 272], [-539, -816]]
[[1, 0], [177, 272], [-713, -1088]]
[[1, 0], [179, 1088], [-181, -1088]]
[[1, 0], [179, 272], [-545, -816]]
[[1, 0], [179, 272], [-721, -1088]]
[[1, 0], [179, 544], [-361, -1088]]
[[1, 0], [181, 192], [-247, -256]]
[[1, 0], [181, 192], [-611, -576]]
[[1, 0], [181, 204], [-197, -204]]
[[1, 0], [181, 204], [-575, -612]]
[[1, 0], [181, 272], [-185, -272]]
[[1, 0], [181, 272], [-551, -816]]
[[1, 0], [181, 272], [-729, -1088]]
[[1, 0], [181, 288], [-413, -576]]
[[1, 0], [181, 320], [-379, -640]]
[[1, 0], [181, 544], [-365, -1088]]
[[1, 0], [181, 612], [-197, -612]]
[[1, 0], [181, 680], [-189, -680]]
[[1, 0], [181, 816], [-185, -816]]
[[1, 0], [183, 1088], [-185, -1088]]
[[1, 0], [183, 272], [-557, -816]]
[[1, 0], [183, 272], [-737, -1088]]
[[1, 0], [183, 544], [-369, -1088]]
[[1, 0], [185, 272], [-189, -272]]
[[1, 0], [185, 272], [-563, -816]]
[[1, 0], [185, 272], [-745, -1088]]
[[1, 0], [185, 544], [-373, -1088]]
[[1, 0], [187, 192], [-255, -256]]
[[1, 0], [187, 192], [-323, -288]]
[[1, 0], [187, 192], [-629, -576]]
[[1, 0], [189, 272], [-193, -272]]
[[1, 0], [189, 272], [-575, -816]]
[[1, 0], [189, 272], [-761, -1088]]
[[1, 0], [189, 544], [-381, -1088]]
[[1, 0], [19, 102], [-55, -238]]
[[1, 0], [19, 1088], [-21, -1088]]
[[1, 0], [19, 136], [-161, -1088]]
[[1, 0], [19, 144], [-161, -576]]
[[1, 0], [19, 144], [-65, -192]]
[[1, 0], [19, 192], [-125, -576]]
[[1, 0], [19, 192], [-31, -256]]
[[1, 0], [19, 192], [-53, -192]]
[[1, 0], [19, 192], [-71, -288]]
[[1, 0], [19, 204], [-89, -612]]
[[1, 0], [19, 24], [-107, -128]]
[[1, 0], [19, 24], [-113, -64]]
[[1, 0], [19, 24], [-2069, -552]]
[[1, 0], [19, 24], [-231, -256]]
[[1, 0], [19, 24], [-249, -200]]
[[1, 0], [19, 24], [-305, -192]]
[[1, 0], [19, 24], [-735, -184]]
[[1, 0], [19, 24], [-881, -576]]
[[1, 0], [19, 272], [-65, -816]]
[[1, 0], [19, 272], [-81, -1088]]
[[1, 0], [19, 288], [-89, -576]]
[[1, 0], [19, 32], [-167, -224]]
[[1, 0], [19, 32], [-233, -192]]
[[1, 0], [19, 32], [-499, -640]]
[[1, 0], [19, 32], [-505, -736]]
[[1, 0], [19, 32], [-531, -608]]
[[1, 0], [19, 32], [-545, -832]]
[[1, 0], [19, 32], [-665, -576]]
[[1, 0], [19, 32], [-681, -1088]]
[[1, 0], [19, 32], [-89, -64]]
[[1, 0], [19, 34], [-611, -578]]
[[1, 0], [19, 34], [-641, -1088]]
[[1, 0], [19, 36], [-161, -204]]
[[1, 0], [19, 36], [-209, -192]]
[[1, 0], [19, 36], [-467, -612]]
[[1, 0], [19, 36], [-59, -68]]
[[1, 0], [19, 36], [-593, -576]]
[[1, 0], [19, 36], [-81, -64]]
[[1, 0], [19, 48], [-121, -272]]
[[1, 0], [19, 48], [-161, -192]]
[[1, 0], [19, 48], [-359, -816]]
[[1, 0], [19, 48], [-449, -576]]
[[1, 0], [19, 48], [-65, -64]]
[[1, 0], [19, 51], [-219, -187]]
[[1, 0], [19, 51], [-311, -663]]
[[1, 0], [19, 51], [-593, -561]]
[[1, 0], [19, 51], [-83, -51]]
[[1, 0], [19, 544], [-41, -1088]]
[[1, 0], [19, 576], [-53, -576]]
[[1, 0], [19, 64], [-125, -192]]
[[1, 0], [19, 64], [-129, -320]]
[[1, 0], [19, 64], [-131, -384]]
[[1, 0], [19, 64], [-171, -544]]
[[1, 0], [19, 64], [-179, -288]]
[[1, 0], [19, 64], [-341, -1088]]
[[1, 0], [19, 64], [-341, -576]]
[[1, 0], [19, 64], [-55, -128]]
[[1, 0], [19, 64], [-65, -176]]
[[1, 0], [19, 64], [-71, -96]]
[[1, 0], [19, 68], [-241, -748]]
[[1, 0], [19, 68], [-251, -612]]
[[1, 0], [19, 68], [-321, -1088]]
[[1, 0], [19, 68], [-89, -204]]
[[1, 0], [19, 72], [-107, -384]]
[[1, 0], [19, 72], [-113, -192]]
[[1, 0], [19, 72], [-305, -576]]
[[1, 0], [19, 96], [-167, -672]]
[[1, 0], [19, 96], [-233, -576]]
[[1, 0], [19, 96], [-69, -320]]
[[1, 0], [19, 96], [-89, -192]]
[[1, 0], [191, 1088], [-193, -1088]]
[[1, 0], [191, 272], [-581, -816]]
[[1, 0], [191, 272], [-769, -1088]]
[[1, 0], [191, 320], [-399, -640]]
[[1, 0], [191, 544], [-385, -1088]]
[[1, 0], [193, 1088], [-195, -1088]]
[[1, 0], [193, 204], [-209, -204]]
[[1, 0], [193, 204], [-611, -612]]
[[1, 0], [193, 272], [-197, -272]]
[[1, 0], [193, 272], [-587, -816]]
[[1, 0], [193, 272], [-777, -1088]]
[[1, 0], [193, 544], [-389, -1088]]
[[1, 0], [193, 816], [-197, -816]]
[[1, 0], [195, 1088], [-197, -1088]]
[[1, 0], [195, 272], [-593, -816]]
[[1, 0], [195, 272], [-785, -1088]]
[[1, 0], [195, 544], [-393, -1088]]
[[1, 0], [197, 272], [-201, -272]]
[[1, 0], [197, 272], [-599, -816]]
[[1, 0], [197, 272], [-793, -1088]]
[[1, 0], [197, 544], [-397, -1088]]
[[1, 0], [199, 1088], [-201, -1088]]
[[1, 0], [199, 272], [-605, -816]]
[[1, 0], [199, 272], [-801, -1088]]
[[1, 0], [199, 288], [-449, -576]]
[[1, 0], [199, 544], [-401, -1088]]
[[1, 0], [199, 561], [-263, -561]]
[[1, 0], [199, 576], [-233, -576]]
[[1, 0], [2, 17], [-1154, -561]]
[[1, 0], [2, 17], [-134, -51]]
[[1, 0], [2, 17], [-193, -1088]]
[[1, 0], [2, 17], [-214, -731]]
[[1, 0], [2, 17], [-406, -187]]
[[1, 0], [2, 17], [-454, -595]]
[[1, 0], [2, 17], [-66, -17]]
[[1, 0], [2, 17], [-74, -85]]
[[1, 0], [2, 17], [-90, -221]]
[[1, 0], [2, 17], [-98, -33]]
[[1, 0], [201, 1088], [-203, -1088]]
[[1, 0], [201, 272], [-205, -272]]
[[1, 0], [201, 272], [-611, -816]]
[[1, 0], [201, 272], [-809, -1088]]
[[1, 0], [201, 320], [-419, -640]]
[[1, 0], [201, 544], [-405, -1088]]
[[1, 0], [201, 680], [-209, -680]]
[[1, 0], [203, 1088], [-205, -1088]]
[[1, 0], [203, 272], [-617, -816]]
[[1, 0], [203, 272], [-817, -1088]]
[[1, 0], [203, 544], [-409, -1088]]
[[1, 0], [205, 272], [-209, -272]]
[[1, 0], [205, 272], [-623, -816]]
[[1, 0], [205, 272], [-825, -1088]]
[[1, 0], [205, 544], [-413, -1088]]
[[1, 0], [205, 578], [-237, -578]]
[[1, 0], [205, 816], [-209, -816]]
[[1, 0], [207, 1088], [-209, -1088]]
[[1, 0], [207, 544], [-417, -1088]]
[[1, 0], [209, 1088], [-211, -1088]]
[[1, 0], [209, 272], [-213, -272]]
[[1, 0], [209, 272], [-635, -816]]
[[1, 0], [209, 272], [-841, -1088]]
[[1, 0], [209, 544], [-421, -1088]]
[[1, 0], [21, 128], [-139, -640]]
[[1, 0], [21, 128], [-143, -768]]
[[1, 0], [21, 128], [-39, -160]]
[[1, 0], [21, 128], [-41, -224]]
[[1, 0], [21, 136], [-129, -680]]
[[1, 0], [21, 136], [-177, -1088]]
[[1, 0], [21, 136], [-29, -136]]
[[1, 0], [21, 272], [-25, -272]]
[[1, 0], [21, 272], [-71, -816]]
[[1, 0], [21, 272], [-89, -1088]]
[[1, 0], [21, 320], [-59, -640]]
[[1, 0], [21, 32], [-181, -224]]
[[1, 0], [21, 32], [-245, -192]]
[[1, 0], [21, 32], [-539, -640]]
[[1, 0], [21, 32], [-551, -736]]
[[1, 0], [21, 32], [-569, -608]]
[[1, 0], [21, 32], [-597, -832]]
[[1, 0], [21, 32], [-701, -576]]
[[1, 0], [21, 32], [-749, -1088]]
[[1, 0], [21, 32], [-93, -64]]
[[1, 0], [21, 34], [-645, -578]]
[[1, 0], [21, 34], [-705, -1088]]
[[1, 0], [21, 40], [-37, -64]]
[[1, 0], [21, 40], [-429, -680]]
[[1, 0], [21, 40], [-89, -136]]
[[1, 0], [21, 40], [-91, -128]]
[[1, 0], [21, 544], [-45, -1088]]
[[1, 0], [21, 64], [-131, -192]]
[[1, 0], [21, 64], [-359, -576]]
[[1, 0], [21, 64], [-375, -1088]]
[[1, 0], [21, 64], [-59, -128]]
[[1, 0], [21, 680], [-29, -680]]
[[1, 0], [21, 68], [-263, -748]]
[[1, 0], [21, 68], [-269, -612]]
[[1, 0], [21, 68], [-353, -1088]]
[[1, 0], [21, 68], [-37, -68]]
[[1, 0], [21, 68], [-95, -204]]
[[1, 0], [21, 80], [-111, -112]]
[[1, 0], [21, 80], [-219, -640]]
[[1, 0], [21, 80], [-269, -960]]
[[1, 0], [21, 80], [-419, -560]]
[[1, 0], [21, 80], [-89, -80]]
[[1, 0], [21, 85], [-55, -119]]
[[1, 0], [211, 1088], [-213, -1088]]
[[1, 0], [211, 272], [-641, -816]]
[[1, 0], [211, 272], [-849, -1088]]
[[1, 0], [211, 320], [-439, -640]]
[[1, 0], [213, 272], [-217, -272]]
[[1, 0], [213, 272], [-647, -816]]
[[1, 0], [213, 272], [-857, -1088]]
[[1, 0], [213, 544], [-429, -1088]]
[[1, 0], [215, 1088], [-217, -1088]]
[[1, 0], [215, 272], [-653, -816]]
[[1, 0], [215, 272], [-865, -1088]]
[[1, 0], [215, 544], [-433, -1088]]
[[1, 0], [217, 1088], [-219, -1088]]
[[1, 0], [217, 272], [-659, -816]]
[[1, 0], [217, 272], [-873, -1088]]
[[1, 0], [217, 288], [-485, -576]]
[[1, 0], [217, 544], [-437, -1088]]
[[1, 0], [217, 576], [-251, -576]]
[[1, 0], [217, 612], [-233, -612]]
[[1, 0], [219, 272], [-665, -816]]
[[1, 0], [219, 272], [-881, -1088]]
[[1, 0], [219, 544], [-441, -1088]]
[[1, 0], [22, 119], [-174, -595]]
[[1, 0], [22, 51], [-230, -187]]
[[1, 0], [22, 51], [-350, -663]]
[[1, 0], [22, 51], [-626, -561]]
[[1, 0], [22, 51], [-86, -51]]
[[1, 0], [221, 320], [-459, -640]]
[[1, 0], [223, 1088], [-225, -1088]]
[[1, 0], [223, 272], [-677, -816]]
[[1, 0], [223, 272], [-897, -1088]]
[[1, 0], [223, 544], [-449, -1088]]
[[1, 0], [225, 1088], [-227, -1088]]
[[1, 0], [225, 272], [-229, -272]]
[[1, 0], [225, 272], [-683, -816]]
[[1, 0], [225, 272], [-905, -1088]]
[[1, 0], [225, 544], [-453, -1088]]
[[1, 0], [227, 1088], [-229, -1088]]
[[1, 0], [227, 272], [-689, -816]]
[[1, 0], [227, 272], [-913, -1088]]
[[1, 0], [227, 544], [-457, -1088]]
[[1, 0], [229, 272], [-233, -272]]
[[1, 0], [229, 272], [-695, -816]]
[[1, 0], [229, 272], [-921, -1088]]
[[1, 0], [229, 544], [-461, -1088]]
[[1, 0], [229, 816], [-233, -816]]
[[1, 0], [23, 1088], [-25, -1088]]
[[1, 0], [23, 136], [-139, -680]]
[[1, 0], [23, 136], [-193, -1088]]
[[1, 0], [23, 176], [-109, -704]]
[[1, 0], [23, 187], [-197, -561]]
[[1, 0], [23, 187], [-87, -187]]
[[1, 0], [23, 272], [-77, -816]]
[[1, 0], [23, 272], [-97, -1088]]
[[1, 0], [23, 32], [-195, -224]]
[[1, 0], [23, 32], [-257, -192]]
[[1, 0], [23, 32], [-579, -640]]
[[1, 0], [23, 32], [-597, -736]]
[[1, 0], [23, 32], [-607, -608]]
[[1, 0], [23, 32], [-649, -832]]
[[1, 0], [23, 32], [-737, -576]]
[[1, 0], [23, 32], [-817, -1088]]
[[1, 0], [23, 32], [-97, -64]]
[[1, 0], [23, 34], [-37, -38]]
[[1, 0], [23, 34], [-679, -578]]
[[1, 0], [23, 34], [-769, -1088]]
[[1, 0], [23, 44], [-439, -748]]
[[1, 0], [23, 44], [-571, -572]]
[[1, 0], [23, 544], [-49, -1088]]
[[1, 0], [23, 64], [-103, -272]]
[[1, 0], [23, 64], [-107, -144]]
[[1, 0], [23, 64], [-137, -192]]
[[1, 0], [23, 64], [-149, -320]]
[[1, 0], [23, 64], [-155, -384]]
[[1, 0], [23, 64], [-197, -288]]
[[1, 0], [23, 64], [-205, -544]]
[[1, 0], [23, 64], [-377, -576]]
[[1, 0], [23, 64], [-409, -1088]]
[[1, 0], [23, 64], [-63, -128]]
[[1, 0], [23, 64], [-77, -96]]
[[1, 0], [23, 68], [-101, -204]]
[[1, 0], [23, 68], [-285, -748]]
[[1, 0], [23, 68], [-287, -612]]
[[1, 0], [23, 68], [-385, -1088]]
[[1, 0], [23, 88], [-35, -128]]
[[1, 0], [231, 1088], [-233, -1088]]
[[1, 0], [231, 272], [-701, -816]]
[[1, 0], [231, 272], [-929, -1088]]
[[1, 0], [231, 320], [-479, -640]]
[[1, 0], [231, 544], [-465, -1088]]
[[1, 0], [232, 561], [-296, -561]]
[[1, 0], [233, 1088], [-235, -1088]]
[[1, 0], [233, 272], [-237, -272]]
[[1, 0], [233, 272], [-707, -816]]
[[1, 0], [233, 272], [-937, -1088]]
[[1, 0], [233, 544], [-469, -1088]]
[[1, 0], [235, 1088], [-237, -1088]]
[[1, 0], [235, 272], [-713, -816]]
[[1, 0], [235, 272], [-945, -1088]]
[[1, 0], [235, 288], [-521, -576]]
[[1, 0], [235, 544], [-473, -1088]]
[[1, 0], [235, 576], [-269, -576]]
[[1, 0], [237, 272], [-241, -272]]
[[1, 0], [237, 272], [-719, -816]]
[[1, 0], [237, 272], [-953, -1088]]
[[1, 0], [237, 544], [-477, -1088]]
[[1, 0], [239, 1088], [-241, -1088]]
[[1, 0], [239, 272], [-725, -816]]
[[1, 0], [239, 272], [-961, -1088]]
[[1, 0], [239, 544], [-481, -1088]]
[[1, 0], [239, 578], [-271, -578]]
[[1, 0], [241, 1088], [-243, -1088]]
[[1, 0], [241, 272], [-245, -272]]
[[1, 0], [241, 320], [-499, -640]]
[[1, 0], [241, 544], [-485, -1088]]
[[1, 0], [241, 680], [-249, -680]]
[[1, 0], [241, 816], [-245, -816]]
[[1, 0], [243, 272], [-737, -816]]
[[1, 0], [243, 272], [-977, -1088]]
[[1, 0], [243, 544], [-489, -1088]]
[[1, 0], [245, 272], [-249, -272]]
[[1, 0], [245, 272], [-743, -816]]
[[1, 0], [245, 272], [-985, -1088]]
[[1, 0], [247, 1088], [-249, -1088]]
[[1, 0], [247, 272], [-749, -816]]
[[1, 0], [247, 272], [-993, -1088]]
[[1, 0], [247, 544], [-497, -1088]]
[[1, 0], [249, 1088], [-251, -1088]]
[[1, 0], [249, 272], [-1001, -1088]]
[[1, 0], [249, 272], [-253, -272]]
[[1, 0], [249, 272], [-755, -816]]
[[1, 0], [249, 544], [-501, -1088]]
[[1, 0], [25, 102], [-69, -238]]
[[1, 0], [25, 1088], [-27, -1088]]
[[1, 0], [25, 128], [-159, -640]]
[[1, 0], [25, 128], [-167, -768]]
[[1, 0], [25, 136], [-149, -680]]
[[1, 0], [25, 136], [-209, -1088]]
[[1, 0], [25, 136], [-33, -136]]
[[1, 0], [25, 192], [-143, -576]]
[[1, 0], [25, 192], [-39, -256]]
[[1, 0], [25, 192], [-59, -192]]
[[1, 0], [25, 204], [-107, -612]]
[[1, 0], [25, 204], [-41, -204]]
[[1, 0], [25, 272], [-105, -1088]]
[[1, 0], [25, 272], [-29, -272]]
[[1, 0], [25, 272], [-83, -816]]
[[1, 0], [25, 32], [-101, -64]]
[[1, 0], [25, 32], [-209, -224]]
[[1, 0], [25, 32], [-269, -192]]
[[1, 0], [25, 32], [-619, -640]]
[[1, 0], [25, 32], [-643, -736]]
[[1, 0], [25, 32], [-645, -608]]
[[1, 0], [25, 32], [-701, -832]]
[[1, 0], [25, 32], [-773, -576]]
[[1, 0], [25, 32], [-885, -1088]]
[[1, 0], [25, 34], [-713, -578]]
[[1, 0], [25, 48], [-155, -272]]
[[1, 0], [25, 48], [-185, -192]]
[[1, 0], [25, 48], [-461, -816]]
[[1, 0], [25, 48], [-521, -576]]
[[1, 0], [25, 48], [-73, -64]]
[[1, 0], [25, 51], [-241, -187]]
[[1, 0], [25, 51], [-389, -663]]
[[1, 0], [25, 51], [-659, -561]]
[[1, 0], [25, 544], [-53, -1088]]
[[1, 0], [25, 64], [-143, -192]]
[[1, 0], [25, 64], [-395, -576]]
[[1, 0], [25, 64], [-443, -1088]]
[[1, 0], [25, 64], [-59, -64]]
[[1, 0], [25, 64], [-67, -128]]
[[1, 0], [25, 68], [-107, -204]]
[[1, 0], [25, 68], [-305, -612]]
[[1, 0], [25, 68], [-307, -748]]
[[1, 0], [25, 68], [-41, -68]]
[[1, 0], [25, 68], [-417, -1088]]
[[1, 0], [25, 816], [-29, -816]]
[[1, 0], [25, 96], [-101, -192]]
[[1, 0], [25, 96], [-209, -672]]
[[1, 0], [25, 96], [-269, -576]]
[[1, 0], [25, 96], [-89, -320]]
[[1, 0], [251, 1088], [-253, -1088]]
[[1, 0], [251, 272], [-1009, -1088]]
[[1, 0], [251, 272], [-761, -816]]
[[1, 0], [251, 320], [-519, -640]]
[[1, 0], [251, 544], [-505, -1088]]
[[1, 0], [253, 272], [-1017, -1088]]
[[1, 0], [253, 272], [-257, -272]]
[[1, 0], [253, 272], [-767, -816]]
[[1, 0], [253, 288], [-557, -576]]
[[1, 0], [253, 544], [-509, -1088]]
[[1, 0], [253, 612], [-269, -612]]
[[1, 0], [253, 816], [-257, -816]]
[[1, 0], [257, 1088], [-259, -1088]]
[[1, 0], [257, 272], [-1033, -1088]]
[[1, 0], [257, 272], [-261, -272]]
[[1, 0], [257, 272], [-779, -816]]
[[1, 0], [257, 544], [-517, -1088]]
[[1, 0], [259, 1088], [-261, -1088]]
[[1, 0], [259, 272], [-1041, -1088]]
[[1, 0], [259, 272], [-785, -816]]
[[1, 0], [259, 544], [-521, -1088]]
[[1, 0], [26, 85], [-62, -119]]
[[1, 0], [261, 272], [-1049, -1088]]
[[1, 0], [261, 272], [-265, -272]]
[[1, 0], [261, 272], [-791, -816]]
[[1, 0], [261, 320], [-539, -640]]
[[1, 0], [261, 544], [-525, -1088]]
[[1, 0], [261, 680], [-269, -680]]
[[1, 0], [263, 1088], [-265, -1088]]
[[1, 0], [263, 272], [-1057, -1088]]
[[1, 0], [263, 272], [-797, -816]]
[[1, 0], [263, 544], [-529, -1088]]
[[1, 0], [265, 1088], [-267, -1088]]
[[1, 0], [265, 272], [-1065, -1088]]
[[1, 0], [265, 272], [-269, -272]]
[[1, 0], [265, 272], [-803, -816]]
[[1, 0], [265, 544], [-533, -1088]]
[[1, 0], [265, 816], [-269, -816]]
[[1, 0], [267, 1088], [-269, -1088]]
[[1, 0], [267, 272], [-1073, -1088]]
[[1, 0], [267, 272], [-809, -816]]
[[1, 0], [267, 544], [-537, -1088]]
[[1, 0], [269, 272], [-1081, -1088]]
[[1, 0], [269, 272], [-273, -272]]
[[1, 0], [269, 272], [-815, -816]]
[[1, 0], [269, 544], [-541, -1088]]
[[1, 0], [27, 104], [-233, -832]]
[[1, 0], [27, 1088], [-29, -1088]]
[[1, 0], [27, 136], [-159, -680]]
[[1, 0], [27, 136], [-225, -1088]]
[[1, 0], [27, 272], [-113, -1088]]
[[1, 0], [27, 272], [-89, -816]]
[[1, 0], [27, 32], [-105, -64]]
[[1, 0], [27, 32], [-223, -224]]
[[1, 0], [27, 32], [-281, -192]]
[[1, 0], [27, 32], [-659, -640]]
[[1, 0], [27, 32], [-683, -608]]
[[1, 0], [27, 32], [-689, -736]]
[[1, 0], [27, 32], [-753, -832]]
[[1, 0], [27, 32], [-809, -576]]
[[1, 0], [27, 32], [-953, -1088]]
[[1, 0], [27, 34], [-747, -578]]
[[1, 0], [27, 34], [-897, -1088]]
[[1, 0], [27, 52], [-39, -68]]
[[1, 0], [27, 544], [-57, -1088]]
[[1, 0], [27, 64], [-149, -192]]
[[1, 0], [27, 64], [-169, -320]]
[[1, 0], [27, 64], [-179, -384]]
[[1, 0], [27, 64], [-215, -288]]
[[1, 0], [27, 64], [-239, -544]]
[[1, 0], [27, 64], [-413, -576]]
[[1, 0], [27, 64], [-477, -1088]]
[[1, 0], [27, 64], [-71, -128]]
[[1, 0], [27, 64], [-83, -96]]
[[1, 0], [27, 64], [-87, -176]]
[[1, 0], [27, 68], [-113, -204]]
[[1, 0], [27, 68], [-329, -748]]
[[1, 0], [27, 68], [-449, -1088]]
[[1, 0], [271, 1088], [-273, -1088]]
[[1, 0], [271, 272], [-1089, -1088]]
[[1, 0], [271, 272], [-821, -816]]
[[1, 0], [271, 288], [-593, -576]]
[[1, 0], [271, 320], [-559, -640]]
[[1, 0], [271, 544], [-545, -1088]]
[[1, 0], [271, 576], [-305, -576]]
[[1, 0], [273, 1088], [-275, -1088]]
[[1, 0], [273, 544], [-549, -1088]]
[[1, 0], [273, 578], [-305, -578]]
[[1, 0], [275, 1088], [-277, -1088]]
[[1, 0], [275, 544], [-553, -1088]]
[[1, 0], [277, 544], [-557, -1088]]
[[1, 0], [277, 552], [-413, -552]]
[[1, 0], [277, 816], [-281, -816]]
[[1, 0], [279, 1088], [-281, -1088]]
[[1, 0], [28, 51], [-252, -187]]
[[1, 0], [28, 51], [-428, -663]]
[[1, 0], [28, 51], [-692, -561]]
[[1, 0], [281, 1088], [-283, -1088]]
[[1, 0], [281, 320], [-579, -640]]
[[1, 0], [281, 544], [-565, -1088]]
[[1, 0], [281, 560], [-349, -560]]
[[1, 0], [283, 1088], [-285, -1088]]
[[1, 0], [283, 544], [-569, -1088]]
[[1, 0], [285, 544], [-573, -1088]]
[[1, 0], [287, 544], [-577, -1088]]
[[1, 0], [289, 576], [-323, -576]]
[[1, 0], [29, 112], [-349, -560]]
[[1, 0], [29, 112], [-97, -112]]
[[1, 0], [29, 119], [-209, -595]]
[[1, 0], [29, 128], [-179, -640]]
[[1, 0], [29, 128], [-191, -768]]
[[1, 0], [29, 128], [-49, -160]]
[[1, 0], [29, 128], [-55, -224]]
[[1, 0], [29, 136], [-169, -680]]
[[1, 0], [29, 136], [-241, -1088]]
[[1, 0], [29, 136], [-37, -136]]
[[1, 0], [29, 272], [-121, -1088]]
[[1, 0], [29, 272], [-33, -272]]
[[1, 0], [29, 272], [-95, -816]]
[[1, 0], [29, 32], [-1021, -1088]]
[[1, 0], [29, 32], [-109, -64]]
[[1, 0], [29, 32], [-237, -224]]
[[1, 0], [29, 32], [-293, -192]]
[[1, 0], [29, 32], [-699, -640]]
[[1, 0], [29, 32], [-721, -608]]
[[1, 0], [29, 32], [-735, -736]]
[[1, 0], [29, 32], [-805, -832]]
[[1, 0], [29, 32], [-845, -576]]
[[1, 0], [29, 34], [-781, -578]]
[[1, 0], [29, 34], [-961, -1088]]
[[1, 0], [29, 544], [-61, -1088]]
[[1, 0], [29, 56], [-517, -952]]
[[1, 0], [29, 56], [-65, -88]]
[[1, 0], [29, 56], [-75, -136]]
[[1, 0], [29, 64], [-155, -192]]
[[1, 0], [29, 64], [-431, -576]]
[[1, 0], [29, 64], [-511, -1088]]
[[1, 0], [29, 64], [-75, -128]]
[[1, 0], [29, 68], [-341, -612]]
[[1, 0], [29, 68], [-351, -748]]
[[1, 0], [29, 68], [-45, -68]]
[[1, 0], [29, 68], [-481, -1088]]
[[1, 0], [291, 1088], [-293, -1088]]
[[1, 0], [291, 320], [-599, -640]]
[[1, 0], [291, 544], [-585, -1088]]
[[1, 0], [293, 544], [-589, -1088]]
[[1, 0], [295, 1088], [-297, -1088]]
[[1, 0], [295, 544], [-593, -1088]]
[[1, 0], [297, 1088], [-299, -1088]]
[[1, 0], [297, 544], [-597, -1088]]
[[1, 0], [299, 1088], [-301, -1088]]
[[1, 0], [299, 544], [-601, -1088]]
[[1, 0], [3, 1088], [-5, -1088]]
[[1, 0], [3, 136], [-33, -1088]]
[[1, 0], [3, 136], [-39, -680]]
[[1, 0], [3, 16], [-1329, -560]]
[[1, 0], [3, 16], [-219, -80]]
[[1, 0], [3, 16], [-257, -192]]
[[1, 0], [3, 16], [-257, -816]]
[[1, 0], [3, 16], [-263, -768]]
[[1, 0], [3, 16], [-273, -1088]]
[[1, 0], [3, 16], [-285, -704]]
[[1, 0], [3, 16], [-29, -64]]
[[1, 0], [3, 16], [-293, -112]]
[[1, 0], [3, 16], [-327, -656]]
[[1, 0], [3, 16], [-389, -624]]
[[1, 0], [3, 16], [-53, -192]]
[[1, 0], [3, 16], [-737, -576]]
[[1, 0], [3, 16], [-75, -128]]
[[1, 0], [3, 16], [-87, -272]]
[[1, 0], [3, 16], [-97, -64]]
[[1, 0], [3, 17], [-103, -221]]
[[1, 0], [3, 17], [-1187, -561]]
[[1, 0], [3, 17], [-137, -51]]
[[1, 0], [3, 17], [-257, -1088]]
[[1, 0], [3, 17], [-257, -731]]
[[1, 0], [3, 17], [-417, -187]]
[[1, 0], [3, 17], [-489, -595]]
[[1, 0], [3, 17], [-79, -85]]
[[1, 0], [3, 32], [-129, -832]]
[[1, 0], [3, 32], [-137, -1088]]
[[1, 0], [3, 32], [-137, -192]]
[[1, 0], [3, 32], [-137, -736]]
[[1, 0], [3, 32], [-179, -640]]
[[1, 0], [3, 32], [-227, -608]]
[[1, 0], [3, 32], [-377, -576]]
[[1, 0], [3, 32], [-55, -224]]
[[1, 0], [3, 32], [-57, -64]]
[[1, 0], [3, 34], [-129, -1088]]
[[1, 0], [3, 34], [-339, -578]]
[[1, 0], [3, 34], [-35, -34]]
[[1, 0], [3, 4], [-1089, -1088]]
[[1, 0], [3, 4], [-147, -128]]
[[1, 0], [3, 4], [-1691, -612]]
[[1, 0], [3, 4], [-19179, -548]]
[[1, 0], [3, 4], [-195, -68]]
[[1, 0], [3, 4], [-283, -128]]
[[1, 0], [3, 4], [-2897, -576]]
[[1, 0], [3, 4], [-311, -52]]
[[1, 0], [3, 4], [-335, -84]]
[[1, 0], [3, 4], [-337, -64]]
[[1, 0], [3, 4], [-569, -204]]
[[1, 0], [3, 4], [-977, -192]]
[[1, 0], [3, 4], [-99, -68]]
[[1, 0], [3, 544], [-9, -1088]]
[[1, 0], [3, 64], [-107, -288]]
[[1, 0], [3, 64], [-197, -576]]
[[1, 0], [3, 64], [-21, -176]]
[[1, 0], [3, 64], [-23, -128]]
[[1, 0], [3, 64], [-35, -384]]
[[1, 0], [3, 64], [-35, -544]]
[[1, 0], [3, 64], [-37, -64]]
[[1, 0], [3, 64], [-47, -96]]
[[1, 0], [3, 64], [-49, -320]]
[[1, 0], [3, 64], [-69, -1088]]
[[1, 0], [3, 64], [-77, -192]]
[[1, 0], [3, 68], [-107, -612]]
[[1, 0], [3, 68], [-41, -204]]
[[1, 0], [3, 68], [-65, -1088]]
[[1, 0], [3, 68], [-65, -748]]
[[1, 0], [3, 8], [-123, -136]]
[[1, 0], [3, 8], [-1457, -576]]
[[1, 0], [3, 8], [-1701, -184]]
[[1, 0], [3, 8], [-177, -64]]
[[1, 0], [3, 8], [-1845, -568]]
[[1, 0], [3, 8], [-281, -24]]
[[1, 0], [3, 8], [-41, -64]]
[[1, 0], [3, 8], [-4967, -552]]
[[1, 0], [3, 8], [-497, -192]]
[[1, 0], [3, 8], [-517, -952]]
[[1, 0], [3, 8], [-545, -1088]]
[[1, 0], [3, 8], [-545, -728]]
[[1, 0], [3, 8], [-599, -680]]
[[1, 0], [3, 8], [-699, -640]]
[[1, 0], [3, 8], [-75, -136]]
[[1, 0], [301, 320], [-619, -640]]
[[1, 0], [301, 544], [-605, -1088]]
[[1, 0], [301, 680], [-309, -680]]
[[1, 0], [301, 816], [-305, -816]]
[[1, 0], [303, 1088], [-305, -1088]]
[[1, 0], [303, 544], [-609, -1088]]
[[1, 0], [305, 1088], [-307, -1088]]
[[1, 0], [305, 544], [-613, -1088]]
[[1, 0], [307, 1088], [-309, -1088]]
[[1, 0], [307, 544], [-617, -1088]]
[[1, 0], [309, 544], [-621, -1088]]
[[1, 0], [31, 102], [-83, -238]]
[[1, 0], [31, 1088], [-33, -1088]]
[[1, 0], [31, 120], [-53, -192]]
[[1, 0], [31, 136], [-179, -680]]
[[1, 0], [31, 136], [-257, -1088]]
[[1, 0], [31, 192], [-161, -576]]
[[1, 0], [31, 192], [-47, -256]]
[[1, 0], [31, 192], [-65, -192]]
[[1, 0], [31, 192], [-89, -288]]
[[1, 0], [31, 204], [-125, -612]]
[[1, 0], [31, 272], [-101, -816]]
[[1, 0], [31, 272], [-129, -1088]]
[[1, 0], [31, 320], [-79, -640]]
[[1, 0], [31, 32], [-1089, -1088]]
[[1, 0], [31, 32], [-113, -64]]
[[1, 0], [31, 32], [-251, -224]]
[[1, 0], [31, 32], [-305, -192]]
[[1, 0], [31, 32], [-739, -640]]
[[1, 0], [31, 32], [-759, -608]]
[[1, 0], [31, 32], [-781, -736]]
[[1, 0], [31, 32], [-857, -832]]
[[1, 0], [31, 32], [-881, -576]]
[[1, 0], [31, 34], [-1025, -1088]]
[[1, 0], [31, 34], [-53, -54]]
[[1, 0], [31, 34], [-815, -578]]
[[1, 0], [31, 40], [-123, -128]]
[[1, 0], [31, 40], [-123, -136]]
[[1, 0], [31, 40], [-53, -64]]
[[1, 0], [31, 40], [-599, -680]]
[[1, 0], [31, 48], [-189, -272]]
[[1, 0], [31, 48], [-209, -192]]
[[1, 0], [31, 48], [-563, -816]]
[[1, 0], [31, 48], [-593, -576]]
[[1, 0], [31, 48], [-81, -64]]
[[1, 0], [31, 51], [-263, -187]]
[[1, 0], [31, 51], [-467, -663]]
[[1, 0], [31, 51], [-725, -561]]
[[1, 0], [31, 544], [-65, -1088]]
[[1, 0], [31, 64], [-125, -144]]
[[1, 0], [31, 64], [-137, -272]]
[[1, 0], [31, 64], [-161, -192]]
[[1, 0], [31, 64], [-189, -320]]
[[1, 0], [31, 64], [-203, -384]]
[[1, 0], [31, 64], [-233, -288]]
[[1, 0], [31, 64], [-273, -544]]
[[1, 0], [31, 64], [-35, -68]]
[[1, 0], [31, 64], [-449, -576]]
[[1, 0], [31, 64], [-545, -1088]]
[[1, 0], [31, 64], [-65, -64]]
[[1, 0], [31, 64], [-69, -136]]
[[1, 0], [31, 64], [-71, -72]]
[[1, 0], [31, 64], [-79, -128]]
[[1, 0], [31, 64], [-89, -96]]
[[1, 0], [31, 68], [-125, -204]]
[[1, 0], [31, 68], [-359, -612]]
[[1, 0], [31, 68], [-373, -748]]
[[1, 0], [31, 68], [-513, -1088]]
[[1, 0], [31, 80], [-125, -112]]
[[1, 0], [31, 80], [-299, -640]]
[[1, 0], [31, 80], [-389, -960]]
[[1, 0], [31, 80], [-489, -560]]
[[1, 0], [31, 85], [-69, -119]]
[[1, 0], [31, 96], [-109, -320]]
[[1, 0], [31, 96], [-113, -192]]
[[1, 0], [31, 96], [-251, -672]]
[[1, 0], [31, 96], [-305, -576]]
[[1, 0], [311, 320], [-639, -640]]
[[1, 0], [311, 544], [-625, -1088]]
[[1, 0], [313, 1088], [-315, -1088]]
[[1, 0], [313, 816], [-317, -816]]
[[1, 0], [315, 1088], [-317, -1088]]
[[1, 0], [315, 544], [-633, -1088]]
[[1, 0], [317, 544], [-637, -1088]]
[[1, 0], [319, 1088], [-321, -1088]]
[[1, 0], [319, 544], [-641, -1088]]
[[1, 0], [321, 544], [-645, -1088]]
[[1, 0], [321, 680], [-329, -680]]
[[1, 0], [325, 544], [-653, -1088]]
[[1, 0], [325, 612], [-341, -612]]
[[1, 0], [325, 816], [-329, -816]]
[[1, 0], [327, 1088], [-329, -1088]]
[[1, 0], [327, 544], [-657, -1088]]
[[1, 0], [329, 1088], [-331, -1088]]
[[1, 0], [329, 544], [-661, -1088]]
[[1, 0], [33, 1088], [-35, -1088]]
[[1, 0], [33, 128], [-199, -640]]
[[1, 0], [33, 128], [-215, -768]]
[[1, 0], [33, 136], [-189, -680]]
[[1, 0], [33, 136], [-273, -1088]]
[[1, 0], [33, 136], [-41, -136]]
[[1, 0], [33, 272], [-107, -816]]
[[1, 0], [33, 272], [-137, -1088]]
[[1, 0], [33, 272], [-37, -272]]
[[1, 0], [33, 34], [-1089, -1088]]
[[1, 0], [33, 34], [-65, -64]]
[[1, 0], [33, 34], [-849, -578]]
[[1, 0], [33, 544], [-69, -1088]]
[[1, 0], [33, 64], [-167, -192]]
[[1, 0], [33, 64], [-467, -576]]
[[1, 0], [33, 64], [-579, -1088]]
[[1, 0], [33, 64], [-67, -64]]
[[1, 0], [33, 64], [-83, -128]]
[[1, 0], [33, 68], [-131, -204]]
[[1, 0], [33, 68], [-377, -612]]
[[1, 0], [33, 68], [-395, -748]]
[[1, 0], [33, 68], [-49, -68]]
[[1, 0], [33, 68], [-545, -1088]]
[[1, 0], [331, 1088], [-333, -1088]]
[[1, 0], [331, 544], [-665, -1088]]
[[1, 0], [333, 544], [-669, -1088]]
[[1, 0], [335, 1088], [-337, -1088]]
[[1, 0], [335, 544], [-673, -1088]]
[[1, 0], [337, 1088], [-339, -1088]]
[[1, 0], [337, 544], [-677, -1088]]
[[1, 0], [337, 816], [-341, -816]]
[[1, 0], [339, 1088], [-341, -1088]]
[[1, 0], [339, 544], [-681, -1088]]
[[1, 0], [341, 544], [-685, -1088]]
[[1, 0], [341, 680], [-349, -680]]
[[1, 0], [343, 1088], [-345, -1088]]
[[1, 0], [343, 544], [-689, -1088]]
[[1, 0], [345, 1088], [-347, -1088]]
[[1, 0], [345, 544], [-693, -1088]]
[[1, 0], [347, 1088], [-349, -1088]]
[[1, 0], [349, 544], [-701, -1088]]
[[1, 0], [349, 816], [-353, -816]]
[[1, 0], [35, 1088], [-37, -1088]]
[[1, 0], [35, 136], [-199, -680]]
[[1, 0], [35, 272], [-113, -816]]
[[1, 0], [35, 272], [-145, -1088]]
[[1, 0], [35, 544], [-73, -1088]]
[[1, 0], [35, 64], [-109, -176]]
[[1, 0], [35, 64], [-173, -192]]
[[1, 0], [35, 64], [-209, -320]]
[[1, 0], [35, 64], [-227, -384]]
[[1, 0], [35, 64], [-251, -288]]
[[1, 0], [35, 64], [-307, -544]]
[[1, 0], [35, 64], [-485, -576]]
[[1, 0], [35, 64], [-613, -1088]]
[[1, 0], [35, 64], [-69, -64]]
[[1, 0], [35, 64], [-87, -128]]
[[1, 0], [35, 64], [-95, -96]]
[[1, 0], [35, 68], [-137, -204]]
[[1, 0], [35, 68], [-395, -612]]
[[1, 0], [35, 68], [-417, -748]]
[[1, 0], [35, 68], [-577, -1088]]
[[1, 0], [351, 1088], [-353, -1088]]
[[1, 0], [351, 544], [-705, -1088]]
[[1, 0], [353, 1088], [-355, -1088]]
[[1, 0], [353, 544], [-709, -1088]]
[[1, 0], [355, 544], [-713, -1088]]
[[1, 0], [359, 1088], [-361, -1088]]
[[1, 0], [359, 544], [-721, -1088]]
[[1, 0], [36, 119], [-244, -595]]
[[1, 0], [36, 85], [-76, -119]]
[[1, 0], [361, 1088], [-363, -1088]]
[[1, 0], [361, 544], [-725, -1088]]
[[1, 0], [361, 576], [-395, -576]]
[[1, 0], [361, 612], [-377, -612]]
[[1, 0], [361, 680], [-369, -680]]
[[1, 0], [361, 816], [-365, -816]]
[[1, 0], [363, 1088], [-365, -1088]]
[[1, 0], [363, 544], [-729, -1088]]
[[1, 0], [365, 544], [-733, -1088]]
[[1, 0], [367, 1088], [-369, -1088]]
[[1, 0], [367, 544], [-737, -1088]]
[[1, 0], [369, 1088], [-371, -1088]]
[[1, 0], [369, 544], [-741, -1088]]
[[1, 0], [37, 102], [-97, -238]]
[[1, 0], [37, 128], [-219, -640]]
[[1, 0], [37, 128], [-239, -768]]
[[1, 0], [37, 128], [-59, -160]]
[[1, 0], [37, 128], [-69, -224]]
[[1, 0], [37, 136], [-209, -680]]
[[1, 0], [37, 136], [-305, -1088]]
[[1, 0], [37, 136], [-45, -136]]
[[1, 0], [37, 144], [-233, -576]]
[[1, 0], [37, 144], [-89, -192]]
[[1, 0], [37, 192], [-179, -576]]
[[1, 0], [37, 192], [-55, -256]]
[[1, 0], [37, 204], [-143, -612]]
[[1, 0], [37, 204], [-53, -204]]
[[1, 0], [37, 272], [-41, -272]]
[[1, 0], [37, 288], [-125, -576]]
[[1, 0], [37, 48], [-223, -272]]
[[1, 0], [37, 48], [-233, -192]]
[[1, 0], [37, 48], [-665, -576]]
[[1, 0], [37, 48], [-665, -816]]
[[1, 0], [37, 48], [-89, -64]]
[[1, 0], [37, 51], [-285, -187]]
[[1, 0], [37, 51], [-545, -663]]
[[1, 0], [37, 51], [-791, -561]]
[[1, 0], [37, 544], [-77, -1088]]
[[1, 0], [37, 612], [-53, -612]]
[[1, 0], [37, 64], [-179, -192]]
[[1, 0], [37, 64], [-503, -576]]
[[1, 0], [37, 64], [-647, -1088]]
[[1, 0], [37, 64], [-91, -128]]
[[1, 0], [37, 68], [-143, -204]]
[[1, 0], [37, 68], [-413, -612]]
[[1, 0], [37, 68], [-439, -748]]
[[1, 0], [37, 68], [-53, -68]]
[[1, 0], [37, 68], [-609, -1088]]
[[1, 0], [37, 72], [-161, -192]]
[[1, 0], [37, 72], [-203, -384]]
[[1, 0], [37, 72], [-449, -576]]
[[1, 0], [37, 816], [-41, -816]]
[[1, 0], [37, 96], [-125, -192]]
[[1, 0], [37, 96], [-129, -320]]
[[1, 0], [37, 96], [-293, -672]]
[[1, 0], [37, 96], [-341, -576]]
[[1, 0], [371, 1088], [-373, -1088]]
[[1, 0], [371, 544], [-745, -1088]]
[[1, 0], [373, 544], [-749, -1088]]
[[1, 0], [373, 816], [-377, -816]]
[[1, 0], [375, 1088], [-377, -1088]]
[[1, 0], [375, 544], [-753, -1088]]
[[1, 0], [377, 1088], [-379, -1088]]
[[1, 0], [377, 544], [-757, -1088]]
[[1, 0], [379, 544], [-761, -1088]]
[[1, 0], [381, 680], [-389, -680]]
[[1, 0], [383, 1088], [-385, -1088]]
[[1, 0], [383, 544], [-769, -1088]]
[[1, 0], [385, 1088], [-387, -1088]]
[[1, 0], [385, 544], [-773, -1088]]
[[1, 0], [385, 816], [-389, -816]]
[[1, 0], [387, 1088], [-389, -1088]]
[[1, 0], [387, 544], [-777, -1088]]
[[1, 0], [389, 544], [-781, -1088]]
[[1, 0], [39, 136], [-219, -680]]
[[1, 0], [39, 136], [-321, -1088]]
[[1, 0], [39, 272], [-125, -816]]
[[1, 0], [39, 272], [-161, -1088]]
[[1, 0], [39, 544], [-81, -1088]]
[[1, 0], [39, 64], [-101, -96]]
[[1, 0], [39, 64], [-143, -144]]
[[1, 0], [39, 64], [-171, -272]]
[[1, 0], [39, 64], [-185, -192]]
[[1, 0], [39, 64], [-229, -320]]
[[1, 0], [39, 64], [-251, -384]]
[[1, 0], [39, 64], [-269, -288]]
[[1, 0], [39, 64], [-341, -544]]
[[1, 0], [39, 64], [-521, -576]]
[[1, 0], [39, 64], [-681, -1088]]
[[1, 0], [39, 64], [-73, -64]]
[[1, 0], [39, 64], [-95, -128]]
[[1, 0], [39, 68], [-149, -204]]
[[1, 0], [39, 68], [-431, -612]]
[[1, 0], [39, 68], [-461, -748]]
[[1, 0], [39, 68], [-641, -1088]]
[[1, 0], [393, 1088], [-395, -1088]]
[[1, 0], [393, 544], [-789, -1088]]
[[1, 0], [395, 1088], [-397, -1088]]
[[1, 0], [395, 544], [-793, -1088]]
[[1, 0], [397, 544], [-797, -1088]]
[[1, 0], [397, 612], [-413, -612]]
[[1, 0], [397, 816], [-401, -816]]
[[1, 0], [399, 1088], [-401, -1088]]
[[1, 0], [399, 544], [-801, -1088]]
[[1, 0], [4, 17], [-116, -221]]
[[1, 0], [4, 17], [-1220, -561]]
[[1, 0], [4, 17], [-140, -51]]
[[1, 0], [4, 17], [-300, -731]]
[[1, 0], [4, 17], [-321, -1088]]
[[1, 0], [4, 17], [-428, -187]]
[[1, 0], [4, 17], [-524, -595]]
[[1, 0], [4, 17], [-84, -85]]
[[1, 0], [4, 51], [-116, -663]]
[[1, 0], [4, 51], [-164, -187]]
[[1, 0], [4, 51], [-428, -561]]
[[1, 0], [40, 51], [-104, -51]]
[[1, 0], [40, 51], [-296, -187]]
[[1, 0], [40, 51], [-584, -663]]
[[1, 0], [40, 51], [-824, -561]]
[[1, 0], [401, 1088], [-403, -1088]]
[[1, 0], [401, 544], [-805, -1088]]
[[1, 0], [401, 680], [-409, -680]]
[[1, 0], [403, 1088], [-405, -1088]]
[[1, 0], [403, 544], [-809, -1088]]
[[1, 0], [405, 544], [-813, -1088]]
[[1, 0], [407, 1088], [-409, -1088]]
[[1, 0], [407, 544], [-817, -1088]]
[[1, 0], [409, 1088], [-411, -1088]]
[[1, 0], [409, 544], [-821, -1088]]
[[1, 0], [409, 816], [-413, -816]]
[[1, 0], [41, 1088], [-43, -1088]]
[[1, 0], [41, 128], [-239, -640]]
[[1, 0], [41, 128], [-263, -768]]
[[1, 0], [41, 136], [-229, -680]]
[[1, 0], [41, 136], [-337, -1088]]
[[1, 0], [41, 136], [-49, -136]]
[[1, 0], [41, 272], [-131, -816]]
[[1, 0], [41, 272], [-169, -1088]]
[[1, 0], [41, 272], [-45, -272]]
[[1, 0], [41, 320], [-99, -640]]
[[1, 0], [41, 64], [-191, -192]]
[[1, 0], [41, 64], [-539, -576]]
[[1, 0], [41, 64], [-715, -1088]]
[[1, 0], [41, 64], [-75, -64]]
[[1, 0], [41, 64], [-99, -128]]
[[1, 0], [41, 680], [-49, -680]]
[[1, 0], [41, 68], [-155, -204]]
[[1, 0], [41, 68], [-449, -612]]
[[1, 0], [41, 68], [-483, -748]]
[[1, 0], [41, 68], [-57, -68]]
[[1, 0], [41, 68], [-673, -1088]]
[[1, 0], [41, 80], [-109, -80]]
[[1, 0], [41, 80], [-139, -112]]
[[1, 0], [41, 80], [-379, -640]]
[[1, 0], [41, 80], [-509, -960]]
[[1, 0], [41, 80], [-559, -560]]
[[1, 0], [41, 85], [-83, -119]]
[[1, 0], [411, 1088], [-413, -1088]]
[[1, 0], [411, 544], [-825, -1088]]
[[1, 0], [413, 544], [-829, -1088]]
[[1, 0], [415, 1088], [-417, -1088]]
[[1, 0], [417, 1088], [-419, -1088]]
[[1, 0], [417, 544], [-837, -1088]]
[[1, 0], [419, 1088], [-421, -1088]]
[[1, 0], [419, 544], [-841, -1088]]
[[1, 0], [421, 544], [-845, -1088]]
[[1, 0], [421, 560], [-489, -560]]
[[1, 0], [421, 680], [-429, -680]]
[[1, 0], [423, 544], [-849, -1088]]
[[1, 0], [427, 1088], [-429, -1088]]
[[1, 0], [427, 544], [-857, -1088]]
[[1, 0], [429, 544], [-861, -1088]]
[[1, 0], [43, 102], [-111, -238]]
[[1, 0], [43, 1088], [-45, -1088]]
[[1, 0], [43, 112], [-419, -560]]
[[1, 0], [43, 119], [-279, -595]]
[[1, 0], [43, 136], [-239, -680]]
[[1, 0], [43, 136], [-353, -1088]]
[[1, 0], [43, 192], [-107, -288]]
[[1, 0], [43, 192], [-197, -576]]
[[1, 0], [43, 192], [-63, -256]]
[[1, 0], [43, 192], [-77, -192]]
[[1, 0], [43, 204], [-161, -612]]
[[1, 0], [43, 272], [-137, -816]]
[[1, 0], [43, 272], [-177, -1088]]
[[1, 0], [43, 48], [-257, -192]]
[[1, 0], [43, 48], [-257, -272]]
[[1, 0], [43, 48], [-737, -576]]
[[1, 0], [43, 48], [-767, -816]]
[[1, 0], [43, 48], [-97, -64]]
[[1, 0], [43, 51], [-107, -51]]
[[1, 0], [43, 51], [-307, -187]]
[[1, 0], [43, 51], [-623, -663]]
[[1, 0], [43, 51], [-857, -561]]
[[1, 0], [43, 544], [-89, -1088]]
[[1, 0], [43, 56], [-109, -136]]
[[1, 0], [43, 56], [-755, -952]]
[[1, 0], [43, 56], [-87, -88]]
[[1, 0], [43, 64], [-103, -128]]
[[1, 0], [43, 64], [-107, -96]]
[[1, 0], [43, 64], [-131, -176]]
[[1, 0], [43, 64], [-197, -192]]
[[1, 0], [43, 64], [-249, -320]]
[[1, 0], [43, 64], [-275, -384]]
[[1, 0], [43, 64], [-287, -288]]
[[1, 0], [43, 64], [-375, -544]]
[[1, 0], [43, 64], [-557, -576]]
[[1, 0], [43, 64], [-749, -1088]]
[[1, 0], [43, 64], [-77, -64]]
[[1, 0], [43, 68], [-161, -204]]
[[1, 0], [43, 68], [-467, -612]]
[[1, 0], [43, 68], [-505, -748]]
[[1, 0], [43, 68], [-705, -1088]]
[[1, 0], [43, 96], [-137, -192]]
[[1, 0], [43, 96], [-149, -320]]
[[1, 0], [43, 96], [-335, -672]]
[[1, 0], [43, 96], [-377, -576]]
[[1, 0], [430, 561], [-494, -561]]
[[1, 0], [431, 1088], [-433, -1088]]
[[1, 0], [431, 544], [-865, -1088]]
[[1, 0], [433, 1088], [-435, -1088]]
[[1, 0], [433, 544], [-869, -1088]]
[[1, 0], [433, 576], [-467, -576]]
[[1, 0], [433, 612], [-449, -612]]
[[1, 0], [433, 816], [-437, -816]]
[[1, 0], [435, 1088], [-437, -1088]]
[[1, 0], [435, 544], [-873, -1088]]
[[1, 0], [437, 544], [-877, -1088]]
[[1, 0], [439, 1088], [-441, -1088]]
[[1, 0], [439, 544], [-881, -1088]]
[[1, 0], [441, 1088], [-443, -1088]]
[[1, 0], [441, 544], [-885, -1088]]
[[1, 0], [441, 680], [-449, -680]]
[[1, 0], [443, 1088], [-445, -1088]]
[[1, 0], [443, 544], [-889, -1088]]
[[1, 0], [445, 544], [-893, -1088]]
[[1, 0], [445, 816], [-449, -816]]
[[1, 0], [447, 544], [-897, -1088]]
[[1, 0], [449, 1088], [-451, -1088]]
[[1, 0], [45, 128], [-259, -640]]
[[1, 0], [45, 128], [-287, -768]]
[[1, 0], [45, 128], [-69, -160]]
[[1, 0], [45, 128], [-83, -224]]
[[1, 0], [45, 136], [-249, -680]]
[[1, 0], [45, 136], [-369, -1088]]
[[1, 0], [45, 136], [-53, -136]]
[[1, 0], [45, 176], [-197, -704]]
[[1, 0], [45, 187], [-109, -187]]
[[1, 0], [45, 187], [-263, -561]]
[[1, 0], [45, 272], [-143, -816]]
[[1, 0], [45, 272], [-185, -1088]]
[[1, 0], [45, 272], [-49, -272]]
[[1, 0], [45, 544], [-93, -1088]]
[[1, 0], [45, 64], [-107, -128]]
[[1, 0], [45, 64], [-203, -192]]
[[1, 0], [45, 64], [-575, -576]]
[[1, 0], [45, 64], [-783, -1088]]
[[1, 0], [45, 68], [-167, -204]]
[[1, 0], [45, 68], [-485, -612]]
[[1, 0], [45, 68], [-61, -68]]
[[1, 0], [45, 68], [-737, -1088]]
[[1, 0], [45, 88], [-67, -128]]
[[1, 0], [451, 1088], [-453, -1088]]
[[1, 0], [451, 544], [-905, -1088]]
[[1, 0], [453, 544], [-909, -1088]]
[[1, 0], [455, 1088], [-457, -1088]]
[[1, 0], [455, 544], [-913, -1088]]
[[1, 0], [457, 544], [-917, -1088]]
[[1, 0], [457, 816], [-461, -816]]
[[1, 0], [46, 51], [-318, -187]]
[[1, 0], [46, 51], [-662, -663]]
[[1, 0], [46, 51], [-890, -561]]
[[1, 0], [46, 85], [-90, -119]]
[[1, 0], [461, 544], [-925, -1088]]
[[1, 0], [461, 680], [-469, -680]]
[[1, 0], [463, 1088], [-465, -1088]]
[[1, 0], [463, 544], [-929, -1088]]
[[1, 0], [465, 1088], [-467, -1088]]
[[1, 0], [465, 544], [-933, -1088]]
[[1, 0], [467, 1088], [-469, -1088]]
[[1, 0], [467, 544], [-937, -1088]]
[[1, 0], [469, 544], [-941, -1088]]
[[1, 0], [469, 612], [-485, -612]]
[[1, 0], [469, 816], [-473, -816]]
[[1, 0], [47, 1088], [-49, -1088]]
[[1, 0], [47, 136], [-259, -680]]
[[1, 0], [47, 136], [-385, -1088]]
[[1, 0], [47, 184], [-413, -552]]
[[1, 0], [47, 272], [-149, -816]]
[[1, 0], [47, 272], [-193, -1088]]
[[1, 0], [47, 544], [-97, -1088]]
[[1, 0], [47, 64], [-103, -136]]
[[1, 0], [47, 64], [-111, -128]]
[[1, 0], [47, 64], [-113, -96]]
[[1, 0], [47, 64], [-161, -144]]
[[1, 0], [47, 64], [-205, -272]]
[[1, 0], [47, 64], [-209, -192]]
[[1, 0], [47, 64], [-269, -320]]
[[1, 0], [47, 64], [-299, -384]]
[[1, 0], [47, 64], [-305, -288]]
[[1, 0], [47, 64], [-409, -544]]
[[1, 0], [47, 64], [-593, -576]]
[[1, 0], [47, 64], [-81, -64]]
[[1, 0], [47, 64], [-817, -1088]]
[[1, 0], [47, 64], [-89, -72]]
[[1, 0], [47, 68], [-173, -204]]
[[1, 0], [47, 68], [-503, -612]]
[[1, 0], [47, 68], [-549, -748]]
[[1, 0], [47, 68], [-769, -1088]]
[[1, 0], [471, 1088], [-473, -1088]]
[[1, 0], [471, 544], [-945, -1088]]
[[1, 0], [473, 1088], [-475, -1088]]
[[1, 0], [473, 544], [-949, -1088]]
[[1, 0], [475, 1088], [-477, -1088]]
[[1, 0], [475, 544], [-953, -1088]]
[[1, 0], [477, 544], [-957, -1088]]
[[1, 0], [479, 1088], [-481, -1088]]
[[1, 0], [479, 544], [-961, -1088]]
[[1, 0], [481, 1088], [-483, -1088]]
[[1, 0], [481, 544], [-965, -1088]]
[[1, 0], [481, 680], [-489, -680]]
[[1, 0], [481, 816], [-485, -816]]
[[1, 0], [483, 1088], [-485, -1088]]
[[1, 0], [485, 544], [-973, -1088]]
[[1, 0], [487, 1088], [-489, -1088]]
[[1, 0], [487, 544], [-977, -1088]]
[[1, 0], [489, 1088], [-491, -1088]]
[[1, 0], [489, 544], [-981, -1088]]
[[1, 0], [49, 102], [-125, -238]]
[[1, 0], [49, 128], [-279, -640]]
[[1, 0], [49, 128], [-311, -768]]
[[1, 0], [49, 136], [-269, -680]]
[[1, 0], [49, 136], [-401, -1088]]
[[1, 0], [49, 136], [-57, -136]]
[[1, 0], [49, 192], [-215, -576]]
[[1, 0], [49, 192], [-71, -256]]
[[1, 0], [49, 192], [-83, -192]]
[[1, 0], [49, 204], [-179, -612]]
[[1, 0], [49, 204], [-65, -204]]
[[1, 0], [49, 272], [-155, -816]]
[[1, 0], [49, 272], [-201, -1088]]
[[1, 0], [49, 272], [-53, -272]]
[[1, 0], [49, 51], [-329, -187]]
[[1, 0], [49, 51], [-701, -663]]
[[1, 0], [49, 51], [-923, -561]]
[[1, 0], [49, 544], [-101, -1088]]
[[1, 0], [49, 64], [-115, -128]]
[[1, 0], [49, 64], [-215, -192]]
[[1, 0], [49, 64], [-611, -576]]
[[1, 0], [49, 64], [-83, -64]]
[[1, 0], [49, 64], [-851, -1088]]
[[1, 0], [49, 68], [-179, -204]]
[[1, 0], [49, 68], [-521, -612]]
[[1, 0], [49, 68], [-571, -748]]
[[1, 0], [49, 68], [-65, -68]]
[[1, 0], [49, 68], [-801, -1088]]
[[1, 0], [49, 816], [-53, -816]]
[[1, 0], [49, 96], [-149, -192]]
[[1, 0], [49, 96], [-169, -320]]
[[1, 0], [49, 96], [-377, -672]]
[[1, 0], [49, 96], [-413, -576]]
[[1, 0], [491, 544], [-985, -1088]]
[[1, 0], [495, 1088], [-497, -1088]]
[[1, 0], [495, 544], [-993, -1088]]
[[1, 0], [497, 1088], [-499, -1088]]
[[1, 0], [497, 544], [-997, -1088]]
[[1, 0], [499, 1088], [-501, -1088]]
[[1, 0], [499, 544], [-1001, -1088]]
[[1, 0], [5, 128], [-13, -224]]
[[1, 0], [5, 128], [-19, -160]]
[[1, 0], [5, 128], [-47, -768]]
[[1, 0], [5, 128], [-59, -640]]
[[1, 0], [5, 136], [-13, -136]]
[[1, 0], [5, 136], [-49, -1088]]
[[1, 0], [5, 136], [-49, -680]]
[[1, 0], [5, 16], [-105, -64]]
[[1, 0], [5, 16], [-121, -272]]
[[1, 0], [5, 16], [-1399, -560]]
[[1, 0], [5, 16], [-229, -80]]
[[1, 0], [5, 16], [-281, -192]]
[[1, 0], [5, 16], [-307, -112]]
[[1, 0], [5, 16], [-359, -768]]
[[1, 0], [5, 16], [-359, -816]]
[[1, 0], [5, 16], [-37, -64]]
[[1, 0], [5, 16], [-373, -704]]
[[1, 0], [5, 16], [-409, -1088]]
[[1, 0], [5, 16], [-409, -656]]
[[1, 0], [5, 16], [-467, -624]]
[[1, 0], [5, 16], [-73, -16]]
[[1, 0], [5, 16], [-77, -192]]
[[1, 0], [5, 16], [-809, -576]]
[[1, 0], [5, 16], [-91, -128]]
[[1, 0], [5, 17], [-1253, -561]]
[[1, 0], [5, 17], [-129, -221]]
[[1, 0], [5, 17], [-143, -51]]
[[1, 0], [5, 17], [-343, -731]]
[[1, 0], [5, 17], [-385, -1088]]
[[1, 0], [5, 17], [-439, -187]]
[[1, 0], [5, 17], [-559, -595]]
[[1, 0], [5, 17], [-69, -17]]
[[1, 0], [5, 17], [-89, -85]]
[[1, 0], [5, 272], [-23, -816]]
[[1, 0], [5, 272], [-25, -1088]]
[[1, 0], [5, 272], [-9, -272]]
[[1, 0], [5, 32], [-149, -192]]
[[1, 0], [5, 32], [-181, -832]]
[[1, 0], [5, 32], [-183, -736]]
[[1, 0], [5, 32], [-205, -1088]]
[[1, 0], [5, 32], [-219, -640]]
[[1, 0], [5, 32], [-265, -608]]
[[1, 0], [5, 32], [-413, -576]]
[[1, 0], [5, 32], [-61, -64]]
[[1, 0], [5, 32], [-69, -224]]
[[1, 0], [5, 34], [-193, -1088]]
[[1, 0], [5, 34], [-37, -34]]
[[1, 0], [5, 34], [-373, -578]]
[[1, 0], [5, 544], [-13, -1088]]
[[1, 0], [5, 64], [-103, -1088]]
[[1, 0], [5, 64], [-215, -576]]
[[1, 0], [5, 64], [-27, -128]]
[[1, 0], [5, 64], [-83, -192]]
[[1, 0], [5, 68], [-125, -612]]
[[1, 0], [5, 68], [-21, -68]]
[[1, 0], [5, 68], [-47, -204]]
[[1, 0], [5, 68], [-87, -748]]
[[1, 0], [5, 68], [-97, -1088]]
[[1, 0], [5, 8], [-109, -136]]
[[1, 0], [5, 8], [-141, -8]]
[[1, 0], [5, 8], [-157, -136]]
[[1, 0], [5, 8], [-1601, -576]]
[[1, 0], [5, 8], [-1747, -184]]
[[1, 0], [5, 8], [-193, -64]]
[[1, 0], [5, 8], [-1987, -568]]
[[1, 0], [5, 8], [-287, -24]]
[[1, 0], [5, 8], [-5105, -552]]
[[1, 0], [5, 8], [-545, -192]]
[[1, 0], [5, 8], [-57, -64]]
[[1, 0], [5, 8], [-727, -728]]
[[1, 0], [5, 8], [-755, -952]]
[[1, 0], [5, 8], [-769, -680]]
[[1, 0], [5, 8], [-817, -1088]]
[[1, 0], [5, 8], [-859, -640]]
[[1, 0], [50, 119], [-314, -595]]
[[1, 0], [501, 544], [-1005, -1088]]
[[1, 0], [501, 680], [-509, -680]]
[[1, 0], [503, 1088], [-505, -1088]]
[[1, 0], [503, 544], [-1009, -1088]]
[[1, 0], [505, 1088], [-507, -1088]]
[[1, 0], [505, 544], [-1013, -1088]]
[[1, 0], [505, 576], [-539, -576]]
[[1, 0], [505, 612], [-521, -612]]
[[1, 0], [505, 816], [-509, -816]]
[[1, 0], [507, 1088], [-509, -1088]]
[[1, 0], [507, 544], [-1017, -1088]]
[[1, 0], [509, 544], [-1021, -1088]]
[[1, 0], [51, 320], [-119, -640]]
[[1, 0], [51, 64], [-119, -128]]
[[1, 0], [51, 64], [-119, -96]]
[[1, 0], [51, 64], [-153, -176]]
[[1, 0], [51, 64], [-221, -192]]
[[1, 0], [51, 64], [-289, -320]]
[[1, 0], [51, 64], [-323, -288]]
[[1, 0], [51, 64], [-323, -384]]
[[1, 0], [51, 64], [-443, -544]]
[[1, 0], [51, 64], [-629, -576]]
[[1, 0], [51, 64], [-885, -1088]]
[[1, 0], [51, 80], [-153, -112]]
[[1, 0], [51, 80], [-459, -640]]
[[1, 0], [51, 80], [-629, -560]]
[[1, 0], [51, 80], [-629, -960]]
[[1, 0], [511, 1088], [-513, -1088]]
[[1, 0], [511, 544], [-1025, -1088]]
[[1, 0], [511, 578], [-543, -578]]
[[1, 0], [513, 1088], [-515, -1088]]
[[1, 0], [513, 544], [-1029, -1088]]
[[1, 0], [515, 544], [-1033, -1088]]
[[1, 0], [517, 816], [-521, -816]]
[[1, 0], [519, 1088], [-521, -1088]]
[[1, 0], [519, 544], [-1041, -1088]]
[[1, 0], [521, 1088], [-523, -1088]]
[[1, 0], [521, 544], [-1045, -1088]]
[[1, 0], [521, 680], [-529, -680]]
[[1, 0], [523, 1088], [-525, -1088]]
[[1, 0], [523, 544], [-1049, -1088]]
[[1, 0], [525, 544], [-1053, -1088]]
[[1, 0], [529, 1088], [-531, -1088]]
[[1, 0], [529, 544], [-1061, -1088]]
[[1, 0], [529, 561], [-593, -561]]
[[1, 0], [529, 816], [-533, -816]]
[[1, 0], [53, 104], [-441, -832]]
[[1, 0], [53, 128], [-299, -640]]
[[1, 0], [53, 128], [-335, -768]]
[[1, 0], [53, 128], [-79, -160]]
[[1, 0], [53, 128], [-97, -224]]
[[1, 0], [53, 136], [-433, -1088]]
[[1, 0], [53, 136], [-61, -136]]
[[1, 0], [53, 272], [-167, -816]]
[[1, 0], [53, 272], [-217, -1088]]
[[1, 0], [53, 272], [-57, -272]]
[[1, 0], [53, 544], [-109, -1088]]
[[1, 0], [53, 64], [-123, -128]]
[[1, 0], [53, 64], [-227, -192]]
[[1, 0], [53, 64], [-647, -576]]
[[1, 0], [53, 64], [-919, -1088]]
[[1, 0], [53, 68], [-191, -204]]
[[1, 0], [53, 68], [-557, -612]]
[[1, 0], [53, 68], [-615, -748]]
[[1, 0], [53, 68], [-69, -68]]
[[1, 0], [53, 68], [-865, -1088]]
[[1, 0], [531, 1088], [-533, -1088]]
[[1, 0], [531, 544], [-1065, -1088]]
[[1, 0], [533, 544], [-1069, -1088]]
[[1, 0], [535, 1088], [-537, -1088]]
[[1, 0], [535, 544], [-1073, -1088]]
[[1, 0], [537, 1088], [-539, -1088]]
[[1, 0], [537, 544], [-1077, -1088]]
[[1, 0], [539, 1088], [-541, -1088]]
[[1, 0], [539, 544], [-1081, -1088]]
[[1, 0], [541, 544], [-1085, -1088]]
[[1, 0], [541, 612], [-557, -612]]
[[1, 0], [541, 680], [-549, -680]]
[[1, 0], [541, 816], [-545, -816]]
[[1, 0], [543, 1088], [-545, -1088]]
[[1, 0], [543, 544], [-1089, -1088]]
[[1, 0], [545, 1088], [-547, -1088]]
[[1, 0], [55, 102], [-139, -238]]
[[1, 0], [55, 1088], [-57, -1088]]
[[1, 0], [55, 136], [-299, -680]]
[[1, 0], [55, 136], [-449, -1088]]
[[1, 0], [55, 144], [-113, -192]]
[[1, 0], [55, 144], [-305, -576]]
[[1, 0], [55, 192], [-125, -288]]
[[1, 0], [55, 192], [-233, -576]]
[[1, 0], [55, 192], [-79, -256]]
[[1, 0], [55, 192], [-89, -192]]
[[1, 0], [55, 204], [-197, -612]]
[[1, 0], [55, 272], [-173, -816]]
[[1, 0], [55, 272], [-225, -1088]]
[[1, 0], [55, 288], [-161, -576]]
[[1, 0], [55, 544], [-113, -1088]]
[[1, 0], [55, 576], [-89, -576]]
[[1, 0], [55, 64], [-125, -96]]
[[1, 0], [55, 64], [-127, -128]]
[[1, 0], [55, 64], [-179, -144]]
[[1, 0], [55, 64], [-233, -192]]
[[1, 0], [55, 64], [-239, -272]]
[[1, 0], [55, 64], [-309, -320]]
[[1, 0], [55, 64], [-341, -288]]
[[1, 0], [55, 64], [-347, -384]]
[[1, 0], [55, 64], [-477, -544]]
[[1, 0], [55, 64], [-665, -576]]
[[1, 0], [55, 64], [-953, -1088]]
[[1, 0], [55, 68], [-197, -204]]
[[1, 0], [55, 68], [-575, -612]]
[[1, 0], [55, 68], [-637, -748]]
[[1, 0], [55, 68], [-897, -1088]]
[[1, 0], [55, 72], [-209, -192]]
[[1, 0], [55, 72], [-299, -384]]
[[1, 0], [55, 72], [-593, -576]]
[[1, 0], [55, 96], [-161, -192]]
[[1, 0], [55, 96], [-189, -320]]
[[1, 0], [55, 96], [-419, -672]]
[[1, 0], [55, 96], [-449, -576]]
[[1, 0], [553, 1088], [-555, -1088]]
[[1, 0], [553, 816], [-557, -816]]
[[1, 0], [559, 576], [-593, -576]]
[[1, 0], [56, 187], [-120, -187]]
[[1, 0], [56, 187], [-296, -561]]
[[1, 0], [56, 85], [-104, -119]]
[[1, 0], [565, 816], [-569, -816]]
[[1, 0], [569, 1088], [-571, -1088]]
[[1, 0], [57, 1088], [-59, -1088]]
[[1, 0], [57, 112], [-125, -112]]
[[1, 0], [57, 112], [-489, -560]]
[[1, 0], [57, 119], [-349, -595]]
[[1, 0], [57, 128], [-319, -640]]
[[1, 0], [57, 128], [-359, -768]]
[[1, 0], [57, 136], [-309, -680]]
[[1, 0], [57, 136], [-465, -1088]]
[[1, 0], [57, 136], [-65, -136]]
[[1, 0], [57, 272], [-179, -816]]
[[1, 0], [57, 272], [-233, -1088]]
[[1, 0], [57, 272], [-61, -272]]
[[1, 0], [57, 544], [-117, -1088]]
[[1, 0], [57, 64], [-131, -128]]
[[1, 0], [57, 64], [-239, -192]]
[[1, 0], [57, 64], [-683, -576]]
[[1, 0], [57, 64], [-91, -64]]
[[1, 0], [57, 64], [-987, -1088]]
[[1, 0], [57, 68], [-203, -204]]
[[1, 0], [57, 68], [-593, -612]]
[[1, 0], [57, 68], [-659, -748]]
[[1, 0], [57, 68], [-73, -68]]
[[1, 0], [57, 68], [-929, -1088]]
[[1, 0], [571, 1088], [-573, -1088]]
[[1, 0], [577, 1088], [-579, -1088]]
[[1, 0], [577, 612], [-593, -612]]
[[1, 0], [577, 816], [-581, -816]]
[[1, 0], [581, 680], [-589, -680]]
[[1, 0], [585, 1088], [-587, -1088]]
[[1, 0], [589, 816], [-593, -816]]
[[1, 0], [59, 1088], [-61, -1088]]
[[1, 0], [59, 136], [-319, -680]]
[[1, 0], [59, 136], [-481, -1088]]
[[1, 0], [59, 272], [-185, -816]]
[[1, 0], [59, 272], [-241, -1088]]
[[1, 0], [59, 544], [-121, -1088]]
[[1, 0], [59, 64], [-1021, -1088]]
[[1, 0], [59, 64], [-131, -96]]
[[1, 0], [59, 64], [-135, -128]]
[[1, 0], [59, 64], [-175, -176]]
[[1, 0], [59, 64], [-245, -192]]
[[1, 0], [59, 64], [-329, -320]]
[[1, 0], [59, 64], [-359, -288]]
[[1, 0], [59, 64], [-371, -384]]
[[1, 0], [59, 64], [-511, -544]]
[[1, 0], [59, 64], [-701, -576]]
[[1, 0], [59, 68], [-209, -204]]
[[1, 0], [59, 68], [-611, -612]]
[[1, 0], [59, 68], [-681, -748]]
[[1, 0], [59, 68], [-961, -1088]]
[[1, 0], [6, 17], [-1286, -561]]
[[1, 0], [6, 17], [-142, -221]]
[[1, 0], [6, 17], [-146, -51]]
[[1, 0], [6, 17], [-386, -731]]
[[1, 0], [6, 17], [-449, -1088]]
[[1, 0], [6, 17], [-450, -187]]
[[1, 0], [6, 17], [-594, -595]]
[[1, 0], [6, 17], [-70, -17]]
[[1, 0], [6, 17], [-94, -85]]
[[1, 0], [601, 1088], [-603, -1088]]
[[1, 0], [601, 680], [-609, -680]]
[[1, 0], [601, 816], [-605, -816]]
[[1, 0], [609, 1088], [-611, -1088]]
[[1, 0], [61, 120], [-101, -192]]
[[1, 0], [61, 128], [-111, -224]]
[[1, 0], [61, 128], [-339, -640]]
[[1, 0], [61, 128], [-383, -768]]
[[1, 0], [61, 128], [-89, -160]]
[[1, 0], [61, 136], [-329, -680]]
[[1, 0], [61, 136], [-497, -1088]]
[[1, 0], [61, 136], [-69, -136]]
[[1, 0], [61, 192], [-251, -576]]
[[1, 0], [61, 192], [-87, -256]]
[[1, 0], [61, 204], [-215, -612]]
[[1, 0], [61, 204], [-77, -204]]
[[1, 0], [61, 272], [-191, -816]]
[[1, 0], [61, 272], [-249, -1088]]
[[1, 0], [61, 272], [-65, -272]]
[[1, 0], [61, 320], [-139, -640]]
[[1, 0], [61, 544], [-125, -1088]]
[[1, 0], [61, 64], [-1055, -1088]]
[[1, 0], [61, 64], [-139, -128]]
[[1, 0], [61, 64], [-251, -192]]
[[1, 0], [61, 64], [-719, -576]]
[[1, 0], [61, 680], [-69, -680]]
[[1, 0], [61, 68], [-215, -204]]
[[1, 0], [61, 68], [-703, -748]]
[[1, 0], [61, 68], [-77, -68]]
[[1, 0], [61, 68], [-993, -1088]]
[[1, 0], [61, 80], [-129, -80]]
[[1, 0], [61, 80], [-167, -112]]
[[1, 0], [61, 80], [-539, -640]]
[[1, 0], [61, 80], [-699, -560]]
[[1, 0], [61, 80], [-749, -960]]
[[1, 0], [61, 816], [-65, -816]]
[[1, 0], [61, 85], [-111, -119]]
[[1, 0], [61, 96], [-173, -192]]
[[1, 0], [61, 96], [-209, -320]]
[[1, 0], [61, 96], [-461, -672]]
[[1, 0], [61, 96], [-485, -576]]
[[1, 0], [613, 816], [-617, -816]]
[[1, 0], [617, 1088], [-619, -1088]]
[[1, 0], [625, 1088], [-627, -1088]]
[[1, 0], [63, 1088], [-65, -1088]]
[[1, 0], [63, 136], [-339, -680]]
[[1, 0], [63, 136], [-513, -1088]]
[[1, 0], [63, 272], [-197, -816]]
[[1, 0], [63, 272], [-257, -1088]]
[[1, 0], [63, 544], [-129, -1088]]
[[1, 0], [63, 64], [-107, -72]]
[[1, 0], [63, 64], [-1089, -1088]]
[[1, 0], [63, 64], [-137, -136]]
[[1, 0], [63, 64], [-137, -96]]
[[1, 0], [63, 64], [-143, -128]]
[[1, 0], [63, 64], [-197, -144]]
[[1, 0], [63, 64], [-257, -192]]
[[1, 0], [63, 64], [-273, -272]]
[[1, 0], [63, 64], [-349, -320]]
[[1, 0], [63, 64], [-377, -288]]
[[1, 0], [63, 64], [-395, -384]]
[[1, 0], [63, 64], [-545, -544]]
[[1, 0], [63, 64], [-69, -68]]
[[1, 0], [63, 64], [-737, -576]]
[[1, 0], [63, 68], [-1025, -1088]]
[[1, 0], [63, 68], [-647, -612]]
[[1, 0], [63, 68], [-725, -748]]
[[1, 0], [633, 1088], [-635, -1088]]
[[1, 0], [637, 816], [-641, -816]]
[[1, 0], [639, 1088], [-641, -1088]]
[[1, 0], [64, 119], [-384, -595]]
[[1, 0], [641, 1088], [-643, -1088]]
[[1, 0], [641, 680], [-649, -680]]
[[1, 0], [649, 1088], [-651, -1088]]
[[1, 0], [649, 816], [-653, -816]]
[[1, 0], [65, 1088], [-67, -1088]]
[[1, 0], [65, 128], [-359, -640]]
[[1, 0], [65, 128], [-407, -768]]
[[1, 0], [65, 136], [-349, -680]]
[[1, 0], [65, 136], [-529, -1088]]
[[1, 0], [65, 136], [-73, -136]]
[[1, 0], [65, 272], [-203, -816]]
[[1, 0], [65, 272], [-265, -1088]]
[[1, 0], [65, 272], [-69, -272]]
[[1, 0], [65, 544], [-133, -1088]]
[[1, 0], [65, 68], [-1057, -1088]]
[[1, 0], [65, 68], [-227, -204]]
[[1, 0], [65, 68], [-665, -612]]
[[1, 0], [65, 68], [-747, -748]]
[[1, 0], [65, 68], [-81, -68]]
[[1, 0], [657, 1088], [-659, -1088]]
[[1, 0], [66, 85], [-118, -119]]
[[1, 0], [661, 680], [-669, -680]]
[[1, 0], [661, 816], [-665, -816]]
[[1, 0], [665, 1088], [-667, -1088]]
[[1, 0], [67, 102], [-167, -238]]
[[1, 0], [67, 1088], [-69, -1088]]
[[1, 0], [67, 136], [-359, -680]]
[[1, 0], [67, 136], [-545, -1088]]
[[1, 0], [67, 176], [-285, -704]]
[[1, 0], [67, 187], [-329, -561]]
[[1, 0], [67, 192], [-101, -192]]
[[1, 0], [67, 192], [-143, -288]]
[[1, 0], [67, 192], [-269, -576]]
[[1, 0], [67, 192], [-95, -256]]
[[1, 0], [67, 204], [-233, -612]]
[[1, 0], [67, 272], [-209, -816]]
[[1, 0], [67, 272], [-273, -1088]]
[[1, 0], [67, 544], [-137, -1088]]
[[1, 0], [67, 68], [-1089, -1088]]
[[1, 0], [67, 68], [-233, -204]]
[[1, 0], [67, 68], [-683, -612]]
[[1, 0], [67, 68], [-769, -748]]
[[1, 0], [67, 88], [-99, -128]]
[[1, 0], [67, 96], [-185, -192]]
[[1, 0], [67, 96], [-229, -320]]
[[1, 0], [67, 96], [-503, -672]]
[[1, 0], [67, 96], [-521, -576]]
[[1, 0], [673, 1088], [-675, -1088]]
[[1, 0], [673, 816], [-677, -816]]
[[1, 0], [681, 1088], [-683, -1088]]
[[1, 0], [685, 816], [-689, -816]]
[[1, 0], [689, 1088], [-691, -1088]]
[[1, 0], [69, 128], [-125, -224]]
[[1, 0], [69, 128], [-379, -640]]
[[1, 0], [69, 128], [-431, -768]]
[[1, 0], [69, 128], [-99, -160]]
[[1, 0], [69, 136], [-369, -680]]
[[1, 0], [69, 136], [-77, -136]]
[[1, 0], [69, 272], [-215, -816]]
[[1, 0], [69, 272], [-281, -1088]]
[[1, 0], [69, 272], [-73, -272]]
[[1, 0], [69, 544], [-141, -1088]]
[[1, 0], [69, 578], [-101, -578]]
[[1, 0], [7, 102], [-27, -238]]
[[1, 0], [7, 1088], [-9, -1088]]
[[1, 0], [7, 12], [-1169, -576]]
[[1, 0], [7, 12], [-145, -64]]
[[1, 0], [7, 12], [-219, -220]]
[[1, 0], [7, 12], [-263, -204]]
[[1, 0], [7, 12], [-401, -192]]
[[1, 0], [7, 12], [-563, -188]]
[[1, 0], [7, 12], [-773, -612]]
[[1, 0], [7, 12], [-93, -68]]
[[1, 0], [7, 136], [-59, -680]]
[[1, 0], [7, 136], [-65, -1088]]
[[1, 0], [7, 16], [-101, -192]]
[[1, 0], [7, 16], [-107, -128]]
[[1, 0], [7, 16], [-113, -64]]
[[1, 0], [7, 16], [-1469, -560]]
[[1, 0], [7, 16], [-155, -272]]
[[1, 0], [7, 16], [-239, -80]]
[[1, 0], [7, 16], [-305, -192]]
[[1, 0], [7, 16], [-321, -112]]
[[1, 0], [7, 16], [-45, -64]]
[[1, 0], [7, 16], [-455, -768]]
[[1, 0], [7, 16], [-461, -704]]
[[1, 0], [7, 16], [-461, -816]]
[[1, 0], [7, 16], [-491, -656]]
[[1, 0], [7, 16], [-545, -1088]]
[[1, 0], [7, 16], [-545, -624]]
[[1, 0], [7, 16], [-881, -576]]
[[1, 0], [7, 17], [-1319, -561]]
[[1, 0], [7, 17], [-149, -51]]
[[1, 0], [7, 17], [-155, -221]]
[[1, 0], [7, 17], [-429, -731]]
[[1, 0], [7, 17], [-461, -187]]
[[1, 0], [7, 17], [-513, -1088]]
[[1, 0], [7, 17], [-71, -17]]
[[1, 0], [7, 17], [-99, -85]]
[[1, 0], [7, 192], [-15, -256]]
[[1, 0], [7, 192], [-41, -192]]
[[1, 0], [7, 192], [-53, -288]]
[[1, 0], [7, 192], [-89, -576]]
[[1, 0], [7, 204], [-53, -612]]
[[1, 0], [7, 24], [-103, -256]]
[[1, 0], [7, 24], [-149, -200]]
[[1, 0], [7, 24], [-1793, -552]]
[[1, 0], [7, 24], [-209, -192]]
[[1, 0], [7, 24], [-43, -128]]
[[1, 0], [7, 24], [-593, -576]]
[[1, 0], [7, 24], [-643, -184]]
[[1, 0], [7, 24], [-81, -64]]
[[1, 0], [7, 272], [-29, -816]]
[[1, 0], [7, 272], [-33, -1088]]
[[1, 0], [7, 32], [-161, -192]]
[[1, 0], [7, 32], [-229, -736]]
[[1, 0], [7, 32], [-233, -832]]
[[1, 0], [7, 32], [-259, -640]]
[[1, 0], [7, 32], [-273, -1088]]
[[1, 0], [7, 32], [-303, -608]]
[[1, 0], [7, 32], [-449, -576]]
[[1, 0], [7, 32], [-65, -64]]
[[1, 0], [7, 32], [-83, -224]]
[[1, 0], [7, 34], [-257, -1088]]
[[1, 0], [7, 34], [-39, -34]]
[[1, 0], [7, 34], [-407, -578]]
[[1, 0], [7, 48], [-113, -192]]
[[1, 0], [7, 48], [-155, -816]]
[[1, 0], [7, 48], [-305, -576]]
[[1, 0], [7, 48], [-49, -64]]
[[1, 0], [7, 48], [-53, -272]]
[[1, 0], [7, 51], [-155, -663]]
[[1, 0], [7, 51], [-175, -187]]
[[1, 0], [7, 51], [-461, -561]]
[[1, 0], [7, 51], [-71, -51]]
[[1, 0], [7, 64], [-125, -288]]
[[1, 0], [7, 64], [-137, -1088]]
[[1, 0], [7, 64], [-233, -576]]
[[1, 0], [7, 64], [-31, -128]]
[[1, 0], [7, 64], [-35, -272]]
[[1, 0], [7, 64], [-41, -64]]
[[1, 0], [7, 64], [-53, -96]]
[[1, 0], [7, 64], [-59, -384]]
[[1, 0], [7, 64], [-69, -320]]
[[1, 0], [7, 64], [-69, -544]]
[[1, 0], [7, 64], [-71, -144]]
[[1, 0], [7, 64], [-89, -192]]
[[1, 0], [7, 68], [-109, -748]]
[[1, 0], [7, 68], [-129, -1088]]
[[1, 0], [7, 68], [-143, -612]]
[[1, 0], [7, 68], [-53, -204]]
[[1, 0], [7, 8], [-1019, -640]]
[[1, 0], [7, 8], [-1089, -1088]]
[[1, 0], [7, 8], [-143, -136]]
[[1, 0], [7, 8], [-1745, -576]]
[[1, 0], [7, 8], [-1793, -184]]
[[1, 0], [7, 8], [-191, -136]]
[[1, 0], [7, 8], [-209, -64]]
[[1, 0], [7, 8], [-2129, -568]]
[[1, 0], [7, 8], [-293, -24]]
[[1, 0], [7, 8], [-5243, -552]]
[[1, 0], [7, 8], [-593, -192]]
[[1, 0], [7, 8], [-73, -64]]
[[1, 0], [7, 8], [-909, -728]]
[[1, 0], [7, 8], [-939, -680]]
[[1, 0], [7, 8], [-993, -952]]
[[1, 0], [7, 96], [-161, -576]]
[[1, 0], [7, 96], [-29, -320]]
[[1, 0], [7, 96], [-65, -192]]
[[1, 0], [7, 96], [-83, -672]]
[[1, 0], [705, 1088], [-707, -1088]]
[[1, 0], [707, 1088], [-709, -1088]]
[[1, 0], [709, 816], [-713, -816]]
[[1, 0], [71, 1088], [-73, -1088]]
[[1, 0], [71, 112], [-559, -560]]
[[1, 0], [71, 119], [-419, -595]]
[[1, 0], [71, 136], [-379, -680]]
[[1, 0], [71, 136], [-577, -1088]]
[[1, 0], [71, 320], [-159, -640]]
[[1, 0], [71, 544], [-145, -1088]]
[[1, 0], [71, 80], [-181, -112]]
[[1, 0], [71, 80], [-619, -640]]
[[1, 0], [71, 80], [-769, -560]]
[[1, 0], [71, 80], [-869, -960]]
[[1, 0], [71, 85], [-125, -119]]
[[1, 0], [713, 1088], [-715, -1088]]
[[1, 0], [721, 1088], [-723, -1088]]
[[1, 0], [721, 816], [-725, -816]]
[[1, 0], [73, 102], [-181, -238]]
[[1, 0], [73, 1088], [-75, -1088]]
[[1, 0], [73, 128], [-399, -640]]
[[1, 0], [73, 128], [-455, -768]]
[[1, 0], [73, 136], [-389, -680]]
[[1, 0], [73, 136], [-593, -1088]]
[[1, 0], [73, 136], [-81, -136]]
[[1, 0], [73, 144], [-137, -192]]
[[1, 0], [73, 144], [-377, -576]]
[[1, 0], [73, 192], [-103, -256]]
[[1, 0], [73, 192], [-107, -192]]
[[1, 0], [73, 192], [-287, -576]]
[[1, 0], [73, 204], [-251, -612]]
[[1, 0], [73, 204], [-89, -204]]
[[1, 0], [73, 272], [-227, -816]]
[[1, 0], [73, 272], [-297, -1088]]
[[1, 0], [73, 272], [-77, -272]]
[[1, 0], [73, 288], [-197, -576]]
[[1, 0], [73, 544], [-149, -1088]]
[[1, 0], [73, 576], [-107, -576]]
[[1, 0], [73, 612], [-89, -612]]
[[1, 0], [73, 816], [-77, -816]]
[[1, 0], [73, 96], [-197, -192]]
[[1, 0], [73, 96], [-249, -320]]
[[1, 0], [73, 96], [-545, -672]]
[[1, 0], [73, 96], [-557, -576]]
[[1, 0], [733, 816], [-737, -816]]
[[1, 0], [737, 1088], [-739, -1088]]
[[1, 0], [745, 1088], [-747, -1088]]
[[1, 0], [745, 816], [-749, -816]]
[[1, 0], [75, 1088], [-77, -1088]]
[[1, 0], [75, 136], [-399, -680]]
[[1, 0], [75, 136], [-609, -1088]]
[[1, 0], [75, 272], [-233, -816]]
[[1, 0], [75, 272], [-305, -1088]]
[[1, 0], [753, 1088], [-755, -1088]]
[[1, 0], [757, 816], [-761, -816]]
[[1, 0], [76, 85], [-132, -119]]
[[1, 0], [761, 1088], [-763, -1088]]
[[1, 0], [769, 1088], [-771, -1088]]
[[1, 0], [769, 816], [-773, -816]]
[[1, 0], [77, 128], [-109, -160]]
[[1, 0], [77, 128], [-139, -224]]
[[1, 0], [77, 128], [-419, -640]]
[[1, 0], [77, 128], [-479, -768]]
[[1, 0], [77, 136], [-409, -680]]
[[1, 0], [77, 136], [-625, -1088]]
[[1, 0], [77, 272], [-239, -816]]
[[1, 0], [77, 272], [-313, -1088]]
[[1, 0], [77, 272], [-81, -272]]
[[1, 0], [77, 544], [-157, -1088]]
[[1, 0], [775, 1088], [-777, -1088]]
[[1, 0], [777, 1088], [-779, -1088]]
[[1, 0], [78, 119], [-454, -595]]
[[1, 0], [78, 187], [-362, -561]]
[[1, 0], [781, 816], [-785, -816]]
[[1, 0], [785, 1088], [-787, -1088]]
[[1, 0], [79, 102], [-195, -238]]
[[1, 0], [79, 104], [-649, -832]]
[[1, 0], [79, 1088], [-81, -1088]]
[[1, 0], [79, 136], [-419, -680]]
[[1, 0], [79, 136], [-641, -1088]]
[[1, 0], [79, 192], [-111, -256]]
[[1, 0], [79, 192], [-113, -192]]
[[1, 0], [79, 192], [-161, -288]]
[[1, 0], [79, 192], [-305, -576]]
[[1, 0], [79, 204], [-269, -612]]
[[1, 0], [79, 272], [-245, -816]]
[[1, 0], [79, 272], [-321, -1088]]
[[1, 0], [79, 544], [-161, -1088]]
[[1, 0], [79, 96], [-209, -192]]
[[1, 0], [79, 96], [-269, -320]]
[[1, 0], [79, 96], [-587, -672]]
[[1, 0], [79, 96], [-593, -576]]
[[1, 0], [793, 1088], [-795, -1088]]
[[1, 0], [793, 816], [-797, -816]]
[[1, 0], [8, 119], [-104, -595]]
[[1, 0], [8, 17], [-104, -85]]
[[1, 0], [8, 17], [-1352, -561]]
[[1, 0], [8, 17], [-152, -51]]
[[1, 0], [8, 17], [-168, -221]]
[[1, 0], [8, 17], [-472, -187]]
[[1, 0], [8, 17], [-472, -731]]
[[1, 0], [8, 17], [-577, -1088]]
[[1, 0], [8, 17], [-664, -595]]
[[1, 0], [8, 17], [-72, -17]]
[[1, 0], [801, 1088], [-803, -1088]]
[[1, 0], [805, 816], [-809, -816]]
[[1, 0], [809, 1088], [-811, -1088]]
[[1, 0], [81, 1088], [-83, -1088]]
[[1, 0], [81, 128], [-439, -640]]
[[1, 0], [81, 128], [-503, -768]]
[[1, 0], [81, 136], [-429, -680]]
[[1, 0], [81, 136], [-657, -1088]]
[[1, 0], [81, 136], [-89, -136]]
[[1, 0], [81, 272], [-251, -816]]
[[1, 0], [81, 272], [-329, -1088]]
[[1, 0], [81, 320], [-179, -640]]
[[1, 0], [81, 544], [-165, -1088]]
[[1, 0], [81, 680], [-89, -680]]
[[1, 0], [81, 85], [-139, -119]]
[[1, 0], [817, 1088], [-819, -1088]]
[[1, 0], [825, 1088], [-827, -1088]]
[[1, 0], [83, 136], [-439, -680]]
[[1, 0], [83, 136], [-673, -1088]]
[[1, 0], [83, 272], [-257, -816]]
[[1, 0], [83, 272], [-337, -1088]]
[[1, 0], [83, 544], [-169, -1088]]
[[1, 0], [841, 1088], [-843, -1088]]
[[1, 0], [843, 1088], [-845, -1088]]
[[1, 0], [849, 1088], [-851, -1088]]
[[1, 0], [85, 112], [-153, -112]]
[[1, 0], [85, 112], [-629, -560]]
[[1, 0], [85, 128], [-119, -160]]
[[1, 0], [85, 128], [-153, -224]]
[[1, 0], [85, 128], [-459, -640]]
[[1, 0], [85, 128], [-527, -768]]
[[1, 0], [85, 192], [-119, -256]]
[[1, 0], [85, 192], [-323, -576]]
[[1, 0], [85, 96], [-221, -192]]
[[1, 0], [85, 96], [-289, -320]]
[[1, 0], [85, 96], [-629, -576]]
[[1, 0], [85, 96], [-629, -672]]
[[1, 0], [857, 1088], [-859, -1088]]
[[1, 0], [87, 1088], [-89, -1088]]
[[1, 0], [87, 136], [-705, -1088]]
[[1, 0], [87, 272], [-269, -816]]
[[1, 0], [87, 272], [-353, -1088]]
[[1, 0], [87, 544], [-177, -1088]]
[[1, 0], [873, 1088], [-875, -1088]]
[[1, 0], [881, 1088], [-883, -1088]]
[[1, 0], [889, 1088], [-891, -1088]]
[[1, 0], [89, 1088], [-91, -1088]]
[[1, 0], [89, 128], [-479, -640]]
[[1, 0], [89, 128], [-551, -768]]
[[1, 0], [89, 136], [-469, -680]]
[[1, 0], [89, 136], [-721, -1088]]
[[1, 0], [89, 136], [-97, -136]]
[[1, 0], [89, 176], [-373, -704]]
[[1, 0], [89, 187], [-395, -561]]
[[1, 0], [89, 272], [-275, -816]]
[[1, 0], [89, 272], [-361, -1088]]
[[1, 0], [89, 272], [-93, -272]]
[[1, 0], [89, 544], [-181, -1088]]
[[1, 0], [897, 1088], [-899, -1088]]
[[1, 0], [9, 1088], [-11, -1088]]
[[1, 0], [9, 128], [-71, -768]]
[[1, 0], [9, 128], [-79, -640]]
[[1, 0], [9, 136], [-69, -680]]
[[1, 0], [9, 136], [-81, -1088]]
[[1, 0], [9, 16], [-121, -64]]
[[1, 0], [9, 16], [-123, -128]]
[[1, 0], [9, 16], [-125, -192]]
[[1, 0], [9, 16], [-1539, -560]]
[[1, 0], [9, 16], [-189, -272]]
[[1, 0], [9, 16], [-249, -80]]
[[1, 0], [9, 16], [-329, -192]]
[[1, 0], [9, 16], [-335, -112]]
[[1, 0], [9, 16], [-53, -64]]
[[1, 0], [9, 16], [-549, -704]]
[[1, 0], [9, 16], [-551, -768]]
[[1, 0], [9, 16], [-563, -816]]
[[1, 0], [9, 16], [-573, -656]]
[[1, 0], [9, 16], [-623, -624]]
[[1, 0], [9, 16], [-681, -1088]]
[[1, 0], [9, 16], [-77, -16]]
[[1, 0], [9, 16], [-953, -576]]
[[1, 0], [9, 17], [-109, -85]]
[[1, 0], [9, 17], [-1385, -561]]
[[1, 0], [9, 17], [-155, -51]]
[[1, 0], [9, 17], [-181, -221]]
[[1, 0], [9, 17], [-483, -187]]
[[1, 0], [9, 17], [-515, -731]]
[[1, 0], [9, 17], [-641, -1088]]
[[1, 0], [9, 17], [-699, -595]]
[[1, 0], [9, 17], [-73, -17]]
[[1, 0], [9, 272], [-13, -272]]
[[1, 0], [9, 272], [-35, -816]]
[[1, 0], [9, 272], [-41, -1088]]
[[1, 0], [9, 32], [-173, -192]]
[[1, 0], [9, 32], [-275, -736]]
[[1, 0], [9, 32], [-285, -832]]
[[1, 0], [9, 32], [-299, -640]]
[[1, 0], [9, 32], [-341, -1088]]
[[1, 0], [9, 32], [-341, -608]]
[[1, 0], [9, 32], [-485, -576]]
[[1, 0], [9, 32], [-69, -64]]
[[1, 0], [9, 32], [-97, -224]]
[[1, 0], [9, 34], [-321, -1088]]
[[1, 0], [9, 34], [-41, -34]]
[[1, 0], [9, 34], [-441, -578]]
[[1, 0], [9, 544], [-21, -1088]]
[[1, 0], [9, 64], [-171, -1088]]
[[1, 0], [9, 64], [-251, -576]]
[[1, 0], [9, 64], [-35, -128]]
[[1, 0], [9, 64], [-43, -64]]
[[1, 0], [9, 64], [-95, -192]]
[[1, 0], [9, 68], [-131, -748]]
[[1, 0], [9, 68], [-161, -1088]]
[[1, 0], [9, 68], [-161, -612]]
[[1, 0], [9, 68], [-25, -68]]
[[1, 0], [9, 68], [-59, -204]]
[[1, 0], [905, 1088], [-907, -1088]]
[[1, 0], [91, 102], [-223, -238]]
[[1, 0], [91, 1088], [-93, -1088]]
[[1, 0], [91, 120], [-149, -192]]
[[1, 0], [91, 136], [-479, -680]]
[[1, 0], [91, 136], [-737, -1088]]
[[1, 0], [91, 144], [-161, -192]]
[[1, 0], [91, 144], [-449, -576]]
[[1, 0], [91, 192], [-127, -256]]
[[1, 0], [91, 192], [-179, -288]]
[[1, 0], [91, 192], [-341, -576]]
[[1, 0], [91, 204], [-305, -612]]
[[1, 0], [91, 272], [-281, -816]]
[[1, 0], [91, 272], [-369, -1088]]
[[1, 0], [91, 288], [-233, -576]]
[[1, 0], [91, 320], [-199, -640]]
[[1, 0], [91, 544], [-185, -1088]]
[[1, 0], [91, 576], [-125, -576]]
[[1, 0], [91, 96], [-233, -192]]
[[1, 0], [91, 96], [-309, -320]]
[[1, 0], [91, 96], [-665, -576]]
[[1, 0], [91, 96], [-671, -672]]
[[1, 0], [911, 1088], [-913, -1088]]
[[1, 0], [913, 1088], [-915, -1088]]
[[1, 0], [92, 119], [-524, -595]]
[[1, 0], [921, 1088], [-923, -1088]]
[[1, 0], [929, 1088], [-931, -1088]]
[[1, 0], [93, 128], [-129, -160]]
[[1, 0], [93, 128], [-167, -224]]
[[1, 0], [93, 128], [-499, -640]]
[[1, 0], [93, 128], [-575, -768]]
[[1, 0], [93, 136], [-101, -136]]
[[1, 0], [93, 136], [-489, -680]]
[[1, 0], [93, 136], [-753, -1088]]
[[1, 0], [93, 184], [-229, -184]]
[[1, 0], [93, 184], [-551, -552]]
[[1, 0], [93, 272], [-287, -816]]
[[1, 0], [93, 272], [-377, -1088]]
[[1, 0], [93, 272], [-97, -272]]
[[1, 0], [93, 544], [-189, -1088]]
[[1, 0], [937, 1088], [-939, -1088]]
[[1, 0], [945, 1088], [-947, -1088]]
[[1, 0], [95, 1088], [-97, -1088]]
[[1, 0], [95, 136], [-499, -680]]
[[1, 0], [95, 136], [-769, -1088]]
[[1, 0], [95, 272], [-293, -816]]
[[1, 0], [95, 272], [-385, -1088]]
[[1, 0], [95, 544], [-193, -1088]]
[[1, 0], [953, 1088], [-955, -1088]]
[[1, 0], [961, 1088], [-963, -1088]]
[[1, 0], [97, 102], [-237, -238]]
[[1, 0], [97, 1088], [-99, -1088]]
[[1, 0], [97, 128], [-519, -640]]
[[1, 0], [97, 128], [-599, -768]]
[[1, 0], [97, 136], [-105, -136]]
[[1, 0], [97, 136], [-509, -680]]
[[1, 0], [97, 136], [-785, -1088]]
[[1, 0], [97, 192], [-131, -192]]
[[1, 0], [97, 192], [-135, -256]]
[[1, 0], [97, 192], [-359, -576]]
[[1, 0], [97, 204], [-113, -204]]
[[1, 0], [97, 272], [-101, -272]]
[[1, 0], [97, 272], [-299, -816]]
[[1, 0], [97, 272], [-393, -1088]]
[[1, 0], [97, 544], [-197, -1088]]
[[1, 0], [97, 816], [-101, -816]]
[[1, 0], [977, 1088], [-979, -1088]]
[[1, 0], [979, 1088], [-981, -1088]]
[[1, 0], [985, 1088], [-987, -1088]]
[[1, 0], [99, 1088], [-101, -1088]]
[[1, 0], [99, 112], [-699, -560]]
[[1, 0], [99, 119], [-559, -595]]
[[1, 0], [99, 136], [-519, -680]]
[[1, 0], [99, 136], [-801, -1088]]
[[1, 0], [99, 272], [-305, -816]]
[[1, 0], [99, 272], [-401, -1088]]
[[1, 0], [99, 544], [-201, -1088]]
[[1, 0], [993, 1088], [-995, -1088]]
