[[1, 0], [0, 1], [-1101, -29]]
[[1, 0], [0, 1], [-1101, -2]]
[[1, 0], [0, 1], [-1101, -38]]
[[1, 0], [0, 1], [-1101, -551]]
[[1, 0], [0, 1], [-135423, -368]]
[[1, 0], [0, 1], [-17249, -375]]
[[1, 0], [0, 1], [-17249, -46]]
[[1, 0], [0, 1], [-1835, -204]]
[[1, 0], [0, 1], [-1835, -34]]
[[1, 0], [0, 1], [-1835, -459]]
[[1, 0], [0, 1], [-1835, -4]]
[[1, 0], [0, 1], [-1835, -54]]
[[1, 0], [0, 1], [-1835, -9]]
[[1, 0], [0, 1], [-22754, -123]]
[[1, 0], [0, 1], [-22754, -185]]
[[1, 0], [0, 1], [-3303, -413]]
[[1, 0], [0, 1], [-3303, -8]]
[[1, 0], [0, 1], [-34131, -371]]
[[1, 0], [0, 1], [-34131, -92]]
[[1, 0], [0, 1], [-367, -16]]
[[1, 0], [0, 1], [-367, -184]]
[[1, 0], [0, 1], [-367, -1]]
[[1, 0], [0, 1], [-367, -23]]
[[1, 0], [0, 1], [-367, -2]]
[[1, 0], [0, 1], [-367, -46]]
[[1, 0], [0, 1], [-367, -4]]
[[1, 0], [0, 1], [-367, -8]]
[[1, 0], [0, 1], [-367, -92]]
[[1, 0], [0, 1], [-368, -367]]
[[1, 0], [0, 1], [-6239, -16]]
[[1, 0], [0, 1], [-6239, -390]]
[[1, 0], [0, 1], [-67895, -184]]
[[1, 0], [0, 1], [-67895, -369]]
[[1, 0], [0, 1], [-734, -105]]
[[1, 0], [0, 1], [-734, -147]]
[[1, 0], [0, 1], [-734, -15]]
[[1, 0], [0, 1], [-734, -1]]
[[1, 0], [0, 1], [-734, -21]]
[[1, 0], [0, 1], [-734, -245]]
[[1, 0], [0, 1], [-734, -35]]
[[1, 0], [0, 1], [-734, -3]]
[[1, 0], [0, 1], [-734, -49]]
[[1, 0], [0, 1], [-734, -5]]
[[1, 0], [0, 1], [-734, -7]]
[[1, 0], [0, 1], [-735, -734]]
[[1, 0], [0, 1], [-7707, -188]]
[[1, 0], [0, 1], [-7707, -41]]
[[1, 0], [0, 1], [-8808, -23]]
[[1, 0], [0, 1], [-8808, -383]]
[[1, 0], [0, 1], [-9175, -124]]
[[1, 0], [0, 1], [-9175, -74]]
[[1, 0], [1, 10], [-1035, -74]]
[[1, 0], [1, 10], [-1139, -380]]
[[1, 0], [1, 10], [-204, -205]]
[[1, 0], [1, 10], [-2404, -185]]
[[1, 0], [1, 10], [-38, -13]]
[[1, 0], [1, 1101], [-2, -1101]]
[[1, 0], [1, 11], [-135, -17]]
[[1, 0], [1, 11], [-1869, -374]]
[[1, 0], [1, 11], [-35, -18]]
[[1, 0], [1, 11], [-769, -385]]
[[1, 0], [1, 123], [-368, -123]]
[[1, 0], [1, 123], [-737, -369]]
[[1, 0], [1, 124], [-185, -186]]
[[1, 0], [1, 12], [-383, -192]]
[[1, 0], [1, 12], [-650, -93]]
[[1, 0], [1, 13], [-1130, -377]]
[[1, 0], [1, 14], [-188, -63]]
[[1, 0], [1, 15], [-124, -25]]
[[1, 0], [1, 16], [-1425, -46]]
[[1, 0], [1, 16], [-2483, -92]]
[[1, 0], [1, 16], [-4599, -184]]
[[1, 0], [1, 16], [-49, -50]]
[[1, 0], [1, 16], [-735, -16]]
[[1, 0], [1, 16], [-8831, -368]]
[[1, 0], [1, 16], [-896, -23]]
[[1, 0], [1, 17], [-23, -24]]
[[1, 0], [1, 17], [-390, -391]]
[[1, 0], [1, 184], [-1103, -368]]
[[1, 0], [1, 184], [-735, -184]]
[[1, 0], [1, 185], [-369, -370]]
[[1, 0], [1, 18], [-755, -378]]
[[1, 0], [1, 19], [-59, -20]]
[[1, 0], [1, 22], [-135, -34]]
[[1, 0], [1, 22], [-35, -36]]
[[1, 0], [1, 23], [-1103, -46]]
[[1, 0], [1, 23], [-1839, -92]]
[[1, 0], [1, 23], [-3311, -184]]
[[1, 0], [1, 23], [-6255, -368]]
[[1, 0], [1, 23], [-735, -23]]
[[1, 0], [1, 24], [-383, -384]]
[[1, 0], [1, 25], [-749, -375]]
[[1, 0], [1, 2], [-1103, -4]]
[[1, 0], [1, 2], [-1139, -76]]
[[1, 0], [1, 2], [-17295, -92]]
[[1, 0], [1, 2], [-1839, -8]]
[[1, 0], [1, 2], [-185, -3]]
[[1, 0], [1, 2], [-188, -9]]
[[1, 0], [1, 2], [-2039, -408]]
[[1, 0], [1, 2], [-204, -41]]
[[1, 0], [1, 2], [-22939, -370]]
[[1, 0], [1, 2], [-2404, -37]]
[[1, 0], [1, 2], [-245, -123]]
[[1, 0], [1, 2], [-3311, -16]]
[[1, 0], [1, 2], [-34223, -184]]
[[1, 0], [1, 2], [-3533, -93]]
[[1, 0], [1, 2], [-368, -367]]
[[1, 0], [1, 2], [-383, -32]]
[[1, 0], [1, 2], [-4599, -23]]
[[1, 0], [1, 2], [-5048, -187]]
[[1, 0], [1, 2], [-68079, -368]]
[[1, 0], [1, 2], [-735, -2]]
[[1, 0], [1, 2], [-735, -734]]
[[1, 0], [1, 2], [-739, -10]]
[[1, 0], [1, 2], [-755, -42]]
[[1, 0], [1, 2], [-783, -98]]
[[1, 0], [1, 2], [-7895, -376]]
[[1, 0], [1, 2], [-839, -210]]
[[1, 0], [1, 2], [-8831, -46]]
[[1, 0], [1, 2], [-979, -490]]
[[1, 0], [1, 30], [-38, -39]]
[[1, 0], [1, 31], [-371, -124]]
[[1, 0], [1, 35], [-54, -55]]
[[1, 0], [1, 367], [-2, -367]]
[[1, 0], [1, 367], [-3, -367]]
[[1, 0], [1, 367], [-5, -734]]
[[1, 0], [1, 368], [-735, -368]]
[[1, 0], [1, 369], [-368, -369]]
[[1, 0], [1, 37], [-369, -74]]
[[1, 0], [1, 37], [-739, -185]]
[[1, 0], [1, 3], [-124, -5]]
[[1, 0], [1, 3], [-147, -74]]
[[1, 0], [1, 3], [-1611, -62]]
[[1, 0], [1, 3], [-184, -185]]
[[1, 0], [1, 3], [-1999, -125]]
[[1, 0], [1, 3], [-22877, -369]]
[[1, 0], [1, 3], [-267, -67]]
[[1, 0], [1, 3], [-2705, -41]]
[[1, 0], [1, 3], [-368, -3]]
[[1, 0], [1, 3], [-371, -12]]
[[1, 0], [1, 3], [-383, -48]]
[[1, 0], [1, 3], [-413, -138]]
[[1, 0], [1, 3], [-551, -552]]
[[1, 0], [1, 3], [-737, -9]]
[[1, 0], [1, 3], [-755, -63]]
[[1, 0], [1, 3], [-7748, -123]]
[[1, 0], [1, 3], [-881, -441]]
[[1, 0], [1, 3], [-9299, -372]]
[[1, 0], [1, 41], [-1844, -369]]
[[1, 0], [1, 41], [-368, -41]]
[[1, 0], [1, 41], [-737, -123]]
[[1, 0], [1, 42], [-188, -189]]
[[1, 0], [1, 46], [-1103, -92]]
[[1, 0], [1, 46], [-1839, -184]]
[[1, 0], [1, 46], [-3311, -368]]
[[1, 0], [1, 46], [-735, -46]]
[[1, 0], [1, 47], [-375, -376]]
[[1, 0], [1, 4], [-105, -53]]
[[1, 0], [1, 4], [-1103, -8]]
[[1, 0], [1, 4], [-17295, -184]]
[[1, 0], [1, 4], [-1839, -16]]
[[1, 0], [1, 4], [-185, -6]]
[[1, 0], [1, 4], [-245, -246]]
[[1, 0], [1, 4], [-2483, -23]]
[[1, 0], [1, 4], [-34223, -368]]
[[1, 0], [1, 4], [-3533, -186]]
[[1, 0], [1, 4], [-383, -64]]
[[1, 0], [1, 4], [-4599, -46]]
[[1, 0], [1, 4], [-650, -31]]
[[1, 0], [1, 4], [-735, -4]]
[[1, 0], [1, 4], [-783, -196]]
[[1, 0], [1, 4], [-839, -420]]
[[1, 0], [1, 4], [-8831, -92]]
[[1, 0], [1, 53], [-741, -371]]
[[1, 0], [1, 5], [-1035, -37]]
[[1, 0], [1, 5], [-1139, -190]]
[[1, 0], [1, 5], [-236, -79]]
[[1, 0], [1, 5], [-369, -10]]
[[1, 0], [1, 5], [-459, -460]]
[[1, 0], [1, 5], [-749, -75]]
[[1, 0], [1, 5], [-92, -93]]
[[1, 0], [1, 5], [-9249, -370]]
[[1, 0], [1, 62], [-185, -93]]
[[1, 0], [1, 6], [-147, -148]]
[[1, 0], [1, 6], [-1611, -124]]
[[1, 0], [1, 6], [-188, -27]]
[[1, 0], [1, 6], [-267, -134]]
[[1, 0], [1, 6], [-383, -96]]
[[1, 0], [1, 6], [-755, -126]]
[[1, 0], [1, 734], [-3, -734]]
[[1, 0], [1, 74], [-739, -370]]
[[1, 0], [1, 75], [-124, -125]]
[[1, 0], [1, 7], [-113, -57]]
[[1, 0], [1, 7], [-1889, -378]]
[[1, 0], [1, 7], [-54, -11]]
[[1, 0], [1, 7], [-794, -53]]
[[1, 0], [1, 8], [-105, -106]]
[[1, 0], [1, 8], [-1103, -16]]
[[1, 0], [1, 8], [-1425, -23]]
[[1, 0], [1, 8], [-17295, -368]]
[[1, 0], [1, 8], [-2483, -46]]
[[1, 0], [1, 8], [-383, -128]]
[[1, 0], [1, 8], [-4599, -92]]
[[1, 0], [1, 8], [-49, -25]]
[[1, 0], [1, 8], [-735, -8]]
[[1, 0], [1, 8], [-783, -392]]
[[1, 0], [1, 8], [-8831, -184]]
[[1, 0], [1, 92], [-1103, -184]]
[[1, 0], [1, 92], [-1839, -368]]
[[1, 0], [1, 92], [-735, -92]]
[[1, 0], [1, 93], [-371, -372]]
[[1, 0], [1, 9], [-1024, -41]]
[[1, 0], [1, 9], [-2705, -123]]
[[1, 0], [1, 9], [-368, -9]]
[[1, 0], [1, 9], [-413, -414]]
[[1, 0], [1, 9], [-46, -47]]
[[1, 0], [1, 9], [-755, -189]]
[[1, 0], [1, 9], [-7748, -369]]
[[1, 0], [10, 1101], [-11, -1101]]
[[1, 0], [10, 367], [-11, -367]]
[[1, 0], [10, 367], [-12, -367]]
[[1, 0], [10, 367], [-23, -734]]
[[1, 0], [100, 367], [-102, -367]]
[[1, 0], [100, 367], [-203, -734]]
[[1, 0], [101, 367], [-103, -367]]
[[1, 0], [101, 367], [-205, -734]]
[[1, 0], [101, 734], [-103, -734]]
[[1, 0], [102, 367], [-104, -367]]
[[1, 0], [102, 367], [-207, -734]]
[[1, 0], [103, 1101], [-104, -1101]]
[[1, 0], [103, 367], [-105, -367]]
[[1, 0], [103, 367], [-209, -734]]
[[1, 0], [103, 734], [-105, -734]]
[[1, 0], [104, 367], [-106, -367]]
[[1, 0], [104, 367], [-211, -734]]
[[1, 0], [105, 367], [-107, -367]]
[[1, 0], [105, 367], [-213, -734]]
[[1, 0], [105, 734], [-107, -734]]
[[1, 0], [106, 1101], [-107, -1101]]
[[1, 0], [106, 367], [-108, -367]]
[[1, 0], [106, 367], [-215, -734]]
[[1, 0], [107, 367], [-109, -367]]
[[1, 0], [107, 367], [-217, -734]]
[[1, 0], [107, 734], [-109, -734]]
[[1, 0], [108, 367], [-110, -367]]
[[1, 0], [108, 367], [-219, -734]]
[[1, 0], [109, 367], [-111, -367]]
[[1, 0], [109, 367], [-221, -734]]
[[1, 0], [109, 734], [-111, -734]]
[[1, 0], [11, 367], [-12, -367]]
[[1, 0], [11, 367], [-13, -367]]
[[1, 0], [11, 367], [-25, -734]]
[[1, 0], [11, 734], [-13, -734]]
[[1, 0], [110, 367], [-112, -367]]
[[1, 0], [110, 367], [-223, -734]]
[[1, 0], [111, 367], [-112, -367]]
[[1, 0], [111, 367], [-113, -367]]
[[1, 0], [111, 367], [-225, -734]]
[[1, 0], [111, 734], [-113, -734]]
[[1, 0], [112, 1101], [-113, -1101]]
[[1, 0], [112, 367], [-114, -367]]
[[1, 0], [112, 367], [-227, -734]]
[[1, 0], [113, 367], [-115, -367]]
[[1, 0], [113, 367], [-229, -734]]
[[1, 0], [113, 734], [-115, -734]]
[[1, 0], [114, 367], [-115, -367]]
[[1, 0], [114, 367], [-116, -367]]
[[1, 0], [114, 367], [-231, -734]]
[[1, 0], [115, 1101], [-116, -1101]]
[[1, 0], [115, 367], [-116, -367]]
[[1, 0], [115, 367], [-117, -367]]
[[1, 0], [115, 367], [-233, -734]]
[[1, 0], [115, 734], [-117, -734]]
[[1, 0], [116, 367], [-118, -367]]
[[1, 0], [116, 367], [-235, -734]]
[[1, 0], [117, 367], [-119, -367]]
[[1, 0], [117, 367], [-237, -734]]
[[1, 0], [117, 734], [-119, -734]]
[[1, 0], [118, 367], [-120, -367]]
[[1, 0], [118, 367], [-239, -734]]
[[1, 0], [119, 367], [-121, -367]]
[[1, 0], [119, 367], [-241, -734]]
[[1, 0], [119, 734], [-121, -734]]
[[1, 0], [12, 367], [-13, -367]]
[[1, 0], [12, 367], [-14, -367]]
[[1, 0], [12, 367], [-27, -734]]
[[1, 0], [120, 367], [-122, -367]]
[[1, 0], [120, 367], [-243, -734]]
[[1, 0], [121, 367], [-123, -367]]
[[1, 0], [121, 367], [-245, -734]]
[[1, 0], [121, 734], [-123, -734]]
[[1, 0], [122, 367], [-124, -367]]
[[1, 0], [122, 367], [-247, -734]]
[[1, 0], [123, 367], [-125, -367]]
[[1, 0], [123, 367], [-249, -734]]
[[1, 0], [123, 734], [-125, -734]]
[[1, 0], [124, 1101], [-125, -1101]]
[[1, 0], [124, 367], [-126, -367]]
[[1, 0], [124, 367], [-251, -734]]
[[1, 0], [125, 367], [-127, -367]]
[[1, 0], [125, 367], [-253, -734]]
[[1, 0], [125, 734], [-127, -734]]
[[1, 0], [126, 367], [-128, -367]]
[[1, 0], [126, 367], [-255, -734]]
[[1, 0], [127, 367], [-129, -367]]
[[1, 0], [127, 367], [-257, -734]]
[[1, 0], [127, 734], [-129, -734]]
[[1, 0], [128, 367], [-130, -367]]
[[1, 0], [128, 367], [-259, -734]]
[[1, 0], [129, 367], [-131, -367]]
[[1, 0], [129, 367], [-261, -734]]
[[1, 0], [129, 734], [-131, -734]]
[[1, 0], [13, 1101], [-14, -1101]]
[[1, 0], [13, 367], [-14, -367]]
[[1, 0], [13, 367], [-15, -367]]
[[1, 0], [13, 367], [-29, -734]]
[[1, 0], [13, 734], [-15, -734]]
[[1, 0], [130, 1101], [-131, -1101]]
[[1, 0], [130, 367], [-132, -367]]
[[1, 0], [130, 367], [-263, -734]]
[[1, 0], [131, 367], [-133, -367]]
[[1, 0], [131, 367], [-265, -734]]
[[1, 0], [131, 734], [-133, -734]]
[[1, 0], [132, 367], [-134, -367]]
[[1, 0], [132, 367], [-267, -734]]
[[1, 0], [133, 1101], [-134, -1101]]
[[1, 0], [133, 367], [-135, -367]]
[[1, 0], [133, 367], [-269, -734]]
[[1, 0], [133, 734], [-135, -734]]
[[1, 0], [134, 367], [-136, -367]]
[[1, 0], [134, 367], [-271, -734]]
[[1, 0], [135, 367], [-137, -367]]
[[1, 0], [135, 367], [-273, -734]]
[[1, 0], [135, 734], [-137, -734]]
[[1, 0], [136, 1101], [-137, -1101]]
[[1, 0], [136, 367], [-138, -367]]
[[1, 0], [136, 367], [-275, -734]]
[[1, 0], [137, 367], [-139, -367]]
[[1, 0], [137, 367], [-277, -734]]
[[1, 0], [137, 734], [-139, -734]]
[[1, 0], [138, 367], [-140, -367]]
[[1, 0], [138, 367], [-279, -734]]
[[1, 0], [139, 1101], [-140, -1101]]
[[1, 0], [139, 367], [-141, -367]]
[[1, 0], [139, 367], [-281, -734]]
[[1, 0], [139, 734], [-141, -734]]
[[1, 0], [14, 367], [-15, -367]]
[[1, 0], [14, 367], [-16, -367]]
[[1, 0], [14, 367], [-31, -734]]
[[1, 0], [140, 367], [-142, -367]]
[[1, 0], [140, 367], [-283, -734]]
[[1, 0], [141, 367], [-142, -367]]
[[1, 0], [141, 367], [-143, -367]]
[[1, 0], [141, 367], [-285, -734]]
[[1, 0], [141, 734], [-143, -734]]
[[1, 0], [142, 367], [-144, -367]]
[[1, 0], [142, 367], [-287, -734]]
[[1, 0], [143, 367], [-145, -367]]
[[1, 0], [143, 367], [-289, -734]]
[[1, 0], [143, 734], [-145, -734]]
[[1, 0], [144, 367], [-146, -367]]
[[1, 0], [144, 367], [-291, -734]]
[[1, 0], [145, 1101], [-146, -1101]]
[[1, 0], [145, 367], [-147, -367]]
[[1, 0], [145, 367], [-293, -734]]
[[1, 0], [145, 734], [-147, -734]]
[[1, 0], [146, 367], [-148, -367]]
[[1, 0], [146, 367], [-295, -734]]
[[1, 0], [147, 367], [-149, -367]]
[[1, 0], [147, 367], [-297, -734]]
[[1, 0], [147, 734], [-149, -734]]
[[1, 0], [148, 367], [-150, -367]]
[[1, 0], [148, 367], [-299, -734]]
[[1, 0], [149, 367], [-151, -367]]
[[1, 0], [149, 367], [-301, -734]]
[[1, 0], [149, 734], [-151, -734]]
[[1, 0], [15, 367], [-16, -367]]
[[1, 0], [15, 367], [-17, -367]]
[[1, 0], [15, 367], [-33, -734]]
[[1, 0], [15, 734], [-17, -734]]
[[1, 0], [150, 367], [-152, -367]]
[[1, 0], [150, 367], [-303, -734]]
[[1, 0], [151, 1101], [-152, -1101]]
[[1, 0], [151, 367], [-153, -367]]
[[1, 0], [151, 367], [-305, -734]]
[[1, 0], [151, 734], [-153, -734]]
[[1, 0], [152, 367], [-154, -367]]
[[1, 0], [152, 367], [-307, -734]]
[[1, 0], [153, 367], [-155, -367]]
[[1, 0], [153, 367], [-309, -734]]
[[1, 0], [153, 734], [-155, -734]]
[[1, 0], [154, 1101], [-155, -1101]]
[[1, 0], [154, 367], [-156, -367]]
[[1, 0], [154, 367], [-311, -734]]
[[1, 0], [155, 367], [-157, -367]]
[[1, 0], [155, 367], [-313, -734]]
[[1, 0], [155, 734], [-157, -734]]
[[1, 0], [156, 367], [-158, -367]]
[[1, 0], [156, 367], [-315, -734]]
[[1, 0], [157, 1101], [-158, -1101]]
[[1, 0], [157, 367], [-159, -367]]
[[1, 0], [157, 367], [-317, -734]]
[[1, 0], [157, 734], [-159, -734]]
[[1, 0], [158, 367], [-160, -367]]
[[1, 0], [158, 367], [-319, -734]]
[[1, 0], [159, 367], [-161, -367]]
[[1, 0], [159, 367], [-321, -734]]
[[1, 0], [159, 734], [-161, -734]]
[[1, 0], [16, 1101], [-17, -1101]]
[[1, 0], [16, 367], [-17, -367]]
[[1, 0], [16, 367], [-18, -367]]
[[1, 0], [16, 367], [-35, -734]]
[[1, 0], [160, 1101], [-161, -1101]]
[[1, 0], [160, 367], [-162, -367]]
[[1, 0], [160, 367], [-323, -734]]
[[1, 0], [161, 367], [-163, -367]]
[[1, 0], [161, 367], [-325, -734]]
[[1, 0], [161, 734], [-163, -734]]
[[1, 0], [162, 367], [-164, -367]]
[[1, 0], [162, 367], [-327, -734]]
[[1, 0], [163, 367], [-165, -367]]
[[1, 0], [163, 367], [-329, -734]]
[[1, 0], [163, 734], [-165, -734]]
[[1, 0], [164, 367], [-166, -367]]
[[1, 0], [164, 367], [-331, -734]]
[[1, 0], [165, 367], [-167, -367]]
[[1, 0], [165, 367], [-333, -734]]
[[1, 0], [165, 734], [-167, -734]]
[[1, 0], [166, 1101], [-167, -1101]]
[[1, 0], [166, 367], [-168, -367]]
[[1, 0], [166, 367], [-335, -734]]
[[1, 0], [167, 367], [-169, -367]]
[[1, 0], [167, 367], [-337, -734]]
[[1, 0], [167, 734], [-169, -734]]
[[1, 0], [168, 367], [-170, -367]]
[[1, 0], [168, 367], [-339, -734]]
[[1, 0], [169, 367], [-171, -367]]
[[1, 0], [169, 367], [-341, -734]]
[[1, 0], [169, 734], [-171, -734]]
[[1, 0], [17, 367], [-18, -367]]
[[1, 0], [17, 367], [-19, -367]]
[[1, 0], [17, 367], [-37, -734]]
[[1, 0], [17, 734], [-19, -734]]
[[1, 0], [170, 367], [-172, -367]]
[[1, 0], [170, 367], [-343, -734]]
[[1, 0], [171, 367], [-173, -367]]
[[1, 0], [171, 367], [-345, -734]]
[[1, 0], [171, 734], [-173, -734]]
[[1, 0], [172, 367], [-174, -367]]
[[1, 0], [172, 367], [-347, -734]]
[[1, 0], [173, 367], [-175, -367]]
[[1, 0], [173, 367], [-349, -734]]
[[1, 0], [173, 734], [-175, -734]]
[[1, 0], [174, 367], [-176, -367]]
[[1, 0], [174, 367], [-351, -734]]
[[1, 0], [175, 367], [-177, -367]]
[[1, 0], [175, 367], [-353, -734]]
[[1, 0], [175, 734], [-177, -734]]
[[1, 0], [176, 367], [-178, -367]]
[[1, 0], [176, 367], [-355, -734]]
[[1, 0], [177, 367], [-179, -367]]
[[1, 0], [177, 367], [-357, -734]]
[[1, 0], [177, 734], [-179, -734]]
[[1, 0], [178, 367], [-180, -367]]
[[1, 0], [178, 367], [-359, -734]]
[[1, 0], [179, 367], [-181, -367]]
[[1, 0], [179, 367], [-361, -734]]
[[1, 0], [179, 734], [-181, -734]]
[[1, 0], [18, 367], [-19, -367]]
[[1, 0], [18, 367], [-20, -367]]
[[1, 0], [18, 367], [-39, -734]]
[[1, 0], [180, 367], [-182, -367]]
[[1, 0], [180, 367], [-363, -734]]
[[1, 0], [181, 367], [-183, -367]]
[[1, 0], [181, 367], [-365, -734]]
[[1, 0], [181, 734], [-183, -734]]
[[1, 0], [182, 367], [-184, -367]]
[[1, 0], [183, 367], [-369, -734]]
[[1, 0], [183, 734], [-185, -734]]
[[1, 0], [184, 1101], [-185, -1101]]
[[1, 0], [184, 367], [-371, -734]]
[[1, 0], [185, 367], [-373, -734]]
[[1, 0], [185, 734], [-187, -734]]
[[1, 0], [186, 367], [-375, -734]]
[[1, 0], [187, 367], [-377, -734]]
[[1, 0], [187, 734], [-189, -734]]
[[1, 0], [188, 367], [-379, -734]]
[[1, 0], [189, 367], [-381, -734]]
[[1, 0], [189, 734], [-191, -734]]
[[1, 0], [19, 1101], [-20, -1101]]
[[1, 0], [19, 367], [-20, -367]]
[[1, 0], [19, 367], [-21, -367]]
[[1, 0], [19, 367], [-41, -734]]
[[1, 0], [19, 734], [-21, -734]]
[[1, 0], [190, 367], [-383, -734]]
[[1, 0], [191, 367], [-385, -734]]
[[1, 0], [191, 734], [-193, -734]]
[[1, 0], [192, 367], [-387, -734]]
[[1, 0], [193, 1101], [-194, -1101]]
[[1, 0], [193, 367], [-389, -734]]
[[1, 0], [193, 734], [-195, -734]]
[[1, 0], [194, 367], [-391, -734]]
[[1, 0], [195, 367], [-393, -734]]
[[1, 0], [195, 734], [-197, -734]]
[[1, 0], [196, 1101], [-197, -1101]]
[[1, 0], [196, 367], [-395, -734]]
[[1, 0], [197, 367], [-397, -734]]
[[1, 0], [197, 734], [-199, -734]]
[[1, 0], [198, 367], [-399, -734]]
[[1, 0], [199, 1101], [-200, -1101]]
[[1, 0], [199, 367], [-401, -734]]
[[1, 0], [199, 734], [-201, -734]]
[[1, 0], [2, 367], [-3, -367]]
[[1, 0], [2, 367], [-4, -367]]
[[1, 0], [2, 367], [-7, -734]]
[[1, 0], [20, 367], [-21, -367]]
[[1, 0], [20, 367], [-22, -367]]
[[1, 0], [20, 367], [-43, -734]]
[[1, 0], [200, 367], [-403, -734]]
[[1, 0], [201, 367], [-405, -734]]
[[1, 0], [201, 734], [-203, -734]]
[[1, 0], [202, 1101], [-203, -1101]]
[[1, 0], [202, 367], [-407, -734]]
[[1, 0], [203, 367], [-409, -734]]
[[1, 0], [203, 734], [-205, -734]]
[[1, 0], [204, 367], [-411, -734]]
[[1, 0], [205, 367], [-413, -734]]
[[1, 0], [205, 734], [-207, -734]]
[[1, 0], [206, 367], [-415, -734]]
[[1, 0], [207, 367], [-417, -734]]
[[1, 0], [207, 734], [-209, -734]]
[[1, 0], [208, 1101], [-209, -1101]]
[[1, 0], [208, 367], [-419, -734]]
[[1, 0], [209, 367], [-421, -734]]
[[1, 0], [209, 734], [-211, -734]]
[[1, 0], [21, 367], [-22, -367]]
[[1, 0], [21, 367], [-23, -367]]
[[1, 0], [21, 367], [-45, -734]]
[[1, 0], [21, 734], [-23, -734]]
[[1, 0], [210, 367], [-423, -734]]
[[1, 0], [211, 367], [-425, -734]]
[[1, 0], [211, 734], [-213, -734]]
[[1, 0], [212, 367], [-427, -734]]
[[1, 0], [213, 367], [-429, -734]]
[[1, 0], [213, 734], [-215, -734]]
[[1, 0], [214, 1101], [-215, -1101]]
[[1, 0], [214, 367], [-431, -734]]
[[1, 0], [215, 367], [-433, -734]]
[[1, 0], [215, 734], [-217, -734]]
[[1, 0], [216, 367], [-435, -734]]
[[1, 0], [217, 1101], [-218, -1101]]
[[1, 0], [217, 367], [-437, -734]]
[[1, 0], [217, 734], [-219, -734]]
[[1, 0], [218, 367], [-439, -734]]
[[1, 0], [219, 367], [-441, -734]]
[[1, 0], [219, 734], [-221, -734]]
[[1, 0], [22, 1101], [-23, -1101]]
[[1, 0], [22, 367], [-24, -367]]
[[1, 0], [22, 367], [-47, -734]]
[[1, 0], [220, 1101], [-221, -1101]]
[[1, 0], [220, 367], [-221, -367]]
[[1, 0], [220, 367], [-443, -734]]
[[1, 0], [221, 367], [-445, -734]]
[[1, 0], [221, 734], [-223, -734]]
[[1, 0], [222, 367], [-447, -734]]
[[1, 0], [223, 367], [-449, -734]]
[[1, 0], [223, 734], [-225, -734]]
[[1, 0], [224, 367], [-451, -734]]
[[1, 0], [225, 367], [-453, -734]]
[[1, 0], [225, 734], [-227, -734]]
[[1, 0], [226, 367], [-455, -734]]
[[1, 0], [227, 367], [-457, -734]]
[[1, 0], [227, 734], [-229, -734]]
[[1, 0], [228, 367], [-459, -734]]
[[1, 0], [229, 367], [-461, -734]]
[[1, 0], [229, 734], [-231, -734]]
[[1, 0], [23, 367], [-25, -367]]
[[1, 0], [23, 367], [-49, -734]]
[[1, 0], [23, 734], [-25, -734]]
[[1, 0], [230, 367], [-463, -734]]
[[1, 0], [231, 367], [-465, -734]]
[[1, 0], [231, 734], [-233, -734]]
[[1, 0], [232, 1101], [-233, -1101]]
[[1, 0], [232, 367], [-467, -734]]
[[1, 0], [233, 367], [-469, -734]]
[[1, 0], [233, 734], [-235, -734]]
[[1, 0], [234, 367], [-471, -734]]
[[1, 0], [235, 367], [-473, -734]]
[[1, 0], [235, 734], [-237, -734]]
[[1, 0], [236, 367], [-475, -734]]
[[1, 0], [237, 367], [-477, -734]]
[[1, 0], [237, 734], [-239, -734]]
[[1, 0], [238, 1101], [-239, -1101]]
[[1, 0], [238, 367], [-479, -734]]
[[1, 0], [239, 367], [-481, -734]]
[[1, 0], [239, 734], [-241, -734]]
[[1, 0], [24, 367], [-25, -367]]
[[1, 0], [24, 367], [-26, -367]]
[[1, 0], [24, 367], [-51, -734]]
[[1, 0], [240, 367], [-483, -734]]
[[1, 0], [241, 1101], [-242, -1101]]
[[1, 0], [241, 367], [-485, -734]]
[[1, 0], [241, 734], [-243, -734]]
[[1, 0], [242, 367], [-487, -734]]
[[1, 0], [243, 367], [-489, -734]]
[[1, 0], [243, 734], [-245, -734]]
[[1, 0], [244, 367], [-491, -734]]
[[1, 0], [245, 367], [-493, -734]]
[[1, 0], [245, 734], [-247, -734]]
[[1, 0], [246, 367], [-495, -734]]
[[1, 0], [247, 1101], [-248, -1101]]
[[1, 0], [247, 367], [-497, -734]]
[[1, 0], [247, 734], [-249, -734]]
[[1, 0], [248, 367], [-499, -734]]
[[1, 0], [249, 367], [-501, -734]]
[[1, 0], [249, 734], [-251, -734]]
[[1, 0], [25, 1101], [-26, -1101]]
[[1, 0], [25, 367], [-26, -367]]
[[1, 0], [25, 367], [-27, -367]]
[[1, 0], [25, 367], [-53, -734]]
[[1, 0], [25, 734], [-27, -734]]
[[1, 0], [250, 367], [-503, -734]]
[[1, 0], [251, 367], [-505, -734]]
[[1, 0], [251, 734], [-253, -734]]
[[1, 0], [252, 367], [-507, -734]]
[[1, 0], [253, 367], [-509, -734]]
[[1, 0], [253, 734], [-255, -734]]
[[1, 0], [254, 367], [-511, -734]]
[[1, 0], [255, 367], [-513, -734]]
[[1, 0], [255, 734], [-257, -734]]
[[1, 0], [256, 1101], [-257, -1101]]
[[1, 0], [256, 367], [-515, -734]]
[[1, 0], [257, 367], [-517, -734]]
[[1, 0], [257, 734], [-259, -734]]
[[1, 0], [258, 367], [-519, -734]]
[[1, 0], [259, 367], [-521, -734]]
[[1, 0], [259, 734], [-261, -734]]
[[1, 0], [26, 367], [-27, -367]]
[[1, 0], [26, 367], [-28, -367]]
[[1, 0], [26, 367], [-55, -734]]
[[1, 0], [260, 367], [-523, -734]]
[[1, 0], [261, 367], [-525, -734]]
[[1, 0], [261, 734], [-263, -734]]
[[1, 0], [262, 1101], [-263, -1101]]
[[1, 0], [262, 367], [-527, -734]]
[[1, 0], [263, 367], [-529, -734]]
[[1, 0], [263, 734], [-265, -734]]
[[1, 0], [264, 367], [-531, -734]]
[[1, 0], [265, 1101], [-266, -1101]]
[[1, 0], [265, 367], [-533, -734]]
[[1, 0], [265, 734], [-267, -734]]
[[1, 0], [266, 367], [-535, -734]]
[[1, 0], [267, 367], [-537, -734]]
[[1, 0], [267, 734], [-269, -734]]
[[1, 0], [268, 367], [-539, -734]]
[[1, 0], [269, 367], [-541, -734]]
[[1, 0], [269, 734], [-271, -734]]
[[1, 0], [27, 367], [-28, -367]]
[[1, 0], [27, 367], [-29, -367]]
[[1, 0], [27, 367], [-57, -734]]
[[1, 0], [27, 734], [-29, -734]]
[[1, 0], [270, 367], [-543, -734]]
[[1, 0], [271, 367], [-545, -734]]
[[1, 0], [271, 734], [-273, -734]]
[[1, 0], [272, 367], [-547, -734]]
[[1, 0], [273, 367], [-549, -734]]
[[1, 0], [273, 734], [-275, -734]]
[[1, 0], [274, 367], [-551, -734]]
[[1, 0], [275, 367], [-553, -734]]
[[1, 0], [275, 734], [-277, -734]]
[[1, 0], [276, 367], [-555, -734]]
[[1, 0], [277, 1101], [-278, -1101]]
[[1, 0], [277, 367], [-557, -734]]
[[1, 0], [277, 734], [-279, -734]]
[[1, 0], [278, 367], [-559, -734]]
[[1, 0], [279, 367], [-561, -734]]
[[1, 0], [279, 734], [-281, -734]]
[[1, 0], [28, 1101], [-29, -1101]]
[[1, 0], [28, 367], [-29, -367]]
[[1, 0], [28, 367], [-30, -367]]
[[1, 0], [28, 367], [-59, -734]]
[[1, 0], [280, 367], [-563, -734]]
[[1, 0], [281, 367], [-565, -734]]
[[1, 0], [281, 734], [-283, -734]]
[[1, 0], [282, 367], [-567, -734]]
[[1, 0], [283, 1101], [-284, -1101]]
[[1, 0], [283, 367], [-569, -734]]
[[1, 0], [283, 734], [-285, -734]]
[[1, 0], [284, 367], [-571, -734]]
[[1, 0], [285, 367], [-573, -734]]
[[1, 0], [285, 734], [-287, -734]]
[[1, 0], [286, 1101], [-287, -1101]]
[[1, 0], [286, 367], [-575, -734]]
[[1, 0], [287, 367], [-577, -734]]
[[1, 0], [287, 734], [-289, -734]]
[[1, 0], [288, 367], [-579, -734]]
[[1, 0], [289, 367], [-581, -734]]
[[1, 0], [289, 734], [-291, -734]]
[[1, 0], [29, 367], [-30, -367]]
[[1, 0], [29, 367], [-31, -367]]
[[1, 0], [29, 367], [-61, -734]]
[[1, 0], [29, 734], [-31, -734]]
[[1, 0], [290, 367], [-583, -734]]
[[1, 0], [291, 367], [-585, -734]]
[[1, 0], [291, 734], [-293, -734]]
[[1, 0], [292, 367], [-587, -734]]
[[1, 0], [293, 367], [-589, -734]]
[[1, 0], [293, 734], [-295, -734]]
[[1, 0], [294, 367], [-591, -734]]
[[1, 0], [295, 367], [-593, -734]]
[[1, 0], [295, 734], [-297, -734]]
[[1, 0], [296, 367], [-595, -734]]
[[1, 0], [297, 367], [-597, -734]]
[[1, 0], [297, 734], [-299, -734]]
[[1, 0], [298, 1101], [-299, -1101]]
[[1, 0], [298, 367], [-599, -734]]
[[1, 0], [299, 367], [-601, -734]]
[[1, 0], [299, 734], [-301, -734]]
[[1, 0], [3, 367], [-4, -367]]
[[1, 0], [3, 367], [-5, -367]]
[[1, 0], [3, 367], [-9, -734]]
[[1, 0], [3, 734], [-5, -734]]
[[1, 0], [30, 367], [-31, -367]]
[[1, 0], [30, 367], [-32, -367]]
[[1, 0], [30, 367], [-63, -734]]
[[1, 0], [300, 367], [-603, -734]]
[[1, 0], [301, 367], [-605, -734]]
[[1, 0], [301, 734], [-303, -734]]
[[1, 0], [302, 367], [-607, -734]]
[[1, 0], [303, 367], [-609, -734]]
[[1, 0], [303, 734], [-305, -734]]
[[1, 0], [304, 367], [-611, -734]]
[[1, 0], [305, 367], [-613, -734]]
[[1, 0], [305, 734], [-307, -734]]
[[1, 0], [306, 367], [-615, -734]]
[[1, 0], [307, 367], [-617, -734]]
[[1, 0], [307, 734], [-309, -734]]
[[1, 0], [308, 367], [-619, -734]]
[[1, 0], [309, 367], [-621, -734]]
[[1, 0], [309, 734], [-311, -734]]
[[1, 0], [31, 1101], [-32, -1101]]
[[1, 0], [31, 367], [-32, -367]]
[[1, 0], [31, 367], [-33, -367]]
[[1, 0], [31, 367], [-65, -734]]
[[1, 0], [31, 734], [-33, -734]]
[[1, 0], [310, 367], [-623, -734]]
[[1, 0], [311, 367], [-625, -734]]
[[1, 0], [311, 734], [-313, -734]]
[[1, 0], [312, 367], [-627, -734]]
[[1, 0], [313, 367], [-629, -734]]
[[1, 0], [313, 734], [-315, -734]]
[[1, 0], [314, 367], [-631, -734]]
[[1, 0], [315, 367], [-633, -734]]
[[1, 0], [315, 734], [-317, -734]]
[[1, 0], [316, 1101], [-317, -1101]]
[[1, 0], [316, 367], [-635, -734]]
[[1, 0], [317, 367], [-637, -734]]
[[1, 0], [317, 734], [-319, -734]]
[[1, 0], [318, 367], [-639, -734]]
[[1, 0], [319, 367], [-641, -734]]
[[1, 0], [319, 734], [-321, -734]]
[[1, 0], [32, 367], [-33, -367]]
[[1, 0], [32, 367], [-34, -367]]
[[1, 0], [32, 367], [-67, -734]]
[[1, 0], [320, 367], [-643, -734]]
[[1, 0], [321, 367], [-645, -734]]
[[1, 0], [321, 734], [-323, -734]]
[[1, 0], [322, 367], [-647, -734]]
[[1, 0], [323, 367], [-649, -734]]
[[1, 0], [323, 734], [-325, -734]]
[[1, 0], [324, 367], [-651, -734]]
[[1, 0], [325, 367], [-653, -734]]
[[1, 0], [325, 734], [-327, -734]]
[[1, 0], [326, 367], [-655, -734]]
[[1, 0], [327, 367], [-657, -734]]
[[1, 0], [327, 734], [-329, -734]]
[[1, 0], [328, 1101], [-329, -1101]]
[[1, 0], [328, 367], [-659, -734]]
[[1, 0], [329, 367], [-661, -734]]
[[1, 0], [329, 734], [-331, -734]]
[[1, 0], [33, 367], [-34, -367]]
[[1, 0], [33, 367], [-35, -367]]
[[1, 0], [33, 367], [-69, -734]]
[[1, 0], [33, 734], [-35, -734]]
[[1, 0], [330, 367], [-663, -734]]
[[1, 0], [331, 367], [-665, -734]]
[[1, 0], [331, 734], [-333, -734]]
[[1, 0], [332, 367], [-667, -734]]
[[1, 0], [333, 367], [-669, -734]]
[[1, 0], [333, 734], [-335, -734]]
[[1, 0], [334, 367], [-671, -734]]
[[1, 0], [335, 367], [-673, -734]]
[[1, 0], [335, 734], [-337, -734]]
[[1, 0], [336, 367], [-675, -734]]
[[1, 0], [337, 367], [-677, -734]]
[[1, 0], [337, 734], [-339, -734]]
[[1, 0], [338, 367], [-679, -734]]
[[1, 0], [339, 367], [-681, -734]]
[[1, 0], [339, 734], [-341, -734]]
[[1, 0], [34, 1101], [-35, -1101]]
[[1, 0], [34, 367], [-36, -367]]
[[1, 0], [34, 367], [-71, -734]]
[[1, 0], [340, 367], [-683, -734]]
[[1, 0], [341, 367], [-685, -734]]
[[1, 0], [341, 734], [-343, -734]]
[[1, 0], [342, 367], [-687, -734]]
[[1, 0], [343, 367], [-689, -734]]
[[1, 0], [343, 734], [-345, -734]]
[[1, 0], [344, 367], [-691, -734]]
[[1, 0], [345, 367], [-693, -734]]
[[1, 0], [345, 734], [-347, -734]]
[[1, 0], [346, 367], [-695, -734]]
[[1, 0], [347, 367], [-697, -734]]
[[1, 0], [347, 734], [-349, -734]]
[[1, 0], [348, 367], [-699, -734]]
[[1, 0], [349, 367], [-701, -734]]
[[1, 0], [349, 734], [-351, -734]]
[[1, 0], [35, 367], [-37, -367]]
[[1, 0], [35, 367], [-73, -734]]
[[1, 0], [35, 734], [-37, -734]]
[[1, 0], [350, 367], [-703, -734]]
[[1, 0], [351, 367], [-705, -734]]
[[1, 0], [351, 734], [-353, -734]]
[[1, 0], [352, 367], [-707, -734]]
[[1, 0], [353, 367], [-709, -734]]
[[1, 0], [353, 734], [-355, -734]]
[[1, 0], [354, 367], [-711, -734]]
[[1, 0], [355, 367], [-713, -734]]
[[1, 0], [355, 734], [-357, -734]]
[[1, 0], [356, 367], [-715, -734]]
[[1, 0], [357, 367], [-717, -734]]
[[1, 0], [357, 734], [-359, -734]]
[[1, 0], [358, 367], [-719, -734]]
[[1, 0], [359, 367], [-721, -734]]
[[1, 0], [359, 734], [-361, -734]]
[[1, 0], [36, 367], [-37, -367]]
[[1, 0], [36, 367], [-38, -367]]
[[1, 0], [36, 367], [-75, -734]]
[[1, 0], [360, 367], [-362, -367]]
[[1, 0], [360, 367], [-723, -734]]
[[1, 0], [361, 367], [-725, -734]]
[[1, 0], [361, 734], [-363, -734]]
[[1, 0], [362, 367], [-727, -734]]
[[1, 0], [363, 367], [-729, -734]]
[[1, 0], [363, 734], [-365, -734]]
[[1, 0], [364, 367], [-731, -734]]
[[1, 0], [365, 367], [-733, -734]]
[[1, 0], [366, 367], [-368, -367]]
[[1, 0], [366, 367], [-735, -734]]
[[1, 0], [37, 367], [-39, -367]]
[[1, 0], [37, 367], [-77, -734]]
[[1, 0], [37, 734], [-39, -734]]
[[1, 0], [38, 367], [-40, -367]]
[[1, 0], [38, 367], [-79, -734]]
[[1, 0], [385, 1101], [-386, -1101]]
[[1, 0], [39, 367], [-40, -367]]
[[1, 0], [39, 367], [-41, -367]]
[[1, 0], [39, 367], [-81, -734]]
[[1, 0], [39, 734], [-41, -734]]
[[1, 0], [4, 367], [-11, -734]]
[[1, 0], [4, 367], [-6, -367]]
[[1, 0], [40, 1101], [-41, -1101]]
[[1, 0], [40, 367], [-41, -367]]
[[1, 0], [40, 367], [-42, -367]]
[[1, 0], [40, 367], [-83, -734]]
[[1, 0], [41, 367], [-42, -367]]
[[1, 0], [41, 367], [-43, -367]]
[[1, 0], [41, 367], [-85, -734]]
[[1, 0], [41, 734], [-43, -734]]
[[1, 0], [42, 367], [-43, -367]]
[[1, 0], [42, 367], [-44, -367]]
[[1, 0], [42, 367], [-87, -734]]
[[1, 0], [43, 367], [-45, -367]]
[[1, 0], [43, 367], [-89, -734]]
[[1, 0], [43, 734], [-45, -734]]
[[1, 0], [44, 367], [-46, -367]]
[[1, 0], [44, 367], [-91, -734]]
[[1, 0], [45, 367], [-47, -367]]
[[1, 0], [45, 367], [-93, -734]]
[[1, 0], [45, 734], [-47, -734]]
[[1, 0], [46, 1101], [-47, -1101]]
[[1, 0], [46, 367], [-48, -367]]
[[1, 0], [46, 367], [-95, -734]]
[[1, 0], [47, 367], [-48, -367]]
[[1, 0], [47, 367], [-49, -367]]
[[1, 0], [47, 367], [-97, -734]]
[[1, 0], [47, 734], [-49, -734]]
[[1, 0], [48, 367], [-50, -367]]
[[1, 0], [48, 367], [-99, -734]]
[[1, 0], [49, 367], [-101, -734]]
[[1, 0], [49, 367], [-51, -367]]
[[1, 0], [49, 734], [-51, -734]]
[[1, 0], [5, 367], [-13, -734]]
[[1, 0], [5, 367], [-6, -367]]
[[1, 0], [50, 367], [-103, -734]]
[[1, 0], [50, 367], [-52, -367]]
[[1, 0], [51, 367], [-105, -734]]
[[1, 0], [51, 367], [-53, -367]]
[[1, 0], [51, 734], [-53, -734]]
[[1, 0], [52, 1101], [-53, -1101]]
[[1, 0], [52, 367], [-107, -734]]
[[1, 0], [52, 367], [-53, -367]]
[[1, 0], [52, 367], [-54, -367]]
[[1, 0], [53, 367], [-109, -734]]
[[1, 0], [53, 367], [-55, -367]]
[[1, 0], [53, 734], [-55, -734]]
[[1, 0], [54, 367], [-111, -734]]
[[1, 0], [54, 367], [-56, -367]]
[[1, 0], [55, 367], [-113, -734]]
[[1, 0], [55, 367], [-57, -367]]
[[1, 0], [55, 734], [-57, -734]]
[[1, 0], [56, 367], [-115, -734]]
[[1, 0], [56, 367], [-57, -367]]
[[1, 0], [56, 367], [-58, -367]]
[[1, 0], [57, 367], [-117, -734]]
[[1, 0], [57, 367], [-59, -367]]
[[1, 0], [57, 734], [-59, -734]]
[[1, 0], [58, 367], [-119, -734]]
[[1, 0], [58, 367], [-60, -367]]
[[1, 0], [59, 367], [-121, -734]]
[[1, 0], [59, 367], [-61, -367]]
[[1, 0], [59, 734], [-61, -734]]
[[1, 0], [6, 367], [-15, -734]]
[[1, 0], [6, 367], [-7, -367]]
[[1, 0], [6, 367], [-8, -367]]
[[1, 0], [60, 367], [-123, -734]]
[[1, 0], [60, 367], [-62, -367]]
[[1, 0], [61, 1101], [-62, -1101]]
[[1, 0], [61, 367], [-125, -734]]
[[1, 0], [61, 367], [-63, -367]]
[[1, 0], [61, 734], [-63, -734]]
[[1, 0], [62, 367], [-127, -734]]
[[1, 0], [62, 367], [-63, -367]]
[[1, 0], [62, 367], [-64, -367]]
[[1, 0], [63, 367], [-129, -734]]
[[1, 0], [63, 367], [-64, -367]]
[[1, 0], [63, 367], [-65, -367]]
[[1, 0], [63, 734], [-65, -734]]
[[1, 0], [64, 1101], [-65, -1101]]
[[1, 0], [64, 367], [-131, -734]]
[[1, 0], [64, 367], [-65, -367]]
[[1, 0], [64, 367], [-66, -367]]
[[1, 0], [65, 367], [-133, -734]]
[[1, 0], [65, 367], [-66, -367]]
[[1, 0], [65, 367], [-67, -367]]
[[1, 0], [65, 734], [-67, -734]]
[[1, 0], [66, 367], [-135, -734]]
[[1, 0], [66, 367], [-67, -367]]
[[1, 0], [66, 367], [-68, -367]]
[[1, 0], [67, 1101], [-68, -1101]]
[[1, 0], [67, 367], [-137, -734]]
[[1, 0], [67, 367], [-69, -367]]
[[1, 0], [67, 734], [-69, -734]]
[[1, 0], [68, 367], [-139, -734]]
[[1, 0], [68, 367], [-70, -367]]
[[1, 0], [69, 367], [-141, -734]]
[[1, 0], [69, 367], [-70, -367]]
[[1, 0], [69, 367], [-71, -367]]
[[1, 0], [69, 734], [-71, -734]]
[[1, 0], [7, 1101], [-8, -1101]]
[[1, 0], [7, 367], [-17, -734]]
[[1, 0], [7, 367], [-8, -367]]
[[1, 0], [7, 367], [-9, -367]]
[[1, 0], [7, 734], [-9, -734]]
[[1, 0], [70, 367], [-143, -734]]
[[1, 0], [70, 367], [-72, -367]]
[[1, 0], [71, 367], [-145, -734]]
[[1, 0], [71, 367], [-73, -367]]
[[1, 0], [71, 734], [-73, -734]]
[[1, 0], [72, 367], [-147, -734]]
[[1, 0], [72, 367], [-73, -367]]
[[1, 0], [72, 367], [-74, -367]]
[[1, 0], [727, 734], [-729, -734]]
[[1, 0], [73, 1101], [-74, -1101]]
[[1, 0], [73, 367], [-149, -734]]
[[1, 0], [73, 367], [-74, -367]]
[[1, 0], [73, 367], [-75, -367]]
[[1, 0], [73, 734], [-75, -734]]
[[1, 0], [733, 734], [-735, -734]]
[[1, 0], [74, 367], [-151, -734]]
[[1, 0], [74, 367], [-75, -367]]
[[1, 0], [74, 367], [-76, -367]]
[[1, 0], [75, 367], [-153, -734]]
[[1, 0], [75, 367], [-76, -367]]
[[1, 0], [75, 367], [-77, -367]]
[[1, 0], [75, 734], [-77, -734]]
[[1, 0], [76, 1101], [-77, -1101]]
[[1, 0], [76, 367], [-155, -734]]
[[1, 0], [76, 367], [-77, -367]]
[[1, 0], [76, 367], [-78, -367]]
[[1, 0], [77, 367], [-157, -734]]
[[1, 0], [77, 367], [-78, -367]]
[[1, 0], [77, 367], [-79, -367]]
[[1, 0], [77, 734], [-79, -734]]
[[1, 0], [78, 367], [-159, -734]]
[[1, 0], [78, 367], [-79, -367]]
[[1, 0], [78, 367], [-80, -367]]
[[1, 0], [79, 1101], [-80, -1101]]
[[1, 0], [79, 367], [-161, -734]]
[[1, 0], [79, 367], [-81, -367]]
[[1, 0], [79, 734], [-81, -734]]
[[1, 0], [8, 367], [-10, -367]]
[[1, 0], [8, 367], [-19, -734]]
[[1, 0], [8, 367], [-9, -367]]
[[1, 0], [80, 367], [-163, -734]]
[[1, 0], [80, 367], [-82, -367]]
[[1, 0], [81, 367], [-165, -734]]
[[1, 0], [81, 367], [-82, -367]]
[[1, 0], [81, 367], [-83, -367]]
[[1, 0], [81, 734], [-83, -734]]
[[1, 0], [82, 1101], [-83, -1101]]
[[1, 0], [82, 367], [-167, -734]]
[[1, 0], [82, 367], [-83, -367]]
[[1, 0], [82, 367], [-84, -367]]
[[1, 0], [83, 367], [-169, -734]]
[[1, 0], [83, 367], [-84, -367]]
[[1, 0], [83, 367], [-85, -367]]
[[1, 0], [83, 734], [-85, -734]]
[[1, 0], [84, 367], [-171, -734]]
[[1, 0], [84, 367], [-86, -367]]
[[1, 0], [85, 367], [-173, -734]]
[[1, 0], [85, 367], [-87, -367]]
[[1, 0], [85, 734], [-87, -734]]
[[1, 0], [86, 367], [-175, -734]]
[[1, 0], [86, 367], [-88, -367]]
[[1, 0], [87, 367], [-177, -734]]
[[1, 0], [87, 367], [-88, -367]]
[[1, 0], [87, 367], [-89, -367]]
[[1, 0], [87, 734], [-89, -734]]
[[1, 0], [88, 1101], [-89, -1101]]
[[1, 0], [88, 367], [-179, -734]]
[[1, 0], [88, 367], [-90, -367]]
[[1, 0], [89, 367], [-181, -734]]
[[1, 0], [89, 367], [-91, -367]]
[[1, 0], [89, 734], [-91, -734]]
[[1, 0], [9, 367], [-10, -367]]
[[1, 0], [9, 367], [-11, -367]]
[[1, 0], [9, 367], [-21, -734]]
[[1, 0], [9, 734], [-11, -734]]
[[1, 0], [90, 367], [-183, -734]]
[[1, 0], [90, 367], [-92, -367]]
[[1, 0], [91, 1101], [-92, -1101]]
[[1, 0], [91, 367], [-185, -734]]
[[1, 0], [91, 367], [-93, -367]]
[[1, 0], [91, 734], [-93, -734]]
[[1, 0], [92, 367], [-187, -734]]
[[1, 0], [92, 367], [-94, -367]]
[[1, 0], [93, 367], [-189, -734]]
[[1, 0], [93, 367], [-95, -367]]
[[1, 0], [93, 734], [-95, -734]]
[[1, 0], [94, 367], [-191, -734]]
[[1, 0], [94, 367], [-96, -367]]
[[1, 0], [95, 367], [-193, -734]]
[[1, 0], [95, 367], [-97, -367]]
[[1, 0], [95, 734], [-97, -734]]
[[1, 0], [96, 367], [-195, -734]]
[[1, 0], [96, 367], [-98, -367]]
[[1, 0], [97, 1101], [-98, -1101]]
[[1, 0], [97, 367], [-197, -734]]
[[1, 0], [97, 367], [-98, -367]]
[[1, 0], [97, 367], [-99, -367]]
[[1, 0], [97, 734], [-99, -734]]
[[1, 0], [98, 367], [-100, -367]]
[[1, 0], [98, 367], [-199, -734]]
[[1, 0], [98, 367], [-99, -367]]
[[1, 0], [99, 367], [-101, -367]]
[[1, 0], [99, 367], [-201, -734]]
[[1, 0], [99, 734], [-101, -734]]
