[[1, 0], [0, 1], [-106798, -133]]
[[1, 0], [0, 1], [-106798, -803]]
[[1, 0], [0, 1], [-11955, -14]]
[[1, 0], [0, 1], [-11955, -854]]
[[1, 0], [0, 1], [-13549, -271]]
[[1, 0], [0, 1], [-13549, -50]]
[[1, 0], [0, 1], [-1594, -11]]
[[1, 0], [0, 1], [-1594, -145]]
[[1, 0], [0, 1], [-1594, -1]]
[[1, 0], [0, 1], [-1594, -29]]
[[1, 0], [0, 1], [-1594, -319]]
[[1, 0], [0, 1], [-1594, -55]]
[[1, 0], [0, 1], [-1594, -5]]
[[1, 0], [0, 1], [-15940, -19]]
[[1, 0], [0, 1], [-15940, -839]]
[[1, 0], [0, 1], [-1595, -1594]]
[[1, 0], [0, 1], [-17534, -21]]
[[1, 0], [0, 1], [-17534, -835]]
[[1, 0], [0, 1], [-19128, -407]]
[[1, 0], [0, 1], [-19128, -47]]
[[1, 0], [0, 1], [-212799, -266]]
[[1, 0], [0, 1], [-212799, -800]]
[[1, 0], [0, 1], [-21519, -269]]
[[1, 0], [0, 1], [-21519, -80]]
[[1, 0], [0, 1], [-2391, -104]]
[[1, 0], [0, 1], [-2391, -1196]]
[[1, 0], [0, 1], [-2391, -23]]
[[1, 0], [0, 1], [-2391, -26]]
[[1, 0], [0, 1], [-2391, -299]]
[[1, 0], [0, 1], [-2391, -2]]
[[1, 0], [0, 1], [-2391, -8]]
[[1, 0], [0, 1], [-2391, -92]]
[[1, 0], [0, 1], [-31083, -38]]
[[1, 0], [0, 1], [-31083, -818]]
[[1, 0], [0, 1], [-3188, -1063]]
[[1, 0], [0, 1], [-3188, -3]]
[[1, 0], [0, 1], [-318800, -399]]
[[1, 0], [0, 1], [-318800, -799]]
[[1, 0], [0, 1], [-34271, -42]]
[[1, 0], [0, 1], [-34271, -816]]
[[1, 0], [0, 1], [-46226, -57]]
[[1, 0], [0, 1], [-46226, -811]]
[[1, 0], [0, 1], [-53399, -200]]
[[1, 0], [0, 1], [-53399, -267]]
[[1, 0], [0, 1], [-5579, -20]]
[[1, 0], [0, 1], [-5579, -279]]
[[1, 0], [0, 1], [-5579, -62]]
[[1, 0], [0, 1], [-5579, -6]]
[[1, 0], [0, 1], [-5579, -90]]
[[1, 0], [0, 1], [-5579, -930]]
[[1, 0], [0, 1], [-636803, -798]]
[[1, 0], [0, 1], [-6376, -7]]
[[1, 0], [0, 1], [-6376, -911]]
[[1, 0], [0, 1], [-7173, -17]]
[[1, 0], [0, 1], [-7173, -422]]
[[1, 0], [0, 1], [-797, -114]]
[[1, 0], [0, 1], [-797, -133]]
[[1, 0], [0, 1], [-797, -14]]
[[1, 0], [0, 1], [-797, -19]]
[[1, 0], [0, 1], [-797, -1]]
[[1, 0], [0, 1], [-797, -21]]
[[1, 0], [0, 1], [-797, -266]]
[[1, 0], [0, 1], [-797, -2]]
[[1, 0], [0, 1], [-797, -38]]
[[1, 0], [0, 1], [-797, -399]]
[[1, 0], [0, 1], [-797, -3]]
[[1, 0], [0, 1], [-797, -42]]
[[1, 0], [0, 1], [-797, -57]]
[[1, 0], [0, 1], [-797, -6]]
[[1, 0], [0, 1], [-797, -7]]
[[1, 0], [0, 1], [-798, -797]]
[[1, 0], [0, 1], [-8767, -274]]
[[1, 0], [0, 1], [-8767, -32]]
[[1, 0], [0, 1], [-91655, -114]]
[[1, 0], [0, 1], [-91655, -804]]
[[1, 0], [1, 100], [-2399, -800]]
[[1, 0], [1, 100], [-799, -200]]
[[1, 0], [1, 10], [-1119, -32]]
[[1, 0], [1, 10], [-1599, -50]]
[[1, 0], [1, 10], [-21599, -800]]
[[1, 0], [1, 10], [-2399, -80]]
[[1, 0], [1, 10], [-327, -82]]
[[1, 0], [1, 10], [-5599, -200]]
[[1, 0], [1, 10], [-566, -81]]
[[1, 0], [1, 10], [-799, -20]]
[[1, 0], [1, 10], [-839, -420]]
[[1, 0], [1, 114], [-1595, -114]]
[[1, 0], [1, 114], [-1728, -133]]
[[1, 0], [1, 114], [-2659, -266]]
[[1, 0], [1, 114], [-3590, -399]]
[[1, 0], [1, 114], [-6383, -798]]
[[1, 0], [1, 115], [-804, -805]]
[[1, 0], [1, 11], [-1021, -73]]
[[1, 0], [1, 11], [-369, -74]]
[[1, 0], [1, 11], [-835, -418]]
[[1, 0], [1, 12], [-145, -146]]
[[1, 0], [1, 12], [-2679, -268]]
[[1, 0], [1, 12], [-407, -102]]
[[1, 0], [1, 133], [-1595, -133]]
[[1, 0], [1, 133], [-2393, -266]]
[[1, 0], [1, 133], [-3191, -399]]
[[1, 0], [1, 133], [-5585, -798]]
[[1, 0], [1, 134], [-803, -804]]
[[1, 0], [1, 13], [-5641, -806]]
[[1, 0], [1, 13], [-818, -273]]
[[1, 0], [1, 14], [-1595, -14]]
[[1, 0], [1, 14], [-15959, -266]]
[[1, 0], [1, 14], [-1623, -406]]
[[1, 0], [1, 14], [-1880, -19]]
[[1, 0], [1, 14], [-1994, -21]]
[[1, 0], [1, 14], [-23540, -399]]
[[1, 0], [1, 14], [-2963, -38]]
[[1, 0], [1, 14], [-3191, -42]]
[[1, 0], [1, 14], [-4046, -57]]
[[1, 0], [1, 14], [-46283, -798]]
[[1, 0], [1, 14], [-7295, -114]]
[[1, 0], [1, 14], [-8378, -133]]
[[1, 0], [1, 1594], [-3, -1594]]
[[1, 0], [1, 15], [-1649, -825]]
[[1, 0], [1, 15], [-55, -28]]
[[1, 0], [1, 15], [-57, -58]]
[[1, 0], [1, 15], [-854, -855]]
[[1, 0], [1, 160], [-1599, -800]]
[[1, 0], [1, 160], [-599, -200]]
[[1, 0], [1, 16], [-1099, -50]]
[[1, 0], [1, 16], [-13599, -800]]
[[1, 0], [1, 16], [-1599, -80]]
[[1, 0], [1, 16], [-3599, -200]]
[[1, 0], [1, 16], [-407, -136]]
[[1, 0], [1, 16], [-599, -20]]
[[1, 0], [1, 16], [-799, -32]]
[[1, 0], [1, 17], [-1503, -47]]
[[1, 0], [1, 17], [-19175, -799]]
[[1, 0], [1, 17], [-798, -17]]
[[1, 0], [1, 18], [-422, -423]]
[[1, 0], [1, 19], [-11969, -266]]
[[1, 0], [1, 19], [-1595, -19]]
[[1, 0], [1, 19], [-1679, -21]]
[[1, 0], [1, 19], [-17555, -399]]
[[1, 0], [1, 19], [-2393, -38]]
[[1, 0], [1, 19], [-2561, -42]]
[[1, 0], [1, 19], [-3191, -57]]
[[1, 0], [1, 19], [-34313, -798]]
[[1, 0], [1, 19], [-5585, -114]]
[[1, 0], [1, 19], [-6383, -133]]
[[1, 0], [1, 200], [-799, -400]]
[[1, 0], [1, 201], [-267, -268]]
[[1, 0], [1, 20], [-1599, -100]]
[[1, 0], [1, 20], [-2399, -160]]
[[1, 0], [1, 20], [-327, -164]]
[[1, 0], [1, 20], [-42, -43]]
[[1, 0], [1, 20], [-5599, -400]]
[[1, 0], [1, 20], [-599, -25]]
[[1, 0], [1, 20], [-799, -40]]
[[1, 0], [1, 20], [-839, -840]]
[[1, 0], [1, 21], [-10905, -266]]
[[1, 0], [1, 21], [-1595, -21]]
[[1, 0], [1, 21], [-15959, -399]]
[[1, 0], [1, 21], [-2241, -38]]
[[1, 0], [1, 21], [-2393, -42]]
[[1, 0], [1, 21], [-279, -280]]
[[1, 0], [1, 21], [-2963, -57]]
[[1, 0], [1, 21], [-31121, -798]]
[[1, 0], [1, 21], [-5129, -114]]
[[1, 0], [1, 21], [-5851, -133]]
[[1, 0], [1, 22], [-38, -39]]
[[1, 0], [1, 22], [-835, -836]]
[[1, 0], [1, 2391], [-2, -2391]]
[[1, 0], [1, 23], [-804, -161]]
[[1, 0], [1, 24], [-104, -105]]
[[1, 0], [1, 24], [-407, -204]]
[[1, 0], [1, 25], [-1119, -80]]
[[1, 0], [1, 25], [-2399, -200]]
[[1, 0], [1, 25], [-607, -32]]
[[1, 0], [1, 25], [-799, -50]]
[[1, 0], [1, 25], [-8799, -800]]
[[1, 0], [1, 266], [-1595, -266]]
[[1, 0], [1, 266], [-1994, -399]]
[[1, 0], [1, 266], [-3191, -798]]
[[1, 0], [1, 267], [-800, -801]]
[[1, 0], [1, 27], [-269, -90]]
[[1, 0], [1, 27], [-92, -93]]
[[1, 0], [1, 28], [-1623, -812]]
[[1, 0], [1, 29], [-811, -406]]
[[1, 0], [1, 2], [-1063, -532]]
[[1, 0], [1, 2], [-106931, -266]]
[[1, 0], [1, 2], [-11657, -201]]
[[1, 0], [1, 2], [-13599, -100]]
[[1, 0], [1, 2], [-1595, -1594]]
[[1, 0], [1, 2], [-1595, -2]]
[[1, 0], [1, 2], [-15959, -38]]
[[1, 0], [1, 2], [-1599, -10]]
[[1, 0], [1, 2], [-159998, -399]]
[[1, 0], [1, 2], [-1623, -58]]
[[1, 0], [1, 2], [-1739, -290]]
[[1, 0], [1, 2], [-17555, -42]]
[[1, 0], [1, 2], [-18134, -403]]
[[1, 0], [1, 2], [-19535, -814]]
[[1, 0], [1, 2], [-1994, -3]]
[[1, 0], [1, 2], [-21599, -160]]
[[1, 0], [1, 2], [-2214, -443]]
[[1, 0], [1, 2], [-23540, -57]]
[[1, 0], [1, 2], [-2399, -16]]
[[1, 0], [1, 2], [-2495, -208]]
[[1, 0], [1, 2], [-3191, -6]]
[[1, 0], [1, 2], [-319199, -798]]
[[1, 0], [1, 2], [-3590, -7]]
[[1, 0], [1, 2], [-3599, -25]]
[[1, 0], [1, 2], [-3689, -205]]
[[1, 0], [1, 2], [-407, -17]]
[[1, 0], [1, 2], [-422, -47]]
[[1, 0], [1, 2], [-46283, -114]]
[[1, 0], [1, 2], [-53599, -400]]
[[1, 0], [1, 2], [-53864, -133]]
[[1, 0], [1, 2], [-5599, -40]]
[[1, 0], [1, 2], [-6383, -14]]
[[1, 0], [1, 2], [-7595, -844]]
[[1, 0], [1, 2], [-798, -797]]
[[1, 0], [1, 2], [-799, -4]]
[[1, 0], [1, 2], [-803, -12]]
[[1, 0], [1, 2], [-811, -28]]
[[1, 0], [1, 2], [-835, -76]]
[[1, 0], [1, 2], [-8378, -19]]
[[1, 0], [1, 2], [-839, -84]]
[[1, 0], [1, 2], [-911, -228]]
[[1, 0], [1, 2], [-9176, -21]]
[[1, 0], [1, 30], [-55, -56]]
[[1, 0], [1, 31], [-2417, -806]]
[[1, 0], [1, 32], [-1099, -100]]
[[1, 0], [1, 32], [-1599, -160]]
[[1, 0], [1, 32], [-3599, -400]]
[[1, 0], [1, 32], [-599, -40]]
[[1, 0], [1, 33], [-274, -275]]
[[1, 0], [1, 35], [-2414, -805]]
[[1, 0], [1, 38], [-1595, -38]]
[[1, 0], [1, 38], [-1679, -42]]
[[1, 0], [1, 38], [-17555, -798]]
[[1, 0], [1, 38], [-1994, -57]]
[[1, 0], [1, 38], [-3191, -114]]
[[1, 0], [1, 38], [-3590, -133]]
[[1, 0], [1, 38], [-6383, -266]]
[[1, 0], [1, 38], [-9176, -399]]
[[1, 0], [1, 399], [-1595, -399]]
[[1, 0], [1, 399], [-2393, -798]]
[[1, 0], [1, 39], [-818, -819]]
[[1, 0], [1, 3], [-106931, -399]]
[[1, 0], [1, 3], [-10905, -38]]
[[1, 0], [1, 3], [-1196, -1197]]
[[1, 0], [1, 3], [-11969, -42]]
[[1, 0], [1, 3], [-13820, -813]]
[[1, 0], [1, 3], [-1595, -3]]
[[1, 0], [1, 3], [-15959, -57]]
[[1, 0], [1, 3], [-1649, -165]]
[[1, 0], [1, 3], [-1739, -435]]
[[1, 0], [1, 3], [-1913, -957]]
[[1, 0], [1, 3], [-213065, -798]]
[[1, 0], [1, 3], [-21788, -807]]
[[1, 0], [1, 3], [-2393, -6]]
[[1, 0], [1, 3], [-2483, -276]]
[[1, 0], [1, 3], [-2659, -7]]
[[1, 0], [1, 3], [-267, -4]]
[[1, 0], [1, 3], [-2679, -67]]
[[1, 0], [1, 3], [-269, -10]]
[[1, 0], [1, 3], [-2690, -897]]
[[1, 0], [1, 3], [-271, -16]]
[[1, 0], [1, 3], [-274, -25]]
[[1, 0], [1, 3], [-279, -40]]
[[1, 0], [1, 3], [-299, -100]]
[[1, 0], [1, 3], [-31121, -114]]
[[1, 0], [1, 3], [-319, -160]]
[[1, 0], [1, 3], [-36175, -133]]
[[1, 0], [1, 3], [-399, -400]]
[[1, 0], [1, 3], [-4521, -14]]
[[1, 0], [1, 3], [-53666, -801]]
[[1, 0], [1, 3], [-5669, -270]]
[[1, 0], [1, 3], [-5851, -19]]
[[1, 0], [1, 3], [-5858, -837]]
[[1, 0], [1, 3], [-6140, -89]]
[[1, 0], [1, 3], [-6383, -21]]
[[1, 0], [1, 3], [-71553, -266]]
[[1, 0], [1, 3], [-800, -9]]
[[1, 0], [1, 3], [-818, -63]]
[[1, 0], [1, 3], [-854, -171]]
[[1, 0], [1, 3], [-9041, -822]]
[[1, 0], [1, 400], [-799, -800]]
[[1, 0], [1, 40], [-1599, -200]]
[[1, 0], [1, 40], [-5599, -800]]
[[1, 0], [1, 40], [-599, -50]]
[[1, 0], [1, 40], [-799, -80]]
[[1, 0], [1, 42], [-1595, -42]]
[[1, 0], [1, 42], [-15959, -798]]
[[1, 0], [1, 42], [-1880, -57]]
[[1, 0], [1, 42], [-2963, -114]]
[[1, 0], [1, 42], [-3324, -133]]
[[1, 0], [1, 42], [-5851, -266]]
[[1, 0], [1, 42], [-8378, -399]]
[[1, 0], [1, 43], [-816, -817]]
[[1, 0], [1, 47], [-7190, -799]]
[[1, 0], [1, 47], [-798, -47]]
[[1, 0], [1, 48], [-407, -408]]
[[1, 0], [1, 4], [-1063, -1064]]
[[1, 0], [1, 4], [-11657, -402]]
[[1, 0], [1, 4], [-13599, -200]]
[[1, 0], [1, 4], [-1599, -20]]
[[1, 0], [1, 4], [-1623, -116]]
[[1, 0], [1, 4], [-2399, -32]]
[[1, 0], [1, 4], [-2495, -416]]
[[1, 0], [1, 4], [-266, -267]]
[[1, 0], [1, 4], [-3599, -50]]
[[1, 0], [1, 4], [-3689, -410]]
[[1, 0], [1, 4], [-407, -34]]
[[1, 0], [1, 4], [-53599, -800]]
[[1, 0], [1, 4], [-5599, -80]]
[[1, 0], [1, 4], [-599, -5]]
[[1, 0], [1, 4], [-799, -8]]
[[1, 0], [1, 4], [-839, -168]]
[[1, 0], [1, 4], [-911, -456]]
[[1, 0], [1, 50], [-1119, -160]]
[[1, 0], [1, 50], [-2399, -400]]
[[1, 0], [1, 50], [-799, -100]]
[[1, 0], [1, 51], [-271, -272]]
[[1, 0], [1, 57], [-11969, -798]]
[[1, 0], [1, 57], [-1595, -57]]
[[1, 0], [1, 57], [-2393, -114]]
[[1, 0], [1, 57], [-2659, -133]]
[[1, 0], [1, 57], [-4521, -266]]
[[1, 0], [1, 57], [-6383, -399]]
[[1, 0], [1, 58], [-811, -812]]
[[1, 0], [1, 5], [-1119, -16]]
[[1, 0], [1, 5], [-1599, -25]]
[[1, 0], [1, 5], [-1649, -275]]
[[1, 0], [1, 5], [-21599, -400]]
[[1, 0], [1, 5], [-2399, -40]]
[[1, 0], [1, 5], [-2414, -115]]
[[1, 0], [1, 5], [-327, -41]]
[[1, 0], [1, 5], [-5599, -100]]
[[1, 0], [1, 5], [-799, -10]]
[[1, 0], [1, 5], [-804, -35]]
[[1, 0], [1, 5], [-839, -210]]
[[1, 0], [1, 5], [-854, -285]]
[[1, 0], [1, 5], [-8799, -160]]
[[1, 0], [1, 63], [-90, -91]]
[[1, 0], [1, 67], [-803, -402]]
[[1, 0], [1, 6], [-106931, -798]]
[[1, 0], [1, 6], [-145, -73]]
[[1, 0], [1, 6], [-1595, -6]]
[[1, 0], [1, 6], [-15959, -114]]
[[1, 0], [1, 6], [-1728, -7]]
[[1, 0], [1, 6], [-1739, -870]]
[[1, 0], [1, 6], [-18486, -133]]
[[1, 0], [1, 6], [-2659, -14]]
[[1, 0], [1, 6], [-2679, -134]]
[[1, 0], [1, 6], [-319, -320]]
[[1, 0], [1, 6], [-3324, -19]]
[[1, 0], [1, 6], [-3590, -21]]
[[1, 0], [1, 6], [-36175, -266]]
[[1, 0], [1, 6], [-407, -51]]
[[1, 0], [1, 6], [-422, -141]]
[[1, 0], [1, 6], [-53864, -399]]
[[1, 0], [1, 6], [-5851, -38]]
[[1, 0], [1, 6], [-6383, -42]]
[[1, 0], [1, 6], [-8378, -57]]
[[1, 0], [1, 73], [-1605, -803]]
[[1, 0], [1, 797], [-2, -797]]
[[1, 0], [1, 797], [-3, -797]]
[[1, 0], [1, 797], [-5, -1594]]
[[1, 0], [1, 798], [-1595, -798]]
[[1, 0], [1, 799], [-798, -799]]
[[1, 0], [1, 7], [-133, -134]]
[[1, 0], [1, 7], [-13793, -114]]
[[1, 0], [1, 7], [-1595, -7]]
[[1, 0], [1, 7], [-15959, -133]]
[[1, 0], [1, 7], [-1623, -203]]
[[1, 0], [1, 7], [-2393, -14]]
[[1, 0], [1, 7], [-2414, -161]]
[[1, 0], [1, 7], [-2963, -19]]
[[1, 0], [1, 7], [-31121, -266]]
[[1, 0], [1, 7], [-3191, -21]]
[[1, 0], [1, 7], [-46283, -399]]
[[1, 0], [1, 7], [-5129, -38]]
[[1, 0], [1, 7], [-5585, -42]]
[[1, 0], [1, 7], [-7295, -57]]
[[1, 0], [1, 7], [-91769, -798]]
[[1, 0], [1, 7], [-930, -931]]
[[1, 0], [1, 80], [-1599, -400]]
[[1, 0], [1, 80], [-599, -100]]
[[1, 0], [1, 80], [-799, -160]]
[[1, 0], [1, 81], [-269, -270]]
[[1, 0], [1, 89], [-800, -267]]
[[1, 0], [1, 8], [-104, -35]]
[[1, 0], [1, 8], [-1099, -25]]
[[1, 0], [1, 8], [-114, -115]]
[[1, 0], [1, 8], [-13599, -400]]
[[1, 0], [1, 8], [-1599, -40]]
[[1, 0], [1, 8], [-2495, -832]]
[[1, 0], [1, 8], [-3599, -100]]
[[1, 0], [1, 8], [-407, -68]]
[[1, 0], [1, 8], [-5599, -160]]
[[1, 0], [1, 8], [-599, -10]]
[[1, 0], [1, 8], [-799, -16]]
[[1, 0], [1, 8], [-911, -912]]
[[1, 0], [1, 9], [-2483, -828]]
[[1, 0], [1, 9], [-269, -30]]
[[1, 0], [1, 9], [-299, -300]]
[[1, 0], [1, 9], [-5669, -810]]
[[1, 0], [1, 9], [-6140, -267]]
[[1, 0], [1, 9], [-90, -13]]
[[1, 0], [1, 9], [-92, -31]]
[[1, 0], [10, 2391], [-11, -2391]]
[[1, 0], [10, 797], [-11, -797]]
[[1, 0], [10, 797], [-12, -797]]
[[1, 0], [10, 797], [-23, -1594]]
[[1, 0], [100, 2391], [-101, -2391]]
[[1, 0], [100, 797], [-101, -797]]
[[1, 0], [100, 797], [-102, -797]]
[[1, 0], [100, 797], [-203, -1594]]
[[1, 0], [101, 1594], [-103, -1594]]
[[1, 0], [101, 797], [-102, -797]]
[[1, 0], [101, 797], [-103, -797]]
[[1, 0], [101, 797], [-205, -1594]]
[[1, 0], [102, 797], [-103, -797]]
[[1, 0], [102, 797], [-104, -797]]
[[1, 0], [102, 797], [-207, -1594]]
[[1, 0], [103, 1594], [-105, -1594]]
[[1, 0], [103, 797], [-105, -797]]
[[1, 0], [103, 797], [-209, -1594]]
[[1, 0], [1030, 2391], [-1031, -2391]]
[[1, 0], [104, 797], [-106, -797]]
[[1, 0], [104, 797], [-211, -1594]]
[[1, 0], [105, 1594], [-107, -1594]]
[[1, 0], [105, 797], [-106, -797]]
[[1, 0], [105, 797], [-107, -797]]
[[1, 0], [105, 797], [-213, -1594]]
[[1, 0], [106, 2391], [-107, -2391]]
[[1, 0], [106, 797], [-107, -797]]
[[1, 0], [106, 797], [-108, -797]]
[[1, 0], [106, 797], [-215, -1594]]
[[1, 0], [107, 1594], [-109, -1594]]
[[1, 0], [107, 797], [-108, -797]]
[[1, 0], [107, 797], [-109, -797]]
[[1, 0], [107, 797], [-217, -1594]]
[[1, 0], [108, 797], [-109, -797]]
[[1, 0], [108, 797], [-110, -797]]
[[1, 0], [108, 797], [-219, -1594]]
[[1, 0], [109, 1594], [-111, -1594]]
[[1, 0], [109, 2391], [-110, -2391]]
[[1, 0], [109, 797], [-110, -797]]
[[1, 0], [109, 797], [-111, -797]]
[[1, 0], [109, 797], [-221, -1594]]
[[1, 0], [11, 1594], [-13, -1594]]
[[1, 0], [11, 797], [-12, -797]]
[[1, 0], [11, 797], [-13, -797]]
[[1, 0], [11, 797], [-25, -1594]]
[[1, 0], [110, 797], [-111, -797]]
[[1, 0], [110, 797], [-112, -797]]
[[1, 0], [110, 797], [-223, -1594]]
[[1, 0], [111, 1594], [-113, -1594]]
[[1, 0], [111, 797], [-112, -797]]
[[1, 0], [111, 797], [-113, -797]]
[[1, 0], [111, 797], [-225, -1594]]
[[1, 0], [112, 2391], [-113, -2391]]
[[1, 0], [112, 797], [-113, -797]]
[[1, 0], [112, 797], [-114, -797]]
[[1, 0], [112, 797], [-227, -1594]]
[[1, 0], [113, 1594], [-115, -1594]]
[[1, 0], [113, 797], [-115, -797]]
[[1, 0], [113, 797], [-229, -1594]]
[[1, 0], [114, 797], [-116, -797]]
[[1, 0], [114, 797], [-231, -1594]]
[[1, 0], [115, 1594], [-117, -1594]]
[[1, 0], [115, 2391], [-116, -2391]]
[[1, 0], [115, 797], [-116, -797]]
[[1, 0], [115, 797], [-117, -797]]
[[1, 0], [115, 797], [-233, -1594]]
[[1, 0], [116, 797], [-118, -797]]
[[1, 0], [116, 797], [-235, -1594]]
[[1, 0], [117, 1594], [-119, -1594]]
[[1, 0], [117, 797], [-119, -797]]
[[1, 0], [117, 797], [-237, -1594]]
[[1, 0], [118, 2391], [-119, -2391]]
[[1, 0], [118, 797], [-119, -797]]
[[1, 0], [118, 797], [-120, -797]]
[[1, 0], [118, 797], [-239, -1594]]
[[1, 0], [119, 1594], [-121, -1594]]
[[1, 0], [119, 797], [-120, -797]]
[[1, 0], [119, 797], [-121, -797]]
[[1, 0], [119, 797], [-241, -1594]]
[[1, 0], [12, 797], [-13, -797]]
[[1, 0], [12, 797], [-14, -797]]
[[1, 0], [12, 797], [-27, -1594]]
[[1, 0], [120, 797], [-121, -797]]
[[1, 0], [120, 797], [-122, -797]]
[[1, 0], [120, 797], [-243, -1594]]
[[1, 0], [121, 1594], [-123, -1594]]
[[1, 0], [121, 797], [-123, -797]]
[[1, 0], [121, 797], [-245, -1594]]
[[1, 0], [122, 797], [-124, -797]]
[[1, 0], [122, 797], [-247, -1594]]
[[1, 0], [123, 1594], [-125, -1594]]
[[1, 0], [123, 797], [-125, -797]]
[[1, 0], [123, 797], [-249, -1594]]
[[1, 0], [124, 2391], [-125, -2391]]
[[1, 0], [124, 797], [-126, -797]]
[[1, 0], [124, 797], [-251, -1594]]
[[1, 0], [125, 1594], [-127, -1594]]
[[1, 0], [125, 797], [-127, -797]]
[[1, 0], [125, 797], [-253, -1594]]
[[1, 0], [126, 797], [-127, -797]]
[[1, 0], [126, 797], [-128, -797]]
[[1, 0], [126, 797], [-255, -1594]]
[[1, 0], [127, 1594], [-129, -1594]]
[[1, 0], [127, 2391], [-128, -2391]]
[[1, 0], [127, 797], [-128, -797]]
[[1, 0], [127, 797], [-129, -797]]
[[1, 0], [127, 797], [-257, -1594]]
[[1, 0], [128, 797], [-129, -797]]
[[1, 0], [128, 797], [-130, -797]]
[[1, 0], [128, 797], [-259, -1594]]
[[1, 0], [129, 1594], [-131, -1594]]
[[1, 0], [129, 797], [-130, -797]]
[[1, 0], [129, 797], [-131, -797]]
[[1, 0], [129, 797], [-261, -1594]]
[[1, 0], [13, 1594], [-15, -1594]]
[[1, 0], [13, 2391], [-14, -2391]]
[[1, 0], [13, 797], [-14, -797]]
[[1, 0], [13, 797], [-15, -797]]
[[1, 0], [13, 797], [-29, -1594]]
[[1, 0], [130, 797], [-132, -797]]
[[1, 0], [130, 797], [-263, -1594]]
[[1, 0], [131, 1594], [-133, -1594]]
[[1, 0], [131, 797], [-133, -797]]
[[1, 0], [131, 797], [-265, -1594]]
[[1, 0], [132, 797], [-134, -797]]
[[1, 0], [132, 797], [-267, -1594]]
[[1, 0], [133, 1594], [-135, -1594]]
[[1, 0], [133, 2391], [-134, -2391]]
[[1, 0], [133, 797], [-135, -797]]
[[1, 0], [133, 797], [-269, -1594]]
[[1, 0], [134, 797], [-136, -797]]
[[1, 0], [134, 797], [-271, -1594]]
[[1, 0], [135, 1594], [-137, -1594]]
[[1, 0], [135, 797], [-136, -797]]
[[1, 0], [135, 797], [-137, -797]]
[[1, 0], [135, 797], [-273, -1594]]
[[1, 0], [136, 2391], [-137, -2391]]
[[1, 0], [136, 797], [-138, -797]]
[[1, 0], [136, 797], [-275, -1594]]
[[1, 0], [137, 1594], [-139, -1594]]
[[1, 0], [137, 797], [-139, -797]]
[[1, 0], [137, 797], [-277, -1594]]
[[1, 0], [138, 797], [-140, -797]]
[[1, 0], [138, 797], [-279, -1594]]
[[1, 0], [139, 1594], [-141, -1594]]
[[1, 0], [139, 797], [-141, -797]]
[[1, 0], [139, 797], [-281, -1594]]
[[1, 0], [14, 797], [-15, -797]]
[[1, 0], [14, 797], [-16, -797]]
[[1, 0], [14, 797], [-31, -1594]]
[[1, 0], [140, 797], [-142, -797]]
[[1, 0], [140, 797], [-283, -1594]]
[[1, 0], [141, 1594], [-143, -1594]]
[[1, 0], [141, 797], [-143, -797]]
[[1, 0], [141, 797], [-285, -1594]]
[[1, 0], [142, 2391], [-143, -2391]]
[[1, 0], [142, 797], [-143, -797]]
[[1, 0], [142, 797], [-144, -797]]
[[1, 0], [142, 797], [-287, -1594]]
[[1, 0], [143, 1594], [-145, -1594]]
[[1, 0], [143, 797], [-144, -797]]
[[1, 0], [143, 797], [-145, -797]]
[[1, 0], [143, 797], [-289, -1594]]
[[1, 0], [144, 797], [-146, -797]]
[[1, 0], [144, 797], [-291, -1594]]
[[1, 0], [145, 1594], [-147, -1594]]
[[1, 0], [145, 2391], [-146, -2391]]
[[1, 0], [145, 797], [-147, -797]]
[[1, 0], [145, 797], [-293, -1594]]
[[1, 0], [146, 797], [-147, -797]]
[[1, 0], [146, 797], [-148, -797]]
[[1, 0], [146, 797], [-295, -1594]]
[[1, 0], [147, 1594], [-149, -1594]]
[[1, 0], [147, 797], [-149, -797]]
[[1, 0], [147, 797], [-297, -1594]]
[[1, 0], [148, 2391], [-149, -2391]]
[[1, 0], [148, 797], [-150, -797]]
[[1, 0], [148, 797], [-299, -1594]]
[[1, 0], [149, 1594], [-151, -1594]]
[[1, 0], [149, 797], [-150, -797]]
[[1, 0], [149, 797], [-151, -797]]
[[1, 0], [149, 797], [-301, -1594]]
[[1, 0], [15, 1594], [-17, -1594]]
[[1, 0], [15, 797], [-16, -797]]
[[1, 0], [15, 797], [-17, -797]]
[[1, 0], [15, 797], [-33, -1594]]
[[1, 0], [150, 797], [-152, -797]]
[[1, 0], [150, 797], [-303, -1594]]
[[1, 0], [151, 1594], [-153, -1594]]
[[1, 0], [151, 797], [-153, -797]]
[[1, 0], [151, 797], [-305, -1594]]
[[1, 0], [152, 797], [-153, -797]]
[[1, 0], [152, 797], [-154, -797]]
[[1, 0], [152, 797], [-307, -1594]]
[[1, 0], [153, 1594], [-155, -1594]]
[[1, 0], [153, 797], [-154, -797]]
[[1, 0], [153, 797], [-155, -797]]
[[1, 0], [153, 797], [-309, -1594]]
[[1, 0], [154, 2391], [-155, -2391]]
[[1, 0], [154, 797], [-156, -797]]
[[1, 0], [154, 797], [-311, -1594]]
[[1, 0], [155, 1594], [-157, -1594]]
[[1, 0], [155, 797], [-157, -797]]
[[1, 0], [155, 797], [-313, -1594]]
[[1, 0], [156, 797], [-158, -797]]
[[1, 0], [156, 797], [-315, -1594]]
[[1, 0], [157, 1594], [-159, -1594]]
[[1, 0], [157, 2391], [-158, -2391]]
[[1, 0], [157, 797], [-159, -797]]
[[1, 0], [157, 797], [-317, -1594]]
[[1, 0], [158, 797], [-159, -797]]
[[1, 0], [158, 797], [-160, -797]]
[[1, 0], [158, 797], [-319, -1594]]
[[1, 0], [1587, 1594], [-1589, -1594]]
[[1, 0], [159, 1594], [-161, -1594]]
[[1, 0], [159, 797], [-160, -797]]
[[1, 0], [159, 797], [-161, -797]]
[[1, 0], [159, 797], [-321, -1594]]
[[1, 0], [1593, 1594], [-1595, -1594]]
[[1, 0], [16, 2391], [-17, -2391]]
[[1, 0], [16, 797], [-17, -797]]
[[1, 0], [16, 797], [-18, -797]]
[[1, 0], [16, 797], [-35, -1594]]
[[1, 0], [160, 2391], [-161, -2391]]
[[1, 0], [160, 797], [-162, -797]]
[[1, 0], [160, 797], [-323, -1594]]
[[1, 0], [161, 1594], [-163, -1594]]
[[1, 0], [161, 797], [-163, -797]]
[[1, 0], [161, 797], [-325, -1594]]
[[1, 0], [162, 797], [-164, -797]]
[[1, 0], [162, 797], [-327, -1594]]
[[1, 0], [163, 1594], [-165, -1594]]
[[1, 0], [163, 797], [-165, -797]]
[[1, 0], [163, 797], [-329, -1594]]
[[1, 0], [164, 797], [-165, -797]]
[[1, 0], [164, 797], [-166, -797]]
[[1, 0], [164, 797], [-331, -1594]]
[[1, 0], [165, 1594], [-167, -1594]]
[[1, 0], [165, 797], [-167, -797]]
[[1, 0], [165, 797], [-333, -1594]]
[[1, 0], [166, 2391], [-167, -2391]]
[[1, 0], [166, 797], [-168, -797]]
[[1, 0], [166, 797], [-335, -1594]]
[[1, 0], [167, 1594], [-169, -1594]]
[[1, 0], [167, 797], [-169, -797]]
[[1, 0], [167, 797], [-337, -1594]]
[[1, 0], [168, 797], [-169, -797]]
[[1, 0], [168, 797], [-170, -797]]
[[1, 0], [168, 797], [-339, -1594]]
[[1, 0], [169, 1594], [-171, -1594]]
[[1, 0], [169, 2391], [-170, -2391]]
[[1, 0], [169, 797], [-170, -797]]
[[1, 0], [169, 797], [-171, -797]]
[[1, 0], [169, 797], [-341, -1594]]
[[1, 0], [17, 1594], [-19, -1594]]
[[1, 0], [17, 797], [-18, -797]]
[[1, 0], [17, 797], [-19, -797]]
[[1, 0], [17, 797], [-37, -1594]]
[[1, 0], [170, 797], [-171, -797]]
[[1, 0], [170, 797], [-172, -797]]
[[1, 0], [170, 797], [-343, -1594]]
[[1, 0], [171, 1594], [-173, -1594]]
[[1, 0], [171, 797], [-172, -797]]
[[1, 0], [171, 797], [-173, -797]]
[[1, 0], [171, 797], [-345, -1594]]
[[1, 0], [172, 2391], [-173, -2391]]
[[1, 0], [172, 797], [-174, -797]]
[[1, 0], [172, 797], [-347, -1594]]
[[1, 0], [173, 1594], [-175, -1594]]
[[1, 0], [173, 797], [-175, -797]]
[[1, 0], [173, 797], [-349, -1594]]
[[1, 0], [174, 797], [-176, -797]]
[[1, 0], [174, 797], [-351, -1594]]
[[1, 0], [175, 1594], [-177, -1594]]
[[1, 0], [175, 2391], [-176, -2391]]
[[1, 0], [175, 797], [-176, -797]]
[[1, 0], [175, 797], [-177, -797]]
[[1, 0], [175, 797], [-353, -1594]]
[[1, 0], [176, 797], [-178, -797]]
[[1, 0], [176, 797], [-355, -1594]]
[[1, 0], [177, 1594], [-179, -1594]]
[[1, 0], [177, 797], [-179, -797]]
[[1, 0], [177, 797], [-357, -1594]]
[[1, 0], [178, 2391], [-179, -2391]]
[[1, 0], [178, 797], [-179, -797]]
[[1, 0], [178, 797], [-180, -797]]
[[1, 0], [178, 797], [-359, -1594]]
[[1, 0], [179, 1594], [-181, -1594]]
[[1, 0], [179, 797], [-181, -797]]
[[1, 0], [179, 797], [-361, -1594]]
[[1, 0], [18, 797], [-19, -797]]
[[1, 0], [18, 797], [-20, -797]]
[[1, 0], [18, 797], [-39, -1594]]
[[1, 0], [180, 797], [-182, -797]]
[[1, 0], [180, 797], [-363, -1594]]
[[1, 0], [181, 1594], [-183, -1594]]
[[1, 0], [181, 2391], [-182, -2391]]
[[1, 0], [181, 797], [-183, -797]]
[[1, 0], [181, 797], [-365, -1594]]
[[1, 0], [182, 797], [-184, -797]]
[[1, 0], [182, 797], [-367, -1594]]
[[1, 0], [183, 1594], [-185, -1594]]
[[1, 0], [183, 797], [-185, -797]]
[[1, 0], [183, 797], [-369, -1594]]
[[1, 0], [184, 797], [-186, -797]]
[[1, 0], [184, 797], [-371, -1594]]
[[1, 0], [185, 1594], [-187, -1594]]
[[1, 0], [185, 797], [-187, -797]]
[[1, 0], [185, 797], [-373, -1594]]
[[1, 0], [186, 797], [-188, -797]]
[[1, 0], [186, 797], [-375, -1594]]
[[1, 0], [187, 1594], [-189, -1594]]
[[1, 0], [187, 797], [-189, -797]]
[[1, 0], [187, 797], [-377, -1594]]
[[1, 0], [188, 797], [-189, -797]]
[[1, 0], [188, 797], [-190, -797]]
[[1, 0], [188, 797], [-379, -1594]]
[[1, 0], [189, 1594], [-191, -1594]]
[[1, 0], [189, 797], [-190, -797]]
[[1, 0], [189, 797], [-191, -797]]
[[1, 0], [189, 797], [-381, -1594]]
[[1, 0], [19, 1594], [-21, -1594]]
[[1, 0], [19, 2391], [-20, -2391]]
[[1, 0], [19, 797], [-20, -797]]
[[1, 0], [19, 797], [-21, -797]]
[[1, 0], [19, 797], [-41, -1594]]
[[1, 0], [190, 2391], [-191, -2391]]
[[1, 0], [190, 797], [-191, -797]]
[[1, 0], [190, 797], [-192, -797]]
[[1, 0], [190, 797], [-383, -1594]]
[[1, 0], [191, 1594], [-193, -1594]]
[[1, 0], [191, 797], [-192, -797]]
[[1, 0], [191, 797], [-193, -797]]
[[1, 0], [191, 797], [-385, -1594]]
[[1, 0], [192, 797], [-193, -797]]
[[1, 0], [192, 797], [-194, -797]]
[[1, 0], [192, 797], [-387, -1594]]
[[1, 0], [193, 1594], [-195, -1594]]
[[1, 0], [193, 2391], [-194, -2391]]
[[1, 0], [193, 797], [-195, -797]]
[[1, 0], [193, 797], [-389, -1594]]
[[1, 0], [194, 797], [-196, -797]]
[[1, 0], [194, 797], [-391, -1594]]
[[1, 0], [195, 1594], [-197, -1594]]
[[1, 0], [195, 797], [-197, -797]]
[[1, 0], [195, 797], [-393, -1594]]
[[1, 0], [196, 797], [-198, -797]]
[[1, 0], [196, 797], [-395, -1594]]
[[1, 0], [197, 1594], [-199, -1594]]
[[1, 0], [197, 797], [-199, -797]]
[[1, 0], [197, 797], [-397, -1594]]
[[1, 0], [198, 797], [-200, -797]]
[[1, 0], [198, 797], [-399, -1594]]
[[1, 0], [199, 1594], [-201, -1594]]
[[1, 0], [199, 2391], [-200, -2391]]
[[1, 0], [199, 797], [-201, -797]]
[[1, 0], [199, 797], [-401, -1594]]
[[1, 0], [2, 797], [-3, -797]]
[[1, 0], [2, 797], [-4, -797]]
[[1, 0], [2, 797], [-7, -1594]]
[[1, 0], [20, 797], [-21, -797]]
[[1, 0], [20, 797], [-22, -797]]
[[1, 0], [20, 797], [-43, -1594]]
[[1, 0], [200, 797], [-201, -797]]
[[1, 0], [200, 797], [-202, -797]]
[[1, 0], [200, 797], [-403, -1594]]
[[1, 0], [201, 1594], [-203, -1594]]
[[1, 0], [201, 797], [-202, -797]]
[[1, 0], [201, 797], [-203, -797]]
[[1, 0], [201, 797], [-405, -1594]]
[[1, 0], [202, 797], [-204, -797]]
[[1, 0], [202, 797], [-407, -1594]]
[[1, 0], [203, 1594], [-205, -1594]]
[[1, 0], [203, 797], [-205, -797]]
[[1, 0], [203, 797], [-409, -1594]]
[[1, 0], [204, 797], [-206, -797]]
[[1, 0], [204, 797], [-411, -1594]]
[[1, 0], [205, 1594], [-207, -1594]]
[[1, 0], [205, 2391], [-206, -2391]]
[[1, 0], [205, 797], [-206, -797]]
[[1, 0], [205, 797], [-207, -797]]
[[1, 0], [205, 797], [-413, -1594]]
[[1, 0], [206, 797], [-208, -797]]
[[1, 0], [206, 797], [-415, -1594]]
[[1, 0], [207, 1594], [-209, -1594]]
[[1, 0], [207, 797], [-209, -797]]
[[1, 0], [207, 797], [-417, -1594]]
[[1, 0], [208, 2391], [-209, -2391]]
[[1, 0], [208, 797], [-209, -797]]
[[1, 0], [208, 797], [-210, -797]]
[[1, 0], [208, 797], [-419, -1594]]
[[1, 0], [209, 1594], [-211, -1594]]
[[1, 0], [209, 797], [-210, -797]]
[[1, 0], [209, 797], [-211, -797]]
[[1, 0], [209, 797], [-421, -1594]]
[[1, 0], [21, 1594], [-23, -1594]]
[[1, 0], [21, 797], [-22, -797]]
[[1, 0], [21, 797], [-23, -797]]
[[1, 0], [21, 797], [-45, -1594]]
[[1, 0], [210, 797], [-212, -797]]
[[1, 0], [210, 797], [-423, -1594]]
[[1, 0], [211, 1594], [-213, -1594]]
[[1, 0], [211, 797], [-213, -797]]
[[1, 0], [211, 797], [-425, -1594]]
[[1, 0], [212, 797], [-214, -797]]
[[1, 0], [212, 797], [-427, -1594]]
[[1, 0], [213, 1594], [-215, -1594]]
[[1, 0], [213, 797], [-215, -797]]
[[1, 0], [213, 797], [-429, -1594]]
[[1, 0], [214, 2391], [-215, -2391]]
[[1, 0], [214, 797], [-216, -797]]
[[1, 0], [214, 797], [-431, -1594]]
[[1, 0], [215, 1594], [-217, -1594]]
[[1, 0], [215, 797], [-217, -797]]
[[1, 0], [215, 797], [-433, -1594]]
[[1, 0], [216, 797], [-218, -797]]
[[1, 0], [216, 797], [-435, -1594]]
[[1, 0], [217, 1594], [-219, -1594]]
[[1, 0], [217, 2391], [-218, -2391]]
[[1, 0], [217, 797], [-219, -797]]
[[1, 0], [217, 797], [-437, -1594]]
[[1, 0], [218, 797], [-219, -797]]
[[1, 0], [218, 797], [-220, -797]]
[[1, 0], [218, 797], [-439, -1594]]
[[1, 0], [219, 1594], [-221, -1594]]
[[1, 0], [219, 797], [-221, -797]]
[[1, 0], [219, 797], [-441, -1594]]
[[1, 0], [22, 2391], [-23, -2391]]
[[1, 0], [22, 797], [-23, -797]]
[[1, 0], [22, 797], [-24, -797]]
[[1, 0], [22, 797], [-47, -1594]]
[[1, 0], [220, 2391], [-221, -2391]]
[[1, 0], [220, 797], [-222, -797]]
[[1, 0], [220, 797], [-443, -1594]]
[[1, 0], [221, 1594], [-223, -1594]]
[[1, 0], [221, 797], [-223, -797]]
[[1, 0], [221, 797], [-445, -1594]]
[[1, 0], [222, 797], [-224, -797]]
[[1, 0], [222, 797], [-447, -1594]]
[[1, 0], [223, 1594], [-225, -1594]]
[[1, 0], [223, 797], [-225, -797]]
[[1, 0], [223, 797], [-449, -1594]]
[[1, 0], [224, 797], [-226, -797]]
[[1, 0], [224, 797], [-451, -1594]]
[[1, 0], [225, 1594], [-227, -1594]]
[[1, 0], [225, 797], [-227, -797]]
[[1, 0], [225, 797], [-453, -1594]]
[[1, 0], [226, 797], [-228, -797]]
[[1, 0], [226, 797], [-455, -1594]]
[[1, 0], [227, 1594], [-229, -1594]]
[[1, 0], [227, 797], [-229, -797]]
[[1, 0], [227, 797], [-457, -1594]]
[[1, 0], [228, 797], [-229, -797]]
[[1, 0], [228, 797], [-230, -797]]
[[1, 0], [228, 797], [-459, -1594]]
[[1, 0], [229, 1594], [-231, -1594]]
[[1, 0], [229, 2391], [-230, -2391]]
[[1, 0], [229, 797], [-231, -797]]
[[1, 0], [229, 797], [-461, -1594]]
[[1, 0], [23, 1594], [-25, -1594]]
[[1, 0], [23, 797], [-24, -797]]
[[1, 0], [23, 797], [-25, -797]]
[[1, 0], [23, 797], [-49, -1594]]
[[1, 0], [230, 797], [-232, -797]]
[[1, 0], [230, 797], [-463, -1594]]
[[1, 0], [231, 1594], [-233, -1594]]
[[1, 0], [231, 797], [-233, -797]]
[[1, 0], [231, 797], [-465, -1594]]
[[1, 0], [232, 2391], [-233, -2391]]
[[1, 0], [232, 797], [-233, -797]]
[[1, 0], [232, 797], [-234, -797]]
[[1, 0], [232, 797], [-467, -1594]]
[[1, 0], [233, 1594], [-235, -1594]]
[[1, 0], [233, 797], [-234, -797]]
[[1, 0], [233, 797], [-235, -797]]
[[1, 0], [233, 797], [-469, -1594]]
[[1, 0], [234, 797], [-236, -797]]
[[1, 0], [234, 797], [-471, -1594]]
[[1, 0], [235, 1594], [-237, -1594]]
[[1, 0], [235, 2391], [-236, -2391]]
[[1, 0], [235, 797], [-237, -797]]
[[1, 0], [235, 797], [-473, -1594]]
[[1, 0], [236, 797], [-238, -797]]
[[1, 0], [236, 797], [-475, -1594]]
[[1, 0], [237, 1594], [-239, -1594]]
[[1, 0], [237, 797], [-239, -797]]
[[1, 0], [237, 797], [-477, -1594]]
[[1, 0], [238, 797], [-240, -797]]
[[1, 0], [238, 797], [-479, -1594]]
[[1, 0], [239, 1594], [-241, -1594]]
[[1, 0], [239, 797], [-241, -797]]
[[1, 0], [239, 797], [-481, -1594]]
[[1, 0], [24, 797], [-25, -797]]
[[1, 0], [24, 797], [-26, -797]]
[[1, 0], [24, 797], [-51, -1594]]
[[1, 0], [240, 797], [-242, -797]]
[[1, 0], [240, 797], [-483, -1594]]
[[1, 0], [241, 1594], [-243, -1594]]
[[1, 0], [241, 2391], [-242, -2391]]
[[1, 0], [241, 797], [-242, -797]]
[[1, 0], [241, 797], [-243, -797]]
[[1, 0], [241, 797], [-485, -1594]]
[[1, 0], [242, 797], [-244, -797]]
[[1, 0], [242, 797], [-487, -1594]]
[[1, 0], [243, 1594], [-245, -1594]]
[[1, 0], [243, 797], [-245, -797]]
[[1, 0], [243, 797], [-489, -1594]]
[[1, 0], [244, 797], [-246, -797]]
[[1, 0], [244, 797], [-491, -1594]]
[[1, 0], [245, 1594], [-247, -1594]]
[[1, 0], [245, 797], [-247, -797]]
[[1, 0], [245, 797], [-493, -1594]]
[[1, 0], [246, 797], [-248, -797]]
[[1, 0], [246, 797], [-495, -1594]]
[[1, 0], [247, 1594], [-249, -1594]]
[[1, 0], [247, 797], [-249, -797]]
[[1, 0], [247, 797], [-497, -1594]]
[[1, 0], [248, 797], [-250, -797]]
[[1, 0], [248, 797], [-499, -1594]]
[[1, 0], [249, 1594], [-251, -1594]]
[[1, 0], [249, 797], [-251, -797]]
[[1, 0], [249, 797], [-501, -1594]]
[[1, 0], [25, 1594], [-27, -1594]]
[[1, 0], [25, 2391], [-26, -2391]]
[[1, 0], [25, 797], [-26, -797]]
[[1, 0], [25, 797], [-27, -797]]
[[1, 0], [25, 797], [-53, -1594]]
[[1, 0], [250, 2391], [-251, -2391]]
[[1, 0], [250, 797], [-251, -797]]
[[1, 0], [250, 797], [-252, -797]]
[[1, 0], [250, 797], [-503, -1594]]
[[1, 0], [251, 1594], [-253, -1594]]
[[1, 0], [251, 797], [-253, -797]]
[[1, 0], [251, 797], [-505, -1594]]
[[1, 0], [252, 797], [-254, -797]]
[[1, 0], [252, 797], [-507, -1594]]
[[1, 0], [253, 1594], [-255, -1594]]
[[1, 0], [253, 2391], [-254, -2391]]
[[1, 0], [253, 797], [-255, -797]]
[[1, 0], [253, 797], [-509, -1594]]
[[1, 0], [254, 797], [-256, -797]]
[[1, 0], [254, 797], [-511, -1594]]
[[1, 0], [255, 1594], [-257, -1594]]
[[1, 0], [255, 797], [-257, -797]]
[[1, 0], [255, 797], [-513, -1594]]
[[1, 0], [256, 2391], [-257, -2391]]
[[1, 0], [256, 797], [-258, -797]]
[[1, 0], [256, 797], [-515, -1594]]
[[1, 0], [257, 1594], [-259, -1594]]
[[1, 0], [257, 797], [-258, -797]]
[[1, 0], [257, 797], [-259, -797]]
[[1, 0], [257, 797], [-517, -1594]]
[[1, 0], [258, 797], [-260, -797]]
[[1, 0], [258, 797], [-519, -1594]]
[[1, 0], [259, 1594], [-261, -1594]]
[[1, 0], [259, 2391], [-260, -2391]]
[[1, 0], [259, 797], [-261, -797]]
[[1, 0], [259, 797], [-521, -1594]]
[[1, 0], [26, 797], [-27, -797]]
[[1, 0], [26, 797], [-28, -797]]
[[1, 0], [26, 797], [-55, -1594]]
[[1, 0], [260, 797], [-262, -797]]
[[1, 0], [260, 797], [-523, -1594]]
[[1, 0], [261, 1594], [-263, -1594]]
[[1, 0], [261, 797], [-263, -797]]
[[1, 0], [261, 797], [-525, -1594]]
[[1, 0], [262, 797], [-264, -797]]
[[1, 0], [262, 797], [-527, -1594]]
[[1, 0], [263, 1594], [-265, -1594]]
[[1, 0], [263, 797], [-265, -797]]
[[1, 0], [263, 797], [-529, -1594]]
[[1, 0], [264, 797], [-266, -797]]
[[1, 0], [264, 797], [-531, -1594]]
[[1, 0], [265, 1594], [-267, -1594]]
[[1, 0], [265, 2391], [-266, -2391]]
[[1, 0], [265, 797], [-267, -797]]
[[1, 0], [265, 797], [-533, -1594]]
[[1, 0], [266, 797], [-268, -797]]
[[1, 0], [266, 797], [-535, -1594]]
[[1, 0], [267, 1594], [-269, -1594]]
[[1, 0], [267, 797], [-269, -797]]
[[1, 0], [267, 797], [-537, -1594]]
[[1, 0], [268, 797], [-270, -797]]
[[1, 0], [268, 797], [-539, -1594]]
[[1, 0], [269, 1594], [-271, -1594]]
[[1, 0], [269, 797], [-271, -797]]
[[1, 0], [269, 797], [-541, -1594]]
[[1, 0], [27, 1594], [-29, -1594]]
[[1, 0], [27, 797], [-28, -797]]
[[1, 0], [27, 797], [-29, -797]]
[[1, 0], [27, 797], [-57, -1594]]
[[1, 0], [270, 797], [-272, -797]]
[[1, 0], [270, 797], [-543, -1594]]
[[1, 0], [271, 1594], [-273, -1594]]
[[1, 0], [271, 2391], [-272, -2391]]
[[1, 0], [271, 797], [-273, -797]]
[[1, 0], [271, 797], [-545, -1594]]
[[1, 0], [272, 797], [-274, -797]]
[[1, 0], [272, 797], [-547, -1594]]
[[1, 0], [273, 1594], [-275, -1594]]
[[1, 0], [273, 797], [-275, -797]]
[[1, 0], [273, 797], [-549, -1594]]
[[1, 0], [274, 2391], [-275, -2391]]
[[1, 0], [274, 797], [-276, -797]]
[[1, 0], [274, 797], [-551, -1594]]
[[1, 0], [275, 1594], [-277, -1594]]
[[1, 0], [275, 797], [-277, -797]]
[[1, 0], [275, 797], [-553, -1594]]
[[1, 0], [276, 797], [-278, -797]]
[[1, 0], [276, 797], [-555, -1594]]
[[1, 0], [277, 1594], [-279, -1594]]
[[1, 0], [277, 797], [-279, -797]]
[[1, 0], [277, 797], [-557, -1594]]
[[1, 0], [278, 797], [-280, -797]]
[[1, 0], [278, 797], [-559, -1594]]
[[1, 0], [279, 1594], [-281, -1594]]
[[1, 0], [279, 797], [-281, -797]]
[[1, 0], [279, 797], [-561, -1594]]
[[1, 0], [28, 2391], [-29, -2391]]
[[1, 0], [28, 797], [-29, -797]]
[[1, 0], [28, 797], [-30, -797]]
[[1, 0], [28, 797], [-59, -1594]]
[[1, 0], [280, 2391], [-281, -2391]]
[[1, 0], [280, 797], [-282, -797]]
[[1, 0], [280, 797], [-563, -1594]]
[[1, 0], [281, 1594], [-283, -1594]]
[[1, 0], [281, 797], [-283, -797]]
[[1, 0], [281, 797], [-565, -1594]]
[[1, 0], [282, 797], [-284, -797]]
[[1, 0], [282, 797], [-567, -1594]]
[[1, 0], [283, 1594], [-285, -1594]]
[[1, 0], [283, 2391], [-284, -2391]]
[[1, 0], [283, 797], [-285, -797]]
[[1, 0], [283, 797], [-569, -1594]]
[[1, 0], [284, 797], [-286, -797]]
[[1, 0], [284, 797], [-571, -1594]]
[[1, 0], [285, 1594], [-287, -1594]]
[[1, 0], [285, 797], [-287, -797]]
[[1, 0], [285, 797], [-573, -1594]]
[[1, 0], [286, 797], [-288, -797]]
[[1, 0], [286, 797], [-575, -1594]]
[[1, 0], [287, 1594], [-289, -1594]]
[[1, 0], [287, 797], [-289, -797]]
[[1, 0], [287, 797], [-577, -1594]]
[[1, 0], [288, 797], [-290, -797]]
[[1, 0], [288, 797], [-579, -1594]]
[[1, 0], [289, 1594], [-291, -1594]]
[[1, 0], [289, 2391], [-290, -2391]]
[[1, 0], [289, 797], [-290, -797]]
[[1, 0], [289, 797], [-291, -797]]
[[1, 0], [289, 797], [-581, -1594]]
[[1, 0], [29, 1594], [-31, -1594]]
[[1, 0], [29, 797], [-30, -797]]
[[1, 0], [29, 797], [-31, -797]]
[[1, 0], [29, 797], [-61, -1594]]
[[1, 0], [290, 797], [-291, -797]]
[[1, 0], [290, 797], [-292, -797]]
[[1, 0], [290, 797], [-583, -1594]]
[[1, 0], [291, 1594], [-293, -1594]]
[[1, 0], [291, 797], [-293, -797]]
[[1, 0], [291, 797], [-585, -1594]]
[[1, 0], [292, 2391], [-293, -2391]]
[[1, 0], [292, 797], [-294, -797]]
[[1, 0], [292, 797], [-587, -1594]]
[[1, 0], [293, 1594], [-295, -1594]]
[[1, 0], [293, 797], [-295, -797]]
[[1, 0], [293, 797], [-589, -1594]]
[[1, 0], [294, 797], [-296, -797]]
[[1, 0], [294, 797], [-591, -1594]]
[[1, 0], [295, 1594], [-297, -1594]]
[[1, 0], [295, 797], [-297, -797]]
[[1, 0], [295, 797], [-593, -1594]]
[[1, 0], [296, 797], [-298, -797]]
[[1, 0], [296, 797], [-595, -1594]]
[[1, 0], [297, 1594], [-299, -1594]]
[[1, 0], [297, 797], [-299, -797]]
[[1, 0], [297, 797], [-597, -1594]]
[[1, 0], [298, 797], [-300, -797]]
[[1, 0], [298, 797], [-599, -1594]]
[[1, 0], [299, 1594], [-301, -1594]]
[[1, 0], [299, 797], [-301, -797]]
[[1, 0], [299, 797], [-601, -1594]]
[[1, 0], [3, 1594], [-5, -1594]]
[[1, 0], [3, 797], [-4, -797]]
[[1, 0], [3, 797], [-5, -797]]
[[1, 0], [3, 797], [-9, -1594]]
[[1, 0], [30, 797], [-31, -797]]
[[1, 0], [30, 797], [-32, -797]]
[[1, 0], [30, 797], [-63, -1594]]
[[1, 0], [300, 797], [-302, -797]]
[[1, 0], [300, 797], [-603, -1594]]
[[1, 0], [301, 1594], [-303, -1594]]
[[1, 0], [301, 2391], [-302, -2391]]
[[1, 0], [301, 797], [-303, -797]]
[[1, 0], [301, 797], [-605, -1594]]
[[1, 0], [302, 797], [-304, -797]]
[[1, 0], [302, 797], [-607, -1594]]
[[1, 0], [303, 1594], [-305, -1594]]
[[1, 0], [303, 797], [-305, -797]]
[[1, 0], [303, 797], [-609, -1594]]
[[1, 0], [304, 2391], [-305, -2391]]
[[1, 0], [304, 797], [-306, -797]]
[[1, 0], [304, 797], [-611, -1594]]
[[1, 0], [305, 1594], [-307, -1594]]
[[1, 0], [305, 797], [-307, -797]]
[[1, 0], [305, 797], [-613, -1594]]
[[1, 0], [306, 797], [-308, -797]]
[[1, 0], [306, 797], [-615, -1594]]
[[1, 0], [307, 1594], [-309, -1594]]
[[1, 0], [307, 2391], [-308, -2391]]
[[1, 0], [307, 797], [-309, -797]]
[[1, 0], [307, 797], [-617, -1594]]
[[1, 0], [308, 797], [-310, -797]]
[[1, 0], [308, 797], [-619, -1594]]
[[1, 0], [309, 1594], [-311, -1594]]
[[1, 0], [309, 797], [-311, -797]]
[[1, 0], [309, 797], [-621, -1594]]
[[1, 0], [31, 1594], [-33, -1594]]
[[1, 0], [31, 2391], [-32, -2391]]
[[1, 0], [31, 797], [-32, -797]]
[[1, 0], [31, 797], [-33, -797]]
[[1, 0], [31, 797], [-65, -1594]]
[[1, 0], [310, 2391], [-311, -2391]]
[[1, 0], [310, 797], [-312, -797]]
[[1, 0], [310, 797], [-623, -1594]]
[[1, 0], [311, 1594], [-313, -1594]]
[[1, 0], [311, 797], [-313, -797]]
[[1, 0], [311, 797], [-625, -1594]]
[[1, 0], [312, 797], [-314, -797]]
[[1, 0], [312, 797], [-627, -1594]]
[[1, 0], [313, 1594], [-315, -1594]]
[[1, 0], [313, 797], [-315, -797]]
[[1, 0], [313, 797], [-629, -1594]]
[[1, 0], [314, 797], [-316, -797]]
[[1, 0], [314, 797], [-631, -1594]]
[[1, 0], [315, 1594], [-317, -1594]]
[[1, 0], [315, 797], [-317, -797]]
[[1, 0], [315, 797], [-633, -1594]]
[[1, 0], [316, 2391], [-317, -2391]]
[[1, 0], [316, 797], [-318, -797]]
[[1, 0], [316, 797], [-635, -1594]]
[[1, 0], [317, 1594], [-319, -1594]]
[[1, 0], [317, 797], [-319, -797]]
[[1, 0], [317, 797], [-637, -1594]]
[[1, 0], [318, 797], [-320, -797]]
[[1, 0], [318, 797], [-639, -1594]]
[[1, 0], [319, 1594], [-321, -1594]]
[[1, 0], [319, 2391], [-320, -2391]]
[[1, 0], [319, 797], [-321, -797]]
[[1, 0], [319, 797], [-641, -1594]]
[[1, 0], [32, 797], [-33, -797]]
[[1, 0], [32, 797], [-34, -797]]
[[1, 0], [32, 797], [-67, -1594]]
[[1, 0], [320, 797], [-322, -797]]
[[1, 0], [320, 797], [-643, -1594]]
[[1, 0], [321, 1594], [-323, -1594]]
[[1, 0], [321, 797], [-323, -797]]
[[1, 0], [321, 797], [-645, -1594]]
[[1, 0], [322, 2391], [-323, -2391]]
[[1, 0], [322, 797], [-324, -797]]
[[1, 0], [322, 797], [-647, -1594]]
[[1, 0], [323, 1594], [-325, -1594]]
[[1, 0], [323, 797], [-325, -797]]
[[1, 0], [323, 797], [-649, -1594]]
[[1, 0], [324, 797], [-326, -797]]
[[1, 0], [324, 797], [-651, -1594]]
[[1, 0], [325, 1594], [-327, -1594]]
[[1, 0], [325, 797], [-327, -797]]
[[1, 0], [325, 797], [-653, -1594]]
[[1, 0], [326, 797], [-328, -797]]
[[1, 0], [326, 797], [-655, -1594]]
[[1, 0], [327, 1594], [-329, -1594]]
[[1, 0], [327, 797], [-329, -797]]
[[1, 0], [327, 797], [-657, -1594]]
[[1, 0], [328, 2391], [-329, -2391]]
[[1, 0], [328, 797], [-330, -797]]
[[1, 0], [328, 797], [-659, -1594]]
[[1, 0], [329, 1594], [-331, -1594]]
[[1, 0], [329, 797], [-331, -797]]
[[1, 0], [329, 797], [-661, -1594]]
[[1, 0], [33, 1594], [-35, -1594]]
[[1, 0], [33, 797], [-34, -797]]
[[1, 0], [33, 797], [-35, -797]]
[[1, 0], [33, 797], [-69, -1594]]
[[1, 0], [330, 797], [-332, -797]]
[[1, 0], [330, 797], [-663, -1594]]
[[1, 0], [331, 1594], [-333, -1594]]
[[1, 0], [331, 2391], [-332, -2391]]
[[1, 0], [331, 797], [-333, -797]]
[[1, 0], [331, 797], [-665, -1594]]
[[1, 0], [332, 797], [-334, -797]]
[[1, 0], [332, 797], [-667, -1594]]
[[1, 0], [333, 1594], [-335, -1594]]
[[1, 0], [333, 797], [-335, -797]]
[[1, 0], [333, 797], [-669, -1594]]
[[1, 0], [334, 2391], [-335, -2391]]
[[1, 0], [334, 797], [-335, -797]]
[[1, 0], [334, 797], [-336, -797]]
[[1, 0], [334, 797], [-671, -1594]]
[[1, 0], [335, 1594], [-337, -1594]]
[[1, 0], [335, 797], [-337, -797]]
[[1, 0], [335, 797], [-673, -1594]]
[[1, 0], [336, 797], [-338, -797]]
[[1, 0], [336, 797], [-675, -1594]]
[[1, 0], [337, 1594], [-339, -1594]]
[[1, 0], [337, 797], [-339, -797]]
[[1, 0], [337, 797], [-677, -1594]]
[[1, 0], [338, 797], [-340, -797]]
[[1, 0], [338, 797], [-679, -1594]]
[[1, 0], [339, 1594], [-341, -1594]]
[[1, 0], [339, 797], [-341, -797]]
[[1, 0], [339, 797], [-681, -1594]]
[[1, 0], [34, 2391], [-35, -2391]]
[[1, 0], [34, 797], [-35, -797]]
[[1, 0], [34, 797], [-36, -797]]
[[1, 0], [34, 797], [-71, -1594]]
[[1, 0], [340, 797], [-342, -797]]
[[1, 0], [340, 797], [-683, -1594]]
[[1, 0], [341, 1594], [-343, -1594]]
[[1, 0], [341, 797], [-343, -797]]
[[1, 0], [341, 797], [-685, -1594]]
[[1, 0], [342, 797], [-344, -797]]
[[1, 0], [342, 797], [-687, -1594]]
[[1, 0], [343, 1594], [-345, -1594]]
[[1, 0], [343, 2391], [-344, -2391]]
[[1, 0], [343, 797], [-345, -797]]
[[1, 0], [343, 797], [-689, -1594]]
[[1, 0], [344, 797], [-346, -797]]
[[1, 0], [344, 797], [-691, -1594]]
[[1, 0], [345, 1594], [-347, -1594]]
[[1, 0], [345, 797], [-347, -797]]
[[1, 0], [345, 797], [-693, -1594]]
[[1, 0], [346, 2391], [-347, -2391]]
[[1, 0], [346, 797], [-348, -797]]
[[1, 0], [346, 797], [-695, -1594]]
[[1, 0], [347, 1594], [-349, -1594]]
[[1, 0], [347, 797], [-349, -797]]
[[1, 0], [347, 797], [-697, -1594]]
[[1, 0], [348, 797], [-350, -797]]
[[1, 0], [348, 797], [-699, -1594]]
[[1, 0], [349, 1594], [-351, -1594]]
[[1, 0], [349, 797], [-351, -797]]
[[1, 0], [349, 797], [-701, -1594]]
[[1, 0], [35, 1594], [-37, -1594]]
[[1, 0], [35, 797], [-36, -797]]
[[1, 0], [35, 797], [-37, -797]]
[[1, 0], [35, 797], [-73, -1594]]
[[1, 0], [350, 797], [-352, -797]]
[[1, 0], [350, 797], [-703, -1594]]
[[1, 0], [351, 1594], [-353, -1594]]
[[1, 0], [351, 797], [-353, -797]]
[[1, 0], [351, 797], [-705, -1594]]
[[1, 0], [352, 2391], [-353, -2391]]
[[1, 0], [352, 797], [-354, -797]]
[[1, 0], [352, 797], [-707, -1594]]
[[1, 0], [353, 1594], [-355, -1594]]
[[1, 0], [353, 797], [-355, -797]]
[[1, 0], [353, 797], [-709, -1594]]
[[1, 0], [354, 797], [-356, -797]]
[[1, 0], [354, 797], [-711, -1594]]
[[1, 0], [355, 1594], [-357, -1594]]
[[1, 0], [355, 797], [-357, -797]]
[[1, 0], [355, 797], [-713, -1594]]
[[1, 0], [356, 797], [-358, -797]]
[[1, 0], [356, 797], [-715, -1594]]
[[1, 0], [357, 1594], [-359, -1594]]
[[1, 0], [357, 797], [-359, -797]]
[[1, 0], [357, 797], [-717, -1594]]
[[1, 0], [358, 2391], [-359, -2391]]
[[1, 0], [358, 797], [-360, -797]]
[[1, 0], [358, 797], [-719, -1594]]
[[1, 0], [359, 1594], [-361, -1594]]
[[1, 0], [359, 797], [-361, -797]]
[[1, 0], [359, 797], [-721, -1594]]
[[1, 0], [36, 797], [-37, -797]]
[[1, 0], [36, 797], [-38, -797]]
[[1, 0], [36, 797], [-75, -1594]]
[[1, 0], [360, 797], [-362, -797]]
[[1, 0], [360, 797], [-723, -1594]]
[[1, 0], [361, 1594], [-363, -1594]]
[[1, 0], [361, 2391], [-362, -2391]]
[[1, 0], [361, 797], [-363, -797]]
[[1, 0], [361, 797], [-725, -1594]]
[[1, 0], [362, 797], [-364, -797]]
[[1, 0], [362, 797], [-727, -1594]]
[[1, 0], [363, 1594], [-365, -1594]]
[[1, 0], [363, 797], [-365, -797]]
[[1, 0], [363, 797], [-729, -1594]]
[[1, 0], [364, 797], [-366, -797]]
[[1, 0], [364, 797], [-731, -1594]]
[[1, 0], [365, 1594], [-367, -1594]]
[[1, 0], [365, 797], [-367, -797]]
[[1, 0], [365, 797], [-733, -1594]]
[[1, 0], [366, 797], [-368, -797]]
[[1, 0], [366, 797], [-735, -1594]]
[[1, 0], [367, 1594], [-369, -1594]]
[[1, 0], [367, 2391], [-368, -2391]]
[[1, 0], [367, 797], [-369, -797]]
[[1, 0], [367, 797], [-737, -1594]]
[[1, 0], [368, 797], [-370, -797]]
[[1, 0], [368, 797], [-739, -1594]]
[[1, 0], [369, 1594], [-371, -1594]]
[[1, 0], [369, 797], [-371, -797]]
[[1, 0], [369, 797], [-741, -1594]]
[[1, 0], [37, 1594], [-39, -1594]]
[[1, 0], [37, 2391], [-38, -2391]]
[[1, 0], [37, 797], [-39, -797]]
[[1, 0], [37, 797], [-77, -1594]]
[[1, 0], [370, 797], [-372, -797]]
[[1, 0], [370, 797], [-743, -1594]]
[[1, 0], [371, 1594], [-373, -1594]]
[[1, 0], [371, 797], [-373, -797]]
[[1, 0], [371, 797], [-745, -1594]]
[[1, 0], [372, 797], [-374, -797]]
[[1, 0], [372, 797], [-747, -1594]]
[[1, 0], [373, 1594], [-375, -1594]]
[[1, 0], [373, 797], [-375, -797]]
[[1, 0], [373, 797], [-749, -1594]]
[[1, 0], [374, 797], [-376, -797]]
[[1, 0], [374, 797], [-751, -1594]]
[[1, 0], [375, 1594], [-377, -1594]]
[[1, 0], [375, 797], [-377, -797]]
[[1, 0], [375, 797], [-753, -1594]]
[[1, 0], [376, 797], [-378, -797]]
[[1, 0], [376, 797], [-755, -1594]]
[[1, 0], [377, 1594], [-379, -1594]]
[[1, 0], [377, 797], [-379, -797]]
[[1, 0], [377, 797], [-757, -1594]]
[[1, 0], [378, 797], [-380, -797]]
[[1, 0], [378, 797], [-759, -1594]]
[[1, 0], [379, 1594], [-381, -1594]]
[[1, 0], [379, 2391], [-380, -2391]]
[[1, 0], [379, 797], [-381, -797]]
[[1, 0], [379, 797], [-761, -1594]]
[[1, 0], [38, 797], [-40, -797]]
[[1, 0], [38, 797], [-79, -1594]]
[[1, 0], [380, 797], [-382, -797]]
[[1, 0], [380, 797], [-763, -1594]]
[[1, 0], [381, 1594], [-383, -1594]]
[[1, 0], [381, 797], [-383, -797]]
[[1, 0], [381, 797], [-765, -1594]]
[[1, 0], [382, 797], [-384, -797]]
[[1, 0], [382, 797], [-767, -1594]]
[[1, 0], [383, 1594], [-385, -1594]]
[[1, 0], [383, 797], [-385, -797]]
[[1, 0], [383, 797], [-769, -1594]]
[[1, 0], [384, 797], [-386, -797]]
[[1, 0], [384, 797], [-771, -1594]]
[[1, 0], [385, 1594], [-387, -1594]]
[[1, 0], [385, 797], [-387, -797]]
[[1, 0], [385, 797], [-773, -1594]]
[[1, 0], [386, 797], [-388, -797]]
[[1, 0], [386, 797], [-775, -1594]]
[[1, 0], [387, 1594], [-389, -1594]]
[[1, 0], [387, 797], [-389, -797]]
[[1, 0], [387, 797], [-777, -1594]]
[[1, 0], [388, 2391], [-389, -2391]]
[[1, 0], [388, 797], [-390, -797]]
[[1, 0], [388, 797], [-779, -1594]]
[[1, 0], [389, 1594], [-391, -1594]]
[[1, 0], [389, 797], [-391, -797]]
[[1, 0], [389, 797], [-781, -1594]]
[[1, 0], [39, 1594], [-41, -1594]]
[[1, 0], [39, 797], [-40, -797]]
[[1, 0], [39, 797], [-41, -797]]
[[1, 0], [39, 797], [-81, -1594]]
[[1, 0], [390, 797], [-392, -797]]
[[1, 0], [390, 797], [-783, -1594]]
[[1, 0], [391, 1594], [-393, -1594]]
[[1, 0], [391, 2391], [-392, -2391]]
[[1, 0], [391, 797], [-393, -797]]
[[1, 0], [391, 797], [-785, -1594]]
[[1, 0], [392, 797], [-394, -797]]
[[1, 0], [392, 797], [-787, -1594]]
[[1, 0], [393, 1594], [-395, -1594]]
[[1, 0], [393, 797], [-395, -797]]
[[1, 0], [393, 797], [-789, -1594]]
[[1, 0], [394, 2391], [-395, -2391]]
[[1, 0], [394, 797], [-396, -797]]
[[1, 0], [394, 797], [-791, -1594]]
[[1, 0], [395, 1594], [-397, -1594]]
[[1, 0], [395, 797], [-397, -797]]
[[1, 0], [395, 797], [-793, -1594]]
[[1, 0], [396, 797], [-398, -797]]
[[1, 0], [396, 797], [-795, -1594]]
[[1, 0], [397, 1594], [-399, -1594]]
[[1, 0], [397, 797], [-399, -797]]
[[1, 0], [398, 797], [-799, -1594]]
[[1, 0], [399, 1594], [-401, -1594]]
[[1, 0], [399, 797], [-801, -1594]]
[[1, 0], [4, 797], [-11, -1594]]
[[1, 0], [4, 797], [-6, -797]]
[[1, 0], [40, 2391], [-41, -2391]]
[[1, 0], [40, 797], [-41, -797]]
[[1, 0], [40, 797], [-42, -797]]
[[1, 0], [40, 797], [-83, -1594]]
[[1, 0], [400, 2391], [-401, -2391]]
[[1, 0], [400, 797], [-803, -1594]]
[[1, 0], [401, 1594], [-403, -1594]]
[[1, 0], [401, 797], [-805, -1594]]
[[1, 0], [402, 797], [-807, -1594]]
[[1, 0], [403, 1594], [-405, -1594]]
[[1, 0], [403, 797], [-809, -1594]]
[[1, 0], [404, 797], [-811, -1594]]
[[1, 0], [405, 1594], [-407, -1594]]
[[1, 0], [405, 797], [-813, -1594]]
[[1, 0], [406, 797], [-815, -1594]]
[[1, 0], [407, 1594], [-409, -1594]]
[[1, 0], [407, 797], [-817, -1594]]
[[1, 0], [408, 797], [-819, -1594]]
[[1, 0], [409, 1594], [-411, -1594]]
[[1, 0], [409, 797], [-821, -1594]]
[[1, 0], [41, 1594], [-43, -1594]]
[[1, 0], [41, 797], [-43, -797]]
[[1, 0], [41, 797], [-85, -1594]]
[[1, 0], [410, 797], [-823, -1594]]
[[1, 0], [411, 1594], [-413, -1594]]
[[1, 0], [411, 797], [-825, -1594]]
[[1, 0], [412, 797], [-827, -1594]]
[[1, 0], [413, 1594], [-415, -1594]]
[[1, 0], [413, 797], [-829, -1594]]
[[1, 0], [414, 797], [-831, -1594]]
[[1, 0], [415, 1594], [-417, -1594]]
[[1, 0], [415, 2391], [-416, -2391]]
[[1, 0], [415, 797], [-833, -1594]]
[[1, 0], [416, 797], [-835, -1594]]
[[1, 0], [417, 1594], [-419, -1594]]
[[1, 0], [417, 797], [-837, -1594]]
[[1, 0], [418, 797], [-839, -1594]]
[[1, 0], [419, 1594], [-421, -1594]]
[[1, 0], [419, 797], [-841, -1594]]
[[1, 0], [42, 797], [-44, -797]]
[[1, 0], [42, 797], [-87, -1594]]
[[1, 0], [420, 797], [-843, -1594]]
[[1, 0], [421, 1594], [-423, -1594]]
[[1, 0], [421, 797], [-845, -1594]]
[[1, 0], [422, 797], [-847, -1594]]
[[1, 0], [423, 1594], [-425, -1594]]
[[1, 0], [423, 797], [-849, -1594]]
[[1, 0], [424, 2391], [-425, -2391]]
[[1, 0], [424, 797], [-851, -1594]]
[[1, 0], [425, 1594], [-427, -1594]]
[[1, 0], [425, 797], [-853, -1594]]
[[1, 0], [426, 797], [-855, -1594]]
[[1, 0], [427, 1594], [-429, -1594]]
[[1, 0], [427, 797], [-857, -1594]]
[[1, 0], [428, 797], [-859, -1594]]
[[1, 0], [429, 1594], [-431, -1594]]
[[1, 0], [429, 797], [-861, -1594]]
[[1, 0], [43, 1594], [-45, -1594]]
[[1, 0], [43, 2391], [-44, -2391]]
[[1, 0], [43, 797], [-44, -797]]
[[1, 0], [43, 797], [-45, -797]]
[[1, 0], [43, 797], [-89, -1594]]
[[1, 0], [430, 797], [-863, -1594]]
[[1, 0], [431, 1594], [-433, -1594]]
[[1, 0], [431, 797], [-865, -1594]]
[[1, 0], [432, 797], [-867, -1594]]
[[1, 0], [433, 1594], [-435, -1594]]
[[1, 0], [433, 2391], [-434, -2391]]
[[1, 0], [433, 797], [-869, -1594]]
[[1, 0], [434, 797], [-871, -1594]]
[[1, 0], [435, 1594], [-437, -1594]]
[[1, 0], [435, 797], [-873, -1594]]
[[1, 0], [436, 797], [-875, -1594]]
[[1, 0], [437, 1594], [-439, -1594]]
[[1, 0], [437, 797], [-877, -1594]]
[[1, 0], [438, 797], [-879, -1594]]
[[1, 0], [439, 1594], [-441, -1594]]
[[1, 0], [439, 797], [-881, -1594]]
[[1, 0], [44, 797], [-45, -797]]
[[1, 0], [44, 797], [-46, -797]]
[[1, 0], [44, 797], [-91, -1594]]
[[1, 0], [440, 797], [-883, -1594]]
[[1, 0], [441, 1594], [-443, -1594]]
[[1, 0], [441, 797], [-885, -1594]]
[[1, 0], [442, 797], [-887, -1594]]
[[1, 0], [443, 1594], [-445, -1594]]
[[1, 0], [443, 797], [-889, -1594]]
[[1, 0], [444, 797], [-891, -1594]]
[[1, 0], [445, 1594], [-447, -1594]]
[[1, 0], [445, 2391], [-446, -2391]]
[[1, 0], [445, 797], [-893, -1594]]
[[1, 0], [446, 797], [-895, -1594]]
[[1, 0], [447, 1594], [-449, -1594]]
[[1, 0], [447, 797], [-897, -1594]]
[[1, 0], [448, 2391], [-449, -2391]]
[[1, 0], [448, 797], [-899, -1594]]
[[1, 0], [449, 1594], [-451, -1594]]
[[1, 0], [449, 797], [-901, -1594]]
[[1, 0], [45, 1594], [-47, -1594]]
[[1, 0], [45, 797], [-46, -797]]
[[1, 0], [45, 797], [-47, -797]]
[[1, 0], [45, 797], [-93, -1594]]
[[1, 0], [450, 797], [-903, -1594]]
[[1, 0], [451, 1594], [-453, -1594]]
[[1, 0], [451, 797], [-905, -1594]]
[[1, 0], [452, 797], [-907, -1594]]
[[1, 0], [453, 1594], [-455, -1594]]
[[1, 0], [453, 797], [-909, -1594]]
[[1, 0], [454, 797], [-911, -1594]]
[[1, 0], [455, 1594], [-457, -1594]]
[[1, 0], [455, 797], [-913, -1594]]
[[1, 0], [456, 797], [-915, -1594]]
[[1, 0], [457, 1594], [-459, -1594]]
[[1, 0], [457, 2391], [-458, -2391]]
[[1, 0], [457, 797], [-917, -1594]]
[[1, 0], [458, 797], [-919, -1594]]
[[1, 0], [459, 1594], [-461, -1594]]
[[1, 0], [459, 797], [-921, -1594]]
[[1, 0], [46, 2391], [-47, -2391]]
[[1, 0], [46, 797], [-47, -797]]
[[1, 0], [46, 797], [-48, -797]]
[[1, 0], [46, 797], [-95, -1594]]
[[1, 0], [460, 2391], [-461, -2391]]
[[1, 0], [460, 797], [-923, -1594]]
[[1, 0], [461, 1594], [-463, -1594]]
[[1, 0], [461, 797], [-925, -1594]]
[[1, 0], [462, 797], [-927, -1594]]
[[1, 0], [463, 1594], [-465, -1594]]
[[1, 0], [463, 797], [-929, -1594]]
[[1, 0], [464, 797], [-931, -1594]]
[[1, 0], [465, 1594], [-467, -1594]]
[[1, 0], [465, 797], [-933, -1594]]
[[1, 0], [466, 797], [-935, -1594]]
[[1, 0], [467, 1594], [-469, -1594]]
[[1, 0], [467, 797], [-937, -1594]]
[[1, 0], [468, 797], [-939, -1594]]
[[1, 0], [469, 1594], [-471, -1594]]
[[1, 0], [469, 797], [-941, -1594]]
[[1, 0], [47, 1594], [-49, -1594]]
[[1, 0], [47, 797], [-48, -797]]
[[1, 0], [47, 797], [-49, -797]]
[[1, 0], [47, 797], [-97, -1594]]
[[1, 0], [470, 797], [-943, -1594]]
[[1, 0], [471, 1594], [-473, -1594]]
[[1, 0], [471, 797], [-945, -1594]]
[[1, 0], [472, 797], [-947, -1594]]
[[1, 0], [473, 1594], [-475, -1594]]
[[1, 0], [473, 797], [-949, -1594]]
[[1, 0], [474, 797], [-951, -1594]]
[[1, 0], [475, 1594], [-477, -1594]]
[[1, 0], [475, 797], [-953, -1594]]
[[1, 0], [476, 797], [-955, -1594]]
[[1, 0], [477, 1594], [-479, -1594]]
[[1, 0], [477, 797], [-957, -1594]]
[[1, 0], [478, 2391], [-479, -2391]]
[[1, 0], [478, 797], [-479, -797]]
[[1, 0], [478, 797], [-959, -1594]]
[[1, 0], [479, 1594], [-481, -1594]]
[[1, 0], [479, 797], [-961, -1594]]
[[1, 0], [48, 797], [-49, -797]]
[[1, 0], [48, 797], [-50, -797]]
[[1, 0], [48, 797], [-99, -1594]]
[[1, 0], [480, 797], [-963, -1594]]
[[1, 0], [481, 1594], [-483, -1594]]
[[1, 0], [481, 2391], [-482, -2391]]
[[1, 0], [481, 797], [-965, -1594]]
[[1, 0], [482, 797], [-967, -1594]]
[[1, 0], [483, 1594], [-485, -1594]]
[[1, 0], [483, 797], [-969, -1594]]
[[1, 0], [484, 2391], [-485, -2391]]
[[1, 0], [484, 797], [-971, -1594]]
[[1, 0], [485, 1594], [-487, -1594]]
[[1, 0], [485, 797], [-973, -1594]]
[[1, 0], [486, 797], [-975, -1594]]
[[1, 0], [487, 1594], [-489, -1594]]
[[1, 0], [487, 2391], [-488, -2391]]
[[1, 0], [487, 797], [-977, -1594]]
[[1, 0], [488, 797], [-979, -1594]]
[[1, 0], [489, 1594], [-491, -1594]]
[[1, 0], [489, 797], [-981, -1594]]
[[1, 0], [49, 1594], [-51, -1594]]
[[1, 0], [49, 2391], [-50, -2391]]
[[1, 0], [49, 797], [-101, -1594]]
[[1, 0], [49, 797], [-50, -797]]
[[1, 0], [49, 797], [-51, -797]]
[[1, 0], [490, 797], [-983, -1594]]
[[1, 0], [491, 1594], [-493, -1594]]
[[1, 0], [491, 797], [-985, -1594]]
[[1, 0], [492, 797], [-987, -1594]]
[[1, 0], [493, 1594], [-495, -1594]]
[[1, 0], [493, 797], [-989, -1594]]
[[1, 0], [494, 797], [-991, -1594]]
[[1, 0], [495, 1594], [-497, -1594]]
[[1, 0], [495, 797], [-993, -1594]]
[[1, 0], [496, 797], [-995, -1594]]
[[1, 0], [497, 1594], [-499, -1594]]
[[1, 0], [497, 797], [-997, -1594]]
[[1, 0], [498, 797], [-999, -1594]]
[[1, 0], [499, 1594], [-501, -1594]]
[[1, 0], [499, 797], [-1001, -1594]]
[[1, 0], [5, 797], [-13, -1594]]
[[1, 0], [5, 797], [-6, -797]]
[[1, 0], [50, 797], [-103, -1594]]
[[1, 0], [50, 797], [-51, -797]]
[[1, 0], [50, 797], [-52, -797]]
[[1, 0], [500, 797], [-1003, -1594]]
[[1, 0], [501, 1594], [-503, -1594]]
[[1, 0], [501, 797], [-1005, -1594]]
[[1, 0], [502, 2391], [-503, -2391]]
[[1, 0], [502, 797], [-1007, -1594]]
[[1, 0], [503, 1594], [-505, -1594]]
[[1, 0], [503, 797], [-1009, -1594]]
[[1, 0], [504, 797], [-1011, -1594]]
[[1, 0], [505, 1594], [-507, -1594]]
[[1, 0], [505, 797], [-1013, -1594]]
[[1, 0], [506, 797], [-1015, -1594]]
[[1, 0], [507, 1594], [-509, -1594]]
[[1, 0], [507, 797], [-1017, -1594]]
[[1, 0], [508, 797], [-1019, -1594]]
[[1, 0], [509, 1594], [-511, -1594]]
[[1, 0], [509, 797], [-1021, -1594]]
[[1, 0], [51, 1594], [-53, -1594]]
[[1, 0], [51, 797], [-105, -1594]]
[[1, 0], [51, 797], [-53, -797]]
[[1, 0], [510, 797], [-1023, -1594]]
[[1, 0], [511, 1594], [-513, -1594]]
[[1, 0], [511, 797], [-1025, -1594]]
[[1, 0], [512, 797], [-1027, -1594]]
[[1, 0], [513, 1594], [-515, -1594]]
[[1, 0], [513, 797], [-1029, -1594]]
[[1, 0], [514, 797], [-1031, -1594]]
[[1, 0], [515, 1594], [-517, -1594]]
[[1, 0], [515, 797], [-1033, -1594]]
[[1, 0], [516, 797], [-1035, -1594]]
[[1, 0], [517, 1594], [-519, -1594]]
[[1, 0], [517, 797], [-1037, -1594]]
[[1, 0], [518, 797], [-1039, -1594]]
[[1, 0], [519, 1594], [-521, -1594]]
[[1, 0], [519, 797], [-1041, -1594]]
[[1, 0], [52, 797], [-107, -1594]]
[[1, 0], [52, 797], [-54, -797]]
[[1, 0], [520, 797], [-1043, -1594]]
[[1, 0], [521, 1594], [-523, -1594]]
[[1, 0], [521, 797], [-1045, -1594]]
[[1, 0], [522, 797], [-1047, -1594]]
[[1, 0], [523, 1594], [-525, -1594]]
[[1, 0], [523, 797], [-1049, -1594]]
[[1, 0], [524, 797], [-1051, -1594]]
[[1, 0], [525, 1594], [-527, -1594]]
[[1, 0], [525, 797], [-1053, -1594]]
[[1, 0], [526, 797], [-1055, -1594]]
[[1, 0], [527, 1594], [-529, -1594]]
[[1, 0], [527, 797], [-1057, -1594]]
[[1, 0], [528, 797], [-1059, -1594]]
[[1, 0], [529, 1594], [-531, -1594]]
[[1, 0], [529, 2391], [-530, -2391]]
[[1, 0], [529, 797], [-1061, -1594]]
[[1, 0], [53, 1594], [-55, -1594]]
[[1, 0], [53, 797], [-109, -1594]]
[[1, 0], [53, 797], [-54, -797]]
[[1, 0], [53, 797], [-55, -797]]
[[1, 0], [530, 797], [-1063, -1594]]
[[1, 0], [531, 1594], [-533, -1594]]
[[1, 0], [531, 797], [-1065, -1594]]
[[1, 0], [532, 797], [-1067, -1594]]
[[1, 0], [533, 1594], [-535, -1594]]
[[1, 0], [533, 797], [-1069, -1594]]
[[1, 0], [534, 797], [-1071, -1594]]
[[1, 0], [535, 1594], [-537, -1594]]
[[1, 0], [535, 797], [-1073, -1594]]
[[1, 0], [536, 797], [-1075, -1594]]
[[1, 0], [537, 1594], [-539, -1594]]
[[1, 0], [537, 797], [-1077, -1594]]
[[1, 0], [538, 797], [-1079, -1594]]
[[1, 0], [539, 1594], [-541, -1594]]
[[1, 0], [539, 797], [-1081, -1594]]
[[1, 0], [54, 797], [-111, -1594]]
[[1, 0], [54, 797], [-56, -797]]
[[1, 0], [540, 797], [-1083, -1594]]
[[1, 0], [541, 1594], [-543, -1594]]
[[1, 0], [541, 2391], [-542, -2391]]
[[1, 0], [541, 797], [-1085, -1594]]
[[1, 0], [542, 797], [-1087, -1594]]
[[1, 0], [543, 1594], [-545, -1594]]
[[1, 0], [543, 797], [-1089, -1594]]
[[1, 0], [544, 797], [-1091, -1594]]
[[1, 0], [545, 1594], [-547, -1594]]
[[1, 0], [545, 797], [-1093, -1594]]
[[1, 0], [546, 797], [-1095, -1594]]
[[1, 0], [547, 1594], [-549, -1594]]
[[1, 0], [547, 797], [-1097, -1594]]
[[1, 0], [548, 797], [-1099, -1594]]
[[1, 0], [549, 1594], [-551, -1594]]
[[1, 0], [549, 797], [-1101, -1594]]
[[1, 0], [55, 1594], [-57, -1594]]
[[1, 0], [55, 2391], [-56, -2391]]
[[1, 0], [55, 797], [-113, -1594]]
[[1, 0], [55, 797], [-57, -797]]
[[1, 0], [550, 2391], [-551, -2391]]
[[1, 0], [550, 797], [-1103, -1594]]
[[1, 0], [551, 1594], [-553, -1594]]
[[1, 0], [551, 797], [-1105, -1594]]
[[1, 0], [552, 797], [-1107, -1594]]
[[1, 0], [553, 1594], [-555, -1594]]
[[1, 0], [553, 797], [-1109, -1594]]
[[1, 0], [554, 797], [-1111, -1594]]
[[1, 0], [555, 1594], [-557, -1594]]
[[1, 0], [555, 797], [-1113, -1594]]
[[1, 0], [556, 797], [-1115, -1594]]
[[1, 0], [557, 1594], [-559, -1594]]
[[1, 0], [557, 797], [-1117, -1594]]
[[1, 0], [558, 797], [-1119, -1594]]
[[1, 0], [559, 1594], [-561, -1594]]
[[1, 0], [559, 797], [-1121, -1594]]
[[1, 0], [56, 797], [-115, -1594]]
[[1, 0], [56, 797], [-58, -797]]
[[1, 0], [560, 797], [-1123, -1594]]
[[1, 0], [561, 1594], [-563, -1594]]
[[1, 0], [561, 797], [-1125, -1594]]
[[1, 0], [562, 797], [-1127, -1594]]
[[1, 0], [563, 1594], [-565, -1594]]
[[1, 0], [563, 797], [-1129, -1594]]
[[1, 0], [564, 797], [-1131, -1594]]
[[1, 0], [565, 1594], [-567, -1594]]
[[1, 0], [565, 797], [-1133, -1594]]
[[1, 0], [566, 797], [-1135, -1594]]
[[1, 0], [567, 1594], [-569, -1594]]
[[1, 0], [567, 797], [-1137, -1594]]
[[1, 0], [568, 797], [-1139, -1594]]
[[1, 0], [569, 1594], [-571, -1594]]
[[1, 0], [569, 797], [-1141, -1594]]
[[1, 0], [57, 1594], [-59, -1594]]
[[1, 0], [57, 797], [-117, -1594]]
[[1, 0], [57, 797], [-59, -797]]
[[1, 0], [570, 797], [-1143, -1594]]
[[1, 0], [571, 1594], [-573, -1594]]
[[1, 0], [571, 797], [-1145, -1594]]
[[1, 0], [572, 797], [-1147, -1594]]
[[1, 0], [573, 1594], [-575, -1594]]
[[1, 0], [573, 797], [-1149, -1594]]
[[1, 0], [574, 2391], [-575, -2391]]
[[1, 0], [574, 797], [-1151, -1594]]
[[1, 0], [575, 1594], [-577, -1594]]
[[1, 0], [575, 797], [-1153, -1594]]
[[1, 0], [576, 797], [-1155, -1594]]
[[1, 0], [577, 1594], [-579, -1594]]
[[1, 0], [577, 797], [-1157, -1594]]
[[1, 0], [578, 797], [-1159, -1594]]
[[1, 0], [579, 1594], [-581, -1594]]
[[1, 0], [579, 797], [-1161, -1594]]
[[1, 0], [58, 2391], [-59, -2391]]
[[1, 0], [58, 797], [-119, -1594]]
[[1, 0], [58, 797], [-60, -797]]
[[1, 0], [580, 797], [-1163, -1594]]
[[1, 0], [581, 1594], [-583, -1594]]
[[1, 0], [581, 797], [-1165, -1594]]
[[1, 0], [582, 797], [-1167, -1594]]
[[1, 0], [583, 1594], [-585, -1594]]
[[1, 0], [583, 2391], [-584, -2391]]
[[1, 0], [583, 797], [-1169, -1594]]
[[1, 0], [584, 797], [-1171, -1594]]
[[1, 0], [585, 1594], [-587, -1594]]
[[1, 0], [585, 797], [-1173, -1594]]
[[1, 0], [586, 2391], [-587, -2391]]
[[1, 0], [586, 797], [-1175, -1594]]
[[1, 0], [587, 1594], [-589, -1594]]
[[1, 0], [587, 797], [-1177, -1594]]
[[1, 0], [588, 797], [-1179, -1594]]
[[1, 0], [589, 1594], [-591, -1594]]
[[1, 0], [589, 797], [-1181, -1594]]
[[1, 0], [59, 1594], [-61, -1594]]
[[1, 0], [59, 797], [-121, -1594]]
[[1, 0], [59, 797], [-61, -797]]
[[1, 0], [590, 797], [-1183, -1594]]
[[1, 0], [591, 1594], [-593, -1594]]
[[1, 0], [591, 797], [-1185, -1594]]
[[1, 0], [592, 797], [-1187, -1594]]
[[1, 0], [593, 1594], [-595, -1594]]
[[1, 0], [593, 797], [-1189, -1594]]
[[1, 0], [594, 797], [-1191, -1594]]
[[1, 0], [595, 1594], [-597, -1594]]
[[1, 0], [595, 797], [-1193, -1594]]
[[1, 0], [596, 797], [-1195, -1594]]
[[1, 0], [597, 1594], [-599, -1594]]
[[1, 0], [597, 797], [-1197, -1594]]
[[1, 0], [598, 797], [-1199, -1594]]
[[1, 0], [599, 1594], [-601, -1594]]
[[1, 0], [599, 797], [-1201, -1594]]
[[1, 0], [6, 797], [-15, -1594]]
[[1, 0], [6, 797], [-7, -797]]
[[1, 0], [6, 797], [-8, -797]]
[[1, 0], [60, 797], [-123, -1594]]
[[1, 0], [60, 797], [-61, -797]]
[[1, 0], [60, 797], [-62, -797]]
[[1, 0], [600, 797], [-1203, -1594]]
[[1, 0], [601, 1594], [-603, -1594]]
[[1, 0], [601, 2391], [-602, -2391]]
[[1, 0], [601, 797], [-1205, -1594]]
[[1, 0], [602, 797], [-1207, -1594]]
[[1, 0], [603, 1594], [-605, -1594]]
[[1, 0], [603, 797], [-1209, -1594]]
[[1, 0], [604, 797], [-1211, -1594]]
[[1, 0], [605, 1594], [-607, -1594]]
[[1, 0], [605, 797], [-1213, -1594]]
[[1, 0], [606, 797], [-1215, -1594]]
[[1, 0], [607, 1594], [-609, -1594]]
[[1, 0], [607, 797], [-1217, -1594]]
[[1, 0], [608, 797], [-1219, -1594]]
[[1, 0], [609, 1594], [-611, -1594]]
[[1, 0], [609, 797], [-1221, -1594]]
[[1, 0], [61, 1594], [-63, -1594]]
[[1, 0], [61, 2391], [-62, -2391]]
[[1, 0], [61, 797], [-125, -1594]]
[[1, 0], [61, 797], [-62, -797]]
[[1, 0], [61, 797], [-63, -797]]
[[1, 0], [610, 2391], [-611, -2391]]
[[1, 0], [610, 797], [-1223, -1594]]
[[1, 0], [611, 1594], [-613, -1594]]
[[1, 0], [611, 797], [-1225, -1594]]
[[1, 0], [612, 797], [-1227, -1594]]
[[1, 0], [613, 1594], [-615, -1594]]
[[1, 0], [613, 797], [-1229, -1594]]
[[1, 0], [614, 797], [-1231, -1594]]
[[1, 0], [615, 1594], [-617, -1594]]
[[1, 0], [615, 797], [-1233, -1594]]
[[1, 0], [616, 797], [-1235, -1594]]
[[1, 0], [617, 1594], [-619, -1594]]
[[1, 0], [617, 797], [-1237, -1594]]
[[1, 0], [618, 797], [-1239, -1594]]
[[1, 0], [619, 1594], [-621, -1594]]
[[1, 0], [619, 2391], [-620, -2391]]
[[1, 0], [619, 797], [-1241, -1594]]
[[1, 0], [62, 797], [-127, -1594]]
[[1, 0], [62, 797], [-63, -797]]
[[1, 0], [62, 797], [-64, -797]]
[[1, 0], [620, 797], [-1243, -1594]]
[[1, 0], [621, 1594], [-623, -1594]]
[[1, 0], [621, 797], [-1245, -1594]]
[[1, 0], [622, 797], [-1247, -1594]]
[[1, 0], [623, 1594], [-625, -1594]]
[[1, 0], [623, 797], [-1249, -1594]]
[[1, 0], [624, 797], [-1251, -1594]]
[[1, 0], [625, 1594], [-627, -1594]]
[[1, 0], [625, 797], [-1253, -1594]]
[[1, 0], [626, 797], [-1255, -1594]]
[[1, 0], [627, 1594], [-629, -1594]]
[[1, 0], [627, 797], [-1257, -1594]]
[[1, 0], [628, 797], [-1259, -1594]]
[[1, 0], [629, 1594], [-631, -1594]]
[[1, 0], [629, 797], [-1261, -1594]]
[[1, 0], [63, 1594], [-65, -1594]]
[[1, 0], [63, 797], [-129, -1594]]
[[1, 0], [63, 797], [-64, -797]]
[[1, 0], [63, 797], [-65, -797]]
[[1, 0], [630, 797], [-1263, -1594]]
[[1, 0], [631, 1594], [-633, -1594]]
[[1, 0], [631, 797], [-1265, -1594]]
[[1, 0], [632, 797], [-1267, -1594]]
[[1, 0], [633, 1594], [-635, -1594]]
[[1, 0], [633, 797], [-1269, -1594]]
[[1, 0], [634, 2391], [-635, -2391]]
[[1, 0], [634, 797], [-1271, -1594]]
[[1, 0], [635, 1594], [-637, -1594]]
[[1, 0], [635, 797], [-1273, -1594]]
[[1, 0], [636, 797], [-1275, -1594]]
[[1, 0], [637, 1594], [-639, -1594]]
[[1, 0], [637, 797], [-1277, -1594]]
[[1, 0], [638, 797], [-1279, -1594]]
[[1, 0], [639, 1594], [-641, -1594]]
[[1, 0], [639, 797], [-1281, -1594]]
[[1, 0], [64, 2391], [-65, -2391]]
[[1, 0], [64, 797], [-131, -1594]]
[[1, 0], [64, 797], [-65, -797]]
[[1, 0], [64, 797], [-66, -797]]
[[1, 0], [640, 2391], [-641, -2391]]
[[1, 0], [640, 797], [-1283, -1594]]
[[1, 0], [641, 1594], [-643, -1594]]
[[1, 0], [641, 797], [-1285, -1594]]
[[1, 0], [642, 797], [-1287, -1594]]
[[1, 0], [643, 1594], [-645, -1594]]
[[1, 0], [643, 797], [-1289, -1594]]
[[1, 0], [644, 797], [-1291, -1594]]
[[1, 0], [645, 1594], [-647, -1594]]
[[1, 0], [645, 797], [-1293, -1594]]
[[1, 0], [646, 2391], [-647, -2391]]
[[1, 0], [646, 797], [-1295, -1594]]
[[1, 0], [647, 1594], [-649, -1594]]
[[1, 0], [647, 797], [-1297, -1594]]
[[1, 0], [648, 797], [-1299, -1594]]
[[1, 0], [649, 1594], [-651, -1594]]
[[1, 0], [649, 797], [-1301, -1594]]
[[1, 0], [65, 1594], [-67, -1594]]
[[1, 0], [65, 797], [-133, -1594]]
[[1, 0], [65, 797], [-66, -797]]
[[1, 0], [65, 797], [-67, -797]]
[[1, 0], [650, 797], [-1303, -1594]]
[[1, 0], [651, 1594], [-653, -1594]]
[[1, 0], [651, 797], [-1305, -1594]]
[[1, 0], [652, 797], [-1307, -1594]]
[[1, 0], [653, 1594], [-655, -1594]]
[[1, 0], [653, 797], [-1309, -1594]]
[[1, 0], [654, 797], [-1311, -1594]]
[[1, 0], [655, 1594], [-657, -1594]]
[[1, 0], [655, 2391], [-656, -2391]]
[[1, 0], [655, 797], [-1313, -1594]]
[[1, 0], [656, 797], [-1315, -1594]]
[[1, 0], [657, 1594], [-659, -1594]]
[[1, 0], [657, 797], [-1317, -1594]]
[[1, 0], [658, 797], [-1319, -1594]]
[[1, 0], [659, 1594], [-661, -1594]]
[[1, 0], [659, 797], [-1321, -1594]]
[[1, 0], [66, 797], [-135, -1594]]
[[1, 0], [66, 797], [-67, -797]]
[[1, 0], [66, 797], [-68, -797]]
[[1, 0], [660, 797], [-1323, -1594]]
[[1, 0], [661, 1594], [-663, -1594]]
[[1, 0], [661, 797], [-1325, -1594]]
[[1, 0], [662, 797], [-1327, -1594]]
[[1, 0], [663, 1594], [-665, -1594]]
[[1, 0], [663, 797], [-1329, -1594]]
[[1, 0], [664, 797], [-1331, -1594]]
[[1, 0], [665, 1594], [-667, -1594]]
[[1, 0], [665, 797], [-1333, -1594]]
[[1, 0], [666, 797], [-1335, -1594]]
[[1, 0], [667, 1594], [-669, -1594]]
[[1, 0], [667, 797], [-1337, -1594]]
[[1, 0], [668, 797], [-1339, -1594]]
[[1, 0], [669, 1594], [-671, -1594]]
[[1, 0], [669, 797], [-1341, -1594]]
[[1, 0], [67, 1594], [-69, -1594]]
[[1, 0], [67, 2391], [-68, -2391]]
[[1, 0], [67, 797], [-137, -1594]]
[[1, 0], [67, 797], [-68, -797]]
[[1, 0], [67, 797], [-69, -797]]
[[1, 0], [670, 797], [-1343, -1594]]
[[1, 0], [671, 1594], [-673, -1594]]
[[1, 0], [671, 797], [-1345, -1594]]
[[1, 0], [672, 797], [-1347, -1594]]
[[1, 0], [673, 1594], [-675, -1594]]
[[1, 0], [673, 797], [-1349, -1594]]
[[1, 0], [674, 797], [-1351, -1594]]
[[1, 0], [675, 1594], [-677, -1594]]
[[1, 0], [675, 797], [-1353, -1594]]
[[1, 0], [676, 797], [-1355, -1594]]
[[1, 0], [677, 1594], [-679, -1594]]
[[1, 0], [677, 797], [-1357, -1594]]
[[1, 0], [678, 797], [-1359, -1594]]
[[1, 0], [679, 1594], [-681, -1594]]
[[1, 0], [679, 797], [-1361, -1594]]
[[1, 0], [68, 797], [-139, -1594]]
[[1, 0], [68, 797], [-69, -797]]
[[1, 0], [68, 797], [-70, -797]]
[[1, 0], [680, 797], [-1363, -1594]]
[[1, 0], [681, 1594], [-683, -1594]]
[[1, 0], [681, 797], [-1365, -1594]]
[[1, 0], [682, 797], [-1367, -1594]]
[[1, 0], [683, 1594], [-685, -1594]]
[[1, 0], [683, 797], [-1369, -1594]]
[[1, 0], [684, 797], [-1371, -1594]]
[[1, 0], [685, 1594], [-687, -1594]]
[[1, 0], [685, 797], [-1373, -1594]]
[[1, 0], [686, 797], [-1375, -1594]]
[[1, 0], [687, 1594], [-689, -1594]]
[[1, 0], [687, 797], [-1377, -1594]]
[[1, 0], [688, 797], [-1379, -1594]]
[[1, 0], [689, 1594], [-691, -1594]]
[[1, 0], [689, 797], [-1381, -1594]]
[[1, 0], [69, 1594], [-71, -1594]]
[[1, 0], [69, 797], [-141, -1594]]
[[1, 0], [69, 797], [-70, -797]]
[[1, 0], [69, 797], [-71, -797]]
[[1, 0], [690, 797], [-1383, -1594]]
[[1, 0], [691, 1594], [-693, -1594]]
[[1, 0], [691, 2391], [-692, -2391]]
[[1, 0], [691, 797], [-1385, -1594]]
[[1, 0], [692, 797], [-1387, -1594]]
[[1, 0], [693, 1594], [-695, -1594]]
[[1, 0], [693, 797], [-1389, -1594]]
[[1, 0], [694, 797], [-1391, -1594]]
[[1, 0], [695, 1594], [-697, -1594]]
[[1, 0], [695, 797], [-1393, -1594]]
[[1, 0], [696, 797], [-1395, -1594]]
[[1, 0], [697, 1594], [-699, -1594]]
[[1, 0], [697, 797], [-1397, -1594]]
[[1, 0], [698, 797], [-1399, -1594]]
[[1, 0], [699, 1594], [-701, -1594]]
[[1, 0], [699, 797], [-1401, -1594]]
[[1, 0], [7, 1594], [-9, -1594]]
[[1, 0], [7, 2391], [-8, -2391]]
[[1, 0], [7, 797], [-17, -1594]]
[[1, 0], [7, 797], [-8, -797]]
[[1, 0], [7, 797], [-9, -797]]
[[1, 0], [70, 2391], [-71, -2391]]
[[1, 0], [70, 797], [-143, -1594]]
[[1, 0], [70, 797], [-71, -797]]
[[1, 0], [70, 797], [-72, -797]]
[[1, 0], [700, 797], [-1403, -1594]]
[[1, 0], [701, 1594], [-703, -1594]]
[[1, 0], [701, 797], [-1405, -1594]]
[[1, 0], [702, 797], [-1407, -1594]]
[[1, 0], [703, 1594], [-705, -1594]]
[[1, 0], [703, 797], [-1409, -1594]]
[[1, 0], [704, 797], [-1411, -1594]]
[[1, 0], [705, 1594], [-707, -1594]]
[[1, 0], [705, 797], [-1413, -1594]]
[[1, 0], [706, 797], [-1415, -1594]]
[[1, 0], [707, 1594], [-709, -1594]]
[[1, 0], [707, 797], [-1417, -1594]]
[[1, 0], [708, 797], [-1419, -1594]]
[[1, 0], [709, 1594], [-711, -1594]]
[[1, 0], [709, 797], [-1421, -1594]]
[[1, 0], [71, 1594], [-73, -1594]]
[[1, 0], [71, 797], [-145, -1594]]
[[1, 0], [71, 797], [-72, -797]]
[[1, 0], [71, 797], [-73, -797]]
[[1, 0], [710, 797], [-1423, -1594]]
[[1, 0], [711, 1594], [-713, -1594]]
[[1, 0], [711, 797], [-1425, -1594]]
[[1, 0], [712, 797], [-1427, -1594]]
[[1, 0], [713, 1594], [-715, -1594]]
[[1, 0], [713, 797], [-1429, -1594]]
[[1, 0], [714, 797], [-1431, -1594]]
[[1, 0], [715, 1594], [-717, -1594]]
[[1, 0], [715, 797], [-1433, -1594]]
[[1, 0], [716, 797], [-1435, -1594]]
[[1, 0], [717, 1594], [-719, -1594]]
[[1, 0], [717, 797], [-1437, -1594]]
[[1, 0], [718, 797], [-1439, -1594]]
[[1, 0], [719, 1594], [-721, -1594]]
[[1, 0], [719, 797], [-1441, -1594]]
[[1, 0], [72, 797], [-147, -1594]]
[[1, 0], [72, 797], [-73, -797]]
[[1, 0], [72, 797], [-74, -797]]
[[1, 0], [720, 797], [-1443, -1594]]
[[1, 0], [721, 1594], [-723, -1594]]
[[1, 0], [721, 797], [-1445, -1594]]
[[1, 0], [722, 797], [-1447, -1594]]
[[1, 0], [723, 1594], [-725, -1594]]
[[1, 0], [723, 797], [-1449, -1594]]
[[1, 0], [724, 2391], [-725, -2391]]
[[1, 0], [724, 797], [-1451, -1594]]
[[1, 0], [725, 1594], [-727, -1594]]
[[1, 0], [725, 797], [-1453, -1594]]
[[1, 0], [726, 797], [-1455, -1594]]
[[1, 0], [727, 1594], [-729, -1594]]
[[1, 0], [727, 797], [-1457, -1594]]
[[1, 0], [728, 797], [-1459, -1594]]
[[1, 0], [729, 1594], [-731, -1594]]
[[1, 0], [729, 797], [-1461, -1594]]
[[1, 0], [73, 1594], [-75, -1594]]
[[1, 0], [73, 2391], [-74, -2391]]
[[1, 0], [73, 797], [-149, -1594]]
[[1, 0], [73, 797], [-74, -797]]
[[1, 0], [73, 797], [-75, -797]]
[[1, 0], [730, 797], [-1463, -1594]]
[[1, 0], [731, 1594], [-733, -1594]]
[[1, 0], [731, 797], [-1465, -1594]]
[[1, 0], [732, 797], [-1467, -1594]]
[[1, 0], [733, 1594], [-735, -1594]]
[[1, 0], [733, 797], [-1469, -1594]]
[[1, 0], [734, 797], [-1471, -1594]]
[[1, 0], [735, 1594], [-737, -1594]]
[[1, 0], [735, 797], [-1473, -1594]]
[[1, 0], [736, 797], [-1475, -1594]]
[[1, 0], [737, 1594], [-739, -1594]]
[[1, 0], [737, 797], [-1477, -1594]]
[[1, 0], [738, 797], [-1479, -1594]]
[[1, 0], [739, 1594], [-741, -1594]]
[[1, 0], [739, 2391], [-740, -2391]]
[[1, 0], [739, 797], [-1481, -1594]]
[[1, 0], [74, 797], [-151, -1594]]
[[1, 0], [74, 797], [-75, -797]]
[[1, 0], [74, 797], [-76, -797]]
[[1, 0], [740, 797], [-1483, -1594]]
[[1, 0], [741, 1594], [-743, -1594]]
[[1, 0], [741, 797], [-1485, -1594]]
[[1, 0], [742, 797], [-1487, -1594]]
[[1, 0], [743, 1594], [-745, -1594]]
[[1, 0], [743, 797], [-1489, -1594]]
[[1, 0], [744, 797], [-1491, -1594]]
[[1, 0], [745, 1594], [-747, -1594]]
[[1, 0], [745, 797], [-1493, -1594]]
[[1, 0], [746, 797], [-1495, -1594]]
[[1, 0], [747, 1594], [-749, -1594]]
[[1, 0], [747, 797], [-1497, -1594]]
[[1, 0], [748, 797], [-1499, -1594]]
[[1, 0], [749, 1594], [-751, -1594]]
[[1, 0], [749, 797], [-1501, -1594]]
[[1, 0], [75, 1594], [-77, -1594]]
[[1, 0], [75, 797], [-153, -1594]]
[[1, 0], [75, 797], [-76, -797]]
[[1, 0], [75, 797], [-77, -797]]
[[1, 0], [750, 797], [-1503, -1594]]
[[1, 0], [751, 1594], [-753, -1594]]
[[1, 0], [751, 797], [-1505, -1594]]
[[1, 0], [752, 797], [-1507, -1594]]
[[1, 0], [753, 1594], [-755, -1594]]
[[1, 0], [753, 797], [-1509, -1594]]
[[1, 0], [754, 797], [-1511, -1594]]
[[1, 0], [755, 1594], [-757, -1594]]
[[1, 0], [755, 797], [-1513, -1594]]
[[1, 0], [756, 797], [-1515, -1594]]
[[1, 0], [757, 1594], [-759, -1594]]
[[1, 0], [757, 797], [-1517, -1594]]
[[1, 0], [758, 797], [-1519, -1594]]
[[1, 0], [759, 1594], [-761, -1594]]
[[1, 0], [759, 797], [-1521, -1594]]
[[1, 0], [76, 2391], [-77, -2391]]
[[1, 0], [76, 797], [-155, -1594]]
[[1, 0], [76, 797], [-77, -797]]
[[1, 0], [76, 797], [-78, -797]]
[[1, 0], [760, 797], [-1523, -1594]]
[[1, 0], [761, 1594], [-763, -1594]]
[[1, 0], [761, 797], [-1525, -1594]]
[[1, 0], [762, 797], [-1527, -1594]]
[[1, 0], [763, 1594], [-765, -1594]]
[[1, 0], [763, 797], [-1529, -1594]]
[[1, 0], [764, 797], [-1531, -1594]]
[[1, 0], [765, 1594], [-767, -1594]]
[[1, 0], [765, 797], [-1533, -1594]]
[[1, 0], [766, 797], [-1535, -1594]]
[[1, 0], [767, 1594], [-769, -1594]]
[[1, 0], [767, 797], [-1537, -1594]]
[[1, 0], [768, 797], [-1539, -1594]]
[[1, 0], [769, 1594], [-771, -1594]]
[[1, 0], [769, 797], [-1541, -1594]]
[[1, 0], [77, 1594], [-79, -1594]]
[[1, 0], [77, 797], [-157, -1594]]
[[1, 0], [77, 797], [-78, -797]]
[[1, 0], [77, 797], [-79, -797]]
[[1, 0], [770, 797], [-1543, -1594]]
[[1, 0], [771, 1594], [-773, -1594]]
[[1, 0], [771, 797], [-1545, -1594]]
[[1, 0], [772, 797], [-1547, -1594]]
[[1, 0], [773, 1594], [-775, -1594]]
[[1, 0], [773, 797], [-1549, -1594]]
[[1, 0], [774, 797], [-1551, -1594]]
[[1, 0], [775, 1594], [-777, -1594]]
[[1, 0], [775, 2391], [-776, -2391]]
[[1, 0], [775, 797], [-1553, -1594]]
[[1, 0], [776, 797], [-1555, -1594]]
[[1, 0], [777, 1594], [-779, -1594]]
[[1, 0], [777, 797], [-1557, -1594]]
[[1, 0], [778, 797], [-1559, -1594]]
[[1, 0], [779, 1594], [-781, -1594]]
[[1, 0], [779, 797], [-1561, -1594]]
[[1, 0], [78, 797], [-159, -1594]]
[[1, 0], [78, 797], [-79, -797]]
[[1, 0], [78, 797], [-80, -797]]
[[1, 0], [780, 797], [-1563, -1594]]
[[1, 0], [781, 1594], [-783, -1594]]
[[1, 0], [781, 797], [-1565, -1594]]
[[1, 0], [782, 797], [-1567, -1594]]
[[1, 0], [783, 1594], [-785, -1594]]
[[1, 0], [783, 797], [-1569, -1594]]
[[1, 0], [784, 797], [-1571, -1594]]
[[1, 0], [785, 1594], [-787, -1594]]
[[1, 0], [785, 797], [-1573, -1594]]
[[1, 0], [786, 797], [-1575, -1594]]
[[1, 0], [787, 1594], [-789, -1594]]
[[1, 0], [787, 2391], [-788, -2391]]
[[1, 0], [787, 797], [-1577, -1594]]
[[1, 0], [788, 797], [-1579, -1594]]
[[1, 0], [789, 1594], [-791, -1594]]
[[1, 0], [789, 797], [-1581, -1594]]
[[1, 0], [79, 1594], [-81, -1594]]
[[1, 0], [79, 2391], [-80, -2391]]
[[1, 0], [79, 797], [-161, -1594]]
[[1, 0], [79, 797], [-80, -797]]
[[1, 0], [79, 797], [-81, -797]]
[[1, 0], [790, 797], [-1583, -1594]]
[[1, 0], [790, 797], [-792, -797]]
[[1, 0], [791, 1594], [-793, -1594]]
[[1, 0], [791, 797], [-1585, -1594]]
[[1, 0], [792, 797], [-1587, -1594]]
[[1, 0], [793, 1594], [-795, -1594]]
[[1, 0], [793, 797], [-1589, -1594]]
[[1, 0], [794, 797], [-1591, -1594]]
[[1, 0], [795, 797], [-1593, -1594]]
[[1, 0], [796, 797], [-1595, -1594]]
[[1, 0], [796, 797], [-798, -797]]
[[1, 0], [8, 797], [-10, -797]]
[[1, 0], [8, 797], [-19, -1594]]
[[1, 0], [8, 797], [-9, -797]]
[[1, 0], [80, 797], [-163, -1594]]
[[1, 0], [80, 797], [-81, -797]]
[[1, 0], [80, 797], [-82, -797]]
[[1, 0], [81, 1594], [-83, -1594]]
[[1, 0], [81, 797], [-165, -1594]]
[[1, 0], [81, 797], [-82, -797]]
[[1, 0], [81, 797], [-83, -797]]
[[1, 0], [82, 2391], [-83, -2391]]
[[1, 0], [82, 797], [-167, -1594]]
[[1, 0], [82, 797], [-84, -797]]
[[1, 0], [823, 2391], [-824, -2391]]
[[1, 0], [83, 1594], [-85, -1594]]
[[1, 0], [83, 797], [-169, -1594]]
[[1, 0], [83, 797], [-85, -797]]
[[1, 0], [84, 797], [-171, -1594]]
[[1, 0], [84, 797], [-86, -797]]
[[1, 0], [844, 2391], [-845, -2391]]
[[1, 0], [85, 1594], [-87, -1594]]
[[1, 0], [85, 2391], [-86, -2391]]
[[1, 0], [85, 797], [-173, -1594]]
[[1, 0], [85, 797], [-87, -797]]
[[1, 0], [86, 797], [-175, -1594]]
[[1, 0], [86, 797], [-87, -797]]
[[1, 0], [86, 797], [-88, -797]]
[[1, 0], [87, 1594], [-89, -1594]]
[[1, 0], [87, 797], [-177, -1594]]
[[1, 0], [87, 797], [-88, -797]]
[[1, 0], [87, 797], [-89, -797]]
[[1, 0], [877, 2391], [-878, -2391]]
[[1, 0], [88, 2391], [-89, -2391]]
[[1, 0], [88, 797], [-179, -1594]]
[[1, 0], [88, 797], [-89, -797]]
[[1, 0], [88, 797], [-90, -797]]
[[1, 0], [89, 1594], [-91, -1594]]
[[1, 0], [89, 797], [-181, -1594]]
[[1, 0], [89, 797], [-91, -797]]
[[1, 0], [895, 2391], [-896, -2391]]
[[1, 0], [9, 1594], [-11, -1594]]
[[1, 0], [9, 797], [-10, -797]]
[[1, 0], [9, 797], [-11, -797]]
[[1, 0], [9, 797], [-21, -1594]]
[[1, 0], [90, 797], [-183, -1594]]
[[1, 0], [90, 797], [-92, -797]]
[[1, 0], [907, 2391], [-908, -2391]]
[[1, 0], [91, 1594], [-93, -1594]]
[[1, 0], [91, 797], [-185, -1594]]
[[1, 0], [91, 797], [-93, -797]]
[[1, 0], [92, 797], [-187, -1594]]
[[1, 0], [92, 797], [-94, -797]]
[[1, 0], [93, 1594], [-95, -1594]]
[[1, 0], [93, 797], [-189, -1594]]
[[1, 0], [93, 797], [-95, -797]]
[[1, 0], [94, 2391], [-95, -2391]]
[[1, 0], [94, 797], [-191, -1594]]
[[1, 0], [94, 797], [-95, -797]]
[[1, 0], [94, 797], [-96, -797]]
[[1, 0], [95, 1594], [-97, -1594]]
[[1, 0], [95, 797], [-193, -1594]]
[[1, 0], [95, 797], [-96, -797]]
[[1, 0], [95, 797], [-97, -797]]
[[1, 0], [955, 2391], [-956, -2391]]
[[1, 0], [96, 797], [-195, -1594]]
[[1, 0], [96, 797], [-97, -797]]
[[1, 0], [96, 797], [-98, -797]]
[[1, 0], [97, 1594], [-99, -1594]]
[[1, 0], [97, 2391], [-98, -2391]]
[[1, 0], [97, 797], [-197, -1594]]
[[1, 0], [97, 797], [-98, -797]]
[[1, 0], [97, 797], [-99, -797]]
[[1, 0], [98, 797], [-100, -797]]
[[1, 0], [98, 797], [-199, -1594]]
[[1, 0], [98, 797], [-99, -797]]
[[1, 0], [99, 1594], [-101, -1594]]
[[1, 0], [99, 797], [-100, -797]]
[[1, 0], [99, 797], [-101, -797]]
[[1, 0], [99, 797], [-201, -1594]]
